bin1 bin2 count p_value
6 3083 21 9.405411673799986e-35
6 4508 7 3.5973503033512254e-09
7 3083 16 6.5966656565904125e-25
8 3083 17 7.956577249129573e-27
9 3083 35 5.547740070644358e-65
9 4998 32 3.127738906448797e-58
10 3083 30 8.324715095476261e-54
11 3083 21 9.405411673799986e-35
12 2882 8 9.534908620493048e-11
12 3083 26 3.7445243454696145e-45
13 3083 19 9.664558876688442e-31
14 3083 23 7.473981759515628e-39
15 3083 10 4.7155610745778346e-14
16 3083 12 1.5672673768657898e-17
17 3083 13 2.5109602761949934e-19
18 3083 12 1.5672673768657898e-17
19 3083 17 7.956577249129573e-27
19 3235 10 4.7155610745778346e-14
20 3083 10 4.7155610745778346e-14
21 3083 19 9.664558876688442e-31
22 3083 16 6.5966656565904125e-25
24 3083 13 2.5109602761949934e-19
25 3083 21 9.405411673799986e-35
26 3083 8 9.534908620493048e-11
27 3083 17 7.956577249129573e-27
28 3083 16 6.5966656565904125e-25
29 1399 7 3.5973503033512254e-09
29 3083 11 8.995790762711934e-16
30 3083 12 1.5672673768657898e-17
31 3083 11 8.995790762711934e-16
32 3083 13 2.5109602761949934e-19
33 1712 16 6.5966656565904125e-25
33 1713 9 2.2390407797966598e-12
33 3083 11 8.995790762711934e-16
34 3083 20 9.789479204911295e-33
35 3083 7 3.5973503033512254e-09
36 3083 13 2.5109602761949934e-19
37 3083 11 8.995790762711934e-16
37 3672 8 9.534908620493048e-11
38 3083 10 4.7155610745778346e-14
41 2823 8 9.534908620493048e-11
41 3083 12 1.5672673768657898e-17
42 3083 13 2.5109602761949934e-19
43 2375 13 2.5109602761949934e-19
44 3083 7 3.5973503033512254e-09
45 3083 7 3.5973503033512254e-09
46 3083 7 3.5973503033512254e-09
48 3083 15 5.1270950428084645e-23
49 3074 7 3.5973503033512254e-09
51 3083 7 3.5973503033512254e-09
53 3083 9 2.2390407797966598e-12
54 3083 7 3.5973503033512254e-09
56 3083 8 9.534908620493048e-11
57 3083 10 4.7155610745778346e-14
62 3083 7 3.5973503033512254e-09
66 3083 7 3.5973503033512254e-09
68 3083 7 3.5973503033512254e-09
70 3083 7 3.5973503033512254e-09
73 3083 8 9.534908620493048e-11
74 3849 7 3.5973503033512254e-09
76 3083 8 9.534908620493048e-11
79 3083 7 3.5973503033512254e-09
80 3083 10 4.7155610745778346e-14
81 3083 7 3.5973503033512254e-09
85 3083 7 3.5973503033512254e-09
86 3083 8 9.534908620493048e-11
87 3083 9 2.2390407797966598e-12
88 3083 8 9.534908620493048e-11
97 3139 9 2.2390407797966598e-12
99 911 7 3.5973503033512254e-09
101 3083 8 9.534908620493048e-11
103 3083 8 9.534908620493048e-11
105 3083 7 3.5973503033512254e-09
107 1906 7 3.5973503033512254e-09
110 3083 8 9.534908620493048e-11
111 4918 43 1.3822826367922606e-83
113 3881 8 9.534908620493048e-11
116 3083 7 3.5973503033512254e-09
117 930 9 2.2390407797966598e-12
117 3083 8 9.534908620493048e-11
117 4187 7 3.5973503033512254e-09
119 1864 7 3.5973503033512254e-09
119 3083 7 3.5973503033512254e-09
121 1208 9 2.2390407797966598e-12
122 3083 8 9.534908620493048e-11
124 4928 7 3.5973503033512254e-09
129 724 7 3.5973503033512254e-09
130 2546 20 9.789479204911295e-33
130 3083 7 3.5973503033512254e-09
130 3833 7 3.5973503033512254e-09
132 2703 7 3.5973503033512254e-09
132 2704 15 5.1270950428084645e-23
135 4651 7 3.5973503033512254e-09
149 3878 8 9.534908620493048e-11
160 4661 11 8.995790762711934e-16
168 584 7 3.5973503033512254e-09
168 585 13 2.5109602761949934e-19
169 4872 10 4.7155610745778346e-14
179 871 16 6.5966656565904125e-25
180 401 20 9.789479204911295e-33
180 402 7 3.5973503033512254e-09
180 424 7 3.5973503033512254e-09
180 1085 11 8.995790762711934e-16
180 1086 11 8.995790762711934e-16
180 1087 12 1.5672673768657898e-17
180 1088 10 4.7155610745778346e-14
180 3083 58 1.8287527484833236e-120
186 1127 13 2.5109602761949934e-19
196 2255 10 4.7155610745778346e-14
210 703 7 3.5973503033512254e-09
221 2137 8 9.534908620493048e-11
222 1929 31 5.195521493926106e-56
223 1929 9 2.2390407797966598e-12
233 4291 17 7.956577249129573e-27
255 1747 8 9.534908620493048e-11
260 1213 10 4.7155610745778346e-14
270 3069 13 2.5109602761949934e-19
271 3069 11 8.995790762711934e-16
271 3249 7 3.5973503033512254e-09
272 1995 7 3.5973503033512254e-09
273 2397 37 1.486162636526865e-69
274 2052 10 4.7155610745778346e-14
274 2397 11 8.995790762711934e-16
276 1946 7 3.5973503033512254e-09
277 660 10 4.7155610745778346e-14
277 3560 11 8.995790762711934e-16
277 3561 23 7.473981759515628e-39
287 2829 9 2.2390407797966598e-12
295 912 8 9.534908620493048e-11
299 1159 9 2.2390407797966598e-12
304 3911 24 6.205957748445652e-41
308 2611 8 9.534908620493048e-11
309 2611 17 7.956577249129573e-27
310 3071 10 4.7155610745778346e-14
310 4516 9 2.2390407797966598e-12
311 534 7 3.5973503033512254e-09
318 1973 12 1.5672673768657898e-17
318 3218 20 9.789479204911295e-33
326 1420 8 9.534908620493048e-11
327 2176 9 2.2390407797966598e-12
328 3139 16 6.5966656565904125e-25
337 1126 7 3.5973503033512254e-09
343 4113 9 2.2390407797966598e-12
347 3069 16 6.5966656565904125e-25
347 4339 14 3.721193340550886e-21
349 994 8 9.534908620493048e-11
359 2377 14 3.721193340550886e-21
365 1064 15 5.1270950428084645e-23
365 3317 8 9.534908620493048e-11
381 3899 9 2.2390407797966598e-12
389 1966 7 3.5973503033512254e-09
390 1990 7 3.5973503033512254e-09
401 1704 8 9.534908620493048e-11
401 3083 37 1.486162636526865e-69
401 4612 16 6.5966656565904125e-25
402 3083 28 1.910160877864879e-49
403 3083 22 8.590381771057014e-37
404 2070 7 3.5973503033512254e-09
404 3083 24 6.205957748445652e-41
405 3083 20 9.789479204911295e-33
406 1102 8 9.534908620493048e-11
406 2495 25 4.926383622816543e-43
406 2496 9 2.2390407797966598e-12
406 3083 20 9.789479204911295e-33
407 3083 15 5.1270950428084645e-23
408 3083 19 9.664558876688442e-31
409 3083 14 3.721193340550886e-21
410 3083 10 4.7155610745778346e-14
411 3083 13 2.5109602761949934e-19
412 3083 7 3.5973503033512254e-09
413 3083 10 4.7155610745778346e-14
413 4406 7 3.5973503033512254e-09
414 3083 18 9.027525445286187e-29
415 3083 25 4.926383622816543e-43
416 3083 18 9.027525445286187e-29
417 3083 17 7.956577249129573e-27
417 3641 16 6.5966656565904125e-25
418 2594 7 3.5973503033512254e-09
418 3083 24 6.205957748445652e-41
419 3083 12 1.5672673768657898e-17
419 3584 8 9.534908620493048e-11
420 3083 14 3.721193340550886e-21
421 3083 12 1.5672673768657898e-17
422 2608 11 8.995790762711934e-16
422 3083 18 9.027525445286187e-29
423 3083 9 2.2390407797966598e-12
424 3083 17 7.956577249129573e-27
424 3753 7 3.5973503033512254e-09
425 3083 14 3.721193340550886e-21
426 3083 14 3.721193340550886e-21
427 3083 8 9.534908620493048e-11
428 3083 11 8.995790762711934e-16
430 3055 10 4.7155610745778346e-14
430 3083 18 9.027525445286187e-29
431 3083 18 9.027525445286187e-29
432 3083 15 5.1270950428084645e-23
433 3083 25 4.926383622816543e-43
434 3083 10 4.7155610745778346e-14
435 3083 11 8.995790762711934e-16
436 3083 14 3.721193340550886e-21
437 3083 12 1.5672673768657898e-17
440 3083 13 2.5109602761949934e-19
441 3083 17 7.956577249129573e-27
442 2667 8 9.534908620493048e-11
442 3083 9 2.2390407797966598e-12
443 3083 8 9.534908620493048e-11
444 1169 7 3.5973503033512254e-09
444 3083 10 4.7155610745778346e-14
445 1454 7 3.5973503033512254e-09
445 3083 13 2.5109602761949934e-19
448 3083 8 9.534908620493048e-11
448 4514 7 3.5973503033512254e-09
449 1169 8 9.534908620493048e-11
449 1450 7 3.5973503033512254e-09
449 2103 7 3.5973503033512254e-09
449 2652 7 3.5973503033512254e-09
449 2655 7 3.5973503033512254e-09
449 4513 7 3.5973503033512254e-09
450 4513 8 9.534908620493048e-11
451 4515 7 3.5973503033512254e-09
453 2695 8 9.534908620493048e-11
453 2696 7 3.5973503033512254e-09
453 4513 8 9.534908620493048e-11
454 1623 8 9.534908620493048e-11
455 2522 7 3.5973503033512254e-09
456 2554 7 3.5973503033512254e-09
456 2691 7 3.5973503033512254e-09
456 4514 7 3.5973503033512254e-09
456 4515 8 9.534908620493048e-11
456 4516 9 2.2390407797966598e-12
456 4553 8 9.534908620493048e-11
457 1337 7 3.5973503033512254e-09
457 2938 7 3.5973503033512254e-09
457 4516 9 2.2390407797966598e-12
457 4517 8 9.534908620493048e-11
457 4518 8 9.534908620493048e-11
458 4301 7 3.5973503033512254e-09
458 4516 9 2.2390407797966598e-12
458 4517 8 9.534908620493048e-11
459 1942 9 2.2390407797966598e-12
459 4513 10 4.7155610745778346e-14
459 4517 7 3.5973503033512254e-09
460 3083 7 3.5973503033512254e-09
461 1628 7 3.5973503033512254e-09
461 1631 7 3.5973503033512254e-09
461 4557 7 3.5973503033512254e-09
462 1879 8 9.534908620493048e-11
462 1880 8 9.534908620493048e-11
463 2656 7 3.5973503033512254e-09
465 3083 7 3.5973503033512254e-09
466 3083 10 4.7155610745778346e-14
469 3083 8 9.534908620493048e-11
471 3083 7 3.5973503033512254e-09
483 1887 20 9.789479204911295e-33
487 4018 22 8.590381771057014e-37
489 1849 7 3.5973503033512254e-09
493 2859 14 3.721193340550886e-21
499 3740 7 3.5973503033512254e-09
508 2717 37 1.486162636526865e-69
509 2717 15 5.1270950428084645e-23
509 3798 10 4.7155610745778346e-14
516 2438 9 2.2390407797966598e-12
521 1121 9 2.2390407797966598e-12
532 3050 8 9.534908620493048e-11
532 4529 7 3.5973503033512254e-09
534 1665 11 8.995790762711934e-16
534 1666 39 3.515465667044272e-74
534 1667 23 7.473981759515628e-39
534 3378 7 3.5973503033512254e-09
542 1289 9 2.2390407797966598e-12
542 1290 13 2.5109602761949934e-19
542 1291 26 3.7445243454696145e-45
549 4172 9 2.2390407797966598e-12
561 2159 8 9.534908620493048e-11
564 2128 11 8.995790762711934e-16
578 3838 11 8.995790762711934e-16
592 3083 8 9.534908620493048e-11
593 5143 13 2.5109602761949934e-19
594 2962 10 4.7155610745778346e-14
594 2963 17 7.956577249129573e-27
594 5143 8 9.534908620493048e-11
602 2845 13 2.5109602761949934e-19
620 2141 19 9.664558876688442e-31
621 4078 8 9.534908620493048e-11
622 920 18 9.027525445286187e-29
623 5165 9 2.2390407797966598e-12
632 4846 20 9.789479204911295e-33
636 1014 7 3.5973503033512254e-09
637 3768 12 1.5672673768657898e-17
639 2326 19 9.664558876688442e-31
639 3308 14 3.721193340550886e-21
650 1269 7 3.5973503033512254e-09
651 1269 33 1.817979926964154e-60
654 2645 15 5.1270950428084645e-23
655 2100 8 9.534908620493048e-11
656 4000 9 2.2390407797966598e-12
657 4000 36 2.9174112036298906e-67
667 1478 21 9.405411673799986e-35
674 4012 17 7.956577249129573e-27
674 4013 7 3.5973503033512254e-09
683 957 22 8.590381771057014e-37
687 4637 15 5.1270950428084645e-23
692 2526 9 2.2390407797966598e-12
692 3478 7 3.5973503033512254e-09
695 1204 10 4.7155610745778346e-14
699 1687 7 3.5973503033512254e-09
700 3251 7 3.5973503033512254e-09
700 4259 7 3.5973503033512254e-09
702 2664 9 2.2390407797966598e-12
702 3909 16 6.5966656565904125e-25
703 1668 8 9.534908620493048e-11
703 2277 7 3.5973503033512254e-09
703 3909 24 6.205957748445652e-41
704 1282 7 3.5973503033512254e-09
704 2560 11 8.995790762711934e-16
704 2561 31 5.195521493926106e-56
704 3306 7 3.5973503033512254e-09
704 3307 7 3.5973503033512254e-09
704 3909 7 3.5973503033512254e-09
707 3312 8 9.534908620493048e-11
708 1690 7 3.5973503033512254e-09
708 3312 8 9.534908620493048e-11
710 2992 19 9.664558876688442e-31
711 5114 7 3.5973503033512254e-09
716 4982 10 4.7155610745778346e-14
719 3026 9 2.2390407797966598e-12
720 1203 21 9.405411673799986e-35
724 3316 7 3.5973503033512254e-09
725 3309 7 3.5973503033512254e-09
726 3312 10 4.7155610745778346e-14
727 3282 7 3.5973503033512254e-09
727 3313 7 3.5973503033512254e-09
728 3272 8 9.534908620493048e-11
729 1374 8 9.534908620493048e-11
729 1375 7 3.5973503033512254e-09
729 1819 12 1.5672673768657898e-17
729 3234 8 9.534908620493048e-11
729 3317 7 3.5973503033512254e-09
730 3312 7 3.5973503033512254e-09
730 3317 9 2.2390407797966598e-12
730 4215 7 3.5973503033512254e-09
731 3280 7 3.5973503033512254e-09
731 3311 9 2.2390407797966598e-12
731 3315 8 9.534908620493048e-11
731 3316 9 2.2390407797966598e-12
732 3290 7 3.5973503033512254e-09
740 934 7 3.5973503033512254e-09
754 3319 9 2.2390407797966598e-12
754 3828 7 3.5973503033512254e-09
755 1635 7 3.5973503033512254e-09
755 3318 8 9.534908620493048e-11
756 1374 7 3.5973503033512254e-09
756 1375 7 3.5973503033512254e-09
756 3318 10 4.7155610745778346e-14
756 3319 11 8.995790762711934e-16
757 1389 10 4.7155610745778346e-14
757 1436 10 4.7155610745778346e-14
757 3317 9 2.2390407797966598e-12
757 3318 7 3.5973503033512254e-09
757 3319 15 5.1270950428084645e-23
757 3320 8 9.534908620493048e-11
758 775 13 2.5109602761949934e-19
758 1695 9 2.2390407797966598e-12
758 3319 9 2.2390407797966598e-12
758 3320 20 9.789479204911295e-33
758 4541 26 3.7445243454696145e-45
765 3083 12 1.5672673768657898e-17
766 3083 16 6.5966656565904125e-25
767 3083 15 5.1270950428084645e-23
768 3083 15 5.1270950428084645e-23
769 3083 11 8.995790762711934e-16
770 3083 12 1.5672673768657898e-17
770 4541 8 9.534908620493048e-11
771 3083 11 8.995790762711934e-16
772 3083 8 9.534908620493048e-11
773 3083 15 5.1270950428084645e-23
774 3083 12 1.5672673768657898e-17
775 3083 16 6.5966656565904125e-25
775 4541 9 2.2390407797966598e-12
776 3083 16 6.5966656565904125e-25
777 3083 19 9.664558876688442e-31
778 3083 14 3.721193340550886e-21
779 3083 15 5.1270950428084645e-23
780 3083 9 2.2390407797966598e-12
781 3083 12 1.5672673768657898e-17
782 3083 7 3.5973503033512254e-09
785 3083 7 3.5973503033512254e-09
785 3746 7 3.5973503033512254e-09
787 2958 7 3.5973503033512254e-09
787 3083 7 3.5973503033512254e-09
788 3083 9 2.2390407797966598e-12
789 3083 7 3.5973503033512254e-09
790 4434 9 2.2390407797966598e-12
791 3083 9 2.2390407797966598e-12
792 3083 14 3.721193340550886e-21
794 3083 11 8.995790762711934e-16
795 3083 7 3.5973503033512254e-09
797 1389 27 2.7292801672632234e-47
797 3083 12 1.5672673768657898e-17
799 3083 7 3.5973503033512254e-09
800 3083 8 9.534908620493048e-11
802 3083 10 4.7155610745778346e-14
803 3083 7 3.5973503033512254e-09
805 3083 8 9.534908620493048e-11
806 5096 18 9.027525445286187e-29
807 3083 7 3.5973503033512254e-09
807 5096 10 4.7155610745778346e-14
808 3083 8 9.534908620493048e-11
811 3083 8 9.534908620493048e-11
812 3083 7 3.5973503033512254e-09
813 3083 12 1.5672673768657898e-17
814 3083 13 2.5109602761949934e-19
815 3083 12 1.5672673768657898e-17
815 3922 10 4.7155610745778346e-14
816 3083 7 3.5973503033512254e-09
818 3083 10 4.7155610745778346e-14
819 3083 11 8.995790762711934e-16
820 3083 9 2.2390407797966598e-12
821 3083 7 3.5973503033512254e-09
822 1419 7 3.5973503033512254e-09
822 3083 9 2.2390407797966598e-12
823 1419 26 3.7445243454696145e-45
823 3083 15 5.1270950428084645e-23
824 3083 8 9.534908620493048e-11
826 3694 12 1.5672673768657898e-17
831 3829 29 1.2853094339590439e-51
831 3830 7 3.5973503033512254e-09
832 1404 12 1.5672673768657898e-17
832 3771 21 9.405411673799986e-35
834 3083 8 9.534908620493048e-11
835 3083 8 9.534908620493048e-11
837 2372 14 3.721193340550886e-21
837 3083 9 2.2390407797966598e-12
837 3220 8 9.534908620493048e-11
839 3083 7 3.5973503033512254e-09
859 3083 9 2.2390407797966598e-12
861 3870 13 2.5109602761949934e-19
866 3083 8 9.534908620493048e-11
868 3083 11 8.995790762711934e-16
873 3083 8 9.534908620493048e-11
875 3943 11 8.995790762711934e-16
876 2869 17 7.956577249129573e-27
876 3083 7 3.5973503033512254e-09
883 3083 7 3.5973503033512254e-09
901 1486 8 9.534908620493048e-11
905 1611 11 8.995790762711934e-16
908 1455 23 7.473981759515628e-39
911 3844 15 5.1270950428084645e-23
911 4360 7 3.5973503033512254e-09
912 3844 9 2.2390407797966598e-12
917 3712 10 4.7155610745778346e-14
923 1849 9 2.2390407797966598e-12
928 2027 33 1.817979926964154e-60
931 4126 17 7.956577249129573e-27
931 4166 14 3.721193340550886e-21
931 4432 13 2.5109602761949934e-19
932 4536 10 4.7155610745778346e-14
933 1714 17 7.956577249129573e-27
934 2412 7 3.5973503033512254e-09
935 1344 12 1.5672673768657898e-17
935 2474 22 8.590381771057014e-37
935 2783 7 3.5973503033512254e-09
935 3271 8 9.534908620493048e-11
936 1344 8 9.534908620493048e-11
936 2784 9 2.2390407797966598e-12
936 3665 7 3.5973503033512254e-09
937 1637 8 9.534908620493048e-11
937 2784 10 4.7155610745778346e-14
937 3318 8 9.534908620493048e-11
938 2784 8 9.534908620493048e-11
941 2331 10 4.7155610745778346e-14
950 1378 8 9.534908620493048e-11
950 3232 7 3.5973503033512254e-09
950 3233 7 3.5973503033512254e-09
951 4253 7 3.5973503033512254e-09
957 4123 32 3.127738906448797e-58
957 4124 17 7.956577249129573e-27
961 4532 10 4.7155610745778346e-14
962 1760 7 3.5973503033512254e-09
962 4731 7 3.5973503033512254e-09
964 5100 7 3.5973503033512254e-09
967 4603 7 3.5973503033512254e-09
969 3744 9 2.2390407797966598e-12
982 2193 7 3.5973503033512254e-09
990 3965 12 1.5672673768657898e-17
1013 5098 11 8.995790762711934e-16
1023 2455 7 3.5973503033512254e-09
1033 3878 19 9.664558876688442e-31
1035 1140 29 1.2853094339590439e-51
1041 4012 7 3.5973503033512254e-09
1048 4997 11 8.995790762711934e-16
1049 3437 14 3.721193340550886e-21
1050 2678 18 9.027525445286187e-29
1051 1652 7 3.5973503033512254e-09
1051 2991 10 4.7155610745778346e-14
1060 2652 7 3.5973503033512254e-09
1077 1695 8 9.534908620493048e-11
1085 1703 20 9.789479204911295e-33
1085 1704 10 4.7155610745778346e-14
1085 2003 14 3.721193340550886e-21
1085 2004 7 3.5973503033512254e-09
1085 2309 47 3.4964648688447397e-93
1085 2310 14 3.721193340550886e-21
1085 3083 8 9.534908620493048e-11
1085 3570 10 4.7155610745778346e-14
1085 3571 8 9.534908620493048e-11
1085 4062 9 2.2390407797966598e-12
1086 1682 8 9.534908620493048e-11
1086 3083 22 8.590381771057014e-37
1087 3083 21 9.405411673799986e-35
1088 3083 17 7.956577249129573e-27
1089 3083 11 8.995790762711934e-16
1090 3083 15 5.1270950428084645e-23
1091 3083 13 2.5109602761949934e-19
1092 3083 16 6.5966656565904125e-25
1093 3083 16 6.5966656565904125e-25
1094 3083 12 1.5672673768657898e-17
1095 3083 17 7.956577249129573e-27
1096 3083 17 7.956577249129573e-27
1097 3083 16 6.5966656565904125e-25
1098 3083 17 7.956577249129573e-27
1099 3083 12 1.5672673768657898e-17
1100 3083 15 5.1270950428084645e-23
1101 3083 18 9.027525445286187e-29
1101 4852 7 3.5973503033512254e-09
1101 4853 14 3.721193340550886e-21
1102 1709 7 3.5973503033512254e-09
1102 3083 14 3.721193340550886e-21
1103 3083 14 3.721193340550886e-21
1105 3083 12 1.5672673768657898e-17
1106 3083 12 1.5672673768657898e-17
1108 3083 17 7.956577249129573e-27
1109 3083 13 2.5109602761949934e-19
1111 3083 12 1.5672673768657898e-17
1114 3083 7 3.5973503033512254e-09
1115 3083 10 4.7155610745778346e-14
1116 3083 9 2.2390407797966598e-12
1117 3083 14 3.721193340550886e-21
1118 3083 15 5.1270950428084645e-23
1119 3083 7 3.5973503033512254e-09
1120 2474 9 2.2390407797966598e-12
1120 3083 10 4.7155610745778346e-14
1121 3083 9 2.2390407797966598e-12
1122 3083 14 3.721193340550886e-21
1124 3083 8 9.534908620493048e-11
1125 3083 8 9.534908620493048e-11
1125 3674 7 3.5973503033512254e-09
1126 3083 8 9.534908620493048e-11
1127 3083 10 4.7155610745778346e-14
1130 3083 7 3.5973503033512254e-09
1131 3083 9 2.2390407797966598e-12
1137 3083 7 3.5973503033512254e-09
1140 4671 14 3.721193340550886e-21
1141 3083 8 9.534908620493048e-11
1143 3083 7 3.5973503033512254e-09
1144 3083 9 2.2390407797966598e-12
1144 4032 7 3.5973503033512254e-09
1145 3083 7 3.5973503033512254e-09
1146 1653 12 1.5672673768657898e-17
1146 3083 7 3.5973503033512254e-09
1148 3083 13 2.5109602761949934e-19
1149 3083 9 2.2390407797966598e-12
1158 3598 7 3.5973503033512254e-09
1159 3083 8 9.534908620493048e-11
1161 1758 7 3.5973503033512254e-09
1161 3083 7 3.5973503033512254e-09
1161 4605 22 8.590381771057014e-37
1165 3029 12 1.5672673768657898e-17
1167 3083 9 2.2390407797966598e-12
1167 4722 7 3.5973503033512254e-09
1168 1461 7 3.5973503033512254e-09
1168 3083 8 9.534908620493048e-11
1172 3083 8 9.534908620493048e-11
1172 3310 9 2.2390407797966598e-12
1176 3083 7 3.5973503033512254e-09
1183 4915 10 4.7155610745778346e-14
1210 1491 7 3.5973503033512254e-09
1217 3165 7 3.5973503033512254e-09
1217 3395 9 2.2390407797966598e-12
1219 3274 7 3.5973503033512254e-09
1221 4852 19 9.664558876688442e-31
1221 4853 7 3.5973503033512254e-09
1221 4854 7 3.5973503033512254e-09
1229 3354 7 3.5973503033512254e-09
1276 1523 10 4.7155610745778346e-14
1276 5121 12 1.5672673768657898e-17
1291 3469 10 4.7155610745778346e-14
1296 1681 7 3.5973503033512254e-09
1296 2832 8 9.534908620493048e-11
1306 3167 8 9.534908620493048e-11
1308 2698 20 9.789479204911295e-33
1311 2566 11 8.995790762711934e-16
1312 4573 7 3.5973503033512254e-09
1313 3429 9 2.2390407797966598e-12
1313 4384 8 9.534908620493048e-11
1317 3196 16 6.5966656565904125e-25
1320 5153 7 3.5973503033512254e-09
1324 3588 7 3.5973503033512254e-09
1330 2554 8 9.534908620493048e-11
1336 3674 7 3.5973503033512254e-09
1339 3312 7 3.5973503033512254e-09
1342 3922 8 9.534908620493048e-11
1343 4299 17 7.956577249129573e-27
1345 4525 8 9.534908620493048e-11
1346 4216 7 3.5973503033512254e-09
1349 2782 7 3.5973503033512254e-09
1350 2554 7 3.5973503033512254e-09
1350 2782 7 3.5973503033512254e-09
1350 4841 13 2.5109602761949934e-19
1353 1475 7 3.5973503033512254e-09
1353 1476 28 1.910160877864879e-49
1356 1636 7 3.5973503033512254e-09
1359 4213 8 9.534908620493048e-11
1360 2784 7 3.5973503033512254e-09
1360 3083 10 4.7155610745778346e-14
1360 4253 7 3.5973503033512254e-09
1361 1641 8 9.534908620493048e-11
1361 2549 7 3.5973503033512254e-09
1367 1942 7 3.5973503033512254e-09
1367 4308 20 9.789479204911295e-33
1368 4308 19 9.664558876688442e-31
1373 3330 7 3.5973503033512254e-09
1373 4538 9 2.2390407797966598e-12
1374 4926 8 9.534908620493048e-11
1375 1633 7 3.5973503033512254e-09
1376 1633 8 9.534908620493048e-11
1376 1636 7 3.5973503033512254e-09
1377 1624 8 9.534908620493048e-11
1378 1620 7 3.5973503033512254e-09
1378 1624 9 2.2390407797966598e-12
1378 1628 7 3.5973503033512254e-09
1379 1626 7 3.5973503033512254e-09
1380 2689 7 3.5973503033512254e-09
1381 1617 7 3.5973503033512254e-09
1382 1628 10 4.7155610745778346e-14
1382 3316 8 9.534908620493048e-11
1385 1635 7 3.5973503033512254e-09
1386 4522 7 3.5973503033512254e-09
1387 4723 7 3.5973503033512254e-09
1388 2554 8 9.534908620493048e-11
1389 2301 8 9.534908620493048e-11
1389 3318 9 2.2390407797966598e-12
1389 3319 8 9.534908620493048e-11
1389 4008 7 3.5973503033512254e-09
1389 4009 28 1.910160877864879e-49
1389 4723 45 2.3184507611367443e-88
1390 3319 7 3.5973503033512254e-09
1390 4723 20 9.789479204911295e-33
1397 3083 11 8.995790762711934e-16
1398 2454 17 7.956577249129573e-27
1398 3083 24 6.205957748445652e-41
1399 3083 14 3.721193340550886e-21
1400 3083 12 1.5672673768657898e-17
1401 3083 8 9.534908620493048e-11
1402 3083 12 1.5672673768657898e-17
1403 3083 8 9.534908620493048e-11
1405 3083 7 3.5973503033512254e-09
1406 3083 10 4.7155610745778346e-14
1407 2930 7 3.5973503033512254e-09
1407 3083 7 3.5973503033512254e-09
1408 3083 10 4.7155610745778346e-14
1409 3083 12 1.5672673768657898e-17
1410 3083 8 9.534908620493048e-11
1411 3083 9 2.2390407797966598e-12
1416 3083 7 3.5973503033512254e-09
1417 3083 14 3.721193340550886e-21
1418 3083 9 2.2390407797966598e-12
1419 3083 11 8.995790762711934e-16
1422 3083 13 2.5109602761949934e-19
1423 3083 14 3.721193340550886e-21
1424 3083 14 3.721193340550886e-21
1425 3083 13 2.5109602761949934e-19
1426 3083 9 2.2390407797966598e-12
1427 3083 9 2.2390407797966598e-12
1428 3083 8 9.534908620493048e-11
1429 3083 8 9.534908620493048e-11
1431 3083 11 8.995790762711934e-16
1432 3083 9 2.2390407797966598e-12
1433 3083 13 2.5109602761949934e-19
1433 4044 10 4.7155610745778346e-14
1434 3083 8 9.534908620493048e-11
1436 3083 7 3.5973503033512254e-09
1436 3364 8 9.534908620493048e-11
1437 2610 7 3.5973503033512254e-09
1440 2055 7 3.5973503033512254e-09
1440 3083 7 3.5973503033512254e-09
1441 3083 7 3.5973503033512254e-09
1447 3083 9 2.2390407797966598e-12
1448 3083 11 8.995790762711934e-16
1450 2992 7 3.5973503033512254e-09
1450 3083 9 2.2390407797966598e-12
1450 3312 11 8.995790762711934e-16
1452 3083 9 2.2390407797966598e-12
1453 2056 7 3.5973503033512254e-09
1454 3083 8 9.534908620493048e-11
1454 4518 7 3.5973503033512254e-09
1456 3083 12 1.5672673768657898e-17
1456 3744 15 5.1270950428084645e-23
1457 3083 68 2.8178209329011477e-146
1457 4255 7 3.5973503033512254e-09
1458 3083 11 8.995790762711934e-16
1459 3083 7 3.5973503033512254e-09
1461 3083 7 3.5973503033512254e-09
1462 2969 11 8.995790762711934e-16
1465 2007 25 4.926383622816543e-43
1466 3083 7 3.5973503033512254e-09
1467 2983 9 2.2390407797966598e-12
1469 3083 8 9.534908620493048e-11
1469 4308 9 2.2390407797966598e-12
1474 5118 9 2.2390407797966598e-12
1475 3083 8 9.534908620493048e-11
1478 2439 9 2.2390407797966598e-12
1480 3781 10 4.7155610745778346e-14
1495 1836 7 3.5973503033512254e-09
1502 4723 7 3.5973503033512254e-09
1540 3048 14 3.721193340550886e-21
1541 3048 64 7.633035077927754e-136
1542 3048 14 3.721193340550886e-21
1542 3192 11 8.995790762711934e-16
1547 2330 12 1.5672673768657898e-17
1550 4270 11 8.995790762711934e-16
1567 3527 11 8.995790762711934e-16
1572 2731 12 1.5672673768657898e-17
1572 2732 12 1.5672673768657898e-17
1576 4274 12 1.5672673768657898e-17
1577 4274 19 9.664558876688442e-31
1584 5222 9 2.2390407797966598e-12
1611 3139 7 3.5973503033512254e-09
1615 3314 7 3.5973503033512254e-09
1618 2783 7 3.5973503033512254e-09
1620 3222 7 3.5973503033512254e-09
1621 3222 13 2.5109602761949934e-19
1621 4213 7 3.5973503033512254e-09
1622 2140 9 2.2390407797966598e-12
1622 4335 9 2.2390407797966598e-12
1623 2697 7 3.5973503033512254e-09
1623 3279 7 3.5973503033512254e-09
1623 3654 7 3.5973503033512254e-09
1623 4216 7 3.5973503033512254e-09
1626 1990 7 3.5973503033512254e-09
1626 2686 8 9.534908620493048e-11
1626 2691 7 3.5973503033512254e-09
1626 4516 7 3.5973503033512254e-09
1632 4522 7 3.5973503033512254e-09
1633 2549 7 3.5973503033512254e-09
1633 2695 7 3.5973503033512254e-09
1634 3275 10 4.7155610745778346e-14
1636 3281 8 9.534908620493048e-11
1638 3251 7 3.5973503033512254e-09
1640 3087 7 3.5973503033512254e-09
1646 4184 11 8.995790762711934e-16
1651 3305 7 3.5973503033512254e-09
1652 3874 11 8.995790762711934e-16
1652 3875 35 5.547740070644358e-65
1652 4509 10 4.7155610745778346e-14
1652 4510 29 1.2853094339590439e-51
1655 1706 7 3.5973503033512254e-09
1663 1705 17 7.956577249129573e-27
1664 2213 7 3.5973503033512254e-09
1664 3547 7 3.5973503033512254e-09
1666 3308 7 3.5973503033512254e-09
1668 4372 8 9.534908620493048e-11
1670 2554 8 9.534908620493048e-11
1672 2522 7 3.5973503033512254e-09
1682 2655 7 3.5973503033512254e-09
1683 5093 13 2.5109602761949934e-19
1684 2650 14 3.721193340550886e-21
1685 2838 18 9.027525445286187e-29
1685 3294 15 5.1270950428084645e-23
1685 4533 7 3.5973503033512254e-09
1685 4541 91 8.533846867266006e-209
1689 3549 7 3.5973503033512254e-09
1690 2448 15 5.1270950428084645e-23
1690 2673 7 3.5973503033512254e-09
1690 3305 7 3.5973503033512254e-09
1691 2529 8 9.534908620493048e-11
1692 3304 7 3.5973503033512254e-09
1693 3071 7 3.5973503033512254e-09
1693 3292 9 2.2390407797966598e-12
1695 2564 7 3.5973503033512254e-09
1695 3075 8 9.534908620493048e-11
1703 2309 7 3.5973503033512254e-09
1703 3083 17 7.956577249129573e-27
1703 3294 9 2.2390407797966598e-12
1703 4062 7 3.5973503033512254e-09
1703 4270 9 2.2390407797966598e-12
1703 4541 127 0.0
1703 4658 9 2.2390407797966598e-12
1704 2708 15 5.1270950428084645e-23
1704 3083 28 1.910160877864879e-49
1704 4270 18 9.027525445286187e-29
1705 3083 23 7.473981759515628e-39
1706 3083 18 9.027525445286187e-29
1707 3083 18 9.027525445286187e-29
1708 3083 14 3.721193340550886e-21
1709 3083 16 6.5966656565904125e-25
1709 3677 12 1.5672673768657898e-17
1709 4471 7 3.5973503033512254e-09
1710 3083 12 1.5672673768657898e-17
1711 3083 12 1.5672673768657898e-17
1711 4578 11 8.995790762711934e-16
1712 3083 16 6.5966656565904125e-25
1713 3083 16 6.5966656565904125e-25
1713 4159 9 2.2390407797966598e-12
1714 3083 14 3.721193340550886e-21
1714 4301 12 1.5672673768657898e-17
1715 3083 10 4.7155610745778346e-14
1718 3083 8 9.534908620493048e-11
1719 3083 10 4.7155610745778346e-14
1720 2414 7 3.5973503033512254e-09
1720 3083 14 3.721193340550886e-21
1721 3083 9 2.2390407797966598e-12
1722 3083 10 4.7155610745778346e-14
1723 3083 7 3.5973503033512254e-09
1724 3083 19 9.664558876688442e-31
1725 3083 7 3.5973503033512254e-09
1726 3083 15 5.1270950428084645e-23
1727 3083 9 2.2390407797966598e-12
1728 3083 9 2.2390407797966598e-12
1729 3083 11 8.995790762711934e-16
1730 3083 8 9.534908620493048e-11
1731 3083 15 5.1270950428084645e-23
1732 2373 19 9.664558876688442e-31
1732 3083 16 6.5966656565904125e-25
1733 3083 9 2.2390407797966598e-12
1733 4757 8 9.534908620493048e-11
1734 3083 11 8.995790762711934e-16
1736 3083 7 3.5973503033512254e-09
1738 3083 8 9.534908620493048e-11
1739 3083 9 2.2390407797966598e-12
1740 3083 16 6.5966656565904125e-25
1741 3083 8 9.534908620493048e-11
1742 3083 8 9.534908620493048e-11
1743 3083 11 8.995790762711934e-16
1744 3083 10 4.7155610745778346e-14
1745 3083 8 9.534908620493048e-11
1746 3083 9 2.2390407797966598e-12
1748 3083 13 2.5109602761949934e-19
1749 3083 7 3.5973503033512254e-09
1750 2364 16 6.5966656565904125e-25
1752 3083 8 9.534908620493048e-11
1753 3083 9 2.2390407797966598e-12
1754 3083 14 3.721193340550886e-21
1755 3083 12 1.5672673768657898e-17
1755 3337 7 3.5973503033512254e-09
1756 3083 9 2.2390407797966598e-12
1757 3083 7 3.5973503033512254e-09
1757 3085 10 4.7155610745778346e-14
1757 4519 7 3.5973503033512254e-09
1758 2265 7 3.5973503033512254e-09
1758 3083 8 9.534908620493048e-11
1758 3649 7 3.5973503033512254e-09
1759 3083 8 9.534908620493048e-11
1762 3083 9 2.2390407797966598e-12
1763 3083 8 9.534908620493048e-11
1763 3635 8 9.534908620493048e-11
1764 3083 10 4.7155610745778346e-14
1765 3083 8 9.534908620493048e-11
1767 3083 9 2.2390407797966598e-12
1768 3083 9 2.2390407797966598e-12
1769 3083 7 3.5973503033512254e-09
1771 3083 8 9.534908620493048e-11
1771 3376 31 5.195521493926106e-56
1772 3083 9 2.2390407797966598e-12
1773 3083 8 9.534908620493048e-11
1774 3083 18 9.027525445286187e-29
1775 3083 10 4.7155610745778346e-14
1776 3083 9 2.2390407797966598e-12
1793 3083 7 3.5973503033512254e-09
1797 4568 7 3.5973503033512254e-09
1797 4569 11 8.995790762711934e-16
1799 3083 7 3.5973503033512254e-09
1800 3083 8 9.534908620493048e-11
1801 3083 10 4.7155610745778346e-14
1804 4950 14 3.721193340550886e-21
1805 4950 13 2.5109602761949934e-19
1810 3083 8 9.534908620493048e-11
1810 3661 25 4.926383622816543e-43
1810 4328 12 1.5672673768657898e-17
1811 4328 9 2.2390407797966598e-12
1813 2258 8 9.534908620493048e-11
1830 3169 13 2.5109602761949934e-19
1830 3170 17 7.956577249129573e-27
1830 4833 8 9.534908620493048e-11
1831 4210 7 3.5973503033512254e-09
1831 4833 27 2.7292801672632234e-47
1832 4833 29 1.2853094339590439e-51
1837 4888 9 2.2390407797966598e-12
1837 4889 61 4.1106574181820845e-128
1837 4890 9 2.2390407797966598e-12
1841 2832 8 9.534908620493048e-11
1842 3083 7 3.5973503033512254e-09
1843 3549 7 3.5973503033512254e-09
1843 3550 10 4.7155610745778346e-14
1845 4079 10 4.7155610745778346e-14
1849 4361 10 4.7155610745778346e-14
1851 2641 10 4.7155610745778346e-14
1858 2812 7 3.5973503033512254e-09
1867 4225 7 3.5973503033512254e-09
1868 2325 10 4.7155610745778346e-14
1880 2206 25 4.926383622816543e-43
1880 4892 16 6.5966656565904125e-25
1910 5036 12 1.5672673768657898e-17
1914 4372 28 1.910160877864879e-49
1921 3290 16 6.5966656565904125e-25
1926 3705 11 8.995790762711934e-16
1927 5136 15 5.1270950428084645e-23
1938 3496 7 3.5973503033512254e-09
1946 2743 13 2.5109602761949934e-19
1954 4589 8 9.534908620493048e-11
1963 2378 8 9.534908620493048e-11
1963 2379 25 4.926383622816543e-43
1978 3881 17 7.956577249129573e-27
1991 2858 17 7.956577249129573e-27
1991 2990 36 2.9174112036298906e-67
1995 2967 7 3.5973503033512254e-09
2003 3083 56 2.0579436208262533e-115
2003 4255 7 3.5973503033512254e-09
2004 3083 29 1.2853094339590439e-51
2004 4255 7 3.5973503033512254e-09
2004 4467 7 3.5973503033512254e-09
2005 3083 19 9.664558876688442e-31
2006 3083 18 9.027525445286187e-29
2007 3083 20 9.789479204911295e-33
2008 3083 8 9.534908620493048e-11
2009 3083 26 3.7445243454696145e-45
2010 3083 30 8.324715095476261e-54
2010 4255 8 9.534908620493048e-11
2011 2814 19 9.664558876688442e-31
2011 3083 18 9.027525445286187e-29
2011 5289 11 8.995790762711934e-16
2011 5290 8 9.534908620493048e-11
2019 3083 8 9.534908620493048e-11
2022 3083 12 1.5672673768657898e-17
2023 3083 14 3.721193340550886e-21
2024 3083 21 9.405411673799986e-35
2025 3083 10 4.7155610745778346e-14
2027 3083 7 3.5973503033512254e-09
2030 3083 15 5.1270950428084645e-23
2031 3050 9 2.2390407797966598e-12
2031 3083 14 3.721193340550886e-21
2031 3876 10 4.7155610745778346e-14
2032 3083 14 3.721193340550886e-21
2034 3083 7 3.5973503033512254e-09
2036 3083 11 8.995790762711934e-16
2037 3083 8 9.534908620493048e-11
2037 3117 8 9.534908620493048e-11
2044 3083 7 3.5973503033512254e-09
2046 2391 10 4.7155610745778346e-14
2046 2392 20 9.789479204911295e-33
2046 3083 9 2.2390407797966598e-12
2047 3083 12 1.5672673768657898e-17
2048 3083 8 9.534908620493048e-11
2049 3083 12 1.5672673768657898e-17
2050 3083 13 2.5109602761949934e-19
2053 3083 7 3.5973503033512254e-09
2054 3083 7 3.5973503033512254e-09
2055 2628 9 2.2390407797966598e-12
2056 3086 7 3.5973503033512254e-09
2056 3354 9 2.2390407797966598e-12
2057 2698 7 3.5973503033512254e-09
2057 3083 10 4.7155610745778346e-14
2057 3086 10 4.7155610745778346e-14
2060 3083 12 1.5672673768657898e-17
2061 3480 9 2.2390407797966598e-12
2066 3265 8 9.534908620493048e-11
2066 4776 8 9.534908620493048e-11
2068 3083 7 3.5973503033512254e-09
2069 3083 7 3.5973503033512254e-09
2092 4988 10 4.7155610745778346e-14
2098 3083 9 2.2390407797966598e-12
2101 2976 7 3.5973503033512254e-09
2101 2977 9 2.2390407797966598e-12
2101 4841 8 9.534908620493048e-11
2102 2449 7 3.5973503033512254e-09
2139 3915 8 9.534908620493048e-11
2169 4915 7 3.5973503033512254e-09
2171 4215 10 4.7155610745778346e-14
2172 5288 11 8.995790762711934e-16
2175 2871 9 2.2390407797966598e-12
2178 2409 9 2.2390407797966598e-12
2184 3952 15 5.1270950428084645e-23
2184 4073 22 8.590381771057014e-37
2185 3952 10 4.7155610745778346e-14
2189 2323 16 6.5966656565904125e-25
2189 4649 20 9.789479204911295e-33
2196 3262 16 6.5966656565904125e-25
2201 2426 10 4.7155610745778346e-14
2204 4402 21 9.405411673799986e-35
2206 4877 9 2.2390407797966598e-12
2215 2662 17 7.956577249129573e-27
2218 3361 7 3.5973503033512254e-09
2220 3561 21 9.405411673799986e-35
2220 4083 10 4.7155610745778346e-14
2232 2917 12 1.5672673768657898e-17
2239 2922 33 1.817979926964154e-60
2255 2969 11 8.995790762711934e-16
2264 3680 14 3.721193340550886e-21
2268 4924 8 9.534908620493048e-11
2268 4925 28 1.910160877864879e-49
2269 3279 12 1.5672673768657898e-17
2271 4297 11 8.995790762711934e-16
2291 3546 7 3.5973503033512254e-09
2293 4593 7 3.5973503033512254e-09
2298 2689 7 3.5973503033512254e-09
2300 2562 7 3.5973503033512254e-09
2301 2806 8 9.534908620493048e-11
2301 2807 9 2.2390407797966598e-12
2301 3318 8 9.534908620493048e-11
2301 3320 7 3.5973503033512254e-09
2301 4262 7 3.5973503033512254e-09
2309 3083 53 6.5554265843004685e-108
2309 4255 10 4.7155610745778346e-14
2310 3083 43 1.3822826367922606e-83
2310 4255 9 2.2390407797966598e-12
2310 4467 7 3.5973503033512254e-09
2310 4541 110 0.0
2311 2651 7 3.5973503033512254e-09
2311 2652 18 9.027525445286187e-29
2311 3083 24 6.205957748445652e-41
2311 3861 12 1.5672673768657898e-17
2312 3083 28 1.910160877864879e-49
2312 3571 10 4.7155610745778346e-14
2313 3083 14 3.721193340550886e-21
2314 3083 17 7.956577249129573e-27
2314 3843 23 7.473981759515628e-39
2314 3844 10 4.7155610745778346e-14
2315 3083 13 2.5109602761949934e-19
2316 3083 15 5.1270950428084645e-23
2316 4255 9 2.2390407797966598e-12
2317 3083 10 4.7155610745778346e-14
2318 3083 19 9.664558876688442e-31
2319 3083 16 6.5966656565904125e-25
2320 3083 25 4.926383622816543e-43
2320 4255 7 3.5973503033512254e-09
2321 3083 34 1.0211633857642305e-62
2322 3083 19 9.664558876688442e-31
2323 3083 21 9.405411673799986e-35
2324 3083 19 9.664558876688442e-31
2324 5251 7 3.5973503033512254e-09
2325 3083 24 6.205957748445652e-41
2326 3083 17 7.956577249129573e-27
2327 3083 14 3.721193340550886e-21
2328 3083 14 3.721193340550886e-21
2329 3083 10 4.7155610745778346e-14
2329 3086 7 3.5973503033512254e-09
2330 3083 11 8.995790762711934e-16
2331 3083 17 7.956577249129573e-27
2332 3083 20 9.789479204911295e-33
2333 3083 12 1.5672673768657898e-17
2334 3083 15 5.1270950428084645e-23
2335 3083 7 3.5973503033512254e-09
2336 3083 8 9.534908620493048e-11
2338 3083 7 3.5973503033512254e-09
2339 3083 15 5.1270950428084645e-23
2340 3083 19 9.664558876688442e-31
2341 3083 12 1.5672673768657898e-17
2349 3083 18 9.027525445286187e-29
2350 3083 16 6.5966656565904125e-25
2351 3083 13 2.5109602761949934e-19
2352 3083 10 4.7155610745778346e-14
2353 3083 12 1.5672673768657898e-17
2354 3083 10 4.7155610745778346e-14
2355 3083 9 2.2390407797966598e-12
2355 4255 7 3.5973503033512254e-09
2356 3083 12 1.5672673768657898e-17
2357 3083 12 1.5672673768657898e-17
2358 3083 9 2.2390407797966598e-12
2359 3083 16 6.5966656565904125e-25
2359 3420 9 2.2390407797966598e-12
2360 3083 13 2.5109602761949934e-19
2365 3083 8 9.534908620493048e-11
2367 3083 8 9.534908620493048e-11
2369 3083 11 8.995790762711934e-16
2372 3083 10 4.7155610745778346e-14
2372 4191 10 4.7155610745778346e-14
2373 3083 13 2.5109602761949934e-19
2373 5254 17 7.956577249129573e-27
2374 3083 13 2.5109602761949934e-19
2375 3083 11 8.995790762711934e-16
2376 3083 7 3.5973503033512254e-09
2377 3083 9 2.2390407797966598e-12
2378 3083 7 3.5973503033512254e-09
2385 4391 10 4.7155610745778346e-14
2387 3083 9 2.2390407797966598e-12
2388 3586 7 3.5973503033512254e-09
2391 3083 7 3.5973503033512254e-09
2395 3083 9 2.2390407797966598e-12
2396 3083 8 9.534908620493048e-11
2397 3083 9 2.2390407797966598e-12
2398 3083 8 9.534908620493048e-11
2401 3083 9 2.2390407797966598e-12
2401 3572 15 5.1270950428084645e-23
2402 3083 10 4.7155610745778346e-14
2409 4674 9 2.2390407797966598e-12
2431 3083 7 3.5973503033512254e-09
2434 4501 10 4.7155610745778346e-14
2450 4331 7 3.5973503033512254e-09
2451 4780 9 2.2390407797966598e-12
2458 3908 23 7.473981759515628e-39
2459 4740 8 9.534908620493048e-11
2464 3563 7 3.5973503033512254e-09
2474 4518 7 3.5973503033512254e-09
2476 3083 8 9.534908620493048e-11
2477 3307 7 3.5973503033512254e-09
2478 2677 36 2.9174112036298906e-67
2481 5241 7 3.5973503033512254e-09
2488 4714 7 3.5973503033512254e-09
2494 3215 7 3.5973503033512254e-09
2495 3215 14 3.721193340550886e-21
2503 3430 8 9.534908620493048e-11
2506 3907 8 9.534908620493048e-11
2511 3426 21 9.405411673799986e-35
2519 4447 7 3.5973503033512254e-09
2520 2928 7 3.5973503033512254e-09
2520 2930 28 1.910160877864879e-49
2520 2931 101 3.262059244427111e-237
2520 2932 12 1.5672673768657898e-17
2520 2933 7 3.5973503033512254e-09
2521 3658 7 3.5973503033512254e-09
2521 4552 8 9.534908620493048e-11
2521 5067 9 2.2390407797966598e-12
2529 4050 7 3.5973503033512254e-09
2531 4927 7 3.5973503033512254e-09
2548 4556 7 3.5973503033512254e-09
2549 2780 8 9.534908620493048e-11
2555 3331 21 9.405411673799986e-35
2565 4651 21 9.405411673799986e-35
2566 4651 47 3.4964648688447397e-93
2566 4956 10 4.7155610745778346e-14
2573 3083 20 9.789479204911295e-33
2574 3083 24 6.205957748445652e-41
2574 4543 12 1.5672673768657898e-17
2575 3083 21 9.405411673799986e-35
2576 3083 14 3.721193340550886e-21
2577 3083 13 2.5109602761949934e-19
2578 3083 19 9.664558876688442e-31
2578 3497 13 2.5109602761949934e-19
2578 3499 8 9.534908620493048e-11
2578 5268 7 3.5973503033512254e-09
2579 3083 13 2.5109602761949934e-19
2580 3083 10 4.7155610745778346e-14
2581 3083 18 9.027525445286187e-29
2582 3083 15 5.1270950428084645e-23
2583 3083 24 6.205957748445652e-41
2584 3083 17 7.956577249129573e-27
2585 3083 19 9.664558876688442e-31
2586 3083 9 2.2390407797966598e-12
2587 3083 16 6.5966656565904125e-25
2588 3083 15 5.1270950428084645e-23
2589 3083 17 7.956577249129573e-27
2590 3083 15 5.1270950428084645e-23
2591 3083 20 9.789479204911295e-33
2592 3083 16 6.5966656565904125e-25
2593 3083 24 6.205957748445652e-41
2594 3083 19 9.664558876688442e-31
2595 3083 13 2.5109602761949934e-19
2596 3083 9 2.2390407797966598e-12
2597 3083 20 9.789479204911295e-33
2598 3083 11 8.995790762711934e-16
2601 3083 14 3.721193340550886e-21
2602 3083 16 6.5966656565904125e-25
2603 3083 15 5.1270950428084645e-23
2604 3083 8 9.534908620493048e-11
2604 4248 9 2.2390407797966598e-12
2605 3083 10 4.7155610745778346e-14
2605 4248 7 3.5973503033512254e-09
2605 5120 12 1.5672673768657898e-17
2606 3083 10 4.7155610745778346e-14
2607 3083 16 6.5966656565904125e-25
2608 3083 12 1.5672673768657898e-17
2608 4721 19 9.664558876688442e-31
2609 3083 10 4.7155610745778346e-14
2610 3083 9 2.2390407797966598e-12
2610 4510 7 3.5973503033512254e-09
2611 3083 9 2.2390407797966598e-12
2612 3083 10 4.7155610745778346e-14
2613 3083 8 9.534908620493048e-11
2614 3468 7 3.5973503033512254e-09
2614 3555 7 3.5973503033512254e-09
2615 3083 10 4.7155610745778346e-14
2617 3083 12 1.5672673768657898e-17
2618 3083 12 1.5672673768657898e-17
2620 3083 11 8.995790762711934e-16
2621 3083 8 9.534908620493048e-11
2624 3083 9 2.2390407797966598e-12
2625 3083 8 9.534908620493048e-11
2626 3083 7 3.5973503033512254e-09
2627 3083 12 1.5672673768657898e-17
2628 3083 9 2.2390407797966598e-12
2629 3083 7 3.5973503033512254e-09
2632 3083 11 8.995790762711934e-16
2633 3083 9 2.2390407797966598e-12
2635 3083 9 2.2390407797966598e-12
2637 3083 14 3.721193340550886e-21
2639 3083 7 3.5973503033512254e-09
2640 3083 7 3.5973503033512254e-09
2641 3083 8 9.534908620493048e-11
2643 3083 7 3.5973503033512254e-09
2645 3083 8 9.534908620493048e-11
2646 3083 8 9.534908620493048e-11
2647 3083 17 7.956577249129573e-27
2647 4156 7 3.5973503033512254e-09
2647 4157 17 7.956577249129573e-27
2648 3083 10 4.7155610745778346e-14
2648 4667 7 3.5973503033512254e-09
2649 3083 7 3.5973503033512254e-09
2650 3083 10 4.7155610745778346e-14
2659 3083 8 9.534908620493048e-11
2660 3083 7 3.5973503033512254e-09
2663 4679 7 3.5973503033512254e-09
2670 3083 7 3.5973503033512254e-09
2674 3083 10 4.7155610745778346e-14
2675 3083 7 3.5973503033512254e-09
2677 3083 7 3.5973503033512254e-09
2678 3675 7 3.5973503033512254e-09
2680 4521 7 3.5973503033512254e-09
2681 2974 8 9.534908620493048e-11
2682 3180 7 3.5973503033512254e-09
2682 4328 7 3.5973503033512254e-09
2682 4330 7 3.5973503033512254e-09
2693 3083 7 3.5973503033512254e-09
2696 5222 14 3.721193340550886e-21
2697 4217 8 9.534908620493048e-11
2698 3871 7 3.5973503033512254e-09
2702 4631 19 9.664558876688442e-31
2708 3482 7 3.5973503033512254e-09
2708 4222 8 9.534908620493048e-11
2709 3482 9 2.2390407797966598e-12
2712 3183 7 3.5973503033512254e-09
2713 5151 14 3.721193340550886e-21
2724 3120 14 3.721193340550886e-21
2726 5151 9 2.2390407797966598e-12
2729 4589 9 2.2390407797966598e-12
2732 3642 24 6.205957748445652e-41
2743 4390 15 5.1270950428084645e-23
2778 3075 9 2.2390407797966598e-12
2780 4356 15 5.1270950428084645e-23
2781 4356 10 4.7155610745778346e-14
2782 3271 9 2.2390407797966598e-12
2782 4260 7 3.5973503033512254e-09
2783 3272 7 3.5973503033512254e-09
2784 4456 8 9.534908620493048e-11
2795 3074 10 4.7155610745778346e-14
2803 4363 18 9.027525445286187e-29
2803 4364 32 3.127738906448797e-58
2805 4249 7 3.5973503033512254e-09
2812 3523 7 3.5973503033512254e-09
2814 5290 10 4.7155610745778346e-14
2822 3083 11 8.995790762711934e-16
2822 3422 9 2.2390407797966598e-12
2823 3083 10 4.7155610745778346e-14
2824 3083 9 2.2390407797966598e-12
2825 3083 13 2.5109602761949934e-19
2826 3083 11 8.995790762711934e-16
2827 3083 11 8.995790762711934e-16
2828 3083 15 5.1270950428084645e-23
2829 3083 29 1.2853094339590439e-51
2830 3083 26 3.7445243454696145e-45
2831 3083 15 5.1270950428084645e-23
2832 3083 10 4.7155610745778346e-14
2833 3083 11 8.995790762711934e-16
2835 3083 7 3.5973503033512254e-09
2836 3083 9 2.2390407797966598e-12
2837 3083 12 1.5672673768657898e-17
2838 3083 18 9.027525445286187e-29
2838 4541 9 2.2390407797966598e-12
2840 3083 10 4.7155610745778346e-14
2841 3083 16 6.5966656565904125e-25
2842 3083 18 9.027525445286187e-29
2842 3513 7 3.5973503033512254e-09
2843 3083 16 6.5966656565904125e-25
2844 3083 11 8.995790762711934e-16
2845 3083 8 9.534908620493048e-11
2847 3083 13 2.5109602761949934e-19
2848 3083 8 9.534908620493048e-11
2848 3111 15 5.1270950428084645e-23
2849 3083 9 2.2390407797966598e-12
2850 3083 15 5.1270950428084645e-23
2851 3083 13 2.5109602761949934e-19
2851 4907 12 1.5672673768657898e-17
2852 3083 10 4.7155610745778346e-14
2853 3083 11 8.995790762711934e-16
2854 3083 9 2.2390407797966598e-12
2855 3083 9 2.2390407797966598e-12
2856 3083 7 3.5973503033512254e-09
2857 3083 9 2.2390407797966598e-12
2859 3570 18 9.027525445286187e-29
2863 3083 9 2.2390407797966598e-12
2868 3083 12 1.5672673768657898e-17
2869 3083 8 9.534908620493048e-11
2870 3384 8 9.534908620493048e-11
2871 3083 9 2.2390407797966598e-12
2875 3083 8 9.534908620493048e-11
2876 3083 10 4.7155610745778346e-14
2876 4809 22 8.590381771057014e-37
2878 3083 8 9.534908620493048e-11
2881 3083 11 8.995790762711934e-16
2883 3083 7 3.5973503033512254e-09
2884 3083 10 4.7155610745778346e-14
2898 4487 8 9.534908620493048e-11
2900 3083 8 9.534908620493048e-11
2902 3083 7 3.5973503033512254e-09
2903 3083 9 2.2390407797966598e-12
2921 3606 20 9.789479204911295e-33
2938 4262 7 3.5973503033512254e-09
2938 5163 9 2.2390407797966598e-12
2947 3575 10 4.7155610745778346e-14
2948 3575 55 6.67499639370009e-113
2948 5193 8 9.534908620493048e-11
2972 4525 14 3.721193340550886e-21
2976 3282 7 3.5973503033512254e-09
2976 3283 7 3.5973503033512254e-09
2977 4845 7 3.5973503033512254e-09
2980 3546 7 3.5973503033512254e-09
3022 3303 17 7.956577249129573e-27
3030 4608 10 4.7155610745778346e-14
3031 4608 12 1.5672673768657898e-17
3043 5091 7 3.5973503033512254e-09
3043 5092 8 9.534908620493048e-11
3049 3545 8 9.534908620493048e-11
3050 4529 7 3.5973503033512254e-09
3075 4651 8 9.534908620493048e-11
3075 4833 7 3.5973503033512254e-09
3075 4956 7 3.5973503033512254e-09
3076 4956 7 3.5973503033512254e-09
3083 3327 10 4.7155610745778346e-14
3083 3328 10 4.7155610745778346e-14
3083 3329 12 1.5672673768657898e-17
3083 3330 8 9.534908620493048e-11
3083 3331 10 4.7155610745778346e-14
3083 3334 7 3.5973503033512254e-09
3083 3335 7 3.5973503033512254e-09
3083 3336 7 3.5973503033512254e-09
3083 3337 15 5.1270950428084645e-23
3083 3338 8 9.534908620493048e-11
3083 3339 10 4.7155610745778346e-14
3083 3340 7 3.5973503033512254e-09
3083 3342 9 2.2390407797966598e-12
3083 3343 7 3.5973503033512254e-09
3083 3345 8 9.534908620493048e-11
3083 3346 13 2.5109602761949934e-19
3083 3347 7 3.5973503033512254e-09
3083 3348 12 1.5672673768657898e-17
3083 3349 8 9.534908620493048e-11
3083 3350 9 2.2390407797966598e-12
3083 3351 7 3.5973503033512254e-09
3083 3352 7 3.5973503033512254e-09
3083 3380 7 3.5973503033512254e-09
3083 3570 9 2.2390407797966598e-12
3083 3571 38 7.338896054939369e-72
3083 3572 28 1.910160877864879e-49
3083 3573 15 5.1270950428084645e-23
3083 3574 10 4.7155610745778346e-14
3083 3575 17 7.956577249129573e-27
3083 3576 10 4.7155610745778346e-14
3083 3577 12 1.5672673768657898e-17
3083 3578 14 3.721193340550886e-21
3083 3579 12 1.5672673768657898e-17
3083 3580 7 3.5973503033512254e-09
3083 3581 14 3.721193340550886e-21
3083 3582 27 2.7292801672632234e-47
3083 3583 16 6.5966656565904125e-25
3083 3584 8 9.534908620493048e-11
3083 3586 10 4.7155610745778346e-14
3083 3587 20 9.789479204911295e-33
3083 3588 20 9.789479204911295e-33
3083 3589 14 3.721193340550886e-21
3083 3591 10 4.7155610745778346e-14
3083 3592 11 8.995790762711934e-16
3083 3594 12 1.5672673768657898e-17
3083 3595 15 5.1270950428084645e-23
3083 3596 9 2.2390407797966598e-12
3083 3600 12 1.5672673768657898e-17
3083 3601 9 2.2390407797966598e-12
3083 3602 11 8.995790762711934e-16
3083 3603 10 4.7155610745778346e-14
3083 3604 10 4.7155610745778346e-14
3083 3605 9 2.2390407797966598e-12
3083 3606 8 9.534908620493048e-11
3083 3607 7 3.5973503033512254e-09
3083 3610 11 8.995790762711934e-16
3083 3611 10 4.7155610745778346e-14
3083 3612 10 4.7155610745778346e-14
3083 3615 11 8.995790762711934e-16
3083 3616 7 3.5973503033512254e-09
3083 3621 7 3.5973503033512254e-09
3083 3622 9 2.2390407797966598e-12
3083 3624 8 9.534908620493048e-11
3083 3625 7 3.5973503033512254e-09
3083 3626 13 2.5109602761949934e-19
3083 3627 10 4.7155610745778346e-14
3083 3628 9 2.2390407797966598e-12
3083 3629 11 8.995790762711934e-16
3083 3631 7 3.5973503033512254e-09
3083 3632 10 4.7155610745778346e-14
3083 3635 10 4.7155610745778346e-14
3083 3636 8 9.534908620493048e-11
3083 3639 8 9.534908620493048e-11
3083 3640 11 8.995790762711934e-16
3083 3641 10 4.7155610745778346e-14
3083 3643 7 3.5973503033512254e-09
3083 3653 7 3.5973503033512254e-09
3083 3655 7 3.5973503033512254e-09
3083 3680 36 2.9174112036298906e-67
3083 3692 7 3.5973503033512254e-09
3083 3822 9 2.2390407797966598e-12
3083 3823 9 2.2390407797966598e-12
3083 3824 10 4.7155610745778346e-14
3083 3826 8 9.534908620493048e-11
3083 3828 8 9.534908620493048e-11
3083 3829 17 7.956577249129573e-27
3083 3830 16 6.5966656565904125e-25
3083 3831 11 8.995790762711934e-16
3083 3832 9 2.2390407797966598e-12
3083 3833 13 2.5109602761949934e-19
3083 3834 23 7.473981759515628e-39
3083 3836 14 3.721193340550886e-21
3083 3837 12 1.5672673768657898e-17
3083 3838 12 1.5672673768657898e-17
3083 3839 17 7.956577249129573e-27
3083 3840 12 1.5672673768657898e-17
3083 3841 11 8.995790762711934e-16
3083 3842 14 3.721193340550886e-21
3083 3843 44 5.738125490110758e-86
3083 3844 37 1.486162636526865e-69
3083 3845 27 2.7292801672632234e-47
3083 3846 7 3.5973503033512254e-09
3083 3847 9 2.2390407797966598e-12
3083 3848 10 4.7155610745778346e-14
3083 3849 10 4.7155610745778346e-14
3083 3850 14 3.721193340550886e-21
3083 3851 10 4.7155610745778346e-14
3083 3854 7 3.5973503033512254e-09
3083 3857 7 3.5973503033512254e-09
3083 3860 12 1.5672673768657898e-17
3083 3862 12 1.5672673768657898e-17
3083 3863 8 9.534908620493048e-11
3083 3866 12 1.5672673768657898e-17
3083 3867 9 2.2390407797966598e-12
3083 3868 7 3.5973503033512254e-09
3083 3869 10 4.7155610745778346e-14
3083 3875 8 9.534908620493048e-11
3083 3880 9 2.2390407797966598e-12
3083 3881 7 3.5973503033512254e-09
3083 3898 9 2.2390407797966598e-12
3083 3899 9 2.2390407797966598e-12
3083 3904 7 3.5973503033512254e-09
3083 3939 8 9.534908620493048e-11
3083 3940 8 9.534908620493048e-11
3083 4062 15 5.1270950428084645e-23
3083 4063 18 9.027525445286187e-29
3083 4064 17 7.956577249129573e-27
3083 4065 13 2.5109602761949934e-19
3083 4066 20 9.789479204911295e-33
3083 4067 9 2.2390407797966598e-12
3083 4068 9 2.2390407797966598e-12
3083 4069 21 9.405411673799986e-35
3083 4070 16 6.5966656565904125e-25
3083 4071 7 3.5973503033512254e-09
3083 4072 17 7.956577249129573e-27
3083 4073 26 3.7445243454696145e-45
3083 4074 15 5.1270950428084645e-23
3083 4075 9 2.2390407797966598e-12
3083 4076 12 1.5672673768657898e-17
3083 4077 14 3.721193340550886e-21
3083 4078 14 3.721193340550886e-21
3083 4079 23 7.473981759515628e-39
3083 4080 12 1.5672673768657898e-17
3083 4081 25 4.926383622816543e-43
3083 4082 14 3.721193340550886e-21
3083 4083 9 2.2390407797966598e-12
3083 4084 9 2.2390407797966598e-12
3083 4085 16 6.5966656565904125e-25
3083 4086 10 4.7155610745778346e-14
3083 4087 14 3.721193340550886e-21
3083 4088 13 2.5109602761949934e-19
3083 4089 11 8.995790762711934e-16
3083 4090 11 8.995790762711934e-16
3083 4091 9 2.2390407797966598e-12
3083 4092 8 9.534908620493048e-11
3083 4093 8 9.534908620493048e-11
3083 4094 10 4.7155610745778346e-14
3083 4095 14 3.721193340550886e-21
3083 4097 11 8.995790762711934e-16
3083 4098 16 6.5966656565904125e-25
3083 4099 7 3.5973503033512254e-09
3083 4100 7 3.5973503033512254e-09
3083 4101 12 1.5672673768657898e-17
3083 4102 11 8.995790762711934e-16
3083 4103 12 1.5672673768657898e-17
3083 4105 8 9.534908620493048e-11
3083 4106 9 2.2390407797966598e-12
3083 4107 16 6.5966656565904125e-25
3083 4108 8 9.534908620493048e-11
3083 4110 12 1.5672673768657898e-17
3083 4111 15 5.1270950428084645e-23
3083 4112 8 9.534908620493048e-11
3083 4113 7 3.5973503033512254e-09
3083 4116 8 9.534908620493048e-11
3083 4117 10 4.7155610745778346e-14
3083 4118 10 4.7155610745778346e-14
3083 4124 9 2.2390407797966598e-12
3083 4127 11 8.995790762711934e-16
3083 4128 12 1.5672673768657898e-17
3083 4130 7 3.5973503033512254e-09
3083 4131 10 4.7155610745778346e-14
3083 4132 16 6.5966656565904125e-25
3083 4133 9 2.2390407797966598e-12
3083 4134 9 2.2390407797966598e-12
3083 4138 8 9.534908620493048e-11
3083 4149 7 3.5973503033512254e-09
3083 4150 7 3.5973503033512254e-09
3083 4157 8 9.534908620493048e-11
3083 4166 7 3.5973503033512254e-09
3083 4216 8 9.534908620493048e-11
3083 4217 8 9.534908620493048e-11
3083 4255 234 0.0
3083 4261 7 3.5973503033512254e-09
3083 4270 12 1.5672673768657898e-17
3083 4271 19 9.664558876688442e-31
3083 4272 16 6.5966656565904125e-25
3083 4273 14 3.721193340550886e-21
3083 4274 15 5.1270950428084645e-23
3083 4276 10 4.7155610745778346e-14
3083 4277 10 4.7155610745778346e-14
3083 4278 8 9.534908620493048e-11
3083 4279 10 4.7155610745778346e-14
3083 4280 8 9.534908620493048e-11
3083 4281 11 8.995790762711934e-16
3083 4282 13 2.5109602761949934e-19
3083 4283 8 9.534908620493048e-11
3083 4284 7 3.5973503033512254e-09
3083 4286 13 2.5109602761949934e-19
3083 4287 12 1.5672673768657898e-17
3083 4288 10 4.7155610745778346e-14
3083 4292 7 3.5973503033512254e-09
3083 4293 11 8.995790762711934e-16
3083 4299 9 2.2390407797966598e-12
3083 4300 8 9.534908620493048e-11
3083 4301 11 8.995790762711934e-16
3083 4302 8 9.534908620493048e-11
3083 4304 8 9.534908620493048e-11
3083 4305 11 8.995790762711934e-16
3083 4308 7 3.5973503033512254e-09
3083 4310 9 2.2390407797966598e-12
3083 4311 9 2.2390407797966598e-12
3083 4314 13 2.5109602761949934e-19
3083 4316 7 3.5973503033512254e-09
3083 4317 7 3.5973503033512254e-09
3083 4319 7 3.5973503033512254e-09
3083 4328 8 9.534908620493048e-11
3083 4329 7 3.5973503033512254e-09
3083 4330 9 2.2390407797966598e-12
3083 4337 9 2.2390407797966598e-12
3083 4347 7 3.5973503033512254e-09
3083 4467 34 1.0211633857642305e-62
3083 4468 28 1.910160877864879e-49
3083 4469 19 9.664558876688442e-31
3083 4470 20 9.789479204911295e-33
3083 4471 10 4.7155610745778346e-14
3083 4472 16 6.5966656565904125e-25
3083 4473 7 3.5973503033512254e-09
3083 4475 9 2.2390407797966598e-12
3083 4476 13 2.5109602761949934e-19
3083 4478 12 1.5672673768657898e-17
3083 4479 15 5.1270950428084645e-23
3083 4480 13 2.5109602761949934e-19
3083 4481 15 5.1270950428084645e-23
3083 4482 15 5.1270950428084645e-23
3083 4483 9 2.2390407797966598e-12
3083 4484 12 1.5672673768657898e-17
3083 4485 15 5.1270950428084645e-23
3083 4486 15 5.1270950428084645e-23
3083 4487 10 4.7155610745778346e-14
3083 4489 10 4.7155610745778346e-14
3083 4490 18 9.027525445286187e-29
3083 4491 9 2.2390407797966598e-12
3083 4492 16 6.5966656565904125e-25
3083 4493 10 4.7155610745778346e-14
3083 4494 13 2.5109602761949934e-19
3083 4495 11 8.995790762711934e-16
3083 4496 14 3.721193340550886e-21
3083 4497 7 3.5973503033512254e-09
3083 4499 7 3.5973503033512254e-09
3083 4500 10 4.7155610745778346e-14
3083 4502 9 2.2390407797966598e-12
3083 4504 10 4.7155610745778346e-14
3083 4505 15 5.1270950428084645e-23
3083 4506 11 8.995790762711934e-16
3083 4508 15 5.1270950428084645e-23
3083 4509 11 8.995790762711934e-16
3083 4510 8 9.534908620493048e-11
3083 4525 17 7.956577249129573e-27
3083 4658 40 1.6345546470697524e-76
3083 4672 9 2.2390407797966598e-12
3083 4676 9 2.2390407797966598e-12
3083 4683 8 9.534908620493048e-11
3083 4688 9 2.2390407797966598e-12
3083 4693 7 3.5973503033512254e-09
3083 4694 8 9.534908620493048e-11
3083 4699 8 9.534908620493048e-11
3083 4713 7 3.5973503033512254e-09
3083 4715 7 3.5973503033512254e-09
3083 4841 7 3.5973503033512254e-09
3083 4857 11 8.995790762711934e-16
3083 4861 7 3.5973503033512254e-09
3083 4863 8 9.534908620493048e-11
3083 4866 8 9.534908620493048e-11
3083 4871 10 4.7155610745778346e-14
3083 4876 10 4.7155610745778346e-14
3083 4877 9 2.2390407797966598e-12
3083 4884 8 9.534908620493048e-11
3083 4885 7 3.5973503033512254e-09
3083 4894 8 9.534908620493048e-11
3083 4898 13 2.5109602761949934e-19
3083 4911 7 3.5973503033512254e-09
3083 4968 10 4.7155610745778346e-14
3083 4969 9 2.2390407797966598e-12
3083 4970 10 4.7155610745778346e-14
3083 4971 8 9.534908620493048e-11
3083 4972 12 1.5672673768657898e-17
3083 4974 8 9.534908620493048e-11
3083 4976 9 2.2390407797966598e-12
3083 4977 9 2.2390407797966598e-12
3083 4990 7 3.5973503033512254e-09
3083 4991 9 2.2390407797966598e-12
3083 4992 7 3.5973503033512254e-09
3083 4993 8 9.534908620493048e-11
3083 4994 8 9.534908620493048e-11
3083 4999 7 3.5973503033512254e-09
3083 5003 7 3.5973503033512254e-09
3083 5024 7 3.5973503033512254e-09
3083 5036 9 2.2390407797966598e-12
3083 5056 8 9.534908620493048e-11
3083 5057 8 9.534908620493048e-11
3083 5074 7 3.5973503033512254e-09
3083 5089 7 3.5973503033512254e-09
3085 3328 7 3.5973503033512254e-09
3086 4216 7 3.5973503033512254e-09
3086 4328 20 9.789479204911295e-33
3087 4328 8 9.534908620493048e-11
3088 3847 9 2.2390407797966598e-12
3089 3847 8 9.534908620493048e-11
3110 3615 8 9.534908620493048e-11
3117 4272 7 3.5973503033512254e-09
3120 5283 8 9.534908620493048e-11
3136 4330 14 3.721193340550886e-21
3136 4331 11 8.995790762711934e-16
3142 4110 9 2.2390407797966598e-12
3142 4111 12 1.5672673768657898e-17
3142 4883 18 9.027525445286187e-29
3142 4884 49 4.758000942520886e-98
3142 4885 11 8.995790762711934e-16
3153 4397 15 5.1270950428084645e-23
3155 3459 10 4.7155610745778346e-14
3161 3707 14 3.721193340550886e-21
3163 3935 13 2.5109602761949934e-19
3163 3936 8 9.534908620493048e-11
3164 3373 7 3.5973503033512254e-09
3169 4698 7 3.5973503033512254e-09
3184 4789 9 2.2390407797966598e-12
3198 4844 7 3.5973503033512254e-09
3202 3704 7 3.5973503033512254e-09
3202 4219 12 1.5672673768657898e-17
3203 4219 7 3.5973503033512254e-09
3215 4846 7 3.5973503033512254e-09
3223 3529 7 3.5973503033512254e-09
3232 4107 21 9.405411673799986e-35
3232 4108 30 8.324715095476261e-54
3232 4174 7 3.5973503033512254e-09
3232 4175 13 2.5109602761949934e-19
3232 4843 7 3.5973503033512254e-09
3234 3932 7 3.5973503033512254e-09
3243 3619 8 9.534908620493048e-11
3244 3674 24 6.205957748445652e-41
3244 4127 21 9.405411673799986e-35
3249 3933 7 3.5973503033512254e-09
3250 4782 7 3.5973503033512254e-09
3252 3546 7 3.5973503033512254e-09
3264 4004 8 9.534908620493048e-11
3264 5089 16 6.5966656565904125e-25
3267 4641 8 9.534908620493048e-11
3269 3588 11 8.995790762711934e-16
3269 3758 7 3.5973503033512254e-09
3269 3915 9 2.2390407797966598e-12
3279 4255 8 9.534908620493048e-11
3280 4556 7 3.5973503033512254e-09
3281 4253 9 2.2390407797966598e-12
3285 3463 8 9.534908620493048e-11
3291 4636 7 3.5973503033512254e-09
3294 4226 10 4.7155610745778346e-14
3294 4541 118 0.0
3306 4904 23 7.473981759515628e-39
3319 4050 7 3.5973503033512254e-09
3320 4460 12 1.5672673768657898e-17
3320 4955 18 9.027525445286187e-29
3320 4956 58 1.8287527484833236e-120
3327 4467 15 5.1270950428084645e-23
3337 4562 27 2.7292801672632234e-47
3344 3649 10 4.7155610745778346e-14
3344 5253 9 2.2390407797966598e-12
3349 4172 8 9.534908620493048e-11
3354 4219 16 6.5966656565904125e-25
3378 3716 13 2.5109602761949934e-19
3396 4349 10 4.7155610745778346e-14
3416 5172 12 1.5672673768657898e-17
3417 4387 7 3.5973503033512254e-09
3426 4709 9 2.2390407797966598e-12
3428 4242 10 4.7155610745778346e-14
3434 3773 7 3.5973503033512254e-09
3464 3804 10 4.7155610745778346e-14
3541 3775 8 9.534908620493048e-11
3542 3775 29 1.2853094339590439e-51
3546 5250 13 2.5109602761949934e-19
3551 4233 13 2.5109602761949934e-19
3556 4088 7 3.5973503033512254e-09
3561 3921 8 9.534908620493048e-11
3570 4270 8 9.534908620493048e-11
3598 3879 13 2.5109602761949934e-19
3613 4863 12 1.5672673768657898e-17
3644 4669 10 4.7155610745778346e-14
3653 4516 8 9.534908620493048e-11
3680 4255 241 0.0
3687 4694 7 3.5973503033512254e-09
3698 4990 17 7.956577249129573e-27
3711 5160 7 3.5973503033512254e-09
3716 4672 10 4.7155610745778346e-14
3745 4870 7 3.5973503033512254e-09
3753 4510 11 8.995790762711934e-16
3755 4636 11 8.995790762711934e-16
3758 4877 8 9.534908620493048e-11
3762 4381 12 1.5672673768657898e-17
3763 4310 8 9.534908620493048e-11
3767 4503 13 2.5109602761949934e-19
3846 4841 8 9.534908620493048e-11
3848 4272 7 3.5973503033512254e-09
3879 4713 7 3.5973503033512254e-09
3914 4433 12 1.5672673768657898e-17
3917 4258 7 3.5973503033512254e-09
3929 4214 7 3.5973503033512254e-09
3932 5102 9 2.2390407797966598e-12
3938 4325 10 4.7155610745778346e-14
3938 4326 18 9.027525445286187e-29
3952 4260 8 9.534908620493048e-11
3957 5097 7 3.5973503033512254e-09
3969 4375 7 3.5973503033512254e-09
3975 4184 16 6.5966656565904125e-25
3975 4185 8 9.534908620493048e-11
3994 5026 11 8.995790762711934e-16
4027 5242 7 3.5973503033512254e-09
4032 4942 12 1.5672673768657898e-17
4055 4956 7 3.5973503033512254e-09
4063 4535 8 9.534908620493048e-11
4064 4830 23 7.473981759515628e-39
4125 5137 7 3.5973503033512254e-09
4126 4613 7 3.5973503033512254e-09
4129 4512 9 2.2390407797966598e-12
4166 4725 11 8.995790762711934e-16
4180 5163 8 9.534908620493048e-11
4213 4845 7 3.5973503033512254e-09
4214 4845 7 3.5973503033512254e-09
4218 4518 7 3.5973503033512254e-09
4219 4623 22 8.590381771057014e-37
4248 4741 12 1.5672673768657898e-17
4252 4520 7 3.5973503033512254e-09
4253 4513 7 3.5973503033512254e-09
4255 4272 7 3.5973503033512254e-09
4255 4275 7 3.5973503033512254e-09
4255 4282 7 3.5973503033512254e-09
4255 4283 7 3.5973503033512254e-09
4255 4290 8 9.534908620493048e-11
4270 4658 19 9.664558876688442e-31
4270 4840 13 2.5109602761949934e-19
4286 4541 13 2.5109602761949934e-19
4294 4707 8 9.534908620493048e-11
4298 4550 8 9.534908620493048e-11
4298 4551 11 8.995790762711934e-16
4305 4510 8 9.534908620493048e-11
4309 4554 13 2.5109602761949934e-19
4349 4622 11 8.995790762711934e-16
4351 4860 8 9.534908620493048e-11
4365 4920 16 6.5966656565904125e-25
4378 5000 8 9.534908620493048e-11
4379 4470 8 9.534908620493048e-11
4383 4858 8 9.534908620493048e-11
4438 4989 8 9.534908620493048e-11
4438 5162 10 4.7155610745778346e-14
4469 5123 9 2.2390407797966598e-12
4484 4952 16 6.5966656565904125e-25
4486 4658 7 3.5973503033512254e-09
4510 4842 8 9.534908620493048e-11
4510 4846 8 9.534908620493048e-11
4510 4847 7 3.5973503033512254e-09
4518 4844 8 9.534908620493048e-11
4529 4902 20 9.789479204911295e-33
4529 4903 11 8.995790762711934e-16
4541 4799 17 7.956577249129573e-27
4552 5255 12 1.5672673768657898e-17
4555 4724 7 3.5973503033512254e-09
4651 4956 13 2.5109602761949934e-19
4910 5210 22 8.590381771057014e-37
4926 4975 18 9.027525445286187e-29
