2536 2
1542 -0.25051832 -0.84000015
1342 0.44761536 -0.81727993
1281 0.6397665 -0.84440523
1953 1.0612063 -0.88018787
1240 1.1105918 -1.0060979
328 3.6807353 -2.3068464
1967 1.2971276 -1.0386595
1529 0.9734466 -0.87180525
1611 -0.78301543 -1.19521
1267 0.49420568 -0.72164214
608 -0.015452009 -0.97167516
1853 -2.5354016 -2.841028
760 -2.4775558 -2.9006157
1195 -0.083825216 -0.8193505
1245 1.1482491 -0.9435102
1227 0.44724935 -0.7304423
648 0.076950446 -0.83803475
1246 1.1730105 -0.89380085
1392 0.714324 -0.883387
1485 2.0358636 -1.3751886
1138 -0.36812228 -0.98908144
536 -0.63389945 -1.2104264
903 -2.2514799 -2.6155698
2466 0.36025533 -0.74480283
598 -0.19042507 -0.9577016
2294 -0.08979984 -0.8938683
220 5.915064 -3.6739633
1627 -0.24117628 -0.8176522
396 -0.3381599 -0.9388681
808 0.016899392 -0.7300682
1266 0.5561347 -0.7771765
1271 0.79582304 -0.87888426
1356 1.5663817 -1.1410606
1831 -3.1329803 -3.4751294
1470 1.7267047 -1.2111198
1175 0.3934887 -0.80565804
782 -2.155226 -2.59103
1810 -2.400221 -2.695573
1800 -2.7782528 -3.097752
146 1.9078298 -1.2743975
1234 1.1545981 -1.0505617
2352 0.7441468 -0.8540874
1473 2.7135632 -1.7431446
1280 0.7480504 -0.8900464
130 1.8964407 -1.3045974
320 4.0657034 -2.555998
730 -0.42478383 -0.9524612
2043 -0.34250718 -0.9609234
192 0.6041978 -0.7859063
667 -0.44005007 -1.0684466
462 -0.69226784 -1.2105906
1250 1.3186668 -1.0641656
1144 -0.49273512 -1.1096405
1244 1.38428 -1.0485419
2400 0.8841917 -0.86529595
1247 1.0094944 -0.88379395
432 -0.67661 -1.2412863
274 4.621618 -2.8635983
1454 3.2905521 -2.0729954
2403 0.63709897 -0.8152535
20 2.9304578 -1.7655652
2106 -0.76824814 -1.1666169
173 1.1842906 -0.9468049
405 -0.36360335 -0.98937297
1475 2.4110055 -1.5796514
819 -0.5977895 -1.0098965
1901 -2.9991765 -3.344158
1117 -0.89041805 -1.2653507
1414 2.7468283 -1.8130578
1765 -0.34085646 -0.9003405
383 -0.34795058 -0.9641872
1575 -0.9507123 -1.3733777
1886 -3.5170689 -3.9005191
814 0.15877824 -0.72290117
2314 -0.13661776 -0.8852377
1773 0.0576767 -0.6498538
140 2.5233898 -1.5775831
1264 0.21692832 -0.7027481
1722 0.045087617 -0.65025514
2296 -0.23359439 -0.8890915
2359 0.61981654 -0.7878119
2621 0.77296674 -0.8870725
1543 -0.6392152 -1.0705111
1568 -0.6929592 -1.1948861
113 1.6733947 -1.1397299
1829 -2.331967 -2.612177
758 -1.8985887 -2.2772915
1164 0.553317 -0.83135796
1642 -2.2742958 -2.6174927
877 -2.059593 -2.4802122
2382 0.6285888 -0.8965521
763 -2.1516666 -2.5873213
277 5.790606 -3.5765328
1754 -0.23830138 -0.86499184
196 1.8146521 -1.1899616
595 -0.15347177 -0.9762141
2640 0.022869615 -0.79815257
32 0.8754935 -0.8203374
985 -2.4440763 -2.7886136
437 -0.44966832 -0.99455905
1180 0.57325613 -0.84763163
720 -0.14438021 -0.7909406
2404 0.30405045 -0.8043856
836 -0.9077836 -1.3349779
714 -2.8232648 -3.2930193
282 5.3793173 -3.3056376
1199 0.03492545 -0.7222897
1274 0.67077184 -0.8239604
1052 -1.2681037 -1.6704125
1277 0.08860041 -0.6694065
447 -0.36625004 -1.0355248
548 0.26522708 -0.80208445
944 -3.192078 -3.5843234
2055 -0.61829674 -1.1713699
1196 0.013394487 -0.7452713
811 0.31209436 -0.7947801
336 2.994444 -1.9306422
465 -0.44116062 -1.0491304
551 0.1059747 -0.7807648
90 3.447096 -2.1133204
1628 -0.25799644 -0.93199617
1272 0.65484035 -0.80116725
2578 0.48386937 -0.79691917
1051 -0.53719294 -1.0139005
191 0.37923208 -0.7076169
887 -2.716813 -3.107179
2367 0.3916657 -0.80706257
1279 0.46539423 -0.8238588
1625 -0.7975126 -1.2669358
785 -2.6293912 -3.0558903
962 -2.332931 -2.6648688
1502 2.2770824 -1.5018793
1166 0.41904092 -0.8329196
897 -2.4374328 -2.8327687
780 -1.518733 -1.9322144
2304 -0.067449965 -0.90174735
1108 -0.27920052 -0.9788316
2364 0.051324323 -0.7836604
1129 -0.61336297 -1.1530772
812 0.11759528 -0.8266033
2292 -0.14219269 -0.8886677
2078 -0.80172485 -1.1707567
451 0.042672716 -0.76261055
1344 0.58519167 -0.81589365
2397 -0.26591268 -0.77344525
1422 1.9234985 -1.2944738
1771 -0.2546822 -0.9270949
1179 0.45871845 -0.82476854
358 5.2703676 -3.237206
1299 0.67157876 -0.88064265
1097 -1.806326 -2.0983016
1238 0.6078748 -0.7050268
467 -0.38676822 -1.0337648
1991 3.132628 -2.0257819
1258 1.048908 -1.0190768
2203 -2.8744788 -3.2017958
1652 -0.7301665 -1.185672
1767 -0.0900389 -0.8856227
1185 0.5171068 -0.73720396
1232 0.7427215 -0.89874196
1268 0.7511846 -0.86007714
1655 -1.0166478 -1.3746164
2011 2.0674298 -1.4073899
1809 -2.5221612 -2.845311
1488 2.6928723 -1.744414
516 -0.6476416 -1.1943939
1248 1.2541999 -1.0586414
1834 -2.8950815 -3.2164798
1968 2.9579637 -1.9518063
1468 1.3080055 -1.0735625
436 -0.5730687 -1.0743321
94 3.8826866 -2.4016833
1467 1.1704911 -1.0420663
141 2.2210076 -1.4292133
378 3.0692065 -1.9318886
1639 -1.1569457 -1.5227464
1736 -0.054710254 -0.86252767
948 -2.456494 -2.7945092
1160 -0.014338874 -0.78590304
1558 -0.64730227 -1.0889821
1211 0.3218266 -0.7596906
2608 0.48266044 -0.73684293
1060 -0.7562183 -1.2811716
607 -0.054647755 -0.9914595
2473 0.25819698 -0.76638776
1584 -0.9340109 -1.416661
2157 -1.8661425 -2.1940086
2566 0.450416 -0.8288634
974 -2.2565665 -2.6100214
2425 -0.07181931 -0.8050943
332 5.3996086 -3.352008
939 -2.513361 -2.8737595
1984 3.513296 -2.2223077
2067 -0.5606549 -0.95634496
133 1.2712862 -1.0012013
1186 0.29380178 -0.783912
1962 2.5050852 -1.677957
1994 2.8781204 -1.8964138
499 -0.19204077 -0.83006036
2565 0.19928072 -0.87788695
231 3.559418 -2.246236
1078 -0.7753107 -1.2777134
1210 0.23349775 -0.80612606
1203 0.12109394 -0.77483714
1523 0.793127 -0.7954202
2406 0.3023012 -0.8042401
1077 -0.5102347 -1.1081069
879 -1.0042304 -1.388359
2463 0.43655095 -0.79699105
1087 -0.7140644 -1.0758251
1332 0.63391286 -0.85781103
1447 2.1896703 -1.4664366
524 -0.7277658 -1.2352225
450 -0.19264016 -0.94943595
2568 0.40526876 -0.87367177
1513 2.6343942 -1.6907429
1929 1.629276 -1.211049
389 -0.67507994 -1.2066194
2039 -0.93418133 -1.3296103
194 -0.080657564 -0.8017763
291 4.8471146 -2.9739883
1483 2.8498409 -1.7935199
2167 -0.9525853 -1.3464593
2060 -1.3366263 -1.7239472
1331 0.7938433 -0.8195391
459 -0.49453148 -1.0696213
1402 0.9149954 -0.9579534
340 4.6374645 -2.8621688
370 2.5267413 -1.6566428
2426 0.010045135 -0.7213401
2641 -0.07335773 -0.8775786
2312 0.005309471 -0.8095955
1024 -0.57295835 -0.98165375
339 4.9006805 -3.055877
2362 0.13669437 -0.7556435
624 -0.1802499 -0.93435717
201 2.6410644 -1.7379267
1980 2.1010444 -1.4763752
1482 3.11239 -1.962677
1867 -1.8427285 -2.0859482
163 2.5042448 -1.5524412
1273 0.52711236 -0.7683338
2083 -2.0315197 -2.3219054
208 3.2489429 -2.0685992
280 5.8114986 -3.5745375
2108 -1.3896663 -1.6805342
1640 -0.9434579 -1.3066299
1046 -0.081043094 -0.64488083
946 -3.1560488 -3.5381486
1586 -1.1453784 -1.5718495
2349 0.027130522 -0.7860947
738 -1.3954338 -1.8279428
1883 -0.8130906 -1.0799367
2263 -0.031603724 -0.90579504
2301 0.051524263 -0.8680377
75 4.0753274 -2.496984
354 4.7271395 -2.9156158
2231 -2.2710042 -2.5434694
1674 0.8639967 -0.8516345
896 -2.345306 -2.7543743
1304 2.0096362 -1.4295002
2148 -3.0712943 -3.38576
943 -2.2207487 -2.5422988
776 -2.9032304 -3.3757858
1150 -0.4889708 -1.0834296
756 -2.402744 -2.8706388
2177 -3.1538446 -3.4879375
2066 -1.2187148 -1.6070004
1527 0.982136 -0.90048623
2262 0.11638056 -0.85726607
931 -0.7783866 -1.1034949
1972 2.980635 -1.9990891
1613 -1.1443843 -1.6296701
2122 -0.999296 -1.42812
152 2.0658576 -1.3264962
1178 0.5797251 -0.8263183
2620 0.90231925 -0.8641428
687 -0.29396373 -0.86162466
316 5.2209783 -3.2170188
2618 0.3244775 -0.80202764
1187 0.502834 -0.8571803
1781 -0.8616391 -1.1198592
2248 -0.0048279935 -0.8236028
935 -1.4460231 -1.8335038
2027 3.9435446 -2.4888067
1214 0.37665495 -0.7583978
2140 -3.1858234 -3.580197
655 -0.040730517 -0.91363084
211 3.635644 -2.3333359
1839 -2.0447664 -2.343607
1184 0.7115988 -0.8809502
1242 0.98096687 -0.9214779
2598 0.3140261 -0.8578451
2224 -2.1615574 -2.4696958
1879 -2.2788367 -2.5518858
2358 0.5783329 -0.698625
37 1.3716395 -0.9886644
43 2.2410011 -1.4520848
214 6.106507 -3.7702088
225 3.57116 -2.2579043
1132 -0.47649947 -1.086444
226 4.155664 -2.607523
1239 0.11884073 -0.7373645
1462 2.2139885 -1.515703
2023 3.2626965 -2.1168137
2065 -0.6659076 -1.057067
2443 1.0374446 -0.934706
1226 0.98302716 -0.9255655
371 3.901428 -2.440329
752 -1.5045009 -1.9048345
1260 0.3735861 -0.76333386
1516 1.913426 -1.3688862
64 2.9335532 -1.7994577
921 -3.1769502 -3.5753548
1757 -0.06956454 -0.80641043
438 -0.39227074 -1.0029421
2121 -1.0160308 -1.4450096
2058 -0.8731085 -1.3431083
846 -1.1243637 -1.494595
2584 0.31237057 -0.7936689
957 -2.4106867 -2.7219238
971 -1.636249 -1.9976059
636 0.0041044136 -0.9168975
748 -1.1428182 -1.504443
1448 2.2719634 -1.5301291
174 1.7087616 -1.1386935
2399 0.24125946 -0.74224097
2204 -2.9129815 -3.2385514
2401 0.44937947 -0.59481263
2274 -0.390351 -0.9968821
969 -1.5514953 -1.8749733
523 -0.7939466 -1.2844875
1257 1.4262515 -1.1746516
2259 0.13643803 -0.8234366
463 -0.68957007 -1.1857289
1243 1.118545 -0.9997853
1177 0.4483674 -0.8539577
469 -0.4100133 -1.0004268
2347 0.4173092 -0.7466914
530 -0.71187425 -1.2294517
335 4.6192055 -2.866487
1205 -0.5436869 -1.0858555
641 0.19343594 -0.8547365
1222 1.028957 -0.9996749
496 -0.08704061 -0.67633724
1276 1.079536 -1.0122119
1161 0.29572415 -0.63501924
1231 0.9171213 -0.8688344
439 -0.41641867 -1.1083093
1206 0.030639993 -0.83383906
2423 -0.1552074 -0.6554188
2636 -0.031693958 -0.8853018
1035 0.60179484 -0.6985889
519 -0.2961948 -0.8327029
673 -0.16773938 -0.87529886
1477 1.7137922 -1.1834611
830 -1.2063625 -1.6369401
2564 0.19196689 -0.82278824
2044 -0.0013532981 -0.70330137
433 -0.7491178 -1.2693858
1894 -2.6675096 -2.9647992
1605 -1.6730429 -2.1044633
1357 0.8706898 -0.84631443
1259 0.91733444 -0.9726158
1310 0.77595836 -0.8584514
1198 0.112511165 -0.83550584
1235 1.2447215 -1.1251804
445 -0.044973794 -0.84574145
2195 -2.1611886 -2.4845955
1131 -0.49466956 -1.099844
513 -0.2946902 -0.99922234
1531 1.9325007 -1.3548659
2102 -1.5550226 -1.8538046
99 0.797441 -0.7164207
1812 -1.738651 -2.0088847
1016 -0.1891761 -0.85480803
1497 2.5385888 -1.6414709
1194 -0.048606895 -0.84329015
2282 -0.19411285 -0.964935
2642 0.102914445 -0.81449795
762 -1.6629759 -2.1027758
2197 -3.2264383 -3.586092
431 -0.758688 -1.2762878
1500 2.8976977 -1.8395997
2521 0.16048017 -0.7441029
1386 0.7660929 -0.90195394
821 -1.1464 -1.5886861
1282 0.5762628 -0.83654493
1768 0.098067164 -0.79293406
1230 0.621962 -0.8293337
2408 0.14685671 -0.7741646
2475 0.605703 -0.8226049
1918 1.4265642 -1.1889184
1056 -0.2962938 -0.89832747
1253 1.4259894 -1.175947
764 -2.4949555 -2.911687
2150 -2.3216388 -2.5721214
298 4.6073437 -2.8236918
980 -2.0649369 -2.4001026
2025 3.8181767 -2.463801
810 0.439271 -0.72133243
180 1.6569499 -1.152941
1261 0.71750784 -0.8724026
1741 -0.3471087 -0.9571478
480 -0.06389396 -0.7961911
904 -2.6382308 -2.9802296
996 -2.5158339 -2.9105887
2365 0.20096359 -0.77885765
1743 -0.0093145985 -0.7699839
2198 -3.019119 -3.3824542
1404 -0.65200955 -0.8828866
937 -2.4520812 -2.7846992
2363 0.23382755 -0.8116653
289 4.428162 -2.7423737
2624 0.41309097 -0.7904522
1098 -1.2258444 -1.5722501
452 -0.38225818 -1.047137
783 -1.6851166 -2.133969
48 2.996696 -1.8173705
1058 -0.7431078 -1.2350293
147 1.2201043 -0.8721668
326 3.9709444 -2.45963
1265 0.36006138 -0.7064353
1449 3.5378196 -2.2036576
968 -1.4736183 -1.8283727
1251 1.466807 -1.1770998
359 4.611502 -2.8382092
1511 2.2435977 -1.5084404
533 -0.69807994 -1.1497334
178 1.014808 -0.8408819
2019 2.9599187 -1.9515158
1162 0.41702566 -0.85589325
1603 -0.45523027 -1.01806
1874 -1.587718 -1.8360913
603 -0.09824601 -0.91570383
961 -3.205326 -3.631115
1096 -0.922639 -1.2060046
167 0.9286551 -0.9046793
2398 -0.3728619 -0.8177725
1899 -2.6567743 -2.9470856
1237 1.0020221 -1.0014503
106 2.39824 -1.4866331
1083 -0.962185 -1.3567517
2395 0.2578717 -0.79407984
1862 -3.0430439 -3.3772907
1343 0.6691398 -0.905871
295 4.591641 -2.8251238
120 0.96877605 -0.76519924
2392 1.2464365 -0.95122665
2520 0.20643552 -0.7786085
2042 -0.6486178 -1.1760503
1082 -1.0070747 -1.4234021
1444 1.5096277 -1.1195933
267 4.943616 -3.0659876
906 -2.8495066 -3.2181754
2464 0.33027074 -0.8330973
497 -1.237255 -1.5624689
1081 -1.305391 -1.7420459
311 3.9371724 -2.436782
537 -0.43328997 -0.9985749
1212 0.03164774 -0.7890816
2159 -2.344281 -2.645028
1570 -0.30778748 -0.9814481
584 -0.16534564 -0.96033525
1528 0.83148265 -0.8675784
2468 1.280261 -1.0470109
1171 -0.2796079 -0.8693602
2457 0.3330152 -0.765183
638 0.11776072 -0.87136644
2261 0.1994098 -0.6975803
1084 -0.6920941 -1.0642872
1855 -2.5864122 -2.9034777
1537 0.9388546 -0.827054
424 -0.32679775 -1.0307738
1478 2.4055123 -1.5634736
268 2.7629955 -1.8334466
934 -0.065450095 -0.78606474
2158 -2.6820257 -3.0599952
2427 0.14194259 -0.74293387
1361 -0.024938893 -0.61817294
369 2.989983 -1.896641
929 -2.6180656 -2.9715402
1469 0.9452412 -0.8406064
2285 -0.192637 -0.95098317
2181 -3.2957153 -3.6643057
377 3.1646385 -1.9978101
2310 0.05256418 -0.8816509
1269 0.85001373 -0.8977558
477 -0.3302307 -0.9628161
36 1.4004632 -0.92861897
2390 0.44010237 -0.7930161
343 4.9767876 -3.1093314
2219 -3.4752312 -3.88656
573 -0.1402283 -0.9524695
2313 -0.25152135 -0.9934492
902 -2.8725371 -3.2587447
262 5.929618 -3.6466818
88 1.8460578 -1.2656221
1900 -2.1845896 -2.4456484
2129 -1.045746 -1.4153658
1236 1.2396827 -1.0549275
927 -2.7094274 -3.0963473
1460 1.6759087 -1.2209852
771 -1.5227003 -2.030146
1646 -0.8629617 -1.2985908
2415 -0.16225843 -0.9201867
1436 2.7240794 -1.7271566
117 1.8143523 -1.1910198
2196 -2.8394778 -3.2023783
1028 -0.056949995 -0.7429098
352 3.829096 -2.3891022
956 -3.1091053 -3.4598434
2381 0.5310882 -0.7690263
2216 -2.1406243 -2.446539
304 4.598575 -2.843798
1116 -0.51494825 -1.0254713
563 0.7574728 -0.87906563
2315 -0.14199993 -0.92976123
1278 0.42567173 -0.784846
838 -0.7793296 -1.183068
615 0.11031391 -0.79539335
2144 -2.165184 -2.4256275
2175 -2.3454313 -2.6349437
1373 1.1755812 -0.97967607
1191 0.34036782 -0.80600667
2114 -0.3802696 -1.046186
1891 -3.108689 -3.4575043
1936 2.075182 -1.3895494
1620 -0.85545594 -1.434912
2595 0.08626063 -0.83021355
1885 -3.2486415 -3.5967238
2146 -2.820576 -3.1536958
2412 -0.3034619 -0.80287266
2572 0.25760108 -0.859728
1548 0.24972965 -0.41610363
1326 1.5647757 -1.1770968
2342 0.3776893 -0.81029767
2139 -2.41717 -2.7536325
825 -1.629838 -2.032648
1165 0.38264334 -0.77278894
1263 0.75021344 -0.85063124
767 -1.7008789 -2.1491456
912 -3.5967748 -4.0285263
526 -1.0765272 -1.4468257
2335 0.32802334 -0.75921446
631 0.14740816 -0.88778466
1689 0.12262887 -0.7581596
997 -3.2682374 -3.6657338
495 -0.7965149 -1.0597496
2575 0.24655454 -0.8398414
599 0.13878894 -0.85598767
1608 -1.5258925 -1.9035783
204 3.3895285 -2.2045121
310 5.276627 -3.2398763
39 2.7920792 -1.7264245
639 0.28327304 -0.7926788
1350 1.0388227 -0.8985413
19 2.326476 -1.4406607
385 -0.16867685 -0.79714245
2298 -0.49176598 -1.0540468
1651 -1.2663374 -1.7726495
2389 0.339116 -0.5852546
1207 0.28619343 -0.799676
1384 0.21645308 -0.653939
1654 -0.56070286 -1.0718001
621 -0.10274576 -0.88446444
1752 -0.056737456 -0.86398137
2322 -0.1798671 -0.9337743
1481 3.2931187 -2.0637517
660 -0.20125748 -0.91020834
1562 -1.4500872 -1.817013
2093 -2.0599022 -2.303376
1632 -0.9709725 -1.4290603
2185 -3.5812786 -3.9711325
885 -3.5052123 -3.9115973
134 1.4043741 -0.9953306
854 -2.1516368 -2.490619
954 -3.154538 -3.5398145
2119 -1.0731041 -1.4803998
1329 0.77795327 -0.8649704
761 -0.7932481 -1.1251367
2637 -0.16673979 -0.9067137
2138 -1.545768 -1.9154506
1147 -0.20039031 -0.83766794
952 -2.9208632 -3.2840075
1645 -1.1235865 -1.495136
2013 3.0288043 -1.9540159
1532 1.2086021 -0.99756294
1104 -0.42673144 -0.8801238
590 -0.06763891 -0.96199554
2607 0.83774024 -0.749171
2465 -0.10599618 -0.90710294
2547 0.12736718 -0.58569515
2095 -2.1927524 -2.466756
1445 1.7939864 -1.2882178
222 6.0457463 -3.7371356
1832 -2.8995361 -3.2001874
2125 -0.8139193 -1.2467562
955 -3.3450305 -3.7629745
1791 -3.092773 -3.458501
2165 -0.7250885 -1.0959469
121 2.2745082 -1.4345359
2343 0.3026428 -0.789249
51 2.5823994 -1.5818466
266 5.6410446 -3.4720397
644 0.61131084 -0.79055846
2321 -0.12179028 -0.8841246
1074 -1.2460179 -1.6241899
338 4.4298806 -2.76803
2368 0.70249456 -0.88531184
1312 0.6888975 -0.8693478
234 5.8314652 -3.5874624
1224 0.670861 -0.89008105
1353 1.0374857 -1.0069331
964 -1.8237557 -2.148249
1572 0.05809979 -0.70912784
1201 0.19416207 -0.7822279
1978 3.9645002 -2.5090926
2435 1.3734964 -1.0518435
2647 0.22470519 -0.829832
485 -0.68646413 -1.1085624
1293 0.8748945 -0.90764016
1545 -0.5599929 -1.0718755
2638 -0.12390264 -0.91373444
1379 0.31174543 -0.70176274
449 -0.32119253 -1.0806156
618 0.081407554 -0.89089817
1535 0.47994292 -0.7510229
1073 -0.56472284 -1.064509
1959 1.2614596 -1.0194527
2056 -1.0303723 -1.4747676
840 -0.85916823 -1.3268111
426 -0.24558558 -0.8641616
166 1.2009482 -0.9612258
2622 0.30455083 -0.75075287
547 0.38381982 -0.823264
22 2.9449666 -1.7910874
2103 -1.3993385 -1.7233636
959 -2.1810591 -2.4845614
256 5.642565 -3.4861953
2354 1.0004609 -0.85821235
13 1.5045927 -1.037108
976 -3.284267 -3.7128973
1346 1.4737513 -1.1305625
1486 1.430067 -1.0091233
2372 0.70508915 -0.8620411
60 3.1390095 -1.8801242
647 0.08556956 -0.890257
1865 -3.0344918 -3.3694825
2153 -2.0740626 -2.397905
580 0.060166802 -0.89126694
2619 0.29573765 -0.7719043
911 -3.3160067 -3.7093759
1270 0.74835014 -0.8754154
2375 0.5844009 -0.8274323
768 -1.3556722 -1.7932569
136 0.516178 -0.6243234
1897 -2.5498984 -2.8396778
1571 -0.6418055 -1.1902524
994 -3.252581 -3.6233857
1369 1.5482789 -1.1964327
798 -1.4815476 -1.854367
1109 -0.30403665 -0.9459044
1514 1.6498941 -1.2105045
153 1.3591883 -0.98080134
1664 0.06835722 -0.7512987
49 2.8512034 -1.7304052
2402 0.41060156 -0.7996673
1524 0.78191584 -0.83232313
1071 -0.7830526 -1.2357488
1256 1.1061025 -1.066137
363 3.8787687 -2.4045317
899 -1.9725525 -2.3288226
888 -2.436661 -2.8437548
517 -0.7787108 -1.3107871
151 2.5092077 -1.5623875
2319 -0.61700207 -1.1575392
1400 1.1754082 -1.0186855
634 0.085335 -0.886826
1934 2.7918425 -1.8470373
2226 -1.4004068 -1.694827
2072 -1.6016786 -1.8977145
1025 -0.5485774 -0.9959815
2089 -2.5746107 -2.8871799
1813 -1.0741208 -1.388484
1119 -0.5300428 -1.013471
156 1.2937752 -1.0024073
666 -0.43790808 -0.97806954
525 -0.8740134 -1.2869318
1868 -3.0769105 -3.412951
1223 0.7978388 -0.92487085
2452 0.21269259 -0.6755331
341 4.5694175 -2.8619866
1034 0.2627809 -0.5820303
1515 1.0629786 -0.87130183
766 -2.1547358 -2.6020386
1050 -1.1404778 -1.5310547
302 4.5876904 -2.8263288
2048 -0.38099876 -1.0635792
1569 -0.68060476 -1.2833029
25 1.7642263 -1.2018692
2217 -3.1605844 -3.553732
1340 -0.0601602 -0.5649437
181 0.9547764 -0.80723965
1711 -1.0492562 -1.4106627
1213 0.11288247 -0.77537364
411 -0.9667104 -1.3885531
2247 0.12861256 -0.8563098
2057 -0.8443267 -1.2857965
1183 0.6548367 -0.8994017
2229 -2.483016 -2.7937832
2519 0.033944894 -0.7803144
1476 1.9384096 -1.3400419
1653 -0.28788057 -0.9880962
357 4.757127 -2.947518
1824 -0.1057615 -0.3944602
1328 0.9255678 -0.9710653
770 -0.85014945 -1.310399
293 4.9275246 -3.017427
858 -0.89776766 -1.2564927
171 1.3082602 -1.0146091
481 0.029231643 -0.7766855
2580 0.27059904 -0.7961337
797 -0.931626 -1.3837881
169 0.46711785 -0.7239723
230 3.5000541 -2.2128031
1760 -0.7973746 -1.2136425
1075 -0.7886985 -1.2723712
2633 0.062126994 -0.88085985
1864 -2.6623158 -2.9539864
732 -0.61225665 -1.1755161
2536 0.31770313 -0.72916234
1815 -1.0641297 -1.304762
829 -1.9332317 -2.3036234
330 4.4532046 -2.7544293
1896 -2.755249 -3.045635
2350 0.5429035 -0.82047266
898 -1.4199046 -1.7771741
95 2.5667639 -1.6268237
1609 -0.9359629 -1.3432696
1769 -0.110281266 -0.88111174
425 -0.42273924 -1.0597943
512 -0.29213208 -1.0205655
2267 0.30117962 -0.78099823
654 -0.14362633 -0.86728334
664 -0.45186034 -1.1061592
511 -0.2574693 -0.9400973
2393 0.3533862 -0.6827777
1493 2.6064363 -1.6224086
1439 2.1803734 -1.5110875
2527 0.23338468 -0.73578626
901 -2.469562 -2.8023987
1371 1.1133215 -0.9863034
2061 -1.7019135 -2.0092654
581 -0.12144142 -0.9321994
2639 0.029924799 -0.84175104
1581 -1.9555258 -2.4784513
2428 1.1255633 -0.95896375
794 -1.0679451 -1.4367357
2132 -1.9748526 -2.2675533
1633 -1.2375517 -1.6579622
1494 2.6401625 -1.6537297
193 0.68992054 -0.70204276
79 3.0889535 -1.9415019
232 3.604141 -2.3048122
229 2.61334 -1.7337313
1120 -0.17355464 -0.7707797
116 1.9485565 -1.2513226
1504 2.107566 -1.3784082
1368 1.8499526 -1.3596799
1533 0.9907922 -0.9084652
1100 -1.1860535 -1.5246727
2176 -2.2510054 -2.5495105
2120 -0.77922326 -1.2978867
1772 -0.29016998 -0.94402957
674 0.0091143185 -0.6591734
518 -0.6297964 -1.1588634
627 -0.17247032 -0.7144881
1118 -0.74378026 -1.209051
127 2.3946288 -1.4801254
2648 0.023864558 -0.7805759
327 4.8721833 -3.0084462
235 5.706812 -3.5069287
744 -0.7684251 -1.3593656
633 -0.0064134733 -0.9589714
2200 -2.2121596 -2.4687877
1438 2.41089 -1.5904027
2230 -3.1312883 -3.5204585
73 2.2252192 -1.4451712
772 -1.533338 -2.063061
778 -2.6887426 -3.0957708
668 -0.24787304 -0.97962445
2355 0.8038742 -0.8376141
1298 0.90801454 -0.98159194
1101 -0.68488884 -0.9660136
1121 -0.6335081 -1.1568083
1249 0.8139652 -0.86125135
1716 -0.45029855 -0.99977887
2053 -0.40000105 -1.0791348
2213 -3.2019818 -3.5570004
1200 0.05141192 -0.75498325
458 -0.65851974 -1.1161366
1970 2.4564214 -1.599506
2201 -3.0077877 -3.3124058
2081 -1.4982482 -1.781684
2407 0.400187 -0.83142054
2113 -0.09559336 -0.7898228
65 1.8305649 -1.165453
303 3.5259418 -2.214332
84 1.8120004 -1.1812596
832 -0.958783 -1.4609119
2582 0.15564126 -0.7823015
2098 -0.6967799 -1.0769167
2503 0.09937223 -0.8095599
21 2.3154585 -1.4417462
466 -0.6103899 -1.1401081
1847 -2.6624267 -2.9814808
1202 0.40643603 -0.79109746
1405 -0.084411465 -0.6403116
2006 1.5706291 -1.1268387
577 -0.04722654 -0.93075144
2109 -1.4610573 -1.7565688
1804 -3.263662 -3.6072204
1106 -0.22898805 -0.90555507
2616 0.24979638 -0.81254274
1618 -0.22368467 -0.95595044
1805 -2.057313 -2.3532388
413 -0.43895212 -1.0636704
1327 0.5963371 -0.8315054
900 -1.3772014 -1.6937159
1359 0.29101044 -0.57545
1377 2.8674386 -1.8465323
1370 0.86572915 -0.7673896
719 -0.09568527 -0.68618435
1761 -1.1163943 -1.4806147
2411 -0.18262154 -0.778766
1168 0.33106145 -0.8263098
9 0.90991324 -0.898718
2212 -3.0512505 -3.3873596
769 -1.5406729 -1.983481
1607 -1.2841961 -1.7614464
1358 0.4575944 -0.6548306
1723 -0.14018957 -0.8461884
1964 0.46683282 -0.6345201
1647 -1.2689893 -1.7101775
509 -0.7724968 -1.2663006
2100 -1.4300294 -1.8073331
2567 0.26414326 -0.9171425
2268 -0.025170108 -0.6447839
1648 -1.5600566 -2.0232625
1996 2.7601466 -1.8224053
862 1.0871696 -0.8394992
818 0.07349958 -0.7612389
2080 -1.5422964 -1.8632076
1880 -2.4690907 -2.7899046
1793 -2.0251896 -2.3522475
1306 1.0595025 -0.933759
777 -1.6639323 -2.1027608
2017 3.0284445 -1.9831455
886 -2.5721986 -2.9768255
2147 -3.3095038 -3.658734
1487 1.4441074 -1.1064175
867 -1.5799984 -1.9958882
1378 1.734339 -1.2382711
2085 -1.6520326 -1.9004397
2601 0.58352304 -0.7925156
933 -0.4892179 -0.95078504
1080 -0.67455447 -1.2020346
574 -0.10941455 -1.0055869
157 0.73961383 -0.6812089
2223 -2.5898058 -2.9040804
612 0.18010229 -0.8958241
1842 -1.5143099 -1.8222198
731 -1.2316025 -1.7351989
1629 -1.173275 -1.6396289
2552 0.1692845 -0.6576428
2557 1.1708252 -0.97048265
824 -1.7330357 -2.132556
1884 -3.0914757 -3.4243762
273 3.952077 -2.481154
1216 0.6834218 -0.8805095
1828 -2.73514 -3.0266075
596 -0.08471058 -0.95795745
1167 0.26018724 -0.7705194
1624 -0.7091104 -1.2232647
236 6.0172954 -3.7168658
1128 -0.4891035 -1.0870361
1573 -0.37342316 -0.87894696
1673 0.30313346 -0.64655626
1362 0.036695696 -0.75303227
2467 0.6042152 -0.8090832
2115 -0.7580747 -1.2249961
89 2.9675524 -1.8587722
2194 -2.1252081 -2.464158
1219 0.52885926 -0.82933325
2024 3.47501 -2.2473276
967 -2.7099147 -3.0954266
1820 -2.1307676 -2.4137168
1952 0.90177405 -0.8097273
2110 -1.7818631 -2.090034
1580 -2.05671 -2.506194
2170 -1.4206024 -1.6917577
1297 0.9870158 -0.93551743
1872 -1.6632218 -1.8780618
1325 0.8244423 -0.87501657
1512 1.818617 -1.2318945
1507 1.5780895 -1.058573
419 -0.36027768 -1.0033318
1519 0.59108794 -0.69518757
2222 -3.3574471 -3.7915287
228 2.2460346 -1.5064236
2062 -1.7865375 -2.0899575
1622 -0.068591766 -0.70938355
947 -2.3878267 -2.7074955
546 0.51912946 -0.83396643
337 5.0527177 -3.1483774
883 -2.8643692 -3.3083172
412 -0.37165788 -1.0563729
164 2.5434923 -1.5801868
442 -0.43455327 -0.96721876
1334 0.83549976 -0.9303326
579 0.07945764 -0.905518
2609 0.11097335 -0.8431617
941 -2.502108 -2.8563337
2172 -0.95005476 -1.2914493
97 1.7270187 -1.2393551
1939 1.290934 -1.0776187
1727 -0.4326054 -0.9915596
1341 0.90242815 -0.8124055
1335 0.6761733 -0.8491934
1394 0.8167391 -0.95078075
1068 1.1742464 -0.9205386
1643 -1.0269837 -1.3927132
2091 -2.413221 -2.715475
1466 1.6995748 -1.2536868
184 0.8045783 -0.9172351
491 -0.72723377 -1.1180015
2499 -0.30552015 -0.9329603
2015 1.5472155 -1.1378504
154 1.7328949 -1.1977161
1634 -1.2919974 -1.6979388
1559 -0.6247664 -1.1405046
2476 0.49303657 -0.79475033
2003 4.0598865 -2.5774784
1604 -0.8901356 -1.4035364
1553 0.53991413 -0.7143242
559 0.13320307 -0.8034479
757 -1.8803763 -2.3512747
2297 -0.41646537 -1.0602129
1979 3.4329684 -2.217392
1157 -0.027632635 -0.7184994
1126 -0.24829939 -0.89296854
2540 0.28805283 -0.6780939
1220 0.9968087 -0.9470572
1614 -1.4398259 -1.9107671
318 4.628308 -2.853081
2260 0.481987 -0.78645045
2127 -0.6758252 -1.1873804
2479 0.29574683 -0.7428216
1142 -0.624584 -1.1375223
12 2.236128 -1.3994343
617 0.018469594 -0.77924615
397 -0.4954997 -1.056288
522 -0.71708703 -1.2521112
503 -0.47569564 -1.0725977
989 -2.0904646 -2.3843997
1399 1.216678 -1.0643396
2409 0.653382 -0.8065954
990 -1.2195553 -1.5566521
1649 -1.6542627 -2.0917838
2383 0.57242674 -0.80943066
2173 -2.642409 -2.9992905
2051 -0.011199621 -0.80602825
1229 0.3264449 -0.6793745
993 -3.2619069 -3.69295
657 -0.4579581 -0.8543167
1882 -1.5826057 -1.8873318
839 -0.3767855 -0.955909
671 -0.34018844 -1.057885
464 -0.5956056 -1.1874604
2169 -2.3651202 -2.6433885
1192 0.33410177 -0.7841675
591 0.04164729 -0.9719831
203 3.474876 -2.2525027
632 0.031806525 -0.97601354
645 0.86344934 -0.8224224
1156 -0.23976618 -0.8704166
2162 -2.491921 -2.7908974
1294 0.6471596 -0.8465007
2360 0.46533662 -0.7342051
1550 0.48450693 -0.7219755
2631 -0.021866933 -0.8666453
1977 1.6680919 -1.1989021
1937 1.7919836 -1.2997862
2107 -1.4361604 -1.7494786
828 -1.4921947 -1.8997449
2441 1.2887261 -1.0490971
724 0.40393853 -0.6203153
1982 2.7978957 -1.8368238
813 0.24289052 -0.71745664
144 2.2140934 -1.3838007
2040 -1.2077363 -1.585414
2300 -0.39008254 -1.0074942
23 2.050449 -1.3019006
306 3.8732412 -2.377161
367 3.516524 -2.2287834
1396 0.5499595 -0.8682423
515 -0.6233962 -1.1991732
1218 0.5749263 -0.81594396
500 -0.21323921 -0.8916534
1061 -0.88777137 -1.3698605
1193 0.0015293519 -0.8300795
190 0.5544285 -0.57235426
1966 1.1363837 -0.96319103
2451 0.91603285 -0.9286279
350 4.3843675 -2.723445
162 2.3949664 -1.5143161
364 3.279346 -2.0530987
1774 -0.13519919 -0.83154064
2581 0.5215339 -0.81371987
2143 -3.439106 -3.8234963
1779 -0.360485 -0.5333924
2353 0.67521876 -0.81333196
2118 -0.85187364 -1.2518157
1217 0.65036654 -0.7926659
2405 0.40431476 -0.7841467
1714 -0.8422579 -1.2202632
2123 -0.76322544 -1.1743622
1630 -0.64546645 -1.2050307
1086 -1.4819974 -1.7703034
1484 2.1282218 -1.4173205
629 -0.101123974 -0.951858
1479 2.8148642 -1.7958277
2099 -1.3566378 -1.7309598
910 -3.56218 -3.980324
394 -0.39860985 -1.105433
549 0.45042077 -0.79918057
334 4.705898 -2.9190302
59 2.8460302 -1.7617457
1974 1.0870059 -0.9031605
800 -0.6264105 -1.0813203
826 -1.4143692 -1.8444766
297 5.007469 -3.108343
2112 -0.56250995 -1.0385919
689 -0.122964256 -0.8340977
317 3.9513595 -2.4335623
299 3.2866457 -2.0425045
453 -0.27441752 -0.9914314
2079 -2.019111 -2.3499079
765 -2.6928623 -3.1204562
831 -1.6558393 -2.0655365
2145 -2.7841625 -3.1090372
677 -0.3951022 -1.0428364
1755 -0.14323226 -0.90943474
2610 0.5174938 -0.8058652
1321 1.0781509 -1.0175062
1999 1.3077703 -1.028733
430 0.115173765 -0.6006945
44 1.2063994 -0.9208855
1354 0.6229345 -0.88125116
1415 2.4491072 -1.5783764
1691 0.96310514 -0.95251966
1137 -0.30777648 -0.94817483
2038 -0.78724873 -1.2747208
1992 2.9102407 -1.8777868
1846 -1.5060335 -1.8051283
866 -2.1501582 -2.4595265
1072 -0.62563777 -1.1322172
1079 -0.38304397 -0.9313376
1951 1.2959976 -1.0327586
1623 0.21007566 -0.63951653
747 -0.45218757 -0.9911243
122 2.7391126 -1.704723
1107 -0.7659218 -1.2252887
1506 1.8843595 -1.274304
246 3.8901122 -2.483815
2453 0.596645 -0.8007649
1657 -0.4605186 -0.9889741
2034 -0.20242217 -0.8763577
2071 -1.2400327 -1.6047999
1047 -0.25770238 -0.91767204
773 -0.29333934 -0.7903298
137 1.6729705 -1.2271639
1110 -0.2594027 -1.0078707
2373 0.76220703 -0.8907552
1638 -1.1187782 -1.5025764
217 5.7269287 -3.5510025
865 -2.5170302 -2.9233713
1530 1.849907 -1.3181303
2088 -2.090885 -2.3560462
1763 -0.046269663 -0.7966584
1520 1.6900183 -1.2354742
2050 -0.2588103 -0.99334663
710 -2.4128127 -2.8700547
1376 2.539604 -1.6828787
2076 -1.3449988 -1.7229223
1228 1.0246886 -0.9661646
1893 -3.1103518 -3.4653711
1902 -2.6801982 -3.0286007
14 2.2257552 -1.385295
123 2.1990826 -1.3960651
2250 0.069173016 -0.82147396
562 0.28865993 -0.75818366
1718 -0.16871282 -0.7120132
324 4.926861 -3.0363688
1416 3.135403 -1.9792957
488 -0.6206362 -0.9648799
592 -0.14838327 -0.95850956
568 0.29580054 -0.91062975
1958 0.20029166 -0.52814806
507 -0.7838665 -1.2045078
24 1.4461606 -0.94821256
2007 2.6169546 -1.7824945
2026 4.32723 -2.7207632
1637 -0.66112924 -1.081906
1578 -1.5367358 -1.9827628
1464 1.322354 -1.0839667
775 -2.633557 -3.0508742
294 5.1969314 -3.197357
1706 -0.24297677 -0.90025824
145 2.7802775 -1.6809127
1563 -2.4458714 -2.8530765
2442 1.2016816 -1.0072372
781 -1.0970243 -1.4731731
1012 -0.53281647 -0.917961
105 2.3753693 -1.5203954
1861 -2.716874 -3.0421536
2171 -1.5969919 -1.9120301
1672 0.3409718 -0.7580346
1089 -1.2328464 -1.5664296
605 -0.03639697 -0.94926864
486 0.107441664 -0.66453886
616 -0.08247084 -0.82613945
468 -0.4453696 -1.0381556
351 3.5129728 -2.1783676
1099 -0.67893183 -1.0394427
2356 0.79400873 -0.85404444
1590 -0.05058314 -0.6438518
2142 -3.3841627 -3.7478502
835 -1.684915 -2.104625
1852 -2.6522715 -2.9512186
2275 -0.48871693 -1.0748503
2117 -0.32632175 -0.9205103
474 -0.5741076 -1.0884012
2333 0.19419824 -0.7942559
625 -0.42894542 -1.1165372
435 -0.44834292 -1.0337002
628 0.21634732 -0.75427365
2182 -2.7967262 -3.1589885
816 0.1970341 -0.63660663
659 0.13885643 -0.82426804
1313 0.8207625 -0.9096327
1552 0.47069404 -0.80212504
248 5.0926743 -3.1673112
623 -0.34685177 -1.0470623
93 4.814563 -2.9328127
2063 -1.1027919 -1.4115833
1817 -0.59407085 -0.98194826
1472 2.934359 -1.8771988
391 -0.4324344 -1.1070886
1182 0.85161376 -0.93237627
2168 -0.8873599 -1.2080698
2202 -2.6124134 -2.8958673
1421 2.4935172 -1.5823562
1432 3.7541275 -2.3084576
1471 3.0867817 -1.9500332
8 1.998756 -1.2794819
72 2.6862574 -1.7147005
986 -2.7589598 -3.134522
260 4.6271787 -2.836192
1986 2.5012283 -1.6706673
2474 0.82222986 -0.8928486
1287 0.8167638 -0.91494685
942 -3.0764847 -3.4661381
713 -1.606746 -1.9710747
475 -0.7862138 -1.1738017
206 3.8761816 -2.447897
1105 -0.49844694 -1.096569
786 -2.274467 -2.6565084
269 2.7343996 -1.782148
2141 -3.0891483 -3.447017
572 -0.06962623 -0.9436838
1492 3.0120056 -1.9227169
1440 2.4035587 -1.6284888
2279 -0.0008932418 -0.81771904
847 -0.4412666 -0.9019684
2410 0.0829831 -0.7694192
958 -3.281455 -3.6830103
2218 -3.1649864 -3.4986727
2206 -3.5065615 -3.873693
1989 2.8055997 -1.8384554
649 0.27372783 -0.78481525
1712 -0.73131347 -1.1787511
1600 -1.5445691 -2.0087588
1635 -0.8202208 -1.2034649
138 1.8512441 -1.2564362
1998 2.6488218 -1.7695855
597 -0.11065004 -0.8916445
928 -3.1567495 -3.5462053
2436 1.3159429 -1.0769745
1830 -2.6472704 -2.946353
2215 -2.6638062 -2.962031
247 4.1033683 -2.573095
209 3.5944645 -2.3420043
583 -0.15889984 -0.9253387
1825 -2.3025315 -2.611041
1990 1.9823239 -1.3456726
322 5.5177665 -3.4021745
679 -0.5759517 -1.0431248
1596 -0.52439165 -1.0364856
569 0.39713362 -0.8385661
1189 0.29035944 -0.78857386
1836 -3.0018444 -3.3470361
261 5.949753 -3.672045
257 5.47236 -3.3814065
421 -0.48981705 -1.1074195
1826 -2.2063255 -2.4922385
510 -0.50728977 -1.0204773
250 3.9572194 -2.4787395
219 5.9377217 -3.666229
1544 -0.45922795 -0.94793326
2634 -0.038376715 -0.86890674
1225 0.654241 -0.83910966
1585 -1.5155792 -1.8952819
143 2.249504 -1.40074
1254 1.3683416 -1.1571888
889 -1.7216974 -2.0583897
1347 0.34582096 -0.6940147
2258 0.096424125 -0.7941402
809 0.19184634 -0.7112719
2004 3.930073 -2.4979136
2124 -0.8755162 -1.3369155
168 0.7120108 -0.81418556
670 -0.6459481 -1.113874
1320 1.0431129 -0.9686703
2371 0.51395965 -0.7757375
128 2.3418279 -1.4625928
1389 0.91375554 -0.93419504
2413 -0.7779622 -1.0979254
2188 -3.7411652 -4.1544924
2037 -0.6235699 -1.1733286
2645 0.11379876 -0.8659498
1374 -0.0072316783 -0.23211071
1360 0.52752215 -0.67421967
815 0.11750819 -0.6406833
703 -0.1593309 -0.5944323
479 -0.54596406 -1.0704919
857 -1.5335011 -1.8682581
1737 -0.05470768 -0.8441101
2087 -2.3019235 -2.5898156
1724 -0.122678325 -0.7671851
1305 0.9733496 -0.86445194
353 3.0826895 -2.0000138
487 0.14577137 -0.7302182
2074 -1.5143396 -1.8846315
534 -0.9042569 -1.327134
2008 3.0238855 -1.9720516
2632 -0.06608761 -0.9040966
2429 0.9918485 -0.87830055
1397 0.5285313 -0.81627846
78 2.3561335 -1.4678705
1692 0.090564705 -0.65380496
1789 -2.4722414 -2.808882
139 2.0942593 -1.3590776
656 -0.3385144 -0.95451295
2073 -1.5762606 -1.9117103
70 2.5116441 -1.5194397
979 -2.7605891 -3.1153471
1705 -0.06827973 -0.8354308
2450 0.5108343 -0.7987148
2539 0.14286001 -0.7954259
1749 -0.34745526 -1.0267143
2199 -3.2695084 -3.6511247
1762 -0.34286818 -0.9566271
2010 3.6213853 -2.3048244
2394 0.4210971 -0.80049944
245 4.134584 -2.6022763
2384 0.43959978 -0.67029387
520 -0.7136043 -1.2616404
2461 0.10687409 -0.8330906
930 -0.9827742 -1.3203733
2289 -0.37081897 -0.90456694
61 2.493215 -1.5414767
1606 -0.74148554 -1.2747515
1597 -0.48170573 -1.1127154
914 -3.3976002 -3.82273
2522 0.13585187 -0.79329246
1127 -0.68375486 -1.2158393
953 -2.9862394 -3.3652966
1330 0.90782267 -0.91235983
2593 0.6290841 -0.6629883
38 1.0334098 -0.86703926
10 2.3042521 -1.457107
1616 -0.3439506 -0.8740861
975 -2.544625 -2.8944335
2293 0.07201956 -0.8330629
1699 0.13748494 -0.8102336
312 4.961851 -3.0673196
1816 0.07756367 -0.4115821
2378 0.18753174 -0.66011024
2498 -0.12137183 -0.85794365
278 5.034501 -3.1181395
1215 0.7006607 -0.8953331
2307 0.2756027 -0.7829995
42 3.0374212 -1.8751448
1135 -0.31862965 -0.98679113
992 -3.2916334 -3.6834939
681 0.06432052 -0.80144626
92 4.2847204 -2.6148963
489 -0.5847414 -1.0050902
1151 -0.61822 -1.097528
527 -0.6651907 -1.1789662
2090 -2.8324814 -3.1715548
501 -0.56028765 -1.1154546
998 -3.0268626 -3.4206495
483 -0.49315348 -1.0429472
1890 -2.6577153 -2.9523938
2599 0.32573703 -0.8421868
395 -0.5402993 -1.1456553
1318 0.68551046 -0.86201125
1863 -2.5481803 -2.8417125
270 4.2009745 -2.6070156
529 -0.79195577 -1.3112007
2075 -1.5508584 -1.8801357
2086 -1.8766098 -2.1596687
272 4.5643544 -2.8332307
938 -3.0616217 -3.4715738
2369 1.0117555 -0.9381546
460 0.11002791 -0.5167689
31 1.7332145 -1.2021664
2576 0.10429532 -0.82879174
221 5.8871007 -3.6213377
418 -0.28865257 -0.9980127
2295 -0.41901642 -1.0505571
795 -1.4875563 -1.8669633
504 -0.47296593 -1.0729667
132 1.8590225 -1.2750239
1621 -1.6041306 -2.0949256
753 -2.0255277 -2.5240083
401 -0.6532691 -1.2168126
1780 -1.030238 -1.3692666
2538 -0.03383139 -0.7592752
1644 -2.3032067 -2.6806977
2253 0.20698647 -0.7163205
471 -0.50003177 -1.0632511
535 -0.40037677 -1.0001571
544 0.6447705 -0.8141761
2574 -0.106989436 -0.84394854
315 4.5558434 -2.8269129
2155 -1.9399322 -2.2370157
1501 2.4533317 -1.5861157
346 4.342416 -2.6817923
1697 0.7914254 -0.9645008
531 -0.64809406 -1.1097673
1336 0.959398 -0.916703
406 0.2136443 -0.61004305
2238 0.011354596 -0.7491144
2530 0.60137343 -0.7376835
508 -0.63410723 -1.1474507
6 2.0270784 -1.2792389
1252 1.174138 -1.0585811
905 -2.6404722 -3.0256777
244 4.0583014 -2.582642
1892 -2.890405 -3.2120144
2611 0.35737565 -0.8445529
1283 0.6867839 -0.77451336
1707 -0.8783627 -1.3036832
1895 -3.4546077 -3.8374624
1838 -3.1558955 -3.5008607
2191 -2.1529465 -2.4885478
2462 -0.045253564 -0.6320229
1665 0.18268198 -0.7086322
2156 -2.445315 -2.7642953
2163 -3.477742 -3.8816986
1696 0.30064583 -0.7531023
1094 -0.43371704 -0.75759846
1671 0.605385 -0.77527887
1710 -0.9704213 -1.3978844
1709 -0.33654997 -0.8620774
347 3.9357338 -2.4772208
2308 0.124142274 -0.8605087
1403 0.22051188 -0.5367648
77 3.3804858 -2.0839639
2020 3.0350482 -1.9650635
1719 0.21337461 -0.77771044
498 -0.6928401 -1.0588331
1390 0.7324181 -0.88221294
853 -2.5540588 -2.964389
1898 -2.590509 -2.867656
1465 1.6929064 -1.217714
1565 -2.1045518 -2.5202992
448 -0.38531724 -1.0445733
1159 0.08126382 -0.7511605
1450 2.6909463 -1.7201251
2281 -0.07752729 -0.9213262
1169 0.60416746 -0.8953825
1599 -1.1776297 -1.6374534
2306 0.40971997 -0.80061907
182 0.41117036 -0.63505596
1155 0.0331976 -0.8135139
1333 0.85900867 -0.94047
1102 -0.5244051 -0.9495616
532 -0.6292111 -1.1261517
2338 0.046957575 -0.85912955
2351 0.857227 -0.9278035
700 -1.3332694 -1.753263
1262 0.95119363 -0.96483654
2430 0.120651595 -0.7242845
2518 -0.07741212 -0.869421
622 -0.085218914 -0.90133804
1181 0.7691445 -0.90936756
543 0.70505214 -0.85759425
1255 1.5581323 -1.2092844
2005 3.0840664 -1.9953219
1093 -1.4934335 -1.7967879
1742 0.016536968 -0.76243436
694 -0.106483996 -0.8068308
2130 -1.0728538 -1.3738889
2586 -0.3616531 -0.9750584
1241 1.0114352 -0.99924254
1610 0.052360747 -0.62689227
729 -1.3135214 -1.8043565
1295 0.57390666 -0.82936937
376 3.2390168 -2.049538
566 0.59184873 -0.87529856
2488 0.08427588 -0.84335
1731 0.38604766 -0.6976407
1190 0.45657435 -0.89660347
2070 -1.0362372 -1.3059886
988 -3.0599468 -3.4234684
52 2.2686152 -1.4619925
614 -0.09577445 -0.811055
2284 -0.32858023 -1.0205412
759 -2.832745 -3.2905037
1739 0.01275315 -0.78124744
2460 0.12934057 -0.72879404
1349 0.5282897 -0.7080592
1598 -0.82903975 -1.3254724
1961 1.8805623 -1.305266
1734 0.23982129 -0.66261846
2385 0.8275373 -0.8967372
1070 -0.8169493 -1.2104522
1933 2.9231262 -1.9155227
305 4.2770286 -2.6181288
2221 -3.1418068 -3.530687
2541 0.31340098 -0.7974299
2456 0.14565717 -0.5816116
415 -0.606592 -1.1214418
1873 -3.3509285 -3.6970837
493 -0.42927596 -0.8616745
1577 -1.2380128 -1.7748488
925 -3.553583 -3.9753947
2562 0.5880464 -0.8434522
2187 -3.020785 -3.3503034
1889 -1.4480404 -1.7263367
932 -0.8586933 -1.1321914
443 -0.37376037 -0.99788916
2494 -0.08984995 -0.8212361
2623 0.73255265 -0.8582452
388 -0.42165896 -1.109755
2012 3.564422 -2.2651985
672 -0.46229208 -0.9884103
1004 -0.002477058 -0.7836092
1457 2.132698 -1.4756968
1814 -2.7236924 -3.0491753
688 0.11658214 -0.886334
1296 0.9019917 -0.930006
1759 -0.23243853 -0.9324725
2084 -2.3758185 -2.6421285
539 -0.6407635 -1.2055761
963 -2.5843663 -2.9141102
63 3.073708 -1.9153949
1538 1.2347301 -0.9759689
1881 -1.1519078 -1.4845407
365 3.7163827 -2.323624
2597 0.57939684 -0.8351094
333 5.5073056 -3.4022229
15 2.300528 -1.4077009
1069 0.18249083 -0.49185008
915 -3.4138174 -3.8345568
223 4.7565637 -2.9467118
1090 -1.3060668 -1.6610203
313 5.369397 -3.2947955
393 -0.45488772 -1.1645547
265 5.050395 -3.14474
76 3.0987096 -1.8974822
4 2.6351256 -1.6140575
29 3.150658 -1.935576
827 -1.7555001 -2.1365192
1407 0.6732333 -0.9012951
575 -0.18038362 -1.0087199
1965 2.3544314 -1.6188737
404 -0.5111104 -1.0846441
2116 -1.2099637 -1.5934156
2489 0.29488027 -0.66632193
802 -1.445704 -1.8217249
1011 0.25883386 -0.75487196
1419 3.3436306 -2.0953135
521 -0.7393961 -1.2629633
1136 -0.37463805 -0.93847376
321 5.4065366 -3.3336718
1971 3.4933717 -2.273029
951 -3.4690275 -3.8677607
717 -0.9845175 -1.5253265
400 -0.29678243 -0.94607085
2220 -3.5270016 -3.9298515
2240 0.20231153 -0.8428535
1453 2.8335507 -1.8217535
2266 -0.16568573 -0.8889728
695 -0.4758191 -0.94316256
170 1.0223414 -0.9292474
1401 1.4190696 -1.1280535
243 4.959233 -3.059756
319 5.259473 -3.2587736
1721 -0.059465457 -0.8776293
2280 0.056839716 -0.8574892
54 2.1782029 -1.3535445
1412 2.9928634 -1.9790119
1877 -2.468059 -2.7354803
1935 2.683539 -1.7980064
1670 0.27224582 -0.7979449
2277 -0.5157866 -0.9832365
640 0.32540444 -0.8709577
470 -0.7523044 -1.1510808
2561 0.30858135 -0.86772025
606 -0.044186186 -1.0054035
1002 -2.0191286 -2.3155043
646 0.07733481 -0.84147507
1954 3.2185538 -2.087048
712 -1.0997087 -1.5465462
2045 -0.37758383 -1.0631021
1300 0.9755685 -0.9930358
514 -0.5020849 -1.0800606
423 -0.3723649 -1.0255691
613 0.08562769 -0.88868713
1955 3.8887494 -2.519813
2517 0.06584281 -0.8140719
2257 0.02177023 -0.8520719
87 1.4605528 -1.1092746
329 4.7039256 -2.8828912
926 -3.2194943 -3.615208
1053 -1.0996463 -1.5780374
2337 -0.13658877 -0.9564619
2041 -0.57555866 -1.0985961
356 3.9070468 -2.449319
1669 -0.0942421 -0.8849683
2316 -0.16222121 -0.9506357
1854 -2.3344479 -2.6390588
2242 0.044634283 -0.8528716
779 -2.4060786 -2.85428
1744 -0.15002838 -0.94767725
345 4.2774754 -2.6651504
2434 1.2433614 -1.0033416
1870 -3.4281807 -3.7852046
58 1.1368957 -0.83855104
2532 0.120174676 -0.8459458
1111 -0.6549979 -1.1348002
1792 -2.4219432 -2.750607
2189 -3.7651536 -4.1817565
1429 3.5926304 -2.2326753
62 2.866127 -1.7289153
804 -1.3092405 -1.7211063
408 -0.8844203 -1.3690882
1149 -0.7035306 -1.2629963
2082 -1.5332899 -1.8086103
252 2.4589405 -1.6744802
2291 0.062270585 -0.8342295
372 3.1958005 -2.0269046
428 -0.33583724 -1.0324228
693 0.11024258 -0.80720365
2241 0.1814401 -0.8093339
323 5.385947 -3.30808
1557 0.35615805 -0.6121406
1033 -0.82881397 -1.2881253
80 2.8669994 -1.8178704
1688 0.17173995 -0.75895023
2569 0.5005489 -0.8569083
399 -0.4984155 -1.0580561
1931 2.8943057 -1.9432522
2227 -2.165927 -2.4677875
936 -2.153008 -2.4786265
1338 0.25050217 -0.701025
1798 -2.1015158 -2.365465
1442 1.7051125 -1.2665519
1170 -0.36860293 -0.8728407
1576 -0.5983985 -1.1548074
1588 0.13428903 -0.6157362
2324 -0.2061811 -0.9513313
1589 -0.67262113 -1.2310967
2424 0.41131353 -0.84713364
1561 -0.7448742 -1.193338
11 1.4595718 -0.98417485
1650 -1.2882562 -1.7365558
2346 0.5264679 -0.8463712
1458 1.9525914 -1.3463192
610 0.096698694 -0.8093454
711 -0.8188371 -1.3658583
259 5.283236 -3.2477372
104 1.8417393 -1.206617
111 1.6748606 -1.1382792
833 -1.1016679 -1.5556034
1666 -0.16240841 -0.91948855
1291 1.3795078 -1.0391952
3 2.5609653 -1.5791183
1425 2.9926105 -1.9327523
2502 -0.14603736 -0.9167085
1841 -1.6435906 -2.0104015
528 -0.5917139 -1.1330074
2152 -2.2939463 -2.5750527
218 5.0558167 -3.1295142
1619 -0.4432492 -1.1053885
1659 -0.49411103 -1.0535529
1204 -0.43704292 -0.9138013
1366 0.62138337 -0.83278424
7 1.8931786 -1.2387497
1387 0.8033044 -0.8822881
1517 2.0442624 -1.4266629
1686 0.28306726 -0.75863576
1536 0.9355269 -0.92126006
1708 -0.52449906 -1.0818597
124 2.2717857 -1.4013488
1446 2.114567 -1.4781209
663 -0.34371477 -1.0233617
1928 0.98077476 -0.9071077
843 -0.63134897 -1.1493521
1925 1.0139587 -0.8706091
482 0.21293402 -0.80181956
774 -2.0408065 -2.4801152
1930 2.0116794 -1.4138781
1406 -0.06717981 -0.66895473
1427 2.6199849 -1.679032
1339 0.695249 -0.81545925
210 3.2722785 -2.1248457
1822 -1.9687197 -2.2614324
362 4.081865 -2.5537114
2149 -3.2012348 -3.5151906
960 -2.6104271 -2.9904068
1316 0.21153557 -0.66688174
550 0.46172377 -0.86369777
186 0.7666571 -0.8361768
864 -0.6708293 -1.2482378
384 -0.3454842 -1.0574632
2059 -1.3687683 -1.7531465
626 -0.43763432 -1.0759373
1871 -2.9251006 -3.2408926
276 4.885095 -3.0025346
1913 2.3013666 -1.4951048
1367 0.7742853 -0.9089174
81 2.093836 -1.4129246
155 1.0386487 -0.83219093
308 4.870693 -3.0027783
2491 -0.14376944 -0.8794571
2000 2.9980476 -1.9680786
1547 -0.48121047 -1.0113537
1799 -1.1429472 -1.4831743
2077 -1.3282975 -1.752453
1114 -0.3651386 -1.0737634
422 -0.44540784 -1.0122225
895 -3.095402 -3.458869
1729 -1.1108663 -1.3422086
882 -2.6543014 -3.0607324
1176 0.51660067 -0.8494839
751 -1.8831195 -2.383098
2344 0.6793739 -0.8544947
692 -0.18975598 -0.8230977
189 0.663012 -0.66660863
860 -1.9905602 -2.3421655
1417 2.527374 -1.668998
1938 1.3496954 -1.0862141
2388 0.5174504 -0.8009427
1988 3.6625638 -2.3372066
281 5.184263 -3.1928847
1352 1.1689031 -1.1018833
446 -0.19805393 -0.8972045
1091 -1.6312958 -2.002823
207 3.5729232 -2.3351357
254 5.3937445 -3.356422
185 0.6644193 -0.8147299
26 1.5916188 -1.0382041
440 -0.442794 -1.048228
183 0.55967957 -0.81720316
2243 -0.18561512 -0.78831434
1807 -1.6620402 -1.9194901
241 5.055974 -3.143275
594 -0.2035355 -0.983032
880 -2.9866915 -3.3591762
1037 -0.047649216 -0.68442684
991 -3.1970735 -3.574479
407 -0.04352897 -0.78347117
2379 0.511038 -0.851654
2265 0.020475565 -0.91215277
2190 -3.2838864 -3.665717
1631 -1.1216187 -1.5463936
2447 0.6718604 -0.8322969
1582 -2.442644 -2.82167
1713 -0.56984544 -1.0118983
355 3.9965549 -2.492948
604 -0.09528862 -0.9731026
2228 -2.4348743 -2.7553728
1289 0.64680773 -0.7984828
16 0.60245246 -0.6583729
1700 0.05282674 -0.632193
484 -0.16045435 -0.8722298
2615 0.09381857 -0.8277549
2416 0.09092642 -0.8020117
803 -1.2097123 -1.6255454
1740 -0.31143895 -0.97897637
1770 -0.11526624 -0.9240351
1641 -1.973889 -2.3872602
1806 -2.893687 -3.2083297
2096 -2.6451778 -2.962274
2094 -2.363992 -2.6175742
74 3.7295809 -2.2791042
2583 0.3784504 -0.8431583
35 -0.30817676 -0.8570886
1675 0.27291402 -0.683494
1811 -1.275129 -1.5740353
57 1.3423986 -0.98088056
2588 0.36038604 -0.8225263
1960 2.226312 -1.5384914
1720 -0.24412613 -0.8513051
2309 0.26930523 -0.5722717
1317 0.689375 -0.9061838
1314 0.532577 -0.57058346
1973 1.3356888 -1.0775237
1746 0.2797979 -0.81942606
2193 -2.3465812 -2.6948647
2192 -3.0193887 -3.4021618
2018 3.11403 -2.0059052
361 3.5268164 -2.2011664
33 0.75913453 -0.7388427
1426 3.1985765 -2.0206192
2577 0.24849564 -0.8407669
69 3.0502954 -1.8149428
2303 0.34613195 -0.7835043
2160 -2.1160293 -2.4276347
2629 0.0820624 -0.8545521
331 4.5427284 -2.8390207
2131 -0.8273893 -1.2608217
96 1.4852672 -1.111194
1424 3.0534618 -1.9344465
817 -0.20614804 -0.79808354
1345 1.3220658 -1.1353325
473 -0.5004753 -1.0063758
1751 0.16689552 -0.76567554
2305 0.20824137 -0.8466121
1579 -1.7731668 -2.264245
47 3.860552 -2.3282788
2523 0.07260196 -0.80786484
1526 1.2773587 -0.92834413
1975 2.6303072 -1.7229258
1940 0.32324645 -0.6613833
1927 1.3521501 -1.1001105
1594 -0.15776749 -0.8139726
2302 0.26009503 -0.8641326
1158 -0.47811002 -0.9335023
945 -3.1364973 -3.5192814
1233 0.94658166 -1.0009218
1308 0.9939193 -0.9952655
2052 -0.24634522 -0.9737635
578 0.040252533 -0.82027924
2299 -0.09280452 -0.94521016
301 3.651508 -2.2651098
2209 -3.444654 -3.8750172
1728 -0.6231218 -1.1007065
213 5.399845 -3.3803084
678 -0.2370071 -0.9434444
1660 -0.49782297 -0.96313053
325 3.6452427 -2.260473
30 2.9666898 -1.8321465
855 -2.4910498 -2.8685849
2546 0.8837559 -0.88960254
1860 -1.366763 -1.5456423
863 0.18330054 -0.6848307
1859 -2.1124368 -2.405764
195 0.800357 -0.69275224
755 -2.3161116 -2.7620118
2001 2.4534616 -1.6715667
1489 2.6609466 -1.6821975
1976 1.9442455 -1.3444415
161 1.8434442 -1.2017483
554 0.26413253 -0.7904506
1730 -1.0687422 -1.4565308
1307 1.0653468 -0.9926661
2311 0.010546166 -0.94579256
2553 -0.13851216 -0.89881
2612 0.2969043 -0.82998824
505 -1.422525 -1.7753613
2251 0.004566419 -0.8501109
2417 -0.05493145 -0.8750242
40 1.4819608 -1.0469683
1726 -0.5292449 -0.88425624
1944 1.4593056 -1.1258745
708 -2.6970987 -3.145031
1455 3.775794 -2.3514557
2386 0.29444537 -0.8127061
1463 1.8318793 -1.3618773
492 0.30997443 -0.59179646
2545 0.5601592 -0.8398461
2151 -2.1945915 -2.4805257
1015 -0.40042204 -0.9588059
1027 -1.0295016 -1.3926442
1459 0.97453207 -0.7878986
1062 -1.2269899 -1.6076018
2283 -0.15964645 -0.95762116
2478 0.53531724 -0.8172519
1322 0.7988572 -0.8800055
1496 1.3158833 -0.93118083
675 0.047611877 -0.80984294
1431 3.6444278 -2.2369676
1725 -0.73971564 -1.1224236
2495 0.65710896 -0.7498721
2573 0.21124539 -0.87179536
2161 -2.1084948 -2.3764713
916 -3.0728078 -3.4568644
1796 -1.7129161 -2.0040588
725 0.3444687 -0.80549365
983 -1.367081 -1.7420045
587 -0.086874224 -1.0032427
2154 -2.1690917 -2.4687083
1134 -0.17751563 -0.8878876
67 2.2490036 -1.438962
2630 0.1016546 -0.87253
420 -0.51018816 -1.0784321
1145 -0.5428744 -1.1494794
784 -1.4191768 -1.9433234
56 1.2796401 -0.9050618
2570 0.61714417 -0.82150394
2332 -0.033125058 -0.8631583
1985 3.5888433 -2.2690141
837 -2.097113 -2.5724304
2590 0.31223673 -0.78941053
271 2.6115227 -1.6702853
91 3.821256 -2.3813274
723 0.52530783 -0.8376328
820 -0.6921627 -1.2130733
2320 -0.79477245 -1.2657409
2290 0.14581582 -0.7496679
119 2.012917 -1.3139981
2550 0.32567483 -0.65710145
296 5.084443 -3.1376712
907 -2.4334679 -2.7341938
2317 -0.2055554 -0.9326823
1615 -1.1310035 -1.6489117
253 5.110235 -3.151804
870 -1.3619332 -1.623179
1288 0.78010917 -0.9285973
1717 0.48716018 -0.8312555
949 -2.2644055 -2.5939968
1122 -0.8624828 -1.3269278
665 -0.6479031 -1.1767825
1441 1.3626978 -1.0348376
238 5.85753 -3.6212595
118 2.6197467 -1.5884342
642 0.18682487 -0.8594973
158 1.5190386 -1.0901757
1850 -1.4979268 -1.7781
2471 0.57759553 -0.83705115
1521 1.8698189 -1.3693806
2278 -0.28460282 -0.9324794
290 4.73903 -2.906244
71 2.1647525 -1.4049332
28 1.6598585 -1.1608224
1141 -0.5746158 -1.1441512
1433 4.294628 -2.6467059
1735 -0.3367826 -0.99783933
1969 3.2496846 -2.093023
2374 0.23694041 -0.8064421
2448 0.52037174 -0.76843774
2449 0.702168 -0.810378
429 -0.34231237 -1.0138766
892 -3.4104064 -3.8055673
796 -0.22491728 -0.71740186
1856 -1.6446129 -1.960306
1146 -0.3918898 -0.99925035
2047 -0.5045499 -1.1211516
1503 2.377079 -1.5289963
1788 -1.5465242 -1.8592331
1756 -0.6266494 -1.1550722
409 -1.1858915 -1.6072555
1275 0.4466829 -0.82138366
1835 -3.2353032 -3.5934756
1626 -0.292151 -0.94586456
2643 0.18721615 -0.8282062
1434 3.3061965 -2.0992398
1509 1.9447256 -1.262156
1574 -0.74316865 -1.2888284
1560 -0.25819522 -0.80170333
456 0.026586263 -0.8639159
1997 2.6995199 -1.783126
1583 -1.7598329 -2.1730335
593 0.08257145 -0.8890253
1380 0.31257433 -0.6637133
1567 -0.4403355 -0.8150968
561 0.5534738 -0.82229644
2214 -2.7321916 -3.0265877
149 1.2726539 -0.85422975
1452 3.9736297 -2.4426596
715 -2.679261 -3.1563473
1956 3.3203623 -2.142977
684 -0.2726108 -0.8155009
314 5.602973 -3.4584239
2605 0.5111212 -0.8705061
1451 3.3026872 -2.0980847
2323 -0.19901714 -1.0013329
557 0.09536118 -0.9336021
45 3.4175816 -2.0877528
891 -3.5588362 -4.01827
1943 0.9171413 -0.938665
682 -0.13042508 -0.81581753
2345 0.6249711 -0.8434506
1017 -0.45972344 -1.0153898
1018 -0.95068544 -1.4217659
417 -0.8251355 -1.2125068
1088 -1.4836242 -1.7514573
2036 -0.33611888 -0.9867643
874 -3.1109035 -3.5344884
2179 -0.72193015 -1.2975979
793 -1.2102984 -1.6023899
1355 1.1111003 -1.0384017
2537 0.4303274 -0.75001746
2579 0.3883507 -0.8394502
1480 3.4829292 -2.1578963
53 2.7456164 -1.7602332
609 -0.027349683 -1.0075955
387 -0.30844846 -0.9561629
576 -0.101625085 -0.9790877
552 0.44017407 -0.87421733
255 5.3615017 -3.3119895
2469 0.87448305 -0.93298626
2361 0.29140586 -0.78987604
2635 -0.15735519 -0.8623047
923 -3.2985249 -3.7015357
917 -2.2778764 -2.5808456
1914 2.0789135 -1.4326719
2470 0.9073888 -0.9580107
309 5.346147 -3.3126872
1803 -3.3483086 -3.698089
1420 1.9588815 -1.3642439
478 -0.33226326 -0.952929
1435 3.7053828 -2.2985942
1115 0.39221233 -0.7666584
982 -0.617122 -0.97297776
564 0.7651138 -0.82591903
344 4.737162 -2.9285748
1113 0.37934035 -0.780004
844 -0.960399 -1.3325559
1148 -0.53095233 -1.1725094
1522 1.7581632 -1.2882531
611 0.093508646 -0.8778125
1139 -0.43333644 -1.0645148
264 3.2891862 -2.044841
258 3.186355 -2.005444
392 -0.39294186 -1.1261288
165 1.6226585 -1.1557573
2097 -1.5737535 -1.891338
27 2.6905532 -1.6340114
2205 -2.9873822 -3.3311713
1055 0.03829562 -0.7531668
1337 0.73284256 -0.87929934
2544 0.3273549 -0.7889377
1942 0.6112841 -0.869129
360 4.1238303 -2.5305529
1290 0.7796793 -0.7884949
114 1.8311627 -1.2717937
2646 -0.112424254 -0.92965823
1656 -0.86660004 -1.1715207
1945 0.64394 -0.7893726
187 1.9258143 -1.2674588
1474 2.8191705 -1.825545
1510 1.8770547 -1.3293129
476 -0.8304375 -1.3264618
1601 -1.4440784 -1.9192159
1921 0.71902853 -0.83874273
2249 0.09164152 -0.8167659
823 -1.6680152 -2.024633
589 -0.115339175 -0.9496111
1188 0.49261558 -0.8807668
1499 1.7203181 -1.1775656
2269 0.3991981 -0.73060733
2166 -0.6273469 -1.1271644
716 -2.1253679 -2.631667
586 0.013697417 -0.96874976
922 -3.4377642 -3.8529243
909 -3.3942351 -3.794092
1840 -2.6091182 -2.927872
342 5.1256084 -3.1705308
1309 0.93794256 -0.90436816
1197 0.2651532 -0.77403903
202 3.208917 -2.0919783
215 4.7355843 -2.92505
1413 2.262479 -1.5866631
987 -3.1519396 -3.5266771
1819 -1.139601 -1.4485421
398 -0.47602838 -1.11059
1064 -1.1091825 -1.5428195
740 -1.4040205 -1.8397208
1385 0.36119756 -0.64221644
159 2.670788 -1.674273
410 -1.0873067 -1.5412828
588 -0.16530116 -0.9965481
1348 0.3008786 -0.77281255
1112 -0.1493811 -0.78271276
1085 -0.79678386 -1.1860976
2528 0.68154925 -0.74688756
1130 -0.6238891 -1.1587332
2336 -0.20083588 -1.0054703
2501 0.04985157 -0.7885824
1843 -0.899846 -1.26219
100 0.6681911 -0.70131814
2092 -1.8953303 -2.1807842
179 0.76465124 -0.7751736
129 1.4371139 -1.0475678
288 1.420277 -1.0700291
1957 -0.17799854 -0.82024586
635 -0.013542577 -0.93878496
970 -2.3202796 -2.705568
1858 -2.8802347 -3.2205498
2334 0.010983648 -0.8566056
283 4.571413 -2.8123765
1103 -1.0458071 -1.3657595
2515 -0.04507097 -0.8331048
1026 -0.25187942 -0.7333032
227 4.400048 -2.752088
2237 -0.18253611 -0.8230324
1926 2.3077667 -1.5177774
2049 -0.22442135 -0.9595319
741 -0.7249708 -1.376203
1323 0.92494154 -0.89617777
2554 -0.008890659 -0.86357874
1764 -0.11683166 -0.63509184
1398 0.8818895 -0.9268315
2225 -2.8584805 -3.2352087
502 -1.264861 -1.5926318
461 -0.28587392 -0.911584
506 -0.523778 -1.0974334
2548 0.30236307 -0.8106979
984 -2.7937675 -3.1327415
1678 -0.05546942 -0.82666796
1375 3.232236 -2.0475216
1794 -0.80326945 -1.0167562
1887 -2.865258 -3.172756
2186 -3.4653502 -3.8232388
1498 2.4292915 -1.5968564
1125 -0.35640672 -0.9764623
538 -0.6931515 -1.2509111
2454 0.8076658 -0.86162025
822 -1.1002281 -1.5158243
2493 -0.11130018 -0.85169613
454 0.5739729 -0.7829824
1747 0.036017254 -0.81246334
150 2.4174767 -1.5268523
2431 0.80260736 -0.84818304
5 1.9719067 -1.2876283
2419 0.25405446 -0.8519551
1461 2.9093955 -1.8432851
745 -0.61373156 -1.1662452
965 -2.0649095 -2.4352887
1766 -0.16139673 -0.8566337
1704 -0.0854124 -0.85125834
1123 -0.80188656 -1.2717123
2370 1.2265564 -0.95870835
924 -2.6572294 -3.0118124
570 0.92865807 -0.83488584
2644 0.18765955 -0.8502585
1981 2.5722375 -1.7044445
1437 3.2166812 -2.036343
801 -0.49969262 -1.015716
2439 0.89683634 -0.860145
2014 3.6673653 -2.33463
977 -1.3051163 -1.6183927
1693 0.7311582 -0.88772386
1821 -1.3591441 -1.6568351
2111 -1.2788876 -1.6782779
1818 -0.36490175 -0.87886655
126 2.6921978 -1.643436
2617 0.5458341 -0.8510617
1593 0.5352786 -0.6617036
920 -0.3202588 -0.36418366
2101 -1.7730536 -2.0733368
1866 -2.873031 -3.1970108
872 -2.5539749 -2.914429
2244 0.10267711 -0.8452214
115 1.9699687 -1.3380413
83 1.7983001 -1.2765356
131 1.6225203 -1.1008035
287 2.9551234 -1.9341023
2504 -0.30870348 -0.93798524
919 -1.1542898 -1.4722575
2245 -0.23347253 -0.8954589
2418 0.18434644 -0.8557394
1140 -0.32569066 -0.99066335
807 -0.13280223 -0.8104592
1823 -0.8714543 -1.1154795
251 3.3310134 -2.162469
1694 0.47264576 -0.82176554
676 0.04203672 -0.7865622
2625 0.39547297 -0.7889417
940 -2.4186156 -2.7832124
1381 1.1028465 -1.0857526
112 2.0244515 -1.2611943
402 -0.45037937 -1.0902797
792 -1.3326982 -1.711035
1534 1.113587 -0.95761716
884 -2.6911094 -3.0315886
637 0.12586062 -0.89806116
1676 1.2414159 -1.0376042
871 -2.4869056 -2.8605537
1808 -2.5970807 -2.91961
434 -0.63295305 -1.1790279
50 1.5668504 -1.0703025
1993 2.8184962 -1.853327
2357 0.98868865 -0.80072916
1022 0.20437172 -0.76935136
2543 0.044153813 -0.86169827
2613 0.4116391 -0.77767444
1995 2.2328544 -1.5227777
2028 3.4778392 -2.1931396
754 -1.9510024 -2.4148896
177 0.77507406 -0.7567444
1738 -0.43740138 -0.9314668
284 5.2816706 -3.2520747
1143 -0.5970673 -1.139596
1915 2.7184496 -1.7396326
2437 2.6713905 -1.7350836
1505 2.583961 -1.673179
1775 -0.50540584 -1.0371975
2492 -0.2463778 -0.94543743
1617 -0.35341012 -0.9840988
176 0.027917117 -0.35512635
1005 -0.4235717 -0.9995459
1315 0.80812716 -0.84716964
1221 0.7558728 -0.9184759
859 -1.9454674 -2.3424551
950 -3.1655052 -3.5675492
68 2.794755 -1.7216319
1591 0.53196955 -0.64499015
102 1.5475955 -1.1730027
2064 -1.1015488 -1.4940587
1797 -2.588598 -2.9187655
2589 0.3873067 -0.8125512
1983 3.719282 -2.3764324
2440 1.9327304 -1.3453351
981 -1.7531747 -2.0774593
2326 -0.034749884 -0.9606792
2549 0.50228834 -0.8251124
242 4.1217833 -2.5887244
1695 0.30087775 -0.73935705
1748 -0.15144004 -0.8960044
2591 0.9671853 -0.8602553
585 0.040550273 -0.93628144
1950 1.1690849 -1.0692548
2438 2.609124 -1.6961881
908 -2.4717383 -2.7766345
1423 1.7383585 -1.254855
789 -1.8233742 -2.1743822
556 -0.02948939 -0.60608804
2433 1.5464953 -1.1849015
2560 0.12908822 -0.9107574
390 -0.64980596 -1.2232571
2133 -2.2085981 -2.5056443
490 -1.2826043 -1.601469
160 1.7985862 -1.2101467
690 -0.6127031 -0.9801371
787 -2.1235294 -2.5069873
658 -0.40732533 -1.0153708
1802 -3.3778603 -3.7228003
2366 0.23303404 -0.81256986
683 -0.019158756 -0.813207
2614 1.2654773 -0.97282404
845 -1.2408732 -1.6479398
2592 0.527981 -0.746567
873 -3.241915 -3.6438165
1059 -0.74798906 -1.2857025
1092 -1.729141 -2.007338
1658 -0.81000465 -1.1685662
1837 -1.8673043 -2.098899
995 -2.156349 -2.6328166
2628 0.4623171 -0.80693907
2183 -3.6330402 -4.0207133
1715 -1.480901 -1.7443647
1875 -3.303531 -3.658954
1065 -0.35022768 -0.71002674
1551 0.7517603 -0.876059
734 -1.4487743 -1.8748916
973 -2.6037943 -2.9301903
680 -0.36878088 -0.95071983
216 4.1020837 -2.571738
1311 0.66303515 -0.8345441
1029 -0.35567144 -0.9460498
1636 -0.9574782 -1.3238521
1556 -0.032752603 -0.7189658
733 -1.2321726 -1.7972057
788 -1.3096257 -1.6815354
893 -2.5437098 -2.985004
455 -0.4495149 -1.0889416
1443 2.1687791 -1.5184332
1587 -0.09703164 -0.46842286
2380 0.46689343 -0.8953249
2432 1.687537 -1.1871338
875 -3.1092608 -3.5012329
101 2.1520755 -1.4587157
571 0.17557454 -0.88006157
1987 1.0244937 -0.85063213
876 -3.110613 -3.5624769
1932 1.9364508 -1.3373196
1391 0.8717192 -0.9358025
386 -0.06639332 -0.8640232
2396 0.13337578 -0.83541304
1382 0.6984513 -0.97237265
2035 -0.41223386 -1.0042269
2054 -0.09416243 -0.6740254
1393 1.1304499 -1.0198296
553 0.109990194 -0.8772917
669 -0.4427815 -1.0537736
2236 0.18210065 -0.8242281
46 3.176168 -1.9132078
366 4.2816925 -2.6611872
1292 1.043684 -0.9740567
379 4.631572 -2.840261
55 1.1017141 -0.8111119
1564 -2.5008779 -2.8839254
368 0.51994044 -0.39797658
1365 0.5276888 -0.772981
82 1.4672623 -1.0365754
651 -0.44259048 -1.0597585
737 -1.5053122 -1.9657372
1324 0.593398 -0.8819716
349 4.058485 -2.512458
1491 2.1306136 -1.3558044
2606 0.65331024 -0.841375
2184 -3.191771 -3.5282815
2446 0.57773876 -0.7786693
1702 -0.10159871 -0.9130928
1687 0.6207864 -0.7494446
2481 0.2577904 -0.68588
972 -3.1533847 -3.5393143
1372 2.1866636 -1.5222048
279 5.2454257 -3.262923
1787 -3.1418276 -3.5140638
1063 -1.2886057 -1.6620742
1010 0.39702642 -0.9796355
2551 0.10776615 -0.89968836
1790 -2.8900757 -3.2638555
1508 1.7112985 -1.2418197
1301 0.93541294 -0.9685057
2555 1.9938766 -1.3604985
1917 1.4224839 -1.0670305
348 4.714572 -2.9102502
2318 -0.57544726 -1.1598792
702 -0.8499924 -1.3417709
2174 -2.1502693 -2.4401693
239 5.5772624 -3.4392974
2531 0.27248788 -0.7537909
1745 -0.10098546 -0.9408806
416 -0.5914767 -1.1326528
1036 -0.22855785 -0.86900634
2276 -0.13327725 -0.7869591
735 -1.7946494 -2.1908925
1801 -2.8188417 -3.1252587
300 3.6088865 -2.253018
142 2.0728064 -1.3236992
1668 0.05996516 -0.8382289
172 -0.20712529 -0.9069024
1525 1.1825744 -1.0028143
414 -0.5192905 -1.1601181
1963 3.3075035 -2.138425
2104 -2.05995 -2.3609254
205 3.0554347 -1.9416714
2542 -0.04439389 -0.888136
643 0.53736806 -0.777171
103 1.0119045 -0.7901317
1912 1.7803203 -1.2670931
878 -1.6093737 -2.0002596
1733 0.97233254 -0.8087281
2033 -0.41397837 -0.98379725
1701 0.17489587 -0.81135064
545 0.43530744 -0.7420873
2339 0.25747982 -0.77247524
2232 -3.0682278 -3.4372058
2016 2.1729107 -1.5394008
2009 3.0153253 -1.9058356
212 4.040981 -2.555219
718 -1.2555238 -1.7197824
1682 -0.3896079 -0.8977092
2556 1.6756572 -1.2079674
175 1.6512418 -1.064935
2254 0.33030796 -0.743677
2046 -0.21079277 -0.97853094
1546 -0.70483536 -1.1946024
1133 -0.41523346 -0.9712464
1319 1.1618168 -1.0550828
275 4.954184 -3.0680904
1388 0.70993316 -0.85703456
966 -1.61618 -2.0124257
125 2.3294165 -1.4639738
2208 -0.40985844 -1.0633316
1776 -0.66657853 -1.1215895
881 -2.8414824 -3.242911
2525 -0.39352423 -0.71369416
1941 0.61966336 -0.8348198
2105 -0.9774513 -1.3738039
1758 -0.32991254 -0.9933194
2529 0.9455495 -0.7921186
861 0.8945808 -0.87121665
1732 0.7707798 -0.7835312
1364 -0.24556771 -0.7560634
2137 -0.08551482 -0.3906491
1777 0.13111764 -0.84372973
869 -3.1583295 -3.5206137
913 -3.3217247 -3.688139
1351 0.9901413 -1.0222831
894 -2.8788915 -3.221525
2068 -0.2985961 -0.7730224
1703 -0.06586285 -0.86567587
619 0.17894271 -0.9231206
727 -1.0381291 -1.5744691
1163 0.43859047 -0.7998562
1602 -0.74165297 -1.2939152
2414 -0.40274838 -1.0464048
728 -0.7927532 -1.3088615
2387 0.8313941 -0.89033264
2600 0.27608648 -0.7721432
726 0.28839508 -0.78449076
1566 -0.72955936 -1.1766435
2239 -0.6779318 -1.0392559
1495 1.868579 -1.2416542
706 -2.1936996 -2.6590264
135 0.8883994 -0.931591
457 -0.22812039 -0.8447935
240 5.098328 -3.1542184
1922 0.82784986 -0.88771224
110 2.1360025 -1.3733121
1418 2.6789281 -1.7660223
2391 0.7305419 -0.86844784
2207 0.10448897 -0.7331532
2327 0.0056577222 -0.9591074
1919 0.78185725 -0.8793973
1878 -1.1944082 -1.5696918
494 -1.5554308 -1.762019
705 -2.071296 -2.529026
403 -0.7784111 -1.3425379
1592 0.118469566 -0.6089315
1698 0.63045067 -0.8748096
1057 -0.7407093 -1.1811352
41 1.2587935 -1.021322
1054 -0.83019286 -1.3605732
1003 -1.3929613 -1.7026811
2444 0.6442397 -0.8071108
2505 -0.053382095 -0.9521852
558 0.09951451 -0.847478
2477 0.70018077 -0.872593
701 -1.2454624 -1.72236
2180 -3.3096442 -3.6715014
1067 0.34349838 -0.57993853
2585 0.009753718 -0.8367061
2211 -3.4407735 -3.8467388
1428 4.4451113 -2.7042654
1302 0.8631798 -1.0147089
841 -1.2359663 -1.6741731
1030 -0.385519 -0.95333976
1395 0.66365504 -0.945085
292 4.86314 -2.9713018
848 -0.91208124 -1.4092228
805 -2.6447752 -3.049491
375 3.6786592 -2.296253
2021 3.6983938 -2.3882442
2472 0.20283867 -0.75739276
722 0.7488998 -0.9528287
441 -0.43630883 -1.0376561
620 -0.3869363 -1.0650476
263 5.5467067 -3.4029946
1209 1.0005208 -0.98707926
1490 3.284513 -2.076468
148 2.8701959 -1.7501479
2587 0.6909476 -0.7846959
2458 0.17000066 -0.7474807
1869 -3.4471774 -3.793455
1949 0.7732737 -0.7100724
18 0.7355621 -0.6606339
852 -2.28899 -2.6083536
1019 -0.76922303 -1.2591828
601 -0.002592021 -0.9001734
743 -0.632703 -1.2999898
2626 0.65879935 -0.59379095
799 -1.4233689 -1.8102862
2255 0.79117596 -0.82750815
721 0.44225493 -0.7015678
653 -0.15526511 -0.9001355
602 -0.16963671 -0.976731
307 3.7384214 -2.3114617
1554 0.5158327 -0.5165494
1667 -0.1263537 -0.90406513
1555 0.50018495 -0.80487216
1851 -2.8115118 -3.1363413
842 -1.2862669 -1.6667905
2128 -0.63228005 -1.091506
1920 1.9221555 -1.3105834
2445 3.003659 -1.863995
34 2.0270875 -1.3282876
1677 1.8750635 -1.3746963
856 -1.9167182 -2.2220318
2535 0.31008056 -0.80648565
2126 -0.8084905 -1.3198998
224 4.1185403 -2.589939
704 -1.3561292 -1.9059292
2272 0.14484209 -0.8125627
560 0.6205201 -0.7547815
2273 -0.52230054 -1.1398755
249 1.6089468 -1.1303583
2563 0.4795649 -0.84663016
567 0.252854 -0.85869825
2340 0.31536692 -0.8375871
2604 0.29340306 -0.8436023
285 4.2164145 -2.5898616
662 -0.6373066 -0.96843666
1778 -1.2920152 -1.525656
237 4.2357597 -2.5942738
2069 -1.399268 -1.767101
918 -1.7651755 -2.050786
746 -0.58893067 -1.22
1095 -1.1176088 -1.4159312
2487 -0.22233018 -0.96236527
2377 -1.6526213 -1.9925257
1383 0.48955262 -0.7973393
1690 0.19720575 -0.7999407
107 1.6100196 -1.1504189
630 -0.11406286 -0.89423984
2571 0.4068703 -0.96021414
2002 3.2808864 -2.1363354
2252 -0.004369872 -0.8658483
98 0.054948583 -0.5960807
2288 -0.37572205 -1.0266271
739 -0.8773928 -1.3739715
2287 0.12665394 -0.85680205
691 -0.06122785 -0.9250217
2164 -1.0464673 -1.4073102
834 -1.5660765 -1.9657365
699 -1.4025931 -1.7733942
978 -3.3230193 -3.7109663
1038 -1.3954886 -1.6393679
650 0.4333162 -0.8388535
1013 -0.015148903 -0.6159586
736 -1.4531043 -1.909785
2022 2.9136446 -1.9214691
2480 0.41687447 -0.7650613
1009 0.43933156 -1.0443894
108 1.0481174 -1.0987066
2500 0.37919268 -0.7435194
1827 -2.46857 -2.7308996
1031 -0.86857903 -1.3526838
2496 0.45760748 -0.8003341
1208 0.3727011 -0.8275993
1518 1.9170973 -1.4400245
233 5.141563 -3.162434
1795 -1.132031 -1.4539274
709 -2.9138908 -3.3741386
2455 1.2055126 -1.020175
1048 -1.2771362 -1.6483475
1124 -0.53933 -1.1584048
1753 -0.32774392 -1.0532173
565 0.39286846 -0.837821
2376 1.609858 -1.1930344
2559 0.051378224 -0.89194334
2558 1.902945 -1.3745692
109 2.661777 -1.6876923
286 2.9505694 -1.9165497
750 -1.3699113 -1.7315717
2596 0.84008265 -0.82437485
1750 -0.12435923 -0.91640955
2594 0.16365084 -0.9597975
66 -0.17142844 -0.9795277
2490 -0.06135336 -0.8816769
1947 5.1107993 -3.2094045
2256 -0.34374994 -1.0321655
2516 1.4394567 -1.1975087
1595 -1.3516241 -1.7857215
197 4.4332147 -2.6570258
2246 0.38778576 -0.7660074
1888 -1.5029688 -1.7720628
868 -1.9069955 -2.3944743
2508 0.8923456 -0.89544785
1948 1.2606819 -1.0933614
17 0.911284 -0.86774534
1833 -2.420135 -2.8076947
374 1.2928457 -1.0272585
555 0.083177105 -0.9801736
2210 -3.431209 -3.867117
1076 -0.73476976 -1.3327358
2627 0.5912664 -0.8396585
1876 -2.7506018 -3.0823097
1045 -0.11422869 -0.77886134
2270 -0.19370106 -1.0742515
2271 0.33956954 -0.8219078
1430 -2.1725948 -2.6417482
1066 -0.72127783 -1.1968704
1363 1.1717315 -1.0728242
2513 0.16405933 -0.74081856
2325 -1.3062037 -1.6960722
1844 -2.59284 -2.9402704
582 -0.70116615 -1.1718595
1786 -2.8107572 -3.1298985
890 -3.6791873 -4.106485
1303 0.71518975 -0.9152793
1845 -2.7895439 -3.1314845
1903 -2.3707986 -2.6677077
686 -0.042723183 -0.81655955
2341 1.041077 -1.0008197
2533 0.5247311 -0.8293764
2286 0.061416242 -0.84012944
444 -0.6211951 -1.1770097
2526 -0.019049963 -0.9686459
742 -1.9618162 -2.3187182
2264 0.021884754 -0.9207815
472 -0.5916342 -1.1527966
1782 -1.3049364 -1.6787117
1549 -1.000071 -1.4421736
1014 -2.277877 -2.6043324
749 -2.8047364 -3.2091293
1946 1.3840129 -1.0834489
2328 -1.371086 -1.7162751
1612 -0.9457821 -1.4451225
1172 0.35146913 -0.8552811
1911 3.2852256 -2.0996125
1049 -0.43533826 -1.1590568
2348 1.2723365 -1.0110428
1916 2.50846 -1.6056708
427 -0.29552752 -1.1029768
2514 -0.086916074 -0.8657717
188 1.9382055 -1.2959443
2178 -3.553488 -3.892103
600 -0.092180096 -0.8658683
2029 3.4567232 -2.1196058
1924 2.8886504 -1.8779101
1456 3.565972 -2.231141
1857 -1.9639504 -2.248541
