2408 2
2163 3.144753 -1.3622988
127 -0.18957439 -1.0697223
1206 0.35509664 -1.0766343
1417 0.60614246 -0.7227466
2194 2.0373487 -1.0364528
2064 -0.09375198 -0.9711505
1448 1.9168259 -0.8479764
2129 -0.28782526 -0.8830635
1960 3.6477473 -1.4328926
2335 -1.6932012 -3.2946794
2257 -2.3713682 -3.7626204
1542 1.5445197 -0.9144749
1713 2.0876307 -0.82148784
2326 -1.3246375 -2.1414526
2189 1.4892061 -0.8754935
2292 -2.3567164 -3.7001612
1166 2.8113468 -1.1063203
2243 -1.7703363 -3.1834931
1327 2.5160568 -1.0545633
1941 2.6999357 -1.207493
1331 1.1932216 -0.8503798
1809 -2.281426 -3.6971114
914 -1.0486182 -1.9168428
762 -0.34433198 -1.18442
94 -0.09126287 -1.1060269
2099 -2.1815948 -3.5074697
2609 0.71707845 -0.9087238
1654 -0.98700124 -2.098391
1405 -0.33852202 -1.2125866
1931 2.7926958 -1.2580714
1482 0.6678711 -0.8469233
519 -1.2649698 -2.5362685
1617 -0.5416863 -1.5353208
76 4.839618 -1.8572773
1624 0.15586546 -0.7669487
2285 -2.502874 -3.9277735
1452 0.7980301 -0.7659725
2427 0.46296823 -0.8421298
1928 2.2785301 -0.9987073
269 0.15696676 -0.77300376
1189 0.3445129 -0.93686014
72 2.8070843 -1.1400273
1426 2.4650562 -0.977415
133 0.07235424 -0.69592816
1165 2.8039384 -1.1367937
988 -2.2407694 -3.5662818
744 1.5511948 -0.8222717
48 5.122137 -1.942528
329 -0.5300582 -1.3405228
905 -0.7314174 -1.4734061
1478 0.5776446 -0.7833385
1486 0.58820605 -0.7318321
2042 -1.3219591 -2.2448165
2644 0.82528806 -0.81392264
1138 0.7484879 -0.8418359
510 -2.3642876 -3.8300242
60 0.71072197 -0.69241554
1598 3.9365482 -1.4818655
1893 -2.0035963 -3.2020483
267 0.8305846 -0.80479497
488 -2.5597475 -4.125928
2115 -1.3105539 -2.3584447
1643 -1.0676279 -1.9200082
1737 0.41547278 -0.6860036
1306 0.4405004 -0.5579862
1765 0.20609348 -0.8131796
2407 -2.5356479 -4.4071584
1970 2.4266944 -1.1252912
77 3.9217987 -1.5308753
2071 -0.20401905 -0.9891457
324 -0.20231345 -1.0599219
714 0.9469425 -0.77294904
1535 1.2468643 -0.82311106
1523 1.5784005 -0.9745004
888 0.6378355 -0.7341834
177 0.54286605 -0.83387333
1225 -0.004847132 -0.7683224
42 3.8956103 -1.487534
2612 0.69764155 -0.9089683
2550 -0.56560016 -1.2067637
2466 2.882579 -1.1315924
1016 5.2283897 -1.9866452
1288 7.877061 -7.509583
2566 -0.48077044 -1.220392
19 1.2429372 -0.7213424
1131 0.7959183 -0.75064456
405 -1.4070671 -2.6702626
2325 -2.2010052 -3.5094104
2428 0.23968726 -0.8513846
1501 -0.22119348 -1.1922523
1702 1.801132 -0.76639843
940 -2.2752187 -3.6109676
132 0.29927695 -0.8245988
2393 -0.84102166 -1.8614265
534 -2.8874574 -4.656428
756 0.92814106 -0.70815057
1884 -1.8223889 -2.9697208
1316 3.6330652 -1.3902826
1115 0.8493059 -0.73698694
2263 -1.341425 -2.3253121
1475 0.41343725 -0.7903771
1282 -0.22481026 -1.0017349
2057 -0.15749203 -0.9394167
443 2.0847867 -0.8369196
1402 0.785346 -0.71126705
1413 0.48304522 -0.7859683
1895 -1.2964178 -2.117066
1102 1.9135928 -0.8350513
889 1.1543735 -0.7982679
2551 -0.722254 -1.385425
1989 0.5475359 -0.8559952
8 2.3712928 -1.0717723
645 2.058541 -1.0598549
2027 0.32292357 -0.8473389
2314 -2.2754047 -3.6218655
2546 -1.0743484 -1.7858983
969 -2.4207075 -3.88672
1178 1.7260463 -0.8414477
238 0.9622252 -0.8147494
833 -2.597645 -4.0568686
1084 3.01572 -1.1420394
2211 1.8078343 -1.0017636
360 -0.4866168 -1.250889
2284 -2.4732347 -3.901917
807 -0.47979584 -1.2499607
1128 0.86096245 -0.8646159
1759 0.12584977 -0.88381994
2537 -0.7546409 -1.311216
1803 -1.5508038 -2.613399
975 -2.6535683 -4.245936
2151 2.264531 -0.9927022
2449 0.31193364 -0.7340253
1804 -1.5240949 -2.6454148
480 -1.8645668 -3.0428505
1477 0.35608163 -0.70095193
1493 0.78389424 -0.7560099
970 -2.462303 -3.9421957
1857 -1.9221966 -3.1586678
1027 5.3827467 -2.0110905
2148 1.8770558 -0.9456224
1123 1.4102298 -0.58241975
2198 2.2709548 -1.0751907
1012 6.3687005 -2.4065232
190 1.1635072 -0.86579096
1949 3.6877398 -1.6126972
104 0.07925558 -0.97233623
2126 -1.5944265 -2.8097801
1969 2.4266582 -1.1296265
2096 -1.9657831 -3.2050273
10 2.582308 -1.093002
266 0.7918354 -0.81029195
1561 4.1734924 -1.6491113
1484 0.5663827 -0.8356887
1801 -1.8965467 -3.2532
38 3.022774 -1.1603396
53 3.9898367 -1.50462
847 -0.5789715 -1.5722456
1277 -1.0281086 -2.120774
1223 -0.25847602 -1.6523492
1180 -1.5231081 -3.0006018
229 2.1991282 -1.0846162
2544 -1.4497014 -2.3567555
2454 0.77850366 -0.89176667
212 2.548322 -1.0966116
498 -2.6397681 -4.2353005
2299 -2.6254869 -4.1554537
526 -2.4374297 -3.928749
1338 0.4078643 -0.71066934
1372 0.34632936 -0.7771095
276 0.29635823 -0.8042609
966 -1.6367751 -2.7292597
2102 -2.6639094 -4.188775
1935 3.569422 -1.4947071
91 0.11188412 -0.91770285
285 1.0797728 -0.7669495
676 -0.78135 -1.8807653
135 -0.26440465 -1.2128302
2547 -1.0569354 -1.7456124
158 1.4361289 -0.7503742
797 2.2828915 -0.9003987
1382 -1.3757586 -2.5439968
2023 0.7090222 -0.71565175
2084 -1.1581846 -2.0079467
1258 0.5828254 -0.6381029
533 -2.9809427 -4.736888
2573 -0.09568399 -0.88957685
1961 2.827912 -1.1501571
282 0.3290109 -0.8218482
2580 1.5597198 -0.8225308
2298 -2.4594069 -3.8724265
328 0.32770413 -0.64422756
794 3.1971087 -1.2310745
1440 2.5642571 -1.039327
1245 0.050865803 -0.92508286
1565 4.340942 -1.6786928
1329 0.14885439 -0.88758224
631 0.18738747 -0.7857531
532 -2.9534512 -4.707765
1281 -0.20212846 -1.0280621
2103 -2.436817 -3.8640566
2581 1.0123941 -0.60763633
776 3.4471455 -1.3680162
1349 1.1277401 -0.8849084
128 -0.31146064 -1.3388869
1813 -2.1922839 -3.5953188
2383 -1.5066566 -2.8944416
658 0.20511185 -0.910139
1215 -0.12755735 -1.2328118
551 3.2204647 -1.4284942
829 -2.5250084 -4.0341964
1247 0.1086536 -0.8315171
2002 0.31209606 -0.8677875
2090 -1.472608 -2.5458562
1626 0.06070797 -0.85779744
2426 0.5353796 -0.7896104
2165 1.3958144 -0.800673
1588 0.33123854 -0.7062965
2186 1.925792 -0.97018224
399 -1.412764 -2.6460655
1589 0.056613453 -0.8590148
2182 3.197551 -1.335451
1429 1.6422441 -0.6815521
391 5.28826 -2.0328321
2578 0.89340353 -0.82052445
857 2.4238722 -0.96946126
735 -0.19479726 -1.1298414
2634 0.6103988 -0.93319774
2424 0.38386625 -0.6895112
407 -0.68530154 -1.7590364
1991 0.78074735 -0.8182934
1937 2.974339 -1.1885324
280 -0.40738145 -1.1322377
2406 -2.0354726 -3.6362925
2270 -0.54505897 -1.3243839
1071 0.4866304 -0.38141832
134 -0.3058956 -1.2411115
1188 0.4549354 -0.80594236
2275 -2.4497337 -3.8835416
1559 2.663712 -1.1611799
1622 0.24306199 -0.74857324
1005 4.741562 -1.789365
1858 -2.381943 -3.8625348
1862 -3.1806974 -5.674573
366 -0.30684844 -1.2633611
825 -1.9888648 -3.2198563
878 2.8846934 -1.1476643
1089 1.8102516 -0.7190577
2585 0.7344175 -0.98307675
1085 2.0653882 -0.93690753
2549 0.11872539 -0.6548
2309 -2.0098174 -3.2310255
2196 1.7251239 -0.9465155
61 0.39326787 -0.6931399
1148 -1.3130497 -2.9906228
2162 3.9766967 -1.8240705
671 1.9487827 -0.8299587
1506 -2.731542 -4.419122
2124 0.025781933 -0.8590452
2350 0.2347314 -0.82543963
1594 -0.25153586 -0.81081265
615 3.5906503 -1.7697713
2545 -1.1232735 -1.849675
505 -2.793375 -4.51539
2408 -2.1803725 -3.8202813
2109 -1.5279385 -2.70219
2110 -0.94058174 -1.8884557
1497 -0.46624213 -1.4011424
1120 2.5316799 -0.9909392
1888 -2.022942 -3.259596
1082 3.5814314 -1.346752
2158 3.028532 -1.4069062
1471 0.33312812 -0.82299614
2633 0.7456928 -0.87161535
1479 1.4089854 -0.8097041
1332 1.1799144 -0.81394017
1802 -2.060585 -3.415283
186 1.2829541 -0.84965247
2595 0.7708873 -0.9995888
1242 -0.28129 -1.1170907
1998 0.3455966 -0.9203887
1968 1.2200415 -0.7220102
2036 -2.0842743 -3.4118936
1972 0.9155836 -0.75968736
1641 -0.6662625 -1.7343329
673 2.6892443 -1.0775228
248 2.5357985 -1.2653778
1511 -0.66689587 -1.5514793
189 1.2916384 -0.89524835
1113 0.27806157 -0.723015
337 -2.9546876 -4.9986963
2156 1.1908427 -0.70602584
992 -1.6564667 -2.6878583
1259 -0.3805508 -1.3638217
51 5.309007 -2.0082626
1792 0.109322734 -0.71314615
1940 2.3876724 -1.0826205
1250 0.68720806 -0.7207723
41 3.9441433 -1.4790144
1520 1.2976645 -0.90139234
2242 -1.9808991 -3.5134997
283 0.8951029 -0.8225005
2291 -1.5041007 -2.3619387
2111 -0.82110566 -1.797252
1347 0.6109788 -0.77239937
301 1.5020633 -0.98578435
1764 -0.49113274 -1.1355932
292 0.18538466 -0.8464835
236 0.7546162 -0.70797724
2123 -0.7585236 -1.6983774
409 -1.6261171 -3.0940354
2282 -2.2144885 -3.5288682
1570 2.324476 -0.95807385
2300 -1.9573739 -3.0823743
439 6.8177238 -2.632145
1387 -0.7085116 -1.8338403
1812 -2.4170303 -3.9773655
1766 0.7885368 -0.8027801
1081 1.8581702 -0.79918367
241 1.164749 -0.8051084
63 0.12544714 -0.93576586
2283 -2.3065252 -3.6355515
1318 3.5415728 -1.3514335
1470 0.49648365 -0.7418066
1678 4.535916 -1.7285649
1534 1.63171 -0.8678057
1076 3.1979816 -1.2162592
2619 0.62388706 -0.66058254
2430 0.36017755 -0.8464225
1821 -1.8599099 -3.116572
358 -0.98129934 -1.8699703
783 0.68135434 -0.788954
817 -0.7465914 -1.7254434
1867 -1.6996356 -2.7834113
1176 3.200199 -1.2393097
2338 -2.8405278 -5.090424
997 -2.8971424 -4.592456
18 5.2287407 -1.966401
2101 -2.0446765 -3.2819762
1735 2.0286543 -1.0457892
2557 5.1394114 -2.0120525
126 -0.18199962 -1.2123996
1837 -1.9254597 -3.188767
555 3.2732646 -1.4578542
701 2.1024642 -1.0499474
1254 1.4372287 -0.796796
1610 -0.9854821 -2.0114117
260 0.35587898 -0.8371258
1216 0.00036957386 -0.94731784
530 -3.0573142 -4.888163
824 -1.8056179 -2.9939442
770 0.56957376 -0.71799994
2201 1.663173 -1.0094702
1015 4.9591036 -1.8516085
1186 -0.13427244 -1.2617548
1269 -0.13658544 -1.1345392
1723 -2.0430822 -3.5054905
414 -1.1017035 -2.3479116
239 1.0910907 -0.81430167
2523 -0.75812113 -1.4824197
821 4.5187006 -9.768269
507 10.126889 -4.6834536
1322 6.0039077 -9.266489
69 1.9412873 -11.0743065
2104 -2.1597762 -3.4508393
1159 9.697075 -5.488347
1674 4.81077 -1.8691112
1122 2.7787135 -1.075579
1175 2.2792358 -1.0563363
1856 -2.7894387 -4.632241
1097 1.1022464 -0.8928252
739 -1.6455665 -2.8181002
244 2.5946143 -1.2111331
1571 2.370017 -0.93901926
21 1.9976857 -0.9154518
1095 1.2203059 -0.8099889
361 -0.85832274 -1.7842201
1738 0.4362841 -0.7475164
691 0.5360464 -0.62702495
2443 0.33282274 -0.80810946
2149 3.8238251 -1.4820834
1855 -2.596081 -4.4192705
438 5.846894 -2.2614846
2278 -1.9485792 -3.1225991
781 -0.10136523 -1.1093549
1984 0.68608403 -0.7945807
1521 1.333994 -0.9048477
2216 2.100651 -0.9828683
1177 2.8227785 -1.0794364
525 -2.6614547 -4.2947173
2327 -2.1806228 -3.495951
2564 0.37523764 -0.8298629
1747 0.867908 -0.74301046
1729 3.3790107 -1.2324239
1357 5.911219 -2.3700142
1483 0.45691547 -0.8590327
870 2.8163507 -1.1690842
1018 3.899133 -1.470645
822 -2.264706 -3.5934527
558 5.320882 -2.0697553
1003 6.148919 -2.3070867
2392 -1.9204013 -3.6380973
2092 -1.1946597 -2.1469426
180 0.6838779 -0.8297577
923 -2.208046 -3.463729
2432 0.9207253 -0.83526796
548 3.1506107 -1.4118379
1036 5.244224 -2.0162861
1073 3.0262973 -1.1346774
986 -2.0195475 -3.2359304
390 6.344118 -2.4923308
2143 5.589651 -2.1763015
1160 9.572767 -5.4360013
47 5.3985014 -2.0491219
2365 -1.4387194 -2.7545593
713 1.3843192 -0.9291513
1249 0.1701029 -0.87920135
495 -2.2849586 -3.673033
1229 -0.72706324 -1.7332698
1762 0.5549731 -0.69370365
1346 0.5095176 -0.65779454
1407 0.5373325 -0.60035414
2611 0.68856114 -0.8920807
719 1.4823494 -0.9948885
909 -1.1660844 -2.3713038
233 -1.455187 -2.4044569
168 0.34162605 -0.8960443
1644 -0.78057724 -1.6144735
352 -1.017528 -2.2836065
1529 0.9051663 -0.79317313
1106 3.275008 -1.2544671
901 -0.67043126 -1.558796
1034 4.623742 -1.7807662
973 -1.9309635 -3.124427
1337 0.13416497 -0.8043474
474 3.281694 -1.2889587
871 2.5776083 -1.1302054
1799 -0.2661847 -0.9993315
1811 -2.2760463 -3.6923556
196 0.54694 -0.9111457
1587 -0.37835225 -1.1438874
1226 0.6981866 -0.5978319
830 -2.26813 -3.5937998
129 0.012571858 -0.9864481
1441 2.064012 -0.87814456
1593 0.035329115 -0.78638697
191 0.82412136 -0.8002503
2442 0.52396435 -0.76853114
2118 -1.8976433 -3.1191175
1423 1.8831307 -0.84825
472 4.540564 -1.7786477
1155 1.7579421 -0.73591614
1597 4.1404176 -1.558815
195 0.76479864 -0.79875165
289 1.4363815 -0.87922126
208 3.9011054 -1.5117944
494 -2.1384344 -3.5906065
1473 0.9157887 -0.8384805
939 -1.8431637 -2.9468377
1193 -0.22755624 -1.4699821
160 0.3288272 -0.9056446
2063 -0.59774387 -1.6983507
130 0.2011194 -0.77983546
1320 3.9720676 -1.4920038
2306 -1.6507028 -2.6538858
2310 -2.0189717 -3.2494874
1384 -0.74515 -1.7172779
466 0.33696923 -0.65388864
2414 -0.07258149 -0.88778716
182 -1.6298288 -2.7683604
1973 3.339921 -1.3098253
1577 3.265163 -1.3909011
1002 5.4109483 -2.0466697
1692 -1.016727 -2.2030935
2448 0.37830484 -0.7530987
1874 -2.217533 -3.768392
1069 1.4268719 -0.6352461
2313 -1.800556 -2.9444015
1460 1.9097737 -0.88104826
1181 -1.2812468 -2.7597558
1716 1.798088 -0.9470217
2398 -0.8391931 -1.4877639
2399 -2.1337533 -3.4294388
1616 -0.74284977 -1.8034818
1614 -0.7134417 -1.8144598
1374 -1.637857 -2.8998733
571 5.6269073 -2.178418
1393 0.4681892 -0.7433744
903 -1.9232224 -3.2893252
218 0.33882445 -0.8432888
142 8.783414 -7.073061
1548 2.5980809 -1.232726
1578 3.7402728 -1.4832715
1268 -0.06583144 -1.0698825
1579 3.369793 -1.3300178
1721 -2.3164248 -3.8108947
121 -0.17821783 -1.2075043
728 -0.31405365 -0.9026957
1788 4.8562074 -1.8508468
2003 0.34019175 -0.8851577
648 0.14239565 -0.74392223
432 -0.07497826 -0.91612357
1585 1.1475091 -0.7607364
1899 -1.2960764 -2.3110611
1326 1.3589817 -0.776933
1688 5.0761294 -2.127114
2305 -2.0641775 -3.294365
1454 1.263743 -0.6113944
81 4.826993 -1.8159678
290 -0.042451456 -0.9491488
247 3.459443 -1.6899201
1880 -1.8519963 -3.1682823
1574 3.4238515 -1.467243
1854 -2.4304886 -4.0924625
2617 0.75112206 -0.8054835
1406 -0.1995575 -1.1025531
457 1.7893734 -0.9118326
354 -0.6966092 -1.8743371
1555 2.7856493 -1.1754769
270 0.43304408 -0.7700391
884 1.1728796 -0.66321373
1312 1.5528579 -0.6513827
2342 -1.8228986 -3.297755
300 0.99528736 -0.8101377
1982 0.8295 -0.7750815
1443 3.355215 -1.2482295
362 -0.43353572 -1.3746419
1087 1.592034 -0.80816275
1472 0.6669935 -0.83506787
860 2.4430962 -0.9712585
1607 -1.4693363 -2.8539643
2378 -1.8263754 -3.3572927
897 -2.142447 -3.4893813
760 -1.0366279 -1.9014268
2026 0.55050385 -0.72358793
977 -2.888357 -4.577696
1859 -2.3523808 -3.809959
1831 -1.2441455 -2.187017
108 -0.015480152 -1.1668502
353 -1.0421578 -2.3116064
1345 0.4396813 -0.5286067
1983 1.4054439 -0.81787884
2088 -1.4392034 -2.3624022
2352 -0.11003439 -1.033552
1822 -1.7997655 -3.0083768
226 1.6474301 -0.9790586
2268 -2.3522246 -3.7914386
34 3.1038926 -1.1750833
1412 0.32911104 -0.8296307
1572 3.061228 -1.188366
1404 0.17001948 -0.7932771
976 -2.482501 -3.9667
249 2.9803798 -1.4599651
1669 5.58771 -2.3222094
1132 0.6610923 -0.70802236
775 3.1826339 -1.2478986
718 -2.5008729 -4.030888
2038 -1.6172273 -2.6159654
1818 -2.18937 -3.581906
1241 -0.5027079 -1.1949389
1761 0.31636107 -0.77663136
2576 0.32943586 -0.7375619
1891 -1.9793974 -3.1563241
1642 -1.134458 -1.9936684
1498 -0.61847115 -1.5475909
818 -0.74126625 -1.7683295
2117 -1.8423032 -3.0694177
1355 0.8245766 -0.8488729
2447 0.38512778 -0.76581377
968 -2.4976985 -4.0441184
1348 0.8354333 -0.8120064
167 0.11847734 -0.8531359
2536 -0.98574805 -1.6958054
2221 2.4598455 -1.1898991
278 0.06569748 -0.82509875
39 3.1103597 -1.2102771
468 -0.31628525 -1.2944553
643 2.013929 -1.1058382
1576 3.8251934 -1.5988245
1596 0.24979654 -0.54773355
2161 3.81799 -1.720135
343 -2.0186086 -3.466618
1428 3.4538233 -1.3493258
1150 -0.2201355 -1.1913278
1451 0.69053054 -0.7927314
1270 -0.05896009 -1.0102744
2217 5.1889243 -1.9639891
984 -1.4844102 -2.5104055
2542 -0.68011826 -1.3423847
2072 -0.370049 -1.1102366
883 1.9427646 -0.9228364
1926 2.5293818 -1.132686
102 0.32791615 -0.86909586
2159 3.668933 -1.7070326
2145 4.509714 -1.7652314
879 3.376112 -1.3399016
1350 1.0033209 -0.8521033
1615 -0.2289211 -1.128142
2122 -0.9914414 -1.9841204
855 1.0971614 -0.67088485
2190 2.2702396 -1.1020356
1336 2.070716 -0.99801564
522 -2.7508407 -4.5671215
145 -0.11296495 -1.2960781
93 -0.04595905 -0.99567276
230 1.4910325 -0.76979923
1816 -1.8682587 -3.0846336
2024 0.4878599 -0.74518245
506 -2.8769813 -4.6113243
137 -0.3344218 -1.3328825
2528 -1.1183773 -1.8413848
237 1.1900457 -0.8126793
2193 2.241988 -1.1330917
2574 0.11109359 -0.5962011
412 -1.377879 -2.6331515
828 -1.7589842 -2.8537471
1389 0.4153864 -0.9714021
1462 4.7229156 -1.793871
40 3.8090901 -1.4416821
647 0.9776967 -0.70281047
2596 0.7968566 -1.0137436
1111 0.35785303 -0.88110435
1945 3.3897061 -1.4830068
1892 -2.304184 -3.6217308
2012 -0.42137268 -1.1207054
1719 5.416053 -2.186307
2620 0.82840806 -0.8672864
122 -0.13528512 -1.1652482
2361 -2.2636821 -3.7950964
479 -2.6957684 -4.342501
500 -2.4000475 -3.8945255
30 3.7648513 -1.4140692
2382 -1.130473 -2.3140068
1627 -0.22075833 -1.1800232
2105 -2.0316887 -3.313974
1927 2.2464523 -0.99624753
1670 4.2149944 -1.7900589
609 -2.5128503 -4.36463
1100 2.0956678 -0.8387776
1800 -0.97595924 -2.0045748
531 -2.8381512 -4.48771
240 1.5222383 -0.9247957
1074 3.5266056 -1.3185171
2200 1.5694314 -0.9164937
447 6.346114 -2.6337776
448 7.577966 -3.1243896
401 -1.2595181 -2.5726917
1955 0.31381124 -0.62271976
942 -0.73594284 -1.7505064
747 1.474098 -0.9297579
487 -2.4627054 -3.916935
2127 -1.4453017 -2.5935013
71 0.4988036 -0.59733254
1108 1.0726266 -0.9434785
1210 -0.07905585 -0.96431065
1573 2.8392608 -1.156163
740 -1.7883565 -2.982543
1127 1.0514321 -0.84703434
1611 -0.66563183 -1.6016072
2525 -0.36062637 -1.0680405
763 0.19101351 -0.80220056
1379 4.6758256 -1.8258464
2205 2.1861446 -1.0890723
2290 -1.9945886 -3.189899
1370 -0.9303577 -1.9593155
153 -0.24547295 -1.2024109
925 -1.918133 -3.303992
225 0.7667215 -0.7771933
983 -1.0925074 -2.0467618
245 3.2736223 -1.5917398
2043 -2.4200797 -3.8925931
2231 0.13425747 -0.82340586
2065 -0.5562332 -1.4382113
368 -0.3564778 -1.3025758
279 -0.18085147 -1.1175658
2425 0.13806386 -0.7758716
1805 -2.354395 -3.7463017
841 -1.3079087 -2.2239208
113 -0.0003008142 -1.067603
319 0.78604347 -0.66866875
749 -1.3084041 -2.278385
2035 -2.4996572 -4.0102267
694 0.37402633 -0.6787656
2083 -1.6494122 -2.725396
594 -2.715418 -4.917994
1875 -2.8886712 -4.8356757
955 -2.1957533 -3.4147582
677 -0.8105392 -1.9894774
13 2.996519 -1.2458448
1119 2.6018128 -1.0464598
2000 0.27025318 -0.89044493
768 0.15640047 -0.5635502
1550 3.8296852 -1.6176928
2085 -1.3792158 -2.3907323
25 0.625058 -0.7687154
1653 -0.72448945 -1.5624957
1613 -0.6562772 -1.6643856
1362 -1.1505626 -2.2061172
2396 0.070576005 -0.5524771
854 0.5876319 -0.6650324
477 -0.22524916 -0.7932727
1147 -1.2567158 -3.0296311
1315 3.3844733 -1.3568796
141 8.821692 -7.0918074
547 2.7609107 -1.2405864
1105 1.8183903 -0.78433615
1231 -1.8954681 -3.4019015
1265 -0.4952819 -1.2685593
1815 -2.363838 -3.794842
320 0.588943 -0.78738564
685 -0.0782834 -0.89563483
2078 -2.1630895 -3.4586856
2264 -0.39425373 -1.0361671
1352 1.0877084 -0.7609337
2301 -2.5213506 -4.002203
1503 -0.31744188 -1.2852931
1481 1.215211 -0.8267971
2554 -0.23387212 -1.0661584
33 3.443197 -1.2678214
2125 -0.9011209 -1.919223
886 1.6415408 -0.8676606
1476 0.68805647 -0.64855736
961 -2.7662928 -4.434739
587 -2.334422 -4.1072717
1657 -2.2627811 -3.7956703
679 -0.34813058 -1.3772873
2324 -1.9533838 -3.202255
1335 1.333697 -0.833646
1751 0.28657284 -0.90115255
109 0.2911671 -0.33727834
20 2.6280537 -1.1207818
565 -1.3216174 -2.5565472
1279 1.8504778 -1.0065536
588 2.729209 -1.2376554
192 0.5217633 -0.8519403
357 -1.0909064 -2.028083
1612 -0.8808896 -1.8509669
904 -1.6729467 -2.6766632
2538 -1.0825862 -1.7806052
814 -0.7044542 -1.5219978
921 -2.6156387 -4.118793
2630 -0.2534431 -1.004721
1344 1.9264148 -0.8826874
1261 -0.74056053 -1.9584761
2588 0.7465999 -0.9844275
271 0.86681205 -0.75206214
463 0.9409019 -0.5696947
89 0.38608578 -0.79048896
459 2.0871756 -0.9476996
2160 3.3203733 -1.5981379
1467 2.345303 -1.0986711
1445 1.9569564 -0.80028707
2303 -2.5213318 -3.9806137
2209 2.3707597 -1.1342939
1996 0.5075931 -0.9204757
1744 0.8376463 -0.7165102
2452 0.7504367 -0.619059
2213 1.1036068 -0.8316018
2172 0.053108435 -1.1078098
420 -3.0700872 -5.0537806
2543 -1.2953638 -2.0709324
334 -3.5752392 -6.02972
181 -0.41134325 -1.1122154
2488 -0.61679786 -1.4312834
44 4.0711174 -1.5134571
1863 -2.7828255 -4.812778
2212 1.6182816 -0.95317906
2214 1.0560681 -0.80479103
2444 0.2688007 -0.9205597
799 1.4852825 -0.66456026
15 2.733811 -1.1191504
1183 -0.3069918 -1.6554308
1741 1.360613 -0.81855947
2087 -1.2338351 -2.2735376
1840 -2.0511603 -3.2725213
2589 0.65885526 -0.92868674
985 -2.105394 -3.3847477
2462 -0.15062685 -1.1167549
2610 0.77049404 -0.90929556
2302 -2.5665348 -4.0446496
2316 -2.3000512 -3.6146226
316 -0.09873581 -0.4046914
2518 0.29794696 -0.74959886
1956 1.6401044 -0.8460348
2333 -2.5311687 -4.605071
1019 4.957313 -1.8626038
1866 -2.1971421 -3.5897627
738 -1.3952597 -2.526249
1993 0.69691944 -0.7891046
2272 0.16979024 -0.4287703
2230 0.12258172 -0.6720618
535 -2.5768094 -4.1329145
184 -1.80543 -2.965041
1636 0.13148524 -0.9325704
1817 -2.1409242 -3.466331
597 -2.0376732 -3.7330053
1990 0.7721519 -0.8276411
1769 -1.4920166 -3.5233135
2553 0.05320613 -0.840946
2046 -3.176851 -5.0895805
937 -1.6156934 -2.8190367
1651 0.11062082 -0.94454515
2503 -0.058178104 -0.92575884
338 -2.6495316 -4.4664397
922 -2.4660976 -3.877273
172 -0.24096674 -1.4135975
529 -2.9869597 -4.8008184
1605 1.339585 -0.86517715
2522 -0.87608147 -1.4904134
2296 -2.6623645 -4.197355
938 -1.3082424 -2.4033551
497 -2.744552 -4.3999553
2228 1.0166944 -0.8412667
410 -1.7333399 -3.3404756
1146 -0.6782727 -1.9714346
753 3.39796 -1.5812434
1885 -1.8363651 -3.0481908
1872 -1.26232 -2.2854667
575 4.643237 -1.753409
2169 2.3174725 -1.1184207
1447 2.3760526 -0.9797565
1647 -0.5961572 -1.3152204
228 2.6894896 -1.25312
1233 0.37532824 -0.71222264
1053 4.91375 -1.8264275
1049 4.6718135 -1.7392946
608 -1.4628158 -2.7289898
1630 -0.37640378 -1.2006853
1276 -0.43217516 -1.2741839
1656 -0.16664447 -1.0669976
1201 -0.2571226 -1.8251241
2600 0.48221084 -0.9231498
593 -0.8343359 -1.8474473
1502 -2.204717 -3.6178312
74 0.19307026 -0.56978315
2560 0.9965837 -0.6598206
2323 -1.9682728 -3.166634
2539 -1.10324 -1.8205801
623 1.6634765 -0.98607564
800 2.9627743 -1.1217011
1079 5.9365253 -2.2315528
552 1.0410501 -0.62547016
2238 -0.41537765 -1.3497592
124 0.36064205 -0.8079569
359 -2.0154855 -3.4143908
1835 -3.0614293 -4.9486
795 2.4101412 -0.9586151
2598 0.6624891 -0.8482307
1703 2.4460962 -0.9724777
1030 5.4618807 -2.103725
1055 6.034451 -2.2663858
1726 2.2524176 -1.1154276
227 2.314103 -1.1387113
1200 0.1304064 -1.1845486
987 -2.0889237 -3.3493588
2178 1.614201 -0.96500486
1167 2.3726935 -1.0505961
1297 4.052762 -1.5065501
1732 0.33201623 -0.807868
1137 -1.3379017 -3.0243692
1545 -1.2914249 -2.3804522
1887 -1.4694109 -2.55748
1397 -0.29379246 -1.2673017
754 2.8763735 -1.4203501
400 -1.9001533 -3.4013722
222 0.07483833 -0.9798385
204 1.384666 -0.7835596
1103 3.139589 -1.165171
1072 5.5433354 -2.0886786
2277 -2.086895 -3.2996933
306 0.20050642 -0.79755443
1400 -0.7991951 -2.0850923
1695 0.29271773 -0.27740973
1139 0.82809085 -0.8736983
1224 -0.3782865 -1.289987
882 2.7899537 -1.240241
1057 5.6992073 -2.1509132
755 2.9566236 -1.4326341
723 3.3172696 -1.5724715
1971 0.8560571 -0.82660913
752 3.2293558 -1.4840577
2039 -0.32094187 -1.1490709
1050 4.554383 -1.6918484
1464 6.0103 -2.2563567
1442 3.0616426 -1.1493181
2073 -0.20277937 -1.1058273
1435 1.0133648 -0.65018636
967 -2.4801264 -4.0036097
537 -2.8108363 -4.729465
2517 0.11712046 -0.68651295
732 -1.6512675 -2.7435992
1436 3.1514826 -1.2151744
17 4.8544917 -1.8677585
318 2.6760395 -1.1467851
730 0.7019507 -0.81794125
2311 -2.024151 -3.2630315
1246 0.023714935 -0.9584058
2004 0.40116903 -0.93579775
2009 0.8031361 -0.8541872
138 -0.22945781 -1.191989
1465 5.1876693 -1.9522935
1560 3.6886547 -1.4943451
1339 0.6272354 -0.74635684
528 -2.09477 -3.458699
784 0.7966829 -0.70408434
1950 3.0649393 -1.388408
1795 -1.555647 -2.8029687
512 -2.6250935 -4.2062697
1351 -0.081921354 -0.7340781
1187 0.4755312 -0.8153596
782 -0.16305245 -1.1329105
2367 -2.288361 -3.9121592
2642 0.25266927 -0.8490365
2093 -1.7220273 -2.8508089
1985 0.87276083 -0.81313145
2312 -1.5132544 -2.495088
1458 1.5389837 -0.9339088
415 -1.3216628 -2.6054113
2152 1.1822464 -0.70972824
1712 2.9301221 -1.0637482
1310 2.4147859 -1.1534956
178 0.60216606 -0.8647154
3 2.9989097 -1.267223
263 1.485113 -0.85544
2532 -1.1902076 -1.9404697
1772 1.0954934 -0.8311164
1164 3.364561 -1.2757589
2353 0.17964828 -0.94039714
1842 -2.3668969 -3.8102415
1645 -1.0963271 -2.11604
2415 -0.4399044 -1.3191673
2496 0.4959938 -0.59394586
1125 1.8095933 -0.796784
1086 1.4937508 -0.84437895
1240 0.028153928 -0.82422245
764 0.03429331 -0.8599541
2476 3.422889 -1.3660127
215 1.5498048 -0.8814361
928 -1.9279994 -3.4865136
1037 5.3598638 -2.0355537
1314 0.75330204 -0.62457067
1388 0.19394743 -0.9256177
1395 0.2935111 -0.86170477
1599 0.50397867 -0.4026001
2501 0.9330136 -0.75156903
861 2.760152 -1.0655646
1882 -2.649775 -4.411007
326 -1.0725514 -2.0450838
1806 -2.1020544 -3.394155
2181 3.4389093 -1.4516038
29 4.0757093 -1.595602
2571 0.30521765 -1.0459737
304 0.503532 -0.89246404
1704 3.2314782 -1.2126395
517 -1.2241434 -2.480616
787 1.1490986 -0.70547163
120 -0.18939544 -1.2345525
2470 0.02930245 -0.88129085
209 2.7543101 -1.1752006
1557 1.8598439 -0.9606382
1308 0.5995363 -0.65324396
2116 -1.7663049 -2.9750793
1342 1.2478794 -0.77809656
598 1.1764873 -0.7344339
1439 3.6941154 -1.3610679
1304 6.5072684 -2.4947867
1035 5.374898 -2.0675993
2601 0.60574275 -0.9024196
663 0.3496836 -0.7700083
2015 0.5342727 -0.8141506
1169 2.9827802 -1.172759
90 0.25697434 -0.90177155
963 -1.9813334 -3.3521657
579 4.4852176 -1.7533889
169 0.25408706 -0.90456426
2441 0.37327114 -0.8554885
655 2.713567 -1.0754339
2575 0.03967497 -0.86263496
949 -2.017972 -3.2097533
1416 0.7958965 -0.55238575
601 0.25199953 -1.0624552
24 0.7748251 -0.83701575
2456 2.2900035 -1.0126221
444 4.0885496 -1.5467045
406 -0.96164227 -2.0445154
1929 0.98878205 -0.716279
1568 0.54268754 -1.0114328
1203 -0.043726426 -1.395936
156 0.026982741 -0.99543947
1787 5.147698 -1.9332854
32 3.9288373 -1.4277086
1791 0.21791959 -0.4705307
1959 4.33713 -1.6698768
2495 1.2225211 -0.58457184
1734 0.10952792 -0.8228147
367 -0.53589547 -1.6025095
514 -1.6806908 -3.2496126
346 -2.3841183 -4.0351863
1677 4.6105986 -1.7710634
2185 1.3156658 -0.8712818
1896 -1.6598213 -2.7442992
858 2.8627925 -1.1053861
2079 -2.6914437 -4.2577057
339 -0.9812908 -2.0858517
1062 4.5411 -1.6663404
349 -1.5627557 -2.9563763
1199 0.2567603 -0.95837843
564 2.1325266 -0.94892496
2625 0.75006896 -0.671169
2641 0.45871618 -0.8316974
1581 2.8634412 -1.0898812
1925 3.5618377 -1.5577403
2220 2.5044875 -1.2428957
1422 1.0525682 -0.6376107
1328 0.21416669 -0.94791174
926 -1.8914075 -3.4074512
2363 -1.0778236 -2.0823572
1537 0.90437376 -0.62619156
341 -1.7196523 -3.0520666
1075 4.311439 -1.6214193
1962 3.6983886 -1.4375378
476 0.68926984 -0.43273428
845 -1.0283971 -1.9832877
1104 3.0860147 -1.1747289
2599 0.66451544 -0.9332226
1391 -0.65219176 -1.5359162
36 3.1462946 -1.1877005
1492 0.6451772 -0.8212544
1819 -2.123085 -3.4529696
2010 0.16633052 -0.78333473
1474 0.33665398 -0.8254228
927 -1.4018501 -2.6570814
1353 1.2683758 -0.8339261
1886 -1.8451774 -3.1381645
2141 6.9852276 -2.6896756
1051 2.8408473 -1.1193947
549 3.1049922 -1.3866806
793 3.5120957 -1.3532687
1126 1.1635091 -0.67917496
421 -1.9057944 -3.3256454
1820 -2.190742 -3.5396307
1455 1.878869 -0.91783077
364 -0.13875099 -0.93949884
467 0.055161573 -0.88265073
1381 -1.7246507 -3.030515
1469 0.99604374 -0.6606535
1790 -0.19510823 -0.7219095
481 -1.783769 -2.9159718
686 -0.48996177 -1.2195144
2636 0.61476946 -0.96243036
1920 2.207558 -1.0681063
1415 1.0585444 -0.81231934
2446 0.50123674 -0.61745834
1218 -0.15765439 -1.1197886
2006 9.097902 -4.5649605
2021 9.100902 -4.3938646
2348 8.909834 -4.5012026
2349 8.928557 -4.525079
264 8.377448 -6.0132318
265 8.346781 -6.007615
1530 3.1145892 -1.541045
945 8.723146 -5.416884
946 8.751443 -5.4842844
194 0.5365161 -0.87310815
171 9.700956 -4.1928797
170 9.658799 -4.1964664
1671 5.9337955 -8.718747
1255 5.897005 -8.675782
1846 3.1790164 -8.348926
1845 3.4427078 -8.190807
1302 6.5736885 -6.7851768
1303 6.6277633 -6.923082
1267 7.673483 -5.835572
2341 7.610485 -5.919888
312 7.8703804 -6.6487226
313 7.8423324 -6.630104
951 8.873387 -4.980981
950 8.7204 -4.9591136
741 9.034022 -4.597027
759 8.866927 -4.5385823
205 6.1409645 -7.386312
207 6.032775 -7.434356
1848 -4.4950624 -8.775061
1847 -4.402086 -9.055923
1698 8.629875 -6.987134
1696 8.694948 -7.0606503
2418 5.689805 -7.604699
2419 5.667164 -7.6712623
388 8.2245655 -5.397026
387 8.24242 -5.405881
311 6.5838003 -7.0962887
310 6.7354608 -6.8439655
727 -0.45506293 -1.087562
846 -0.41425744 -1.2631183
1954 -0.6820101 -1.480612
1459 2.4777458 -1.1224774
1333 1.2113564 -0.80199736
2061 -0.9552023 -2.123896
82 3.1210186 -1.206388
2251 -2.6018999 -4.230945
1564 2.476241 -1.0802549
1466 2.5282624 -1.1131873
2587 0.6189717 -0.9180895
880 2.7106416 -1.1347823
2256 -2.3254995 -3.7505612
95 -1.6309775 -2.742533
27 2.8424149 -1.1308303
1889 -2.0795112 -3.2776074
1450 0.80545586 -0.81494546
2013 0.11484864 -0.9961105
2184 0.12115967 -1.0995114
1958 4.6059613 -1.7846109
150 1.5079641 -0.936013
1144 0.1807483 -0.7695877
1919 3.2246869 -1.4173371
80 5.0291905 -1.9039681
1932 3.1759148 -1.3405977
1386 -0.9548549 -2.1611583
2379 -1.6920184 -3.2260394
610 -3.7778108 -6.3495235
2089 -1.7570537 -2.864717
28 2.8466094 -1.1194453
1528 1.1083599 -0.8193925
242 2.1559525 -1.0734113
684 0.49082592 -0.6181902
1427 3.9545217 -1.5053293
1781 3.995607 -1.833851
2505 0.08283527 -0.7973226
672 0.75687736 -0.5398729
513 -1.8470781 -3.53487
650 1.084556 -0.8462172
651 1.5693947 -1.0071967
1826 -0.17751367 -1.0536693
305 0.42963353 -0.8640834
856 2.2132802 -0.8995764
876 1.5503693 -0.80033314
2224 2.799133 -1.2366645
1711 2.5279105 -0.9175165
136 -0.6096937 -1.4179233
576 4.50719 -1.7678221
1877 -2.8848033 -4.789042
2561 0.5839091 -0.72808254
1547 0.033568487 -0.5065223
1717 2.1181808 -0.95346534
1419 0.9290044 -0.7731828
5 3.4800782 -1.4321994
944 -0.07111155 -0.90628344
964 -1.9613696 -3.1479743
1313 0.79858 -0.5688841
1504 -0.23769672 -1.2046721
2016 0.7922979 -0.8070037
2138 0.8598873 -0.7205403
331 -0.3280018 -1.0650368
580 2.5489602 -1.0939418
1088 1.987459 -0.84802204
2261 -2.2048683 -3.606425
2635 0.57589823 -0.91493595
1964 2.6074147 -1.0791343
2218 1.1711946 -0.8023167
1625 -0.14868583 -1.039042
1431 2.6867964 -1.1024497
221 0.11618591 -0.9799642
1067 2.3928273 -1.0050128
2321 -2.1247354 -3.3778098
2500 0.8788356 -0.80124927
274 0.30815753 -0.83398515
2207 2.404387 -1.1125041
2411 -0.041148704 -0.869522
1755 0.46035412 -0.857376
1430 2.5759563 -1.0522567
2372 -0.95851177 -1.9827168
2265 0.05440396 -0.77426946
1129 0.4537597 -0.7617848
2113 -0.4588317 -1.4781731
1944 3.23887 -1.3935937
1890 -2.1015775 -3.3255022
2167 1.3634546 -0.87142044
2541 -0.4051143 -1.350907
1583 0.5517554 -0.7994877
1161 9.126153 -5.153357
877 1.0998739 -0.72125536
2465 3.2848659 -1.279217
1936 1.709043 -0.8986457
163 -0.2741201 -1.2370144
2037 -1.0025246 -1.9121845
611 -3.2722783 -5.5497484
1243 -0.17333479 -1.0990825
1758 0.19436349 -0.94052446
2439 -0.033600543 -1.0880786
875 2.6302738 -1.0490807
2121 -1.35665 -2.3894618
936 -1.7054929 -2.826876
1836 -1.392116 -2.460479
819 -1.166338 -2.1394587
2177 0.4305882 -0.7897931
690 1.8101625 -0.8061322
1536 1.1165975 -0.8119338
1633 -0.03625101 -0.9780556
2086 -1.9435863 -3.1765888
2377 -2.3156264 -3.8496535
917 -2.7425594 -4.4781675
1794 -0.9981826 -1.916784
1917 3.2404633 -1.4089687
683 -0.98690015 -2.045522
1850 -1.2043765 -2.107154
2417 -0.949273 -1.9710032
2328 -2.241104 -3.6269941
2066 -0.42470375 -1.3635749
1974 4.496504 -1.7434165
2276 -0.049393874 -0.93130225
1553 3.4777825 -1.4054997
993 -0.8650191 -1.5815873
293 -0.10580627 -0.90669125
2287 -1.3083137 -2.2110362
2520 0.5368759 -0.86134624
272 0.7914526 -0.80083203
2047 -2.852558 -4.6919518
1914 3.7569523 -1.6887323
742 -0.6886167 -1.6716089
50 3.454624 -1.3240802
372 -0.61451316 -1.5663826
2381 -1.5430187 -2.7539067
881 1.4846896 -0.807915
2120 -1.8126932 -2.8713799
1090 2.0259447 -0.84586376
572 3.3981776 -1.3351395
2628 0.16999331 -0.69403124
924 -1.9794146 -3.3006167
863 1.4315045 -0.728718
592 -2.6200511 -5.2461553
2565 -0.7346457 -1.5159214
484 -2.1150918 -3.4466765
2040 -1.9212123 -3.1103575
1232 0.45318606 -0.89783084
12 3.254872 -1.3432822
1197 -0.44024906 -1.2689509
836 -2.6268044 -4.086059
492 -2.4576287 -3.9730659
1868 -2.2156441 -3.5009334
1606 -0.86202866 -1.955775
1244 -0.043169532 -0.98598737
2192 1.9819216 -0.9857332
2191 1.9750781 -1.0154179
1623 0.05471628 -0.8945969
2059 -0.27994516 -1.2470995
844 -0.61163294 -1.5515665
1096 1.111985 -0.8915953
486 -3.0905757 -4.9665837
52 3.9581783 -1.5048292
1214 4.1645055 -1.6304166
1260 -0.6618449 -1.803121
826 -2.0624251 -3.2939134
1266 -0.20830968 -1.078902
1551 3.42669 -1.4472643
2450 0.6010268 -0.69135696
2614 0.6075653 -0.90022457
935 0.26741993 -0.667752
695 0.87427074 -0.7086734
852 0.41270298 -0.640334
1518 1.3145819 -0.74206215
941 -2.0002365 -3.2149146
31 3.5950933 -1.3331796
2618 0.5570303 -0.844823
1283 -0.27149504 -1.1327809
1746 0.88941437 -0.70752096
2593 0.6767065 -0.9499129
1733 0.5766099 -0.79480225
1742 0.9610708 -0.7532057
1648 -0.47440666 -1.2394651
11 3.1733446 -1.2763534
258 0.33906594 -0.88614637
125 0.21602294 -0.780551
2286 -2.1497386 -3.3947005
2288 -0.38529077 -0.9087436
1720 -2.5024846 -3.9957275
2058 -0.31925768 -1.24594
1797 -2.254208 -3.7857625
2293 -2.4305503 -3.7820673
716 1.3377633 -0.91906893
1424 2.4772263 -1.0279962
2394 0.58700335 -0.80158883
262 1.5488315 -0.9666374
2147 1.0220816 -0.7160749
1239 -0.3768479 -1.3315042
1364 4.7902145 -1.9285276
1767 0.53037405 -0.81163865
1107 0.8496318 -0.77663624
2295 -2.6793423 -4.2318997
1853 -2.1905923 -3.6162076
2395 0.33488822 -0.8278694
823 -2.4489436 -3.837939
2521 -0.29538545 -0.9945745
1358 5.649172 -2.2289968
1093 1.0534055 -0.51485485
232 -0.04934571 -0.9401713
62 -0.16671798 -0.76304483
1976 -3.1575327 -5.030921
58 1.5181172 -0.8751121
1620 -0.59777564 -1.7640092
1773 0.9223768 -0.86894935
2519 0.118017934 -0.7973966
761 0.21088284 -0.4951111
64 0.35261914 -0.809342
2297 -2.4121625 -3.7852998
960 -2.978383 -4.7691336
1446 2.472046 -0.9888143
1975 -3.5739481 -5.7370405
2594 0.7929961 -1.0426179
2154 0.29896945 -0.81685024
1753 0.008554769 -0.8464301
843 -0.7685427 -1.7118458
2091 -2.6858416 -4.3277564
1361 -2.0843136 -3.670428
2440 0.22128913 -0.935885
404 -1.6646411 -3.102152
869 3.9468515 -1.6090052
816 -0.67442054 -1.6645147
1134 0.058800664 -0.68855387
2455 0.64824164 -0.7281575
417 -3.7639227 -6.159401
962 -2.4524202 -3.9545412
2643 0.810681 -0.7781451
2022 0.50802004 -0.7366936
1317 3.8764904 -1.4918764
1980 1.3933903 -0.8084966
183 -1.049384 -1.9350652
493 -2.5628572 -4.1506906
2155 0.7650326 -0.68925834
2629 0.14245586 -0.75097746
979 -2.6305845 -4.1631975
155 -0.048847437 -1.058617
2567 -0.71636456 -1.6064736
2531 -1.3036466 -2.0780656
1995 0.6156247 -0.8975633
915 -1.4104046 -2.2773526
257 0.32999974 -0.859271
106 0.032842316 -1.0385605
665 3.371038 -1.3696022
1398 -1.3999767 -2.8251
802 0.76400816 -0.62873274
932 -0.29312462 -1.1579529
1646 -0.30627608 -1.1499374
250 0.8272094 -0.80092067
1774 1.0878483 -0.8261423
499 -1.7863086 -2.9519691
1294 3.750319 -1.4835986
1757 0.22481014 -0.90975976
934 -0.21313027 -0.8833651
834 -2.0527976 -3.2695289
2590 0.6375581 -0.9349332
1760 0.23561983 -0.9295187
2474 1.0521655 -0.6100297
2397 -0.5863784 -1.2366767
2307 -2.2292264 -3.556188
1220 -0.9993141 -3.8300629
1359 -1.9541457 -3.5281198
1635 0.22842668 -0.85204184
919 -2.710202 -4.298136
491 -2.457775 -4.0566483
1686 6.2648015 -2.5221162
867 3.5867429 -1.4418832
255 0.40429398 -0.81654716
1628 -0.25619978 -1.2775851
243 1.3236289 -0.80891263
774 3.174459 -1.219819
1058 4.0643415 -1.525483
2607 0.716057 -0.88607997
26 0.20764826 -0.77339125
2128 -1.4352018 -2.5117817
1543 -0.21758017 -0.87970793
772 0.9603373 -0.74572134
1796 -1.8201429 -3.0559938
2028 0.84245265 -0.7628867
2308 -2.1223638 -3.4007783
638 -2.0951674 -4.3463516
2568 -0.2525026 -1.0653505
2322 -1.9678295 -3.1703348
2605 0.53864133 -0.8862576
2075 -0.24319549 -1.1801239
546 3.6752248 -1.4972262
356 -0.91392124 -1.8653269
445 1.0133164 -0.46986383
1056 0.45562926 -0.63513273
864 2.0909832 -0.83919007
1668 -3.3329039 -5.9771104
2515 -0.034990896 -0.93997175
2294 -1.9841077 -3.171468
515 -1.3645742 -2.530332
2056 0.19733651 -0.47800928
1851 -2.1638398 -3.5301266
931 -0.91032594 -1.6346859
2197 3.0394201 -1.3028227
261 0.71892506 -0.7482991
1047 5.8237066 -2.2160144
426 7.9789767 -3.2683177
1434 1.837483 -0.86426896
1725 3.8475318 -1.6916991
1978 -2.0833206 -3.2902484
2048 -3.538247 -5.683694
1727 0.635465 -0.6840135
2368 -2.7842603 -4.6680646
1748 0.8739177 -0.78751934
268 0.5884663 -0.7747983
1212 3.8727317 -1.4465543
2369 -3.0125937 -5.0348935
2445 0.6104502 -0.80298555
460 4.879344 -1.8775877
1639 -0.28341585 -1.1203496
2174 0.27526772 -0.98879933
1194 2.0570827 -0.9569009
428 7.480185 -3.0594828
2069 -3.9434192 -6.4324102
2215 1.8824168 -0.97875935
430 6.397354 -2.655652
682 -0.7140428 -1.2831502
2007 2.3443367 -1.1513771
2317 -1.7118847 -2.7172918
1629 -0.14895174 -1.0987058
1508 -3.3913133 -5.439003
489 -2.1743798 -3.7305834
188 1.2753719 -0.9040249
815 -0.4289878 -1.3064353
256 0.32111615 -0.77935743
2516 0.08062629 -0.84554857
75 5.23279 -1.984539
1017 3.7132733 -1.3980533
2146 5.549786 -2.163057
1789 3.0977383 -1.2525412
2171 0.28892016 -0.9647841
603 0.24631457 -1.0928887
2074 -0.17212105 -1.0950345
437 0.6502735 -0.5252551
1631 0.18846907 -0.703393
2280 -1.971627 -3.2887607
173 -0.25340748 -1.4899706
524 -2.3667169 -3.836371
187 1.098761 -0.8348194
351 -1.1175895 -2.438122
635 6.946973 -2.666778
213 3.5636168 -1.4663864
586 -2.593617 -4.623704
675 -0.98683846 -2.357619
1024 4.7585807 -1.7686547
2244 -0.84196645 -1.8136367
2112 1.0430413 -0.80090016
1957 3.8327658 -1.5347748
2080 -1.5298238 -2.5053804
1825 -2.2894542 -3.6720345
554 3.6250896 -1.6458825
333 -3.734885 -6.279259
115 -0.3632384 -1.4630647
1533 2.1611788 -1.0373793
1185 -0.24777679 -1.4813505
483 -1.9588921 -3.1558177
2050 -3.2563329 -5.229925
418 -3.443099 -5.639155
1724 -2.5235105 -4.1940584
2250 0.083638504 -0.30318254
1013 6.7866426 -2.587692
2068 -3.8718677 -6.3183227
1490 -3.8083913 -6.14889
569 6.3842525 -2.4563255
771 0.9040218 -0.75111467
1221 -0.9141169 -3.4613626
637 -1.4331176 -3.1010706
1202 -0.48372954 -2.5254633
1824 -2.0855827 -3.398625
1916 5.657787 -2.3746762
1080 6.2221303 -2.3247595
1252 0.9824857 -0.8449163
595 -2.776593 -4.997963
1739 0.2653336 -0.87627524
2246 -1.9577843 -3.466581
1309 3.2752624 -1.4282938
2559 1.7703744 -0.76825494
1273 -2.5583944 -4.5259333
545 4.4579005 -1.7392707
210 3.1638758 -1.2826421
2144 3.3380563 -1.3572779
674 3.1821527 -1.3934001
1487 -2.2484863 -3.932352
442 1.0321199 -0.55022955
1323 5.6159782 -8.542048
618 0.12547228 -0.87570876
1064 1.8727713 -0.82761014
567 -1.9498458 -3.529075
1135 -1.152439 -2.603513
779 -0.12933463 -0.5978433
570 6.4210796 -2.4903073
758 2.2771115 -1.2769792
2319 -1.2327244 -2.2354228
1590 0.776386 -0.72855186
2239 -0.47367188 -1.677862
254 0.6756028 -0.70173365
1691 -0.61997217 -1.7409533
796 0.38533384 -0.31210643
659 9.3695345 -4.418166
1879 -2.2331686 -3.8356688
206 2.336534 -0.9487123
2020 1.5105147 -0.8564348
2019 0.85037655 -0.7793226
2166 3.002373 -1.1752679
70 1.7044524 -10.317912
2098 -2.4690561 -3.8601093
2391 -1.7853191 -3.3596275
1526 2.8827815 -1.3234146
751 4.2224374 -1.7355776
1514 0.6820562 -0.82180715
1655 -0.36670327 -1.4023144
1525 2.5284574 -1.2132251
2137 6.138344 -2.378892
117 0.1253199 -1.161265
96 8.084162 -6.4789686
1690 -2.7138078 -4.834258
118 0.039993905 -1.0741512
729 0.19898933 -0.73582214
2237 0.15246789 -0.711788
1360 3.5519724 -1.5116496
948 -2.4319205 -3.7958395
2202 3.4364564 -1.5516533
1694 0.23188701 -0.616431
1136 -1.4249922 -3.2223566
1505 -1.4905498 -2.542895
363 -0.52959526 -1.7020777
2423 0.4887282 -0.8548279
2060 -0.53881085 -1.5570806
411 -1.7088536 -3.2959464
1992 0.7237047 -0.8511299
1621 0.9150439 -0.7768404
811 -0.7020087 -1.642884
810 4.278405 -9.305682
2492 4.2706847 -1.9227039
1673 4.631338 -1.8187155
2346 -1.0271721 -2.762232
607 2.3915513 -1.0105128
2041 -1.9496541 -3.194985
1378 2.1293325 -0.94480705
1192 -0.33572912 -1.8435403
1299 5.1454215 -2.1464946
197 0.5068287 -0.98648316
159 0.25659555 -0.9310966
1602 1.2984974 -0.862221
452 1.0340925 -1.0169857
453 0.95310086 -1.021289
1873 -1.3978914 -2.5004435
1675 4.81666 -1.8468485
371 4.121704 -9.10264
929 -2.4677398 -4.444878
2362 0.5207213 -0.5836098
1659 -2.5347137 -4.135659
211 3.0482097 -1.2491452
1515 0.18263602 -0.9099449
1556 0.08134619 -0.2816078
1341 0.39028516 -0.79214835
1841 -1.2450299 -2.2399623
1275 3.4127913 -1.5224423
2631 0.0008936127 -1.0416942
1829 -1.7774098 -2.9856105
2067 -3.6502004 -5.8858037
893 5.211259 -1.9916829
1366 0.6732001 -0.79564565
1510 -2.4452 -4.0670033
1676 5.145361 -1.9406755
557 5.1977563 -2.0398715
720 2.3798394 -1.387007
1179 0.9815751 -0.6912113
1981 0.27204868 -0.70620286
1915 5.332555 -2.261455
1728 3.103181 -1.1535053
157 0.36421502 -0.586214
2259 -1.6257744 -2.790428
1274 2.5597088 -1.2299316
2384 -1.4355115 -2.7900517
335 -3.5409687 -5.9674563
2334 -2.4724774 -4.5012417
2345 -0.6567613 -2.3013961
1112 0.7659259 -0.90883315
2416 -0.2100683 -1.0452079
1938 2.8415673 -1.1751693
35 2.4990044 -0.98101586
1142 -1.4374201 -3.1490848
1191 -0.30950004 -1.7720054
2017 0.2881292 -0.80908006
866 3.612603 -1.4492623
297 0.37446645 -0.71814966
1861 -3.310304 -6.036274
1118 2.5519648 -1.0653504
23 0.891166 -0.86333436
801 1.54739 -0.689312
1026 5.4849143 -2.0705485
1143 -1.5857984 -3.3057995
865 2.7711773 -1.0605423
1544 -1.0813153 -2.060675
556 4.3719287 -1.7984561
1562 4.4335775 -1.6997364
616 3.2576838 -1.3562666
785 2.0879004 -0.8716902
105 0.2627522 -0.94697803
731 -1.6854892 -2.8857765
1933 3.496654 -1.5391495
1828 -1.648573 -2.899333
2195 1.3250118 -0.88336116
1918 4.736848 -1.9887904
1052 1.6950878 -0.69010437
2582 -0.6465302 -1.2804633
464 -1.7679831 -4.067996
67 1.6698145 -10.352632
1777 0.06590089 -0.9553055
1195 -1.6647445 -3.2957067
896 0.6665537 -1.0731971
1230 -0.39954898 -1.3247446
2491 4.014516 -1.7653257
490 -2.6924486 -4.5915556
1222 -0.1428856 -1.4830028
688 4.3740835 -1.6439152
2570 4.9222827 -1.8547668
2223 9.36463 -4.446481
2438 -0.40280107 -1.4745675
1457 2.218135 -1.0906653
2577 0.6205341 -0.7263708
202 0.62810147 -0.9907092
4 1.2205358 -0.84495085
954 -2.4395764 -3.7836034
2457 3.828028 -1.607254
1603 -2.3566391 -4.210138
2467 3.746942 -1.4259698
1700 -2.5567906 -4.7072344
1637 0.17175029 -0.83073694
114 -0.18304019 -1.1706395
544 5.2171984 -2.011114
574 2.8021195 -1.2371775
2180 3.2912061 -1.4444276
2366 -2.1463366 -3.4807334
978 -2.8343022 -4.4798875
2347 -1.3226738 -2.9467378
2343 -1.5618181 -2.8700914
1293 5.598994 -8.628127
1705 3.0822814 -1.1632785
1718 3.5174158 -1.4660094
1163 3.196286 -1.2361343
1280 0.19069374 -0.76527214
911 0.70204884 -1.1781334
902 0.9835395 -0.85982233
656 -1.1905472 -2.4159513
1527 2.8163984 -1.2717578
2480 2.863808 -1.2205523
667 2.6067472 -1.3759907
1207 0.34108692 -1.0603966
2385 0.5590062 -0.9131307
73 3.5464709 -1.3254894
622 2.113217 -1.0582179
2097 -1.8767875 -3.0808487
2227 1.1582375 -0.9947853
1296 4.3299513 -1.622104
1580 2.2887366 -1.0781853
1770 1.3369243 -0.76857215
2621 0.70135367 -0.91642416
485 -3.0479088 -4.8877444
386 6.0363116 -2.2860167
1287 6.9558067 -6.634789
724 2.573483 -1.2932484
43 3.9584398 -1.5270904
2502 0.45085248 -0.7069178
1291 5.1637306 -1.9801441
1516 1.6280391 -0.8634459
1343 -1.3483858 -2.653784
49 3.8082578 -1.4014121
2358 -2.7669759 -4.8240123
323 -0.24457885 -1.2713667
2008 1.1501952 -0.8615853
1707 2.3250062 -1.1412998
1117 1.6650336 -0.8424005
327 -0.06777492 -1.0706656
2409 -2.2410786 -3.791603
1298 3.8171906 -1.6689725
1356 0.02133914 -0.835416
1552 3.226776 -1.3183625
116 -0.28029463 -1.276927
340 -2.3083382 -3.9700434
1999 0.31224415 -0.9971855
1592 0.19211352 -0.69821906
661 1.124716 -1.0435219
2229 2.7513216 -1.0542924
553 3.4131036 -1.442346
916 -1.2373472 -2.6534734
224 0.0010194578 -0.79830927
2437 0.3632354 -0.8942389
2540 -0.18449683 -1.2178866
521 -2.0583608 -3.6706002
2475 3.9413738 -1.5245061
79 5.142511 -1.9440681
2356 -2.2438235 -4.0261054
1321 3.801348 -1.4905357
308 -0.100179546 -0.9342311
1204 0.14505571 -1.2588303
2106 -2.9836113 -4.8206463
2132 -1.6766055 -2.7853172
1860 -3.3139343 -6.0270405
2051 -2.9075706 -4.686367
22 4.0387526 -1.5371547
2562 0.485022 -0.8090015
1401 -0.18100014 -1.1490746
733 0.9629451 -0.84550464
1839 -1.972205 -3.297113
162 0.36463067 -0.9188371
2464 3.3736975 -1.2988925
2018 0.8443838 -0.8153167
606 2.7374423 -1.1492542
502 -2.894614 -4.939989
808 1.4974124 -0.763086
2433 0.7002245 -0.9528375
1182 -0.65408975 -1.8731807
1380 -1.7076546 -2.9016538
365 -0.26504156 -1.2017187
2253 0.07782719 -0.4103394
872 2.504868 -1.1156464
581 1.7561007 -0.8596633
2260 -1.9573977 -3.2172682
2318 -0.47594142 -1.3393431
501 -2.6412213 -4.435321
201 0.9175527 -0.9694289
1934 3.5137486 -1.4107481
2081 -1.2731581 -2.3291357
1591 -0.095183864 -1.0305442
2208 2.2578633 -1.0684539
2458 5.059198 -2.0195265
2188 2.0613549 -1.0498164
630 0.8053556 -0.58939505
275 0.24691866 -0.77155805
2014 0.45931008 -0.86747175
1425 3.3894253 -1.2901466
894 4.9365354 -1.8870388
991 -1.9878533 -3.1742494
2404 -1.5658509 -2.6630783
2266 0.25721517 -0.69871825
455 2.3906128 -1.1377195
1843 -1.2974491 -2.2777922
1365 1.5231323 -0.957944
873 1.4360698 -0.8238471
895 5.5846024 -2.129892
2624 0.6229929 -0.80679756
2376 -2.107884 -3.562499
1584 2.0290525 -0.9623943
1808 -2.785428 -4.4141393
2375 -3.3934612 -5.3447075
2638 -2.7801654 -4.4586754
1793 -0.26691642 -1.0116892
2219 3.175125 -1.5357716
2527 -0.72031325 -1.6482834
1865 -2.401978 -3.7688591
475 0.819046 -0.6442071
2371 -2.1348307 -3.6934087
798 3.6433842 -1.3539174
792 3.8816497 -1.4823816
1830 -0.58857083 -1.2577034
2119 -1.6348517 -2.7294154
2359 -0.022416785 -1.0381364
1485 0.6451169 -0.8379288
1292 4.642418 -1.8016543
612 4.2964196 -2.0636363
1235 0.066476695 -0.9013668
1827 -0.10759414 -1.0611904
2479 1.9497507 -0.92370796
687 0.9454483 -0.6286901
642 2.200968 -1.2269233
7 2.8384044 -1.210036
1546 1.2627898 -0.7770175
2597 0.76679736 -1.0123663
1418 0.8489909 -0.7508006
1392 -0.13807671 -0.98403096
906 -1.5405775 -2.6624694
1524 1.4155056 -0.67798567
523 -2.2576542 -3.919574
123 0.026416607 -1.0125242
2583 -0.21140812 -0.9400245
1736 1.1252899 -0.6955262
2572 0.051470533 -1.1012745
46 4.1294465 -1.5604165
2252 -0.89055574 -1.6198821
1660 -1.3473167 -2.2551024
632 0.53743076 -0.7342695
2498 0.6872971 -0.7133659
669 1.6555942 -0.7155232
634 -0.32473767 -1.2229043
1059 5.193214 -1.9531198
996 -3.26212 -5.161226
112 6.9194694 -6.5998216
913 -1.2683831 -2.1817145
2267 -2.4560747 -3.9183545
284 1.0718253 -0.8176237
424 -1.3023671 -2.5085475
1334 1.2440215 -0.8209927
748 -0.8921375 -1.8055171
840 -2.1378345 -3.3938909
2499 0.9007733 -0.9126579
2504 0.1562251 -0.72734994
176 0.12552594 -0.7447359
1196 0.13869761 -0.7346017
1942 4.534673 -1.9593762
1432 2.642545 -1.028998
1109 0.9995676 -0.92053413
1939 1.4234412 -0.8356085
1390 0.5313078 -0.91689485
629 -0.31145862 -1.0673258
848 -0.38283947 -1.3740598
2387 -2.5154195 -4.036759
454 -2.2730818 -3.7831469
806 -0.6174393 -1.6384962
908 -3.1093526 -4.912397
59 1.3320683 -0.87198734
1650 -0.25420198 -1.3220173
1619 -0.9819538 -2.3449023
788 0.8942009 -0.7463638
981 -1.2108102 -2.0976877
2354 0.90554214 -0.76608413
1468 1.3758512 -0.8553491
633 -0.000571003 -0.9280005
6 3.2273161 -1.3222044
933 -0.21316913 -1.1758493
584 1.4659563 -0.92260516
766 0.27398062 -0.84460473
1453 1.3711803 -0.8649428
2142 6.4024467 -2.4616847
2357 -2.6530359 -4.653155
1494 0.691626 -0.81243044
9 2.2151155 -1.0071064
2226 1.4481034 -1.065677
1509 2.0647602 -0.9811732
223 0.050141152 -0.68772537
1549 4.138785 -1.6977847
568 3.7666638 -1.454403
1325 2.4252443 -1.1165811
84 0.048591338 -1.0467042
621 1.9341656 -1.180782
149 1.3867465 -0.89047587
805 0.14152229 -0.82300943
462 1.8163403 -0.828901
693 0.43816045 -0.7052317
736 -0.4194217 -1.3585224
1295 4.3379045 -1.6296927
295 -0.29097426 -1.2404779
1965 1.9760906 -0.96782255
1538 1.6554478 -0.78576064
217 0.31781265 -0.9430533
1217 -0.04301635 -0.92005086
2386 -2.1474254 -3.5191717
1632 -0.23687214 -1.3135886
2210 2.553704 -1.2388244
1665 -0.16258378 -1.1500944
1491 0.6636802 -0.81035525
786 1.1834124 -0.7732095
518 -1.5770276 -3.098403
1396 0.09949969 -0.9164093
92 -0.20564394 -1.0668474
203 3.5829923 -1.4105824
1531 2.8420184 -1.4125285
234 -1.2050707 -2.1487775
769 -0.4624054 -1.4250977
2241 1.1629356 -0.5762994
930 -0.4372194 -1.1174295
2586 0.8899509 -0.9040473
536 -2.742474 -4.466371
910 -2.6045165 -4.2077394
626 -0.64740133 -1.7187163
559 6.6871743 -6.3964887
2179 3.0271125 -1.495439
1121 3.5585678 -1.3688732
1227 0.6630755 -0.73640925
345 -2.4928539 -4.2079396
1114 0.9326587 -0.9552256
307 0.17234045 -0.8026732
859 3.0249562 -1.1714008
2281 0.31084973 -0.7222878
832 -2.779529 -4.330035
2412 -0.071256444 -1.0003924
765 0.016406996 -1.0367643
1438 3.657106 -1.3532101
726 1.2648376 -0.7730678
140 8.126286 -6.5119286
330 -0.6139807 -1.5291668
890 1.4807662 -0.8734327
2304 -2.1024935 -3.2832646
2494 0.41262665 -0.7187023
680 0.14288238 -0.820732
2199 2.115315 -1.0127738
1271 -0.1324413 -1.1574051
773 1.5063862 -0.75339997
789 1.1445432 -0.87467664
1083 2.8669796 -1.1067151
2168 1.7982861 -1.0214869
2615 0.6498161 -0.9445263
1098 2.1803858 -0.8804693
2645 0.8978145 -0.8018598
321 -0.12099581 -1.0707377
2529 -1.2644957 -2.1121085
1517 1.3410807 -0.758828
1618 -0.7591963 -1.9336717
1871 -1.7313381 -2.782244
952 -1.9970145 -3.1744998
273 0.4435419 -0.7934875
2164 3.7059498 -1.4334744
614 4.2285333 -2.025854
107 0.05177139 -1.0734155
2526 -0.7090976 -1.4106278
2130 -1.0965191 -2.0472233
868 3.2846146 -1.3649102
1731 0.15494688 -0.80293494
1101 1.8660922 -0.7519274
2591 0.70230275 -0.9670086
2364 -0.73711526 -1.6643853
252 0.839777 -0.82227427
139 -0.118092835 -1.1261622
1814 -2.5199528 -4.021491
809 0.76930946 -0.70919305
1898 -1.5352608 -2.6059105
704 1.4007105 -0.9733436
1130 0.32139102 -0.7566478
887 0.12731856 -0.84328157
743 0.4599189 -0.27381676
1512 -0.92994875 -1.9691776
1371 -0.9647408 -2.2541633
369 -0.42197624 -1.5121868
2380 -1.2804557 -2.3436682
2062 -0.91310644 -2.1641288
812 -0.5874494 -1.5328416
2351 0.022653138 -1.0163729
286 1.1880717 -0.7805645
957 -0.19410588 -1.0297006
1912 0.32256198 -0.89965767
504 -3.0560987 -4.8715515
1997 0.74386656 -0.90466857
456 2.1842735 -1.008274
1421 0.18785502 -0.8717096
1563 1.2923652 -0.76019484
402 -1.4843559 -2.8977716
1798 -1.9595795 -3.2559974
982 -1.3381734 -2.3507946
55 1.9569031 -0.840758
1489 -0.30581185 -1.0576209
2173 0.70551383 -0.78381073
827 -2.5625796 -4.086338
2460 0.50777024 -0.6781995
1414 0.80254793 -0.6832168
1595 1.2960495 -0.6094734
2616 0.79934067 -0.8848039
1823 -1.9853646 -3.2763383
259 0.35150135 -0.89922494
1238 -0.5393953 -1.5845841
1262 -0.6110894 -1.7399341
1894 -1.707468 -2.754483
2176 0.42955887 -0.79246855
1237 -0.15644865 -1.124534
1864 -2.4791143 -3.9839227
1752 0.2356874 -0.95769876
1832 -0.70702374 -1.6435342
2315 -2.3254602 -3.689319
1715 0.28865588 -0.9098208
496 -2.6288674 -4.235411
370 -0.2960247 -1.3415662
1951 0.77629983 -0.7676872
2011 -0.04487792 -0.9573983
2613 0.5831243 -0.8785847
974 -2.6534343 -4.2103653
1234 -0.29195172 -0.9213428
956 -1.0409646 -1.8714997
2157 0.4472571 -0.6003145
1977 -3.4880793 -5.5594635
862 2.473654 -0.95487106
1070 1.0990182 -0.69390947
971 -2.2386227 -3.5836377
1967 2.355023 -1.1590221
1763 -1.3053572 -2.16998
2461 0.065043144 -0.8639298
2025 0.5053483 -0.7247998
78 4.8895025 -1.9460671
509 -2.727951 -4.3428884
16 4.835255 -1.8449874
287 1.1856456 -0.80713534
1756 0.21960694 -0.86887974
1987 2.790471 -1.214532
1149 0.09142168 -1.0208262
1495 0.69743806 -0.923136
837 -2.17612 -3.5143597
599 3.2619555 -1.5210525
920 -2.5956328 -4.0675716
1706 0.06291786 -1.0020156
1897 -1.8042829 -2.9725509
56 3.1455016 -1.1673263
745 1.3752658 -0.9299637
2175 0.06185589 -0.7518138
482 -2.0898244 -3.3505888
1780 4.494885 -1.9984858
1979 1.0761132 -0.7398179
2524 -0.9328403 -1.6493114
1988 0.68908036 -0.83479387
712 1.5998511 -1.0303309
678 -0.18373038 -1.1178585
1068 1.6369599 -0.7545831
2623 -0.45869863 -1.186174
1133 0.37334347 -0.75903606
355 -0.18737258 -1.1899862
1198 5.8344903 -2.2984061
980 -2.723394 -4.320732
853 0.48377958 -0.652084
2477 8.805898 -4.976567
2269 -1.145039 -2.1663828
1305 6.8563223 -2.5997543
1740 0.054739226 -0.94740504
2453 0.5854088 -0.88565403
2431 0.46526435 -0.78072095
1158 8.519242 -4.864948
803 0.8065899 -0.6949685
148 1.3283912 -0.61227345
511 -2.7544105 -4.4743752
711 1.4364027 -0.9616707
2100 -2.339904 -3.725397
641 2.8044205 -1.1156708
2320 -1.8954682 -2.9923553
2131 -2.0273411 -3.3559897
294 0.6070711 -0.98474145
14 3.108826 -1.2927896
2204 1.6846642 -0.96448
2273 -1.2218107 -2.152877
2535 -0.4228744 -0.92578393
45 1.2232163 -0.8923329
2592 0.6665204 -0.92287105
600 -4.050344 -6.769704
1638 -0.04072086 -0.9683578
2556 5.944537 -2.3350763
2049 -3.1471865 -5.2639403
389 6.4823384 -2.5944698
644 2.493768 -1.1044315
591 -2.773469 -5.556552
2240 -2.1850977 -3.8078928
702 2.4470673 -1.2064226
416 -3.8391 -6.2905445
780 4.1566367 -1.577922
1211 4.1857185 -1.5566845
1184 -1.3049535 -4.3737016
1667 -3.280759 -5.855429
393 5.6884403 -2.181954
1367 -2.533087 -4.362058
1689 5.799766 -2.3719537
604 0.25480554 -1.1755869
2569 -0.28132993 -1.0932444
165 -0.1506911 -1.1860523
1994 0.7071456 -0.85860366
1461 5.3324785 -2.0243735
1463 1.0271941 -0.8373485
722 1.0538046 -0.8969093
596 -3.1578114 -5.724682
350 -1.249802 -2.620386
425 7.6090693 -3.1152446
625 1.0020099 -0.8034449
185 5.4709716 -2.2392228
640 0.08815095 -1.0313433
1383 -0.41160914 -1.3889043
566 -1.5006964 -2.8682196
2248 -2.2880306 -3.914125
636 6.9655666 -2.689367
577 4.7962875 -1.8321823
1033 4.8223205 -1.8029908
396 4.7360334 -1.7818764
1363 -1.822287 -3.216373
1048 6.145366 -2.2862563
1522 1.7419326 -1.119201
214 4.0467362 -1.6112621
689 6.2280684 -2.4925466
2082 -3.838988 -6.3153615
2388 -2.3960197 -4.4886947
429 7.4093037 -3.0112686
461 5.352279 -2.0598698
1094 3.4060369 -1.2615197
1272 -2.6641927 -4.718007
2203 3.584313 -1.5917001
750 4.2518682 -1.7504508
1078 6.047251 -2.270317
1658 -2.6342943 -4.4095426
2552 0.37704617 -0.9058073
624 0.1952929 -0.94364995
1878 -2.4643466 -4.3962
2150 2.258322 -1.0155019
2070 -0.9570217 -1.7475827
1496 -3.6558473 -5.8976355
709 -2.1982844 -3.8331406
1170 -0.43716708 -1.8395412
1330 1.3912444 -0.9121048
298 -0.39742425 -1.67514
1174 -0.313599 -1.8561397
2429 0.48403245 -0.7988438
2225 -1.1656479 -2.4695537
2044 -3.2384117 -5.213726
543 1.7393473 -1.0071784
419 -3.3974192 -5.500008
657 0.18130934 -0.93042487
1307 0.4224586 -0.71308166
394 4.861588 -1.8471675
628 1.922945 -1.0923527
2370 -3.10815 -5.166386
1575 3.7187352 -1.5937457
1532 2.3603635 -1.1024028
1745 1.2527999 -0.8742761
1768 -1.7306541 -4.0255685
2187 1.8713286 -1.0213609
1063 1.9404253 -0.85833764
2493 4.7647367 -2.0903585
277 0.32989714 -0.8095125
1300 5.384617 -2.240843
2236 4.6044574 -1.738542
1065 4.4452353 -1.62429
1029 3.2547274 -1.4452049
1023 -1.0458616 -2.4239385
1116 3.9498072 -1.7021208
1014 6.369894 -2.4312716
654 1.4877592 -1.1533623
88 1.8985212 -0.9894948
433 6.4213824 -2.4733367
1253 1.9175302 -1.0683886
692 -1.5853915 -3.4504561
1004 5.871501 -2.2006457
1604 -2.7067692 -4.755185
2434 1.2817366 -0.93734884
900 -0.6320763 -1.6097447
573 2.8466806 -1.1933494
874 3.2859232 -1.3170713
2005 0.41239116 -0.98660845
2247 -2.267589 -3.9330351
2403 -2.6394467 -4.2514763
2497 4.951224 -1.9140984
152 -0.26988703 -1.1824594
1061 5.8580723 -2.235969
1340 -0.65413505 -2.1405327
1586 -0.47560856 -1.3895782
1456 2.1000588 -1.0034953
1834 -3.4777672 -5.581634
757 -2.873208 -4.595442
1900 -1.575773 -2.666577
1480 -2.797615 -4.537048
2402 -2.4058096 -4.3296866
1376 -0.52973723 -1.5341787
2627 1.4221599 -0.9529002
2400 -2.2642643 -3.6152909
398 -0.30426353 -1.3366544
1902 -2.2807481 -3.7495646
347 0.91264784 -0.835726
660 0.20678277 -1.0072817
1054 5.4003882 -2.0376272
2337 -2.6148334 -4.7788825
478 -2.579157 -4.3878555
413 -1.4996938 -2.9836428
1722 -2.3826215 -4.0535107
539 -2.9059203 -4.8570347
449 -1.5047071 -2.9672182
179 0.5470132 -0.83687943
1301 4.4048705 -1.5928563
1319 0.78295976 -0.6322706
1499 -0.24175842 -1.3192855
2471 0.0895978 -0.8581923
627 0.32932633 -0.794374
681 2.9829109 -1.1705928
1883 -2.8376331 -4.686851
1924 3.6990242 -1.6367911
375 -2.9327736 -4.637045
1569 0.6691003 -1.0865586
1140 5.600377 -2.0692205
562 3.677253 -1.6459675
1437 3.622707 -1.4020839
1251 1.1782339 -0.96865785
1213 0.94005364 -0.6596781
2604 0.48058176 -0.9385297
2258 -1.7216556 -2.9150965
1714 2.711562 -1.2677181
2390 -2.0922365 -3.8175268
408 -0.63290465 -1.7104354
1248 0.16290896 -0.9212195
1028 4.31568 -1.658756
550 3.1423728 -1.3822697
995 -3.4165125 -5.3919377
2140 6.443291 -2.4782522
37 3.684221 -1.4211029
1709 2.6387312 -0.9777083
1699 -2.7174816 -4.956709
469 -0.43345886 -1.4329009
1966 0.30323008 -0.72295225
2579 1.0870887 -0.85850173
721 3.0625777 -1.6098797
2473 0.5646358 -0.888025
666 1.2698138 -0.869052
2401 -2.6617155 -4.279064
119 0.33439228 -0.87692684
1145 -0.74780947 -2.182019
1519 1.4661821 -0.9859623
2245 -2.025964 -3.2057552
2481 -2.4257078 -4.0068965
912 0.7683377 -1.194428
892 -1.4464325 -2.6700892
842 -1.5085952 -2.5764325
2222 2.8371794 -1.2475055
1420 1.3472998 -0.8450553
617 3.7712717 -1.8391374
646 2.1272595 -1.1170768
151 1.8684801 -0.9255734
1582 3.1172757 -1.1862801
2478 4.1814713 -1.6480151
1743 1.1532941 -0.7635209
2563 0.38210002 -0.94022286
1930 4.1691117 -1.5691509
2558 -1.9475336 -3.3537538
668 2.5724077 -1.362132
1156 2.478229 -1.00134
299 1.7534878 -1.1206603
699 -2.2144294 -3.7288353
1876 -2.8840997 -5.2225003
166 0.09885181 -1.0042889
54 4.201704 -1.5379496
2530 -1.3727707 -2.1891212
620 2.7055464 -1.2203023
1779 0.76249653 -0.9925886
1708 2.6374962 -1.2344325
143 -0.25077364 -1.227613
2640 0.47162753 -0.94545305
2336 -1.9976763 -3.7380652
325 -0.25270247 -1.2462245
436 -1.8206817 -3.5040112
385 5.8740582 -2.1862144
336 -3.570244 -6.0204372
2374 -1.5432899 -2.9110084
1025 5.567232 -2.111745
111 0.08135876 -1.0341355
835 -2.629226 -4.0754776
465 -1.716348 -3.911812
1444 3.8492076 -1.4129357
314 -0.5487266 -1.4109235
2405 -2.3177037 -4.0434465
1171 -1.5092251 -3.0885105
2435 0.39514256 -1.144227
1151 -0.23592114 -1.1499122
2373 -3.4527824 -5.4376154
1558 1.9776742 -1.0554305
101 0.28190792 -0.8539496
303 -0.07396719 -0.9876714
734 -0.2243559 -1.2503549
1257 2.756667 -1.0621921
2626 0.9933501 -0.75086796
943 -0.73985547 -1.8020755
315 0.067760915 -0.8428609
1807 1.1779745 -0.717146
2107 -3.2185528 -5.1639547
471 4.8417435 -1.8555076
103 0.29045087 -0.89710927
446 4.1968746 -1.522605
344 -1.0601898 -2.2286713
1190 -0.317984 -1.7351018
1263 -2.3326874 -4.1068354
161 0.4107229 -1.0068834
431 -0.14612424 -1.1458623
2139 0.40901265 -0.8162661
1786 5.107929 -1.9192151
899 -1.732407 -3.2769456
2534 0.20411436 -1.1201489
291 0.68812793 -0.8464476
2548 0.1229344 -0.7551933
1634 0.104032986 -1.0562867
450 -1.5414287 -2.661898
578 4.5369143 -1.7654823
2274 -0.98393905 -2.2192705
376 -1.7279665 -3.0423663
1009 4.6843157 -1.765166
1449 2.7284832 -1.1013707
348 -1.6287712 -3.01909
2646 0.50798756 -0.9004095
2637 -2.9485693 -4.7441053
83 4.9950714 -1.900472
246 3.852432 -1.8256805
1077 3.3205223 -1.2321924
2339 -0.87611586 -2.109652
441 2.9502912 -1.1284777
2413 -0.10635914 -0.9786772
1776 0.7845139 -0.93348587
2279 -2.2637458 -3.552091
1162 0.5736934 -0.7730241
2436 0.4034095 -1.1434926
100 0.3301317 -0.85624665
1219 -0.04553652 -1.0761958
154 -0.49718946 -1.531025
146 -0.16046986 -1.3768181
1566 -0.4342189 -1.2998384
891 1.0880913 -0.8956959
2262 -1.6128259 -2.7097888
898 -2.3410604 -3.9185863
767 0.38201374 -0.9101873
1488 0.6091355 -0.8073024
99 0.26606485 -0.8499728
2451 5.6160417 -2.1955476
508 -1.4493917 -2.8249621
1046 5.3837233 -2.115596
1953 -0.8181903 -1.8170162
231 1.8205462 -0.91288525
1986 1.1694288 -0.904134
253 0.7816337 -0.78209877
703 2.471511 -1.2299241
1377 1.007035 -0.79041195
2489 0.39869478 -0.8581215
2533 -1.2735904 -2.1427522
174 -2.6856053 -4.2255507
959 -3.1833768 -5.12342
332 -1.7786467 -2.8563151
1810 -1.9430121 -3.255902
296 -0.23733601 -1.1592426
2632 0.8820876 -0.79966
1507 -1.0011253 -2.1284966
1750 0.29289162 -0.94125277
1324 3.3443267 -1.3355935
2360 -2.2648263 -3.8426125
639 -0.8923681 -2.0765262
2469 0.07997301 -0.87718177
989 -2.4356427 -3.889903
804 -0.47343934 -1.3659246
2170 2.498189 -1.1840187
1943 4.728678 -1.9933168
2232 1.0476778 -0.9295337
1852 -2.1598575 -3.5551262
662 -0.32412606 -1.4836719
2206 2.4265544 -1.0885026
1368 -1.1145064 -2.4677906
1749 2.916345 -1.5134305
503 -3.062051 -5.135347
97 -0.11326406 -1.1591036
585 -2.019739 -3.4387631
397 -2.6809301 -4.430902
715 1.3588969 -1.0028046
1205 0.39529237 -1.1200191
2410 -1.1070697 -2.3189402
998 -3.2047882 -5.0264273
777 3.682866 -1.425389
2487 -0.67462146 -1.5632809
1771 1.0414677 -0.8566148
1208 -0.22349717 -1.1457314
281 0.35303757 -0.8227265
1609 -1.296514 -2.4995604
1038 4.9740577 -1.9098328
235 0.84471726 -0.7454184
746 1.5705428 -0.9744455
1601 1.9294765 -1.0457268
670 2.666185 -1.0813937
1278 -2.6599965 -4.2527204
725 1.6043187 -0.90109617
458 2.299871 -1.1077219
1710 3.0086062 -1.0908469
737 -1.3983707 -2.6477652
2153 0.23821579 -0.8612852
1870 -2.4309835 -3.7989259
342 -0.30714682 -1.2899292
1385 -1.0383875 -2.3012333
2249 0.18696395 -0.45868054
2052 -2.62126 -4.237511
1754 0.7909937 -0.9665583
1060 0.9433192 -0.6238793
605 -3.4302866 -5.552403
302 1.7022418 -1.0818038
374 -0.6768342 -1.5836093
87 5.3100376 -2.1724577
1652 -1.0876888 -2.1620338
602 1.179148 -0.7097991
1963 4.0856867 -1.5405201
2095 -2.6220832 -4.121763
1264 -0.8635037 -2.1723182
1913 3.4298668 -1.5188407
2647 0.89290255 -0.81978655
664 3.1650279 -1.2903041
2584 0.75021636 -0.9779933
2255 -0.3054134 -1.0483743
2077 -2.6776345 -4.38306
1701 -1.5086726 -2.8062851
2108 -1.7631894 -2.9422343
470 0.16089399 -0.70197326
2608 0.7007275 -0.89826524
1775 0.8563952 -0.9833388
520 0.84149945 -0.75101024
1640 -0.7503086 -1.7523686
994 2.9705331 -1.3002847
1403 0.079650536 -1.0097823
65 0.08505307 -0.9760149
1433 2.8852959 -1.179417
1289 3.7937665 -1.4866415
527 -2.0148666 -3.3551557
2001 0.27343592 -0.96218824
378 -1.8668598 -3.001842
144 -0.113969654 -1.3322135
322 0.7193773 -0.8483203
965 -1.959952 -3.1789339
193 0.486897 -0.95646495
813 -0.8971701 -1.8703691
2622 -0.48971346 -1.1799318
839 -2.3713937 -3.7541997
2555 -0.019452428 -1.0000229
1952 0.64489985 -0.7489414
947 0.2642806 -0.859565
516 -1.5988795 -2.8598747
2271 -0.684621 -1.6737373
2463 -0.33137333 -1.3871665
953 -2.852667 -4.505432
2606 0.6703352 -0.8994982
972 -2.0891402 -3.3607407
838 -1.4142085 -2.6191587
147 2.0306764 -0.7969441
831 -2.1589577 -3.4220512
57 1.3690773 -0.9828551
110 0.21710694 -0.84015167
