0 1
1 1
2 1
3 1
4 1
5 1
172 1
173 1
174 1
395 2
396 2
397 2
398 2
399 2
400 2
747 2
759 3
760 3
761 3
762 3
763 3
764 3
1079 4
1080 4
1081 4
1082 4
1083 4
1084 4
1164 4
1391 5
1392 5
1393 5
1394 5
1395 5
1396 5
1443 5
1697 6
1698 6
1699 6
1700 6
1701 6
1702 6
1997 7
1998 7
1999 7
2000 7
2001 7
2002 7
2013 7
2077 7
2078 7
2079 7
2080 7
2081 7
2082 7
2083 7
2084 7
2085 7
2086 7
2087 7
2088 7
2089 7
2303 8
2304 8
2305 8
2306 8
2307 8
2308 8
2344 8
2345 8
2346 8
2416 8
2417 8
2418 8
2567 9
2568 9
2569 9
2570 9
2571 9
2572 9
2816 10
2817 10
2818 10
2819 10
2820 10
2821 10
3077 11
3078 11
3079 11
3080 11
3081 11
3082 11
3322 12
3323 12
3324 12
3325 12
3326 12
3327 12
3565 13
3566 13
3567 13
3568 13
3569 13
3570 13
3806 14
3807 14
3808 14
3809 14
3810 14
3811 14
3817 14
4057 15
4058 15
4059 15
4060 15
4061 15
4062 15
4265 16
4266 16
4267 16
4268 16
4269 16
4270 16
4464 17
4465 17
4466 17
4467 17
4468 17
4654 18
4655 18
4656 18
4657 18
4658 18
4659 18
4836 19
4837 19
4838 19
4839 19
4840 19
4841 19
4960 X
4961 X
4962 X
4963 X
4964 X
4965 X
5204 X
5301 Y
5302 Y
5303 Y
5304 Y
5305 Y
5306 Y
5307 Y
5308 Y
5309 Y
5310 Y
5311 Y
5312 Y
5313 Y
5314 Y
5315 Y
5316 Y
5317 Y
5318 Y
5319 Y
5320 Y
5321 Y
5322 Y
5323 Y
5324 Y
5325 Y
5326 Y
