1 3000000 3199999 17 23400000 23599999
1 3000000 3199999 17 23600000 23799999
1 7200000 7399999 17 3000000 3199999
1 38200000 38399999 5 41200000 41399999
1 58600000 58799999 2 181600000 181748086
1 58600000 58799999 3 8200000 8399999
1 90000000 90199999 3 3000000 3199999
1 90000000 90199999 17 3000000 3199999
1 90000000 90199999 17 23400000 23599999
1 144800000 144999999 9 64000000 64199999
1 197000000 197195431 8 4600000 4799999
1 197000000 197195431 18 13000000 13199999
2 5200000 5399999 3 5800000 5999999
2 5200000 5399999 7 137800000 137999999
2 5200000 5399999 16 17200000 17399999
2 10200000 10399999 3 149800000 149999999
2 22400000 22599999 19 45600000 45799999
2 22400000 22599999 X 109000000 109199999
2 55000000 55199999 14 63600000 63799999
2 138200000 138399999 11 3000000 3199999
2 150400000 150599999 11 107000000 107199999
2 156600000 156799999 16 39800000 39999999
2 156600000 156799999 16 91200000 91399999
2 181600000 181748086 3 8200000 8399999
2 181600000 181748086 15 74800000 74999999
2 181600000 181748086 17 39800000 39999999
2 181600000 181748086 18 3000000 3199999
2 181600000 181748086 19 61200000 61342429
3 3000000 3199999 4 3000000 3199999
3 3000000 3199999 7 71200000 71399999
3 3000000 3199999 9 3200000 3399999
3 3000000 3199999 11 3000000 3199999
3 3000000 3199999 17 3000000 3199999
3 3000000 3199999 18 3000000 3199999
3 3200000 3399999 9 3200000 3399999
3 3200000 3399999 18 3000000 3199999
3 5800000 5999999 16 17200000 17399999
3 5800000 5999999 17 50400000 50599999
3 8200000 8399999 4 34800000 34999999
3 8200000 8399999 17 39800000 39999999
3 45800000 45999999 15 30400000 30599999
3 108200000 108399999 5 150200000 150399999
3 118800000 118999999 16 86200000 86399999
3 130600000 130799999 8 113400000 113599999
4 3000000 3199999 5 77800000 77999999
4 3000000 3199999 7 71200000 71399999
4 3000000 3199999 11 3000000 3199999
4 3000000 3199999 16 3200000 3399999
4 3000000 3199999 17 3000000 3199999
4 3000000 3199999 18 3000000 3199999
4 6200000 6399999 17 54200000 54399999
4 14400000 14599999 15 6800000 6999999
4 15000000 15199999 18 3000000 3199999
4 28000000 28199999 X 73800000 73999999
4 69600000 69799999 6 17200000 17399999
4 82200000 82399999 7 74400000 74599999
4 107200000 107399999 11 69400000 69599999
4 146600000 146799999 6 58400000 58599999
4 146600000 146799999 6 67600000 67799999
4 146800000 146999999 6 58400000 58599999
4 146800000 146999999 6 67600000 67799999
4 155400000 155599999 X 121200000 121399999
5 3200000 3399999 11 3000000 3199999
5 10000000 10199999 10 79600000 79799999
5 10000000 10199999 14 99600000 99799999
5 33000000 33199999 11 3000000 3199999
5 33000000 33199999 17 3000000 3199999
5 64200000 64399999 17 56600000 56799999
5 79800000 79999999 16 3200000 3399999
5 109800000 109999999 19 61200000 61342429
5 113600000 113799999 11 3000000 3199999
5 143600000 143799999 16 37800000 37999999
5 144600000 144799999 17 61000000 61199999
5 147000000 147199999 10 11200000 11399999
5 147000000 147199999 17 36200000 36399999
6 3000000 3199999 11 3000000 3199999
6 3000000 3199999 17 39800000 39999999
6 3000000 3199999 18 3000000 3199999
7 3200000 3399999 14 58000000 58199999
7 71200000 71399999 17 3000000 3199999
7 91200000 91399999 11 3000000 3199999
7 114600000 114799999 9 31200000 31399999
8 3600000 3799999 17 39800000 39999999
8 131600000 131738870 17 95200000 95272650
9 3000000 3199999 11 3000000 3199999
9 87800000 87999999 17 30200000 30399999
10 7000000 7199999 11 3000000 3199999
10 21800000 21999999 13 3200000 3399999
10 79600000 79799999 14 99600000 99799999
10 80600000 80799999 11 3000000 3199999
10 112600000 112799999 17 23600000 23799999
10 129800000 129993254 17 95200000 95272650
10 129800000 129993254 19 61200000 61342429
11 3000000 3199999 13 8000000 8199999
11 3000000 3199999 13 116200000 116399999
11 3000000 3199999 15 69600000 69799999
11 3000000 3199999 16 76800000 76999999
11 3000000 3199999 17 3000000 3199999
11 3000000 3199999 18 3000000 3199999
11 3000000 3199999 18 3200000 3399999
11 3000000 3199999 X 109400000 109599999
11 53800000 53999999 15 74800000 74999999
11 53800000 53999999 19 45600000 45799999
11 87000000 87199999 16 24000000 24199999
11 105800000 105999999 17 39800000 39999999
11 108800000 108999999 13 54200000 54399999
11 108800000 108999999 13 97800000 97999999
11 108800000 108999999 15 85000000 85199999
11 121600000 121799999 19 61200000 61342429
12 57600000 57799999 19 60200000 60399999
13 74400000 74599999 17 95200000 95272650
13 120200000 120284311 X 166400000 166599999
14 13800000 13999999 X 149000000 149199999
14 17400000 17599999 16 17000000 17199999
14 19800000 19999999 17 3000000 3199999
14 52000000 52199999 X 121200000 121399999
14 78600000 78799999 15 6000000 6199999
14 83200000 83399999 18 63600000 63799999
14 95200000 95399999 19 24000000 24199999
14 95200000 95399999 19 29400000 29599999
14 117400000 117599999 15 60200000 60399999
14 117400000 117599999 15 86600000 86799999
15 21000000 21199999 17 50600000 50799999
15 74800000 74999999 16 3000000 3199999
15 74800000 74999999 16 3200000 3399999
15 74800000 74999999 18 3000000 3199999
16 3200000 3399999 18 3000000 3199999
16 3200000 3399999 18 3200000 3399999
16 3200000 3399999 18 3800000 3999999
16 3200000 3399999 18 4000000 4199999
16 22000000 22199999 18 78600000 78799999
16 22400000 22599999 18 78600000 78799999
16 83600000 83799999 19 24400000 24599999
17 39800000 39999999 18 73600000 73799999
17 95200000 95272650 19 61200000 61342429
18 3000000 3199999 19 3000000 3199999
18 3000000 3199999 X 144000000 144199999
18 40400000 40599999 19 45600000 45799999
18 59000000 59199999 X 160600000 160799999
19 10000000 10199999 X 87800000 87999999
