1 90000000 90499999 3 3000000 3499999
1 90000000 90499999 17 23500000 23999999
2 5000000 5499999 3 5500000 5999999
2 5000000 5499999 16 17000000 17499999
2 181500000 181748086 3 8000000 8499999
3 3000000 3499999 4 3000000 3499999
3 3000000 3499999 9 3000000 3499999
3 3000000 3499999 17 3000000 3499999
3 3000000 3499999 18 3000000 3499999
3 5500000 5999999 16 17000000 17499999
4 3000000 3499999 5 77500000 77999999
4 3000000 3499999 17 3000000 3499999
4 3000000 3499999 18 3000000 3499999
4 146500000 146999999 6 58500000 58999999
4 146500000 146999999 6 67500000 67999999
5 3000000 3499999 11 3000000 3499999
5 33000000 33499999 11 3000000 3499999
5 79500000 79999999 16 3000000 3499999
5 110000000 110499999 19 61000000 61342429
5 147000000 147499999 17 36000000 36499999
6 3000000 3499999 17 39500000 39999999
8 3500000 3999999 17 39500000 39999999
8 131500000 131738870 17 95000000 95272650
10 21500000 21999999 13 3000000 3499999
10 80500000 80999999 11 3000000 3499999
11 3000000 3499999 14 19500000 19999999
11 3000000 3499999 17 3000000 3499999
11 3000000 3499999 18 3000000 3499999
11 3000000 3499999 X 109000000 109499999
11 105500000 105999999 17 39500000 39999999
13 3000000 3499999 16 3000000 3499999
14 52000000 52499999 X 121000000 121499999
15 74500000 74999999 18 3000000 3499999
16 3000000 3499999 18 3000000 3499999
17 95000000 95272650 19 61000000 61342429
