1 161000000 161999999 4 118000000 118999999
2 47000000 47999999 8 58000000 58999999
2 181000000 181748086 3 8000000 8999999
3 3000000 3999999 18 3000000 3999999
3 5000000 5999999 14 71000000 71999999
3 34000000 34999999 12 30000000 30999999
3 146000000 146999999 15 66000000 66999999
4 43000000 43999999 17 7000000 7999999
4 58000000 58999999 19 12000000 12999999
4 146000000 146999999 6 58000000 58999999
5 3000000 3999999 11 3000000 3999999
5 33000000 33999999 11 3000000 3999999
5 79000000 79999999 16 3000000 3999999
7 130000000 130999999 9 51000000 51999999
8 17000000 17999999 18 63000000 63999999
10 80000000 80999999 11 3000000 3999999
11 3000000 3999999 17 3000000 3999999
11 3000000 3999999 18 3000000 3999999
11 3000000 3999999 X 109000000 109999999
11 80000000 80999999 12 98000000 98999999
15 74000000 74999999 18 3000000 3999999
