1 3000000 3999999 17 23000000 23999999
2 5000000 5999999 3 5000000 5999999
2 181000000 181748086 3 8000000 8999999
2 181000000 181748086 15 74000000 74999999
2 181000000 181748086 18 3000000 3999999
3 3000000 3999999 9 3000000 3999999
3 3000000 3999999 17 3000000 3999999
3 3000000 3999999 18 3000000 3999999
3 8000000 8999999 4 34000000 34999999
4 3000000 3999999 5 77000000 77999999
4 3000000 3999999 17 3000000 3999999
4 3000000 3999999 18 3000000 3999999
4 146000000 146999999 6 58000000 58999999
4 146000000 146999999 6 67000000 67999999
5 33000000 33999999 11 3000000 3999999
5 79000000 79999999 16 3000000 3999999
6 3000000 3999999 17 39000000 39999999
8 3000000 3999999 17 39000000 39999999
10 21000000 21999999 13 3000000 3999999
10 80000000 80999999 11 3000000 3999999
11 3000000 3999999 17 3000000 3999999
11 3000000 3999999 18 3000000 3999999
11 3000000 3999999 X 109000000 109999999
11 105000000 105999999 17 39000000 39999999
13 3000000 3999999 18 3000000 3999999
14 52000000 52999999 X 121000000 121999999
15 74000000 74999999 16 3000000 3999999
15 74000000 74999999 18 3000000 3999999
16 3000000 3999999 18 3000000 3999999
16 3000000 3999999 18 4000000 4999999
18 3000000 3999999 19 3000000 3999999
