1 52600000 52799999 12 29600000 29799999
1 58000000 58199999 18 53800000 53999999
1 72400000 72599999 2 120400000 120599999
1 79800000 79999999 5 142000000 142199999
1 104200000 104399999 17 91600000 91799999
1 105800000 105999999 11 101600000 101799999
1 127000000 127199999 2 19200000 19399999
1 161600000 161799999 4 118600000 118799999
1 196200000 196399999 14 41800000 41999999
1 197000000 197195431 8 4600000 4799999
2 10000000 10199999 5 47600000 47799999
2 22400000 22599999 19 45600000 45799999
2 44800000 44999999 8 87200000 87399999
2 47000000 47199999 8 58600000 58799999
2 47000000 47199999 8 58800000 58999999
2 50400000 50599999 10 114000000 114199999
2 61400000 61599999 11 14000000 14199999
2 132400000 132599999 19 59000000 59199999
2 139200000 139399999 14 78800000 78999999
2 139400000 139599999 14 79000000 79199999
2 152200000 152399999 4 150800000 150999999
2 163800000 163999999 5 69400000 69599999
2 173000000 173199999 9 58800000 58999999
2 181600000 181748086 3 8200000 8399999
2 181600000 181748086 17 39800000 39999999
2 181600000 181748086 18 3000000 3199999
3 3000000 3199999 17 3000000 3199999
3 3000000 3199999 18 3000000 3199999
3 5000000 5199999 7 87800000 87999999
3 5000000 5199999 14 71400000 71599999
3 5800000 5999999 16 17200000 17399999
3 23400000 23599999 16 70800000 70999999
3 25600000 25799999 10 128800000 128999999
3 34600000 34799999 12 30400000 30599999
3 45800000 45999999 15 90800000 90999999
3 118800000 118999999 7 111800000 111999999
3 146600000 146799999 15 66400000 66599999
4 3000000 3199999 17 3000000 3199999
4 3000000 3199999 18 3000000 3199999
4 20600000 20799999 9 27800000 27999999
4 43200000 43399999 17 7600000 7799999
4 58200000 58399999 19 12800000 12999999
4 101600000 101799999 9 64600000 64799999
4 104400000 104599999 19 26400000 26599999
4 146600000 146799999 6 58400000 58599999
4 146800000 146999999 6 58400000 58599999
5 3200000 3399999 11 3000000 3199999
5 33000000 33199999 11 3000000 3199999
5 33000000 33199999 17 3000000 3199999
5 77600000 77799999 19 58400000 58599999
5 79800000 79999999 16 3200000 3399999
5 120800000 120999999 6 57400000 57599999
5 129200000 129399999 19 40600000 40799999
5 147000000 147199999 17 39800000 39999999
5 150800000 150999999 11 75200000 75399999
6 27600000 27799999 13 54400000 54599999
6 57400000 57599999 8 72600000 72799999
6 58800000 58999999 7 36800000 36999999
6 95200000 95399999 11 3000000 3199999
6 95200000 95399999 11 101800000 101999999
7 71200000 71399999 17 3000000 3199999
7 116000000 116199999 12 103800000 103999999
7 121200000 121399999 12 11400000 11599999
7 121200000 121399999 13 29600000 29799999
7 130400000 130599999 9 51400000 51599999
8 17000000 17199999 18 63800000 63999999
8 72600000 72799999 13 38200000 38399999
8 101800000 101999999 10 9800000 9999999
8 131600000 131738870 17 95200000 95272650
9 75600000 75799999 13 50800000 50999999
9 94400000 94599999 11 14000000 14199999
9 108800000 108999999 16 50600000 50799999
10 21800000 21999999 13 3200000 3399999
10 40400000 40599999 15 62000000 62199999
10 76200000 76399999 13 99800000 99999999
10 77400000 77599999 18 80600000 80799999
10 80600000 80799999 11 3000000 3199999
10 109000000 109199999 11 3000000 3199999
10 112200000 112399999 17 33800000 33999999
10 112200000 112399999 17 57000000 57199999
10 124000000 124199999 12 65600000 65799999
11 3000000 3199999 17 3000000 3199999
11 3000000 3199999 18 3000000 3199999
11 3000000 3199999 X 109400000 109599999
11 53800000 53999999 15 74800000 74999999
11 80600000 80799999 12 98600000 98799999
11 108800000 108999999 13 54200000 54399999
11 108800000 108999999 13 97800000 97999999
12 38600000 38799999 16 16400000 16599999
13 43800000 43999999 15 5000000 5199999
13 78200000 78399999 14 94400000 94599999
14 52800000 52999999 15 53800000 53999999
14 99800000 99999999 15 44800000 44999999
14 114200000 114399999 15 29000000 29199999
15 62800000 62999999 X 18000000 18199999
15 64400000 64599999 17 77800000 77999999
15 74800000 74999999 16 3200000 3399999
15 74800000 74999999 18 3000000 3199999
17 37600000 37799999 19 12400000 12599999
17 42600000 42799999 19 25600000 25799999
18 40400000 40599999 19 45600000 45799999
