1 197195432 0 4929
2 181748087 4930 9473
3 159599783 9474 13463
4 155630120 13464 17354
5 152537259 17355 21168
6 149517037 21169 24906
7 152524553 24907 28720
8 131738871 28721 32014
9 124076172 32015 35116
10 129993255 35117 38366
11 121843856 38367 41413
12 121257530 41414 44445
13 120284312 44446 47453
14 125194864 47454 50583
15 103494974 50584 53171
16 98319156 53172 55629
17 95272651 55630 58011
18 90772031 58012 60281
19 61342430 60282 61815
X 166650296 61816 65982
Y 15902555 65983 66380
