0 1 0 299999
1 1 300000 799999
2 1 800000 1299999
3 1 1300000 1799999
4 1 1800000 2299999
5 1 2300000 2799999
172 1 85800000 86299999
173 1 86300000 86799999
174 1 86800000 87299999
395 2 0 299999
396 2 300000 799999
397 2 800000 1299999
398 2 1300000 1799999
399 2 1800000 2299999
400 2 2300000 2799999
747 2 175800000 176299999
759 3 0 299999
760 3 300000 799999
761 3 800000 1299999
762 3 1300000 1799999
763 3 1800000 2299999
764 3 2300000 2799999
1079 4 0 299999
1080 4 300000 799999
1081 4 800000 1299999
1082 4 1300000 1799999
1083 4 1800000 2299999
1084 4 2300000 2799999
1164 4 42300000 42799999
1391 5 0 299999
1392 5 300000 799999
1393 5 800000 1299999
1394 5 1300000 1799999
1395 5 1800000 2299999
1396 5 2300000 2799999
1443 5 25800000 26299999
1697 6 0 299999
1698 6 300000 799999
1699 6 800000 1299999
1700 6 1300000 1799999
1701 6 1800000 2299999
1702 6 2300000 2799999
1997 7 0 299999
1998 7 300000 799999
1999 7 800000 1299999
2000 7 1300000 1799999
2001 7 1800000 2299999
2002 7 2300000 2799999
2013 7 7800000 8299999
2077 7 39800000 40299999
2078 7 40300000 40799999
2079 7 40800000 41299999
2080 7 41300000 41799999
2081 7 41800000 42299999
2082 7 42300000 42799999
2083 7 42800000 43299999
2084 7 43300000 43799999
2085 7 43800000 44299999
2086 7 44300000 44799999
2087 7 44800000 45299999
2088 7 45300000 45799999
2089 7 45800000 46299999
2303 8 0 299999
2304 8 300000 799999
2305 8 800000 1299999
2306 8 1300000 1799999
2307 8 1800000 2299999
2308 8 2300000 2799999
2344 8 20300000 20799999
2345 8 20800000 21299999
2346 8 21300000 21799999
2416 8 56300000 56799999
2417 8 56800000 57299999
2418 8 57300000 57799999
2567 9 0 299999
2568 9 300000 799999
2569 9 800000 1299999
2570 9 1300000 1799999
2571 9 1800000 2299999
2572 9 2300000 2799999
2816 10 0 299999
2817 10 300000 799999
2818 10 800000 1299999
2819 10 1300000 1799999
2820 10 1800000 2299999
2821 10 2300000 2799999
3077 11 0 299999
3078 11 300000 799999
3079 11 800000 1299999
3080 11 1300000 1799999
3081 11 1800000 2299999
3082 11 2300000 2799999
3322 12 0 299999
3323 12 300000 799999
3324 12 800000 1299999
3325 12 1300000 1799999
3326 12 1800000 2299999
3327 12 2300000 2799999
3565 13 0 299999
3566 13 300000 799999
3567 13 800000 1299999
3568 13 1300000 1799999
3569 13 1800000 2299999
3570 13 2300000 2799999
3806 14 0 299999
3807 14 300000 799999
3808 14 800000 1299999
3809 14 1300000 1799999
3810 14 1800000 2299999
3811 14 2300000 2799999
3817 14 5300000 5799999
4057 15 0 299999
4058 15 300000 799999
4059 15 800000 1299999
4060 15 1300000 1799999
4061 15 1800000 2299999
4062 15 2300000 2799999
4265 16 0 299999
4266 16 300000 799999
4267 16 800000 1299999
4268 16 1300000 1799999
4269 16 1800000 2299999
4270 16 2300000 2799999
4464 17 300000 799999
4465 17 800000 1299999
4466 17 1300000 1799999
4467 17 1800000 2299999
4468 17 2300000 2799999
4654 18 0 299999
4655 18 300000 799999
4656 18 800000 1299999
4657 18 1300000 1799999
4658 18 1800000 2299999
4659 18 2300000 2799999
4836 19 0 299999
4837 19 300000 799999
4838 19 800000 1299999
4839 19 1300000 1799999
4840 19 1800000 2299999
4841 19 2300000 2799999
4960 X 0 299999
4961 X 300000 799999
4962 X 800000 1299999
4963 X 1300000 1799999
4964 X 1800000 2299999
4965 X 2300000 2799999
5204 X 121800000 122299999
5301 Y 3300000 3799999
5302 Y 3800000 4299999
5303 Y 4300000 4799999
5304 Y 4800000 5299999
5305 Y 5300000 5799999
5306 Y 5800000 6299999
5307 Y 6300000 6799999
5308 Y 6800000 7299999
5309 Y 7300000 7799999
5310 Y 7800000 8299999
5311 Y 8300000 8799999
5312 Y 8800000 9299999
5313 Y 9300000 9799999
5314 Y 9800000 10299999
5315 Y 10300000 10799999
5316 Y 10800000 11299999
5317 Y 11300000 11799999
5318 Y 11800000 12299999
5319 Y 12300000 12799999
5320 Y 12800000 13299999
5321 Y 13300000 13799999
5322 Y 13800000 14299999
5323 Y 14300000 14799999
5324 Y 14800000 15299999
5325 Y 15300000 15799999
5326 Y 15800000 15902554
