bin1 bin2 count p_value
6 3083 23 1.0150202894662023e-40
7 3083 28 1.0309639376361036e-51
8 3083 34 1.8394749049444326e-65
9 3083 30 3.112783993593564e-56
9 4998 9 4.1773578219293146e-13
10 3083 36 3.654507777621109e-70
11 3083 26 2.9206980063744646e-47
12 3083 33 3.928972924871837e-63
13 3083 34 1.8394749049444326e-65
14 3083 28 1.0309639376361036e-51
15 3083 20 2.3207772306986513e-34
16 3083 15 3.092965163254775e-24
17 3083 19 2.760249760048408e-32
18 3083 24 7.003705834483667e-43
19 3083 30 3.112783993593564e-56
20 3083 31 1.617747777905835e-58
21 3083 28 1.0309639376361036e-51
22 3083 20 2.3207772306986513e-34
23 3083 18 3.1070343286641054e-30
24 3083 23 1.0150202894662023e-40
25 3083 26 2.9206980063744646e-47
26 3083 23 1.0150202894662023e-40
27 455 7 9.79423062468392e-10
27 3083 19 2.760249760048408e-32
28 3083 15 3.092965163254775e-24
29 3083 18 3.1070343286641054e-30
30 3083 18 3.1070343286641054e-30
31 3083 21 1.851310524411278e-36
32 3083 30 3.112783993593564e-56
33 1712 9 4.1773578219293146e-13
33 3083 19 2.760249760048408e-32
34 3083 17 3.300892832044432e-28
35 2951 13 2.204875125528226e-20
35 3083 15 3.092965163254775e-24
36 3083 20 2.3207772306986513e-34
37 3083 14 2.708022153738889e-22
38 3083 17 3.300892832044432e-28
39 3083 15 3.092965163254775e-24
40 3083 11 1.1509104356151448e-16
41 3083 16 3.29968443444401e-26
42 3083 14 2.708022153738889e-22
43 2375 7 9.79423062468392e-10
43 3083 12 1.6609861320548138e-18
44 3083 20 2.3207772306986513e-34
45 3083 16 3.29968443444401e-26
46 3083 16 3.29968443444401e-26
47 3083 14 2.708022153738889e-22
48 3083 17 3.300892832044432e-28
49 3083 16 3.29968443444401e-26
50 3083 17 3.300892832044432e-28
51 3083 14 2.708022153738889e-22
52 3083 10 7.284674066145362e-15
53 3083 10 7.284674066145362e-15
54 3083 10 7.284674066145362e-15
55 3083 16 3.29968443444401e-26
56 3083 18 3.1070343286641054e-30
57 3083 13 2.204875125528226e-20
58 3083 16 3.29968443444401e-26
59 3083 14 2.708022153738889e-22
60 3083 11 1.1509104356151448e-16
61 3083 11 1.1509104356151448e-16
62 3083 12 1.6609861320548138e-18
63 3083 14 2.708022153738889e-22
64 3083 11 1.1509104356151448e-16
65 3083 8 2.1488091282544965e-11
66 3083 8 2.1488091282544965e-11
67 3083 9 4.1773578219293146e-13
68 3083 16 3.29968443444401e-26
69 3083 17 3.300892832044432e-28
70 3083 13 2.204875125528226e-20
71 3083 12 1.6609861320548138e-18
72 3083 17 3.300892832044432e-28
73 3083 13 2.204875125528226e-20
74 3083 13 2.204875125528226e-20
75 3083 14 2.708022153738889e-22
76 3083 12 1.6609861320548138e-18
77 3083 8 2.1488091282544965e-11
78 3083 13 2.204875125528226e-20
79 3083 10 7.284674066145362e-15
80 3083 8 2.1488091282544965e-11
81 3083 14 2.708022153738889e-22
83 3083 8 2.1488091282544965e-11
85 3083 9 4.1773578219293146e-13
87 3083 12 1.6609861320548138e-18
88 3083 9 4.1773578219293146e-13
94 3083 10 7.284674066145362e-15
95 3083 8 2.1488091282544965e-11
101 3083 7 9.79423062468392e-10
103 3083 8 2.1488091282544965e-11
105 3083 10 7.284674066145362e-15
106 3083 9 4.1773578219293146e-13
106 4360 7 9.79423062468392e-10
107 1906 9 4.1773578219293146e-13
107 3083 9 4.1773578219293146e-13
108 3083 7 9.79423062468392e-10
110 3083 12 1.6609861320548138e-18
111 3083 8 2.1488091282544965e-11
111 4918 20 2.3207772306986513e-34
116 2504 7 9.79423062468392e-10
117 930 10 7.284674066145362e-15
117 3083 8 2.1488091282544965e-11
118 3083 10 7.284674066145362e-15
119 3083 8 2.1488091282544965e-11
121 1208 8 2.1488091282544965e-11
125 3083 8 2.1488091282544965e-11
130 2546 8 2.1488091282544965e-11
130 3833 11 1.1509104356151448e-16
132 2704 17 3.300892832044432e-28
141 1569 8 2.1488091282544965e-11
149 3878 7 9.79423062468392e-10
160 4661 17 3.300892832044432e-28
168 585 16 3.29968443444401e-26
168 586 7 9.79423062468392e-10
169 4872 7 9.79423062468392e-10
179 871 10 7.284674066145362e-15
180 401 23 1.0150202894662023e-40
180 402 9 4.1773578219293146e-13
180 403 10 7.284674066145362e-15
180 405 11 1.1509104356151448e-16
180 409 12 1.6609861320548138e-18
180 410 8 2.1488091282544965e-11
180 411 9 4.1773578219293146e-13
180 412 10 7.284674066145362e-15
180 413 13 2.204875125528226e-20
180 414 13 2.204875125528226e-20
180 415 7 9.79423062468392e-10
180 416 8 2.1488091282544965e-11
180 417 13 2.204875125528226e-20
180 419 11 1.1509104356151448e-16
180 422 13 2.204875125528226e-20
180 423 9 4.1773578219293146e-13
180 424 10 7.284674066145362e-15
180 425 9 4.1773578219293146e-13
180 428 12 1.6609861320548138e-18
180 429 11 1.1509104356151448e-16
180 430 8 2.1488091282544965e-11
180 432 7 9.79423062468392e-10
180 433 7 9.79423062468392e-10
180 435 8 2.1488091282544965e-11
180 438 9 4.1773578219293146e-13
180 440 8 2.1488091282544965e-11
180 468 8 2.1488091282544965e-11
180 1086 17 3.300892832044432e-28
180 1090 7 9.79423062468392e-10
180 1091 7 9.79423062468392e-10
180 1092 7 9.79423062468392e-10
180 1094 8 2.1488091282544965e-11
180 1097 10 7.284674066145362e-15
180 1116 8 2.1488091282544965e-11
180 1118 9 4.1773578219293146e-13
180 1120 8 2.1488091282544965e-11
180 3083 65 1.467213788961064e-143
195 4182 7 9.79423062468392e-10
198 2753 11 1.1509104356151448e-16
207 1493 9 4.1773578219293146e-13
210 703 9 4.1773578219293146e-13
222 1929 38 6.401129028612104e-75
225 2435 13 2.204875125528226e-20
233 4291 13 2.204875125528226e-20
251 1110 13 2.204875125528226e-20
255 1747 15 3.092965163254775e-24
258 4138 7 9.79423062468392e-10
260 1213 10 7.284674066145362e-15
269 3083 7 9.79423062468392e-10
270 3069 18 3.1070343286641054e-30
273 2397 25 4.6213548580102084e-45
277 660 8 2.1488091282544965e-11
277 3560 10 7.284674066145362e-15
277 3561 13 2.204875125528226e-20
287 2829 12 1.6609861320548138e-18
295 912 11 1.1509104356151448e-16
304 3911 11 1.1509104356151448e-16
309 2611 15 3.092965163254775e-24
318 1973 14 2.708022153738889e-22
318 3218 15 3.092965163254775e-24
323 3869 8 2.1488091282544965e-11
323 5042 7 9.79423062468392e-10
328 3139 10 7.284674066145362e-15
337 1126 12 1.6609861320548138e-18
343 4113 15 3.092965163254775e-24
347 3069 16 3.29968443444401e-26
347 4339 11 1.1509104356151448e-16
359 2377 13 2.204875125528226e-20
365 1064 13 2.204875125528226e-20
366 4881 8 2.1488091282544965e-11
401 3083 37 1.5531879255375373e-72
401 4612 11 1.1509104356151448e-16
402 3083 25 4.6213548580102084e-45
403 3083 20 2.3207772306986513e-34
404 3083 22 1.404310248296361e-38
405 3083 15 3.092965163254775e-24
406 2495 15 3.092965163254775e-24
406 3083 19 2.760249760048408e-32
407 3083 12 1.6609861320548138e-18
408 3083 26 2.9206980063744646e-47
409 3083 22 1.404310248296361e-38
410 3083 25 4.6213548580102084e-45
411 3083 22 1.404310248296361e-38
412 3083 20 2.3207772306986513e-34
413 3083 23 1.0150202894662023e-40
414 3083 16 3.29968443444401e-26
415 3083 26 2.9206980063744646e-47
416 3083 18 3.1070343286641054e-30
417 3083 31 1.617747777905835e-58
418 3083 26 2.9206980063744646e-47
419 3083 22 1.404310248296361e-38
420 3083 22 1.404310248296361e-38
421 3083 26 2.9206980063744646e-47
422 2608 7 9.79423062468392e-10
422 3083 14 2.708022153738889e-22
423 3083 23 1.0150202894662023e-40
424 3083 24 7.003705834483667e-43
424 3753 8 2.1488091282544965e-11
425 3083 21 1.851310524411278e-36
426 3083 15 3.092965163254775e-24
427 3083 18 3.1070343286641054e-30
428 3083 14 2.708022153738889e-22
429 3083 11 1.1509104356151448e-16
430 3083 20 2.3207772306986513e-34
431 3083 16 3.29968443444401e-26
432 3083 15 3.092965163254775e-24
433 3083 19 2.760249760048408e-32
434 3083 16 3.29968443444401e-26
435 3083 10 7.284674066145362e-15
436 3083 7 9.79423062468392e-10
437 3083 21 1.851310524411278e-36
438 3083 10 7.284674066145362e-15
439 3083 9 4.1773578219293146e-13
440 3083 17 3.300892832044432e-28
441 3083 16 3.29968443444401e-26
442 2667 7 9.79423062468392e-10
442 3083 15 3.092965163254775e-24
443 3083 12 1.6609861320548138e-18
444 3083 18 3.1070343286641054e-30
444 3266 7 9.79423062468392e-10
445 3083 10 7.284674066145362e-15
446 3083 13 2.204875125528226e-20
448 3083 9 4.1773578219293146e-13
449 3083 10 7.284674066145362e-15
451 3083 8 2.1488091282544965e-11
453 3083 8 2.1488091282544965e-11
455 1622 8 2.1488091282544965e-11
455 4848 8 2.1488091282544965e-11
456 3083 11 1.1509104356151448e-16
457 3083 9 4.1773578219293146e-13
459 1942 10 7.284674066145362e-15
462 3083 10 7.284674066145362e-15
463 3083 8 2.1488091282544965e-11
464 3083 8 2.1488091282544965e-11
465 3083 10 7.284674066145362e-15
466 3083 12 1.6609861320548138e-18
467 3083 16 3.29968443444401e-26
468 3083 8 2.1488091282544965e-11
469 3083 7 9.79423062468392e-10
472 3083 9 4.1773578219293146e-13
473 3083 7 9.79423062468392e-10
476 3083 8 2.1488091282544965e-11
479 3083 7 9.79423062468392e-10
480 1113 9 4.1773578219293146e-13
481 3083 8 2.1488091282544965e-11
483 1887 12 1.6609861320548138e-18
483 3083 8 2.1488091282544965e-11
487 4018 16 3.29968443444401e-26
489 1849 7 9.79423062468392e-10
491 1068 7 9.79423062468392e-10
493 2859 7 9.79423062468392e-10
499 3740 9 4.1773578219293146e-13
508 2717 29 5.773222950133597e-54
510 2717 8 2.1488091282544965e-11
521 1121 17 3.300892832044432e-28
523 3083 7 9.79423062468392e-10
534 1666 24 7.003705834483667e-43
534 1667 7 9.79423062468392e-10
534 3378 7 9.79423062468392e-10
542 1291 18 3.1070343286641054e-30
561 2159 10 7.284674066145362e-15
564 2128 10 7.284674066145362e-15
594 2963 11 1.1509104356151448e-16
597 1052 12 1.6609861320548138e-18
602 2845 8 2.1488091282544965e-11
604 3627 7 9.79423062468392e-10
620 2141 11 1.1509104356151448e-16
621 4078 7 9.79423062468392e-10
622 920 15 3.092965163254775e-24
623 5165 8 2.1488091282544965e-11
632 4846 13 2.204875125528226e-20
637 3768 8 2.1488091282544965e-11
639 2326 19 2.760249760048408e-32
639 3308 9 4.1773578219293146e-13
651 1269 23 1.0150202894662023e-40
657 4000 12 1.6609861320548138e-18
667 1478 14 2.708022153738889e-22
674 4012 19 2.760249760048408e-32
676 2177 8 2.1488091282544965e-11
683 957 7 9.79423062468392e-10
687 4637 11 1.1509104356151448e-16
700 4259 8 2.1488091282544965e-11
702 3909 14 2.708022153738889e-22
704 2560 8 2.1488091282544965e-11
704 2561 17 3.300892832044432e-28
708 3534 7 9.79423062468392e-10
709 1382 7 9.79423062468392e-10
710 2992 20 2.3207772306986513e-34
716 4982 8 2.1488091282544965e-11
720 1203 16 3.29968443444401e-26
723 1662 8 2.1488091282544965e-11
729 1819 8 2.1488091282544965e-11
729 4329 8 2.1488091282544965e-11
754 3828 10 7.284674066145362e-15
758 4541 15 3.092965163254775e-24
765 3083 13 2.204875125528226e-20
766 3083 17 3.300892832044432e-28
767 3083 21 1.851310524411278e-36
768 3083 14 2.708022153738889e-22
769 3083 15 3.092965163254775e-24
770 3083 20 2.3207772306986513e-34
771 3083 21 1.851310524411278e-36
772 3083 10 7.284674066145362e-15
773 1244 7 9.79423062468392e-10
773 3083 21 1.851310524411278e-36
774 3083 10 7.284674066145362e-15
775 1941 9 4.1773578219293146e-13
775 3083 22 1.404310248296361e-38
776 3083 12 1.6609861320548138e-18
777 3083 13 2.204875125528226e-20
778 3083 22 1.404310248296361e-38
779 3083 12 1.6609861320548138e-18
780 3083 8 2.1488091282544965e-11
781 3083 8 2.1488091282544965e-11
782 3083 17 3.300892832044432e-28
783 3083 15 3.092965163254775e-24
784 3083 12 1.6609861320548138e-18
785 3083 11 1.1509104356151448e-16
786 3083 17 3.300892832044432e-28
787 2958 7 9.79423062468392e-10
787 3083 14 2.708022153738889e-22
788 3083 16 3.29968443444401e-26
789 3083 12 1.6609861320548138e-18
791 3083 12 1.6609861320548138e-18
793 3083 11 1.1509104356151448e-16
794 3083 15 3.092965163254775e-24
795 3083 7 9.79423062468392e-10
796 3083 8 2.1488091282544965e-11
797 1389 17 3.300892832044432e-28
797 3083 10 7.284674066145362e-15
798 3083 12 1.6609861320548138e-18
799 3083 13 2.204875125528226e-20
800 3083 8 2.1488091282544965e-11
801 3083 7 9.79423062468392e-10
804 3083 8 2.1488091282544965e-11
805 3083 10 7.284674066145362e-15
806 5096 14 2.708022153738889e-22
808 3083 10 7.284674066145362e-15
809 3083 8 2.1488091282544965e-11
811 3083 10 7.284674066145362e-15
812 3083 9 4.1773578219293146e-13
813 3083 7 9.79423062468392e-10
814 3083 9 4.1773578219293146e-13
815 3083 10 7.284674066145362e-15
818 3083 7 9.79423062468392e-10
821 3083 7 9.79423062468392e-10
823 1419 8 2.1488091282544965e-11
823 3083 8 2.1488091282544965e-11
824 3083 10 7.284674066145362e-15
825 3083 10 7.284674066145362e-15
826 3694 8 2.1488091282544965e-11
831 3829 19 2.760249760048408e-32
832 1404 8 2.1488091282544965e-11
832 3771 13 2.204875125528226e-20
833 3083 7 9.79423062468392e-10
838 4646 10 7.284674066145362e-15
840 3083 8 2.1488091282544965e-11
849 4001 11 1.1509104356151448e-16
874 1399 7 9.79423062468392e-10
875 3943 7 9.79423062468392e-10
876 2869 10 7.284674066145362e-15
879 3083 7 9.79423062468392e-10
895 3083 7 9.79423062468392e-10
896 3083 10 7.284674066145362e-15
908 1455 17 3.300892832044432e-28
911 3844 21 1.851310524411278e-36
917 3712 10 7.284674066145362e-15
923 1849 16 3.29968443444401e-26
928 2027 13 2.204875125528226e-20
931 4432 8 2.1488091282544965e-11
933 1714 7 9.79423062468392e-10
934 2412 11 1.1509104356151448e-16
935 2474 8 2.1488091282544965e-11
937 1641 7 9.79423062468392e-10
941 2331 9 4.1773578219293146e-13
947 2197 7 9.79423062468392e-10
957 4123 19 2.760249760048408e-32
957 4124 13 2.204875125528226e-20
961 4532 7 9.79423062468392e-10
982 2193 9 4.1773578219293146e-13
990 3965 7 9.79423062468392e-10
1010 4672 9 4.1773578219293146e-13
1023 2455 7 9.79423062468392e-10
1033 1151 7 9.79423062468392e-10
1033 3878 21 1.851310524411278e-36
1035 1140 26 2.9206980063744646e-47
1035 1141 7 9.79423062468392e-10
1040 1879 9 4.1773578219293146e-13
1041 4012 7 9.79423062468392e-10
1049 3437 10 7.284674066145362e-15
1050 2678 12 1.6609861320548138e-18
1060 2652 8 2.1488091282544965e-11
1070 3424 11 1.1509104356151448e-16
1070 3613 15 3.092965163254775e-24
1085 1703 18 3.1070343286641054e-30
1085 1704 11 1.1509104356151448e-16
1085 2003 8 2.1488091282544965e-11
1085 2309 25 4.6213548580102084e-45
1085 3083 16 3.29968443444401e-26
1085 4658 7 9.79423062468392e-10
1086 3083 16 3.29968443444401e-26
1086 4658 7 9.79423062468392e-10
1087 3083 8 2.1488091282544965e-11
1088 3083 19 2.760249760048408e-32
1089 3083 18 3.1070343286641054e-30
1090 3083 14 2.708022153738889e-22
1091 3083 17 3.300892832044432e-28
1092 3083 21 1.851310524411278e-36
1093 3083 19 2.760249760048408e-32
1094 3083 15 3.092965163254775e-24
1095 3083 18 3.1070343286641054e-30
1096 3083 21 1.851310524411278e-36
1097 3083 19 2.760249760048408e-32
1098 3083 18 3.1070343286641054e-30
1099 3083 22 1.404310248296361e-38
1100 3083 19 2.760249760048408e-32
1101 3083 16 3.29968443444401e-26
1101 4492 7 9.79423062468392e-10
1102 3083 20 2.3207772306986513e-34
1103 3083 16 3.29968443444401e-26
1104 3083 15 3.092965163254775e-24
1105 3083 11 1.1509104356151448e-16
1106 3083 14 2.708022153738889e-22
1107 3083 19 2.760249760048408e-32
1108 3083 16 3.29968443444401e-26
1109 3083 16 3.29968443444401e-26
1110 3083 24 7.003705834483667e-43
1111 3083 14 2.708022153738889e-22
1112 3083 15 3.092965163254775e-24
1113 3083 13 2.204875125528226e-20
1114 3083 20 2.3207772306986513e-34
1115 3083 14 2.708022153738889e-22
1116 3083 10 7.284674066145362e-15
1117 3083 16 3.29968443444401e-26
1118 3083 15 3.092965163254775e-24
1119 3083 16 3.29968443444401e-26
1120 3083 14 2.708022153738889e-22
1121 3083 7 9.79423062468392e-10
1122 3083 20 2.3207772306986513e-34
1123 3083 17 3.300892832044432e-28
1124 3083 10 7.284674066145362e-15
1125 3083 14 2.708022153738889e-22
1126 3083 7 9.79423062468392e-10
1127 3083 10 7.284674066145362e-15
1128 3083 8 2.1488091282544965e-11
1130 3083 9 4.1773578219293146e-13
1131 3083 10 7.284674066145362e-15
1132 3083 8 2.1488091282544965e-11
1133 3083 15 3.092965163254775e-24
1134 3083 7 9.79423062468392e-10
1135 3083 8 2.1488091282544965e-11
1136 3083 16 3.29968443444401e-26
1137 3083 9 4.1773578219293146e-13
1138 3083 12 1.6609861320548138e-18
1139 3083 7 9.79423062468392e-10
1140 3083 7 9.79423062468392e-10
1140 4671 7 9.79423062468392e-10
1143 3083 10 7.284674066145362e-15
1144 3083 7 9.79423062468392e-10
1145 3083 11 1.1509104356151448e-16
1146 1653 7 9.79423062468392e-10
1146 3083 12 1.6609861320548138e-18
1147 3083 9 4.1773578219293146e-13
1148 3083 11 1.1509104356151448e-16
1151 3083 10 7.284674066145362e-15
1151 4848 7 9.79423062468392e-10
1152 3083 10 7.284674066145362e-15
1157 1721 11 1.1509104356151448e-16
1161 4605 13 2.204875125528226e-20
1165 3083 7 9.79423062468392e-10
1166 3083 7 9.79423062468392e-10
1167 3083 9 4.1773578219293146e-13
1168 3083 8 2.1488091282544965e-11
1170 3083 7 9.79423062468392e-10
1185 3083 8 2.1488091282544965e-11
1186 3083 7 9.79423062468392e-10
1196 3083 7 9.79423062468392e-10
1198 3083 7 9.79423062468392e-10
1221 4852 8 2.1488091282544965e-11
1221 4854 8 2.1488091282544965e-11
1291 3469 8 2.1488091282544965e-11
1308 2698 7 9.79423062468392e-10
1313 3429 8 2.1488091282544965e-11
1313 4384 11 1.1509104356151448e-16
1317 3196 14 2.708022153738889e-22
1330 2034 7 9.79423062468392e-10
1330 4954 7 9.79423062468392e-10
1335 2197 10 7.284674066145362e-15
1342 3922 9 4.1773578219293146e-13
1343 4299 8 2.1488091282544965e-11
1353 1476 26 2.9206980063744646e-47
1367 4308 11 1.1509104356151448e-16
1368 4308 8 2.1488091282544965e-11
1373 4538 12 1.6609861320548138e-18
1374 3313 7 9.79423062468392e-10
1377 1631 8 2.1488091282544965e-11
1380 1629 8 2.1488091282544965e-11
1382 1628 15 3.092965163254775e-24
1386 3313 7 9.79423062468392e-10
1386 4686 14 2.708022153738889e-22
1387 3313 10 7.284674066145362e-15
1387 3314 7 9.79423062468392e-10
1388 3313 7 9.79423062468392e-10
1389 4009 15 3.092965163254775e-24
1389 4723 28 1.0309639376361036e-51
1397 3083 8 2.1488091282544965e-11
1397 3570 7 9.79423062468392e-10
1398 2454 22 1.404310248296361e-38
1398 3083 19 2.760249760048408e-32
1399 3083 8 2.1488091282544965e-11
1400 3083 10 7.284674066145362e-15
1401 2432 7 9.79423062468392e-10
1401 3083 18 3.1070343286641054e-30
1402 3083 13 2.204875125528226e-20
1403 3083 9 4.1773578219293146e-13
1404 3083 8 2.1488091282544965e-11
1405 3083 7 9.79423062468392e-10
1407 3083 11 1.1509104356151448e-16
1408 3083 7 9.79423062468392e-10
1409 3083 17 3.300892832044432e-28
1410 3083 17 3.300892832044432e-28
1411 3083 9 4.1773578219293146e-13
1412 3083 8 2.1488091282544965e-11
1415 3083 9 4.1773578219293146e-13
1416 3083 11 1.1509104356151448e-16
1417 3083 14 2.708022153738889e-22
1418 3083 10 7.284674066145362e-15
1419 3083 10 7.284674066145362e-15
1420 3083 9 4.1773578219293146e-13
1422 3083 10 7.284674066145362e-15
1423 3083 10 7.284674066145362e-15
1424 3083 8 2.1488091282544965e-11
1427 2434 7 9.79423062468392e-10
1427 3083 10 7.284674066145362e-15
1429 4879 10 7.284674066145362e-15
1431 3083 7 9.79423062468392e-10
1432 3083 9 4.1773578219293146e-13
1433 3083 8 2.1488091282544965e-11
1433 4044 8 2.1488091282544965e-11
1434 3083 9 4.1773578219293146e-13
1435 3083 12 1.6609861320548138e-18
1436 3083 13 2.204875125528226e-20
1437 3083 13 2.204875125528226e-20
1438 3083 11 1.1509104356151448e-16
1439 2006 7 9.79423062468392e-10
1439 3250 7 9.79423062468392e-10
1440 3083 7 9.79423062468392e-10
1441 3083 7 9.79423062468392e-10
1445 3083 9 4.1773578219293146e-13
1450 3083 11 1.1509104356151448e-16
1452 3083 10 7.284674066145362e-15
1453 3083 8 2.1488091282544965e-11
1455 3083 7 9.79423062468392e-10
1456 3083 12 1.6609861320548138e-18
1457 3083 79 8.452973295273465e-182
1458 3083 10 7.284674066145362e-15
1459 3083 8 2.1488091282544965e-11
1461 3083 7 9.79423062468392e-10
1462 3083 7 9.79423062468392e-10
1465 2007 9 4.1773578219293146e-13
1467 2983 8 2.1488091282544965e-11
1468 3083 8 2.1488091282544965e-11
1472 3083 7 9.79423062468392e-10
1474 5118 7 9.79423062468392e-10
1478 2439 9 4.1773578219293146e-13
1485 3083 7 9.79423062468392e-10
1493 1861 7 9.79423062468392e-10
1502 4723 12 1.6609861320548138e-18
1503 3083 9 4.1773578219293146e-13
1530 3034 10 7.284674066145362e-15
1541 3048 36 3.654507777621109e-70
1542 3048 8 2.1488091282544965e-11
1550 4270 7 9.79423062468392e-10
1552 1815 7 9.79423062468392e-10
1553 4872 7 9.79423062468392e-10
1554 2457 8 2.1488091282544965e-11
1567 3527 11 1.1509104356151448e-16
1571 4279 7 9.79423062468392e-10
1572 2731 17 3.300892832044432e-28
1572 2732 18 3.1070343286641054e-30
1577 4274 9 4.1773578219293146e-13
1621 3222 7 9.79423062468392e-10
1622 2140 10 7.284674066145362e-15
1624 3083 7 9.79423062468392e-10
1632 2172 7 9.79423062468392e-10
1635 4922 7 9.79423062468392e-10
1636 3309 7 9.79423062468392e-10
1646 4184 7 9.79423062468392e-10
1652 3875 27 1.7705784720759403e-49
1652 4509 7 9.79423062468392e-10
1652 4510 24 7.003705834483667e-43
1663 1705 10 7.284674066145362e-15
1666 2782 7 9.79423062468392e-10
1683 5093 10 7.284674066145362e-15
1684 2650 8 2.1488091282544965e-11
1685 2838 20 2.3207772306986513e-34
1685 3294 11 1.1509104356151448e-16
1685 4541 47 6.082207365884652e-97
1690 2448 14 2.708022153738889e-22
1703 2309 7 9.79423062468392e-10
1703 3083 32 8.112384606990183e-61
1703 3294 7 9.79423062468392e-10
1703 4541 105 0.0
1703 4658 7 9.79423062468392e-10
1704 3083 43 4.90608165116281e-87
1704 4270 9 4.1773578219293146e-13
1705 3083 36 3.654507777621109e-70
1706 3083 32 8.112384606990183e-61
1707 3083 28 1.0309639376361036e-51
1708 3083 25 4.6213548580102084e-45
1709 3083 22 1.404310248296361e-38
1710 3083 24 7.003705834483667e-43
1711 3083 11 1.1509104356151448e-16
1711 4578 9 4.1773578219293146e-13
1712 3083 17 3.300892832044432e-28
1713 3083 29 5.773222950133597e-54
1714 3083 20 2.3207772306986513e-34
1714 4301 12 1.6609861320548138e-18
1715 3083 10 7.284674066145362e-15
1716 3083 11 1.1509104356151448e-16
1717 3083 11 1.1509104356151448e-16
1718 3083 17 3.300892832044432e-28
1719 3083 11 1.1509104356151448e-16
1720 2414 8 2.1488091282544965e-11
1720 3083 17 3.300892832044432e-28
1721 3083 24 7.003705834483667e-43
1722 3083 17 3.300892832044432e-28
1723 3083 17 3.300892832044432e-28
1724 3083 15 3.092965163254775e-24
1725 3083 18 3.1070343286641054e-30
1726 3083 27 1.7705784720759403e-49
1727 3083 13 2.204875125528226e-20
1728 3083 23 1.0150202894662023e-40
1729 3083 18 3.1070343286641054e-30
1730 3083 15 3.092965163254775e-24
1731 3083 20 2.3207772306986513e-34
1732 2373 10 7.284674066145362e-15
1732 3083 17 3.300892832044432e-28
1733 3083 12 1.6609861320548138e-18
1734 3083 18 3.1070343286641054e-30
1735 3083 12 1.6609861320548138e-18
1736 3083 19 2.760249760048408e-32
1737 3083 16 3.29968443444401e-26
1738 3083 10 7.284674066145362e-15
1739 3083 13 2.204875125528226e-20
1740 3083 23 1.0150202894662023e-40
1741 3083 21 1.851310524411278e-36
1742 3083 14 2.708022153738889e-22
1743 3083 17 3.300892832044432e-28
1744 3083 8 2.1488091282544965e-11
1745 3083 18 3.1070343286641054e-30
1746 3083 8 2.1488091282544965e-11
1747 3083 12 1.6609861320548138e-18
1748 3083 9 4.1773578219293146e-13
1749 2364 8 2.1488091282544965e-11
1749 3083 10 7.284674066145362e-15
1750 2364 15 3.092965163254775e-24
1750 3083 24 7.003705834483667e-43
1751 3083 16 3.29968443444401e-26
1752 3083 8 2.1488091282544965e-11
1753 3083 15 3.092965163254775e-24
1754 3083 8 2.1488091282544965e-11
1755 3083 11 1.1509104356151448e-16
1755 3088 7 9.79423062468392e-10
1756 3083 12 1.6609861320548138e-18
1757 3083 11 1.1509104356151448e-16
1758 3083 11 1.1509104356151448e-16
1759 3083 12 1.6609861320548138e-18
1760 3083 14 2.708022153738889e-22
1761 3083 7 9.79423062468392e-10
1762 3083 7 9.79423062468392e-10
1763 3083 8 2.1488091282544965e-11
1764 3083 11 1.1509104356151448e-16
1765 3083 7 9.79423062468392e-10
1766 3083 9 4.1773578219293146e-13
1767 3083 10 7.284674066145362e-15
1770 3083 7 9.79423062468392e-10
1771 3376 38 6.401129028612104e-75
1771 3377 8 2.1488091282544965e-11
1771 3444 7 9.79423062468392e-10
1772 3083 11 1.1509104356151448e-16
1773 3083 7 9.79423062468392e-10
1774 3083 7 9.79423062468392e-10
1775 3083 9 4.1773578219293146e-13
1777 3083 7 9.79423062468392e-10
1780 3083 9 4.1773578219293146e-13
1786 3083 7 9.79423062468392e-10
1787 3083 7 9.79423062468392e-10
1793 3083 7 9.79423062468392e-10
1798 3083 7 9.79423062468392e-10
1799 3083 7 9.79423062468392e-10
1803 3083 7 9.79423062468392e-10
1804 3083 7 9.79423062468392e-10
1804 4950 7 9.79423062468392e-10
1805 3083 8 2.1488091282544965e-11
1805 4950 7 9.79423062468392e-10
1810 3661 11 1.1509104356151448e-16
1830 3170 25 4.6213548580102084e-45
1831 4833 12 1.6609861320548138e-18
1832 4833 16 3.29968443444401e-26
1837 4889 32 8.112384606990183e-61
1841 2832 7 9.79423062468392e-10
1845 2316 7 9.79423062468392e-10
1845 4079 12 1.6609861320548138e-18
1849 4361 17 3.300892832044432e-28
1851 2641 9 4.1773578219293146e-13
1858 2812 12 1.6609861320548138e-18
1880 2206 14 2.708022153738889e-22
1880 4892 11 1.1509104356151448e-16
1899 3083 7 9.79423062468392e-10
1903 5162 7 9.79423062468392e-10
1907 3462 7 9.79423062468392e-10
1914 4372 11 1.1509104356151448e-16
1919 2387 7 9.79423062468392e-10
1921 3290 7 9.79423062468392e-10
1926 3705 7 9.79423062468392e-10
1927 5136 12 1.6609861320548138e-18
1946 2743 7 9.79423062468392e-10
1963 2379 13 2.204875125528226e-20
1966 4817 9 4.1773578219293146e-13
1978 3881 13 2.204875125528226e-20
1991 2990 24 7.003705834483667e-43
2003 3083 55 2.8379652350051925e-117
2003 4255 16 3.29968443444401e-26
2004 3083 26 2.9206980063744646e-47
2005 3083 30 3.112783993593564e-56
2005 4255 9 4.1773578219293146e-13
2006 3083 28 1.0309639376361036e-51
2006 4255 9 4.1773578219293146e-13
2007 3083 34 1.8394749049444326e-65
2007 4255 8 2.1488091282544965e-11
2008 3083 8 2.1488091282544965e-11
2009 3083 26 2.9206980063744646e-47
2010 3083 28 1.0309639376361036e-51
2011 2814 15 3.092965163254775e-24
2011 3083 17 3.300892832044432e-28
2011 5289 7 9.79423062468392e-10
2018 3083 13 2.204875125528226e-20
2019 3083 12 1.6609861320548138e-18
2019 4255 7 9.79423062468392e-10
2021 3083 11 1.1509104356151448e-16
2022 3083 24 7.003705834483667e-43
2023 3083 16 3.29968443444401e-26
2024 3083 28 1.0309639376361036e-51
2025 3083 15 3.092965163254775e-24
2026 3083 15 3.092965163254775e-24
2027 3083 17 3.300892832044432e-28
2030 3083 30 3.112783993593564e-56
2031 3083 15 3.092965163254775e-24
2031 3876 7 9.79423062468392e-10
2032 3083 21 1.851310524411278e-36
2033 3083 7 9.79423062468392e-10
2034 3083 14 2.708022153738889e-22
2035 3083 17 3.300892832044432e-28
2036 3083 13 2.204875125528226e-20
2037 3083 25 4.6213548580102084e-45
2037 4255 7 9.79423062468392e-10
2038 3083 18 3.1070343286641054e-30
2045 3083 10 7.284674066145362e-15
2046 2392 10 7.284674066145362e-15
2046 3083 11 1.1509104356151448e-16
2047 3083 18 3.1070343286641054e-30
2048 3083 15 3.092965163254775e-24
2049 3083 13 2.204875125528226e-20
2050 3083 16 3.29968443444401e-26
2051 3083 9 4.1773578219293146e-13
2052 3083 9 4.1773578219293146e-13
2053 3083 14 2.708022153738889e-22
2054 3083 15 3.092965163254775e-24
2054 4255 8 2.1488091282544965e-11
2055 2628 11 1.1509104356151448e-16
2055 3083 18 3.1070343286641054e-30
2056 3083 11 1.1509104356151448e-16
2057 3083 11 1.1509104356151448e-16
2058 3083 23 1.0150202894662023e-40
2058 4255 7 9.79423062468392e-10
2059 3083 7 9.79423062468392e-10
2060 3083 12 1.6609861320548138e-18
2061 3480 9 4.1773578219293146e-13
2066 4776 7 9.79423062468392e-10
2067 3083 15 3.092965163254775e-24
2068 3083 10 7.284674066145362e-15
2072 3083 12 1.6609861320548138e-18
2073 3083 12 1.6609861320548138e-18
2074 3083 8 2.1488091282544965e-11
2090 3083 8 2.1488091282544965e-11
2091 3083 11 1.1509104356151448e-16
2092 4988 7 9.79423062468392e-10
2094 3083 8 2.1488091282544965e-11
2098 3083 10 7.284674066145362e-15
2101 3083 10 7.284674066145362e-15
2105 3083 8 2.1488091282544965e-11
2112 3083 8 2.1488091282544965e-11
2163 4021 8 2.1488091282544965e-11
2171 4215 8 2.1488091282544965e-11
2175 3083 10 7.284674066145362e-15
2184 3952 7 9.79423062468392e-10
2184 4073 7 9.79423062468392e-10
2189 2323 11 1.1509104356151448e-16
2189 4649 16 3.29968443444401e-26
2190 4649 7 9.79423062468392e-10
2201 2426 9 4.1773578219293146e-13
2204 4402 22 1.404310248296361e-38
2215 2662 20 2.3207772306986513e-34
2218 3361 7 9.79423062468392e-10
2220 3561 25 4.6213548580102084e-45
2220 4083 7 9.79423062468392e-10
2221 3105 8 2.1488091282544965e-11
2239 2922 15 3.092965163254775e-24
2255 2969 7 9.79423062468392e-10
2255 2970 7 9.79423062468392e-10
2264 3680 11 1.1509104356151448e-16
2265 2449 7 9.79423062468392e-10
2268 4925 25 4.6213548580102084e-45
2269 3279 8 2.1488091282544965e-11
2271 4297 11 1.1509104356151448e-16
2309 3083 55 2.8379652350051925e-117
2309 4255 13 2.204875125528226e-20
2310 3083 47 6.082207365884652e-97
2310 4255 14 2.708022153738889e-22
2310 4541 88 3.495209609043712e-207
2311 2652 15 3.092965163254775e-24
2311 3083 44 1.7031533843450252e-89
2311 4255 9 4.1773578219293146e-13
2312 3083 44 1.7031533843450252e-89
2312 3571 10 7.284674066145362e-15
2312 4255 8 2.1488091282544965e-11
2313 3083 25 4.6213548580102084e-45
2314 3083 34 1.8394749049444326e-65
2314 3843 7 9.79423062468392e-10
2315 3083 33 3.928972924871837e-63
2316 3083 25 4.6213548580102084e-45
2317 3016 8 2.1488091282544965e-11
2317 3083 29 5.773222950133597e-54
2318 3083 27 1.7705784720759403e-49
2319 3083 25 4.6213548580102084e-45
2320 3083 35 8.33223328547327e-68
2321 3083 30 3.112783993593564e-56
2321 4255 7 9.79423062468392e-10
2322 3083 31 1.617747777905835e-58
2323 3083 30 3.112783993593564e-56
2323 3620 8 2.1488091282544965e-11
2324 3083 21 1.851310524411278e-36
2325 3083 19 2.760249760048408e-32
2326 3083 29 5.773222950133597e-54
2327 3083 19 2.760249760048408e-32
2328 3083 22 1.404310248296361e-38
2329 3083 20 2.3207772306986513e-34
2330 3083 25 4.6213548580102084e-45
2331 3083 25 4.6213548580102084e-45
2331 4255 7 9.79423062468392e-10
2332 3083 23 1.0150202894662023e-40
2333 3083 25 4.6213548580102084e-45
2334 3083 12 1.6609861320548138e-18
2335 3083 17 3.300892832044432e-28
2336 3083 14 2.708022153738889e-22
2337 3083 19 2.760249760048408e-32
2338 3083 22 1.404310248296361e-38
2339 3083 17 3.300892832044432e-28
2340 3083 23 1.0150202894662023e-40
2341 3083 16 3.29968443444401e-26
2342 3083 8 2.1488091282544965e-11
2349 3083 15 3.092965163254775e-24
2350 3083 19 2.760249760048408e-32
2351 3083 15 3.092965163254775e-24
2352 3083 15 3.092965163254775e-24
2353 3083 20 2.3207772306986513e-34
2354 3083 20 2.3207772306986513e-34
2355 3083 23 1.0150202894662023e-40
2356 3083 14 2.708022153738889e-22
2357 3083 18 3.1070343286641054e-30
2358 3083 14 2.708022153738889e-22
2359 3083 20 2.3207772306986513e-34
2360 3083 13 2.204875125528226e-20
2361 2720 8 2.1488091282544965e-11
2361 2892 9 4.1773578219293146e-13
2361 3083 8 2.1488091282544965e-11
2362 3083 12 1.6609861320548138e-18
2363 3083 15 3.092965163254775e-24
2364 3083 12 1.6609861320548138e-18
2365 3069 7 9.79423062468392e-10
2365 3083 8 2.1488091282544965e-11
2366 3083 11 1.1509104356151448e-16
2367 3083 9 4.1773578219293146e-13
2369 3083 15 3.092965163254775e-24
2370 3083 8 2.1488091282544965e-11
2372 3083 20 2.3207772306986513e-34
2373 3083 12 1.6609861320548138e-18
2374 3083 17 3.300892832044432e-28
2375 3083 8 2.1488091282544965e-11
2376 3083 9 4.1773578219293146e-13
2378 3083 11 1.1509104356151448e-16
2379 3083 7 9.79423062468392e-10
2380 3083 7 9.79423062468392e-10
2381 3083 8 2.1488091282544965e-11
2382 3083 7 9.79423062468392e-10
2383 3083 9 4.1773578219293146e-13
2384 3083 9 4.1773578219293146e-13
2386 3083 9 4.1773578219293146e-13
2387 3083 8 2.1488091282544965e-11
2388 3083 7 9.79423062468392e-10
2393 3083 10 7.284674066145362e-15
2394 3083 10 7.284674066145362e-15
2395 3083 8 2.1488091282544965e-11
2396 3083 8 2.1488091282544965e-11
2397 3083 8 2.1488091282544965e-11
2398 3083 11 1.1509104356151448e-16
2399 3083 15 3.092965163254775e-24
2400 3083 9 4.1773578219293146e-13
2401 3572 9 4.1773578219293146e-13
2402 3083 8 2.1488091282544965e-11
2405 3083 9 4.1773578219293146e-13
2406 3083 7 9.79423062468392e-10
2409 3083 7 9.79423062468392e-10
2409 4674 7 9.79423062468392e-10
2423 3083 8 2.1488091282544965e-11
2431 3083 9 4.1773578219293146e-13
2434 4501 11 1.1509104356151448e-16
2437 4972 7 9.79423062468392e-10
2441 2844 8 2.1488091282544965e-11
2453 3083 8 2.1488091282544965e-11
2458 3908 9 4.1773578219293146e-13
2459 4740 7 9.79423062468392e-10
2478 2677 12 1.6609861320548138e-18
2494 3215 8 2.1488091282544965e-11
2495 3215 10 7.284674066145362e-15
2510 3426 8 2.1488091282544965e-11
2511 3426 30 3.112783993593564e-56
2519 2782 7 9.79423062468392e-10
2519 3391 8 2.1488091282544965e-11
2520 2677 10 7.284674066145362e-15
2520 2929 7 9.79423062468392e-10
2520 2930 18 3.1070343286641054e-30
2520 2931 89 4.8600170095985014e-210
2522 3083 7 9.79423062468392e-10
2555 3330 9 4.1773578219293146e-13
2555 3331 22 1.404310248296361e-38
2565 4651 13 2.204875125528226e-20
2566 4651 20 2.3207772306986513e-34
2573 3083 27 1.7705784720759403e-49
2574 3083 24 7.003705834483667e-43
2575 3083 24 7.003705834483667e-43
2576 3083 30 3.112783993593564e-56
2577 3083 22 1.404310248296361e-38
2578 2930 10 7.284674066145362e-15
2578 3083 24 7.003705834483667e-43
2578 3497 8 2.1488091282544965e-11
2578 3499 8 2.1488091282544965e-11
2579 3083 22 1.404310248296361e-38
2580 3083 13 2.204875125528226e-20
2581 3083 28 1.0309639376361036e-51
2582 3083 25 4.6213548580102084e-45
2583 3083 14 2.708022153738889e-22
2584 3083 26 2.9206980063744646e-47
2585 3083 18 3.1070343286641054e-30
2586 3083 14 2.708022153738889e-22
2587 3083 14 2.708022153738889e-22
2588 3083 12 1.6609861320548138e-18
2589 3083 25 4.6213548580102084e-45
2590 3083 16 3.29968443444401e-26
2591 3083 19 2.760249760048408e-32
2592 3083 25 4.6213548580102084e-45
2593 3083 19 2.760249760048408e-32
2594 3083 20 2.3207772306986513e-34
2595 3083 15 3.092965163254775e-24
2596 3083 18 3.1070343286641054e-30
2597 3083 12 1.6609861320548138e-18
2598 3083 10 7.284674066145362e-15
2599 3083 14 2.708022153738889e-22
2600 3083 13 2.204875125528226e-20
2601 3083 13 2.204875125528226e-20
2602 3083 14 2.708022153738889e-22
2603 3083 24 7.003705834483667e-43
2604 3083 13 2.204875125528226e-20
2604 4248 7 9.79423062468392e-10
2605 3083 10 7.284674066145362e-15
2605 5120 9 4.1773578219293146e-13
2607 3083 13 2.204875125528226e-20
2608 3083 16 3.29968443444401e-26
2609 3083 11 1.1509104356151448e-16
2609 4848 7 9.79423062468392e-10
2610 3083 10 7.284674066145362e-15
2611 3083 15 3.092965163254775e-24
2612 3083 18 3.1070343286641054e-30
2613 3083 18 3.1070343286641054e-30
2614 3083 9 4.1773578219293146e-13
2616 3083 8 2.1488091282544965e-11
2617 3083 7 9.79423062468392e-10
2620 3083 11 1.1509104356151448e-16
2621 3083 7 9.79423062468392e-10
2622 3083 10 7.284674066145362e-15
2623 3083 9 4.1773578219293146e-13
2625 3083 11 1.1509104356151448e-16
2626 3083 8 2.1488091282544965e-11
2627 3083 10 7.284674066145362e-15
2628 3083 14 2.708022153738889e-22
2629 3083 12 1.6609861320548138e-18
2630 3083 10 7.284674066145362e-15
2631 3083 7 9.79423062468392e-10
2632 3083 13 2.204875125528226e-20
2633 3083 8 2.1488091282544965e-11
2634 3083 7 9.79423062468392e-10
2635 3083 7 9.79423062468392e-10
2636 3083 8 2.1488091282544965e-11
2637 3083 17 3.300892832044432e-28
2640 3083 11 1.1509104356151448e-16
2641 3083 12 1.6609861320548138e-18
2642 3083 10 7.284674066145362e-15
2645 3159 8 2.1488091282544965e-11
2646 3083 9 4.1773578219293146e-13
2648 3083 7 9.79423062468392e-10
2650 3083 11 1.1509104356151448e-16
2653 3083 11 1.1509104356151448e-16
2655 3083 7 9.79423062468392e-10
2656 3083 8 2.1488091282544965e-11
2658 3083 10 7.284674066145362e-15
2660 3083 9 4.1773578219293146e-13
2661 3083 9 4.1773578219293146e-13
2663 3083 7 9.79423062468392e-10
2667 3083 7 9.79423062468392e-10
2668 3083 8 2.1488091282544965e-11
2677 3083 7 9.79423062468392e-10
2678 3083 9 4.1773578219293146e-13
2679 3083 7 9.79423062468392e-10
2680 3083 8 2.1488091282544965e-11
2681 3083 7 9.79423062468392e-10
2696 5222 9 4.1773578219293146e-13
2697 3083 8 2.1488091282544965e-11
2701 3083 7 9.79423062468392e-10
2702 4631 18 3.1070343286641054e-30
2711 3083 8 2.1488091282544965e-11
2713 5151 9 4.1773578219293146e-13
2724 3120 10 7.284674066145362e-15
2732 3642 15 3.092965163254775e-24
2743 4390 12 1.6609861320548138e-18
2780 4356 11 1.1509104356151448e-16
2795 3074 7 9.79423062468392e-10
2803 4363 13 2.204875125528226e-20
2803 4364 30 3.112783993593564e-56
2814 5290 8 2.1488091282544965e-11
2822 3083 12 1.6609861320548138e-18
2823 3083 16 3.29968443444401e-26
2824 3083 15 3.092965163254775e-24
2825 3083 17 3.300892832044432e-28
2826 3083 17 3.300892832044432e-28
2827 3083 17 3.300892832044432e-28
2828 3083 18 3.1070343286641054e-30
2829 3083 22 1.404310248296361e-38
2830 3083 22 1.404310248296361e-38
2831 3083 14 2.708022153738889e-22
2832 3083 14 2.708022153738889e-22
2833 3083 15 3.092965163254775e-24
2834 3083 16 3.29968443444401e-26
2835 3083 11 1.1509104356151448e-16
2836 3083 10 7.284674066145362e-15
2837 3083 12 1.6609861320548138e-18
2838 3083 16 3.29968443444401e-26
2839 3083 14 2.708022153738889e-22
2840 3083 17 3.300892832044432e-28
2841 3083 20 2.3207772306986513e-34
2842 3083 14 2.708022153738889e-22
2842 3513 7 9.79423062468392e-10
2843 3083 13 2.204875125528226e-20
2844 3083 18 3.1070343286641054e-30
2845 3083 8 2.1488091282544965e-11
2846 3083 13 2.204875125528226e-20
2847 3083 12 1.6609861320548138e-18
2848 3083 9 4.1773578219293146e-13
2848 3111 9 4.1773578219293146e-13
2849 3083 13 2.204875125528226e-20
2850 3083 14 2.708022153738889e-22
2851 3083 15 3.092965163254775e-24
2851 4907 10 7.284674066145362e-15
2852 3083 15 3.092965163254775e-24
2853 3083 11 1.1509104356151448e-16
2854 3083 13 2.204875125528226e-20
2855 3083 11 1.1509104356151448e-16
2856 3083 11 1.1509104356151448e-16
2857 3083 10 7.284674066145362e-15
2859 3083 12 1.6609861320548138e-18
2860 3083 8 2.1488091282544965e-11
2861 3083 13 2.204875125528226e-20
2862 3083 11 1.1509104356151448e-16
2863 3083 12 1.6609861320548138e-18
2864 3083 14 2.708022153738889e-22
2865 3083 8 2.1488091282544965e-11
2866 3083 13 2.204875125528226e-20
2867 3083 12 1.6609861320548138e-18
2868 3083 13 2.204875125528226e-20
2869 3083 10 7.284674066145362e-15
2872 3083 11 1.1509104356151448e-16
2874 3083 7 9.79423062468392e-10
2876 3083 9 4.1773578219293146e-13
2876 4809 12 1.6609861320548138e-18
2877 3083 10 7.284674066145362e-15
2878 3083 8 2.1488091282544965e-11
2879 3083 10 7.284674066145362e-15
2884 3083 8 2.1488091282544965e-11
2886 3083 8 2.1488091282544965e-11
2892 3083 9 4.1773578219293146e-13
2896 3083 7 9.79423062468392e-10
2897 3083 8 2.1488091282544965e-11
2898 3083 7 9.79423062468392e-10
2900 3083 8 2.1488091282544965e-11
2903 3083 7 9.79423062468392e-10
2905 3083 9 4.1773578219293146e-13
2919 3083 7 9.79423062468392e-10
2922 3083 7 9.79423062468392e-10
2938 5163 7 9.79423062468392e-10
2940 3510 7 9.79423062468392e-10
2948 3575 24 7.003705834483667e-43
2980 3083 7 9.79423062468392e-10
2992 4079 10 7.284674066145362e-15
3003 4340 9 4.1773578219293146e-13
3030 4608 9 4.1773578219293146e-13
3045 4096 7 9.79423062468392e-10
3071 3545 7 9.79423062468392e-10
3072 4157 7 9.79423062468392e-10
3083 3327 9 4.1773578219293146e-13
3083 3328 7 9.79423062468392e-10
3083 3329 8 2.1488091282544965e-11
3083 3330 12 1.6609861320548138e-18
3083 3331 12 1.6609861320548138e-18
3083 3333 9 4.1773578219293146e-13
3083 3334 15 3.092965163254775e-24
3083 3335 9 4.1773578219293146e-13
3083 3336 11 1.1509104356151448e-16
3083 3337 15 3.092965163254775e-24
3083 3339 10 7.284674066145362e-15
3083 3340 8 2.1488091282544965e-11
3083 3341 12 1.6609861320548138e-18
3083 3342 7 9.79423062468392e-10
3083 3343 7 9.79423062468392e-10
3083 3344 13 2.204875125528226e-20
3083 3345 9 4.1773578219293146e-13
3083 3346 9 4.1773578219293146e-13
3083 3347 10 7.284674066145362e-15
3083 3349 9 4.1773578219293146e-13
3083 3353 8 2.1488091282544965e-11
3083 3354 8 2.1488091282544965e-11
3083 3355 7 9.79423062468392e-10
3083 3383 8 2.1488091282544965e-11
3083 3384 7 9.79423062468392e-10
3083 3385 7 9.79423062468392e-10
3083 3393 9 4.1773578219293146e-13
3083 3397 7 9.79423062468392e-10
3083 3570 17 3.300892832044432e-28
3083 3571 31 1.617747777905835e-58
3083 3572 25 4.6213548580102084e-45
3083 3573 18 3.1070343286641054e-30
3083 3574 22 1.404310248296361e-38
3083 3575 27 1.7705784720759403e-49
3083 3576 18 3.1070343286641054e-30
3083 3577 16 3.29968443444401e-26
3083 3578 18 3.1070343286641054e-30
3083 3579 23 1.0150202894662023e-40
3083 3580 18 3.1070343286641054e-30
3083 3581 24 7.003705834483667e-43
3083 3582 21 1.851310524411278e-36
3083 3583 20 2.3207772306986513e-34
3083 3584 18 3.1070343286641054e-30
3083 3585 15 3.092965163254775e-24
3083 3586 14 2.708022153738889e-22
3083 3587 27 1.7705784720759403e-49
3083 3588 27 1.7705784720759403e-49
3083 3589 12 1.6609861320548138e-18
3083 3591 13 2.204875125528226e-20
3083 3592 17 3.300892832044432e-28
3083 3593 13 2.204875125528226e-20
3083 3594 11 1.1509104356151448e-16
3083 3595 14 2.708022153738889e-22
3083 3596 13 2.204875125528226e-20
3083 3597 17 3.300892832044432e-28
3083 3598 16 3.29968443444401e-26
3083 3599 14 2.708022153738889e-22
3083 3600 17 3.300892832044432e-28
3083 3601 13 2.204875125528226e-20
3083 3602 8 2.1488091282544965e-11
3083 3603 11 1.1509104356151448e-16
3083 3604 14 2.708022153738889e-22
3083 3605 14 2.708022153738889e-22
3083 3606 10 7.284674066145362e-15
3083 3607 14 2.708022153738889e-22
3083 3608 11 1.1509104356151448e-16
3083 3610 13 2.204875125528226e-20
3083 3611 16 3.29968443444401e-26
3083 3612 12 1.6609861320548138e-18
3083 3613 18 3.1070343286641054e-30
3083 3614 7 9.79423062468392e-10
3083 3615 7 9.79423062468392e-10
3083 3616 10 7.284674066145362e-15
3083 3621 7 9.79423062468392e-10
3083 3622 10 7.284674066145362e-15
3083 3623 9 4.1773578219293146e-13
3083 3624 7 9.79423062468392e-10
3083 3625 8 2.1488091282544965e-11
3083 3626 11 1.1509104356151448e-16
3083 3630 7 9.79423062468392e-10
3083 3631 7 9.79423062468392e-10
3083 3636 7 9.79423062468392e-10
3083 3637 7 9.79423062468392e-10
3083 3639 7 9.79423062468392e-10
3083 3640 11 1.1509104356151448e-16
3083 3641 7 9.79423062468392e-10
3083 3642 7 9.79423062468392e-10
3083 3649 9 4.1773578219293146e-13
3083 3650 9 4.1773578219293146e-13
3083 3651 7 9.79423062468392e-10
3083 3657 10 7.284674066145362e-15
3083 3659 9 4.1773578219293146e-13
3083 3660 11 1.1509104356151448e-16
3083 3661 7 9.79423062468392e-10
3083 3663 8 2.1488091282544965e-11
3083 3680 30 3.112783993593564e-56
3083 3690 7 9.79423062468392e-10
3083 3691 7 9.79423062468392e-10
3083 3822 10 7.284674066145362e-15
3083 3823 16 3.29968443444401e-26
3083 3824 14 2.708022153738889e-22
3083 3825 22 1.404310248296361e-38
3083 3826 17 3.300892832044432e-28
3083 3827 13 2.204875125528226e-20
3083 3828 12 1.6609861320548138e-18
3083 3829 18 3.1070343286641054e-30
3083 3830 16 3.29968443444401e-26
3083 3831 11 1.1509104356151448e-16
3083 3832 19 2.760249760048408e-32
3083 3833 12 1.6609861320548138e-18
3083 3834 14 2.708022153738889e-22
3083 3835 8 2.1488091282544965e-11
3083 3836 29 5.773222950133597e-54
3083 3837 12 1.6609861320548138e-18
3083 3838 11 1.1509104356151448e-16
3083 3839 22 1.404310248296361e-38
3083 3840 22 1.404310248296361e-38
3083 3841 19 2.760249760048408e-32
3083 3842 16 3.29968443444401e-26
3083 3843 28 1.0309639376361036e-51
3083 3844 26 2.9206980063744646e-47
3083 3845 25 4.6213548580102084e-45
3083 3846 7 9.79423062468392e-10
3083 3847 10 7.284674066145362e-15
3083 3848 14 2.708022153738889e-22
3083 3849 12 1.6609861320548138e-18
3083 3850 15 3.092965163254775e-24
3083 3851 13 2.204875125528226e-20
3083 3854 7 9.79423062468392e-10
3083 3855 7 9.79423062468392e-10
3083 3858 8 2.1488091282544965e-11
3083 3860 12 1.6609861320548138e-18
3083 3861 12 1.6609861320548138e-18
3083 3862 12 1.6609861320548138e-18
3083 3864 9 4.1773578219293146e-13
3083 3865 14 2.708022153738889e-22
3083 3866 8 2.1488091282544965e-11
3083 3867 11 1.1509104356151448e-16
3083 3868 8 2.1488091282544965e-11
3083 3871 8 2.1488091282544965e-11
3083 3872 8 2.1488091282544965e-11
3083 3873 7 9.79423062468392e-10
3083 3874 9 4.1773578219293146e-13
3083 3875 7 9.79423062468392e-10
3083 3876 7 9.79423062468392e-10
3083 3877 8 2.1488091282544965e-11
3083 3878 7 9.79423062468392e-10
3083 3879 8 2.1488091282544965e-11
3083 3884 7 9.79423062468392e-10
3083 3898 9 4.1773578219293146e-13
3083 3903 7 9.79423062468392e-10
3083 3908 7 9.79423062468392e-10
3083 3952 7 9.79423062468392e-10
3083 4009 7 9.79423062468392e-10
3083 4062 33 3.928972924871837e-63
3083 4063 18 3.1070343286641054e-30
3083 4064 17 3.300892832044432e-28
3083 4065 17 3.300892832044432e-28
3083 4066 24 7.003705834483667e-43
3083 4067 14 2.708022153738889e-22
3083 4068 24 7.003705834483667e-43
3083 4069 25 4.6213548580102084e-45
3083 4070 22 1.404310248296361e-38
3083 4071 17 3.300892832044432e-28
3083 4072 27 1.7705784720759403e-49
3083 4073 24 7.003705834483667e-43
3083 4074 22 1.404310248296361e-38
3083 4075 15 3.092965163254775e-24
3083 4076 24 7.003705834483667e-43
3083 4077 20 2.3207772306986513e-34
3083 4078 15 3.092965163254775e-24
3083 4079 20 2.3207772306986513e-34
3083 4080 22 1.404310248296361e-38
3083 4081 20 2.3207772306986513e-34
3083 4082 20 2.3207772306986513e-34
3083 4083 13 2.204875125528226e-20
3083 4084 17 3.300892832044432e-28
3083 4085 19 2.760249760048408e-32
3083 4086 16 3.29968443444401e-26
3083 4087 12 1.6609861320548138e-18
3083 4088 22 1.404310248296361e-38
3083 4089 19 2.760249760048408e-32
3083 4090 14 2.708022153738889e-22
3083 4091 16 3.29968443444401e-26
3083 4092 15 3.092965163254775e-24
3083 4093 18 3.1070343286641054e-30
3083 4094 20 2.3207772306986513e-34
3083 4095 13 2.204875125528226e-20
3083 4096 14 2.708022153738889e-22
3083 4097 17 3.300892832044432e-28
3083 4098 10 7.284674066145362e-15
3083 4099 14 2.708022153738889e-22
3083 4100 16 3.29968443444401e-26
3083 4101 15 3.092965163254775e-24
3083 4102 11 1.1509104356151448e-16
3083 4103 15 3.092965163254775e-24
3083 4104 15 3.092965163254775e-24
3083 4105 9 4.1773578219293146e-13
3083 4106 8 2.1488091282544965e-11
3083 4107 9 4.1773578219293146e-13
3083 4109 10 7.284674066145362e-15
3083 4110 10 7.284674066145362e-15
3083 4111 8 2.1488091282544965e-11
3083 4112 16 3.29968443444401e-26
3083 4113 9 4.1773578219293146e-13
3083 4115 9 4.1773578219293146e-13
3083 4116 10 7.284674066145362e-15
3083 4117 17 3.300892832044432e-28
3083 4118 7 9.79423062468392e-10
3083 4120 10 7.284674066145362e-15
3083 4121 10 7.284674066145362e-15
3083 4122 11 1.1509104356151448e-16
3083 4123 8 2.1488091282544965e-11
3083 4124 11 1.1509104356151448e-16
3083 4125 8 2.1488091282544965e-11
3083 4126 7 9.79423062468392e-10
3083 4127 11 1.1509104356151448e-16
3083 4128 13 2.204875125528226e-20
3083 4129 14 2.708022153738889e-22
3083 4130 8 2.1488091282544965e-11
3083 4131 13 2.204875125528226e-20
3083 4132 11 1.1509104356151448e-16
3083 4133 11 1.1509104356151448e-16
3083 4134 8 2.1488091282544965e-11
3083 4138 9 4.1773578219293146e-13
3083 4139 10 7.284674066145362e-15
3083 4142 8 2.1488091282544965e-11
3083 4156 7 9.79423062468392e-10
3083 4174 7 9.79423062468392e-10
3083 4255 254 0.0
3083 4270 20 2.3207772306986513e-34
3083 4271 17 3.300892832044432e-28
3083 4272 26 2.9206980063744646e-47
3083 4273 21 1.851310524411278e-36
3083 4274 21 1.851310524411278e-36
3083 4275 14 2.708022153738889e-22
3083 4276 18 3.1070343286641054e-30
3083 4277 20 2.3207772306986513e-34
3083 4278 12 1.6609861320548138e-18
3083 4279 20 2.3207772306986513e-34
3083 4280 19 2.760249760048408e-32
3083 4281 16 3.29968443444401e-26
3083 4282 14 2.708022153738889e-22
3083 4283 9 4.1773578219293146e-13
3083 4284 13 2.204875125528226e-20
3083 4285 11 1.1509104356151448e-16
3083 4286 13 2.204875125528226e-20
3083 4288 14 2.708022153738889e-22
3083 4289 17 3.300892832044432e-28
3083 4290 14 2.708022153738889e-22
3083 4291 13 2.204875125528226e-20
3083 4292 15 3.092965163254775e-24
3083 4293 14 2.708022153738889e-22
3083 4294 12 1.6609861320548138e-18
3083 4295 10 7.284674066145362e-15
3083 4296 18 3.1070343286641054e-30
3083 4297 9 4.1773578219293146e-13
3083 4298 10 7.284674066145362e-15
3083 4299 13 2.204875125528226e-20
3083 4300 10 7.284674066145362e-15
3083 4301 7 9.79423062468392e-10
3083 4302 10 7.284674066145362e-15
3083 4303 11 1.1509104356151448e-16
3083 4305 10 7.284674066145362e-15
3083 4306 10 7.284674066145362e-15
3083 4307 12 1.6609861320548138e-18
3083 4309 9 4.1773578219293146e-13
3083 4310 7 9.79423062468392e-10
3083 4312 8 2.1488091282544965e-11
3083 4314 7 9.79423062468392e-10
3083 4317 9 4.1773578219293146e-13
3083 4320 8 2.1488091282544965e-11
3083 4321 11 1.1509104356151448e-16
3083 4322 8 2.1488091282544965e-11
3083 4325 10 7.284674066145362e-15
3083 4326 7 9.79423062468392e-10
3083 4328 8 2.1488091282544965e-11
3083 4329 10 7.284674066145362e-15
3083 4331 7 9.79423062468392e-10
3083 4333 8 2.1488091282544965e-11
3083 4334 7 9.79423062468392e-10
3083 4335 7 9.79423062468392e-10
3083 4336 7 9.79423062468392e-10
3083 4337 8 2.1488091282544965e-11
3083 4343 7 9.79423062468392e-10
3083 4467 48 1.90285431955873e-99
3083 4468 31 1.617747777905835e-58
3083 4469 28 1.0309639376361036e-51
3083 4470 29 5.773222950133597e-54
3083 4471 22 1.404310248296361e-38
3083 4472 12 1.6609861320548138e-18
3083 4473 17 3.300892832044432e-28
3083 4475 8 2.1488091282544965e-11
3083 4476 9 4.1773578219293146e-13
3083 4478 13 2.204875125528226e-20
3083 4479 23 1.0150202894662023e-40
3083 4480 15 3.092965163254775e-24
3083 4481 20 2.3207772306986513e-34
3083 4482 17 3.300892832044432e-28
3083 4483 20 2.3207772306986513e-34
3083 4484 14 2.708022153738889e-22
3083 4485 23 1.0150202894662023e-40
3083 4486 16 3.29968443444401e-26
3083 4487 11 1.1509104356151448e-16
3083 4488 7 9.79423062468392e-10
3083 4489 11 1.1509104356151448e-16
3083 4490 15 3.092965163254775e-24
3083 4491 18 3.1070343286641054e-30
3083 4492 14 2.708022153738889e-22
3083 4493 14 2.708022153738889e-22
3083 4494 11 1.1509104356151448e-16
3083 4495 11 1.1509104356151448e-16
3083 4496 14 2.708022153738889e-22
3083 4497 17 3.300892832044432e-28
3083 4498 11 1.1509104356151448e-16
3083 4499 11 1.1509104356151448e-16
3083 4500 12 1.6609861320548138e-18
3083 4501 13 2.204875125528226e-20
3083 4502 10 7.284674066145362e-15
3083 4504 13 2.204875125528226e-20
3083 4505 8 2.1488091282544965e-11
3083 4506 8 2.1488091282544965e-11
3083 4508 8 2.1488091282544965e-11
3083 4509 13 2.204875125528226e-20
3083 4510 10 7.284674066145362e-15
3083 4511 8 2.1488091282544965e-11
3083 4512 9 4.1773578219293146e-13
3083 4513 7 9.79423062468392e-10
3083 4514 7 9.79423062468392e-10
3083 4516 15 3.092965163254775e-24
3083 4518 9 4.1773578219293146e-13
3083 4521 11 1.1509104356151448e-16
3083 4522 8 2.1488091282544965e-11
3083 4523 7 9.79423062468392e-10
3083 4524 7 9.79423062468392e-10
3083 4525 13 2.204875125528226e-20
3083 4526 7 9.79423062468392e-10
3083 4532 7 9.79423062468392e-10
3083 4537 9 4.1773578219293146e-13
3083 4547 7 9.79423062468392e-10
3083 4658 44 1.7031533843450252e-89
3083 4659 8 2.1488091282544965e-11
3083 4660 8 2.1488091282544965e-11
3083 4661 12 1.6609861320548138e-18
3083 4662 7 9.79423062468392e-10
3083 4666 8 2.1488091282544965e-11
3083 4681 8 2.1488091282544965e-11
3083 4686 7 9.79423062468392e-10
3083 4689 7 9.79423062468392e-10
3083 4791 8 2.1488091282544965e-11
3083 4840 9 4.1773578219293146e-13
3083 4841 12 1.6609861320548138e-18
3083 4842 7 9.79423062468392e-10
3083 4843 9 4.1773578219293146e-13
3083 4846 11 1.1509104356151448e-16
3083 4849 8 2.1488091282544965e-11
3083 4855 7 9.79423062468392e-10
3083 4856 8 2.1488091282544965e-11
3083 4858 8 2.1488091282544965e-11
3083 4859 10 7.284674066145362e-15
3083 4860 10 7.284674066145362e-15
3083 4861 15 3.092965163254775e-24
3083 4864 8 2.1488091282544965e-11
3083 4871 7 9.79423062468392e-10
3083 4872 9 4.1773578219293146e-13
3083 4873 10 7.284674066145362e-15
3083 4876 8 2.1488091282544965e-11
3083 4879 9 4.1773578219293146e-13
3083 4883 7 9.79423062468392e-10
3083 4890 7 9.79423062468392e-10
3083 4904 7 9.79423062468392e-10
3083 4905 7 9.79423062468392e-10
3083 4916 7 9.79423062468392e-10
3083 4917 9 4.1773578219293146e-13
3083 4921 7 9.79423062468392e-10
3083 4955 7 9.79423062468392e-10
3083 4967 8 2.1488091282544965e-11
3083 4968 9 4.1773578219293146e-13
3083 4969 12 1.6609861320548138e-18
3083 4970 11 1.1509104356151448e-16
3083 4971 7 9.79423062468392e-10
3083 4974 11 1.1509104356151448e-16
3083 4975 10 7.284674066145362e-15
3083 4976 11 1.1509104356151448e-16
3083 4977 9 4.1773578219293146e-13
3083 4978 15 3.092965163254775e-24
3083 4979 11 1.1509104356151448e-16
3083 4980 13 2.204875125528226e-20
3083 4981 8 2.1488091282544965e-11
3083 4982 9 4.1773578219293146e-13
3083 4983 9 4.1773578219293146e-13
3083 4984 8 2.1488091282544965e-11
3083 4987 8 2.1488091282544965e-11
3083 4989 8 2.1488091282544965e-11
3083 4990 10 7.284674066145362e-15
3083 4993 9 4.1773578219293146e-13
3083 4998 9 4.1773578219293146e-13
3083 4999 7 9.79423062468392e-10
3083 5002 8 2.1488091282544965e-11
3086 4328 8 2.1488091282544965e-11
3110 3615 10 7.284674066145362e-15
3120 5283 7 9.79423062468392e-10
3136 4330 15 3.092965163254775e-24
3136 4331 10 7.284674066145362e-15
3142 4883 9 4.1773578219293146e-13
3142 4884 25 4.6213548580102084e-45
3153 4397 15 3.092965163254775e-24
3155 3459 7 9.79423062468392e-10
3161 3707 7 9.79423062468392e-10
3202 3704 10 7.284674066145362e-15
3202 4219 9 4.1773578219293146e-13
3232 4107 15 3.092965163254775e-24
3232 4108 13 2.204875125528226e-20
3232 4175 10 7.284674066145362e-15
3243 3619 10 7.284674066145362e-15
3244 3674 21 1.851310524411278e-36
3244 4127 13 2.204875125528226e-20
3264 5089 12 1.6609861320548138e-18
3266 3494 7 9.79423062468392e-10
3267 3546 7 9.79423062468392e-10
3267 4641 7 9.79423062468392e-10
3269 3588 8 2.1488091282544965e-11
3272 4328 7 9.79423062468392e-10
3285 3463 11 1.1509104356151448e-16
3294 4541 66 3.0805855607017646e-146
3306 4904 16 3.29968443444401e-26
3318 4926 7 9.79423062468392e-10
3320 4955 12 1.6609861320548138e-18
3320 4956 32 8.112384606990183e-61
3327 4467 7 9.79423062468392e-10
3337 4562 13 2.204875125528226e-20
3337 4563 8 2.1488091282544965e-11
3378 3716 21 1.851310524411278e-36
3396 4349 8 2.1488091282544965e-11
3400 5125 7 9.79423062468392e-10
3401 5125 23 1.0150202894662023e-40
3416 5172 11 1.1509104356151448e-16
3417 4303 11 1.1509104356151448e-16
3417 4746 8 2.1488091282544965e-11
3434 3773 7 9.79423062468392e-10
3456 5257 10 7.284674066145362e-15
3464 3804 8 2.1488091282544965e-11
3542 3775 21 1.851310524411278e-36
3546 5250 11 1.1509104356151448e-16
3556 4088 7 9.79423062468392e-10
3559 4170 8 2.1488091282544965e-11
3598 3879 8 2.1488091282544965e-11
3644 4669 16 3.29968443444401e-26
3646 4609 9 4.1773578219293146e-13
3680 4255 254 0.0
3698 4990 12 1.6609861320548138e-18
3716 4672 11 1.1509104356151448e-16
3762 4381 18 3.1070343286641054e-30
3798 4151 7 9.79423062468392e-10
3845 4270 7 9.79423062468392e-10
3906 4970 10 7.284674066145362e-15
3932 5102 8 2.1488091282544965e-11
3938 4326 11 1.1509104356151448e-16
3944 4933 8 2.1488091282544965e-11
3952 4260 9 4.1773578219293146e-13
3957 5097 7 9.79423062468392e-10
4032 4942 9 4.1773578219293146e-13
4064 4830 9 4.1773578219293146e-13
4093 4615 8 2.1488091282544965e-11
4125 5137 7 9.79423062468392e-10
4129 4512 11 1.1509104356151448e-16
4166 4725 9 4.1773578219293146e-13
4219 4623 10 7.284674066145362e-15
4219 4922 7 9.79423062468392e-10
4248 4741 8 2.1488091282544965e-11
4255 4273 10 7.284674066145362e-15
4255 4274 14 2.708022153738889e-22
4255 4275 9 4.1773578219293146e-13
4255 4276 7 9.79423062468392e-10
4255 4279 7 9.79423062468392e-10
4255 4280 7 9.79423062468392e-10
4255 4283 9 4.1773578219293146e-13
4255 4284 8 2.1488091282544965e-11
4255 4287 8 2.1488091282544965e-11
4255 4289 7 9.79423062468392e-10
4255 4290 8 2.1488091282544965e-11
4255 4291 7 9.79423062468392e-10
4255 4293 9 4.1773578219293146e-13
4255 4295 8 2.1488091282544965e-11
4255 4296 8 2.1488091282544965e-11
4255 4297 7 9.79423062468392e-10
4255 4298 9 4.1773578219293146e-13
4255 4299 10 7.284674066145362e-15
4255 4303 8 2.1488091282544965e-11
4255 4307 8 2.1488091282544965e-11
4255 4309 7 9.79423062468392e-10
4255 4467 7 9.79423062468392e-10
4255 4658 10 7.284674066145362e-15
4270 4658 14 2.708022153738889e-22
4270 4840 13 2.204875125528226e-20
4270 4862 11 1.1509104356151448e-16
4294 4707 11 1.1509104356151448e-16
4298 4551 11 1.1509104356151448e-16
4309 4554 9 4.1773578219293146e-13
4349 4622 7 9.79423062468392e-10
4378 5000 9 4.1773578219293146e-13
4379 4470 9 4.1773578219293146e-13
4484 4952 10 7.284674066145362e-15
4510 4845 7 9.79423062468392e-10
4529 4902 10 7.284674066145362e-15
4541 4799 12 1.6609861320548138e-18
4552 5255 8 2.1488091282544965e-11
4642 4691 8 2.1488091282544965e-11
4910 5210 10 7.284674066145362e-15
4926 4975 8 2.1488091282544965e-11
