0 1 0 199999
1 1 200000 699999
2 1 700000 1199999
3 1 1200000 1699999
4 1 1700000 2199999
5 1 2200000 2699999
172 1 85700000 86199999
173 1 86200000 86699999
174 1 86700000 87199999
395 2 0 199999
396 2 200000 699999
397 2 700000 1199999
398 2 1200000 1699999
399 2 1700000 2199999
400 2 2200000 2699999
746 2 175200000 175699999
747 2 175700000 176199999
760 3 0 199999
761 3 200000 699999
762 3 700000 1199999
763 3 1200000 1699999
764 3 1700000 2199999
765 3 2200000 2699999
1080 4 0 199999
1081 4 200000 699999
1082 4 700000 1199999
1083 4 1200000 1699999
1084 4 1700000 2199999
1085 4 2200000 2699999
1165 4 42200000 42699999
1392 5 0 199999
1393 5 200000 699999
1394 5 700000 1199999
1395 5 1200000 1699999
1396 5 1700000 2199999
1397 5 2200000 2699999
1444 5 25700000 26199999
1581 5 94200000 94699999
1698 6 0 199999
1699 6 200000 699999
1700 6 700000 1199999
1701 6 1200000 1699999
1702 6 1700000 2199999
1703 6 2200000 2699999
1998 7 0 199999
1999 7 200000 699999
2000 7 700000 1199999
2001 7 1200000 1699999
2002 7 1700000 2199999
2003 7 2200000 2699999
2014 7 7700000 8199999
2015 7 8200000 8699999
2043 7 22200000 22699999
2044 7 22700000 23199999
2078 7 39700000 40199999
2079 7 40200000 40699999
2080 7 40700000 41199999
2081 7 41200000 41699999
2082 7 41700000 42199999
2083 7 42200000 42699999
2084 7 42700000 43199999
2085 7 43200000 43699999
2086 7 43700000 44199999
2087 7 44200000 44699999
2088 7 44700000 45199999
2089 7 45200000 45699999
2090 7 45700000 46199999
2304 8 0 199999
2305 8 200000 699999
2306 8 700000 1199999
2307 8 1200000 1699999
2308 8 1700000 2199999
2309 8 2200000 2699999
2345 8 20200000 20699999
2346 8 20700000 21199999
2347 8 21200000 21699999
2418 8 56700000 57199999
2419 8 57200000 57699999
2569 9 0 199999
2570 9 200000 699999
2571 9 700000 1199999
2572 9 1200000 1699999
2573 9 1700000 2199999
2574 9 2200000 2699999
2818 10 0 199999
2819 10 200000 699999
2820 10 700000 1199999
2821 10 1200000 1699999
2822 10 1700000 2199999
2823 10 2200000 2699999
3079 11 0 199999
3080 11 200000 699999
3081 11 700000 1199999
3082 11 1200000 1699999
3083 11 1700000 2199999
3084 11 2200000 2699999
3324 12 0 199999
3325 12 200000 699999
3326 12 700000 1199999
3327 12 1200000 1699999
3328 12 1700000 2199999
3329 12 2200000 2699999
3568 13 0 199999
3569 13 200000 699999
3570 13 700000 1199999
3571 13 1200000 1699999
3572 13 1700000 2199999
3573 13 2200000 2699999
3753 13 92200000 92699999
3810 14 0 199999
3811 14 200000 699999
3812 14 700000 1199999
3813 14 1200000 1699999
3814 14 1700000 2199999
3815 14 2200000 2699999
3821 14 5200000 5699999
4061 15 0 199999
4062 15 200000 699999
4063 15 700000 1199999
4064 15 1200000 1699999
4065 15 1700000 2199999
4066 15 2200000 2699999
4269 16 0 199999
4270 16 200000 699999
4271 16 700000 1199999
4272 16 1200000 1699999
4273 16 1700000 2199999
4274 16 2200000 2699999
4468 17 200000 699999
4469 17 700000 1199999
4470 17 1200000 1699999
4471 17 1700000 2199999
4472 17 2200000 2699999
4659 18 0 199999
4660 18 200000 699999
4661 18 700000 1199999
4662 18 1200000 1699999
4663 18 1700000 2199999
4664 18 2200000 2699999
4842 19 0 199999
4843 19 200000 699999
4844 19 700000 1199999
4845 19 1200000 1699999
4846 19 1700000 2199999
4847 19 2200000 2699999
4966 X 0 199999
4967 X 200000 699999
4968 X 700000 1199999
4969 X 1200000 1699999
4970 X 1700000 2199999
4971 X 2200000 2699999
5026 X 29700000 30199999
5306 Y 2700000 3199999
5307 Y 3200000 3699999
5308 Y 3700000 4199999
5309 Y 4200000 4699999
5310 Y 4700000 5199999
5311 Y 5200000 5699999
5312 Y 5700000 6199999
5313 Y 6200000 6699999
5314 Y 6700000 7199999
5315 Y 7200000 7699999
5316 Y 7700000 8199999
5317 Y 8200000 8699999
5318 Y 8700000 9199999
5319 Y 9200000 9699999
5320 Y 9700000 10199999
5321 Y 10200000 10699999
5322 Y 10700000 11199999
5323 Y 11200000 11699999
5324 Y 11700000 12199999
5325 Y 12200000 12699999
5326 Y 12700000 13199999
5327 Y 13200000 13699999
5328 Y 13700000 14199999
5329 Y 14200000 14699999
5330 Y 14700000 15199999
5331 Y 15200000 15699999
5332 Y 15700000 15902554
