bin1 bin2 count p_value
6 3083 19 2.6950765846887853e-32
7 3083 31 1.5556846789993458e-58
8 3083 32 7.791269651414231e-61
9 3083 31 1.5556846789993458e-58
10 3083 41 3.5607106520045664e-82
10 5002 10 7.194309034616784e-15
11 3083 29 5.565846083339369e-54
12 3083 33 3.7686662092308453e-63
13 3083 32 7.791269651414231e-61
14 3083 29 5.565846083339369e-54
15 3083 22 1.3659442985038772e-38
16 3083 12 1.6362290064938565e-18
17 3083 23 9.860380542054367e-41
18 3083 20 2.263107953140563e-34
19 3083 29 5.565846083339369e-54
20 3083 36 3.4920809535124325e-70
21 3083 26 2.82652355377091e-47
22 3083 23 9.860380542054367e-41
23 3083 20 2.263107953140563e-34
24 3083 18 3.0375236658252096e-30
25 3083 27 1.7113156123482795e-49
26 3083 21 1.8030183628553946e-36
27 455 7 9.709553548787674e-10
27 3083 20 2.263107953140563e-34
28 3083 16 3.234057290674192e-26
29 3083 17 3.2311409394409777e-28
30 3083 17 3.2311409394409777e-28
31 3083 22 1.3659442985038772e-38
32 3083 30 2.997166023993764e-56
33 3083 21 1.8030183628553946e-36
34 3083 15 3.0352964318154732e-24
35 2951 12 1.6362290064938565e-18
35 3083 17 3.2311409394409777e-28
36 3083 16 3.234057290674192e-26
37 3083 17 3.2311409394409777e-28
38 3083 15 3.0352964318154732e-24
39 3083 13 2.169259376477878e-20
40 3083 13 2.169259376477878e-20
41 3083 14 2.660902904155298e-22
42 3083 15 3.0352964318154732e-24
43 3083 12 1.6362290064938565e-18
44 2376 7 9.709553548787674e-10
44 3083 16 3.234057290674192e-26
45 3083 15 3.0352964318154732e-24
46 3083 17 3.2311409394409777e-28
47 3083 13 2.169259376477878e-20
48 3083 16 3.234057290674192e-26
49 3083 17 3.2311409394409777e-28
50 3083 16 3.234057290674192e-26
51 3083 15 3.0352964318154732e-24
52 3083 12 1.6362290064938565e-18
53 3083 7 9.709553548787674e-10
54 3083 9 4.1307685973144986e-13
55 3083 18 3.0375236658252096e-30
56 3083 17 3.2311409394409777e-28
57 3083 11 1.1351940611705118e-16
58 3083 19 2.6950765846887853e-32
59 3083 13 2.169259376477878e-20
60 3083 12 1.6362290064938565e-18
61 3083 9 4.1307685973144986e-13
62 3083 11 1.1351940611705118e-16
63 3083 16 3.234057290674192e-26
64 3083 10 7.194309034616784e-15
65 3083 8 2.127536630655899e-11
66 3083 12 1.6362290064938565e-18
67 3083 9 4.1307685973144986e-13
68 3083 16 3.234057290674192e-26
69 3083 16 3.234057290674192e-26
70 3083 14 2.660902904155298e-22
71 3083 10 7.194309034616784e-15
72 3083 22 1.3659442985038772e-38
73 3083 9 4.1307685973144986e-13
74 3083 13 2.169259376477878e-20
75 3083 15 3.0352964318154732e-24
76 3083 11 1.1351940611705118e-16
77 3083 11 1.1351940611705118e-16
78 3083 13 2.169259376477878e-20
79 3083 10 7.194309034616784e-15
80 3083 10 7.194309034616784e-15
81 3083 13 2.169259376477878e-20
82 3083 9 4.1307685973144986e-13
83 3083 9 4.1307685973144986e-13
85 3083 7 9.709553548787674e-10
87 3083 11 1.1351940611705118e-16
88 3083 8 2.127536630655899e-11
94 3083 9 4.1307685973144986e-13
95 3083 7 9.709553548787674e-10
98 3083 7 9.709553548787674e-10
102 3083 7 9.709553548787674e-10
103 3083 10 7.194309034616784e-15
105 3083 8 2.127536630655899e-11
106 3083 10 7.194309034616784e-15
106 4361 7 9.709553548787674e-10
107 3083 8 2.127536630655899e-11
108 1906 9 4.1307685973144986e-13
108 3083 8 2.127536630655899e-11
110 3083 14 2.660902904155298e-22
111 3083 8 2.127536630655899e-11
111 4920 20 2.263107953140563e-34
117 931 10 7.194309034616784e-15
118 3083 10 7.194309034616784e-15
119 3083 9 4.1307685973144986e-13
121 1208 7 9.709553548787674e-10
130 2546 7 9.709553548787674e-10
130 3834 10 7.194309034616784e-15
133 2704 20 2.263107953140563e-34
135 4653 7 9.709553548787674e-10
149 3879 8 2.127536630655899e-11
160 4663 17 3.2311409394409777e-28
168 585 16 3.234057290674192e-26
169 4874 8 2.127536630655899e-11
179 871 10 7.194309034616784e-15
180 401 20 2.263107953140563e-34
180 402 10 7.194309034616784e-15
180 403 9 4.1307685973144986e-13
180 405 9 4.1307685973144986e-13
180 408 8 2.127536630655899e-11
180 409 12 1.6362290064938565e-18
180 410 8 2.127536630655899e-11
180 411 7 9.709553548787674e-10
180 412 12 1.6362290064938565e-18
180 413 14 2.660902904155298e-22
180 414 15 3.0352964318154732e-24
180 415 8 2.127536630655899e-11
180 417 11 1.1351940611705118e-16
180 419 10 7.194309034616784e-15
180 420 7 9.709553548787674e-10
180 422 13 2.169259376477878e-20
180 423 9 4.1307685973144986e-13
180 424 10 7.194309034616784e-15
180 425 10 7.194309034616784e-15
180 428 11 1.1351940611705118e-16
180 429 12 1.6362290064938565e-18
180 430 7 9.709553548787674e-10
180 432 7 9.709553548787674e-10
180 438 10 7.194309034616784e-15
180 441 7 9.709553548787674e-10
180 468 7 9.709553548787674e-10
180 1086 14 2.660902904155298e-22
180 1087 11 1.1351940611705118e-16
180 1088 7 9.709553548787674e-10
180 1092 9 4.1307685973144986e-13
180 1094 7 9.709553548787674e-10
180 1095 7 9.709553548787674e-10
180 1097 10 7.194309034616784e-15
180 1113 8 2.127536630655899e-11
180 1115 8 2.127536630655899e-11
180 1116 7 9.709553548787674e-10
180 1117 7 9.709553548787674e-10
180 1118 8 2.127536630655899e-11
180 1128 7 9.709553548787674e-10
180 3083 64 6.317313707867841e-141
196 4860 7 9.709553548787674e-10
198 2753 9 4.1307685973144986e-13
207 1493 8 2.127536630655899e-11
210 704 9 4.1307685973144986e-13
222 1929 35 7.972011431738481e-68
223 1929 8 2.127536630655899e-11
225 2435 13 2.169259376477878e-20
234 4292 10 7.194309034616784e-15
251 1110 13 2.169259376477878e-20
256 1747 16 3.234057290674192e-26
260 1214 11 1.1351940611705118e-16
270 3069 8 2.127536630655899e-11
271 3069 13 2.169259376477878e-20
273 2397 20 2.263107953140563e-34
274 2397 11 1.1351940611705118e-16
277 3562 9 4.1307685973144986e-13
278 3562 7 9.709553548787674e-10
287 2829 12 1.6362290064938565e-18
295 912 10 7.194309034616784e-15
304 3912 11 1.1351940611705118e-16
309 2611 17 3.2311409394409777e-28
311 4518 7 9.709553548787674e-10
318 3218 15 3.0352964318154732e-24
319 1973 14 2.660902904155298e-22
323 3870 8 2.127536630655899e-11
323 5045 8 2.127536630655899e-11
326 1420 7 9.709553548787674e-10
326 3069 8 2.127536630655899e-11
328 3139 11 1.1351940611705118e-16
337 1126 9 4.1307685973144986e-13
344 4114 15 3.0352964318154732e-24
346 3291 7 9.709553548787674e-10
347 3069 16 3.234057290674192e-26
348 4340 10 7.194309034616784e-15
359 2377 14 2.660902904155298e-22
365 3548 7 9.709553548787674e-10
366 1064 15 3.0352964318154732e-24
366 4883 11 1.1351940611705118e-16
374 2349 7 9.709553548787674e-10
401 3083 30 2.997166023993764e-56
402 3083 31 1.5556846789993458e-58
402 4614 10 7.194309034616784e-15
403 3083 17 3.2311409394409777e-28
404 3083 22 1.3659442985038772e-38
405 3083 17 3.2311409394409777e-28
406 3083 15 3.0352964318154732e-24
407 2495 8 2.127536630655899e-11
407 2496 11 1.1351940611705118e-16
407 3083 16 3.234057290674192e-26
408 3083 23 9.860380542054367e-41
409 3083 24 6.795100158377477e-43
410 3083 25 4.478022627387002e-45
411 3083 20 2.263107953140563e-34
412 3083 18 3.0375236658252096e-30
413 3083 23 9.860380542054367e-41
414 3083 14 2.660902904155298e-22
415 3083 25 4.478022627387002e-45
416 3083 24 6.795100158377477e-43
417 3083 29 5.565846083339369e-54
418 3083 27 1.7113156123482795e-49
419 3083 24 6.795100158377477e-43
420 3083 24 6.795100158377477e-43
421 3083 21 1.8030183628553946e-36
422 3083 21 1.8030183628553946e-36
423 2608 9 4.1307685973144986e-13
423 3083 23 9.860380542054367e-41
424 3083 24 6.795100158377477e-43
424 3755 8 2.127536630655899e-11
425 3083 20 2.263107953140563e-34
426 3083 7 9.709553548787674e-10
427 3083 25 4.478022627387002e-45
428 3083 14 2.660902904155298e-22
429 3083 14 2.660902904155298e-22
430 3083 17 3.2311409394409777e-28
431 3083 16 3.234057290674192e-26
432 3083 13 2.169259376477878e-20
433 3083 19 2.6950765846887853e-32
434 3083 16 3.234057290674192e-26
435 3083 10 7.194309034616784e-15
436 3083 9 4.1307685973144986e-13
437 3083 18 3.0375236658252096e-30
438 3083 9 4.1307685973144986e-13
439 3083 11 1.1351940611705118e-16
440 3083 14 2.660902904155298e-22
441 3083 18 3.0375236658252096e-30
442 3083 15 3.0352964318154732e-24
443 3083 13 2.169259376477878e-20
444 3083 13 2.169259376477878e-20
445 3083 15 3.0352964318154732e-24
446 3083 13 2.169259376477878e-20
447 3083 8 2.127536630655899e-11
448 3083 8 2.127536630655899e-11
449 3083 9 4.1307685973144986e-13
450 3083 8 2.127536630655899e-11
452 3083 8 2.127536630655899e-11
453 2025 7 9.709553548787674e-10
453 3083 8 2.127536630655899e-11
454 3083 7 9.709553548787674e-10
455 4850 8 2.127536630655899e-11
456 3083 9 4.1307685973144986e-13
457 3083 7 9.709553548787674e-10
458 3083 10 7.194309034616784e-15
459 1942 10 7.194309034616784e-15
461 3083 7 9.709553548787674e-10
462 3083 7 9.709553548787674e-10
463 3083 10 7.194309034616784e-15
464 3083 8 2.127536630655899e-11
465 3083 7 9.709553548787674e-10
466 3083 15 3.0352964318154732e-24
467 3083 16 3.234057290674192e-26
468 3083 9 4.1307685973144986e-13
476 3083 8 2.127536630655899e-11
479 3083 7 9.709553548787674e-10
480 1113 10 7.194309034616784e-15
481 3083 7 9.709553548787674e-10
483 1887 15 3.0352964318154732e-24
486 3083 7 9.709553548787674e-10
487 4019 16 3.234057290674192e-26
493 2860 7 9.709553548787674e-10
499 3741 8 2.127536630655899e-11
507 2717 7 9.709553548787674e-10
508 2717 24 6.795100158377477e-43
509 2717 10 7.194309034616784e-15
510 2717 9 4.1307685973144986e-13
510 3083 7 9.709553548787674e-10
512 3083 7 9.709553548787674e-10
521 1121 19 2.6950765846887853e-32
534 1666 24 6.795100158377477e-43
534 1667 8 2.127536630655899e-11
534 3379 9 4.1307685973144986e-13
538 3083 7 9.709553548787674e-10
542 1291 19 2.6950765846887853e-32
562 2159 11 1.1351940611705118e-16
564 2128 12 1.6362290064938565e-18
594 2963 14 2.660902904155298e-22
597 1052 12 1.6362290064938565e-18
620 2142 10 7.194309034616784e-15
622 920 13 2.169259376477878e-20
624 5168 7 9.709553548787674e-10
629 2271 8 2.127536630655899e-11
632 4848 15 3.0352964318154732e-24
637 3769 9 4.1307685973144986e-13
639 2326 21 1.8030183628553946e-36
639 3309 8 2.127536630655899e-11
651 1269 22 1.3659442985038772e-38
657 4001 11 1.1351940611705118e-16
667 1478 15 3.0352964318154732e-24
674 4013 19 2.6950765846887853e-32
676 2177 8 2.127536630655899e-11
683 957 8 2.127536630655899e-11
687 4639 10 7.194309034616784e-15
700 4260 8 2.127536630655899e-11
703 3910 14 2.660902904155298e-22
705 2561 20 2.263107953140563e-34
710 2992 19 2.6950765846887853e-32
716 4985 8 2.127536630655899e-11
720 1203 13 2.169259376477878e-20
723 1662 7 9.709553548787674e-10
730 1820 9 4.1307685973144986e-13
755 3829 10 7.194309034616784e-15
758 4543 15 3.0352964318154732e-24
765 3083 10 7.194309034616784e-15
766 3083 18 3.0375236658252096e-30
767 3083 22 1.3659442985038772e-38
768 3083 14 2.660902904155298e-22
769 3083 9 4.1307685973144986e-13
770 3083 22 1.3659442985038772e-38
771 3083 21 1.8030183628553946e-36
772 3083 13 2.169259376477878e-20
773 3083 18 3.0375236658252096e-30
774 1244 7 9.709553548787674e-10
774 3083 13 2.169259376477878e-20
775 3083 21 1.8030183628553946e-36
776 3083 13 2.169259376477878e-20
777 3083 14 2.660902904155298e-22
778 3083 18 3.0375236658252096e-30
779 3083 19 2.6950765846887853e-32
780 3083 8 2.127536630655899e-11
781 3083 10 7.194309034616784e-15
782 3083 16 3.234057290674192e-26
783 3083 14 2.660902904155298e-22
784 3083 13 2.169259376477878e-20
785 3083 12 1.6362290064938565e-18
786 3083 17 3.2311409394409777e-28
787 2958 7 9.709553548787674e-10
787 3083 16 3.234057290674192e-26
788 3083 13 2.169259376477878e-20
789 3083 16 3.234057290674192e-26
791 3083 9 4.1307685973144986e-13
792 3083 7 9.709553548787674e-10
793 3083 8 2.127536630655899e-11
794 3083 15 3.0352964318154732e-24
796 3083 11 1.1351940611705118e-16
797 1389 17 3.2311409394409777e-28
797 3083 8 2.127536630655899e-11
798 3083 12 1.6362290064938565e-18
799 3083 12 1.6362290064938565e-18
800 3083 10 7.194309034616784e-15
801 3083 8 2.127536630655899e-11
802 3083 8 2.127536630655899e-11
804 3083 7 9.709553548787674e-10
805 3083 9 4.1307685973144986e-13
806 3083 8 2.127536630655899e-11
807 3083 7 9.709553548787674e-10
807 5099 17 3.2311409394409777e-28
808 3083 8 2.127536630655899e-11
809 3083 8 2.127536630655899e-11
811 3083 9 4.1307685973144986e-13
812 3083 8 2.127536630655899e-11
813 3083 8 2.127536630655899e-11
814 3083 10 7.194309034616784e-15
815 3083 11 1.1351940611705118e-16
818 3083 7 9.709553548787674e-10
821 3083 7 9.709553548787674e-10
823 1419 8 2.127536630655899e-11
823 3083 7 9.709553548787674e-10
824 3083 10 7.194309034616784e-15
825 3083 8 2.127536630655899e-11
826 3695 9 4.1307685973144986e-13
831 3083 8 2.127536630655899e-11
831 3830 17 3.2311409394409777e-28
833 3083 8 2.127536630655899e-11
833 3772 12 1.6362290064938565e-18
837 2372 7 9.709553548787674e-10
839 4648 9 4.1307685973144986e-13
840 3083 10 7.194309034616784e-15
850 4002 9 4.1307685973144986e-13
874 1399 7 9.709553548787674e-10
876 2869 10 7.194309034616784e-15
876 3944 7 9.709553548787674e-10
896 3083 9 4.1307685973144986e-13
897 3083 9 4.1307685973144986e-13
908 1455 16 3.234057290674192e-26
911 3846 21 1.8030183628553946e-36
923 1849 17 3.2311409394409777e-28
928 2027 14 2.660902904155298e-22
935 1345 7 9.709553548787674e-10
935 2412 11 1.1351940611705118e-16
935 2474 9 4.1307685973144986e-13
941 2332 9 4.1307685973144986e-13
947 2197 7 9.709553548787674e-10
949 3331 8 2.127536630655899e-11
957 4124 8 2.127536630655899e-11
957 4125 25 4.478022627387002e-45
962 4535 8 2.127536630655899e-11
982 2194 7 9.709553548787674e-10
990 3966 8 2.127536630655899e-11
1010 4675 9 4.1307685973144986e-13
1013 5101 7 9.709553548787674e-10
1033 3879 8 2.127536630655899e-11
1033 3880 14 2.660902904155298e-22
1035 1140 27 1.7113156123482795e-49
1035 1141 8 2.127536630655899e-11
1040 1879 11 1.1351940611705118e-16
1040 2964 7 9.709553548787674e-10
1042 4014 7 9.709553548787674e-10
1044 2943 7 9.709553548787674e-10
1050 2678 12 1.6362290064938565e-18
1050 3438 9 4.1307685973144986e-13
1061 2652 9 4.1307685973144986e-13
1070 3426 10 7.194309034616784e-15
1070 3615 15 3.0352964318154732e-24
1085 1703 15 3.0352964318154732e-24
1085 1704 12 1.6362290064938565e-18
1085 2004 7 9.709553548787674e-10
1085 2309 18 3.0375236658252096e-30
1085 2310 11 1.1351940611705118e-16
1085 3083 13 2.169259376477878e-20
1086 3083 17 3.2311409394409777e-28
1086 4660 9 4.1307685973144986e-13
1087 3083 11 1.1351940611705118e-16
1088 3083 18 3.0375236658252096e-30
1089 3083 18 3.0375236658252096e-30
1090 3083 16 3.234057290674192e-26
1091 3083 16 3.234057290674192e-26
1092 3083 20 2.263107953140563e-34
1093 3083 19 2.6950765846887853e-32
1094 3083 17 3.2311409394409777e-28
1095 3083 14 2.660902904155298e-22
1096 3083 20 2.263107953140563e-34
1097 3083 23 9.860380542054367e-41
1098 3083 15 3.0352964318154732e-24
1099 3083 21 1.8030183628553946e-36
1100 3083 19 2.6950765846887853e-32
1101 3083 15 3.0352964318154732e-24
1102 3083 18 3.0375236658252096e-30
1103 3083 17 3.2311409394409777e-28
1104 3083 12 1.6362290064938565e-18
1105 3083 16 3.234057290674192e-26
1106 3083 12 1.6362290064938565e-18
1107 3083 18 3.0375236658252096e-30
1108 3083 15 3.0352964318154732e-24
1109 3083 18 3.0375236658252096e-30
1110 3083 18 3.0375236658252096e-30
1111 3083 16 3.234057290674192e-26
1112 3083 16 3.234057290674192e-26
1113 3083 14 2.660902904155298e-22
1114 3083 19 2.6950765846887853e-32
1115 3083 13 2.169259376477878e-20
1116 3083 11 1.1351940611705118e-16
1117 3083 17 3.2311409394409777e-28
1118 3083 11 1.1351940611705118e-16
1118 4103 7 9.709553548787674e-10
1119 3083 20 2.263107953140563e-34
1120 3083 12 1.6362290064938565e-18
1121 3083 7 9.709553548787674e-10
1122 3083 15 3.0352964318154732e-24
1123 3083 19 2.6950765846887853e-32
1124 3083 10 7.194309034616784e-15
1125 3083 15 3.0352964318154732e-24
1126 3083 7 9.709553548787674e-10
1127 3083 11 1.1351940611705118e-16
1129 3083 8 2.127536630655899e-11
1130 3083 8 2.127536630655899e-11
1131 3083 8 2.127536630655899e-11
1132 3083 10 7.194309034616784e-15
1133 3083 15 3.0352964318154732e-24
1134 3083 10 7.194309034616784e-15
1135 3083 8 2.127536630655899e-11
1136 3083 10 7.194309034616784e-15
1137 3083 14 2.660902904155298e-22
1138 3083 13 2.169259376477878e-20
1139 3083 7 9.709553548787674e-10
1140 3083 7 9.709553548787674e-10
1140 4673 7 9.709553548787674e-10
1141 3083 7 9.709553548787674e-10
1143 3083 8 2.127536630655899e-11
1144 3083 8 2.127536630655899e-11
1145 3083 8 2.127536630655899e-11
1146 1653 7 9.709553548787674e-10
1146 3083 13 2.169259376477878e-20
1147 3083 10 7.194309034616784e-15
1148 3083 11 1.1351940611705118e-16
1151 3083 8 2.127536630655899e-11
1151 4850 7 9.709553548787674e-10
1152 3083 11 1.1351940611705118e-16
1156 3083 7 9.709553548787674e-10
1157 1721 10 7.194309034616784e-15
1161 4607 13 2.169259376477878e-20
1162 3083 7 9.709553548787674e-10
1166 3083 8 2.127536630655899e-11
1167 3083 11 1.1351940611705118e-16
1169 3083 7 9.709553548787674e-10
1183 4917 7 9.709553548787674e-10
1186 3083 7 9.709553548787674e-10
1198 3083 8 2.127536630655899e-11
1219 3274 8 2.127536630655899e-11
1221 4856 9 4.1307685973144986e-13
1291 3470 7 9.709553548787674e-10
1309 2698 9 4.1307685973144986e-13
1313 3430 7 9.709553548787674e-10
1313 4385 12 1.6362290064938565e-18
1317 3197 14 2.660902904155298e-22
1319 4940 7 9.709553548787674e-10
1330 4956 7 9.709553548787674e-10
1331 4256 7 9.709553548787674e-10
1335 2198 11 1.1351940611705118e-16
1342 3923 9 4.1307685973144986e-13
1343 4848 7 9.709553548787674e-10
1344 4300 7 9.709553548787674e-10
1353 1476 29 5.565846083339369e-54
1368 4309 17 3.2311409394409777e-28
1373 4540 12 1.6362290064938565e-18
1377 3271 7 9.709553548787674e-10
1380 1629 7 9.709553548787674e-10
1382 1628 15 3.0352964318154732e-24
1386 4688 16 3.234057290674192e-26
1387 3313 9 4.1307685973144986e-13
1389 4010 11 1.1351940611705118e-16
1389 4011 7 9.709553548787674e-10
1389 4725 14 2.660902904155298e-22
1390 4725 22 1.3659442985038772e-38
1398 2454 19 2.6950765846887853e-32
1398 3083 19 2.6950765846887853e-32
1399 3083 10 7.194309034616784e-15
1400 3083 7 9.709553548787674e-10
1401 2432 7 9.709553548787674e-10
1401 3083 18 3.0375236658252096e-30
1402 3083 17 3.2311409394409777e-28
1404 3083 12 1.6362290064938565e-18
1407 3083 7 9.709553548787674e-10
1408 3083 10 7.194309034616784e-15
1408 4123 7 9.709553548787674e-10
1409 3083 17 3.2311409394409777e-28
1410 3083 18 3.0375236658252096e-30
1411 3083 9 4.1307685973144986e-13
1412 3083 10 7.194309034616784e-15
1416 3083 9 4.1307685973144986e-13
1417 3083 12 1.6362290064938565e-18
1418 3083 14 2.660902904155298e-22
1419 3083 10 7.194309034616784e-15
1420 3083 8 2.127536630655899e-11
1422 3083 9 4.1307685973144986e-13
1423 3083 8 2.127536630655899e-11
1424 3083 8 2.127536630655899e-11
1427 3083 11 1.1351940611705118e-16
1429 3083 7 9.709553548787674e-10
1430 2642 7 9.709553548787674e-10
1430 4881 7 9.709553548787674e-10
1431 3083 7 9.709553548787674e-10
1432 3083 8 2.127536630655899e-11
1433 3083 8 2.127536630655899e-11
1433 4045 8 2.127536630655899e-11
1434 3083 9 4.1307685973144986e-13
1435 3083 10 7.194309034616784e-15
1436 3083 13 2.169259376477878e-20
1437 3083 13 2.169259376477878e-20
1438 3083 12 1.6362290064938565e-18
1439 2006 7 9.709553548787674e-10
1439 3250 7 9.709553548787674e-10
1440 3083 9 4.1307685973144986e-13
1446 3083 7 9.709553548787674e-10
1450 3083 10 7.194309034616784e-15
1452 3083 9 4.1307685973144986e-13
1453 3083 7 9.709553548787674e-10
1455 3083 7 9.709553548787674e-10
1456 3083 13 2.169259376477878e-20
1457 3083 79 7.648331463240448e-182
1458 3083 9 4.1307685973144986e-13
1459 3083 8 2.127536630655899e-11
1460 3083 8 2.127536630655899e-11
1466 2007 9 4.1307685973144986e-13
1466 3083 8 2.127536630655899e-11
1468 2983 9 4.1307685973144986e-13
1468 3083 9 4.1307685973144986e-13
1474 3083 7 9.709553548787674e-10
1478 2439 8 2.127536630655899e-11
1485 3083 8 2.127536630655899e-11
1493 1861 7 9.709553548787674e-10
1503 3083 9 4.1307685973144986e-13
1503 4725 11 1.1351940611705118e-16
1530 3034 7 9.709553548787674e-10
1541 3049 37 1.4822734667897307e-72
1542 3049 9 4.1307685973144986e-13
1551 4271 8 2.127536630655899e-11
1552 1815 7 9.709553548787674e-10
1554 2457 9 4.1307685973144986e-13
1567 3529 7 9.709553548787674e-10
1571 4280 7 9.709553548787674e-10
1572 2732 30 2.997166023993764e-56
1577 4275 12 1.6362290064938565e-18
1621 3222 7 9.709553548787674e-10
1622 2140 9 4.1307685973144986e-13
1636 3309 7 9.709553548787674e-10
1636 3310 7 9.709553548787674e-10
1646 4185 8 2.127536630655899e-11
1652 3876 29 5.565846083339369e-54
1652 4512 26 2.82652355377091e-47
1663 1705 10 7.194309034616784e-15
1683 2656 7 9.709553548787674e-10
1683 5096 9 4.1307685973144986e-13
1684 2650 8 2.127536630655899e-11
1685 2838 20 2.263107953140563e-34
1685 3295 10 7.194309034616784e-15
1685 4543 47 5.731318613926499e-97
1690 2448 13 2.169259376477878e-20
1703 3083 23 9.860380542054367e-41
1703 3295 7 9.709553548787674e-10
1703 4543 105 0.0
1704 3083 36 3.4920809535124325e-70
1704 4271 10 7.194309034616784e-15
1705 3083 40 9.450244784687267e-80
1706 3083 33 3.7686662092308453e-63
1707 3083 28 9.951931460297452e-52
1708 3083 26 2.82652355377091e-47
1709 3083 23 9.860380542054367e-41
1710 3083 26 2.82652355377091e-47
1711 3083 15 3.0352964318154732e-24
1711 4580 7 9.709553548787674e-10
1712 3083 13 2.169259376477878e-20
1713 3083 28 9.951931460297452e-52
1714 3083 21 1.8030183628553946e-36
1714 4303 12 1.6362290064938565e-18
1715 3083 13 2.169259376477878e-20
1716 3083 8 2.127536630655899e-11
1717 3083 12 1.6362290064938565e-18
1718 3083 18 3.0375236658252096e-30
1719 3083 14 2.660902904155298e-22
1720 2414 8 2.127536630655899e-11
1720 3083 12 1.6362290064938565e-18
1721 3083 26 2.82652355377091e-47
1722 3083 17 3.2311409394409777e-28
1723 3083 22 1.3659442985038772e-38
1724 3083 12 1.6362290064938565e-18
1725 3083 20 2.263107953140563e-34
1726 3083 24 6.795100158377477e-43
1727 3083 13 2.169259376477878e-20
1728 3083 23 9.860380542054367e-41
1729 3083 12 1.6362290064938565e-18
1730 3083 19 2.6950765846887853e-32
1731 3083 14 2.660902904155298e-22
1732 2373 10 7.194309034616784e-15
1732 3083 20 2.263107953140563e-34
1733 3083 13 2.169259376477878e-20
1734 3083 12 1.6362290064938565e-18
1735 3083 16 3.234057290674192e-26
1736 3083 19 2.6950765846887853e-32
1737 3083 15 3.0352964318154732e-24
1738 3083 11 1.1351940611705118e-16
1739 3083 18 3.0375236658252096e-30
1740 3083 17 3.2311409394409777e-28
1741 3083 22 1.3659442985038772e-38
1742 3083 18 3.0375236658252096e-30
1743 3083 15 3.0352964318154732e-24
1744 3083 10 7.194309034616784e-15
1745 3083 14 2.660902904155298e-22
1746 3083 10 7.194309034616784e-15
1747 3083 10 7.194309034616784e-15
1748 3083 13 2.169259376477878e-20
1750 2364 16 3.234057290674192e-26
1750 3083 19 2.6950765846887853e-32
1751 3083 20 2.263107953140563e-34
1752 3083 11 1.1351940611705118e-16
1753 3083 14 2.660902904155298e-22
1754 3083 10 7.194309034616784e-15
1755 3083 8 2.127536630655899e-11
1755 3088 7 9.709553548787674e-10
1756 3083 10 7.194309034616784e-15
1757 3083 14 2.660902904155298e-22
1758 3083 7 9.709553548787674e-10
1759 3083 15 3.0352964318154732e-24
1759 3196 7 9.709553548787674e-10
1760 3083 14 2.660902904155298e-22
1761 3083 10 7.194309034616784e-15
1762 3083 7 9.709553548787674e-10
1763 3083 8 2.127536630655899e-11
1764 3083 10 7.194309034616784e-15
1765 3083 8 2.127536630655899e-11
1766 3083 10 7.194309034616784e-15
1767 3083 9 4.1307685973144986e-13
1768 3083 8 2.127536630655899e-11
1770 3083 7 9.709553548787674e-10
1771 3377 25 4.478022627387002e-45
1772 3083 14 2.660902904155298e-22
1772 3377 13 2.169259376477878e-20
1774 3083 7 9.709553548787674e-10
1775 3083 8 2.127536630655899e-11
1777 3083 7 9.709553548787674e-10
1779 3083 7 9.709553548787674e-10
1782 3083 7 9.709553548787674e-10
1787 3083 7 9.709553548787674e-10
1790 3083 9 4.1307685973144986e-13
1798 3083 8 2.127536630655899e-11
1804 3083 8 2.127536630655899e-11
1805 3083 9 4.1307685973144986e-13
1805 4952 12 1.6362290064938565e-18
1810 3662 8 2.127536630655899e-11
1811 4329 7 9.709553548787674e-10
1822 3083 7 9.709553548787674e-10
1830 3170 27 1.7113156123482795e-49
1831 4835 7 9.709553548787674e-10
1832 4835 21 1.8030183628553946e-36
1837 4891 32 7.791269651414231e-61
1846 4080 12 1.6362290064938565e-18
1850 4362 17 3.2311409394409777e-28
1851 2641 9 4.1307685973144986e-13
1851 5167 7 9.709553548787674e-10
1859 2812 9 4.1307685973144986e-13
1880 2207 10 7.194309034616784e-15
1881 4895 11 1.1351940611705118e-16
1903 5165 8 2.127536630655899e-11
1907 3463 7 9.709553548787674e-10
1915 4373 11 1.1351940611705118e-16
1927 5139 10 7.194309034616784e-15
1947 2743 7 9.709553548787674e-10
1963 2379 15 3.0352964318154732e-24
1966 4820 7 9.709553548787674e-10
1978 3882 12 1.6362290064938565e-18
1991 2990 24 6.795100158377477e-43
2003 3083 40 9.450244784687267e-80
2003 4256 10 7.194309034616784e-15
2004 3083 43 4.646570504105327e-87
2004 4256 10 7.194309034616784e-15
2005 3083 26 2.82652355377091e-47
2005 4256 7 9.709553548787674e-10
2006 3083 31 1.5556846789993458e-58
2006 4256 9 4.1307685973144986e-13
2006 4512 7 9.709553548787674e-10
2007 3083 36 3.4920809535124325e-70
2007 4256 9 4.1307685973144986e-13
2008 3083 7 9.709553548787674e-10
2009 3083 26 2.82652355377091e-47
2010 3083 27 1.7113156123482795e-49
2011 2815 16 3.234057290674192e-26
2011 3083 24 6.795100158377477e-43
2011 5293 10 7.194309034616784e-15
2019 3083 20 2.263107953140563e-34
2019 4256 7 9.709553548787674e-10
2022 3083 27 1.7113156123482795e-49
2023 3083 16 3.234057290674192e-26
2024 3083 27 1.7113156123482795e-49
2025 3083 21 1.8030183628553946e-36
2026 3083 13 2.169259376477878e-20
2027 3083 21 1.8030183628553946e-36
2030 3083 26 2.82652355377091e-47
2031 3083 18 3.0375236658252096e-30
2032 3083 23 9.860380542054367e-41
2032 3877 7 9.709553548787674e-10
2034 3083 10 7.194309034616784e-15
2035 3083 15 3.0352964318154732e-24
2036 3083 13 2.169259376477878e-20
2037 3083 22 1.3659442985038772e-38
2037 4412 7 9.709553548787674e-10
2038 3083 23 9.860380542054367e-41
2045 3083 8 2.127536630655899e-11
2046 3083 8 2.127536630655899e-11
2047 2392 9 4.1307685973144986e-13
2047 3083 17 3.2311409394409777e-28
2048 3083 20 2.263107953140563e-34
2049 3083 15 3.0352964318154732e-24
2050 3083 18 3.0375236658252096e-30
2052 3083 10 7.194309034616784e-15
2053 3083 17 3.2311409394409777e-28
2054 3083 13 2.169259376477878e-20
2055 3083 15 3.0352964318154732e-24
2056 2609 7 9.709553548787674e-10
2056 2628 10 7.194309034616784e-15
2056 3083 11 1.1351940611705118e-16
2056 4531 7 9.709553548787674e-10
2057 3083 10 7.194309034616784e-15
2058 3083 22 1.3659442985038772e-38
2058 4256 7 9.709553548787674e-10
2059 3083 9 4.1307685973144986e-13
2060 3083 14 2.660902904155298e-22
2061 3083 7 9.709553548787674e-10
2061 3481 8 2.127536630655899e-11
2066 4778 7 9.709553548787674e-10
2067 3083 12 1.6362290064938565e-18
2068 3083 8 2.127536630655899e-11
2069 3083 7 9.709553548787674e-10
2072 3083 12 1.6362290064938565e-18
2073 3083 11 1.1351940611705118e-16
2074 3083 8 2.127536630655899e-11
2075 3083 8 2.127536630655899e-11
2091 3083 12 1.6362290064938565e-18
2095 3083 7 9.709553548787674e-10
2097 3083 7 9.709553548787674e-10
2098 3083 10 7.194309034616784e-15
2101 3083 9 4.1307685973144986e-13
2102 4847 8 2.127536630655899e-11
2106 3083 7 9.709553548787674e-10
2163 4022 9 4.1307685973144986e-13
2171 4217 8 2.127536630655899e-11
2175 3083 9 4.1307685973144986e-13
2184 3954 7 9.709553548787674e-10
2189 4651 14 2.660902904155298e-22
2190 2323 13 2.169259376477878e-20
2190 4651 10 7.194309034616784e-15
2201 2427 10 7.194309034616784e-15
2204 4403 16 3.234057290674192e-26
2205 4403 9 4.1307685973144986e-13
2215 2662 20 2.263107953140563e-34
2218 3362 7 9.709553548787674e-10
2220 3563 25 4.478022627387002e-45
2220 4084 8 2.127536630655899e-11
2221 3105 9 4.1307685973144986e-13
2239 2922 15 3.0352964318154732e-24
2256 2970 8 2.127536630655899e-11
2264 3681 12 1.6362290064938565e-18
2265 2449 7 9.709553548787674e-10
2268 4927 22 1.3659442985038772e-38
2269 3280 10 7.194309034616784e-15
2271 4298 11 1.1351940611705118e-16
2309 3083 39 2.4368121945114685e-77
2309 4256 9 4.1307685973144986e-13
2310 3083 58 4.286477421865923e-125
2310 4256 15 3.0352964318154732e-24
2310 4543 88 3.126584432673427e-207
2311 2652 13 2.169259376477878e-20
2311 3083 39 2.4368121945114685e-77
2311 3863 7 9.709553548787674e-10
2311 4256 10 7.194309034616784e-15
2312 3083 47 5.731318613926499e-97
2312 3572 11 1.1351940611705118e-16
2312 4256 9 4.1307685973144986e-13
2313 3083 28 9.951931460297452e-52
2314 3083 27 1.7113156123482795e-49
2315 3083 37 1.4822734667897307e-72
2316 3083 28 9.951931460297452e-52
2317 3016 7 9.709553548787674e-10
2317 3083 29 5.565846083339369e-54
2318 3083 21 1.8030183628553946e-36
2319 3083 25 4.478022627387002e-45
2320 3083 33 3.7686662092308453e-63
2320 4256 7 9.709553548787674e-10
2321 3083 31 1.5556846789993458e-58
2322 3083 34 1.7621847337712873e-65
2323 3083 33 3.7686662092308453e-63
2323 3621 7 9.709553548787674e-10
2323 4072 7 9.709553548787674e-10
2324 3083 20 2.263107953140563e-34
2324 5255 7 9.709553548787674e-10
2325 3083 24 6.795100158377477e-43
2326 3083 28 9.951931460297452e-52
2327 3083 23 9.860380542054367e-41
2328 3083 15 3.0352964318154732e-24
2329 3083 20 2.263107953140563e-34
2330 3083 24 6.795100158377477e-43
2331 3083 25 4.478022627387002e-45
2332 3083 21 1.8030183628553946e-36
2332 4256 7 9.709553548787674e-10
2333 3083 26 2.82652355377091e-47
2334 3083 15 3.0352964318154732e-24
2335 3083 17 3.2311409394409777e-28
2336 3083 14 2.660902904155298e-22
2337 3083 19 2.6950765846887853e-32
2338 3083 21 1.8030183628553946e-36
2339 3083 16 3.234057290674192e-26
2340 3083 25 4.478022627387002e-45
2341 3083 19 2.6950765846887853e-32
2342 3083 8 2.127536630655899e-11
2349 3083 10 7.194309034616784e-15
2350 3083 21 1.8030183628553946e-36
2351 3083 18 3.0375236658252096e-30
2352 3083 13 2.169259376477878e-20
2353 3083 20 2.263107953140563e-34
2354 3083 16 3.234057290674192e-26
2355 3083 27 1.7113156123482795e-49
2356 3083 14 2.660902904155298e-22
2357 3083 14 2.660902904155298e-22
2358 3083 16 3.234057290674192e-26
2359 3083 19 2.6950765846887853e-32
2360 3083 16 3.234057290674192e-26
2361 2892 9 4.1307685973144986e-13
2361 3083 8 2.127536630655899e-11
2362 3083 10 7.194309034616784e-15
2363 3083 13 2.169259376477878e-20
2364 3083 15 3.0352964318154732e-24
2365 3069 7 9.709553548787674e-10
2365 3083 9 4.1307685973144986e-13
2366 3083 10 7.194309034616784e-15
2367 3083 9 4.1307685973144986e-13
2368 3083 7 9.709553548787674e-10
2369 3083 13 2.169259376477878e-20
2370 3083 10 7.194309034616784e-15
2372 3083 16 3.234057290674192e-26
2373 3083 11 1.1351940611705118e-16
2374 3083 17 3.2311409394409777e-28
2375 3083 13 2.169259376477878e-20
2376 3083 8 2.127536630655899e-11
2378 3083 12 1.6362290064938565e-18
2379 3083 7 9.709553548787674e-10
2381 3083 10 7.194309034616784e-15
2383 3083 9 4.1307685973144986e-13
2384 3083 10 7.194309034616784e-15
2386 3083 9 4.1307685973144986e-13
2387 3083 8 2.127536630655899e-11
2388 3083 7 9.709553548787674e-10
2393 3083 7 9.709553548787674e-10
2394 3083 11 1.1351940611705118e-16
2395 3083 9 4.1307685973144986e-13
2396 3083 7 9.709553548787674e-10
2397 3083 7 9.709553548787674e-10
2398 3083 13 2.169259376477878e-20
2399 3083 15 3.0352964318154732e-24
2400 3083 8 2.127536630655899e-11
2401 3573 7 9.709553548787674e-10
2405 3083 9 4.1307685973144986e-13
2406 3083 7 9.709553548787674e-10
2423 3083 7 9.709553548787674e-10
2431 3083 8 2.127536630655899e-11
2435 4503 10 7.194309034616784e-15
2436 4144 7 9.709553548787674e-10
2459 4742 7 9.709553548787674e-10
2478 2677 12 1.6362290064938565e-18
2495 3215 15 3.0352964318154732e-24
2503 3432 7 9.709553548787674e-10
2511 3427 33 3.7686662092308453e-63
2520 2677 9 4.1307685973144986e-13
2520 2929 7 9.709553548787674e-10
2520 2930 17 3.2311409394409777e-28
2520 2931 88 3.126584432673427e-207
2522 3083 7 9.709553548787674e-10
2555 3332 27 1.7113156123482795e-49
2565 4653 12 1.6362290064938565e-18
2566 4653 22 1.3659442985038772e-38
2573 3083 21 1.8030183628553946e-36
2574 3083 30 2.997166023993764e-56
2575 3083 21 1.8030183628553946e-36
2576 3083 33 3.7686662092308453e-63
2577 3083 20 2.263107953140563e-34
2578 3083 27 1.7113156123482795e-49
2579 2930 11 1.1351940611705118e-16
2579 3083 25 4.478022627387002e-45
2579 3501 10 7.194309034616784e-15
2580 3083 13 2.169259376477878e-20
2581 3083 24 6.795100158377477e-43
2582 3083 26 2.82652355377091e-47
2583 3083 18 3.0375236658252096e-30
2584 3083 24 6.795100158377477e-43
2585 3083 20 2.263107953140563e-34
2586 3083 12 1.6362290064938565e-18
2587 3083 17 3.2311409394409777e-28
2588 3083 10 7.194309034616784e-15
2589 3083 22 1.3659442985038772e-38
2590 3083 20 2.263107953140563e-34
2591 3083 22 1.3659442985038772e-38
2592 3083 22 1.3659442985038772e-38
2593 3083 19 2.6950765846887853e-32
2594 3083 22 1.3659442985038772e-38
2595 3083 13 2.169259376477878e-20
2596 3083 16 3.234057290674192e-26
2597 3083 15 3.0352964318154732e-24
2598 3083 10 7.194309034616784e-15
2599 3083 14 2.660902904155298e-22
2600 3083 13 2.169259376477878e-20
2601 3083 14 2.660902904155298e-22
2602 3083 14 2.660902904155298e-22
2603 3083 23 9.860380542054367e-41
2604 3083 12 1.6362290064938565e-18
2605 3083 8 2.127536630655899e-11
2605 5123 9 4.1307685973144986e-13
2606 3083 9 4.1307685973144986e-13
2607 3083 13 2.169259376477878e-20
2608 3083 15 3.0352964318154732e-24
2609 3083 9 4.1307685973144986e-13
2610 3083 11 1.1351940611705118e-16
2611 3083 14 2.660902904155298e-22
2611 4517 7 9.709553548787674e-10
2612 3083 16 3.234057290674192e-26
2613 3083 15 3.0352964318154732e-24
2614 3083 14 2.660902904155298e-22
2616 3083 7 9.709553548787674e-10
2617 3083 8 2.127536630655899e-11
2620 3083 9 4.1307685973144986e-13
2621 3083 9 4.1307685973144986e-13
2622 3083 8 2.127536630655899e-11
2623 3083 7 9.709553548787674e-10
2624 3083 7 9.709553548787674e-10
2625 3083 11 1.1351940611705118e-16
2626 3083 8 2.127536630655899e-11
2627 3083 8 2.127536630655899e-11
2628 3083 15 3.0352964318154732e-24
2629 2828 9 4.1307685973144986e-13
2629 3083 11 1.1351940611705118e-16
2630 3083 10 7.194309034616784e-15
2631 3083 7 9.709553548787674e-10
2632 3083 13 2.169259376477878e-20
2633 3083 8 2.127536630655899e-11
2634 3083 8 2.127536630655899e-11
2635 3083 7 9.709553548787674e-10
2637 3083 16 3.234057290674192e-26
2638 3083 7 9.709553548787674e-10
2640 3083 9 4.1307685973144986e-13
2641 3083 10 7.194309034616784e-15
2642 3083 9 4.1307685973144986e-13
2646 3083 8 2.127536630655899e-11
2646 3159 7 9.709553548787674e-10
2648 3083 8 2.127536630655899e-11
2650 3083 11 1.1351940611705118e-16
2653 3083 11 1.1351940611705118e-16
2655 3083 7 9.709553548787674e-10
2656 3083 7 9.709553548787674e-10
2656 4523 7 9.709553548787674e-10
2658 3083 11 1.1351940611705118e-16
2660 3083 8 2.127536630655899e-11
2661 3083 7 9.709553548787674e-10
2662 3083 8 2.127536630655899e-11
2663 3083 7 9.709553548787674e-10
2668 3083 8 2.127536630655899e-11
2672 3083 7 9.709553548787674e-10
2678 3083 7 9.709553548787674e-10
2679 3083 7 9.709553548787674e-10
2680 3083 9 4.1307685973144986e-13
2681 3083 9 4.1307685973144986e-13
2697 3083 8 2.127536630655899e-11
2697 5225 13 2.169259376477878e-20
2702 4633 18 3.0375236658252096e-30
2711 3083 7 9.709553548787674e-10
2714 5154 8 2.127536630655899e-11
2724 3120 7 9.709553548787674e-10
2727 3083 7 9.709553548787674e-10
2732 3643 15 3.0352964318154732e-24
2781 4357 11 1.1351940611705118e-16
2804 4364 9 4.1307685973144986e-13
2804 4365 31 1.5556846789993458e-58
2815 5293 8 2.127536630655899e-11
2822 3083 9 4.1307685973144986e-13
2823 3083 13 2.169259376477878e-20
2824 3083 17 3.2311409394409777e-28
2825 3083 17 3.2311409394409777e-28
2826 3083 15 3.0352964318154732e-24
2827 3083 16 3.234057290674192e-26
2828 3083 19 2.6950765846887853e-32
2829 3083 17 3.2311409394409777e-28
2830 3083 26 2.82652355377091e-47
2831 3083 13 2.169259376477878e-20
2832 3083 15 3.0352964318154732e-24
2833 3083 10 7.194309034616784e-15
2834 3083 21 1.8030183628553946e-36
2835 3083 12 1.6362290064938565e-18
2836 3083 10 7.194309034616784e-15
2837 3083 12 1.6362290064938565e-18
2838 3083 15 3.0352964318154732e-24
2838 4543 7 9.709553548787674e-10
2839 3083 12 1.6362290064938565e-18
2840 3083 15 3.0352964318154732e-24
2841 3083 24 6.795100158377477e-43
2842 3083 16 3.234057290674192e-26
2843 3083 13 2.169259376477878e-20
2844 3083 17 3.2311409394409777e-28
2845 3083 11 1.1351940611705118e-16
2846 3083 13 2.169259376477878e-20
2847 3083 9 4.1307685973144986e-13
2848 3083 10 7.194309034616784e-15
2848 3111 8 2.127536630655899e-11
2849 3083 12 1.6362290064938565e-18
2850 3083 15 3.0352964318154732e-24
2851 3083 15 3.0352964318154732e-24
2851 4910 9 4.1307685973144986e-13
2852 3083 13 2.169259376477878e-20
2853 3083 11 1.1351940611705118e-16
2854 3083 12 1.6362290064938565e-18
2855 3083 15 3.0352964318154732e-24
2856 3083 13 2.169259376477878e-20
2857 3083 7 9.709553548787674e-10
2860 3083 12 1.6362290064938565e-18
2860 3572 8 2.127536630655899e-11
2861 3083 15 3.0352964318154732e-24
2862 3083 11 1.1351940611705118e-16
2863 3083 13 2.169259376477878e-20
2864 3083 11 1.1351940611705118e-16
2865 3083 10 7.194309034616784e-15
2866 3083 13 2.169259376477878e-20
2867 3083 12 1.6362290064938565e-18
2868 3083 11 1.1351940611705118e-16
2869 3083 13 2.169259376477878e-20
2871 3083 7 9.709553548787674e-10
2872 3083 12 1.6362290064938565e-18
2874 3083 7 9.709553548787674e-10
2877 3083 10 7.194309034616784e-15
2877 4811 11 1.1351940611705118e-16
2879 3083 9 4.1307685973144986e-13
2884 3083 7 9.709553548787674e-10
2886 3083 10 7.194309034616784e-15
2892 3083 8 2.127536630655899e-11
2897 3083 7 9.709553548787674e-10
2900 3083 9 4.1307685973144986e-13
2903 3083 8 2.127536630655899e-11
2919 3083 7 9.709553548787674e-10
2940 3512 7 9.709553548787674e-10
2948 3577 23 9.860380542054367e-41
2992 4080 11 1.1351940611705118e-16
3004 4341 9 4.1307685973144986e-13
3031 4610 11 1.1351940611705118e-16
3071 3233 7 9.709553548787674e-10
3072 4158 7 9.709553548787674e-10
3083 3329 9 4.1307685973144986e-13
3083 3330 8 2.127536630655899e-11
3083 3331 10 7.194309034616784e-15
3083 3332 12 1.6362290064938565e-18
3083 3334 9 4.1307685973144986e-13
3083 3335 14 2.660902904155298e-22
3083 3336 12 1.6362290064938565e-18
3083 3337 10 7.194309034616784e-15
3083 3338 15 3.0352964318154732e-24
3083 3340 10 7.194309034616784e-15
3083 3342 14 2.660902904155298e-22
3083 3343 8 2.127536630655899e-11
3083 3344 7 9.709553548787674e-10
3083 3345 13 2.169259376477878e-20
3083 3346 10 7.194309034616784e-15
3083 3348 11 1.1351940611705118e-16
3083 3350 9 4.1307685973144986e-13
3083 3354 7 9.709553548787674e-10
3083 3355 8 2.127536630655899e-11
3083 3356 9 4.1307685973144986e-13
3083 3373 7 9.709553548787674e-10
3083 3381 7 9.709553548787674e-10
3083 3384 7 9.709553548787674e-10
3083 3386 7 9.709553548787674e-10
3083 3394 8 2.127536630655899e-11
3083 3398 7 9.709553548787674e-10
3083 3571 11 1.1351940611705118e-16
3083 3572 31 1.5556846789993458e-58
3083 3573 29 5.565846083339369e-54
3083 3574 21 1.8030183628553946e-36
3083 3575 22 1.3659442985038772e-38
3083 3576 26 2.82652355377091e-47
3083 3577 20 2.263107953140563e-34
3083 3578 17 3.2311409394409777e-28
3083 3579 17 3.2311409394409777e-28
3083 3580 21 1.8030183628553946e-36
3083 3581 19 2.6950765846887853e-32
3083 3582 22 1.3659442985038772e-38
3083 3583 24 6.795100158377477e-43
3083 3584 20 2.263107953140563e-34
3083 3585 17 3.2311409394409777e-28
3083 3586 18 3.0375236658252096e-30
3083 3587 15 3.0352964318154732e-24
3083 3588 21 1.8030183628553946e-36
3083 3589 27 1.7113156123482795e-49
3083 3590 17 3.2311409394409777e-28
3083 3592 12 1.6362290064938565e-18
3083 3593 17 3.2311409394409777e-28
3083 3594 15 3.0352964318154732e-24
3083 3595 7 9.709553548787674e-10
3083 3596 14 2.660902904155298e-22
3083 3597 11 1.1351940611705118e-16
3083 3598 18 3.0375236658252096e-30
3083 3599 16 3.234057290674192e-26
3083 3600 14 2.660902904155298e-22
3083 3601 15 3.0352964318154732e-24
3083 3602 11 1.1351940611705118e-16
3083 3603 12 1.6362290064938565e-18
3083 3604 10 7.194309034616784e-15
3083 3605 13 2.169259376477878e-20
3083 3606 11 1.1351940611705118e-16
3083 3607 12 1.6362290064938565e-18
3083 3608 17 3.2311409394409777e-28
3083 3609 9 4.1307685973144986e-13
3083 3610 9 4.1307685973144986e-13
3083 3611 11 1.1351940611705118e-16
3083 3612 14 2.660902904155298e-22
3083 3613 14 2.660902904155298e-22
3083 3614 16 3.234057290674192e-26
3083 3615 10 7.194309034616784e-15
3083 3616 8 2.127536630655899e-11
3083 3617 11 1.1351940611705118e-16
3083 3623 12 1.6362290064938565e-18
3083 3624 8 2.127536630655899e-11
3083 3626 9 4.1307685973144986e-13
3083 3627 9 4.1307685973144986e-13
3083 3631 7 9.709553548787674e-10
3083 3633 8 2.127536630655899e-11
3083 3634 7 9.709553548787674e-10
3083 3637 7 9.709553548787674e-10
3083 3640 8 2.127536630655899e-11
3083 3641 9 4.1307685973144986e-13
3083 3643 9 4.1307685973144986e-13
3083 3646 7 9.709553548787674e-10
3083 3650 9 4.1307685973144986e-13
3083 3651 8 2.127536630655899e-11
3083 3658 8 2.127536630655899e-11
3083 3660 7 9.709553548787674e-10
3083 3661 12 1.6362290064938565e-18
3083 3662 8 2.127536630655899e-11
3083 3664 8 2.127536630655899e-11
3083 3681 30 2.997166023993764e-56
3083 3692 8 2.127536630655899e-11
3083 3824 14 2.660902904155298e-22
3083 3825 15 3.0352964318154732e-24
3083 3826 21 1.8030183628553946e-36
3083 3827 19 2.6950765846887853e-32
3083 3828 11 1.1351940611705118e-16
3083 3829 13 2.169259376477878e-20
3083 3830 18 3.0375236658252096e-30
3083 3831 17 3.2311409394409777e-28
3083 3832 11 1.1351940611705118e-16
3083 3833 19 2.6950765846887853e-32
3083 3834 10 7.194309034616784e-15
3083 3835 14 2.660902904155298e-22
3083 3836 11 1.1351940611705118e-16
3083 3837 28 9.951931460297452e-52
3083 3838 16 3.234057290674192e-26
3083 3839 10 7.194309034616784e-15
3083 3840 21 1.8030183628553946e-36
3083 3841 21 1.8030183628553946e-36
3083 3842 17 3.2311409394409777e-28
3083 3843 17 3.2311409394409777e-28
3083 3844 26 2.82652355377091e-47
3083 3845 27 1.7113156123482795e-49
3083 3846 27 1.7113156123482795e-49
3083 3848 11 1.1351940611705118e-16
3083 3849 10 7.194309034616784e-15
3083 3850 12 1.6362290064938565e-18
3083 3851 14 2.660902904155298e-22
3083 3852 12 1.6362290064938565e-18
3083 3853 7 9.709553548787674e-10
3083 3855 8 2.127536630655899e-11
3083 3856 7 9.709553548787674e-10
3083 3859 10 7.194309034616784e-15
3083 3861 13 2.169259376477878e-20
3083 3862 10 7.194309034616784e-15
3083 3863 13 2.169259376477878e-20
3083 3865 10 7.194309034616784e-15
3083 3866 11 1.1351940611705118e-16
3083 3867 11 1.1351940611705118e-16
3083 3868 9 4.1307685973144986e-13
3083 3869 8 2.127536630655899e-11
3083 3872 9 4.1307685973144986e-13
3083 3873 7 9.709553548787674e-10
3083 3874 7 9.709553548787674e-10
3083 3876 11 1.1351940611705118e-16
3083 3877 8 2.127536630655899e-11
3083 3878 7 9.709553548787674e-10
3083 3879 7 9.709553548787674e-10
3083 3880 8 2.127536630655899e-11
3083 3882 7 9.709553548787674e-10
3083 3899 7 9.709553548787674e-10
3083 3909 7 9.709553548787674e-10
3083 4010 8 2.127536630655899e-11
3083 4063 24 6.795100158377477e-43
3083 4064 23 9.860380542054367e-41
3083 4065 16 3.234057290674192e-26
3083 4066 19 2.6950765846887853e-32
3083 4067 24 6.795100158377477e-43
3083 4068 12 1.6362290064938565e-18
3083 4069 23 9.860380542054367e-41
3083 4070 27 1.7113156123482795e-49
3083 4071 21 1.8030183628553946e-36
3083 4072 19 2.6950765846887853e-32
3083 4073 25 4.478022627387002e-45
3083 4074 23 9.860380542054367e-41
3083 4075 23 9.860380542054367e-41
3083 4076 17 3.2311409394409777e-28
3083 4077 22 1.3659442985038772e-38
3083 4078 22 1.3659442985038772e-38
3083 4079 10 7.194309034616784e-15
3083 4080 22 1.3659442985038772e-38
3083 4081 18 3.0375236658252096e-30
3083 4082 19 2.6950765846887853e-32
3083 4083 22 1.3659442985038772e-38
3083 4084 14 2.660902904155298e-22
3083 4085 14 2.660902904155298e-22
3083 4086 19 2.6950765846887853e-32
3083 4087 16 3.234057290674192e-26
3083 4088 14 2.660902904155298e-22
3083 4089 20 2.263107953140563e-34
3083 4090 18 3.0375236658252096e-30
3083 4091 15 3.0352964318154732e-24
3083 4092 13 2.169259376477878e-20
3083 4093 20 2.263107953140563e-34
3083 4094 15 3.0352964318154732e-24
3083 4095 21 1.8030183628553946e-36
3083 4096 14 2.660902904155298e-22
3083 4097 14 2.660902904155298e-22
3083 4098 16 3.234057290674192e-26
3083 4099 14 2.660902904155298e-22
3083 4100 11 1.1351940611705118e-16
3083 4101 17 3.2311409394409777e-28
3083 4102 12 1.6362290064938565e-18
3083 4103 15 3.0352964318154732e-24
3083 4104 16 3.234057290674192e-26
3083 4105 13 2.169259376477878e-20
3083 4106 10 7.194309034616784e-15
3083 4107 9 4.1307685973144986e-13
3083 4108 10 7.194309034616784e-15
3083 4110 8 2.127536630655899e-11
3083 4111 13 2.169259376477878e-20
3083 4112 7 9.709553548787674e-10
3083 4113 16 3.234057290674192e-26
3083 4114 8 2.127536630655899e-11
3083 4116 7 9.709553548787674e-10
3083 4117 11 1.1351940611705118e-16
3083 4118 15 3.0352964318154732e-24
3083 4119 7 9.709553548787674e-10
3083 4121 8 2.127536630655899e-11
3083 4122 11 1.1351940611705118e-16
3083 4123 9 4.1307685973144986e-13
3083 4124 9 4.1307685973144986e-13
3083 4125 11 1.1351940611705118e-16
3083 4126 8 2.127536630655899e-11
3083 4127 9 4.1307685973144986e-13
3083 4128 9 4.1307685973144986e-13
3083 4129 11 1.1351940611705118e-16
3083 4130 17 3.2311409394409777e-28
3083 4131 8 2.127536630655899e-11
3083 4132 11 1.1351940611705118e-16
3083 4133 10 7.194309034616784e-15
3083 4134 12 1.6362290064938565e-18
3083 4135 8 2.127536630655899e-11
3083 4138 7 9.709553548787674e-10
3083 4139 9 4.1307685973144986e-13
3083 4140 11 1.1351940611705118e-16
3083 4144 9 4.1307685973144986e-13
3083 4158 8 2.127536630655899e-11
3083 4176 7 9.709553548787674e-10
3083 4256 254 0.0
3083 4271 19 2.6950765846887853e-32
3083 4272 14 2.660902904155298e-22
3083 4273 23 9.860380542054367e-41
3083 4274 19 2.6950765846887853e-32
3083 4275 24 6.795100158377477e-43
3083 4276 11 1.1351940611705118e-16
3083 4277 17 3.2311409394409777e-28
3083 4278 24 6.795100158377477e-43
3083 4279 12 1.6362290064938565e-18
3083 4280 14 2.660902904155298e-22
3083 4281 15 3.0352964318154732e-24
3083 4282 19 2.6950765846887853e-32
3083 4283 12 1.6362290064938565e-18
3083 4284 12 1.6362290064938565e-18
3083 4285 11 1.1351940611705118e-16
3083 4286 12 1.6362290064938565e-18
3083 4287 15 3.0352964318154732e-24
3083 4289 9 4.1307685973144986e-13
3083 4290 19 2.6950765846887853e-32
3083 4291 16 3.234057290674192e-26
3083 4292 13 2.169259376477878e-20
3083 4293 12 1.6362290064938565e-18
3083 4294 13 2.169259376477878e-20
3083 4295 13 2.169259376477878e-20
3083 4296 9 4.1307685973144986e-13
3083 4297 18 3.0375236658252096e-30
3083 4298 9 4.1307685973144986e-13
3083 4299 9 4.1307685973144986e-13
3083 4300 14 2.660902904155298e-22
3083 4301 9 4.1307685973144986e-13
3083 4302 8 2.127536630655899e-11
3083 4303 10 7.194309034616784e-15
3083 4304 10 7.194309034616784e-15
3083 4305 7 9.709553548787674e-10
3083 4306 9 4.1307685973144986e-13
3083 4307 9 4.1307685973144986e-13
3083 4308 15 3.0352964318154732e-24
3083 4309 7 9.709553548787674e-10
3083 4310 10 7.194309034616784e-15
3083 4311 7 9.709553548787674e-10
3083 4313 9 4.1307685973144986e-13
3083 4316 8 2.127536630655899e-11
3083 4318 8 2.127536630655899e-11
3083 4319 7 9.709553548787674e-10
3083 4322 11 1.1351940611705118e-16
3083 4323 9 4.1307685973144986e-13
3083 4326 9 4.1307685973144986e-13
3083 4327 7 9.709553548787674e-10
3083 4330 12 1.6362290064938565e-18
3083 4334 7 9.709553548787674e-10
3083 4335 8 2.127536630655899e-11
3083 4338 9 4.1307685973144986e-13
3083 4339 7 9.709553548787674e-10
3083 4350 7 9.709553548787674e-10
3083 4469 39 2.4368121945114685e-77
3083 4470 38 6.101123599209526e-75
3083 4471 29 5.565846083339369e-54
3083 4472 31 1.5556846789993458e-58
3083 4473 21 1.8030183628553946e-36
3083 4474 14 2.660902904155298e-22
3083 4475 18 3.0375236658252096e-30
3083 4479 8 2.127536630655899e-11
3083 4480 10 7.194309034616784e-15
3083 4481 20 2.263107953140563e-34
3083 4482 17 3.2311409394409777e-28
3083 4483 19 2.6950765846887853e-32
3083 4484 18 3.0375236658252096e-30
3083 4485 19 2.6950765846887853e-32
3083 4486 17 3.2311409394409777e-28
3083 4487 22 1.3659442985038772e-38
3083 4488 17 3.2311409394409777e-28
3083 4489 13 2.169259376477878e-20
3083 4491 11 1.1351940611705118e-16
3083 4492 18 3.0375236658252096e-30
3083 4493 17 3.2311409394409777e-28
3083 4494 12 1.6362290064938565e-18
3083 4495 16 3.234057290674192e-26
3083 4496 12 1.6362290064938565e-18
3083 4497 12 1.6362290064938565e-18
3083 4498 17 3.2311409394409777e-28
3083 4499 13 2.169259376477878e-20
3083 4500 13 2.169259376477878e-20
3083 4501 7 9.709553548787674e-10
3083 4502 15 3.0352964318154732e-24
3083 4503 13 2.169259376477878e-20
3083 4504 11 1.1351940611705118e-16
3083 4506 12 1.6362290064938565e-18
3083 4507 8 2.127536630655899e-11
3083 4508 8 2.127536630655899e-11
3083 4510 11 1.1351940611705118e-16
3083 4511 11 1.1351940611705118e-16
3083 4512 12 1.6362290064938565e-18
3083 4513 8 2.127536630655899e-11
3083 4514 9 4.1307685973144986e-13
3083 4515 7 9.709553548787674e-10
3083 4516 9 4.1307685973144986e-13
3083 4518 17 3.2311409394409777e-28
3083 4520 7 9.709553548787674e-10
3083 4523 9 4.1307685973144986e-13
3083 4526 9 4.1307685973144986e-13
3083 4528 11 1.1351940611705118e-16
3083 4529 8 2.127536630655899e-11
3083 4534 8 2.127536630655899e-11
3083 4539 8 2.127536630655899e-11
3083 4549 8 2.127536630655899e-11
3083 4660 42 1.304228446338519e-84
3083 4661 8 2.127536630655899e-11
3083 4662 8 2.127536630655899e-11
3083 4663 10 7.194309034616784e-15
3083 4664 7 9.709553548787674e-10
3083 4668 9 4.1307685973144986e-13
3083 4669 7 9.709553548787674e-10
3083 4681 8 2.127536630655899e-11
3083 4683 10 7.194309034616784e-15
3083 4688 8 2.127536630655899e-11
3083 4708 7 9.709553548787674e-10
3083 4843 13 2.169259376477878e-20
3083 4845 8 2.127536630655899e-11
3083 4848 11 1.1351940611705118e-16
3083 4851 8 2.127536630655899e-11
3083 4857 8 2.127536630655899e-11
3083 4858 7 9.709553548787674e-10
3083 4860 8 2.127536630655899e-11
3083 4861 7 9.709553548787674e-10
3083 4862 13 2.169259376477878e-20
3083 4863 13 2.169259376477878e-20
3083 4866 8 2.127536630655899e-11
3083 4871 7 9.709553548787674e-10
3083 4873 7 9.709553548787674e-10
3083 4874 8 2.127536630655899e-11
3083 4875 10 7.194309034616784e-15
3083 4881 7 9.709553548787674e-10
3083 4882 7 9.709553548787674e-10
3083 4902 7 9.709553548787674e-10
3083 4906 8 2.127536630655899e-11
3083 4919 8 2.127536630655899e-11
3083 4957 7 9.709553548787674e-10
3083 4971 10 7.194309034616784e-15
3083 4972 11 1.1351940611705118e-16
3083 4973 12 1.6362290064938565e-18
3083 4974 8 2.127536630655899e-11
3083 4977 9 4.1307685973144986e-13
3083 4978 11 1.1351940611705118e-16
3083 4979 9 4.1307685973144986e-13
3083 4980 11 1.1351940611705118e-16
3083 4981 13 2.169259376477878e-20
3083 4982 9 4.1307685973144986e-13
3083 4983 12 1.6362290064938565e-18
3083 4984 9 4.1307685973144986e-13
3083 4985 9 4.1307685973144986e-13
3083 4987 9 4.1307685973144986e-13
3083 4990 9 4.1307685973144986e-13
3083 4992 10 7.194309034616784e-15
3083 4993 7 9.709553548787674e-10
3083 4994 7 9.709553548787674e-10
3083 4995 7 9.709553548787674e-10
3083 4996 10 7.194309034616784e-15
3083 5001 7 9.709553548787674e-10
3083 5002 8 2.127536630655899e-11
3083 5006 8 2.127536630655899e-11
3083 5039 7 9.709553548787674e-10
3087 4330 8 2.127536630655899e-11
3110 3616 11 1.1351940611705118e-16
3120 4571 9 4.1307685973144986e-13
3121 5287 7 9.709553548787674e-10
3136 4332 22 1.3659442985038772e-38
3142 4112 13 2.169259376477878e-20
3142 4886 27 1.7113156123482795e-49
3153 4398 14 2.660902904155298e-22
3155 3460 7 9.709553548787674e-10
3161 3708 7 9.709553548787674e-10
3202 3705 10 7.194309034616784e-15
3202 4220 7 9.709553548787674e-10
3232 4109 23 9.860380542054367e-41
3232 4176 10 7.194309034616784e-15
3244 3620 9 4.1307685973144986e-13
3244 3675 22 1.3659442985038772e-38
3244 4128 15 3.0352964318154732e-24
3265 5092 14 2.660902904155298e-22
3266 3495 7 9.709553548787674e-10
3267 3547 7 9.709553548787674e-10
3269 3590 7 9.709553548787674e-10
3285 3464 10 7.194309034616784e-15
3295 4543 66 2.8337090161248743e-146
3306 4907 19 2.6950765846887853e-32
3318 4928 8 2.127536630655899e-11
3320 4958 10 7.194309034616784e-15
3321 4958 20 2.263107953140563e-34
3321 4959 7 9.709553548787674e-10
3338 4564 8 2.127536630655899e-11
3338 4565 12 1.6362290064938565e-18
3379 3718 11 1.1351940611705118e-16
3380 3718 18 3.0375236658252096e-30
3397 4351 8 2.127536630655899e-11
3402 5128 24 6.795100158377477e-43
3417 5176 10 7.194309034616784e-15
3418 4304 10 7.194309034616784e-15
3418 4748 8 2.127536630655899e-11
3435 3774 7 9.709553548787674e-10
3457 5260 9 4.1307685973144986e-13
3465 3805 7 9.709553548787674e-10
3543 3776 22 1.3659442985038772e-38
3547 5254 10 7.194309034616784e-15
3561 4172 8 2.127536630655899e-11
3599 3880 8 2.127536630655899e-11
3645 4671 15 3.0352964318154732e-24
3647 4611 9 4.1307685973144986e-13
3681 4256 254 0.0
3700 4993 11 1.1351940611705118e-16
3717 4674 11 1.1351940611705118e-16
3763 4383 17 3.2311409394409777e-28
3764 4311 7 9.709553548787674e-10
3826 4256 7 9.709553548787674e-10
3846 4271 7 9.709553548787674e-10
3907 4974 8 2.127536630655899e-11
3919 4470 7 9.709553548787674e-10
3933 5105 8 2.127536630655899e-11
3939 4327 8 2.127536630655899e-11
3945 4935 8 2.127536630655899e-11
3953 4261 9 4.1307685973144986e-13
3959 5100 9 4.1307685973144986e-13
4033 4944 9 4.1307685973144986e-13
4065 4832 9 4.1307685973144986e-13
4095 4617 7 9.709553548787674e-10
4126 5140 7 9.709553548787674e-10
4130 4515 12 1.6362290064938565e-18
4167 4727 7 9.709553548787674e-10
4220 4625 10 7.194309034616784e-15
4249 4743 10 7.194309034616784e-15
4256 4274 9 4.1307685973144986e-13
4256 4275 11 1.1351940611705118e-16
4256 4276 11 1.1351940611705118e-16
4256 4278 7 9.709553548787674e-10
4256 4281 9 4.1307685973144986e-13
4256 4283 7 9.709553548787674e-10
4256 4284 10 7.194309034616784e-15
4256 4288 7 9.709553548787674e-10
4256 4290 8 2.127536630655899e-11
4256 4291 9 4.1307685973144986e-13
4256 4292 7 9.709553548787674e-10
4256 4294 8 2.127536630655899e-11
4256 4297 10 7.194309034616784e-15
4256 4298 9 4.1307685973144986e-13
4256 4299 10 7.194309034616784e-15
4256 4300 10 7.194309034616784e-15
4256 4308 9 4.1307685973144986e-13
4256 4469 7 9.709553548787674e-10
4256 4660 10 7.194309034616784e-15
4260 4385 7 9.709553548787674e-10
4271 4660 11 1.1351940611705118e-16
4271 4842 12 1.6362290064938565e-18
4271 4859 7 9.709553548787674e-10
4271 4864 10 7.194309034616784e-15
4271 4871 7 9.709553548787674e-10
4295 4709 9 4.1307685973144986e-13
4299 4553 10 7.194309034616784e-15
4310 4557 11 1.1351940611705118e-16
4350 4624 8 2.127536630655899e-11
4379 5003 9 4.1307685973144986e-13
4380 4472 9 4.1307685973144986e-13
4486 4955 9 4.1307685973144986e-13
4512 4848 10 7.194309034616784e-15
4531 4904 9 4.1307685973144986e-13
4543 4801 12 1.6362290064938565e-18
4555 5258 10 7.194309034616784e-15
4645 4693 8 2.127536630655899e-11
4912 5213 10 7.194309034616784e-15
