bin1 bin2 count p_value
6 3085 10 4.541782558329939e-14
7 3085 23 6.849119200206074e-39
8 3085 12 1.49800689966015e-17
9 3085 33 1.6033890023835606e-60
10 3085 33 1.6033890023835606e-60
10 5007 13 2.390830975878745e-19
10 5008 24 5.665371349526023e-41
11 3085 20 9.074679490440472e-33
12 3085 26 3.392265543978347e-45
13 2884 8 9.253997682279875e-11
13 3085 21 8.685335080017442e-35
14 3085 27 2.463077350016453e-47
15 3085 11 8.631204526814979e-16
16 3085 13 2.390830975878745e-19
17 3085 16 6.209362011484656e-25
18 3085 10 4.541782558329939e-14
19 3085 16 6.209362011484656e-25
19 3237 8 9.253997682279875e-11
20 3085 9 2.164787616338582e-12
21 3085 16 6.209362011484656e-25
22 3085 15 4.844581291711095e-23
23 3085 13 2.390830975878745e-19
24 3085 9 2.164787616338582e-12
25 3085 15 4.844581291711095e-23
26 3085 16 6.209362011484656e-25
27 3085 12 1.49800689966015e-17
28 3085 14 3.5296309805293866e-21
29 3085 14 3.5296309805293866e-21
30 3085 9 2.164787616338582e-12
31 3085 12 1.49800689966015e-17
32 3085 10 4.541782558329939e-14
33 1713 7 3.504726105503056e-09
33 1714 17 7.460814902921216e-27
33 3085 16 6.209362011484656e-25
34 3085 17 7.460814902921216e-27
35 2953 7 3.504726105503056e-09
35 3085 10 4.541782558329939e-14
36 3085 13 2.390830975878745e-19
37 3085 10 4.541782558329939e-14
38 3085 11 8.631204526814979e-16
39 3085 7 3.504726105503056e-09
40 3085 7 3.504726105503056e-09
41 3085 9 2.164787616338582e-12
42 2825 7 3.504726105503056e-09
42 3085 13 2.390830975878745e-19
43 3085 8 9.253997682279875e-11
44 2377 15 4.844581291711095e-23
45 3085 10 4.541782558329939e-14
46 3085 8 9.253997682279875e-11
48 3085 12 1.49800689966015e-17
49 3077 7 3.504726105503056e-09
49 3085 8 9.253997682279875e-11
52 3085 7 3.504726105503056e-09
53 3085 7 3.504726105503056e-09
54 3085 8 9.253997682279875e-11
55 3085 8 9.253997682279875e-11
57 3085 13 2.390830975878745e-19
58 3085 8 9.253997682279875e-11
66 3085 7 3.504726105503056e-09
67 3085 7 3.504726105503056e-09
67 3127 10 4.541782558329939e-14
68 3085 8 9.253997682279875e-11
71 1797 7 3.504726105503056e-09
76 3085 7 3.504726105503056e-09
76 3675 7 3.504726105503056e-09
80 3085 7 3.504726105503056e-09
86 3085 9 2.164787616338582e-12
87 3085 8 9.253997682279875e-11
88 3085 11 8.631204526814979e-16
97 3141 7 3.504726105503056e-09
98 3085 7 3.504726105503056e-09
99 913 7 3.504726105503056e-09
107 3085 7 3.504726105503056e-09
108 1907 7 3.504726105503056e-09
110 3085 7 3.504726105503056e-09
111 4926 42 2.760206366290351e-81
114 3887 7 3.504726105503056e-09
116 1652 8 9.253997682279875e-11
117 932 10 4.541782558329939e-14
117 4192 7 3.504726105503056e-09
118 3085 8 9.253997682279875e-11
121 1209 7 3.504726105503056e-09
122 3085 9 2.164787616338582e-12
124 4936 9 2.164787616338582e-12
130 725 7 3.504726105503056e-09
131 2547 12 1.49800689966015e-17
131 2548 9 2.164787616338582e-12
131 3839 10 4.541782558329939e-14
133 2706 18 8.432688325476247e-29
136 4657 7 3.504726105503056e-09
141 1571 9 2.164787616338582e-12
149 3883 7 3.504726105503056e-09
149 4526 7 3.504726105503056e-09
161 4668 14 3.5296309805293866e-21
168 585 10 4.541782558329939e-14
168 586 11 8.631204526814979e-16
170 4880 7 3.504726105503056e-09
179 873 17 7.460814902921216e-27
180 401 13 2.390830975878745e-19
180 402 10 4.541782558329939e-14
180 403 9 2.164787616338582e-12
180 1087 13 2.390830975878745e-19
180 1088 7 3.504726105503056e-09
180 1089 13 2.390830975878745e-19
180 3085 54 1.7221333384696752e-110
186 1128 11 8.631204526814979e-16
197 2257 10 4.541782558329939e-14
198 2755 8 9.253997682279875e-11
210 704 7 3.504726105503056e-09
215 2717 7 3.504726105503056e-09
221 2138 8 9.253997682279875e-11
222 1930 26 3.392265543978347e-45
223 1930 12 1.49800689966015e-17
234 4296 8 9.253997682279875e-11
234 4297 10 4.541782558329939e-14
239 4054 7 3.504726105503056e-09
256 1748 7 3.504726105503056e-09
260 1215 7 3.504726105503056e-09
270 1377 7 3.504726105503056e-09
270 2555 7 3.504726105503056e-09
271 1339 7 3.504726105503056e-09
271 2269 7 3.504726105503056e-09
271 3071 20 9.074679490440472e-33
272 704 7 3.504726105503056e-09
272 3251 7 3.504726105503056e-09
273 2399 16 6.209362011484656e-25
274 1331 7 3.504726105503056e-09
274 2053 7 3.504726105503056e-09
274 2054 8 9.253997682279875e-11
274 2399 30 7.426930607609437e-54
277 661 9 2.164787616338582e-12
277 1947 8 9.253997682279875e-11
278 3563 7 3.504726105503056e-09
278 3564 28 1.7172621269251437e-49
288 2831 10 4.541782558329939e-14
291 659 7 3.504726105503056e-09
295 913 10 4.541782558329939e-14
299 1160 9 2.164787616338582e-12
305 3916 22 7.90238574960726e-37
309 2613 23 6.849119200206074e-39
311 4523 11 8.631204526814979e-16
318 3220 19 8.993248631783676e-31
319 1974 12 1.49800689966015e-17
319 3220 8 9.253997682279875e-11
324 5052 7 3.504726105503056e-09
326 1421 7 3.504726105503056e-09
329 3141 15 4.844581291711095e-23
344 4118 7 3.504726105503056e-09
347 3071 15 4.844581291711095e-23
348 4345 13 2.390830975878745e-19
350 995 8 9.253997682279875e-11
360 2378 15 4.844581291711095e-23
365 725 7 3.504726105503056e-09
366 1065 8 9.253997682279875e-11
366 1066 12 1.49800689966015e-17
366 1691 7 3.504726105503056e-09
366 4889 8 9.253997682279875e-11
367 1691 7 3.504726105503056e-09
367 3275 7 3.504726105503056e-09
381 3905 11 8.631204526814979e-16
401 3085 19 8.993248631783676e-31
402 3085 34 8.971842090363009e-63
402 4618 15 4.844581291711095e-23
403 3085 25 4.48006818668276e-43
404 3085 16 6.209362011484656e-25
405 3085 25 4.48006818668276e-43
406 3085 21 8.685335080017442e-35
406 4479 7 3.504726105503056e-09
407 2497 24 5.665371349526023e-41
407 3085 12 1.49800689966015e-17
408 3085 21 8.685335080017442e-35
409 3085 18 8.432688325476247e-29
410 3085 9 2.164787616338582e-12
411 3085 11 8.631204526814979e-16
412 3085 10 4.541782558329939e-14
413 3085 11 8.631204526814979e-16
414 3085 14 3.5296309805293866e-21
415 3085 19 8.993248631783676e-31
416 3085 20 9.074679490440472e-33
417 3085 15 4.844581291711095e-23
418 3085 19 8.993248631783676e-31
418 3646 17 7.460814902921216e-27
419 3085 12 1.49800689966015e-17
419 3589 8 9.253997682279875e-11
420 3085 13 2.390830975878745e-19
421 3085 12 1.49800689966015e-17
422 3085 19 8.993248631783676e-31
423 2610 13 2.390830975878745e-19
423 3085 11 8.631204526814979e-16
424 3085 10 4.541782558329939e-14
425 3085 18 8.432688325476247e-29
426 3085 9 2.164787616338582e-12
427 3085 11 8.631204526814979e-16
428 3085 10 4.541782558329939e-14
430 3085 11 8.631204526814979e-16
431 3057 13 2.390830975878745e-19
431 3085 17 7.460814902921216e-27
432 3085 18 8.432688325476247e-29
433 3085 19 8.993248631783676e-31
434 3085 15 4.844581291711095e-23
435 3085 8 9.253997682279875e-11
436 3085 15 4.844581291711095e-23
437 3085 13 2.390830975878745e-19
440 3085 8 9.253997682279875e-11
441 3085 15 4.844581291711095e-23
442 3085 12 1.49800689966015e-17
443 2670 7 3.504726105503056e-09
443 3085 7 3.504726105503056e-09
444 3085 10 4.541782558329939e-14
445 3085 13 2.390830975878745e-19
446 3085 9 2.164787616338582e-12
448 4520 9 2.164787616338582e-12
449 1170 8 9.253997682279875e-11
450 2657 7 3.504726105503056e-09
450 4519 9 2.164787616338582e-12
453 4519 7 3.504726105503056e-09
455 1624 7 3.504726105503056e-09
455 4525 7 3.504726105503056e-09
455 4852 7 3.504726105503056e-09
456 2693 9 2.164787616338582e-12
457 4520 7 3.504726105503056e-09
457 4522 7 3.504726105503056e-09
457 4525 7 3.504726105503056e-09
458 4520 7 3.504726105503056e-09
458 4522 7 3.504726105503056e-09
458 4523 8 9.253997682279875e-11
458 4524 8 9.253997682279875e-11
459 1944 8 9.253997682279875e-11
459 4519 8 9.253997682279875e-11
459 4520 8 9.253997682279875e-11
459 4523 9 2.164787616338582e-12
463 1881 7 3.504726105503056e-09
464 1465 7 3.504726105503056e-09
464 2658 7 3.504726105503056e-09
466 3085 7 3.504726105503056e-09
470 3085 7 3.504726105503056e-09
473 3085 8 9.253997682279875e-11
483 1888 18 8.432688325476247e-29
487 1555 7 3.504726105503056e-09
488 4023 22 7.90238574960726e-37
493 2862 11 8.631204526814979e-16
500 3745 9 2.164787616338582e-12
508 2720 22 7.90238574960726e-37
509 2720 28 1.7172621269251437e-49
509 3802 10 4.541782558329939e-14
510 2720 9 2.164787616338582e-12
516 2439 10 4.541782558329939e-14
521 1122 9 2.164787616338582e-12
527 3085 8 9.253997682279875e-11
532 3052 8 9.253997682279875e-11
532 4535 7 3.504726105503056e-09
534 1667 29 1.1510946234824435e-51
534 1668 38 6.34984673458632e-72
534 3380 8 9.253997682279875e-11
539 3272 8 9.253997682279875e-11
542 1291 10 4.541782558329939e-14
542 1292 31 4.617487885837266e-56
549 4177 10 4.541782558329939e-14
562 2161 8 9.253997682279875e-11
564 2129 11 8.631204526814979e-16
578 3844 10 4.541782558329939e-14
592 3085 7 3.504726105503056e-09
594 5152 15 4.844581291711095e-23
595 2965 23 6.849119200206074e-39
603 2848 8 9.253997682279875e-11
620 2143 18 8.432688325476247e-29
621 4083 8 9.253997682279875e-11
623 922 21 8.685335080017442e-35
630 2272 7 3.504726105503056e-09
632 4854 17 7.460814902921216e-27
638 3772 14 3.5296309805293866e-21
639 2327 21 8.685335080017442e-35
639 3311 16 6.209362011484656e-25
651 1270 32 2.7691323964857773e-58
652 1270 7 3.504726105503056e-09
654 2648 14 3.5296309805293866e-21
656 2101 7 3.504726105503056e-09
657 4006 13 2.390830975878745e-19
658 4006 30 7.426930607609437e-54
667 1480 17 7.460814902921216e-27
675 4018 18 8.432688325476247e-29
683 958 11 8.631204526814979e-16
683 959 15 4.844581291711095e-23
687 4643 11 8.631204526814979e-16
692 2527 7 3.504726105503056e-09
696 1205 10 4.541782558329939e-14
700 4264 7 3.504726105503056e-09
701 2214 7 3.504726105503056e-09
702 2666 8 9.253997682279875e-11
702 3914 11 8.631204526814979e-16
703 3914 31 4.617487885837266e-56
704 1283 8 9.253997682279875e-11
704 3914 10 4.541782558329939e-14
704 4334 7 3.504726105503056e-09
705 2562 34 8.971842090363009e-63
705 2563 11 8.631204526814979e-16
705 3310 9 2.164787616338582e-12
708 3314 7 3.504726105503056e-09
709 1674 7 3.504726105503056e-09
709 1691 8 9.253997682279875e-11
710 2994 19 8.993248631783676e-31
712 3071 7 3.504726105503056e-09
712 3072 8 9.253997682279875e-11
712 5124 7 3.504726105503056e-09
716 4992 7 3.504726105503056e-09
719 3029 9 2.164787616338582e-12
721 1204 21 8.685335080017442e-35
722 3308 7 3.504726105503056e-09
724 3309 9 2.164787616338582e-12
725 3317 7 3.504726105503056e-09
726 3315 7 3.504726105503056e-09
727 2266 7 3.504726105503056e-09
727 3311 8 9.253997682279875e-11
727 3312 8 9.253997682279875e-11
727 3313 7 3.504726105503056e-09
729 1376 7 3.504726105503056e-09
729 3274 7 3.504726105503056e-09
729 3321 7 3.504726105503056e-09
730 1821 15 4.844581291711095e-23
730 2556 7 3.504726105503056e-09
731 3314 9 2.164787616338582e-12
731 3317 7 3.504726105503056e-09
731 3318 10 4.541782558329939e-14
732 3292 7 3.504726105503056e-09
732 3318 7 3.504726105503056e-09
733 1315 7 3.504726105503056e-09
740 3314 7 3.504726105503056e-09
755 1345 7 3.504726105503056e-09
755 1663 7 3.504726105503056e-09
755 3320 8 9.253997682279875e-11
755 3321 11 8.631204526814979e-16
755 3834 8 9.253997682279875e-11
756 1376 7 3.504726105503056e-09
756 3321 9 2.164787616338582e-12
756 3322 9 2.164787616338582e-12
757 3321 12 1.49800689966015e-17
757 3322 8 9.253997682279875e-11
758 777 14 3.5296309805293866e-21
758 1390 8 9.253997682279875e-11
758 1391 10 4.541782558329939e-14
758 1437 9 2.164787616338582e-12
758 1996 7 3.504726105503056e-09
758 2302 7 3.504726105503056e-09
758 2303 7 3.504726105503056e-09
758 3321 7 3.504726105503056e-09
758 3322 14 3.5296309805293866e-21
758 4547 26 3.392265543978347e-45
767 3085 16 6.209362011484656e-25
768 3085 13 2.390830975878745e-19
769 3085 18 8.432688325476247e-29
770 3085 11 8.631204526814979e-16
771 3085 10 4.541782558329939e-14
772 3085 14 3.5296309805293866e-21
772 3957 9 2.164787616338582e-12
772 4547 8 9.253997682279875e-11
773 3085 8 9.253997682279875e-11
774 3085 9 2.164787616338582e-12
775 3085 15 4.844581291711095e-23
776 3085 14 3.5296309805293866e-21
777 3085 19 8.993248631783676e-31
777 4547 9 2.164787616338582e-12
778 3085 13 2.390830975878745e-19
779 3085 16 6.209362011484656e-25
780 3085 15 4.844581291711095e-23
781 3085 10 4.541782558329939e-14
782 3085 8 9.253997682279875e-11
783 3085 12 1.49800689966015e-17
786 3750 8 9.253997682279875e-11
789 3085 9 2.164787616338582e-12
790 3085 8 9.253997682279875e-11
792 2752 7 3.504726105503056e-09
792 3085 8 9.253997682279875e-11
793 3085 10 4.541782558329939e-14
794 3085 11 8.631204526814979e-16
795 3085 8 9.253997682279875e-11
797 3085 10 4.541782558329939e-14
798 1390 20 9.074679490440472e-33
798 3085 9 2.164787616338582e-12
799 1390 10 4.541782558329939e-14
799 3085 7 3.504726105503056e-09
801 3085 9 2.164787616338582e-12
804 3085 10 4.541782558329939e-14
808 3085 7 3.504726105503056e-09
808 5105 27 2.463077350016453e-47
809 3085 10 4.541782558329939e-14
810 3085 7 3.504726105503056e-09
812 3085 10 4.541782558329939e-14
814 3085 15 4.844581291711095e-23
815 3085 8 9.253997682279875e-11
816 3085 12 1.49800689966015e-17
816 3927 10 4.541782558329939e-14
817 3085 11 8.631204526814979e-16
819 3085 7 3.504726105503056e-09
820 3085 7 3.504726105503056e-09
821 3085 12 1.49800689966015e-17
822 3085 7 3.504726105503056e-09
824 1420 22 7.90238574960726e-37
824 3085 12 1.49800689966015e-17
825 1420 11 8.631204526814979e-16
825 3085 11 8.631204526814979e-16
828 3698 7 3.504726105503056e-09
828 3699 9 2.164787616338582e-12
831 3085 7 3.504726105503056e-09
832 3834 25 4.48006818668276e-43
832 3835 12 1.49800689966015e-17
834 1406 12 1.49800689966015e-17
834 3775 9 2.164787616338582e-12
834 3776 17 7.460814902921216e-27
836 3085 11 8.631204526814979e-16
838 2373 13 2.390830975878745e-19
839 3085 7 3.504726105503056e-09
847 3085 8 9.253997682279875e-11
851 4006 10 4.541782558329939e-14
860 3085 8 9.253997682279875e-11
862 3876 10 4.541782558329939e-14
867 3085 8 9.253997682279875e-11
869 3085 9 2.164787616338582e-12
877 2872 8 9.253997682279875e-11
877 3085 9 2.164787616338582e-12
877 3949 12 1.49800689966015e-17
878 2872 14 3.5296309805293866e-21
902 1487 8 9.253997682279875e-11
907 1612 7 3.504726105503056e-09
910 1456 19 8.993248631783676e-31
910 1457 9 2.164787616338582e-12
912 3850 15 4.844581291711095e-23
919 3717 8 9.253997682279875e-11
924 1850 10 4.541782558329939e-14
924 4190 7 3.504726105503056e-09
929 2028 30 7.426930607609437e-54
932 4437 7 3.504726105503056e-09
933 4131 7 3.504726105503056e-09
933 4132 15 4.844581291711095e-23
933 4171 11 8.631204526814979e-16
933 4437 7 3.504726105503056e-09
933 4542 7 3.504726105503056e-09
935 1715 7 3.504726105503056e-09
935 1716 14 3.5296309805293866e-21
936 2475 8 9.253997682279875e-11
936 2476 19 8.993248631783676e-31
936 3273 8 9.253997682279875e-11
936 4563 7 3.504726105503056e-09
937 1346 12 1.49800689966015e-17
937 2785 9 2.164787616338582e-12
938 1357 7 3.504726105503056e-09
938 1638 7 3.504726105503056e-09
938 2786 9 2.164787616338582e-12
938 3320 7 3.504726105503056e-09
938 3669 7 3.504726105503056e-09
938 4260 8 9.253997682279875e-11
939 2786 7 3.504726105503056e-09
940 2786 8 9.253997682279875e-11
942 2333 13 2.390830975878745e-19
951 3235 7 3.504726105503056e-09
953 4259 7 3.504726105503056e-09
958 4128 18 8.432688325476247e-29
958 4129 33 1.6033890023835606e-60
963 4539 10 4.541782558329939e-14
963 4739 7 3.504726105503056e-09
970 3748 8 9.253997682279875e-11
983 2195 9 2.164787616338582e-12
991 3970 13 2.390830975878745e-19
1014 5107 11 8.631204526814979e-16
1034 3884 18 8.432688325476247e-29
1036 1141 18 8.432688325476247e-29
1036 1142 14 3.5296309805293866e-21
1036 3161 10 4.541782558329939e-14
1049 5006 11 8.631204526814979e-16
1051 2680 20 9.074679490440472e-33
1051 3441 15 4.844581291711095e-23
1052 1654 9 2.164787616338582e-12
1052 2993 9 2.164787616338582e-12
1062 2654 9 2.164787616338582e-12
1068 1325 7 3.504726105503056e-09
1079 1697 12 1.49800689966015e-17
1086 1704 8 9.253997682279875e-11
1086 1705 19 8.993248631783676e-31
1086 2004 9 2.164787616338582e-12
1086 2005 11 8.631204526814979e-16
1086 2310 23 6.849119200206074e-39
1086 2311 33 1.6033890023835606e-60
1086 3085 7 3.504726105503056e-09
1086 3575 8 9.253997682279875e-11
1087 3085 12 1.49800689966015e-17
1088 1684 7 3.504726105503056e-09
1088 3085 21 8.685335080017442e-35
1089 3085 18 8.432688325476247e-29
1090 3085 13 2.390830975878745e-19
1091 3085 16 6.209362011484656e-25
1092 3085 13 2.390830975878745e-19
1093 3085 18 8.432688325476247e-29
1094 3085 16 6.209362011484656e-25
1095 3085 11 8.631204526814979e-16
1096 3085 17 7.460814902921216e-27
1097 3085 13 2.390830975878745e-19
1098 3085 18 8.432688325476247e-29
1099 3085 20 9.074679490440472e-33
1100 3085 13 2.390830975878745e-19
1101 3085 16 6.209362011484656e-25
1102 3085 16 6.209362011484656e-25
1102 4861 17 7.460814902921216e-27
1103 3085 16 6.209362011484656e-25
1104 3085 14 3.5296309805293866e-21
1106 3085 10 4.541782558329939e-14
1107 3085 14 3.5296309805293866e-21
1108 3085 8 9.253997682279875e-11
1109 3085 10 4.541782558329939e-14
1110 3085 16 6.209362011484656e-25
1111 3085 7 3.504726105503056e-09
1112 3085 11 8.631204526814979e-16
1113 3085 7 3.504726105503056e-09
1114 3085 7 3.504726105503056e-09
1115 3085 9 2.164787616338582e-12
1117 3085 9 2.164787616338582e-12
1118 3085 10 4.541782558329939e-14
1119 3085 16 6.209362011484656e-25
1120 3085 10 4.541782558329939e-14
1121 2476 8 9.253997682279875e-11
1121 3085 7 3.504726105503056e-09
1122 3085 12 1.49800689966015e-17
1123 3085 10 4.541782558329939e-14
1124 3085 11 8.631204526814979e-16
1126 3085 11 8.631204526814979e-16
1127 3085 7 3.504726105503056e-09
1128 3085 11 8.631204526814979e-16
1131 3085 7 3.504726105503056e-09
1132 3085 9 2.164787616338582e-12
1136 3085 7 3.504726105503056e-09
1141 4679 14 3.5296309805293866e-21
1145 3085 8 9.253997682279875e-11
1145 4038 11 8.631204526814979e-16
1146 3085 9 2.164787616338582e-12
1147 1654 12 1.49800689966015e-17
1147 3085 7 3.504726105503056e-09
1149 3085 9 2.164787616338582e-12
1150 3085 12 1.49800689966015e-17
1157 3085 8 9.253997682279875e-11
1160 3085 8 9.253997682279875e-11
1161 3085 8 9.253997682279875e-11
1162 4611 21 8.685335080017442e-35
1163 3085 7 3.504726105503056e-09
1163 3236 7 3.504726105503056e-09
1167 3031 11 8.631204526814979e-16
1169 3085 9 2.164787616338582e-12
1170 3085 7 3.504726105503056e-09
1171 2704 8 9.253997682279875e-11
1173 3085 7 3.504726105503056e-09
1173 3313 7 3.504726105503056e-09
1177 3085 8 9.253997682279875e-11
1184 4923 11 8.631204526814979e-16
1193 1832 7 3.504726105503056e-09
1199 2835 7 3.504726105503056e-09
1218 3398 7 3.504726105503056e-09
1220 3276 8 9.253997682279875e-11
1223 4861 18 8.432688325476247e-29
1223 4862 9 2.164787616338582e-12
1230 3358 7 3.504726105503056e-09
1251 3262 7 3.504726105503056e-09
1277 1524 10 4.541782558329939e-14
1278 5130 11 8.631204526814979e-16
1283 2842 8 9.253997682279875e-11
1292 3473 9 2.164787616338582e-12
1297 2835 12 1.49800689966015e-17
1307 3169 7 3.504726105503056e-09
1310 2700 18 8.432688325476247e-29
1313 2567 10 4.541782558329939e-14
1314 4389 8 9.253997682279875e-11
1318 3199 16 6.209362011484656e-25
1325 3592 7 3.504726105503056e-09
1327 4782 8 9.253997682279875e-11
1331 2555 8 9.253997682279875e-11
1339 4220 7 3.504726105503056e-09
1339 4221 7 3.504726105503056e-09
1341 3314 7 3.504726105503056e-09
1343 3927 11 8.631204526814979e-16
1344 2688 7 3.504726105503056e-09
1344 4532 7 3.504726105503056e-09
1345 3310 7 3.504726105503056e-09
1345 4304 16 6.209362011484656e-25
1346 4532 7 3.504726105503056e-09
1347 2978 7 3.504726105503056e-09
1347 4731 7 3.504726105503056e-09
1348 4731 7 3.504726105503056e-09
1349 2784 7 3.504726105503056e-09
1351 4849 10 4.541782558329939e-14
1352 4213 7 3.504726105503056e-09
1352 4522 7 3.504726105503056e-09
1354 1477 11 8.631204526814979e-16
1354 1640 7 3.504726105503056e-09
1354 2312 7 3.504726105503056e-09
1354 2784 7 3.504726105503056e-09
1355 1477 17 7.460814902921216e-27
1355 4527 7 3.504726105503056e-09
1356 1869 7 3.504726105503056e-09
1356 2785 7 3.504726105503056e-09
1358 3314 7 3.504726105503056e-09
1358 4219 7 3.504726105503056e-09
1361 3085 10 4.541782558329939e-14
1361 4219 7 3.504726105503056e-09
1362 2550 7 3.504726105503056e-09
1369 4313 31 4.617487885837266e-56
1374 1815 7 3.504726105503056e-09
1374 3365 8 9.253997682279875e-11
1374 4544 9 2.164787616338582e-12
1376 1637 7 3.504726105503056e-09
1376 1639 7 3.504726105503056e-09
1377 1634 8 9.253997682279875e-11
1377 1637 7 3.504726105503056e-09
1377 4731 7 3.504726105503056e-09
1378 2522 7 3.504726105503056e-09
1379 1621 7 3.504726105503056e-09
1379 1622 7 3.504726105503056e-09
1379 1623 7 3.504726105503056e-09
1379 1626 9 2.164787616338582e-12
1379 1634 7 3.504726105503056e-09
1379 2978 7 3.504726105503056e-09
1380 2691 8 9.253997682279875e-11
1382 1619 7 3.504726105503056e-09
1382 1691 7 3.504726105503056e-09
1383 1618 7 3.504726105503056e-09
1383 1624 7 3.504726105503056e-09
1383 1629 11 8.631204526814979e-16
1383 3318 7 3.504726105503056e-09
1385 1637 7 3.504726105503056e-09
1389 4242 9 2.164787616338582e-12
1390 2295 7 3.504726105503056e-09
1390 4014 10 4.541782558329939e-14
1390 4015 25 4.48006818668276e-43
1390 4227 8 9.253997682279875e-11
1390 4731 15 4.844581291711095e-23
1391 3321 9 2.164787616338582e-12
1391 3322 7 3.504726105503056e-09
1391 4731 53 5.35525292088378e-108
1399 2455 7 3.504726105503056e-09
1399 2456 14 3.5296309805293866e-21
1399 3085 23 6.849119200206074e-39
1399 3575 10 4.541782558329939e-14
1400 3085 13 2.390830975878745e-19
1401 3085 11 8.631204526814979e-16
1402 3085 13 2.390830975878745e-19
1403 3085 10 4.541782558329939e-14
1404 3085 11 8.631204526814979e-16
1405 3085 7 3.504726105503056e-09
1407 3085 9 2.164787616338582e-12
1408 2933 9 2.164787616338582e-12
1408 3085 7 3.504726105503056e-09
1409 3085 7 3.504726105503056e-09
1410 3085 16 6.209362011484656e-25
1410 4085 7 3.504726105503056e-09
1412 3085 8 9.253997682279875e-11
1418 3085 14 3.5296309805293866e-21
1419 3085 11 8.631204526814979e-16
1420 3085 10 4.541782558329939e-14
1421 3085 8 9.253997682279875e-11
1423 3085 11 8.631204526814979e-16
1424 3085 12 1.49800689966015e-17
1425 3085 15 4.844581291711095e-23
1426 3085 13 2.390830975878745e-19
1427 3085 9 2.164787616338582e-12
1428 3085 8 9.253997682279875e-11
1429 3085 12 1.49800689966015e-17
1431 3085 8 9.253997682279875e-11
1431 4887 9 2.164787616338582e-12
1433 3085 11 8.631204526814979e-16
1434 3085 9 2.164787616338582e-12
1434 4049 11 8.631204526814979e-16
1435 3085 11 8.631204526814979e-16
1437 3085 8 9.253997682279875e-11
1438 3085 8 9.253997682279875e-11
1438 3367 11 8.631204526814979e-16
1442 3085 12 1.49800689966015e-17
1448 3085 8 9.253997682279875e-11
1449 3085 8 9.253997682279875e-11
1450 3085 8 9.253997682279875e-11
1451 3085 7 3.504726105503056e-09
1452 2994 7 3.504726105503056e-09
1452 3314 11 8.631204526814979e-16
1453 3085 7 3.504726105503056e-09
1454 2058 8 9.253997682279875e-11
1455 2688 7 3.504726105503056e-09
1455 3085 7 3.504726105503056e-09
1455 4538 7 3.504726105503056e-09
1457 3085 7 3.504726105503056e-09
1457 3091 7 3.504726105503056e-09
1458 3085 66 3.7526612437002593e-141
1458 3748 16 6.209362011484656e-25
1459 3085 14 3.5296309805293866e-21
1460 3085 7 3.504726105503056e-09
1464 2939 8 9.253997682279875e-11
1464 2972 10 4.541782558329939e-14
1467 2008 24 5.665371349526023e-41
1467 3085 8 9.253997682279875e-11
1469 2985 8 9.253997682279875e-11
1470 3085 7 3.504726105503056e-09
1471 4313 7 3.504726105503056e-09
1476 5127 9 2.164787616338582e-12
1479 2441 7 3.504726105503056e-09
1481 3786 8 9.253997682279875e-11
1490 2495 7 3.504726105503056e-09
1494 1862 7 3.504726105503056e-09
1541 3051 10 4.541782558329939e-14
1542 3051 54 1.7221333384696752e-110
1543 3051 27 2.463077350016453e-47
1543 3194 14 3.5296309805293866e-21
1548 2331 7 3.504726105503056e-09
1548 2332 7 3.504726105503056e-09
1552 4276 11 8.631204526814979e-16
1557 4091 8 9.253997682279875e-11
1569 3531 7 3.504726105503056e-09
1573 2734 20 9.074679490440472e-33
1578 4279 26 3.392265543978347e-45
1585 5231 8 9.253997682279875e-11
1612 3141 7 3.504726105503056e-09
1622 3225 16 6.209362011484656e-25
1623 2141 9 2.164787616338582e-12
1624 4517 7 3.504726105503056e-09
1625 3318 7 3.504726105503056e-09
1625 4520 7 3.504726105503056e-09
1626 4528 7 3.504726105503056e-09
1627 4523 7 3.504726105503056e-09
1628 1992 8 9.253997682279875e-11
1630 2812 7 3.504726105503056e-09
1636 3277 12 1.49800689966015e-17
1638 2557 8 9.253997682279875e-11
1639 2555 9 2.164787616338582e-12
1640 4516 7 3.504726105503056e-09
1642 3089 7 3.504726105503056e-09
1647 4190 8 9.253997682279875e-11
1652 3160 7 3.504726105503056e-09
1652 3550 7 3.504726105503056e-09
1653 3880 40 1.4034758101680825e-76
1653 4515 7 3.504726105503056e-09
1653 4516 34 8.971842090363009e-63
1664 1706 15 4.844581291711095e-23
1665 2785 7 3.504726105503056e-09
1665 3550 7 3.504726105503056e-09
1668 4519 7 3.504726105503056e-09
1669 1916 7 3.504726105503056e-09
1669 4377 8 9.253997682279875e-11
1680 3496 7 3.504726105503056e-09
1682 3498 7 3.504726105503056e-09
1684 2658 8 9.253997682279875e-11
1684 5102 12 1.49800689966015e-17
1686 2652 12 1.49800689966015e-17
1686 2841 18 8.432688325476247e-29
1686 3297 15 4.844581291711095e-23
1686 4540 7 3.504726105503056e-09
1686 4547 91 6.027046950601727e-209
1688 2532 7 3.504726105503056e-09
1689 3550 9 2.164787616338582e-12
1691 2450 11 8.631204526814979e-16
1691 2560 9 2.164787616338582e-12
1692 2450 8 9.253997682279875e-11
1692 2530 7 3.504726105503056e-09
1692 2675 7 3.504726105503056e-09
1694 3294 7 3.504726105503056e-09
1696 5292 7 3.504726105503056e-09
1697 2567 7 3.504726105503056e-09
1704 3085 14 3.5296309805293866e-21
1704 3297 9 2.164787616338582e-12
1704 4547 127 0.0
1705 3085 20 9.074679490440472e-33
1705 4276 22 7.90238574960726e-37
1705 4665 11 8.631204526814979e-16
1706 2710 16 6.209362011484656e-25
1706 3085 25 4.48006818668276e-43
1706 4276 7 3.504726105503056e-09
1707 3085 19 8.993248631783676e-31
1708 3085 16 6.209362011484656e-25
1709 3085 16 6.209362011484656e-25
1710 3085 17 7.460814902921216e-27
1710 3682 11 8.631204526814979e-16
1710 4477 7 3.504726105503056e-09
1710 4478 7 3.504726105503056e-09
1711 3085 12 1.49800689966015e-17
1712 3085 12 1.49800689966015e-17
1712 4585 8 9.253997682279875e-11
1713 3085 15 4.844581291711095e-23
1714 3085 13 2.390830975878745e-19
1714 4164 11 8.631204526814979e-16
1715 3085 21 8.685335080017442e-35
1716 3085 11 8.631204526814979e-16
1716 4307 8 9.253997682279875e-11
1717 3085 10 4.541782558329939e-14
1720 3085 10 4.541782558329939e-14
1721 2415 9 2.164787616338582e-12
1721 3085 13 2.390830975878745e-19
1722 3085 12 1.49800689966015e-17
1723 3085 7 3.504726105503056e-09
1724 3085 11 8.631204526814979e-16
1725 3085 15 4.844581291711095e-23
1726 3085 10 4.541782558329939e-14
1727 3085 15 4.844581291711095e-23
1728 3085 10 4.541782558329939e-14
1729 3085 9 2.164787616338582e-12
1730 3085 9 2.164787616338582e-12
1731 3085 10 4.541782558329939e-14
1732 3085 14 3.5296309805293866e-21
1733 2374 19 8.993248631783676e-31
1733 3085 11 8.631204526814979e-16
1734 3085 12 1.49800689966015e-17
1734 4764 8 9.253997682279875e-11
1735 3085 10 4.541782558329939e-14
1736 3085 8 9.253997682279875e-11
1737 3085 11 8.631204526814979e-16
1738 5048 7 3.504726105503056e-09
1740 3085 11 8.631204526814979e-16
1741 3085 13 2.390830975878745e-19
1742 3085 9 2.164787616338582e-12
1743 3085 10 4.541782558329939e-14
1744 3085 8 9.253997682279875e-11
1745 3085 10 4.541782558329939e-14
1746 3085 12 1.49800689966015e-17
1747 3085 10 4.541782558329939e-14
1749 3085 11 8.631204526814979e-16
1750 3085 9 2.164787616338582e-12
1751 2366 16 6.209362011484656e-25
1752 3085 9 2.164787616338582e-12
1753 3085 7 3.504726105503056e-09
1754 3085 9 2.164787616338582e-12
1755 3085 11 8.631204526814979e-16
1756 3085 12 1.49800689966015e-17
1757 3085 9 2.164787616338582e-12
1758 3088 7 3.504726105503056e-09
1759 3085 8 9.253997682279875e-11
1760 2940 7 3.504726105503056e-09
1760 3085 9 2.164787616338582e-12
1760 3088 9 2.164787616338582e-12
1760 4334 7 3.504726105503056e-09
1760 4701 8 9.253997682279875e-11
1760 4849 7 3.504726105503056e-09
1763 3085 7 3.504726105503056e-09
1764 3085 9 2.164787616338582e-12
1765 3085 8 9.253997682279875e-11
1766 3085 8 9.253997682279875e-11
1767 3085 8 9.253997682279875e-11
1768 3085 7 3.504726105503056e-09
1769 3085 7 3.504726105503056e-09
1772 3085 9 2.164787616338582e-12
1773 3085 8 9.253997682279875e-11
1773 3379 29 1.1510946234824435e-51
1773 3380 8 9.253997682279875e-11
1774 3085 10 4.541782558329939e-14
1775 3085 11 8.631204526814979e-16
1776 3085 11 8.631204526814979e-16
1777 3085 9 2.164787616338582e-12
1791 3805 7 3.504726105503056e-09
1795 3085 7 3.504726105503056e-09
1798 4575 14 3.5296309805293866e-21
1801 4850 7 3.504726105503056e-09
1802 3085 8 9.253997682279875e-11
1806 4958 23 6.849119200206074e-39
1812 3665 23 6.849119200206074e-39
1812 4333 19 8.993248631783676e-31
1815 2259 8 9.253997682279875e-11
1831 3172 24 5.665371349526023e-41
1832 4215 7 3.504726105503056e-09
1832 4841 12 1.49800689966015e-17
1833 4841 37 1.2908100447351543e-69
1838 4897 28 1.7172621269251437e-49
1838 4898 47 2.922737323780643e-93
1843 2835 7 3.504726105503056e-09
1845 3553 13 2.390830975878745e-19
1847 4085 9 2.164787616338582e-12
1851 4366 11 8.631204526814979e-16
1852 2644 13 2.390830975878745e-19
1860 2815 7 3.504726105503056e-09
1869 2326 10 4.541782558329939e-14
1881 2208 23 6.849119200206074e-39
1882 4901 19 8.993248631783676e-31
1911 5046 15 4.844581291711095e-23
1915 4377 7 3.504726105503056e-09
1916 4377 27 2.463077350016453e-47
1922 3292 11 8.631204526814979e-16
1928 3537 7 3.504726105503056e-09
1928 3710 11 8.631204526814979e-16
1929 5145 12 1.49800689966015e-17
1940 3311 7 3.504726105503056e-09
1948 2746 13 2.390830975878745e-19
1955 2931 7 3.504726105503056e-09
1955 4595 9 2.164787616338582e-12
1964 2380 30 7.426930607609437e-54
1979 3886 15 4.844581291711095e-23
1992 2860 14 3.5296309805293866e-21
1992 2992 30 7.426930607609437e-54
1993 2992 11 8.631204526814979e-16
2004 3085 29 1.1510946234824435e-51
2005 3085 53 5.35525292088378e-108
2005 3086 7 3.504726105503056e-09
2005 4260 9 2.164787616338582e-12
2005 4474 7 3.504726105503056e-09
2006 3085 11 8.631204526814979e-16
2007 3085 20 9.074679490440472e-33
2008 3085 22 7.90238574960726e-37
2009 3085 10 4.541782558329939e-14
2010 3085 17 7.460814902921216e-27
2011 3085 28 1.7172621269251437e-49
2012 3085 27 2.463077350016453e-47
2013 2817 20 9.074679490440472e-33
2013 5299 18 8.432688325476247e-29
2020 3085 7 3.504726105503056e-09
2023 3085 10 4.541782558329939e-14
2023 4670 8 9.253997682279875e-11
2024 3085 16 6.209362011484656e-25
2025 3085 18 8.432688325476247e-29
2026 2522 7 3.504726105503056e-09
2026 3085 13 2.390830975878745e-19
2028 3085 7 3.504726105503056e-09
2031 3085 8 9.253997682279875e-11
2032 3085 13 2.390830975878745e-19
2033 3052 9 2.164787616338582e-12
2033 3085 13 2.390830975878745e-19
2033 3881 13 2.390830975878745e-19
2035 3085 10 4.541782558329939e-14
2035 3279 7 3.504726105503056e-09
2036 3085 7 3.504726105503056e-09
2037 3085 9 2.164787616338582e-12
2038 2352 7 3.504726105503056e-09
2038 3085 8 9.253997682279875e-11
2039 3085 10 4.541782558329939e-14
2045 3225 7 3.504726105503056e-09
2045 3789 7 3.504726105503056e-09
2047 3085 7 3.504726105503056e-09
2048 2392 8 9.253997682279875e-11
2048 2393 15 4.844581291711095e-23
2048 2394 11 8.631204526814979e-16
2048 3085 10 4.541782558329939e-14
2049 3085 8 9.253997682279875e-11
2050 3085 9 2.164787616338582e-12
2051 3085 15 4.844581291711095e-23
2054 3040 7 3.504726105503056e-09
2054 3085 7 3.504726105503056e-09
2055 3085 8 9.253997682279875e-11
2056 4855 8 9.253997682279875e-11
2057 2630 10 4.541782558329939e-14
2057 3089 7 3.504726105503056e-09
2058 3088 7 3.504726105503056e-09
2058 3357 10 4.541782558329939e-14
2059 3085 11 8.631204526814979e-16
2059 3088 8 9.253997682279875e-11
2061 3085 10 4.541782558329939e-14
2062 3085 10 4.541782558329939e-14
2062 3483 10 4.541782558329939e-14
2068 4783 8 9.253997682279875e-11
2092 3085 7 3.504726105503056e-09
2093 4998 8 9.253997682279875e-11
2098 4290 7 3.504726105503056e-09
2099 3085 7 3.504726105503056e-09
2100 3085 7 3.504726105503056e-09
2103 4850 7 3.504726105503056e-09
2140 3921 8 9.253997682279875e-11
2160 3335 8 9.253997682279875e-11
2165 4026 7 3.504726105503056e-09
2172 4221 11 8.631204526814979e-16
2173 5298 13 2.390830975878745e-19
2176 2874 11 8.631204526814979e-16
2180 2410 9 2.164787616338582e-12
2185 3958 12 1.49800689966015e-17
2185 4079 19 8.993248631783676e-31
2186 3958 12 1.49800689966015e-17
2191 2324 15 4.844581291711095e-23
2191 4655 14 3.5296309805293866e-21
2191 4656 15 4.844581291711095e-23
2191 4657 7 3.504726105503056e-09
2197 3264 16 6.209362011484656e-25
2202 2428 7 3.504726105503056e-09
2206 4407 18 8.432688325476247e-29
2207 4885 8 9.253997682279875e-11
2216 2664 17 7.460814902921216e-27
2220 3365 9 2.164787616338582e-12
2221 4088 12 1.49800689966015e-17
2222 3565 20 9.074679490440472e-33
2233 2919 9 2.164787616338582e-12
2240 2924 20 9.074679490440472e-33
2240 2925 20 9.074679490440472e-33
2243 4540 9 2.164787616338582e-12
2257 2972 10 4.541782558329939e-14
2265 3684 10 4.541782558329939e-14
2266 2555 7 3.504726105503056e-09
2266 2977 7 3.504726105503056e-09
2266 3074 7 3.504726105503056e-09
2269 2798 7 3.504726105503056e-09
2270 3282 11 8.631204526814979e-16
2270 4933 33 1.6033890023835606e-60
2296 2782 7 3.504726105503056e-09
2301 3168 7 3.504726105503056e-09
2302 2809 8 9.253997682279875e-11
2302 2810 7 3.504726105503056e-09
2302 4936 7 3.504726105503056e-09
2303 4267 7 3.504726105503056e-09
2310 3085 26 3.392265543978347e-45
2311 2611 7 3.504726105503056e-09
2311 3085 56 1.6619641073555224e-115
2311 4260 15 4.844581291711095e-23
2311 4474 8 9.253997682279875e-11
2312 3085 27 2.463077350016453e-47
2312 4547 110 0.0
2313 2654 19 8.993248631783676e-31
2313 3085 26 3.392265543978347e-45
2313 3575 11 8.631204526814979e-16
2313 3867 13 2.390830975878745e-19
2314 3085 21 8.685335080017442e-35
2315 3085 13 2.390830975878745e-19
2315 3848 20 9.074679490440472e-33
2315 3849 10 4.541782558329939e-14
2316 3085 13 2.390830975878745e-19
2317 3085 15 4.844581291711095e-23
2317 4260 7 3.504726105503056e-09
2318 3085 11 8.631204526814979e-16
2319 3085 12 1.49800689966015e-17
2320 3085 20 9.074679490440472e-33
2321 3085 22 7.90238574960726e-37
2321 4260 8 9.253997682279875e-11
2322 3085 26 3.392265543978347e-45
2323 3085 26 3.392265543978347e-45
2324 3085 23 6.849119200206074e-39
2325 3085 18 8.432688325476247e-29
2326 3085 21 8.685335080017442e-35
2327 3085 17 7.460814902921216e-27
2328 3085 12 1.49800689966015e-17
2329 3085 13 2.390830975878745e-19
2330 3085 12 1.49800689966015e-17
2330 3089 8 9.253997682279875e-11
2330 3091 7 3.504726105503056e-09
2331 3085 11 8.631204526814979e-16
2332 3085 18 8.432688325476247e-29
2333 3085 18 8.432688325476247e-29
2334 3085 13 2.390830975878745e-19
2335 3085 12 1.49800689966015e-17
2336 3085 11 8.631204526814979e-16
2337 3085 8 9.253997682279875e-11
2340 3085 17 7.460814902921216e-27
2341 3085 13 2.390830975878745e-19
2342 3085 19 8.993248631783676e-31
2351 3085 19 8.993248631783676e-31
2352 3085 15 4.844581291711095e-23
2353 3085 8 9.253997682279875e-11
2354 3085 16 6.209362011484656e-25
2355 3085 12 1.49800689966015e-17
2356 3085 7 3.504726105503056e-09
2357 3085 10 4.541782558329939e-14
2358 3085 11 8.631204526814979e-16
2358 3087 7 3.504726105503056e-09
2359 3085 9 2.164787616338582e-12
2360 3085 11 8.631204526814979e-16
2360 3423 10 4.541782558329939e-14
2361 3085 15 4.844581291711095e-23
2366 3085 7 3.504726105503056e-09
2367 3085 7 3.504726105503056e-09
2368 3085 7 3.504726105503056e-09
2370 3085 8 9.253997682279875e-11
2373 4197 11 8.631204526814979e-16
2374 3085 11 8.631204526814979e-16
2374 5263 17 7.460814902921216e-27
2375 3085 16 6.209362011484656e-25
2376 3085 10 4.541782558329939e-14
2377 3085 13 2.390830975878745e-19
2378 3085 7 3.504726105503056e-09
2379 3085 10 4.541782558329939e-14
2380 3085 7 3.504726105503056e-09
2384 3085 7 3.504726105503056e-09
2386 4397 12 1.49800689966015e-17
2388 3085 8 9.253997682279875e-11
2397 3085 7 3.504726105503056e-09
2398 3085 12 1.49800689966015e-17
2399 3085 10 4.541782558329939e-14
2402 3577 11 8.631204526814979e-16
2403 3085 9 2.164787616338582e-12
2407 3085 7 3.504726105503056e-09
2408 3844 8 9.253997682279875e-11
2410 4682 8 9.253997682279875e-11
2425 3085 7 3.504726105503056e-09
2436 4507 10 4.541782558329939e-14
2443 2847 11 8.631204526814979e-16
2453 4787 8 9.253997682279875e-11
2459 3914 22 7.90238574960726e-37
2465 3567 7 3.504726105503056e-09
2466 3085 7 3.504726105503056e-09
2479 2679 15 4.844581291711095e-23
2480 2679 25 4.48006818668276e-43
2496 3217 19 8.993248631783676e-31
2504 3434 9 2.164787616338582e-12
2506 4797 8 9.253997682279875e-11
2507 3913 8 9.253997682279875e-11
2512 3429 25 4.48006818668276e-43
2520 4450 7 3.504726105503056e-09
2521 2930 7 3.504726105503056e-09
2521 2932 24 5.665371349526023e-41
2521 2933 94 2.1120490290102444e-217
2521 2934 24 5.665371349526023e-41
2521 2935 8 9.253997682279875e-11
2522 4559 8 9.253997682279875e-11
2523 5077 9 2.164787616338582e-12
2549 2784 7 3.504726105503056e-09
2556 3334 25 4.48006818668276e-43
2561 3187 7 3.504726105503056e-09
2566 4658 13 2.390830975878745e-19
2567 3078 8 9.253997682279875e-11
2567 4658 48 1.087709269369187e-95
2567 4965 12 1.49800689966015e-17
2568 4658 10 4.541782558329939e-14
2576 3085 34 8.971842090363009e-63
2577 3085 17 7.460814902921216e-27
2577 4549 12 1.49800689966015e-17
2578 3085 20 9.074679490440472e-33
2579 3085 14 3.5296309805293866e-21
2580 3085 18 8.432688325476247e-29
2580 3501 12 1.49800689966015e-17
2581 3085 10 4.541782558329939e-14
2581 3503 8 9.253997682279875e-11
2582 3085 14 3.5296309805293866e-21
2583 3085 13 2.390830975878745e-19
2584 3085 14 3.5296309805293866e-21
2585 3085 26 3.392265543978347e-45
2586 3085 17 7.460814902921216e-27
2587 3085 19 8.993248631783676e-31
2588 3085 12 1.49800689966015e-17
2589 3085 8 9.253997682279875e-11
2590 3085 17 7.460814902921216e-27
2591 3085 18 8.432688325476247e-29
2592 3085 12 1.49800689966015e-17
2593 3085 16 6.209362011484656e-25
2594 3085 16 6.209362011484656e-25
2595 3085 20 9.074679490440472e-33
2596 3085 23 6.849119200206074e-39
2597 3085 17 7.460814902921216e-27
2598 3085 9 2.164787616338582e-12
2599 3085 13 2.390830975878745e-19
2600 3085 13 2.390830975878745e-19
2601 3085 9 2.164787616338582e-12
2603 3085 9 2.164787616338582e-12
2604 3085 15 4.844581291711095e-23
2605 3085 12 1.49800689966015e-17
2606 3085 10 4.541782558329939e-14
2607 3085 10 4.541782558329939e-14
2607 4254 14 3.5296309805293866e-21
2608 3085 10 4.541782558329939e-14
2608 5129 12 1.49800689966015e-17
2609 3085 10 4.541782558329939e-14
2610 3085 14 3.5296309805293866e-21
2611 3085 9 2.164787616338582e-12
2611 4729 16 6.209362011484656e-25
2612 4516 8 9.253997682279875e-11
2612 4860 8 9.253997682279875e-11
2613 3085 11 8.631204526814979e-16
2613 3853 7 3.504726105503056e-09
2614 3085 8 9.253997682279875e-11
2615 3085 10 4.541782558329939e-14
2616 3471 7 3.504726105503056e-09
2617 3085 8 9.253997682279875e-11
2617 3559 7 3.504726105503056e-09
2618 3085 7 3.504726105503056e-09
2619 3085 7 3.504726105503056e-09
2619 4666 7 3.504726105503056e-09
2620 3085 8 9.253997682279875e-11
2621 3085 9 2.164787616338582e-12
2622 3085 9 2.164787616338582e-12
2623 3085 9 2.164787616338582e-12
2623 4057 8 9.253997682279875e-11
2627 3085 7 3.504726105503056e-09
2628 3085 10 4.541782558329939e-14
2629 3085 8 9.253997682279875e-11
2630 3085 12 1.49800689966015e-17
2631 2830 7 3.504726105503056e-09
2631 3855 7 3.504726105503056e-09
2633 3085 7 3.504726105503056e-09
2634 3085 7 3.504726105503056e-09
2635 3085 13 2.390830975878745e-19
2639 3085 9 2.164787616338582e-12
2640 3085 8 9.253997682279875e-11
2642 3085 8 9.253997682279875e-11
2644 3085 7 3.504726105503056e-09
2648 3085 9 2.164787616338582e-12
2649 3085 16 6.209362011484656e-25
2649 4162 9 2.164787616338582e-12
2649 4163 17 7.460814902921216e-27
2650 3085 10 4.541782558329939e-14
2651 3085 10 4.541782558329939e-14
2652 3085 10 4.541782558329939e-14
2676 4327 7 3.504726105503056e-09
2677 3085 7 3.504726105503056e-09
2678 3085 7 3.504726105503056e-09
2684 2977 7 3.504726105503056e-09
2684 3574 7 3.504726105503056e-09
2685 4221 7 3.504726105503056e-09
2685 4259 7 3.504726105503056e-09
2692 4345 7 3.504726105503056e-09
2693 3273 7 3.504726105503056e-09
2695 4340 7 3.504726105503056e-09
2697 3201 7 3.504726105503056e-09
2699 5232 18 8.432688325476247e-29
2700 4221 7 3.504726105503056e-09
2700 4222 7 3.504726105503056e-09
2700 4263 7 3.504726105503056e-09
2700 4731 7 3.504726105503056e-09
2704 4637 19 8.993248631783676e-31
2711 3485 10 4.541782558329939e-14
2716 5161 12 1.49800689966015e-17
2727 3122 10 4.541782558329939e-14
2729 5161 8 9.253997682279875e-11
2732 4595 7 3.504726105503056e-09
2734 3647 24 5.665371349526023e-41
2744 4534 8 9.253997682279875e-11
2745 4396 17 7.460814902921216e-27
2780 3077 9 2.164787616338582e-12
2783 4361 22 7.90238574960726e-37
2785 3274 7 3.504726105503056e-09
2786 3274 7 3.504726105503056e-09
2786 3679 7 3.504726105503056e-09
2791 4600 7 3.504726105503056e-09
2797 3076 9 2.164787616338582e-12
2806 4369 43 1.1733071903290502e-83
2817 5299 12 1.49800689966015e-17
2825 3085 11 8.631204526814979e-16
2825 3425 12 1.49800689966015e-17
2826 3085 9 2.164787616338582e-12
2827 3085 12 1.49800689966015e-17
2828 3085 10 4.541782558329939e-14
2829 3085 11 8.631204526814979e-16
2830 3085 9 2.164787616338582e-12
2831 3085 25 4.48006818668276e-43
2832 3085 32 2.7691323964857773e-58
2833 3085 14 3.5296309805293866e-21
2834 3085 12 1.49800689966015e-17
2835 3085 12 1.49800689966015e-17
2837 3085 9 2.164787616338582e-12
2838 3085 8 9.253997682279875e-11
2839 3085 11 8.631204526814979e-16
2840 3085 14 3.5296309805293866e-21
2841 3085 7 3.504726105503056e-09
2841 4547 9 2.164787616338582e-12
2843 3085 15 4.844581291711095e-23
2844 3085 19 8.993248631783676e-31
2845 3085 13 2.390830975878745e-19
2845 3172 8 9.253997682279875e-11
2846 3085 9 2.164787616338582e-12
2847 3085 10 4.541782558329939e-14
2848 3085 8 9.253997682279875e-11
2849 3085 8 9.253997682279875e-11
2850 3085 10 4.541782558329939e-14
2850 3114 14 3.5296309805293866e-21
2851 3085 7 3.504726105503056e-09
2852 3085 14 3.5296309805293866e-21
2853 3085 10 4.541782558329939e-14
2853 4916 11 8.631204526814979e-16
2854 3085 13 2.390830975878745e-19
2855 3085 10 4.541782558329939e-14
2856 3085 8 9.253997682279875e-11
2857 3085 10 4.541782558329939e-14
2858 3085 7 3.504726105503056e-09
2859 3085 7 3.504726105503056e-09
2860 3085 7 3.504726105503056e-09
2862 3575 21 8.685335080017442e-35
2863 3085 8 9.253997682279875e-11
2865 3085 7 3.504726105503056e-09
2870 3085 8 9.253997682279875e-11
2871 3085 10 4.541782558329939e-14
2872 3387 8 9.253997682279875e-11
2874 3085 9 2.164787616338582e-12
2875 3085 7 3.504726105503056e-09
2876 3085 8 9.253997682279875e-11
2878 3085 10 4.541782558329939e-14
2879 3085 9 2.164787616338582e-12
2879 4816 16 6.209362011484656e-25
2879 4817 8 9.253997682279875e-11
2883 3085 7 3.504726105503056e-09
2884 3085 7 3.504726105503056e-09
2886 3085 8 9.253997682279875e-11
2901 4493 8 9.253997682279875e-11
2905 3085 7 3.504726105503056e-09
2906 3085 7 3.504726105503056e-09
2919 3085 8 9.253997682279875e-11
2923 3610 7 3.504726105503056e-09
2923 3611 17 7.460814902921216e-27
2941 5172 8 9.253997682279875e-11
2949 3580 7 3.504726105503056e-09
2950 3580 26 3.392265543978347e-45
2951 3580 38 6.34984673458632e-72
2974 4532 13 2.390830975878745e-19
2982 3550 8 9.253997682279875e-11
3024 3305 16 6.209362011484656e-25
3033 4614 18 8.432688325476247e-29
3045 5101 12 1.49800689966015e-17
3052 3549 7 3.504726105503056e-09
3052 4535 7 3.504726105503056e-09
3078 4965 12 1.49800689966015e-17
3085 3331 14 3.5296309805293866e-21
3085 3332 7 3.504726105503056e-09
3085 3333 8 9.253997682279875e-11
3085 3334 11 8.631204526814979e-16
3085 3335 7 3.504726105503056e-09
3085 3337 7 3.504726105503056e-09
3085 3339 9 2.164787616338582e-12
3085 3340 8 9.253997682279875e-11
3085 3341 12 1.49800689966015e-17
3085 3342 9 2.164787616338582e-12
3085 3343 9 2.164787616338582e-12
3085 3345 7 3.504726105503056e-09
3085 3346 7 3.504726105503056e-09
3085 3349 12 1.49800689966015e-17
3085 3350 9 2.164787616338582e-12
3085 3351 13 2.390830975878745e-19
3085 3352 9 2.164787616338582e-12
3085 3353 10 4.541782558329939e-14
3085 3354 7 3.504726105503056e-09
3085 3355 8 9.253997682279875e-11
3085 3357 7 3.504726105503056e-09
3085 3575 35 4.855556856005077e-65
3085 3576 32 2.7691323964857773e-58
3085 3577 21 8.685335080017442e-35
3085 3578 10 4.541782558329939e-14
3085 3579 14 3.5296309805293866e-21
3085 3580 14 3.5296309805293866e-21
3085 3581 13 2.390830975878745e-19
3085 3582 15 4.844581291711095e-23
3085 3583 11 8.631204526814979e-16
3085 3584 10 4.541782558329939e-14
3085 3585 12 1.49800689966015e-17
3085 3586 25 4.48006818668276e-43
3085 3587 14 3.5296309805293866e-21
3085 3588 13 2.390830975878745e-19
3085 3590 8 9.253997682279875e-11
3085 3591 15 4.844581291711095e-23
3085 3592 16 6.209362011484656e-25
3085 3593 18 8.432688325476247e-29
3085 3595 9 2.164787616338582e-12
3085 3596 12 1.49800689966015e-17
3085 3597 9 2.164787616338582e-12
3085 3598 10 4.541782558329939e-14
3085 3599 9 2.164787616338582e-12
3085 3600 15 4.844581291711095e-23
3085 3604 12 1.49800689966015e-17
3085 3606 13 2.390830975878745e-19
3085 3607 9 2.164787616338582e-12
3085 3608 9 2.164787616338582e-12
3085 3609 10 4.541782558329939e-14
3085 3611 10 4.541782558329939e-14
3085 3614 10 4.541782558329939e-14
3085 3615 9 2.164787616338582e-12
3085 3616 8 9.253997682279875e-11
3085 3619 7 3.504726105503056e-09
3085 3620 9 2.164787616338582e-12
3085 3625 8 9.253997682279875e-11
3085 3627 7 3.504726105503056e-09
3085 3628 7 3.504726105503056e-09
3085 3630 10 4.541782558329939e-14
3085 3631 12 1.49800689966015e-17
3085 3632 9 2.164787616338582e-12
3085 3633 10 4.541782558329939e-14
3085 3634 7 3.504726105503056e-09
3085 3636 8 9.253997682279875e-11
3085 3637 7 3.504726105503056e-09
3085 3638 7 3.504726105503056e-09
3085 3639 9 2.164787616338582e-12
3085 3640 8 9.253997682279875e-11
3085 3643 8 9.253997682279875e-11
3085 3644 9 2.164787616338582e-12
3085 3645 8 9.253997682279875e-11
3085 3659 7 3.504726105503056e-09
3085 3685 34 8.971842090363009e-63
3085 3696 8 9.253997682279875e-11
3085 3828 11 8.631204526814979e-16
3085 3829 11 8.631204526814979e-16
3085 3831 10 4.541782558329939e-14
3085 3833 7 3.504726105503056e-09
3085 3834 16 6.209362011484656e-25
3085 3835 14 3.5296309805293866e-21
3085 3836 10 4.541782558329939e-14
3085 3837 11 8.631204526814979e-16
3085 3838 11 8.631204526814979e-16
3085 3839 17 7.460814902921216e-27
3085 3840 12 1.49800689966015e-17
3085 3841 12 1.49800689966015e-17
3085 3842 11 8.631204526814979e-16
3085 3843 11 8.631204526814979e-16
3085 3844 16 6.209362011484656e-25
3085 3845 16 6.209362011484656e-25
3085 3846 11 8.631204526814979e-16
3085 3847 11 8.631204526814979e-16
3085 3848 30 7.426930607609437e-54
3085 3849 37 1.2908100447351543e-69
3085 3850 41 6.31371566523298e-79
3085 3851 9 2.164787616338582e-12
3085 3852 10 4.541782558329939e-14
3085 3853 8 9.253997682279875e-11
3085 3855 12 1.49800689966015e-17
3085 3856 11 8.631204526814979e-16
3085 3857 7 3.504726105503056e-09
3085 3863 7 3.504726105503056e-09
3085 3865 9 2.164787616338582e-12
3085 3867 9 2.164787616338582e-12
3085 3868 10 4.541782558329939e-14
3085 3870 7 3.504726105503056e-09
3085 3871 12 1.49800689966015e-17
3085 3872 8 9.253997682279875e-11
3085 3880 9 2.164787616338582e-12
3085 3881 8 9.253997682279875e-11
3085 3883 7 3.504726105503056e-09
3085 3885 7 3.504726105503056e-09
3085 3894 7 3.504726105503056e-09
3085 3903 8 9.253997682279875e-11
3085 3904 8 9.253997682279875e-11
3085 3905 7 3.504726105503056e-09
3085 3945 8 9.253997682279875e-11
3085 4067 8 9.253997682279875e-11
3085 4068 21 8.685335080017442e-35
3085 4069 22 7.90238574960726e-37
3085 4070 11 8.631204526814979e-16
3085 4071 24 5.665371349526023e-41
3085 4072 7 3.504726105503056e-09
3085 4073 10 4.541782558329939e-14
3085 4074 16 6.209362011484656e-25
3085 4075 18 8.432688325476247e-29
3085 4077 13 2.390830975878745e-19
3085 4078 24 5.665371349526023e-41
3085 4079 20 9.074679490440472e-33
3085 4080 8 9.253997682279875e-11
3085 4081 8 9.253997682279875e-11
3085 4082 13 2.390830975878745e-19
3085 4083 8 9.253997682279875e-11
3085 4084 21 8.685335080017442e-35
3085 4085 20 9.074679490440472e-33
3085 4086 14 3.5296309805293866e-21
3085 4087 23 6.849119200206074e-39
3085 4088 10 4.541782558329939e-14
3085 4089 9 2.164787616338582e-12
3085 4090 14 3.5296309805293866e-21
3085 4091 13 2.390830975878745e-19
3085 4092 13 2.390830975878745e-19
3085 4093 15 4.844581291711095e-23
3085 4094 13 2.390830975878745e-19
3085 4095 11 8.631204526814979e-16
3085 4096 9 2.164787616338582e-12
3085 4097 8 9.253997682279875e-11
3085 4099 9 2.164787616338582e-12
3085 4100 12 1.49800689966015e-17
3085 4101 10 4.541782558329939e-14
3085 4102 11 8.631204526814979e-16
3085 4103 13 2.390830975878745e-19
3085 4104 10 4.541782558329939e-14
3085 4106 9 2.164787616338582e-12
3085 4107 14 3.5296309805293866e-21
3085 4108 10 4.541782558329939e-14
3085 4109 9 2.164787616338582e-12
3085 4110 7 3.504726105503056e-09
3085 4112 15 4.844581291711095e-23
3085 4113 10 4.541782558329939e-14
3085 4114 10 4.541782558329939e-14
3085 4115 9 2.164787616338582e-12
3085 4116 15 4.844581291711095e-23
3085 4117 10 4.541782558329939e-14
3085 4118 7 3.504726105503056e-09
3085 4121 8 9.253997682279875e-11
3085 4122 8 9.253997682279875e-11
3085 4123 8 9.253997682279875e-11
3085 4124 7 3.504726105503056e-09
3085 4129 8 9.253997682279875e-11
3085 4132 8 9.253997682279875e-11
3085 4133 12 1.49800689966015e-17
3085 4134 8 9.253997682279875e-11
3085 4136 9 2.164787616338582e-12
3085 4137 12 1.49800689966015e-17
3085 4138 7 3.504726105503056e-09
3085 4139 8 9.253997682279875e-11
3085 4140 7 3.504726105503056e-09
3085 4143 7 3.504726105503056e-09
3085 4155 7 3.504726105503056e-09
3085 4231 7 3.504726105503056e-09
3085 4260 234 0.0
3085 4266 7 3.504726105503056e-09
3085 4268 7 3.504726105503056e-09
3085 4276 20 9.074679490440472e-33
3085 4277 17 7.460814902921216e-27
3085 4278 17 7.460814902921216e-27
3085 4279 14 3.5296309805293866e-21
3085 4280 10 4.541782558329939e-14
3085 4281 8 9.253997682279875e-11
3085 4282 9 2.164787616338582e-12
3085 4283 9 2.164787616338582e-12
3085 4284 11 8.631204526814979e-16
3085 4285 9 2.164787616338582e-12
3085 4286 8 9.253997682279875e-11
3085 4287 14 3.5296309805293866e-21
3085 4288 12 1.49800689966015e-17
3085 4291 7 3.504726105503056e-09
3085 4292 14 3.5296309805293866e-21
3085 4293 11 8.631204526814979e-16
3085 4294 7 3.504726105503056e-09
3085 4296 8 9.253997682279875e-11
3085 4297 8 9.253997682279875e-11
3085 4298 8 9.253997682279875e-11
3085 4299 9 2.164787616338582e-12
3085 4304 7 3.504726105503056e-09
3085 4306 10 4.541782558329939e-14
3085 4307 10 4.541782558329939e-14
3085 4309 7 3.504726105503056e-09
3085 4310 12 1.49800689966015e-17
3085 4311 7 3.504726105503056e-09
3085 4316 9 2.164787616338582e-12
3085 4319 9 2.164787616338582e-12
3085 4321 7 3.504726105503056e-09
3085 4322 9 2.164787616338582e-12
3085 4324 7 3.504726105503056e-09
3085 4342 7 3.504726105503056e-09
3085 4473 23 6.849119200206074e-39
3085 4474 34 8.971842090363009e-63
3085 4475 21 8.685335080017442e-35
3085 4476 24 5.665371349526023e-41
3085 4477 12 1.49800689966015e-17
3085 4478 15 4.844581291711095e-23
3085 4479 13 2.390830975878745e-19
3085 4482 8 9.253997682279875e-11
3085 4483 7 3.504726105503056e-09
3085 4484 9 2.164787616338582e-12
3085 4485 14 3.5296309805293866e-21
3085 4486 10 4.541782558329939e-14
3085 4487 16 6.209362011484656e-25
3085 4488 14 3.5296309805293866e-21
3085 4489 11 8.631204526814979e-16
3085 4490 9 2.164787616338582e-12
3085 4491 12 1.49800689966015e-17
3085 4492 16 6.209362011484656e-25
3085 4493 12 1.49800689966015e-17
3085 4496 14 3.5296309805293866e-21
3085 4497 16 6.209362011484656e-25
3085 4498 10 4.541782558329939e-14
3085 4499 12 1.49800689966015e-17
3085 4500 8 9.253997682279875e-11
3085 4501 15 4.844581291711095e-23
3085 4502 13 2.390830975878745e-19
3085 4503 10 4.541782558329939e-14
3085 4506 12 1.49800689966015e-17
3085 4508 8 9.253997682279875e-11
3085 4509 8 9.253997682279875e-11
3085 4510 7 3.504726105503056e-09
3085 4511 17 7.460814902921216e-27
3085 4512 9 2.164787616338582e-12
3085 4513 9 2.164787616338582e-12
3085 4514 9 2.164787616338582e-12
3085 4515 12 1.49800689966015e-17
3085 4517 7 3.504726105503056e-09
3085 4532 14 3.5296309805293866e-21
3085 4665 36 2.543648646468474e-67
3085 4679 9 2.164787616338582e-12
3085 4681 10 4.541782558329939e-14
3085 4683 8 9.253997682279875e-11
3085 4685 7 3.504726105503056e-09
3085 4694 7 3.504726105503056e-09
3085 4701 9 2.164787616338582e-12
3085 4720 7 3.504726105503056e-09
3085 4723 8 9.253997682279875e-11
3085 4731 8 9.253997682279875e-11
3085 4794 7 3.504726105503056e-09
3085 4850 7 3.504726105503056e-09
3085 4866 12 1.49800689966015e-17
3085 4869 8 9.253997682279875e-11
3085 4871 7 3.504726105503056e-09
3085 4879 7 3.504726105503056e-09
3085 4880 12 1.49800689966015e-17
3085 4884 7 3.504726105503056e-09
3085 4885 9 2.164787616338582e-12
3085 4889 7 3.504726105503056e-09
3085 4892 10 4.541782558329939e-14
3085 4893 8 9.253997682279875e-11
3085 4906 9 2.164787616338582e-12
3085 4908 7 3.504726105503056e-09
3085 4919 7 3.504726105503056e-09
3085 4954 8 9.253997682279875e-11
3085 4977 11 8.631204526814979e-16
3085 4978 8 9.253997682279875e-11
3085 4980 12 1.49800689966015e-17
3085 4981 10 4.541782558329939e-14
3085 4985 8 9.253997682279875e-11
3085 4986 10 4.541782558329939e-14
3085 4987 7 3.504726105503056e-09
3085 4999 8 9.253997682279875e-11
3085 5001 9 2.164787616338582e-12
3085 5002 11 8.631204526814979e-16
3085 5008 8 9.253997682279875e-11
3085 5034 7 3.504726105503056e-09
3085 5045 7 3.504726105503056e-09
3085 5066 7 3.504726105503056e-09
3085 5083 7 3.504726105503056e-09
3089 4334 21 8.685335080017442e-35
3091 3853 7 3.504726105503056e-09
3091 3863 7 3.504726105503056e-09
3112 3620 8 9.253997682279875e-11
3119 4086 7 3.504726105503056e-09
3122 4575 7 3.504726105503056e-09
3123 5293 8 9.253997682279875e-11
3138 4336 18 8.432688325476247e-29
3144 4116 22 7.90238574960726e-37
3144 4891 14 3.5296309805293866e-21
3144 4892 50 1.3970004231482605e-100
3144 4893 14 3.5296309805293866e-21
3155 4403 13 2.390830975878745e-19
3157 3463 11 8.631204526814979e-16
3163 3711 13 2.390830975878745e-19
3166 3941 16 6.209362011484656e-25
3187 4796 9 2.164787616338582e-12
3197 4537 7 3.504726105503056e-09
3203 3708 9 2.164787616338582e-12
3204 3708 7 3.504726105503056e-09
3204 4224 13 2.390830975878745e-19
3217 4855 7 3.504726105503056e-09
3221 3334 8 9.253997682279875e-11
3226 3532 7 3.504726105503056e-09
3234 4112 11 8.631204526814979e-16
3234 4113 38 6.34984673458632e-72
3234 4180 15 4.844581291711095e-23
3246 3623 9 2.164787616338582e-12
3246 3678 25 4.48006818668276e-43
3246 4132 21 8.685335080017442e-35
3252 3546 7 3.504726105503056e-09
3252 4731 7 3.504726105503056e-09
3267 4009 11 8.631204526814979e-16
3267 5098 19 8.993248631783676e-31
3270 4647 8 9.253997682279875e-11
3271 3593 11 8.631204526814979e-16
3272 4929 7 3.504726105503056e-09
3273 4260 8 9.253997682279875e-11
3275 4261 8 9.253997682279875e-11
3282 4560 7 3.504726105503056e-09
3283 4562 7 3.504726105503056e-09
3285 3549 7 3.504726105503056e-09
3287 3466 7 3.504726105503056e-09
3294 4643 7 3.504726105503056e-09
3297 4231 11 8.631204526814979e-16
3297 4547 118 0.0
3308 4913 25 4.48006818668276e-43
3315 4933 7 3.504726105503056e-09
3323 4963 10 4.541782558329939e-14
3323 4964 43 1.1733071903290502e-83
3323 4965 25 4.48006818668276e-43
3331 4474 8 9.253997682279875e-11
3341 4568 9 2.164787616338582e-12
3341 4569 24 5.665371349526023e-41
3347 3654 12 1.49800689966015e-17
3347 5262 9 2.164787616338582e-12
3353 4177 8 9.253997682279875e-11
3357 4224 17 7.460814902921216e-27
3382 3721 14 3.5296309805293866e-21
3399 4355 9 2.164787616338582e-12
3404 5134 9 2.164787616338582e-12
3414 4585 7 3.504726105503056e-09
3419 5182 11 8.631204526814979e-16
3421 4392 7 3.504726105503056e-09
3429 4717 9 2.164787616338582e-12
3431 4248 9 2.164787616338582e-12
3437 3777 7 3.504726105503056e-09
3453 5174 7 3.504726105503056e-09
3467 3809 8 9.253997682279875e-11
3486 4735 7 3.504726105503056e-09
3495 4731 7 3.504726105503056e-09
3498 4641 8 9.253997682279875e-11
3545 3779 32 2.7691323964857773e-58
3549 5260 16 6.209362011484656e-25
3555 4238 14 3.5296309805293866e-21
3564 3927 9 2.164787616338582e-12
3575 4547 7 3.504726105503056e-09
3602 3885 12 1.49800689966015e-17
3618 4872 10 4.541782558329939e-14
3625 4523 7 3.504726105503056e-09
3646 5245 8 9.253997682279875e-11
3648 4677 8 9.253997682279875e-11
3657 4523 8 9.253997682279875e-11
3677 4520 7 3.504726105503056e-09
3679 4305 7 3.504726105503056e-09
3679 4528 7 3.504726105503056e-09
3685 4260 242 0.0
3691 4701 8 9.253997682279875e-11
3703 4999 13 2.390830975878745e-19
3703 5000 7 3.504726105503056e-09
3715 5169 8 9.253997682279875e-11
3720 4679 10 4.541782558329939e-14
3750 4879 8 9.253997682279875e-11
3757 4517 10 4.541782558329939e-14
3760 4642 10 4.541782558329939e-14
3762 4886 7 3.504726105503056e-09
3766 4387 13 2.390830975878745e-19
3772 4509 16 6.209362011484656e-25
3856 5109 7 3.504726105503056e-09
3912 4980 8 9.253997682279875e-11
3919 4439 12 1.49800689966015e-17
3925 4533 8 9.253997682279875e-11
3934 4219 7 3.504726105503056e-09
3934 4220 7 3.504726105503056e-09
3937 5111 9 2.164787616338582e-12
3938 4336 7 3.504726105503056e-09
3938 4337 8 9.253997682279875e-11
3943 4331 24 5.665371349526023e-41
3957 4265 9 2.164787616338582e-12
3963 5107 7 3.504726105503056e-09
3980 4190 21 8.685335080017442e-35
3999 5035 12 1.49800689966015e-17
4032 5251 8 9.253997682279875e-11
4037 4950 11 8.631204526814979e-16
4069 4837 7 3.504726105503056e-09
4070 4837 17 7.460814902921216e-27
4075 4485 7 3.504726105503056e-09
4130 5146 7 3.504726105503056e-09
4133 4521 7 3.504726105503056e-09
4134 4519 14 3.5296309805293866e-21
4144 4548 7 3.504726105503056e-09
4171 4732 11 8.631204526814979e-16
4185 5172 7 3.504726105503056e-09
4218 4851 7 3.504726105503056e-09
4219 4853 8 9.253997682279875e-11
4224 4629 7 3.504726105503056e-09
4225 4629 12 1.49800689966015e-17
4229 4529 7 3.504726105503056e-09
4253 4748 13 2.390830975878745e-19
4260 4277 8 9.253997682279875e-11
4260 4280 7 3.504726105503056e-09
4260 4475 7 3.504726105503056e-09
4276 4665 13 2.390830975878745e-19
4276 4666 11 8.631204526814979e-16
4276 4848 7 3.504726105503056e-09
4276 4849 10 4.541782558329939e-14
4291 4547 13 2.390830975878745e-19
4299 4714 10 4.541782558329939e-14
4304 4557 10 4.541782558329939e-14
4314 4561 13 2.390830975878745e-19
4354 4628 10 4.541782558329939e-14
4356 4868 8 9.253997682279875e-11
4370 4928 18 8.432688325476247e-29
4384 4476 7 3.504726105503056e-09
4384 5009 8 9.253997682279875e-11
4388 4866 9 2.164787616338582e-12
4444 5172 10 4.541782558329939e-14
4476 5132 7 3.504726105503056e-09
4490 4961 14 3.5296309805293866e-21
4516 4851 8 9.253997682279875e-11
4517 4850 7 3.504726105503056e-09
4517 4854 8 9.253997682279875e-11
4517 4855 10 4.541782558329939e-14
4519 4855 7 3.504726105503056e-09
4524 4853 7 3.504726105503056e-09
4525 4852 7 3.504726105503056e-09
4535 4911 23 6.849119200206074e-39
4547 4806 16 6.209362011484656e-25
4559 5264 9 2.164787616338582e-12
4562 4926 7 3.504726105503056e-09
4658 4965 7 3.504726105503056e-09
4681 4936 7 3.504726105503056e-09
4857 4981 8 9.253997682279875e-11
4918 5219 13 2.390830975878745e-19
4919 5219 16 6.209362011484656e-25
4935 4985 19 8.993248631783676e-31
