2536 2
1542 0.007538 0.986197
1853 -0.816601 1.504416
1611 0.250579 0.969321
1967 1.633054 1.310077
1267 0.309459 0.950980
1281 0.669634 1.028752
130 0.814068 1.077765
1529 -0.000551 0.903206
1392 1.088589 1.181565
274 4.921558 3.339665
536 -2.520269 3.133308
1342 0.575095 1.033943
903 1.371404 1.271612
1332 0.365229 0.966154
760 0.370366 1.023381
1247 1.085169 1.114111
962 0.923961 1.079326
1246 1.442679 1.195935
598 -1.232703 1.835431
608 -1.838031 2.392640
371 3.546667 2.473184
548 -0.237024 1.103817
1144 -2.712922 3.315759
1953 1.663090 1.268932
1400 2.231361 1.722132
1245 1.192459 1.111898
969 0.669635 0.999048
1356 1.777918 1.398384
595 -1.991882 2.543866
1244 1.359713 1.190667
1485 1.601275 1.334779
1175 0.621943 1.022464
396 -2.121985 2.635599
196 0.426960 0.973701
328 3.544604 2.432861
1266 0.793160 1.092040
2352 0.435078 1.015455
1138 -1.885672 2.425696
814 0.379138 0.968561
2114 -2.174088 2.739707
1962 2.641022 1.914798
648 -0.738745 1.376853
1329 0.780854 1.014144
1234 1.146460 1.161630
1240 1.196683 1.163209
1227 0.383096 0.864847
1268 0.756870 1.025440
32 0.773428 0.992897
173 0.734270 1.066249
20 0.777780 1.038564
1901 -0.388182 1.233196
1195 0.063293 1.034015
1280 0.881942 1.130107
2294 -0.743890 1.412631
1886 -0.988899 1.665942
1800 -0.043689 1.090484
1454 2.695752 1.910110
1809 0.368428 0.936521
122 0.654212 0.997671
1243 0.909677 1.054554
2364 -0.087700 1.068092
1161 0.040140 0.963318
2406 -0.160817 1.073449
2403 0.229657 1.017300
191 -0.222854 1.093040
1627 -0.026593 1.041950
910 1.558483 1.342705
1179 0.618725 1.038476
1655 -0.198722 1.165732
1196 0.100344 1.001196
2640 -2.525884 3.115385
1250 1.211877 1.198114
1199 0.611712 1.038094
336 2.084861 1.569291
2466 0.030276 0.970424
462 -2.710442 3.353163
911 1.409501 1.237104
1448 2.140208 1.642724
858 3.265248 2.351177
1271 0.583975 0.970629
1537 0.105582 0.987164
1470 1.514890 1.300458
322 5.286108 3.631030
524 -2.388597 2.987667
780 0.332824 0.949519
2106 -1.003598 1.640337
985 0.539654 0.997100
808 -0.177969 1.073442
1831 -0.695974 1.345903
785 -0.138157 1.118742
465 -2.298225 2.859805
2122 -3.106458 3.767188
2397 0.211699 0.961095
1447 2.135190 1.646084
2584 -1.161303 1.767933
1968 3.010996 2.136522
1077 -2.746584 3.363795
146 0.034123 1.014412
432 -2.421916 2.990844
758 0.029078 1.059714
667 -0.753438 1.407319
1502 1.605950 1.364825
1879 -1.152032 1.764691
1531 1.240267 1.163328
2638 -2.839605 3.436949
291 4.322890 2.953823
1108 -1.740786 2.291320
1344 0.459020 1.013355
1270 0.561206 1.035192
1972 3.052706 2.146866
430 -2.852765 3.464916
1166 0.525473 1.031436
1475 1.561928 1.377542
1543 -0.209242 1.072142
1100 -1.821133 2.387826
1231 0.784751 1.013173
1206 -0.030823 1.054214
2259 -0.403288 1.195179
94 2.973825 2.096922
1150 -2.940201 3.570607
1051 -1.200251 1.780145
1642 0.391218 0.984127
320 3.648721 2.498194
2006 1.999728 1.502189
1513 1.120364 1.170061
1994 3.601456 2.514670
225 3.675801 2.531239
644 0.617656 0.965713
1771 -1.582565 2.136477
2140 -0.328509 1.184186
2043 -3.139377 3.791784
1203 -0.048941 1.069181
2608 -2.397184 2.934582
2060 -3.025238 3.666923
1765 -1.205958 1.751326
2204 -0.682113 1.331438
1187 0.280271 0.988343
1184 0.587375 0.972657
2578 -1.624783 2.171697
90 1.879106 1.461303
1527 0.520871 0.906743
877 1.047781 1.089491
405 -2.574702 3.142502
1117 -0.923589 1.570559
1264 0.054849 0.909877
1129 -2.238468 2.829774
19 0.726276 1.028492
192 0.259965 0.984184
496 -0.507991 1.139793
1402 1.976474 1.577766
1164 0.771911 1.071733
1210 -0.095709 1.021106
819 0.264776 0.939000
1754 -1.847801 2.399365
1211 0.189543 0.966770
2372 0.394764 1.007726
1716 -1.073147 1.681487
782 -0.014485 1.039335
2452 0.381086 1.040502
968 0.526477 0.966485
1213 -0.089202 1.039513
2148 -0.147916 1.145582
2408 -0.299987 1.200401
2426 0.041941 1.043918
277 5.146140 3.484657
214 5.388528 3.671614
714 0.163222 1.054694
113 -0.271041 1.116657
201 3.321909 2.266170
1864 -0.959591 1.663179
1226 0.555141 0.863418
178 0.041716 0.991257
1160 -0.435129 1.146338
154 0.753390 1.073731
1097 -1.096120 1.721677
1568 -0.373529 1.196458
1024 -1.007463 1.601117
226 4.087873 2.784186
1477 1.016257 1.058408
1674 -0.111729 1.072685
370 2.119019 1.597710
2296 -0.885721 1.513965
2103 -3.071811 3.749147
166 0.543926 0.966259
1810 0.028715 1.045600
1773 -0.444374 1.174069
451 -1.182949 1.678399
516 -2.269280 2.845552
2121 -2.757212 3.391541
1671 -0.101946 1.113720
776 0.246832 1.046588
194 -0.168672 1.061812
948 1.256542 1.217263
2055 -2.801151 3.355695
825 -0.144286 1.108170
2367 0.030300 1.043146
1185 0.498598 0.851883
2123 -3.067060 3.764032
480 -0.510981 1.215082
378 2.232410 1.691024
2382 0.102506 1.006109
1657 -0.043383 1.095251
664 -0.304102 1.178223
2400 0.708412 1.018828
2314 -0.678198 1.278220
1829 -0.022864 1.050184
437 -1.811179 2.342310
866 1.791121 1.479186
897 0.951581 1.092571
2258 -0.631264 1.363763
2301 -0.539540 1.251625
1497 0.919068 1.056901
1232 0.733636 1.011253
394 -3.345110 4.005866
1736 -1.578434 2.117371
2019 3.261129 2.277033
1304 2.541794 1.859182
1312 1.618563 1.419662
931 0.979051 1.082803
1369 2.258618 1.675849
1839 -0.890469 1.576340
171 0.529636 1.040018
140 1.060365 1.114233
2274 -1.085468 1.658018
385 -2.952422 3.582840
383 -2.155560 2.669737
64 1.130307 1.091917
1056 -1.094021 1.600547
2116 -3.299546 4.038553
1258 0.878135 1.032368
1628 -0.329992 1.197985
1343 0.769288 1.062851
1272 0.609095 1.017981
2598 -2.862931 3.489077
2641 -2.099549 2.644106
2039 -2.121909 2.667258
2620 -1.372704 1.902357
1263 0.630490 1.024519
607 -1.906748 2.445300
246 4.806587 3.191046
830 -0.284754 1.151059
2157 -0.579941 1.337187
2201 -0.374439 1.212007
1257 1.397269 1.287021
939 1.188074 1.143063
358 4.757076 3.244760
2565 -2.819372 3.454783
339 3.928936 2.693669
905 1.664471 1.381739
2398 0.429434 0.961533
720 0.015349 1.054271
1533 0.190340 0.930527
459 -2.821504 3.431078
1575 0.550957 0.912162
1214 0.099809 0.957306
2065 -0.871996 1.443370
2203 -0.591772 1.304631
220 5.047159 3.420155
1035 0.527592 0.722768
1242 1.033731 1.136517
1523 -0.221313 0.956266
134 0.392720 1.027951
952 1.185330 1.167308
167 0.448162 1.022266
447 -1.771379 2.264126
811 0.205109 0.992730
2197 -0.419403 1.257196
1399 2.050076 1.606279
1722 -0.994142 1.517200
2359 0.139209 0.987411
2621 -1.559567 2.062500
164 0.577137 1.018806
865 2.143774 1.624099
429 -3.045104 3.695036
2395 0.475354 1.021599
1862 -0.881300 1.589101
1274 0.590538 1.012747
1558 -0.359182 1.173729
764 0.438269 1.018244
2475 0.304136 1.004547
1207 0.352025 1.025402
2008 3.320619 2.332734
533 -1.202167 1.762938
519 -2.002569 2.556914
1186 0.380113 1.002398
2520 -2.362868 2.910363
899 1.155166 1.163202
2153 -0.705461 1.410595
2010 3.833240 2.661690
946 1.114427 1.159273
230 3.397888 2.311179
1276 0.976616 1.122422
1265 0.121054 0.863601
1219 0.456664 1.036509
316 4.661861 3.193141
763 0.416062 1.014593
1482 1.717251 1.396505
1449 2.910186 2.038584
340 3.800474 2.616369
1253 1.382985 1.265264
208 3.097616 2.207702
2083 -1.992567 2.552791
1768 -0.564075 1.311695
1260 0.418785 1.025707
1331 0.770120 1.026309
594 -2.418965 2.980808
2453 0.511769 1.047314
1609 0.198189 1.022173
655 -0.661158 1.364560
2165 -0.586669 1.312436
2371 0.264028 1.021894
1526 0.440262 0.936013
133 0.830831 1.063467
838 0.242617 0.979745
2618 -2.090453 2.642670
359 4.292227 2.945883
389 -3.099655 3.744012
641 -0.495391 1.249980
1255 1.340771 1.282229
1081 -1.253865 1.788871
1936 1.828003 1.372914
354 3.873028 2.680220
2048 -3.341396 4.014494
332 4.490524 3.082217
901 0.876685 1.072844
2566 -2.146725 2.748149
941 0.748499 1.035400
771 0.477745 1.015443
2349 0.175183 0.978366
326 3.831608 2.651012
504 -2.627096 3.205604
2292 -0.950353 1.582486
2636 -1.484127 2.026574
1984 3.635858 2.510274
944 0.978418 1.097846
2624 -0.895448 1.401683
266 4.667984 3.189417
1741 -1.297663 1.832220
1269 0.575600 0.986779
956 0.392761 0.996155
1473 1.891814 1.505080
1078 -1.991203 2.520193
425 -2.616298 3.227515
1279 0.640190 1.021889
1414 2.319705 1.685391
730 -0.290215 1.139288
857 3.314481 2.332369
439 -2.479290 3.065409
2607 -1.358521 1.862246
887 0.561000 1.023589
99 0.346249 0.936503
818 0.479746 0.924917
1132 -1.772783 2.347253
1927 1.654014 1.342618
618 -0.678318 1.366804
1978 3.872463 2.670835
1822 -0.040987 1.053354
2642 -2.890067 3.542594
943 1.365083 1.250586
2568 -2.797417 3.395603
1884 -0.960605 1.641226
1979 3.216769 2.257892
282 4.629845 3.132935
156 0.579119 1.053254
1484 1.989063 1.553051
1894 -0.507881 1.298892
1191 0.204310 1.020406
879 0.927743 1.085693
229 2.946295 2.042483
1340 0.891020 1.111196
2007 2.596745 1.900801
2066 -1.413990 1.922810
1867 -1.165205 1.790032
1885 -0.864931 1.570260
1855 -0.381634 1.214282
551 -0.214151 1.099408
463 -2.811443 3.427141
2463 0.246019 0.933946
1116 -1.642579 2.256181
1052 -2.064441 2.638304
1248 0.957658 1.073032
2011 2.255184 1.633100
2427 0.087997 1.051315
2360 0.283023 1.053399
636 -0.746629 1.392463
1613 -0.081146 1.064970
2310 -0.847635 1.552599
174 0.306538 0.957105
2365 0.011426 0.989900
812 -0.205903 1.036103
603 -1.743088 2.287039
900 0.740920 1.047975
1548 1.481013 1.243061
117 -0.308145 1.064941
2336 -2.315941 2.991568
2167 -1.134595 1.716268
1467 0.529168 1.008088
431 -2.103775 2.670868
1104 -0.982776 1.585211
2399 0.214717 1.010286
957 0.839790 1.042254
2313 -1.447543 2.003026
1180 0.673577 1.065887
1468 0.819488 1.055084
1177 0.374562 0.989596
1516 0.905516 1.061483
573 -1.308266 1.898035
1212 0.090363 1.003696
815 0.706051 0.998156
1201 0.549148 1.051836
624 -0.936419 1.540631
2091 -1.771088 2.280390
127 0.084654 1.010104
1834 -0.473275 1.312823
377 2.187812 1.631238
2409 0.325863 0.970152
633 -1.242625 1.840498
974 0.987216 1.091100
2476 0.160903 0.996314
921 1.049804 1.115159
499 -1.208966 1.715530
955 0.847840 1.099513
563 -0.039571 1.053240
1625 -0.151705 1.100260
2067 -1.097057 1.551567
1934 3.200973 2.215120
335 3.699194 2.564650
1573 -0.108807 1.076517
2447 0.500700 1.025905
1767 -0.994472 1.607085
513 -1.926559 2.453100
2390 0.010008 1.007305
862 1.198937 1.195365
262 4.848532 3.296962
92 3.753036 2.589038
1900 -0.110904 1.061014
2412 0.507239 1.013752
2303 0.366206 0.968448
1198 0.216965 1.004210
1492 1.937662 1.500763
1230 0.539591 0.961655
1087 -1.134229 1.732028
1991 3.199075 2.240009
836 0.103075 1.033139
1277 -0.000472 0.925494
1034 0.097697 0.755935
2139 -0.644279 1.342817
445 -1.225079 1.760016
2078 -2.171197 2.759212
687 -0.668948 1.330272
639 -0.147906 1.066953
2027 3.893950 2.637086
357 4.391798 2.999984
2354 0.562250 1.026183
136 0.288306 0.963219
2435 1.254760 1.154504
1237 1.138071 1.164259
438 -1.690013 2.171163
1335 1.124508 1.164988
2181 -0.740016 1.451913
2647 -2.994874 3.633568
2044 -2.643061 3.189278
1293 0.295123 0.934759
671 -0.496591 1.306346
2304 -0.924658 1.504332
634 -0.825682 1.512256
544 0.229824 0.910736
2425 -0.107204 1.048066
369 3.082592 2.132620
2146 -0.274793 1.164039
2404 0.229131 0.990269
2263 -0.853957 1.475965
1098 -1.347095 1.923251
1653 -0.700813 1.410706
2023 3.350284 2.346065
1658 -0.082990 1.118971
345 4.149022 2.856302
162 0.806851 1.027528
153 0.337736 0.954936
1282 0.507825 1.003231
1545 0.031599 1.015572
1439 2.190520 1.703722
2025 3.865342 2.660801
2196 -0.623101 1.368225
2061 -2.930210 3.560999
298 4.383682 2.977864
2538 -1.907842 2.445139
1743 -0.815413 1.410643
1328 0.977992 1.120001
530 -1.684343 2.216519
1586 -0.073840 1.085684
1865 -0.971582 1.667106
1438 2.330546 1.734962
495 -0.609004 1.333827
518 -2.515189 3.075270
1299 0.673277 1.021569
546 -0.238860 1.061489
1205 -0.092823 1.054502
1273 0.351084 0.912924
810 0.062086 1.043212
481 -0.216196 1.106070
523 -2.709971 3.314168
2609 -2.760436 3.345478
163 0.624735 0.995743
1310 1.571880 1.361828
2443 0.663601 0.992196
937 0.593707 1.031577
615 -0.628313 1.346159
60 0.925010 1.065829
2637 -2.119714 2.715765
1478 1.619510 1.388515
1603 -0.201383 1.125273
1483 2.017028 1.570167
971 0.672072 0.992402
123 0.567361 0.992027
1182 0.841607 1.100342
487 0.224159 0.991514
2564 -2.655214 3.245293
152 0.427308 0.967101
1394 0.942198 1.114339
1016 -0.892552 1.488979
2150 -0.348917 1.198993
467 -1.663757 2.209318
794 0.327783 0.956811
464 -2.693843 3.293329
1080 -1.530768 2.072445
1235 1.188716 1.177312
75 2.750739 1.928053
1060 -2.210113 2.768582
39 1.207741 1.063144
1618 -0.119067 1.073868
211 3.709556 2.552622
1874 -0.807597 1.560136
1648 -0.126188 1.074923
141 0.672219 0.992569
1306 1.869803 1.467420
2129 -0.964983 1.576640
1353 1.165194 1.126270
48 0.461602 0.978694
168 0.299831 0.986728
37 0.980068 1.083028
2206 -0.293963 1.220882
210 4.041900 2.771582
2282 -1.006980 1.658603
768 0.620288 1.020263
2248 -0.340056 1.144055
2619 -1.574610 2.120796
424 -2.495326 3.075532
896 0.899531 1.080265
574 -1.450193 2.034455
231 3.506530 2.434530
1959 1.335453 1.092785
2168 -0.810045 1.470409
302 4.026366 2.734771
1390 1.057561 1.179683
2401 1.224354 1.096527
1455 3.352993 2.335089
577 -0.948641 1.558760
2305 -1.150998 1.758894
1918 1.500535 1.289908
170 0.597601 1.075539
1550 1.123512 1.104155
2013 3.163563 2.244038
1321 1.053141 1.121110
631 -1.615227 2.135695
954 0.932990 1.078902
996 0.926979 1.061655
165 0.591343 1.032373
2213 -0.611157 1.362078
413 -2.693768 3.265134
1350 1.029934 1.135144
2200 -0.131775 1.054637
1804 -0.936074 1.579150
436 -2.109900 2.647434
1639 0.101879 1.020640
267 4.501840 3.060370
2355 0.401753 0.953374
1980 2.119303 1.571361
1812 -0.101423 1.106214
1488 2.328939 1.728251
597 -0.978043 1.559410
311 4.411865 3.028339
583 -1.729102 2.241425
1373 1.778967 1.459305
1357 1.842223 1.458317
762 0.276599 1.036701
638 -0.416706 1.226250
2368 0.315319 1.015751
1422 1.913135 1.493641
433 -2.426950 2.987012
209 4.151935 2.877592
1162 0.232684 1.020937
2648 -2.425850 3.017791
1512 0.852345 1.043841
180 0.243639 0.954769
2407 0.051961 1.053347
469 -1.347973 1.890780
2610 -2.365593 2.927660
270 4.209094 2.871027
626 -0.363363 1.194986
508 -2.011518 2.519169
1336 1.018317 1.155340
1652 -0.460877 1.203465
663 -0.267348 1.165464
343 4.204473 2.880886
2363 0.060360 1.052544
2017 3.470093 2.402253
2099 -2.747376 3.395757
942 1.118005 1.139370
1928 1.668522 1.364830
2633 -2.506069 3.051030
1524 0.065760 0.910993
234 4.891213 3.332785
1050 -1.845062 2.428219
2024 3.226739 2.260414
289 3.826163 2.627160
2195 -0.673308 1.403989
645 0.824855 0.998438
2530 -1.132997 1.732460
2185 -0.069396 1.055781
860 3.220785 2.311675
1222 1.033669 1.109154
485 -0.472051 1.220728
1121 -2.182207 2.684776
1466 1.347928 1.203939
1672 -0.137035 1.121767
2120 -2.985002 3.650754
2362 0.077963 0.950699
821 -0.098816 1.070740
2231 -0.122598 0.991172
2108 -0.910738 1.558907
2102 -2.485545 3.110621
272 4.628734 3.174889
1238 0.854443 0.917340
2226 -0.709965 1.414177
2224 -0.500096 1.219222
2169 -1.021823 1.634418
2450 0.300949 1.015936
1532 0.201521 0.925276
120 -0.151179 1.034342
1519 -0.004348 0.935640
647 -0.768963 1.434296
1386 1.397638 1.293414
2464 0.014305 0.970436
2074 -2.604781 3.213538
1620 0.097605 1.032977
2058 -3.027459 3.655226
2138 -0.621904 1.375895
738 0.012659 0.996576
228 2.636642 1.850733
2521 -2.246340 2.807843
1178 0.476813 0.900831
2219 -0.879277 1.576657
1854 -0.875799 1.578855
1368 2.056008 1.574480
2392 0.488367 0.983849
959 0.962733 1.094519
452 -2.424689 2.988678
352 3.694241 2.547395
1584 -0.425778 1.249460
927 1.297604 1.222006
963 0.732095 1.016527
105 0.820764 1.051355
1769 -1.186838 1.769991
1460 1.777767 1.384806
1643 0.124206 0.984358
2312 -0.979218 1.509523
816 0.684334 1.010525
1929 1.592217 1.269479
1461 2.744741 1.962412
1261 0.889871 1.109245
1781 -1.236805 1.757219
1183 0.759344 1.089201
1256 1.132246 1.209997
867 1.881032 1.459829
1664 0.154231 0.964620
1877 -1.095519 1.780334
949 1.186199 1.216442
786 -0.173049 1.136164
895 1.852752 1.487552
1259 0.938092 1.110601
1358 1.303074 1.156311
1308 1.501634 1.308915
2645 -2.946864 3.571679
1647 -0.341499 1.208503
2081 -2.120711 2.679352
2322 -1.717074 2.252929
2098 -2.065524 2.610900
1689 0.249395 0.971633
1500 1.143667 1.192031
1608 -0.161862 1.087839
442 -1.521598 2.047911
2468 0.758489 0.988786
43 1.561933 1.302008
184 0.393304 1.052834
337 4.382482 2.984748
1559 -0.041446 1.040723
4 0.700823 1.040872
333 4.539838 3.092838
2423 0.173001 1.032630
761 0.347354 1.015233
621 -0.957535 1.593130
22 0.834795 1.046110
2171 -0.799253 1.477087
2393 -0.170260 1.078244
766 0.516557 1.030134
1102 -1.359349 1.931557
753 0.543244 1.020550
1347 0.442091 0.960572
247 4.639894 3.102900
534 -1.206197 1.822529
2089 -1.243295 1.813633
315 4.232587 2.908110
2118 -2.820259 3.487838
2519 -2.458352 3.004813
1734 -0.836477 1.481922
466 -2.225446 2.751810
1654 -0.191109 1.117325
2451 0.646838 0.991708
783 -0.008255 1.061532
1476 1.335195 1.269701
497 -1.546216 2.079142
1313 2.082433 1.638793
1404 0.646203 0.956410
1156 -1.033571 1.540572
1807 0.026154 0.991460
217 5.330831 3.620201
1576 0.240571 1.010424
1553 1.083282 1.133334
642 -0.312896 1.196617
1327 0.804889 1.061591
1828 -0.200570 1.162200
2622 -1.948427 2.473380
1637 0.330005 1.029700
232 3.603673 2.497786
1823 0.018480 1.053853
1634 -0.187848 1.120110
72 1.865897 1.452912
2177 -0.283390 1.166009
2552 -1.647070 2.216955
2125 -2.743180 3.343217
393 -3.353043 4.001537
1251 1.158572 1.170647
2527 -1.142382 1.696276
2601 -0.757738 1.362269
2026 4.271784 2.952318
341 3.139607 2.195043
1709 -0.818454 1.473450
2405 -0.006734 1.042852
2113 -1.295864 1.798407
767 0.566051 1.035670
951 1.469370 1.292529
137 0.603391 1.007485
2042 -2.848513 3.455475
1629 -0.238877 1.177567
1577 0.261229 1.016916
2575 -2.397153 2.961684
327 4.280324 2.920579
1165 0.372456 0.994391
1727 -1.080138 1.671326
1046 0.214739 0.824366
826 -0.219734 1.106088
1252 1.238662 1.250248
1082 -1.790727 2.344265
1711 -0.935687 1.553179
2262 -0.294374 1.146196
1605 0.100433 1.013932
1645 0.004218 1.049292
1952 0.405378 0.611793
840 -0.441183 1.234444
935 0.543016 0.987434
976 0.969628 1.133626
1469 0.811379 0.968726
353 3.111554 2.177080
2141 -0.510288 1.320813
752 0.351475 1.047257
2260 0.081167 0.920718
693 -0.582769 1.297593
363 2.833542 2.022127
617 -0.509343 1.284125
2473 0.106827 0.988016
2347 0.296030 0.984957
2015 1.834831 1.455115
659 -0.312049 1.167384
261 4.909440 3.327935
372 3.287402 2.304794
1229 0.522656 0.956919
756 0.286918 1.036511
517 -2.853908 3.468254
2112 -1.022845 1.616748
1896 -0.824813 1.498681
1083 -1.408421 1.888889
268 3.100105 2.141567
1149 -3.221478 3.899729
1650 -0.829833 1.488008
934 0.544971 1.033080
1757 -1.970975 2.475492
1444 1.045852 1.055131
2358 0.057417 0.798905
1891 -0.431437 1.257333
1565 0.648101 1.067197
318 4.074577 2.770507
1145 -2.380359 2.938835
1106 -2.136525 2.691267
2053 -3.073375 3.707178
902 1.068859 1.101681
2630 -2.962002 3.616069
132 0.754434 1.088911
1570 -0.617453 1.365322
1718 0.050860 0.992133
846 -0.415455 1.185278
1348 0.697104 1.068331
980 0.076337 0.985391
1725 -0.776649 1.453490
1169 0.572383 1.020061
106 0.894962 1.053172
2457 0.278524 0.981435
1493 1.537464 1.317810
1220 0.780426 1.046551
1405 1.112262 1.177551
2156 -0.678407 1.411523
997 1.396763 1.293226
1622 0.167392 1.004538
625 -0.629711 1.389502
2595 -2.658589 3.361371
584 -1.332175 1.881000
1632 -0.280664 1.134864
397 -2.508762 3.103814
144 0.423466 0.945731
2285 -1.182561 1.762815
88 1.140409 1.103705
1511 0.935277 1.069483
2599 -1.712303 2.233093
677 -0.431506 1.247612
1623 0.302402 0.977186
1128 -2.159968 2.716280
1446 2.225666 1.668061
260 4.427085 3.026571
2194 -0.577448 1.347018
1025 -1.188751 1.754180
1228 1.365389 1.262281
1890 -0.638355 1.415194
155 0.758018 1.107583
2321 -0.991989 1.612318
2159 -0.715532 1.449983
1217 0.710284 1.038756
2175 -0.834092 1.442762
2402 0.258843 1.030247
2297 -1.611944 2.112451
2093 -1.787233 2.312921
938 0.943544 1.103517
2394 0.198035 1.023402
2119 -3.138150 3.816934
1977 1.891450 1.436373
2170 -0.920527 1.565246
1974 2.129555 1.606321
1673 -0.520798 1.237153
280 4.822380 3.310835
2057 -2.730206 3.307227
1649 -0.456524 1.233214
1068 2.495448 1.815504
450 -1.716457 2.240793
1346 1.811819 1.406661
681 -0.060880 1.038719
525 -2.044375 2.616694
2547 -1.086814 1.646102
1842 -0.161546 0.994803
580 -1.076631 1.695649
1514 0.696331 1.003326
426 -1.250840 1.762003
1236 1.252499 1.157661
2193 -0.467710 1.274156
992 0.098304 1.041383
904 1.289391 1.202842
1278 0.189352 0.990662
2072 -1.908369 2.424017
1361 0.800532 0.999058
1075 -2.313654 2.894556
1646 -0.138267 1.105250
813 0.381440 0.960452
193 0.311182 1.007711
36 0.825032 1.063251
1710 -0.833407 1.484989
2350 0.496908 0.999067
1774 -0.901799 1.551908
65 1.293736 1.180285
1859 -0.777039 1.469591
330 4.002107 2.751004
265 4.231654 2.899694
1370 1.568115 1.289291
906 1.530169 1.334703
79 1.715300 1.406709
2040 -2.445800 3.005452
1131 -2.227368 2.774362
121 0.394555 0.916927
2307 -0.578011 1.220503
2306 -0.309166 1.093800
1239 0.482341 1.025391
1535 -0.136640 1.067246
775 0.274745 1.025640
443 -1.856763 2.389295
1341 1.130239 1.164751
1396 1.012392 1.118712
33 0.824512 0.982285
1883 0.195257 0.956054
2257 -0.517475 1.262157
909 1.737925 1.410298
10 0.660557 0.946478
1101 -1.092599 1.723537
1571 -0.097862 1.075386
2389 0.837650 0.952159
1295 0.079994 0.902944
1970 2.510473 1.823373
1873 -1.073084 1.748882
2467 0.563780 1.021639
657 -0.185347 1.127215
2051 -1.037375 1.436113
748 -0.255201 1.130017
304 3.580548 2.454723
717 -0.669265 1.395075
547 -0.398243 1.199276
13 -0.301167 1.054188
488 0.402040 0.969696
1897 -0.611494 1.380599
256 4.720855 3.177527
1118 -1.267680 1.816188
744 -0.532807 1.252095
2335 -0.349121 1.187344
1644 0.560207 0.976130
612 -1.834170 2.380743
888 0.598686 1.027636
765 0.482024 1.007643
1109 -2.345930 2.933141
2616 -2.450812 3.039382
1998 2.582520 1.854672
1951 1.279624 1.165448
829 -0.320533 1.139713
2580 -1.485851 1.998531
2479 0.365325 0.970628
1471 2.517558 1.821140
1330 0.863278 1.067808
503 -2.814065 3.396045
1352 1.361302 1.194260
627 -0.043906 0.938881
1860 -0.659332 1.382151
2012 3.539510 2.477431
1486 1.125325 1.080671
2629 -2.677040 3.247299
1384 0.935808 1.089497
922 0.634983 0.987311
2448 0.480482 0.983746
235 4.818016 3.285489
2582 -1.438477 1.963201
1640 -0.373617 1.089355
1192 0.367356 0.983002
1772 -1.625230 2.165909
1563 0.724143 1.013025
1119 -1.418140 1.999730
1096 -0.945032 1.545623
2158 -0.529383 1.303068
2056 -2.880151 3.464027
1155 -0.857508 1.386021
80 2.147435 1.597949
1223 0.711761 1.055082
1297 0.805341 1.037588
157 0.328789 0.992383
629 -1.597084 2.160529
2375 0.383717 1.015882
1389 0.646322 1.031682
1619 -0.619639 1.386441
1902 -0.341476 1.210586
1961 2.575656 1.893091
1528 0.052639 0.987036
1899 -0.401271 1.185879
412 -2.781752 3.362628
605 -2.213286 2.814879
2634 -2.524054 3.101058
2242 -0.465237 1.231124
51 0.247926 0.947134
1715 -0.918619 1.541741
1089 -2.122356 2.665198
770 0.823792 1.063298
1298 0.985935 1.104898
1481 1.543415 1.348968
599 -0.723836 1.397678
1194 0.089912 1.045744
2221 -0.756603 1.505004
1588 0.195840 1.000769
49 0.607077 0.998695
777 0.094984 1.038317
1633 0.070547 1.052991
273 3.718976 2.547097
70 0.723578 0.993313
2381 0.202209 1.002196
2429 0.784397 1.091314
1058 -2.419205 2.994322
961 1.345112 1.246511
1073 -1.594692 2.088706
1028 -0.451133 1.146027
2127 -2.012045 2.543083
947 1.069219 1.147484
614 -0.979263 1.594170
1581 0.346774 0.986527
9 -1.070579 1.629287
477 -0.649416 1.336706
703 0.184672 0.973998
2076 -2.324402 2.891743
21 0.765004 1.053448
898 1.347739 1.230039
998 1.672862 1.404192
1990 3.370787 2.357717
1084 -1.927762 2.532064
1552 0.845361 1.015502
3 0.379320 0.957043
520 -2.360755 2.951993
1761 -1.134718 1.702092
2493 -2.400438 2.972821
1614 0.024602 1.022745
535 -2.081929 2.642552
143 0.576678 1.004136
1171 0.221582 1.030299
549 -0.113225 1.052983
2333 -0.474057 1.256441
1091 -2.409355 2.940462
797 -0.486363 1.218710
1820 0.285087 0.992180
1624 0.386919 1.001148
189 -0.096739 1.053229
1326 1.390298 1.244171
1254 1.385386 1.316071
1376 3.175148 2.168713
384 -2.592254 3.207665
1120 -1.650337 2.158891
1218 0.350153 1.026896
854 1.347715 1.265911
2583 -1.507677 2.090961
654 -0.434739 1.253650
2198 -0.406493 1.217017
2576 -2.458201 2.992719
778 0.215969 1.056063
2298 -1.352068 1.920171
2315 -0.886878 1.569398
1224 0.446364 0.985502
1105 -1.940063 2.487543
2045 -2.552095 3.153664
1176 0.456956 1.030143
236 4.837034 3.285337
2154 -0.753874 1.499402
1427 2.573257 1.893848
1398 0.955203 1.126924
67 0.931478 1.114707
1724 -0.525520 1.263173
1895 -0.343349 1.221681
591 -1.906928 2.429518
1996 2.977486 2.097135
757 0.187161 1.029093
964 0.527534 0.992250
590 -2.022792 2.563490
1225 0.410307 0.907232
596 -1.498912 2.034608
2416 0.063986 1.001648
2572 -1.567979 2.112049
1415 2.058333 1.586343
994 0.302300 0.975068
1999 1.730218 1.356254
1607 -0.215673 1.133352
423 -2.290965 2.855777
1442 1.914150 1.576821
945 0.940041 1.087259
1458 1.968154 1.541056
1868 -0.789750 1.524154
1436 2.299915 1.715153
795 0.404546 0.946071
2182 -0.594829 1.359794
435 -1.789047 2.349830
324 4.704348 3.165287
1440 1.978511 1.546311
1569 -0.215619 1.141714
1944 2.321227 1.718619
2581 -1.001882 1.482680
128 0.280493 1.019051
204 3.568423 2.464313
2190 -0.091420 1.076243
1791 0.964831 1.089395
2132 -2.010948 2.522504
1691 0.860470 1.053231
2295 -0.824257 1.467898
643 0.201877 0.926337
2411 0.398585 1.015063
832 0.005723 1.066885
1538 0.080034 1.037916
2223 -0.829778 1.529809
932 0.940739 1.112053
929 1.081332 1.150212
2124 -2.991239 3.669404
1562 -0.111154 1.065320
1561 -0.144516 1.095056
2415 0.022252 1.060700
912 1.257031 1.204642
2351 0.748540 1.036363
351 2.910690 2.011749
295 3.777765 2.554069
2189 -0.124471 1.103091
387 -2.638730 3.221662
537 -1.826587 2.362774
2217 -0.819957 1.530466
219 5.000022 3.395781
1937 1.963794 1.479495
2115 -2.582423 3.146845
660 -0.280737 1.116423
1560 -0.453255 1.240569
1780 -0.704256 1.425828
269 2.719740 1.910300
2319 -0.885795 1.485773
2428 0.896291 1.060095
2173 -0.713178 1.432215
913 1.717110 1.404917
719 0.226942 1.022358
93 3.805917 2.632143
928 1.634872 1.388666
2540 -1.363684 1.913039
1300 1.361456 1.271921
679 -0.449892 1.209901
528 -1.866552 2.424906
2353 -0.010979 0.985388
293 4.185306 2.832450
1479 1.833656 1.468213
885 0.706805 0.971289
1316 1.462133 1.291490
2413 0.827625 1.069907
798 -0.400337 1.213109
1846 -0.320356 1.181163
2100 -2.610147 3.238458
666 -0.820916 1.441620
2176 -0.441794 1.204770
139 0.874618 1.034972
1719 -0.207629 1.017254
2109 -0.830807 1.492691
1371 1.688369 1.366543
2085 -1.257964 1.782764
673 -0.458791 1.193768
2004 3.920770 2.683562
458 -2.599997 3.214384
1813 -0.076191 1.100835
2586 -1.822793 2.394317
325 4.227987 2.905128
1604 -0.781788 1.349518
207 3.409423 2.360917
1610 0.166185 1.029383
986 0.975788 1.091427
1345 1.183292 1.165272
692 -0.711584 1.424538
310 4.544902 3.076130
1975 2.649815 1.886390
923 0.641330 0.968663
319 4.848185 3.271218
1755 -2.045903 2.577077
967 0.974565 1.103634
1964 0.828473 0.911329
543 0.242187 0.932339
623 -0.715198 1.407812
1334 1.067066 1.149331
460 -2.420515 2.964903
1617 -0.083773 1.071950
2383 0.152824 0.977624
6 0.034552 0.981471
303 2.937253 2.034611
243 4.848718 3.241188
1147 -0.798418 1.438770
1397 1.497201 1.370323
1660 -0.123801 1.098787
1651 -0.691901 1.368111
1200 0.522747 1.033146
1863 -0.757610 1.490716
126 0.195907 1.001207
1168 0.332109 0.967784
2147 -0.514937 1.289755
2567 -2.873834 3.477354
984 0.558254 0.977873
930 0.988518 1.094816
889 1.438064 1.288512
1445 1.976978 1.530186
1705 -1.073329 1.652734
632 -1.546843 2.126616
572 -1.382470 1.946163
161 0.805377 1.038944
2222 -0.695515 1.460601
1789 0.992597 1.034240
1501 1.329233 1.268442
1462 1.902945 1.449807
2238 -0.000178 0.958737
1723 -1.329399 1.878481
181 0.320889 0.975676
1506 1.282779 1.230309
1189 0.605403 1.031716
474 -0.279144 1.140257
2144 0.035581 0.999754
1079 -1.828909 2.328848
809 -0.075356 1.067117
2503 -2.109353 2.627522
1202 0.471929 1.015412
2075 -2.809965 3.445711
1557 -0.054505 1.089410
526 -2.116163 2.714340
1847 -0.476047 1.266301
2050 -2.926407 3.544341
2095 -1.812043 2.358802
1731 -0.901064 1.502029
489 -0.491332 1.275336
2130 -1.986985 2.506260
2003 3.886955 2.654266
1064 -2.393703 2.999444
2063 -2.005035 2.522749
1296 0.676535 1.034384
1760 -0.886150 1.468105
1794 1.057602 1.129560
550 -0.158673 1.081464
2261 -0.366834 1.123818
2216 -0.728917 1.457581
2385 1.001585 1.065806
1686 0.266326 1.007130
1665 0.246635 0.880362
44 0.657415 0.895044
299 4.243951 2.931358
1572 -0.617011 1.369121
769 0.489553 1.015212
8 0.365906 0.938975
321 4.998160 3.417045
724 0.427442 0.926555
1796 0.958501 0.997519
147 -0.680565 1.270830
604 -2.176479 2.732719
975 0.947117 1.100791
863 -0.257158 0.844579
35 -0.144201 1.113865
334 3.972467 2.736217
89 2.186875 1.579606
59 1.140589 1.093854
613 -1.480228 1.991787
2090 -1.743376 2.313167
772 0.285664 1.011508
1318 1.612196 1.349484
2561 -3.071014 3.677824
774 0.196286 1.038325
779 0.328115 1.055211
1762 -1.584176 2.120249
1704 -0.791629 1.504311
993 0.106927 1.030573
2494 -1.781503 2.324794
1137 -1.979139 2.547317
635 -1.070335 1.682255
2378 0.545375 1.005974
2632 -2.835733 3.460455
2034 -2.752762 3.351263
2230 -0.398520 1.226843
990 0.129685 1.012690
2266 -0.559757 1.271142
179 0.158294 1.015238
835 -0.167648 1.097023
2631 -2.998802 3.657470
670 -0.351172 1.196271
2597 -2.587237 3.176041
1322 0.732792 1.000424
1714 -0.788818 1.420066
1816 1.274715 1.124887
306 2.643022 1.887758
84 0.965356 1.072044
2449 0.483097 1.035742
689 -0.297209 1.128686
169 0.139029 1.005755
914 1.589155 1.343710
694 -1.067851 1.620352
25 -0.368827 1.031498
2244 -0.532277 1.279244
1641 0.162623 0.979144
2499 -2.400504 2.962843
2172 -0.868780 1.530727
711 -0.101441 1.070583
1379 1.077422 1.086232
529 -1.811336 2.356677
190 -0.351882 1.179443
2373 0.489442 1.006314
675 -0.414029 1.150116
2300 -1.108606 1.676111
151 0.214256 0.988335
773 -0.041853 1.100297
2162 0.231831 0.915939
933 0.246288 0.984121
1589 -0.189958 1.141284
453 -1.926909 2.492492
475 -0.150139 1.050963
1204 -0.664033 1.401436
2461 -0.194295 1.063879
1880 -0.814183 1.479872
1982 2.740936 1.942623
1898 -0.631326 1.366172
2342 -0.224264 1.086865
581 -1.275093 1.844407
817 0.298862 0.987901
15 0.949456 1.110184
2541 -1.169850 1.707786
668 -0.530709 1.279263
953 0.956642 1.102115
700 0.078021 0.981465
1181 0.711719 1.072089
367 3.661907 2.512146
950 1.392979 1.260156
592 -2.281891 2.820027
579 -0.829536 1.474742
1412 2.851875 2.055230
1086 -1.113548 1.747063
2343 0.017513 1.025748
1170 -0.005703 1.064200
695 0.168699 0.971553
2518 -2.114857 2.651563
1585 -0.321510 1.191914
870 1.094902 1.163727
2441 0.641162 1.004555
12 0.130795 0.939060
1359 1.251081 1.180677
116 -0.434922 1.145010
2462 0.271794 0.895807
1291 0.193945 0.971080
2143 -0.177539 1.118680
1459 1.285846 1.103257
1071 -1.940471 2.483803
1530 0.736896 1.044438
2337 -1.588553 2.164349
1305 1.228201 1.098784
1074 -2.052078 2.628631
1889 -0.007038 0.790036
1600 0.180620 1.010073
1621 0.447370 1.002116
2229 -0.652225 1.389343
1870 -0.783473 1.519789
2569 -1.834790 2.386870
350 3.677000 2.531837
1712 -1.339707 1.897862
532 -1.344232 1.908643
1110 -2.285357 2.870547
2460 0.054955 1.033379
1836 -0.143208 1.064497
2097 -2.099938 2.611498
2316 -1.090417 1.678140
2110 -0.834803 1.469640
1578 0.065247 1.039752
2302 -0.393755 1.174049
828 -0.263538 1.131875
1487 0.706438 0.886577
24 0.486481 0.977469
1123 -2.329159 2.893913
2384 0.792255 1.040904
2639 -2.737850 3.372811
1749 -1.233618 1.834814
96 0.690581 0.971562
2199 -0.418141 1.235011
1504 1.365068 1.251547
531 -1.550003 2.128379
2536 -1.000930 1.604284
23 0.133771 0.932337
2356 0.247413 0.931827
569 -0.279047 1.049524
1167 0.344484 1.023349
1824 0.709489 0.766256
73 1.302037 1.157247
1521 0.399440 1.036272
606 -1.965718 2.538992
1656 -0.195067 1.176472
1770 -1.025708 1.629558
1830 -0.372209 1.212999
512 -2.140764 2.672530
1403 1.307147 1.221120
1377 2.728535 1.910275
400 -1.833486 2.320007
1534 0.163399 0.960598
2605 -2.354302 2.875382
2324 -0.831925 1.473246
440 -1.709918 2.235728
656 -0.481026 1.217433
2188 -0.081784 1.073618
2227 -0.648388 1.415184
1457 1.772531 1.453304
419 -2.509964 3.069344
2489 -1.232792 1.788641
1494 1.531902 1.307788
2539 -1.569912 2.113650
206 3.570117 2.476575
468 -1.535995 2.040244
755 0.258424 1.053452
1507 0.639397 0.897220
2379 -0.024276 1.081744
2344 0.498385 1.007737
95 1.154200 1.170047
1362 0.255377 0.842059
1832 -0.486109 1.308169
338 2.998380 2.073520
2495 -1.211159 1.746287
522 -2.287328 2.835849
2117 -1.583129 2.080773
131 0.946984 1.132144
804 -0.276882 1.167602
1093 -1.891770 2.414181
1406 0.975871 1.158385
2041 -2.884126 3.516993
515 -2.386199 2.969630
2212 -0.536043 1.325243
1127 -1.972305 2.534215
1992 2.997319 2.102636
1616 0.669278 0.984785
449 -2.226372 2.754856
1726 -0.691968 1.384446
2070 -1.532342 2.078710
71 1.432649 1.270754
1241 0.857910 1.097501
138 0.842604 1.050730
564 -0.020298 1.039784
1360 1.027392 1.121940
2047 -3.214568 3.838559
1190 0.195016 1.016291
428 -2.989975 3.614795
1700 0.113387 0.923891
2107 -0.763013 1.419372
988 1.441491 1.296163
7 -0.126222 1.013095
418 -2.359717 2.891027
2465 -0.401226 1.168162
1193 0.246017 1.015514
1157 -0.887940 1.481429
1808 0.087683 1.057586
1630 -0.129634 1.093240
2104 -2.950407 3.603347
448 -2.140665 2.738897
344 4.259654 2.929209
1579 0.293257 0.967486
1027 -1.899630 2.419285
1699 -0.334593 1.197920
1011 0.548053 0.836191
2228 -0.879201 1.583273
1852 -0.866827 1.557429
843 -0.407302 1.171706
491 -0.258722 1.140756
1061 -2.412136 3.000059
2151 -0.593855 1.362442
1793 0.482594 0.969218
1378 2.124531 1.601453
2275 -1.488699 2.038541
824 -0.218238 1.102473
1522 0.335582 1.004261
1635 0.054593 1.037642
568 -0.623682 1.312131
1958 0.360425 0.662411
1747 -1.023192 1.670844
104 0.578513 0.983542
2562 -3.127311 3.746869
1099 -1.152118 1.783498
1861 -0.613135 1.328540
278 4.604654 3.103218
1606 -0.163199 1.151661
1805 -0.787315 1.463363
2084 -1.849489 2.427690
1688 0.172362 1.012404
892 1.586485 1.313135
1806 -0.498963 1.265257
1107 -2.106819 2.672628
1670 -0.140659 1.122032
1580 0.520320 1.008245
1696 -0.013897 1.005358
1126 -1.376933 1.889573
1596 0.121517 1.034298
1659 -0.720765 1.357649
2071 -2.314923 2.818338
1997 3.222202 2.217630
1779 -0.220371 1.067135
2080 -1.813367 2.373920
1707 -1.470256 2.016909
2386 -0.253579 1.106890
1354 1.122191 1.194387
91 3.316631 2.319713
1720 -0.471012 1.212632
1333 0.828381 1.077981
1815 0.035434 1.039962
1752 -1.879226 2.433823
1872 -0.893101 1.554339
1515 0.758081 1.050843
259 4.273179 2.922115
511 -1.768076 2.293755
1939 1.174767 1.123080
500 -1.550259 2.031735
2038 -2.374517 2.961199
712 -0.152785 1.099921
2267 -0.017468 0.958205
2215 -0.810393 1.536947
1134 -2.044688 2.604019
732 -0.437979 1.230687
182 0.003656 0.956824
1817 0.345936 0.989081
2073 -2.369231 2.950127
2268 -0.293949 1.104520
1995 3.026223 2.151108
793 -0.091186 1.046116
250 3.660752 2.513546
688 -0.116900 1.055350
2243 -0.501909 1.217950
2469 0.370146 0.940470
1262 0.916925 1.105756
2245 -0.631306 1.322160
796 0.044312 0.884035
1599 -0.228737 1.108190
886 0.530934 0.987864
989 0.952740 1.064674
2202 -0.881071 1.503510
2369 0.697473 1.003311
674 0.119956 1.011114
245 4.458495 2.957876
1729 -0.830527 1.495164
509 -1.948555 2.461034
1063 -2.264052 2.845815
1740 -2.017217 2.536076
376 2.569292 1.853152
202 3.761349 2.587099
926 0.853773 0.991280
16 0.953547 1.124159
61 0.826757 1.043409
2374 0.212788 1.031120
2247 -0.120051 1.075055
1387 0.943574 1.106206
925 0.238351 0.947723
1981 2.232244 1.659352
562 -0.395701 1.178045
2062 -2.105412 2.623070
1763 -1.669127 2.194860
411 -2.487159 3.026978
11 1.135300 1.130702
2430 0.271016 1.012003
2088 -1.481428 2.049877
880 1.207940 1.185585
1966 1.358637 1.193977
1320 1.160410 1.151159
1687 0.384891 0.964699
640 -0.445027 1.249178
2253 0.263359 0.934245
1188 0.422483 1.036886
222 4.746146 3.227188
891 1.704216 1.349249
2522 -2.324988 2.921154
2142 -0.080560 1.066969
1315 2.027706 1.586139
1738 -0.623633 1.254273
521 -2.300693 2.890822
1367 1.274020 1.220365
628 -0.648197 1.307299
482 -0.050838 1.062663
1764 -0.145098 1.043696
1307 1.779336 1.451973
1249 0.741643 1.030980
395 -2.614701 3.182323
129 0.699189 1.024512
158 1.087644 1.148106
958 1.177929 1.167849
1708 -0.915383 1.540842
2643 -3.154207 3.785913
1465 1.149403 1.119435
1366 1.272853 1.161621
2442 0.813392 0.989006
1142 -1.185597 1.760880
2556 -4.072006 4.706462
507 -1.727155 2.253402
713 -0.068165 1.084967
401 -3.151607 3.775006
2434 1.165932 1.133750
1856 -0.592704 1.335564
616 -0.725213 1.368637
1325 0.758469 1.003132
1094 -0.893944 1.542338
1798 0.260975 0.986157
1317 1.575466 1.330914
1015 -1.071446 1.616011
1825 0.313337 0.882144
831 -0.362158 1.217195
2555 -4.085045 4.727591
2471 0.141474 1.000680
471 -0.833956 1.409113
2131 -2.176600 2.712598
1294 0.282851 0.933365
399 -1.464363 2.029962
1973 1.635653 1.341129
740 0.273778 1.001498
2265 -0.764805 1.410382
878 1.444070 1.291374
649 -0.252673 1.075441
87 0.643704 1.003587
69 0.862962 1.083151
754 0.505221 1.029608
76 1.263801 1.210419
1311 1.534908 1.381903
271 2.839467 2.014757
2611 -2.739504 3.333072
2191 -0.464339 1.282676
1737 -2.043547 2.587615
1697 0.214240 0.925131
1713 -0.734840 1.371761
346 3.467725 2.404773
527 -1.972065 2.515678
1309 1.433407 1.318535
77 1.365813 1.182919
1374 1.788981 1.304969
1739 -0.832081 1.459497
1594 -0.382486 1.203071
715 0.151580 1.040229
54 0.433926 0.935835
1498 0.833758 1.065528
1931 2.695019 1.968280
747 -0.063209 1.064135
1419 2.653495 1.882095
115 -0.113798 1.042549
252 3.209143 2.224636
1004 -0.701869 1.327315
2155 -0.699588 1.421190
1795 1.195930 1.183854
1047 -0.902231 1.478482
1072 -1.786732 2.344071
183 0.444070 1.054807
2456 0.597113 0.967509
2187 -0.251865 1.128086
1956 2.997147 2.131465
1136 -2.105579 2.609991
2474 0.268688 0.972992
1564 0.751388 1.080974
213 4.679075 3.131881
2606 -1.966844 2.498348
1421 2.188481 1.604608
388 -2.803890 3.430518
2436 1.003904 1.057820
1706 -1.477388 2.030619
1821 0.370917 0.989890
484 -0.494444 1.213207
907 1.441047 1.290620
970 0.810063 1.044803
2020 3.248179 2.268250
2478 0.290485 1.044644
2308 -0.463721 1.256048
1976 1.916104 1.476633
1012 -0.369585 1.113549
486 0.388881 0.882200
195 0.413044 0.908644
2284 -1.037040 1.630727
731 -0.127785 1.100013
847 0.112317 0.990136
28 0.236969 0.932067
1417 2.371663 1.773142
1437 2.783383 1.992128
1349 0.627802 1.013373
1517 0.715809 1.014210
853 1.889679 1.516506
56 -0.465566 1.186469
415 -2.002012 2.503743
2311 -0.738248 1.465225
290 4.250660 2.907013
759 0.459191 1.057390
2160 -0.593610 1.374020
2612 -2.787768 3.365969
2574 -1.892395 2.406351
803 -0.209775 1.136228
223 4.022575 2.725898
483 -1.319344 1.866017
1416 1.913920 1.497965
287 4.196406 2.880609
294 4.204181 2.826562
1943 1.839871 1.461568
1425 2.447430 1.789082
2623 -1.929279 2.435516
1090 -2.426902 3.018457
1799 0.124111 1.036963
329 4.179501 2.837810
2338 -0.873818 1.537402
1148 -2.525860 3.126166
1130 -1.996929 2.577864
506 -2.858372 3.481709
2557 -3.417466 3.993713
1069 0.234728 0.627828
42 1.281359 1.125614
407 -1.837335 2.345764
1850 -0.468051 1.283886
1730 -1.002470 1.605582
1135 -1.656175 2.170664
1544 -0.080885 1.056420
390 -2.574681 3.130866
2309 -0.584405 1.311369
406 -0.817708 1.280760
1062 -2.332740 2.928746
2145 0.015464 1.044064
1216 0.860916 1.124529
281 4.568634 3.084335
97 1.331005 1.233728
52 0.287159 0.874070
218 4.711594 3.204134
2037 -2.633577 3.176809
1892 -0.792142 1.523125
1893 -0.699839 1.444064
2018 3.500811 2.403099
559 -0.310430 1.153985
2502 -2.445588 2.984103
1574 -0.251618 1.153200
1935 3.231406 2.253494
1971 3.595294 2.457293
1426 2.299687 1.663599
1215 0.650736 1.072443
498 -1.394994 1.931070
63 1.712788 1.383066
2000 3.392379 2.335827
1547 0.917964 1.098501
422 -1.870037 2.355365
203 3.402130 2.363326
2161 -0.520124 1.283333
2163 -0.144567 1.088108
312 4.024970 2.755126
1676 0.017957 1.071169
479 -1.490160 2.004194
410 -2.967138 3.574743
1788 1.425611 1.191103
347 2.967370 2.062575
1159 -0.019725 1.004302
2417 0.124046 0.979106
2094 -1.514603 2.082048
977 0.414676 0.959785
2241 -0.348618 1.132637
2498 -1.742537 2.335206
1955 3.525610 2.416623
78 1.062309 1.131246
1675 -0.489080 1.219016
2014 3.883028 2.642633
1489 1.882673 1.462399
1692 -0.031888 1.033708
588 -1.706424 2.272066
391 -2.766647 3.352557
364 2.982225 2.110524
800 -0.142073 1.072730
991 0.251550 1.004326
2205 -0.806354 1.516054
145 0.534088 0.980834
1480 2.017497 1.578006
894 2.036691 1.609667
2087 -1.831110 2.356118
501 -2.154233 2.724741
2289 0.035524 1.014844
421 -2.761601 3.357732
257 4.064015 2.754685
1826 0.212424 0.974139
1520 0.839604 1.070413
275 4.641450 3.180101
1283 0.181755 0.933737
920 1.789502 1.461314
1590 0.028192 1.068017
2544 -1.516697 2.049971
2488 -0.950263 1.522090
1375 3.727160 2.509857
1139 -2.132482 2.699896
1582 0.176099 1.025446
2281 -0.695921 1.361986
2570 -1.325876 1.871121
2299 -0.915486 1.529691
586 -1.747208 2.327751
323 4.615001 3.141094
276 4.440848 3.054181
2218 -0.599866 1.378329
1018 -1.968376 2.532430
31 1.482802 1.256026
883 0.782175 1.048680
1338 0.890486 1.123587
2501 -2.336547 2.859989
864 0.340637 0.883368
446 -1.455684 1.972798
2410 0.340206 1.019828
593 -1.128605 1.701594
2092 -2.004133 2.585799
2283 -0.539094 1.305990
398 -2.649296 3.258293
2532 -1.627133 2.142283
708 0.454678 0.917247
264 3.352757 2.308370
2079 -2.340079 2.921094
2424 0.247045 0.971159
678 -0.959971 1.560407
510 -1.446456 2.001163
317 3.175757 2.182217
1337 1.216439 1.252192
2279 -0.221169 1.087844
185 0.335422 1.043888
2249 -0.105589 1.078490
241 4.769898 3.208449
1464 1.115697 1.111324
1930 1.880518 1.497774
258 3.631531 2.488279
1843 0.361316 0.939756
1401 2.462294 1.863243
1432 2.058214 1.549637
1151 -1.399673 1.941486
14 0.810834 1.081626
882 1.008963 1.092190
1092 -2.224911 2.746979
248 4.626070 3.114615
2277 -0.783667 1.499494
2270 -2.547879 3.313625
1556 -0.209541 1.136598
781 0.296930 0.940073
792 -0.315251 1.149674
365 3.315892 2.275600
1111 -1.746065 2.294622
2492 -2.515858 3.100572
1163 0.732901 1.053573
1759 -1.834969 2.413107
1287 0.474419 0.960621
1597 -0.409043 1.207504
2250 -0.315516 1.162008
1882 -0.755436 1.400827
2005 3.234267 2.212597
408 -2.444173 2.997023
1472 1.924561 1.490501
514 -1.895071 2.402460
839 0.387245 0.980962
876 1.935661 1.557215
2237 -0.479698 1.272133
2370 1.055792 1.126684
1115 -1.592540 2.084051
1503 1.533752 1.332590
1989 2.832799 1.975846
610 -0.781220 1.431791
176 -0.430656 1.173172
57 -0.271520 1.024188
1583 0.118032 1.023555
979 0.317037 0.964487
2293 -0.765570 1.424655
554 0.074524 0.959657
1057 -1.582893 2.124607
1638 0.151326 1.006361
29 1.042852 1.067909
575 -1.194279 1.772893
741 -0.591196 1.329780
1735 -1.720191 2.304706
1474 1.745442 1.489302
2346 0.118228 1.038434
227 3.939367 2.709297
2537 -1.427816 1.932331
561 -0.183553 1.143811
2082 -1.995676 2.566824
2149 0.044186 1.037440
1380 1.142517 1.175934
973 1.226532 1.200271
1314 2.986318 2.061895
1407 0.675843 0.943629
2077 -2.031202 2.585976
2446 0.536455 1.023935
1288 0.351550 0.976681
62 0.926446 1.085335
38 0.270611 0.973722
30 1.164032 1.115418
2345 0.239681 1.016813
983 -0.027342 1.044031
402 -2.816060 3.459580
221 4.663366 3.142907
283 4.173054 2.841461
2613 -2.628761 3.218898
1871 -0.775206 1.494913
1913 2.198977 1.639415
313 4.086961 2.773267
1746 -0.534114 1.230396
26 0.367739 0.923367
585 -1.339118 1.905368
1983 3.691006 2.560444
566 -0.141622 1.051236
1766 -0.846930 1.465680
493 -0.424795 1.163341
1866 -0.885424 1.581841
2225 -0.085942 1.058087
1114 -1.958118 2.519121
620 -0.985908 1.670327
314 4.303899 2.921895
1965 2.250916 1.702936
710 0.228272 1.012987
1838 -0.404129 1.173440
2152 -0.822539 1.522729
751 0.939252 1.036346
936 0.769798 1.061880
2209 0.270523 0.899224
68 0.854625 1.073629
637 -0.673402 1.450912
1631 -0.376746 1.121571
833 0.049490 1.037102
124 -0.068143 1.014843
1381 1.328224 1.230402
916 1.908669 1.532949
1451 2.693157 1.971298
297 4.142520 2.817628
1954 3.152632 2.175123
622 -0.925237 1.592861
1037 -0.553830 1.145294
308 4.066869 2.788394
1510 0.165910 0.864135
1742 -0.736829 1.335374
2096 -1.765559 2.285093
784 -0.386065 1.242756
81 1.258697 1.189264
119 -0.693265 1.315351
725 0.124478 0.968331
1289 0.293325 0.976226
2086 -1.678013 2.225381
545 -0.272649 1.124712
702 0.231992 0.992537
1792 0.762775 1.021778
1033 -1.991826 2.520352
2280 -0.527893 1.287869
2111 -0.736680 1.422707
1509 0.589865 0.871756
1695 0.160526 0.986124
2579 -1.731908 2.260320
1339 0.966224 1.102403
1986 2.468921 1.811413
646 -0.807694 1.452383
1728 -0.865923 1.545835
2615 -2.326714 2.882506
45 0.710455 1.035005
684 0.033340 1.063099
1435 2.985269 2.110210
2323 -1.678975 2.269166
729 -0.139297 1.084468
2049 -2.829520 3.420717
1141 -2.377721 2.955150
820 0.111381 1.005416
1733 -0.633386 1.324749
392 -3.033915 3.678272
177 0.042493 0.962940
1158 -0.599223 1.287976
915 1.930063 1.525599
1797 0.121053 1.027363
40 0.642341 0.877880
1551 1.107630 1.126462
1748 -1.213804 1.828036
2380 -0.134598 1.138074
2137 -0.226225 1.104292
1233 0.680589 0.991820
716 0.174912 1.020799
1666 -0.173243 1.092758
2192 -0.480825 1.279085
2431 0.517249 0.928953
461 -2.945453 3.543058
672 -1.065030 1.645311
434 -2.258349 2.835429
238 4.753169 3.199856
1858 -0.760589 1.498662
1841 -0.683191 1.396910
823 -0.417106 1.237744
215 4.171724 2.839773
111 0.011796 0.986740
473 -0.733341 1.394613
827 -0.159486 1.071922
1393 1.164838 1.229012
1814 -0.393569 1.219733
2214 -0.666067 1.399891
502 -2.574879 3.159745
420 -2.395969 2.931285
1567 -0.223885 1.093087
539 -2.566344 3.130523
611 -1.704567 2.258736
2554 -1.421554 1.962159
2291 -0.843878 1.495238
965 1.025037 1.060217
172 -1.220120 1.819208
2515 -1.829035 2.359501
917 2.141800 1.738672
1598 -0.564905 1.312881
2052 -2.845210 3.448763
690 -0.920869 1.471910
1070 -1.907664 2.492304
587 -1.569214 2.111777
1429 1.940673 1.492233
2186 0.094443 1.026659
1017 -1.323402 1.851450
874 1.890709 1.498760
1669 -0.233566 1.113616
368 2.857882 1.981686
251 3.717705 2.553502
1801 -0.237940 1.176657
2593 -0.257806 0.875822
1940 0.681081 1.025901
1933 2.883822 2.017265
2590 -1.597835 2.085110
74 2.557961 1.878242
2517 -1.517625 2.022910
2028 3.479131 2.420648
1988 3.476452 2.376739
386 -1.899507 2.387366
160 0.853163 1.021156
114 -0.115014 1.048153
609 -1.909777 2.515601
470 -0.326382 1.136187
404 -2.611069 3.224478
1085 -1.432297 1.999950
2340 -0.181487 1.152356
1450 2.167401 1.618633
1022 -0.841004 1.500741
331 3.484374 2.418182
570 0.394737 0.715353
355 3.779225 2.592246
1960 2.330183 1.728938
855 2.086072 1.583813
2001 2.921517 2.040668
342 3.923841 2.693045
2525 -1.852766 2.365980
802 -0.232192 1.141580
1938 1.302586 1.157221
356 3.827005 2.607884
2317 -1.179083 1.767718
2240 0.031668 1.007990
578 -1.017098 1.556244
2326 -1.271927 1.878949
2418 0.076546 1.042382
2388 0.852095 0.951680
2577 -2.559849 3.152038
2438 2.855596 1.993597
1424 2.554235 1.843791
2432 1.394974 1.222761
2646 -2.712212 3.323324
1275 0.436130 0.932872
1140 -2.113860 2.706511
1601 0.261326 0.984203
665 -0.139702 1.134506
1536 -0.041225 0.989668
55 -0.152510 1.050719
1434 2.458797 1.769807
58 1.081418 1.046229
1721 -1.369793 1.963884
1053 -2.224464 2.726167
1453 2.384936 1.751919
1301 1.286233 1.254245
305 3.345370 2.314846
1197 0.532511 1.037554
2437 2.916226 2.048784
1391 1.180367 1.245450
212 4.009212 2.753586
723 -0.217378 1.118462
1744 -0.984765 1.605886
2529 -1.139488 1.737251
1985 3.394058 2.315439
1925 1.037702 0.960998
2101 -2.362268 2.943216
149 0.057307 1.028954
2588 -1.132798 1.641788
2361 0.153295 1.013937
288 1.042293 0.932311
745 -0.379889 1.184858
872 1.774421 1.467928
960 1.569991 1.382979
871 1.589833 1.399753
1095 -1.943929 2.505450
2366 0.224481 1.031710
1887 -1.084583 1.736949
361 2.922935 2.020136
1926 2.149246 1.557845
82 0.576537 0.955914
2059 -3.125867 3.766505
1881 -0.142817 1.046745
244 4.196895 2.853629
676 -0.143223 1.058699
1751 -0.193550 1.024456
2320 -0.580291 1.285135
1355 1.425991 1.328006
2644 -2.941877 3.543254
2491 -1.708321 2.215763
2046 -2.634837 3.223800
2220 -0.851267 1.574934
2553 -1.807293 2.322758
186 0.196806 0.980764
1837 -0.127337 1.042166
1146 -2.087822 2.642224
1323 0.681825 1.029058
1221 0.741926 1.063144
2480 0.394616 0.982845
538 -1.713698 2.172413
1496 0.839842 1.001460
1840 -0.559712 1.311282
2563 -2.916893 3.520274
125 -0.050108 1.067343
50 -0.430046 1.192987
919 0.938144 1.053566
1499 0.021702 0.890203
1963 3.264336 2.292262
987 0.806535 1.058997
100 0.001893 0.973781
743 -0.610462 1.328936
216 4.050836 2.762064
2592 -1.726008 2.257752
1732 -0.598603 1.325873
1143 -1.994075 2.534313
557 -1.323951 1.888000
1993 2.971986 2.068299
83 0.897382 1.053361
940 1.452820 1.338772
908 0.838565 1.038910
589 -2.041916 2.609764
576 -1.376019 1.996186
1717 0.095602 1.015068
1122 -2.325194 2.891251
2454 0.769571 1.054347
2036 -2.245250 2.795307
2334 -0.928777 1.491292
1385 1.322403 1.230062
2439 0.765594 1.018704
492 0.332400 0.762742
2128 -0.927935 1.592335
2440 0.927118 1.087842
682 -0.165488 1.029257
1775 -1.022593 1.625612
1626 0.061522 1.046576
1591 0.281783 1.008725
112 -0.209969 1.051374
1005 -1.275369 1.786622
1818 0.464846 0.975286
807 -0.184798 1.137717
924 0.573199 0.948298
2470 0.088008 0.913970
1819 0.016120 1.028326
2543 -2.257936 2.841782
1433 3.587893 2.436387
2414 -0.024462 1.057232
1919 1.057726 1.144948
1677 0.046849 1.090507
602 -2.239548 2.812502
1615 0.356421 0.999067
841 -0.604382 1.348081
567 -0.266226 1.069727
2546 0.254241 0.737535
733 -0.081216 1.082554
53 1.187930 1.053181
2531 -0.987392 1.572702
2290 -0.139985 1.019634
982 0.331044 1.010831
1388 0.737176 1.099731
1969 3.246707 2.235775
837 0.299742 1.043468
1878 -2.014562 2.527051
1678 -0.345604 1.171611
301 3.120126 2.131519
1088 -1.359164 1.988075
2550 0.176908 0.836321
2545 -1.040353 1.558843
362 2.897935 2.027158
2433 1.259923 1.184489
187 0.282805 0.965371
2635 -2.161198 2.723270
1668 -0.651083 1.405228
701 0.110579 1.015401
417 -1.693632 2.204392
1756 -1.901446 2.429163
2180 -0.692789 1.405845
1915 2.817335 1.969660
5 -0.007341 1.002904
2009 3.168000 2.191545
296 4.127094 2.809221
505 -2.107149 2.667314
1592 0.060806 1.003030
286 4.168246 2.906820
1566 -0.272851 1.166404
2523 -2.637750 3.257206
2548 -2.050136 2.593875
1698 0.171761 1.004498
27 0.103772 0.969425
1942 0.957305 1.051410
2477 0.296341 1.031296
1365 1.107985 1.095739
1921 0.611198 0.821803
2332 -0.913324 1.555613
1112 -1.571028 2.073977
844 -0.445524 1.163969
2166 -1.207945 1.802213
2357 0.343260 0.853117
1612 0.288278 1.012432
1423 1.761605 1.420182
118 -0.088919 1.018557
1636 0.492923 1.030715
2549 -1.006425 1.583360
859 2.909924 2.106007
1790 1.420091 1.306590
454 0.096168 0.861288
1505 1.614810 1.378648
2617 -1.929106 2.479345
1372 2.205917 1.645721
822 -0.264059 1.128239
2504 -1.255250 1.796011
1811 0.167710 1.029014
2035 -2.268817 2.858817
1113 -0.747674 1.436019
478 -0.700501 1.406669
456 -0.597374 1.188009
2560 -2.834824 3.437418
309 4.066502 2.803950
1803 -1.075067 1.668015
680 -0.468126 1.272059
1413 1.714962 1.356560
658 -0.417032 1.278559
1701 0.022025 0.995393
718 0.143107 0.982816
476 -0.305192 1.138904
2269 -0.207359 1.030027
1694 0.092013 1.012536
1914 1.835238 1.392493
255 4.170863 2.856429
801 -0.009751 1.045299
1065 -1.278696 1.764864
284 4.325126 2.964716
1290 0.267779 0.967593
254 4.221108 2.857939
1452 3.050643 2.074895
159 1.362908 1.146369
1525 0.222834 0.958085
1593 0.241272 0.976439
552 -0.061159 0.861483
360 3.138434 2.152637
1932 2.343155 1.681880
2625 -2.256866 2.809309
47 0.984638 1.066935
1055 -0.042288 0.877182
2573 -1.025079 1.550004
1431 1.968868 1.567566
2528 -1.180604 1.732464
1443 1.826544 1.504395
2318 -0.576424 1.291091
2278 -0.778786 1.458549
1835 -0.577483 1.296628
1103 -1.476256 2.047474
150 0.124263 1.011509
788 -0.349112 1.162390
789 -0.381144 1.180480
2251 -0.419243 1.109422
2419 -0.063244 1.032775
1029 -0.092754 1.045021
2589 -0.738558 1.392665
1030 0.137013 0.995213
2016 3.055853 2.166362
1441 1.451742 1.236668
409 -2.128405 2.625885
253 4.286873 2.917430
1945 0.625978 0.827217
1693 0.585880 0.999961
884 1.088290 1.126295
1420 1.665907 1.348378
709 0.500433 0.911491
2327 -1.163731 1.795016
416 -2.550937 3.105216
1125 -2.093900 2.674288
1026 -0.278423 1.062045
1382 0.848920 1.050692
2064 -2.082477 2.644397
737 0.162315 1.010971
1957 -0.808908 1.404211
1319 2.101409 1.671291
1463 1.567201 1.297903
2239 -0.693036 1.376456
1002 -0.333959 1.106279
1912 1.434908 1.151382
1787 0.970033 1.023769
175 -0.020419 1.027152
558 -0.996657 1.560974
414 -2.607546 3.158010
1351 1.300683 1.228205
2496 -1.462006 2.018897
706 0.139870 1.018752
2458 0.022007 0.993441
1703 -1.089451 1.679122
490 -0.549424 1.334642
995 0.619565 0.996670
2174 -0.674658 1.410312
2179 0.095678 0.943731
734 0.111404 1.018788
1059 -2.474524 3.078035
1758 -1.141899 1.722855
142 0.531052 1.013183
2551 -2.654776 3.271656
2591 -0.454492 0.988273
553 -1.063555 1.577533
2236 0.034859 1.019835
2585 -2.178334 2.795263
2255 0.610184 0.874707
2184 -0.616162 1.333856
1067 -0.188315 0.942928
205 2.794283 1.960142
1491 1.440468 1.305171
869 1.910152 1.551089
1324 1.101996 1.148092
2207 0.454461 0.905100
2183 -0.797736 1.493369
619 -0.864306 1.594110
2211 0.037524 0.959014
861 1.433561 1.316435
2033 -0.736383 1.364036
135 0.370364 0.978131
601 -1.224108 1.840986
2472 -0.044863 0.996242
348 3.674108 2.522460
455 -2.001217 2.551077
669 -0.416953 1.188965
2614 0.187018 0.987711
972 2.150549 1.646677
2208 0.363124 0.905399
2542 -2.025768 2.577159
110 0.188583 0.929881
1019 -1.795387 2.371857
2126 -2.260851 2.812219
1922 1.146772 1.155704
1418 2.291382 1.720143
1133 -1.715973 2.270103
457 -1.262718 1.819421
1950 1.063028 1.098993
1920 2.758959 1.963704
2391 0.158684 0.997449
307 2.992623 2.107218
1292 0.492929 0.965747
349 2.945510 2.011897
403 -2.863551 3.409127
1917 2.328904 1.682643
651 -0.527151 1.298985
1428 3.446071 2.324324
1875 -0.821985 1.513695
571 -0.606313 1.335686
2254 -0.012545 0.839844
1753 -2.142926 2.715948
873 1.894824 1.498486
735 0.225844 1.016180
1555 0.849651 1.000160
845 -0.658519 1.357739
1869 -0.776326 1.473565
1682 -0.530276 1.307322
2105 -1.373314 1.953199
300 3.325845 2.321581
704 0.011819 1.083990
2396 0.072830 1.066942
875 1.785498 1.465151
379 3.629338 2.466517
1495 1.063808 1.058468
233 4.051924 2.748468
441 -1.716429 2.265232
2387 1.265948 1.122339
2481 0.393402 1.002258
726 0.367839 0.984774
683 -0.162591 1.095719
1364 1.461216 1.316090
2069 -2.103495 2.558256
375 3.624591 2.498360
2276 -0.590861 1.226749
2273 -1.275026 1.866369
1036 -0.444928 1.165026
556 0.711636 1.003811
978 1.385624 1.307325
881 1.246045 1.207354
2133 -1.609018 2.135632
787 0.268872 1.023495
1587 0.681795 1.000993
2272 -0.631583 1.345858
1208 0.343239 1.044092
2628 -2.109226 2.641246
2600 -1.122848 1.706659
2068 0.041505 0.783453
263 4.130561 2.790855
1508 1.153421 1.141899
46 0.407219 0.971691
1602 -0.381122 1.269272
893 1.531917 1.327175
103 -0.106633 1.022200
721 0.040815 0.995609
101 1.241063 1.199312
240 4.143934 2.807713
746 -0.504584 1.281081
107 0.632391 1.022261
981 0.171421 0.987583
966 0.481411 1.013067
2054 -0.612820 0.996431
2505 -2.320488 2.836867
1076 -2.608900 3.197473
1776 -1.818282 2.323000
1941 0.920592 1.054503
1702 -0.962478 1.615297
1546 -0.181356 1.135885
1987 0.369303 0.734757
2339 -0.151125 1.161235
1745 -0.980078 1.625574
279 3.946253 2.654794
242 3.885545 2.618037
1802 -0.936993 1.583858
2232 -0.330731 1.157987
237 3.796658 2.537414
366 3.225106 2.200166
102 1.201030 1.156300
727 -0.244129 1.139302
239 4.092554 2.754430
728 -0.314197 1.191093
560 -0.563665 1.281443
2587 0.188581 0.681435
2455 0.924932 1.079743
148 0.170208 1.013898
2164 -0.981618 1.657668
1395 0.317483 0.921184
224 3.569243 2.426956
1048 -1.712082 2.185184
1038 -0.887584 1.479680
918 0.848121 1.066092
2604 -2.209665 2.758702
848 -0.077058 1.061714
2445 2.050293 1.530537
2376 0.421451 0.996721
98 -0.377969 1.169706
1031 -2.289053 2.834699
2626 0.006726 0.811439
852 1.786819 1.476279
739 -0.320537 1.126097
427 -2.742355 3.350711
1949 0.852563 0.926978
1827 0.096248 1.045841
2487 -1.310918 1.869996
1554 0.581060 0.908089
2535 -2.158086 2.708363
856 2.539416 1.862878
736 0.259877 0.993452
108 0.733231 1.048281
662 -0.460624 1.249836
285 3.521870 2.412492
249 1.864536 1.487894
18 -0.164657 1.016709
653 -0.647858 1.393218
1851 -0.647385 1.401945
2500 -1.653707 2.171789
2571 -2.519505 3.092621
868 2.271199 1.683519
2002 3.133153 2.156467
722 -0.106525 1.133608
1013 -0.028612 0.873488
2021 3.019527 2.121934
705 0.409007 1.004789
292 3.569390 2.401320
1054 -1.730540 2.315584
1302 1.308288 1.275275
2377 1.069484 1.152550
699 -0.251237 1.150465
41 0.533548 0.942315
834 -0.318587 1.177528
1667 -0.630589 1.374652
2022 3.120653 2.151649
1010 0.783576 0.985613
799 -0.359457 1.200255
2444 0.585459 1.034364
1383 1.077438 1.209414
2558 -2.838903 3.315175
34 -0.335675 1.078483
1518 0.484338 0.984017
630 -0.814418 1.471666
1209 0.982086 1.086564
1124 -2.155864 2.666901
691 -0.839984 1.483045
494 -0.547465 1.338302
805 -0.123851 1.124385
650 0.442258 0.971287
2252 -0.823710 1.348229
1777 -0.387400 1.169325
1490 2.019437 1.526362
2288 -1.616149 2.190755
1786 1.161898 1.113298
842 -0.623580 1.348997
444 -2.557134 3.136309
565 -0.033012 1.018768
2287 -0.849649 1.552275
1778 -0.752784 1.415120
1690 0.377812 1.035211
1003 -0.279403 1.053413
686 -1.521898 2.137128
1430 0.732708 1.032795
2490 -1.748051 2.212677
2348 0.690227 1.046597
2210 0.602483 1.011572
109 0.898575 1.081869
17 0.999573 1.156483
1845 -0.518700 1.324440
1947 3.255202 2.187834
1782 -1.130164 1.691737
2286 -1.750689 2.269935
2627 -2.329794 2.819825
1549 -0.257653 1.173650
2516 0.180296 0.990615
1456 2.584999 1.812582
1303 0.188803 0.981137
188 -0.336031 1.144864
2513 -1.322338 1.886362
1844 -0.652888 1.352420
1911 3.102161 2.062757
1014 -1.917917 2.382540
1924 2.200976 1.631789
1833 -0.670628 1.387425
1066 -1.740428 2.342020
1857 -0.634075 1.372555
749 0.120247 1.096215
2596 -0.367547 0.999032
2271 -0.278747 1.123235
1948 0.930606 1.047574
1903 -0.043559 1.075436
2256 -0.508339 1.232536
1363 2.225751 1.665635
1946 1.483285 1.311378
555 -1.435398 2.003964
750 -0.224406 1.137385
1916 2.614697 1.825992
1876 -0.855230 1.519360
1045 -0.000583 0.923284
582 -0.405983 1.222984
2514 -1.657110 2.249806
2559 -2.098670 2.622835
890 2.062836 1.559717
2341 0.791003 1.029040
472 -1.711221 2.211339
2178 0.068795 1.024787
1009 0.834524 1.019572
2246 0.122447 0.943750
374 1.016418 0.942205
1172 0.615176 1.034274
2533 0.151223 1.012901
2526 -2.062532 2.592477
1888 0.005182 0.859257
1750 -1.954622 2.436449
2508 -1.589217 2.186706
197 1.080868 1.112317
742 1.771343 1.483784
2594 -1.962268 2.437779
1595 0.003074 1.074662
2328 -0.984726 1.667623
2264 -0.953044 1.591805
2029 2.659932 1.894373
600 -0.939356 1.553292
1049 -1.541355 2.175592
66 -0.063687 1.082901
2325 -1.702868 2.165925
