2408 2
2326 -4.809650 0.640421
1622 -0.636728 -1.043790
1960 -0.449569 -2.033728
1941 -0.359325 -4.158302
267 -0.917052 -0.734869
2325 -5.235968 0.684748
94 -1.726898 -0.102137
127 -2.219756 0.028077
914 -2.811664 0.207554
2292 -5.040629 0.641457
42 -0.340860 -5.431895
921 -5.527395 0.611547
1225 -0.679460 -0.820878
2163 -0.322114 -3.888785
1206 -0.444111 -1.919013
2099 -5.010966 0.633442
76 -0.374494 -5.998094
269 -0.610604 -1.072511
2115 -3.990668 0.416676
2335 -2.760236 0.045082
969 -4.930293 0.563211
2291 -4.877428 0.614554
1417 -0.832990 -0.693804
130 -2.653643 0.099379
2596 -0.386943 -6.517081
922 -5.192753 0.592790
1895 -4.306934 0.466972
2595 -0.339611 -6.219760
888 -1.742734 -0.157790
1452 -0.811727 -0.781168
1542 -0.877700 -0.665657
1970 -0.358694 -3.921410
1138 -0.455568 -1.664261
631 -0.453574 -2.297477
735 -0.887912 -0.543059
2314 -5.151699 0.709880
2194 -0.388239 -3.303622
2211 -0.383532 -3.400993
2064 -1.365090 -0.248560
2466 -0.380664 -4.336317
2550 -0.308612 -5.135248
2323 -5.824968 0.768826
2200 -0.407292 -3.487427
2257 -4.297838 0.524761
10 -0.350114 -5.166133
1084 -0.351062 -5.234237
1165 -0.652789 -0.882959
1893 -3.797164 0.388382
329 -2.571535 0.135278
1460 -0.405386 -3.424046
2129 -2.172862 0.033463
1801 -0.358759 -2.973618
2102 -5.601359 0.725446
132 -2.534175 0.066615
60 -0.436119 -1.415781
940 -4.175044 0.460271
534 -5.637057 0.789280
2243 -5.052306 0.552562
1005 -0.367235 -2.993273
1802 -0.393965 -3.731536
2198 -0.383459 -3.860596
1928 -0.459903 -1.910875
301 -1.060551 -0.524610
238 -0.666923 -1.052763
2644 -0.357883 -3.151490
923 -4.866583 0.544032
190 -0.650823 -1.182422
975 -5.730022 0.687293
133 -1.513728 -0.114724
61 -0.668993 -1.041699
240 -1.014954 -0.634183
2612 -0.338937 -6.153842
177 -0.773193 -0.547135
1972 -0.437278 -1.965319
1766 -0.345750 -3.180353
2285 -5.599465 0.722759
2105 -4.698018 0.556309
1245 -1.109220 -0.400045
2564 -0.392660 -5.933969
1809 -0.315568 -3.281443
1120 -0.339842 -4.974652
1998 -0.550752 -1.229909
1647 -1.851137 -0.145874
1623 -0.715062 -0.918669
1472 -0.778221 -0.738422
2023 -0.356437 -4.063525
1258 -0.460239 -1.515250
2609 -0.363349 -6.145622
495 -5.756900 0.792150
878 -2.943404 0.161679
939 -4.082920 0.447694
1484 -0.906101 -0.654031
182 -4.469460 0.614327
1759 -0.513381 -1.449342
1803 -0.359342 -3.506436
1945 -0.331708 -4.647513
405 -1.411020 -0.211838
2544 -0.286429 -5.607008
881 -2.855513 0.076658
494 -5.642641 0.786358
2585 -0.362784 -5.915416
857 -1.422820 -0.243850
880 -2.772529 0.063914
1506 -2.982022 0.225002
2101 -5.141501 0.660721
2123 -1.076052 -0.291641
48 -0.355502 -5.613881
266 -1.022462 -0.617792
648 -0.575181 -1.030488
1382 -3.136182 0.277652
2189 -0.311800 -2.726968
1598 -3.320684 0.292567
2310 -5.619561 0.759726
1277 -2.221515 0.062559
1426 -1.351160 -0.274054
186 -0.533437 -1.446473
889 -1.724521 -0.230815
2263 -3.607453 0.384694
1493 -0.666167 -0.984265
1811 -0.323261 -4.705756
1594 -2.671628 0.220515
762 -0.816783 -0.532906
756 -0.336821 -4.842441
2327 -5.444014 0.737218
1082 -0.348805 -5.047700
505 -5.838485 0.789570
2124 -0.741431 -0.671731
360 -2.273597 0.095685
2547 -0.336371 -5.723495
1565 -4.624548 0.492538
1288 -4.489853 -3.559182
1448 -1.441201 -0.235791
1520 -0.337451 -3.443824
343 -4.684174 0.465674
1624 -0.744227 -0.639977
257 -0.605784 -1.337273
391 -0.914543 -0.474377
1654 -2.690119 0.136667
1473 -0.781766 -0.743033
2427 -0.780832 -0.759718
1739 -0.509219 -1.970884
1721 -5.193017 0.645445
2284 -5.467554 0.712403
145 -5.158972 0.577561
241 -1.076195 -0.603064
1327 -1.149733 -0.285720
1331 -0.930677 -0.553790
968 -5.053380 0.602380
988 -4.532650 0.529050
2398 -4.405307 0.531387
2110 -0.807462 -0.527472
2165 -0.332147 -5.213892
744 -0.280644 -3.892561
38 -0.284475 -4.959253
1387 -3.022531 0.165189
2396 -2.395015 0.101776
1737 -0.504300 -1.824128
1478 -0.714748 -0.891074
2440 -1.098281 -0.549528
328 -1.815820 -0.123157
1813 -0.322752 -3.580501
2549 -0.303080 -4.979204
1071 -0.306064 -3.709893
905 -2.231939 0.082958
1482 -0.736424 -0.817459
1989 -0.491832 -1.493759
2309 -5.540005 0.753171
1244 -1.256898 -0.358561
1617 -2.858162 0.129596
966 -4.319835 0.482371
1085 -0.326693 -4.731388
1643 -2.225029 0.080675
1958 -0.561368 -1.523099
2523 -0.328262 -3.918284
399 -1.650676 -0.134830
448 -0.426636 -5.620873
2566 -0.293846 -4.038459
2407 -4.803154 0.592420
1475 -0.764577 -0.758367
1896 -4.595152 0.544082
2305 -4.850207 0.640105
1862 -5.448677 0.621468
2537 -0.337457 -5.720521
1651 -0.880979 -0.633203
41 -0.320959 -5.039459
1123 -0.272134 -3.209239
645 -1.205054 -0.365855
519 -3.492230 0.355046
2042 -0.373831 -1.704707
2408 -4.832701 0.648176
72 -0.251966 -2.995548
1804 -0.374931 -3.143366
2630 -1.149215 -0.206944
285 -0.583954 -1.348930
1166 -0.645826 -0.920092
19 -0.396472 -1.623441
1012 -0.797102 -0.723666
25 -0.563720 -1.370476
2449 -0.621843 -0.886055
2152 -0.369823 -1.850381
1969 -0.342099 -3.184193
532 -5.440033 0.739682
719 -1.214147 -0.327671
1259 -0.728593 -0.567984
2454 -0.544484 -1.270152
2441 -0.926776 -0.688053
1738 -0.501659 -1.846371
714 -0.631389 -0.745278
2551 -0.269741 -4.876233
1159 -4.085406 -3.823610
1413 -0.866471 -0.685836
282 -0.816409 -0.752981
191 -0.742515 -0.883103
2546 -0.316301 -5.323627
1486 -0.920584 -0.611591
533 -5.452189 0.738421
1762 -0.512297 -1.744124
77 -0.331411 -5.358014
647 -0.473192 -1.495901
2443 -0.726423 -0.784220
961 -5.126132 0.593468
1867 -0.889741 -0.488727
1765 -0.353626 -2.444582
1189 -0.501889 -1.418363
2084 -2.873260 0.192996
498 -5.477235 0.750013
1346 -1.408811 -0.244977
1229 -1.986709 0.017548
615 -0.375855 -4.061319
1535 -0.475058 -1.718701
2619 -0.301204 -2.692266
1402 -1.234256 -0.342231
2444 -0.697249 -0.855192
2111 -0.573013 -1.022279
134 -1.608610 -0.181335
1503 -0.907976 -0.588887
1131 -0.373112 -1.910255
1306 -3.585791 0.362395
1282 -1.562568 -0.128877
2300 -4.618089 0.543252
1702 -1.396722 -0.232165
1016 -0.391851 -2.870676
833 -4.840024 0.656207
2027 -0.714305 -0.733744
2428 -0.801867 -0.678710
1501 -0.705764 -0.774539
992 -4.598446 0.555960
2275 -5.266727 0.710700
1529 -0.681024 -1.194028
2322 -5.651829 0.759154
2104 -4.147974 0.488516
2311 -5.681613 0.757199
830 -4.864083 0.633512
658 -0.752209 -0.877526
1937 -0.405484 -2.002221
2057 -4.232304 0.443777
1564 -4.824412 0.527338
1440 -1.438632 -0.308581
522 -5.924086 0.799257
1713 -0.763688 -0.672040
1176 -0.687826 -0.809267
250 -0.924258 -0.827914
1648 -1.710243 -0.194105
1720 -5.309214 0.653865
1316 -4.892299 0.623022
1436 -3.714866 0.297821
1178 -0.489430 -1.392126
324 -1.142407 -0.334295
1338 -2.468009 0.090221
2430 -0.749903 -0.786667
1239 -0.852918 -0.649897
2088 -3.105308 0.238922
1412 -1.021438 -0.588791
822 -4.686272 0.600161
276 -1.185493 -0.369813
1931 -0.330858 -3.475829
500 -5.069067 0.669188
1180 -0.332729 -3.972686
2109 -0.640627 -0.701027
1816 -0.393671 -3.239753
510 -3.749762 0.511219
2178 -0.389151 -2.305354
2103 -5.252155 0.676286
515 -5.389005 0.727671
723 -0.448310 -1.366809
2283 -5.335654 0.715646
1076 -0.341339 -4.781029
904 -4.103683 0.438354
480 -4.636127 0.625201
1372 -0.851031 -0.589491
797 -0.321088 -4.957988
466 -1.939049 -0.099616
2594 -0.357499 -6.168165
2193 -0.389109 -3.372166
526 -4.843997 0.672966
29 -0.348714 -5.474315
167 -2.437517 0.159608
33 -0.311975 -4.633828
1247 -0.794144 -0.553250
2071 -2.799073 0.199427
91 -1.041506 -0.386997
2439 -1.247029 -0.406712
1102 -0.318590 -4.605126
1858 -3.531090 0.353416
1794 -0.304717 -4.204503
2201 -0.389780 -3.100473
673 -0.349302 -3.508883
1761 -0.540188 -1.576105
2026 -0.619440 -0.960688
1281 -2.730039 0.191503
443 -0.918887 -0.454645
1479 -0.737301 -0.792463
2298 -5.349982 0.724032
920 -5.324877 0.601968
2126 -0.375222 -1.756596
1037 -0.506664 -1.722067
1128 -0.362293 -3.234988
189 -0.555404 -1.318051
1188 -0.476326 -1.598488
1758 -0.513362 -1.878980
467 -2.121465 -0.054269
1572 -1.563492 -0.218845
1949 -0.427130 -4.461950
1405 -2.398940 0.081305
2611 -0.352205 -5.889562
233 -1.556325 0.144121
870 -5.581903 0.721814
2306 -4.200633 0.560465
1127 -0.379504 -3.710501
825 -4.292256 0.505555
2270 -1.960205 0.098827
2393 -3.529646 0.391337
2216 -0.351424 -4.794323
1982 -0.327448 -3.812532
817 -1.995079 -0.037947
794 -0.266345 -4.454208
63 -0.733439 -0.843042
2156 -0.323053 -3.164932
814 -1.817375 -0.066748
1792 -0.347910 -2.685123
1122 -0.340954 -4.903331
1119 -0.337113 -4.923607
1984 -0.364076 -3.222138
2442 -0.887296 -0.692821
2091 -1.068798 -0.479028
854 -0.540770 -1.060955
366 -1.343988 -0.287076
407 -2.269122 0.017122
212 -0.419695 -3.120536
488 -5.113921 0.672465
1613 -1.598091 -0.217464
876 -3.381068 0.250743
283 -0.687320 -1.158169
594 -0.901686 -0.351184
997 -4.987815 0.606418
237 -1.037180 -0.632179
34 -0.324455 -4.611828
1223 -0.506323 -1.259713
1588 -1.002603 -0.470749
2476 -0.386150 -4.722967
244 -2.078945 -0.039893
1216 -0.690186 -0.736211
732 -0.334775 -4.417975
2367 -4.256568 0.438217
8 -0.307028 -4.188065
300 -0.926953 -0.549579
2186 -0.302434 -4.379130
2003 -1.375393 -0.234205
1692 -0.887844 -0.551489
1389 -1.222795 -0.349243
847 -1.038074 -0.354125
109 -3.550900 0.293761
1523 -0.327334 -3.189693
2127 -0.529842 -0.976153
168 -2.329267 0.119175
551 -0.545325 -1.141694
2096 -4.082994 0.470116
1597 -4.131992 0.437819
2242 -4.115926 0.394448
2301 -5.057685 0.607777
815 -1.814101 -0.112783
1113 -0.536371 -1.561393
2361 -1.102465 -0.467333
826 -4.621888 0.543395
1471 -0.696030 -0.791589
986 -5.272687 0.696817
883 -1.786837 -0.105462
1329 -2.711183 0.137003
2397 -2.968157 0.247209
1589 -1.798535 -0.066947
260 -0.934686 -0.613416
104 -1.696291 -0.081635
1276 -2.280933 0.067218
2618 -0.296245 -3.666755
1742 -0.467700 -3.325899
676 -1.407001 -0.182102
1740 -0.528722 -1.812071
1073 -0.338971 -4.638775
984 -5.015493 0.584744
1857 -3.074855 0.285060
1611 -1.401146 -0.334658
2148 -0.337505 -2.292793
2151 -0.390944 -1.637107
829 -4.237649 0.535487
2633 -0.343472 -4.500612
1270 -1.095047 -0.426142
1139 -0.502049 -1.486196
691 -0.539920 -1.101154
1269 -1.081016 -0.443598
2516 -0.349819 -2.639877
1164 -0.644795 -1.068582
2024 -0.323139 -3.544662
2438 -1.740027 -0.107609
1015 -0.390219 -3.233328
468 -2.021240 -0.077212
882 -1.395030 -0.271751
1027 -0.446864 -1.960463
2342 -1.340481 -0.262724
2159 -0.350816 -4.342484
1192 -0.396914 -3.996143
1018 -0.499338 -1.466353
970 -4.737231 0.551078
53 -0.294436 -4.813340
1441 -1.323079 -0.354390
1347 -0.951839 -0.534070
47 -0.351417 -5.715834
239 -0.692507 -1.100003
821 -4.322767 -3.452680
69 -4.312703 -3.532056
1095 -0.346858 -4.046702
1322 -4.239598 -3.549706
507 -4.268841 -3.312840
1191 -0.411013 -3.842626
227 -0.571695 -1.670363
1115 -0.358664 -2.392974
973 -4.419640 0.526774
1087 -0.339105 -4.480392
740 -0.315735 -4.747741
749 -0.313544 -5.181547
776 -0.304809 -4.613383
2573 -0.280769 -4.766266
1632 -2.057983 -0.186089
472 -0.291425 -4.120572
1610 -1.275679 -0.394469
1451 -0.881460 -0.710863
2462 -0.448447 -1.500806
807 -1.371890 -0.134695
1218 -0.855081 -0.475857
1940 -0.348421 -3.704512
2106 -4.998475 0.604775
739 -0.260238 -2.630559
1521 -0.347050 -3.447150
2553 -0.404943 -2.170658
2302 -5.154237 0.621060
1428 -0.449017 -1.442514
2085 -2.177850 0.064162
2162 -0.344256 -3.952985
1175 -0.761924 -0.682979
230 -0.608438 -1.178803
2545 -0.280500 -4.976754
2518 -0.328128 -3.013867
1626 -1.215732 -0.327458
2517 -0.297384 -2.932616
229 -0.572628 -1.446804
1393 -1.588784 -0.155589
2350 -2.064219 -0.020579
1345 -1.597304 -0.179869
2172 -1.015036 -0.438534
718 -0.304129 -4.965862
2190 -0.409840 -3.345772
2424 -0.358454 -2.732408
2090 -2.837026 0.226141
1574 -0.991174 -0.546552
1200 -0.470113 -1.471179
2338 -3.344360 0.133626
358 -3.191027 0.255260
226 -0.577165 -1.384756
306 -3.588175 0.338697
1132 -0.378792 -2.008732
1528 -0.657007 -1.322697
2365 -3.957854 0.373913
1148 -0.601195 -1.310813
1081 -0.326129 -3.990108
121 -1.459751 -0.229100
1201 -0.475848 -1.376788
341 -4.220994 0.374486
2542 -0.271110 -4.213628
1477 -0.764667 -0.744942
1961 -0.374230 -2.019918
1726 -0.352658 -3.810407
2623 -1.286091 -0.280818
1177 -0.579126 -1.054373
588 -0.354817 -2.484484
1741 -0.473448 -1.789532
1837 -2.067867 0.028986
158 -0.414320 -2.333658
463 -0.785041 -0.222812
860 -0.885972 -0.597042
1533 -0.481866 -4.789372
248 -1.475086 -0.254014
1747 -0.477048 -2.281334
1578 -3.019425 0.170513
2161 -0.368507 -4.604092
738 -0.318293 -4.501980
2000 -0.939622 -0.507030
1215 -0.452086 -1.724441
1074 -0.344479 -5.054467
1034 -0.398580 -3.565753
2560 -0.406258 -3.090152
1716 -0.333866 -2.911058
1820 -0.327325 -4.206929
525 -4.864915 0.659319
1571 -1.034229 -0.471715
1318 -4.318540 0.505439
2316 -5.103463 0.710450
122 -1.701902 -0.121654
1821 -0.312395 -2.937944
1884 -3.566936 0.357692
142 -3.968662 -3.756550
1855 -4.167651 0.510242
1888 -2.831909 0.193557
346 -5.079615 0.495961
247 -1.842314 -0.159979
1607 -2.932472 0.165835
528 -5.818106 0.797256
30 -0.320635 -4.630576
40 -0.315654 -5.094942
270 -0.639738 -1.153811
1559 -1.931091 -0.086453
555 -0.489310 -1.437735
1885 -3.738428 0.368280
512 -5.248600 0.715262
1315 -4.239270 0.491579
1400 -2.792148 0.113834
1570 -0.975902 -0.514361
1067 -0.367033 -3.842282
1925 -0.391132 -5.015665
2212 -0.393344 -3.121241
1719 -0.429100 -3.608869
1483 -0.926637 -0.606065
334 -5.393141 0.693082
236 -1.232859 -0.349357
2278 -2.997095 0.263167
1635 -0.722309 -0.933159
1100 -0.323733 -5.025651
864 -0.800371 -0.649652
44 -0.298146 -5.155108
28 -0.302122 -3.497298
2610 -0.334404 -5.963613
1854 -3.757390 0.417799
447 -0.361583 -4.712960
632 -0.461704 -2.371524
1587 -1.555876 -0.250236
2543 -0.266777 -4.969527
2272 -1.240406 -0.138622
2205 -0.381164 -3.407250
1308 -4.720207 0.600518
1555 -4.430266 0.487439
290 -1.062421 -0.401824
506 -5.699205 0.777476
31 -0.339455 -4.351492
1459 -0.461827 -3.347743
818 -2.730235 0.157778
2532 -0.302885 -5.553967
1332 -0.966818 -0.496438
2643 -0.438655 -3.070586
2012 -0.733558 -0.715462
1097 -0.367266 -3.580208
89 -0.471962 -1.563325
1764 -0.866336 -0.272066
548 -0.579756 -1.120808
535 -5.386425 0.734270
2207 -0.345416 -4.349644
2213 -0.329448 -3.190805
2098 -5.215733 0.689181
1181 -0.354164 -3.775519
1297 -4.813344 0.571456
1735 -0.351803 -3.255884
2303 -4.879608 0.597886
12 -0.306700 -5.259024
2143 -0.250266 -5.168447
1342 -1.297046 -0.383300
292 -0.576272 -1.071089
1481 -0.597865 -1.012644
414 -0.833020 -0.650780
2432 -0.398287 -2.041325
1788 -0.387856 -5.376538
278 -1.767216 -0.053221
160 -3.669127 0.413385
852 -0.774583 -0.532844
2568 -0.356812 -6.076516
2328 -5.397178 0.712285
671 -0.716486 -0.826709
245 -2.221920 -0.011563
357 -3.528553 0.266914
2500 -0.350638 -3.428451
747 -0.454893 -1.415145
491 -5.607829 0.768381
1991 -0.428302 -1.795354
129 -2.484489 0.086969
2406 -3.884985 0.444889
1511 -0.981926 -0.539494
1942 -0.328242 -5.140493
2539 -0.299876 -5.090261
1474 -0.907626 -0.611131
1326 -1.495550 -0.211126
202 -0.702773 -0.983371
2447 -0.624432 -0.969139
858 -1.159662 -0.417760
1840 -4.036469 0.460369
928 -4.257987 0.371814
2383 -3.352051 0.299664
549 -0.750153 -0.720207
337 -5.039604 0.632251
2010 -0.555034 -1.120943
432 -1.723522 -0.146243
993 -3.710820 0.414882
2452 -0.586214 -1.219657
2182 -0.314736 -4.712891
871 -3.162674 0.263711
1370 -2.242868 0.008380
21 -0.323906 -2.623461
1596 -3.216411 0.295085
1381 -3.724831 0.353769
679 -1.545642 -0.197445
1476 -0.466786 -1.786604
1415 -0.878781 -0.656535
731 -0.309485 -3.951446
783 -0.469621 -1.221500
2028 -0.425721 -2.602975
1641 -1.716881 -0.085461
108 -3.684783 0.331756
318 -0.349269 -3.562490
141 -3.850955 -3.740664
258 -0.680607 -1.048266
18 -0.335766 -5.372800
135 -0.894936 -0.484037
2313 -4.528333 0.620768
1550 -1.064560 -0.472637
51 -0.354405 -5.453176
2036 -0.697593 -0.730443
927 -4.048974 0.345191
218 -0.614183 -1.112508
2642 -0.331422 -3.333549
208 -0.446543 -2.144860
903 -3.964593 0.423932
2065 -0.751554 -0.664538
183 -3.771937 0.509134
1467 -0.364763 -3.205895
2299 -4.862815 0.606784
816 -2.184398 -0.004904
1561 -3.231628 0.265207
184 -4.587850 0.637326
120 -1.512002 -0.222329
2578 -0.327139 -3.018508
1419 -0.876973 -0.676269
412 -1.997758 -0.040607
855 -0.761557 -0.761206
1892 -3.298445 0.289515
2641 -0.358621 -4.110172
113 -3.220844 0.271313
256 -0.595494 -1.384918
1431 -1.757662 -0.208414
361 -3.345558 0.318213
650 -0.497069 -1.276354
1492 -0.721324 -0.917405
320 -0.663818 -0.934251
694 -0.626782 -0.911489
1019 -0.441383 -2.080900
1466 -0.380250 -3.454633
1337 -1.897847 -0.059678
2259 -4.568964 0.500138
1242 -2.092210 0.024383
228 -0.560250 -1.826538
2158 -0.338683 -4.066423
1899 -2.666026 0.192056
2100 -5.058984 0.648933
1616 -2.763721 0.122501
1968 -0.454863 -1.680290
2290 -3.861448 0.428696
2002 -1.260195 -0.310381
2282 -4.817452 0.622084
2580 -0.420750 -1.359984
180 -0.736960 -0.877675
1470 -0.521295 -1.268605
1199 -0.494035 -1.392685
537 -6.184111 0.869565
95 -2.449008 0.093422
985 -5.167230 0.634897
828 -3.951634 0.466981
1579 -3.033803 0.195362
1819 -0.324073 -4.459861
2220 -0.361410 -3.376635
1926 -0.468253 -1.861081
457 -0.330864 -3.141080
1443 -1.635211 -0.211986
2525 -0.340631 -3.186040
1108 -0.395788 -1.779183
2557 -1.414693 -0.294029
2169 -0.348612 -3.828724
1769 -0.378345 -2.758872
2196 -0.405560 -2.102945
1627 -1.434723 -0.242883
1249 -0.849798 -0.613288
1430 -1.840812 -0.187587
2324 -5.018437 0.675148
1344 -1.580685 -0.208131
225 -0.642295 -1.067030
2634 -0.323045 -4.958151
1336 -1.954424 -0.080838
523 -5.483159 0.757811
1058 -0.339574 -4.314106
280 -1.650701 -0.020766
678 -1.509824 -0.393841
2519 -0.348110 -2.899996
1349 -1.132392 -0.463842
2087 -0.463633 -1.250268
787 -0.397500 -2.235393
2256 -4.102954 0.513720
2426 -0.796705 -0.745277
1971 -0.396969 -2.461358
75 -0.349121 -5.788258
1497 -0.862138 -0.624194
770 -0.455310 -1.501784
1265 -1.100255 -0.426233
2589 -0.336865 -5.679948
2288 -4.606822 0.562235
454 -1.250797 -0.362348
1615 -2.605893 0.079955
1767 -0.349713 -3.181604
17 -0.355057 -5.635178
401 -2.214478 -0.007960
2277 -3.041045 0.280574
1355 -0.730079 -0.731644
368 -1.221581 -0.419305
62 -0.691155 -0.979018
987 -4.773602 0.570232
2581 -0.844201 -0.502635
677 -1.900482 -0.039644
1445 -1.242197 -0.366134
983 -3.106001 0.264863
1224 -0.627471 -0.852537
1429 -1.164600 -0.310478
2264 -2.205560 0.084391
1035 -0.381668 -3.599676
1143 -0.365175 -2.884128
734 -0.961923 -0.570886
1089 -0.319140 -4.790138
1795 -0.341475 -4.086049
444 -0.950295 -0.444217
438 -0.309561 -4.109889
1532 -0.504507 -4.849745
1504 -0.809260 -0.684647
758 -1.063444 -0.398486
355 -1.518642 -0.388236
901 -3.653411 0.362574
2501 -0.339041 -4.050522
426 -0.420979 -5.652416
362 -1.903712 0.000491
1822 -0.347230 -3.197205
1842 -3.116038 0.257027
1860 -5.397211 0.615755
1887 -3.511928 0.347820
2588 -0.313821 -5.254024
1999 -0.622951 -1.039887
1238 -0.855040 -0.661006
2411 -2.236396 0.001977
128 -2.158112 0.051210
2184 -0.527716 -1.320362
786 -0.482452 -1.741282
2414 -2.288637 0.072062
1320 -3.330217 0.366026
2061 -2.821842 0.155454
2319 -1.268884 -0.300353
279 -1.454337 -0.259759
2043 -0.595777 -0.862919
2179 -0.408483 -2.823157
2214 -0.512531 -1.111582
2318 -1.034972 -0.442190
599 -0.366202 -3.436357
353 -2.168983 0.040415
575 -0.294870 -4.146967
261 -0.999786 -0.605958
1142 -0.370877 -2.369432
1261 -0.960071 -0.540181
949 -3.695678 0.351051
1935 -0.346741 -3.244563
1051 -0.316873 -4.742905
1374 -3.288441 0.286376
1853 -0.402729 -1.856982
768 -0.306181 -4.935551
1469 -0.773256 -0.783134
1748 -0.454334 -2.215774
390 -0.842992 -0.524895
1111 -0.699995 -0.856064
1146 -0.672274 -0.942132
1379 -0.998849 -0.433067
1805 -0.294911 -4.434702
1388 -1.477140 -0.241367
861 -0.930908 -0.583081
2125 -0.331011 -1.460001
1889 -3.308202 0.257347
153 -1.096311 -0.432528
713 -0.460188 -1.645064
1983 -0.336113 -3.818581
1650 -1.005507 -0.508751
1273 -4.947012 0.656537
2016 -0.436701 -1.741453
1254 -0.470808 -1.565026
1744 -0.501021 -1.803262
529 -5.286339 0.724800
701 -1.038334 -0.352586
1825 -0.647883 -0.799299
1351 -1.378180 -0.265544
598 -0.451868 -1.764719
655 -0.847139 -0.612571
1435 -2.593287 0.012167
1103 -0.329577 -4.922184
1068 -0.372032 -3.442224
1545 -0.489969 -1.265102
1155 -0.901458 -0.425938
499 -4.323099 0.584093
846 -0.940194 -0.344574
1422 -2.681401 0.043996
643 -0.414392 -2.786072
1593 -1.995960 0.015875
728 -0.357862 -1.818971
576 -0.295786 -3.700896
36 -0.314740 -4.949965
11 -0.322474 -5.132342
2333 -3.372682 0.135130
2215 -0.329419 -3.724982
1866 -0.583490 -0.839421
1944 -0.342266 -4.395817
188 -0.591226 -1.353433
339 -2.406780 0.028080
2488 -0.908480 -0.323304
1530 -3.209375 0.166146
2238 -0.346045 -3.930311
1335 -1.403166 -0.285962
1581 -4.489447 0.482342
2554 -0.359166 -2.360528
1914 -0.386749 -4.870783
116 -2.562606 0.090609
530 -5.349818 0.735183
1186 -0.471246 -1.662220
2231 -1.115441 -0.269658
1193 -0.413939 -2.480852
2063 -1.856501 -0.046791
1657 -3.523721 0.311850
409 -1.837899 -0.105250
1956 -0.468080 -1.729761
2185 -0.312304 -4.862698
192 -1.102127 -0.342038
2112 -1.409065 -0.348197
1423 -2.794688 0.096702
1723 -3.336212 0.374204
862 -0.866503 -0.609080
479 -4.922136 0.669235
27 -0.295409 -3.065697
2574 -0.284013 -4.554592
1636 -0.735384 -0.868788
1656 -1.316174 -0.282367
210 -0.412374 -2.736429
477 -1.876408 0.114315
755 -0.612921 -0.922791
887 -1.926230 -0.130698
2561 -0.392999 -3.215768
1079 -0.357181 -5.115850
2334 -2.912441 0.039283
724 -0.334864 -2.085663
547 -0.538000 -1.326383
1955 -0.648414 -0.509154
909 -1.395482 -0.208553
1231 -3.790265 0.429445
1678 -0.998893 -0.526398
1950 -0.405049 -4.397096
1799 -0.794032 -0.568204
39 -0.317793 -5.112430
1158 -3.652861 -3.677781
2474 -0.360902 -1.885207
2015 -0.873086 -0.475222
2022 -0.340773 -3.965183
326 -2.369200 0.056850
345 -5.082943 0.494153
2392 -4.164804 0.476400
201 -0.742346 -0.930411
2576 -0.288665 -3.999342
1606 -2.518145 0.060232
1314 -4.258333 0.516648
137 -1.101353 -0.426945
1210 -0.617410 -0.983011
1386 -3.219848 0.217209
497 -5.250443 0.712753
963 -3.310153 0.299472
564 -0.454046 -1.778370
2450 -0.427205 -1.523172
1013 -0.831051 -0.722277
32 -0.307768 -5.178252
2268 -3.236817 0.327888
1751 -0.538963 -1.274589
93 -2.173685 -0.036278
1996 -0.510211 -1.574874
289 -0.518666 -1.502370
1106 -0.277069 -3.894565
1167 -0.566561 -1.188889
2382 -2.711165 0.154438
1304 -0.384205 -5.621208
651 -1.154947 -0.473702
1274 -0.378391 -4.045957
1743 -0.480064 -3.708327
1791 -0.359733 -3.494807
1585 -0.713207 -0.907685
558 -0.429743 -1.553152
2147 -0.419468 -2.164804
1333 -1.116707 -0.470186
824 -2.265124 0.128646
1002 -0.648599 -1.150248
1313 -4.391811 0.534373
1797 -0.316491 -4.450757
2536 -0.284232 -5.270974
13 -0.290420 -4.306102
1350 -0.922530 -0.604228
489 -5.410419 0.733531
1069 -0.343714 -4.366224
2059 -4.709883 0.487420
2039 -1.229172 -0.202498
1226 -0.574493 -1.066408
2446 -0.553582 -1.141828
1003 -0.660465 -1.057012
1557 -4.911670 0.594213
1250 -0.797774 -0.585936
26 -0.585145 -1.251478
2035 -0.892810 -0.457596
925 -3.220727 0.274924
1856 -4.061766 0.468904
976 -4.891454 0.586828
1787 -0.350996 -5.268674
102 -1.633158 -0.155421
1614 -2.495925 0.043210
20 -0.266586 -3.263532
874 -3.394142 0.223796
271 -0.546633 -1.334082
1416 -1.038554 -0.516687
884 -2.500665 0.150035
2296 -4.905761 0.634604
2563 -0.364757 -5.634583
2004 -1.636660 -0.111847
2073 -3.344298 0.260266
869 -5.713897 0.748822
955 -4.240653 0.450291
727 -0.391676 -2.740116
1548 -0.612987 -1.025118
2321 -4.576221 0.558099
106 -2.301747 0.011151
2083 -3.005383 0.266889
209 -0.401964 -2.157607
156 -3.434569 0.316630
1121 -0.339448 -4.938872
2498 -0.385207 -3.562810
1275 -0.374216 -4.282870
181 -3.039479 0.360819
2567 -0.283115 -2.724039
597 -1.196341 -0.174377
1404 -1.419692 -0.256228
169 -4.075247 0.430910
685 -1.107565 -0.441044
977 -4.935382 0.603291
1990 -0.476679 -1.663857
1480 -3.594105 0.284403
3 -0.317265 -4.569231
1017 -0.341099 -3.642144
879 -2.976444 0.149336
1498 -0.988157 -0.423636
24 -0.568374 -1.372058
2593 -0.328906 -5.708783
760 -0.300130 -4.567706
2470 -0.294614 -5.290415
2230 -1.850226 -0.038535
1677 -1.022004 -0.506073
1437 -4.162203 0.382441
2181 -0.328628 -4.662827
2221 -0.378186 -2.592827
873 -3.237905 0.226979
2352 -2.593169 0.106222
459 -0.349514 -2.855369
856 -0.945015 -0.594757
2571 -0.906923 -0.482699
962 -4.390308 0.483144
118 -1.387337 -0.286905
1160 -3.518572 -3.504683
2149 -0.327252 -3.423505
1134 -0.398950 -2.997190
672 -0.666692 -0.876411
1817 -0.314214 -3.808283
1458 -0.623669 -1.132621
1746 -0.469895 -2.468936
1711 -0.371660 -1.656299
1312 -3.806366 0.436770
319 -0.501529 -1.191233
571 -0.314975 -3.316238
1105 -0.296798 -3.914057
662 -2.293015 -0.141348
931 -3.733429 0.418065
150 -0.421073 -2.453723
1599 -2.471538 0.113390
6 -0.325582 -5.204633
1774 -0.429613 -2.509113
1800 -0.598573 -0.718064
1560 -2.963045 0.177512
568 -0.468818 -2.206332
410 -2.329441 0.032053
1717 -0.410696 -2.077889
71 -0.382355 -0.976553
942 -2.985333 0.205645
2250 -5.319081 0.686010
1978 -0.302273 -5.183520
2378 -2.675406 0.177934
841 -2.779866 0.200951
2160 -0.363173 -3.819585
2177 -0.591452 -1.270380
1653 -1.883386 -0.013923
1125 -0.290883 -2.989224
243 -1.212738 -0.445794
1732 -0.550590 -1.334530
2166 -0.342665 -5.068583
1644 -1.932601 -0.092052
2395 -1.260914 -0.324914
2569 -0.325750 -6.136933
877 -3.320781 0.254399
1712 -0.457958 -1.147554
1646 -1.832715 -0.129594
2448 -0.624395 -0.955258
1268 -1.082108 -0.442001
897 -3.065047 0.264382
2118 -4.426435 0.524413
354 -1.590524 -0.159308
2072 -2.760927 0.167215
1872 -3.675829 0.334063
2122 -1.720267 -0.076148
1348 -1.287684 -0.341838
224 -0.701228 -0.683234
2280 -2.468076 0.129273
1352 -2.038778 -0.015186
1299 -4.964053 0.543820
171 -3.929812 -3.242420
170 -3.975619 -3.204088
1612 -1.666510 -0.238884
387 -3.733406 -3.564545
388 -3.803221 -3.529363
2419 -4.016189 -3.404755
2418 -4.123085 -3.370679
15 -0.286311 -3.685765
205 -3.889575 -3.494010
207 -3.856554 -3.448494
759 -3.906003 -3.638371
1848 -3.859282 -3.343483
1847 -3.854022 -3.315846
1846 -3.749712 -3.547877
1845 -3.766395 -3.540198
741 -3.941547 -3.639634
1696 -3.808696 -3.361999
1698 -3.850391 -3.336228
1302 -4.091445 -3.038546
1303 -4.066864 -3.054627
2021 -3.927021 -3.181441
1267 -3.739414 -3.504668
313 -3.880961 -3.318808
312 -3.883954 -3.292044
311 -4.089890 -3.065032
310 -4.124754 -3.102938
265 -3.884655 -3.358247
1671 -3.786397 -3.430716
1255 -3.741517 -3.435910
951 -4.016230 -3.192720
950 -3.969994 -3.264425
2006 -3.873606 -3.238489
2341 -3.755444 -3.489681
2349 -3.870925 -3.502200
2348 -3.807597 -3.527782
946 -3.808888 -3.377017
945 -3.805270 -3.380163
264 -3.978236 -3.307882
1964 -0.416862 -1.742720
1126 -0.351412 -3.121789
2174 -0.683920 -0.851756
982 -4.079612 0.457846
1757 -0.451811 -2.275544
2092 -1.816989 0.001161
1283 -1.916939 -0.012139
178 -0.857702 -0.636971
1551 -1.350772 -0.273234
1536 -0.512509 -1.698482
886 -2.117827 -0.056756
2120 -3.067161 0.273839
81 -0.293235 -4.851674
474 -0.266480 -2.580357
2515 -0.408895 -2.278504
1927 -0.460714 -1.895580
1036 -0.371245 -2.388136
1630 -1.346466 -0.259358
195 -0.565670 -1.028200
1818 -0.251932 -3.278802
781 -0.514465 -1.144901
1427 -0.511026 -1.440832
223 -0.970240 -0.332117
2538 -0.294618 -5.212528
1868 -1.394487 -0.229601
1407 -1.235747 -0.355651
2191 -0.400663 -1.831619
2037 -0.881453 -0.502361
572 -0.480430 -2.090572
1573 -1.849869 -0.110377
1384 -2.264934 0.075660
2192 -0.389885 -2.547575
960 -4.827730 0.551678
1434 -0.446022 -2.178379
1773 -0.437387 -2.066353
1674 -0.625983 -1.081268
2353 -2.760473 0.143000
1704 -1.142854 -0.364967
2399 -3.397554 0.327124
80 -0.306344 -5.251110
2265 -1.144425 -0.307084
1815 -0.338813 -4.066354
938 -3.087453 0.245177
1243 -1.498731 -0.223101
1633 -1.610994 -0.164123
2590 -0.317941 -5.672959
2620 -0.311242 -4.087245
1447 -1.377717 -0.259191
2121 -2.104679 0.072995
1995 -0.434416 -4.619291
2217 -0.278445 -5.117996
2086 -2.942460 0.259513
1260 -1.048299 -0.386758
1936 -0.340946 -3.333906
2368 -4.163273 0.422497
763 -0.582790 -0.939467
1890 -3.374874 0.254644
2209 -0.378056 -2.994990
2038 -2.560835 0.137355
695 -0.618954 -1.007001
1406 -1.873353 -0.076333
1266 -0.987840 -0.516699
1163 -0.635422 -1.110384
1812 -0.381433 -2.071433
1755 -0.394982 -2.110003
915 -3.048760 0.242360
730 -0.337909 -3.558968
1183 -0.431678 -3.304414
1230 -1.070083 -0.307961
1086 -0.319735 -3.392004
1576 -1.145912 -0.461972
1577 -1.196079 -0.372966
487 -4.637388 0.606132
126 -1.637553 -0.101873
2524 -0.335645 -4.224069
1241 -2.062177 0.071239
1980 -0.350302 -3.863398
2425 -0.399594 -1.796879
974 -5.260018 0.635583
2046 -0.659153 -1.008888
2638 -5.731439 0.784668
1891 -3.468476 0.317286
948 -3.959854 0.386347
1150 -0.816451 -0.590866
531 -4.947288 0.651204
316 -1.646703 0.051253
937 -3.675050 0.348071
2575 -0.275856 -4.799708
2078 -4.982193 0.666258
1450 -0.963036 -0.629257
1233 -0.490962 -1.539044
2089 -3.060276 0.278109
2614 -0.300878 -5.666637
1886 -4.055472 0.416293
2458 -0.445697 -2.503387
2117 -4.304465 0.504052
1831 -0.742119 -0.431806
2522 -0.283001 -4.006275
2171 -0.998560 -0.492937
1362 -1.943094 -0.060798
800 -0.270355 -3.986066
196 -0.947493 -0.361337
979 -4.887748 0.645882
1688 -0.328536 -4.247182
1357 -0.810513 -0.544608
2130 -2.856768 0.187312
1053 -0.320473 -4.755344
1295 -4.804935 0.564470
1534 -0.345842 -3.049597
1729 -0.807736 -0.562975
492 -5.344675 0.735801
1962 -0.395058 -2.120072
1296 -4.486142 0.551748
172 -4.184346 0.474113
775 -0.269627 -4.187532
1772 -0.480212 -1.930502
2066 -0.777707 -0.538001
2312 -4.244962 0.562158
1050 -0.345563 -4.110261
262 -1.099244 -0.459451
249 -1.598788 -0.239856
1725 -0.367518 -4.170885
1454 -1.014530 -0.423379
1874 -3.745207 0.379770
1753 -0.584640 -1.244772
516 -5.437245 0.707628
1993 -0.345871 -3.664397
1836 -1.675336 -0.104481
1642 -2.106163 0.079847
2528 -0.198510 -2.707144
1310 -3.248014 0.267903
587 -0.346650 -2.798025
22 -0.352369 -3.955829
1096 -0.361020 -3.863336
464 -0.359657 -3.104554
1107 -0.377135 -3.558223
819 -3.043185 0.226636
1924 -0.383131 -5.069189
90 -0.581452 -1.013551
1392 -1.942371 -0.075743
1824 -0.498101 -1.178753
352 -2.348414 0.093129
1703 -1.035738 -0.425128
418 -0.524741 -1.523511
1203 -0.418018 -2.174659
483 -4.508930 0.604846
1057 -0.337102 -4.931674
1147 -0.518480 -1.621185
439 -0.286182 -4.607319
1055 -0.350492 -4.896808
486 -5.483955 0.770455
2457 -0.450874 -2.108414
742 -0.313779 -4.930378
1859 -3.458941 0.319961
964 -3.889817 0.440360
1669 -0.322561 -4.080258
2617 -0.304434 -4.288117
187 -0.780372 -0.825573
2601 -0.347300 -4.934273
2381 -1.383001 -0.215828
967 -4.579960 0.569859
2503 -0.427067 -1.456900
146 -5.079042 0.554864
1796 -0.339262 -4.540796
609 -0.343709 -3.474008
78 -0.341486 -5.425453
1882 -4.051558 0.468323
349 -3.146213 0.290842
2062 -2.596466 0.121331
1378 -1.091745 -0.399592
1397 -2.358370 0.050098
404 -2.424614 0.028352
2343 -1.225069 -0.331418
1875 -4.534902 0.556123
305 -4.075603 0.436978
1356 -1.504785 -0.215847
579 -0.445200 -1.544949
420 -0.648582 -0.904699
1877 -4.403551 0.491925
1724 -4.482780 0.564413
1135 -0.655098 -1.578341
629 -0.499820 -2.380842
603 -0.556221 -1.810147
1334 -1.210556 -0.409065
1169 -0.769718 -0.680198
1975 -0.382877 -5.565474
1294 -4.660676 0.589145
2237 -0.342653 -4.479734
308 -3.265774 0.258192
2206 -0.375951 -4.554426
1727 -0.457652 -0.899938
2295 -5.025373 0.639075
926 -3.778828 0.334463
338 -4.603956 0.473444
1880 -2.833037 0.214858
2018 -0.417476 -2.148520
2239 -0.368815 -4.352319
1670 -0.327253 -3.227805
2050 -0.685291 -0.928142
1919 -0.414517 -2.291767
2356 -3.401410 0.131794
1760 -0.507970 -1.882795
2218 -0.309664 -3.320043
595 -0.660371 -0.712620
333 -5.318169 0.648978
1544 -0.544016 -1.053642
2357 -3.543234 0.160188
2496 -0.350250 -3.051238
2051 -0.683813 -0.910083
2464 -0.390877 -4.245288
1279 -0.348390 -2.997425
1954 -1.436299 -0.016219
1401 -2.054765 -0.040928
565 -0.679947 -0.634221
608 -0.340760 -3.449085
601 -0.555103 -1.498322
2363 -0.324054 -2.065999
476 -0.522061 -0.643221
1700 -4.873983 0.558167
211 -0.408663 -3.159765
1863 -4.591194 0.564062
1343 -3.670660 0.342640
843 -1.520901 -0.141755
58 -0.353352 -2.335325
1080 -0.365415 -5.066668
43 -0.314229 -5.228425
556 -0.467095 -1.538465
415 -1.034413 -0.505033
2456 -0.534010 -1.355320
1052 -0.304541 -4.149448
1917 -0.374169 -2.385285
1137 -0.548248 -1.000731
138 -1.100049 -0.387117
1339 -2.096128 0.000866
1187 -0.456650 -1.684129
1317 -4.767915 0.596666
2492 -0.481498 -5.359064
400 -1.545945 -0.217415
844 -1.073698 -0.308941
663 -0.698090 -0.796839
1568 -0.867373 -0.648172
445 -1.303619 -0.256789
234 -1.463236 -0.027991
2480 -0.701544 -1.128890
1531 -3.278681 0.189758
2409 -4.666411 0.580145
683 -0.721943 -1.953214
263 -1.007727 -0.489345
2058 -4.647423 0.505982
159 -3.727804 0.390247
867 -5.155632 0.667766
2202 -0.354381 -4.433939
163 -0.951034 -0.523136
1733 -0.654257 -0.974336
863 -0.521788 -1.035482
2562 -0.348169 -4.394203
793 -0.289839 -5.020440
1655 -1.402043 -0.253159
2141 -0.229314 -5.308421
1718 -0.411666 -2.955220
1826 -0.807057 -0.725056
2541 -0.239961 -1.870739
1235 -0.814977 -0.588533
1462 -0.438751 -1.880321
1179 -0.454014 -1.646699
1307 -4.747143 0.607647
2228 -0.377233 -1.825583
1328 -3.112415 0.215856
552 -0.572962 -1.055132
1398 -3.701170 0.293599
834 -2.973867 0.296614
1197 -0.526072 -1.041393
52 -0.256221 -4.184932
1976 -0.327636 -5.204083
772 -0.314396 -2.541141
1232 -0.471290 -1.750222
2304 -4.245425 0.502326
798 -0.299563 -4.872625
2625 -0.389740 -2.237019
580 -0.472405 -1.412062
752 -0.629092 -0.991607
406 -1.608757 -0.168512
221 -0.804069 -0.727918
1590 -0.715615 -0.782021
2276 -0.796538 -0.298256
2582 -0.260823 -4.559515
1620 -1.531551 -0.182683
1835 -5.016721 0.690650
1694 -0.905515 -0.516407
1465 -0.502372 -1.627223
1502 -2.877782 0.238508
2531 -0.283410 -5.258706
1030 -0.393733 -3.207792
1631 -0.679414 -0.762359
1553 -2.520694 0.102251
753 -0.644111 -0.917784
1464 -0.575014 -1.436629
2607 -0.294541 -5.451243
754 -0.651094 -0.928830
2372 -0.893302 -0.462908
2583 -0.267392 -3.820086
716 -0.873624 -0.602105
1547 -0.508002 -1.479657
421 -0.982684 -0.434982
633 -0.641861 -1.186869
2631 -0.352827 -2.583436
875 -2.286874 0.012501
1072 -0.324674 -5.028676
1920 -0.494523 -1.496857
2586 -0.312759 -5.143343
2079 -4.347748 0.564461
2075 -3.726076 0.326965
729 -0.321874 -2.963011
917 -3.463756 0.313779
2445 -0.507410 -1.467845
1629 -1.066570 -0.436492
2251 -4.428231 0.557940
936 -4.136776 0.437490
1093 -0.301234 -4.549453
1442 -1.719428 -0.207009
1638 -0.807255 -0.701165
801 -0.289203 -3.508637
2142 -0.252257 -5.351463
215 -0.502144 -1.832799
688 -4.029960 0.387878
784 -0.536846 -1.495456
456 -0.340753 -3.523955
2060 -1.933624 -0.061968
275 -1.729319 -0.092962
1625 -1.079615 -0.427333
517 -3.206397 0.288183
204 -0.694132 -0.932690
2521 -0.280436 -3.729972
832 -4.635411 0.612695
771 -0.479817 -1.837481
9 -0.310836 -4.420115
1207 -0.456122 -1.934940
1686 -0.425268 -3.775404
2565 -0.283011 -3.718300
1455 -1.326958 -0.345082
868 -5.457607 0.707913
1468 -0.361527 -2.415738
944 -2.083487 0.008591
2465 -0.362936 -3.962582
428 -0.381824 -5.078693
2600 -0.314213 -4.651153
665 -0.361237 -3.574096
1736 -0.393223 -3.212357
656 -3.041835 0.229938
2294 -4.649917 0.587772
675 -1.031671 -0.360015
593 -0.508223 -1.101480
513 -4.035826 0.429270
1439 -2.030388 -0.078968
1098 -0.301719 -4.864120
690 -0.388689 -2.120233
371 -3.839404 -3.008972
859 -1.094982 -0.462880
2379 -2.618454 0.155676
1605 -0.405632 -1.703664
1806 -0.316744 -4.039842
2317 -4.531875 0.598682
514 -3.806617 0.406612
853 -0.661580 -0.992771
2591 -0.319498 -5.475252
761 -0.277953 -3.993246
1495 -0.600461 -1.118092
1734 -1.475126 -0.205495
524 -4.825562 0.671322
630 -0.418329 -3.135061
941 -4.093285 0.442009
1618 -2.939893 0.144881
785 -0.306309 -3.020104
70 -3.737700 -3.078298
2587 -0.263006 -4.296948
2417 -2.734739 0.180815
1064 -0.341799 -4.861463
634 -0.791352 -0.831596
7 -0.326020 -4.725758
2628 -0.543198 -1.456354
2455 -0.440793 -1.458882
699 -1.125017 -0.488309
906 -3.193810 0.273023
2598 -0.278746 -4.194711
2080 -4.744247 0.600283
2412 -1.402541 -0.245500
1246 -1.062341 -0.433885
2261 -4.294838 0.527045
242 -1.660912 -0.221351
802 -0.279211 -1.513833
2621 -0.341384 -4.347319
935 -0.556572 -0.653510
1220 -0.692362 -0.683754
2520 -0.437089 -1.741961
674 -0.354653 -3.813991
82 -0.215471 -3.616594
274 -1.472248 -0.213411
64 -0.586498 -1.139069
364 -1.588009 -0.193854
2394 -0.759821 -0.726579
462 -1.039927 -0.246227
2197 -0.305083 -4.219232
539 -5.913318 0.826422
795 -0.280320 -3.848530
924 -3.307799 0.311865
2636 -0.297601 -5.035444
659 -3.722901 -2.933233
117 -1.278582 -0.331145
1929 -0.471455 -1.494174
1524 -0.308758 -3.228198
1628 -1.219014 -0.328955
2592 -0.303239 -5.500353
623 -0.371118 -2.380165
2375 -5.400333 0.596627
1537 -0.341446 -2.387994
259 -0.857189 -0.742617
1395 -1.501437 -0.263195
2224 -0.304058 -3.241840
1301 -4.814916 0.581471
1062 -0.288569 -4.089947
1424 -1.797860 -0.152323
1543 -0.611462 -0.938566
50 -0.282282 -4.377293
930 -3.322508 0.275338
2415 -2.180439 0.044249
16 -0.322029 -5.268718
1938 -0.355675 -2.344319
932 -1.482924 -0.149171
136 -1.629170 -0.142867
1508 -3.552704 0.326868
356 -3.001995 0.160982
2635 -0.280812 -5.084672
1293 -3.733124 -3.102679
372 -1.037519 -0.519131
1024 -0.360119 -2.485637
2613 -0.303037 -4.315745
1129 -0.351255 -2.486806
2155 -0.345809 -2.076066
1323 -3.760761 -2.951282
471 -0.323166 -4.302943
496 -5.109275 0.713303
2040 -1.932540 0.003980
2188 -0.294782 -3.106120
2252 -4.575799 0.571844
293 -0.759625 -0.731030
367 -1.333344 -0.259251
222 -0.584420 -1.036211
2229 -0.516508 -1.257417
845 -2.293461 0.096411
1075 -0.331569 -4.590435
1090 -0.290009 -4.328441
1898 -3.034086 0.250407
1790 -0.371407 -3.410675
836 -4.579105 0.594113
1673 -0.515307 -1.673700
1645 -2.548491 0.102173
203 -0.448324 -2.152192
686 -1.651162 -0.109475
2056 -2.451854 0.181172
1695 -1.082698 -0.325886
411 -2.304214 0.039593
2223 -3.637645 -2.871803
5 -0.312874 -4.223699
2168 -0.339374 -3.487684
2180 -0.313647 -4.429449
684 -0.606521 -0.941125
1973 -0.389472 -2.213051
934 -1.350994 -0.234088
764 -0.653731 -0.976638
255 -1.081098 -0.427939
1104 -0.294107 -4.185540
2167 -0.336460 -2.702295
1873 -3.986860 0.395082
2173 -0.458488 -1.520757
481 -4.217931 0.495630
2287 -4.455646 0.572603
2629 -0.481225 -1.655838
2013 -0.499836 -1.257631
2154 -0.491252 -1.034561
402 -1.770071 -0.109389
1240 -2.116711 0.059180
1715 -0.861273 -0.645029
1446 -1.543523 -0.259372
1049 -0.338940 -3.451171
1161 -3.318251 -3.362253
1525 -0.340564 -3.538840
1563 -4.050863 0.416763
67 -3.725615 -3.088392
2138 -0.595299 -1.087254
1056 -0.374798 -1.660957
2599 -0.282722 -4.741986
2113 -0.726574 -0.686520
2025 -0.428819 -1.761194
2009 -0.287340 -3.259187
124 -1.020865 -0.267919
733 -0.330823 -4.397297
359 -4.259688 0.495240
2145 -0.308075 -2.987564
1088 -0.295925 -4.666916
736 -0.907418 -0.536213
765 -0.735169 -0.748502
155 -2.559971 0.083588
511 -5.032406 0.690492
1425 -1.263134 -0.299324
810 -3.825366 -2.900940
1112 -0.527991 -1.641132
2176 -0.576894 -1.398506
592 -4.041096 0.395900
2505 -0.342190 -1.305488
268 -0.749520 -1.009535
1864 -0.341181 -4.948576
2637 -5.769368 0.801539
956 -4.449848 0.555541
2047 -0.387011 -2.897341
2502 -0.345451 -3.569330
1985 -0.369335 -2.277910
1639 -1.060183 -0.350403
635 -0.239667 -5.157980
96 -3.379361 -3.502895
1365 -0.881359 -0.624822
823 -4.583216 0.603709
1526 -0.342274 -3.540157
1959 -0.421311 -2.829212
2093 -3.042924 0.331989
1026 -0.501816 -2.200237
1894 -3.845218 0.407162
125 -0.708777 -0.479587
272 -1.352773 -0.356676
194 -0.801336 -0.795622
2128 -1.086215 -0.238589
527 -5.573985 0.776622
1583 -0.781524 -0.811938
2605 -0.298296 -4.976988
2597 -0.314526 -5.317807
2320 -4.215986 0.505692
1366 -1.142927 -0.384285
2008 -0.691517 -1.134181
149 -0.433060 -2.540036
911 -1.592979 -0.225719
74 -0.397484 -1.191830
1814 -0.298900 -4.508460
978 -4.969368 0.634342
369 -1.266517 -0.418230
79 -0.280553 -5.121394
1793 -0.322806 -3.718853
1771 -0.434650 -2.745911
1490 -4.225881 0.498442
782 -0.620410 -0.869308
1262 -0.952042 -0.562482
2495 -0.306348 -4.063207
299 -1.185838 -0.506388
1361 -2.322434 0.046020
2307 -4.412433 0.607685
606 -0.489754 -1.534938
484 -4.224768 0.536934
232 -0.667388 -0.915321
682 -2.340127 0.264430
2116 -4.040849 0.448660
482 -4.247562 0.531271
2293 -5.064892 0.669969
2137 -0.307852 -4.361476
1951 -0.368219 -2.980943
1212 -0.573077 -1.081062
1852 -0.467247 -1.962232
330 -2.757025 0.159007
2386 -1.261934 -0.335424
1144 -0.565711 -0.906622
1353 -1.275872 -0.306610
536 -5.354988 0.746466
493 -5.095300 0.693877
2007 -0.336170 -4.888795
2208 -0.350636 -3.576988
799 -0.248093 -2.693457
2286 -4.895858 0.637382
1830 -0.772098 -0.610498
811 -2.694359 0.141420
501 -4.897204 0.648803
1300 -5.061322 0.544747
2354 -1.941656 -0.060737
2387 -1.104784 -0.415031
1518 -0.307126 -3.362930
669 -0.737793 -0.819396
896 -1.453850 -0.286648
559 -3.571569 -2.980480
894 -4.607401 0.523968
1994 -0.449177 -4.763299
1391 -2.702118 0.117178
173 -4.692992 0.523035
2499 -0.401830 -2.459429
687 -0.667484 -0.903931
1932 -0.348298 -2.711868
509 -5.099780 0.679326
1851 -1.662982 -0.029989
2246 -2.392007 0.049507
919 -3.968396 0.412151
2347 -1.031916 -0.413127
766 -0.320846 -5.000089
638 -3.538894 0.320033
1850 -2.716709 0.210390
895 -4.729365 0.562595
112 -3.620947 -2.928269
2346 -0.759840 -0.679377
1287 -3.629219 -2.933766
2308 -5.020682 0.668920
417 -0.633524 -0.992356
1879 -3.401585 0.292761
331 -0.994376 -0.154644
2624 -0.321909 -4.589811
641 -1.215015 -0.435197
586 -0.449925 -1.480805
545 -0.431018 -2.152279
1781 -0.358533 -4.972103
84 -3.082941 0.211410
485 -5.170106 0.709449
1298 -3.848363 0.380132
991 -3.967942 0.464436
1185 -0.445419 -2.488728
475 -0.537241 -1.171391
809 -0.573139 -1.214642
2236 -0.369434 -4.160274
910 -3.297419 0.304073
610 -0.335477 -4.577885
667 -0.413043 -3.524697
1364 -0.697967 -0.665134
2556 -1.979720 -0.150486
1943 -0.348908 -5.067860
2391 -1.771712 -0.112051
743 -0.303309 -4.872911
2048 -0.681569 -0.987709
430 -0.342407 -4.207572
2608 -0.337555 -5.431874
637 -3.120584 0.238273
1194 -0.637883 -0.934899
546 -0.468563 -2.042161
2345 -0.603139 -0.898125
1204 -0.437277 -2.181961
2297 -4.563766 0.582335
45 -0.358809 -4.243594
397 -0.330383 -4.721153
1592 -1.563599 -0.220934
1222 -0.448501 -1.803264
87 -0.320845 -5.165332
1707 -0.334233 -3.607778
1358 -0.880167 -0.503209
681 -0.904102 -0.600354
644 -1.308885 -0.400437
1109 -0.941822 -0.600842
618 -0.549047 -1.247157
908 -4.582048 0.584398
419 -0.505090 -1.965653
2377 -2.905931 0.199306
140 -3.279674 -3.343044
2020 -0.351067 -4.401381
1341 -2.938922 0.194688
2248 -4.661426 0.422834
2479 -0.966464 -0.643953
612 -0.381130 -4.448430
1136 -0.584818 -1.194437
751 -0.601803 -1.004061
1390 -1.165350 -0.436209
213 -0.436561 -3.594653
1731 -0.867150 -0.354478
1992 -0.342526 -2.607563
1237 -0.826100 -0.651814
1918 -0.373052 -2.966898
2227 -0.410064 -2.293800
304 -4.243688 0.486958
544 -0.446579 -2.026869
611 -0.319051 -3.960823
1214 -1.006199 -0.522131
827 -4.324172 0.554651
614 -0.366311 -4.239472
1060 -0.327087 -3.650602
1659 -3.295314 0.293967
340 -4.120986 0.396074
1145 -0.668968 -1.025926
307 -2.694212 0.166766
115 -2.968765 0.277942
254 -1.156416 -0.380477
2226 -0.417497 -2.772932
2362 -1.827659 -0.048167
720 -1.457401 -0.260184
1360 -0.656953 -0.793291
1699 -4.826718 0.549015
2074 -3.571123 0.314730
1309 -2.965613 0.211198
2572 -0.506444 -1.187101
277 -1.329872 -0.314091
916 -1.415678 -0.211362
1981 -0.380888 -2.507348
604 -0.568253 -1.851955
865 -0.998091 -0.531621
2645 -0.414235 -3.281059
297 -1.734980 -0.061178
1997 -0.480292 -1.638249
1371 -2.741817 0.052515
1213 -0.436252 -3.347880
2559 -0.406229 -1.881935
2203 -0.389129 -4.349477
567 -0.899550 -0.374725
148 -1.378656 -0.242570
1101 -0.284998 -3.863683
335 -4.842675 0.599532
1182 -0.355007 -2.647798
1196 -0.377897 -2.683792
1059 -0.337252 -4.521984
1789 -0.328863 -4.297604
792 -0.296514 -4.884255
2019 -0.377884 -2.771839
2461 -0.480947 -1.558650
789 -0.382299 -1.912708
748 -0.301813 -4.744619
2041 -0.382601 -1.932127
2358 -3.341994 0.124652
2157 -0.605863 -0.894125
2384 -3.244595 0.292774
1865 -2.145557 0.047308
386 -1.039929 -0.463285
23 -0.612536 -1.261900
1916 -0.350876 -3.612538
54 -0.339767 -5.007430
1070 -0.360582 -1.790901
584 -0.437109 -1.438400
55 -0.314978 -2.442280
1763 -1.692505 -0.023596
73 -0.236693 -4.025493
2069 -5.055414 0.644246
2493 -0.417928 -5.110589
1602 -0.504780 -1.339632
59 -0.368610 -1.892399
1305 -0.382179 -5.226098
2364 -0.819913 -0.526062
2453 -0.565465 -1.329583
162 -3.933791 0.436975
1637 -1.715802 -0.125940
2491 -0.416432 -4.530339
554 -0.534395 -1.405283
1977 -0.345704 -5.202462
157 -0.441470 -1.046131
1675 -0.806569 -0.716052
2351 -2.429495 0.080398
455 -0.331262 -3.272453
1619 -1.482975 -0.198688
56 -0.297647 -3.279150
4 -0.300199 -3.195675
1933 -0.387464 -4.303558
2548 -0.301294 -4.600876
1227 -0.586466 -1.119109
1552 -3.322493 0.266595
569 -0.343715 -3.634982
746 -0.458507 -1.523949
1505 -1.407335 -0.198472
2068 -5.015793 0.630189
92 -0.928590 -0.550569
365 -1.564352 -0.199182
1603 -2.755935 0.178193
1595 -3.799070 0.371099
1591 -1.846668 -0.048543
890 -1.926584 -0.162837
769 -0.517638 -0.633257
521 -4.131797 0.514339
144 -4.773462 0.530403
773 -0.257183 -3.626048
2467 -0.351259 -4.300736
273 -1.595352 -0.225521
1839 -2.325190 0.116601
929 -3.472100 0.308115
65 -0.725127 -0.927908
2281 -0.344466 -1.464419
866 -2.295731 0.040436
2416 -2.476904 0.093598
2164 -0.276397 -4.074698
1221 -0.633100 -0.835501
437 -1.593037 -0.247793
14 -0.300641 -4.049987
1827 -0.764220 -0.854467
1321 -0.882119 -0.481398
1509 -0.651230 -0.865405
1512 -1.118461 -0.451087
393 -0.944394 -0.503968
2475 -0.352940 -4.509646
1280 -1.084913 -0.399987
424 -1.048199 -0.377895
1828 -0.585489 -0.990248
1047 -0.328685 -2.961214
1252 -0.806418 -0.609855
2540 -0.368989 -1.630837
902 -0.628345 -1.055127
616 -2.193982 0.017619
1420 -0.887061 -0.648786
557 -0.450492 -1.710140
518 -3.587909 0.358989
139 -2.246116 0.006050
344 -2.506326 0.033510
1691 -0.579033 -1.118134
1756 -0.533117 -1.270673
1556 -4.420305 0.538021
2371 -3.128393 0.263977
2373 -5.106460 0.571125
442 -1.303308 -0.337906
2478 -0.386683 -4.482397
1752 -0.500654 -1.724030
2175 -0.920194 -0.383666
1202 -0.576047 -1.020722
1660 -1.822334 0.070388
321 -1.001628 -0.475404
206 -0.543786 -1.392809
217 -0.586886 -1.237250
303 -1.247656 -0.337183
1987 -0.329500 -3.627897
2273 -2.493028 0.218271
1584 -0.488207 -1.462376
1676 -0.977657 -0.592071
1988 -0.497137 -1.559155
693 -0.599567 -0.942563
1457 -0.465232 -2.063308
840 -3.780273 0.456934
2534 -0.914612 -0.563523
2535 -0.293237 -3.853969
2097 -4.078775 0.494202
2146 -0.243364 -3.751815
376 -0.588349 -1.010634
1546 -0.546055 -1.278022
323 -1.393235 -0.349638
570 -0.343392 -3.837042
1291 -0.492074 -1.205351
1217 -0.782555 -0.642236
1586 -1.641178 -0.248840
2646 -0.354550 -4.161801
2017 -0.338044 -3.382955
2437 -0.641439 -1.075260
1841 -2.326383 0.096178
1414 -0.886510 -0.652694
1979 -0.337971 -3.284580
2494 -0.337908 -2.663512
642 -1.538558 -0.291501
1380 -3.841939 0.419012
2241 -3.313768 0.274127
1195 -0.340599 -3.842399
971 -4.176141 0.505813
596 -0.785598 -0.587520
2067 -4.802310 0.599950
460 -0.317892 -3.539603
1967 -0.350603 -2.662510
1779 -0.302435 -4.962716
2210 -0.444574 -1.662778
933 -1.160559 -0.225202
1118 -0.282917 -3.622482
2253 -3.328944 0.318886
107 -2.919587 0.205997
375 -4.794047 0.590934
2423 -0.411312 -2.413883
1915 -0.340100 -3.623201
2460 -0.517705 -1.474813
872 -2.686505 0.124501
363 -1.570200 -0.170610
1205 -0.444244 -2.275473
661 -0.349271 -3.513808
1485 -0.951059 -0.660388
1418 -0.834296 -0.740122
46 -0.305718 -4.703150
2577 -0.261008 -3.455324
1063 -0.345069 -4.695337
114 -2.843350 0.177303
621 -1.573870 -0.295579
806 -1.425671 -0.205492
1491 -0.769437 -0.885827
1912 -0.659357 -1.113154
981 -2.099084 0.185840
1292 -0.634741 -0.805535
2269 -2.631075 0.164127
812 -1.175599 -0.318846
2380 -1.153369 -0.343953
972 -4.154002 0.488491
2366 -4.259286 0.502152
1444 -1.863823 -0.163808
680 -1.107023 -0.404650
913 -4.141349 0.489491
1432 -1.875251 -0.207490
1510 -3.302397 0.222912
1621 -0.487467 -1.395584
553 -0.388660 -2.114504
808 -0.357791 -2.258036
788 -0.441350 -1.739516
2433 -0.449818 -2.210434
284 -0.616914 -1.228281
2267 -3.607861 0.410831
1453 -1.013777 -0.552359
574 -0.523746 -1.494062
1515 -0.472949 -1.444234
1117 -0.318301 -2.928835
99 -3.136518 0.142630
2001 -1.079482 -0.506306
1494 -0.507897 -1.327856
1934 -0.410432 -2.608736
452 -0.967965 -0.543328
1580 -1.935975 -0.125251
2615 -0.279659 -4.805715
2570 -0.429222 -2.484672
2131 -2.687941 0.152122
1777 -0.799624 -0.504195
2359 -3.009152 0.200666
2132 -3.019293 0.255539
2204 -0.408718 -2.331726
2385 -1.195207 -0.403318
1965 -0.325480 -3.499350
1325 -1.812644 -0.146889
1538 -0.294966 -3.545521
2219 -0.360324 -3.609735
231 -0.616710 -1.304223
49 -0.286249 -4.605909
1562 -3.520424 0.305959
2232 -1.981351 -0.171452
1690 -4.391894 0.544434
2195 -0.324362 -3.295069
1668 -4.553564 0.569404
453 -1.056978 -0.441122
252 -1.033095 -0.686048
2144 -0.389300 -2.298025
636 -0.302569 -5.040080
2119 -3.570805 0.350598
2014 -0.322870 -2.227267
581 -0.501435 -1.094815
796 -0.255307 -1.024677
2527 -0.285372 -2.309757
327 -1.253837 -0.311855
996 -4.510252 0.571701
957 -1.264788 -0.254686
2011 -0.764431 -0.738594
1549 -1.177737 -0.457894
2199 -0.373455 -2.739146
1489 -1.186885 -0.242003
745 -0.568709 -1.002459
1248 -0.891448 -0.658843
2258 -4.561184 0.489911
1184 -0.765290 -0.590831
2266 -1.475536 -0.232010
105 -1.472837 -0.226534
1706 -1.061618 -0.410456
1271 -1.112336 -0.454173
295 -1.829171 -0.125844
176 -1.483125 -0.088340
1897 -4.438616 0.528128
1421 -0.947314 -0.574850
626 -1.516310 -0.154669
805 -0.724396 -0.605044
1823 -0.439756 -1.967308
893 -4.506554 0.512517
1665 -0.969043 -0.526680
2315 -4.456205 0.624730
2049 -0.386076 -3.389080
1808 -0.286889 -4.757402
1957 -0.389116 -3.050955
1114 -0.505746 -1.791024
1861 -4.627716 0.520577
2404 -3.015562 0.279143
622 -0.282752 -3.326188
2431 -0.810188 -0.714521
35 -0.311653 -3.464277
1609 -1.342487 -0.374633
490 -4.263812 0.528474
965 -4.288662 0.472950
803 -0.428325 -1.547979
1728 -0.876120 -0.567471
1359 -3.884924 0.336756
1130 -0.444118 -1.453951
900 -3.830607 0.407366
504 -5.101635 0.686142
712 -0.441632 -2.374036
1974 -0.346126 -2.669739
1832 -2.544755 0.143078
1396 -1.885584 -0.138940
2081 -1.936848 0.043055
2487 -1.007337 -0.416463
1133 -0.387465 -3.253555
837 -4.021392 0.427761
1522 -0.347465 -3.697613
726 -0.336317 -2.768025
1499 -0.656470 -0.887298
1234 -1.026217 -0.063520
1939 -0.354179 -2.990603
119 -4.214422 0.458203
1487 -3.704011 0.327360
952 -4.175949 0.474450
2526 -0.338759 -3.616987
1843 -2.940136 0.205518
774 -0.282827 -4.035322
1438 -2.763152 0.103353
1829 -0.284473 -0.919891
1149 -0.556468 -0.989128
197 -1.964501 0.097789
2244 -4.026875 0.441404
980 -4.483876 0.581312
1770 -0.578307 -0.931542
2504 -0.376302 -2.391149
246 -2.399489 -0.052516
1162 -0.606295 -1.144728
1083 -0.325835 -4.245686
2260 -3.954044 0.447411
1527 -0.322735 -3.109508
1871 -3.160215 0.272859
1514 -0.368877 -2.287754
813 -2.261926 -0.007073
1952 -0.377715 -3.358721
2529 -0.263633 -0.606265
2369 -3.506334 0.346979
370 -1.316747 -0.429802
704 -0.650918 -0.881019
1025 -0.495956 -2.174407
1516 -0.329758 -2.923549
711 -0.444781 -2.391758
1496 -4.337378 0.538043
166 -2.806553 0.183545
607 -0.656807 -0.807128
1705 -1.263034 -0.335305
2376 -2.905428 0.219298
502 -4.554662 0.581967
1798 -0.347943 -4.146569
1878 -3.690706 0.334190
779 -0.463608 -0.401214
123 -1.463526 -0.260915
2170 -0.331464 -4.144943
1913 -0.339096 -4.522512
351 -2.392674 0.142583
1517 -0.314957 -3.113299
2616 -0.253596 -4.406024
348 -3.155674 0.295066
286 -0.587795 -1.351579
848 -0.784767 -0.577560
954 -3.781484 0.364477
1810 -0.415946 -4.163237
429 -0.370351 -4.736283
287 -0.604742 -1.341572
425 -0.370717 -4.790080
591 -3.881469 0.378304
2262 -3.688372 0.376307
1367 -2.622127 0.084283
1211 -0.589052 -1.101485
912 -1.702664 -0.207592
2471 -0.294603 -4.830508
2469 -0.287983 -4.580463
1174 -0.531218 -1.399424
767 -0.305884 -4.669591
600 -0.344312 -4.194183
111 -3.337463 0.247928
1054 -0.245434 -4.449844
298 -4.529805 0.501263
2477 -2.306265 -2.354673
416 -0.591037 -1.242616
57 -0.315086 -4.037560
640 -0.544139 -1.661498
1170 -0.436537 -3.155276
2555 -0.394692 -2.605335
2247 -3.908074 0.331923
998 -4.345571 0.511785
668 -0.400660 -3.417947
1257 -0.786705 -0.745335
1689 -0.319414 -3.864213
2413 -2.545794 0.091615
578 -0.438655 -1.797947
1363 -2.364717 0.047374
2451 -0.447877 -2.606316
2552 -0.313520 -4.524078
1708 -0.337582 -3.610109
2622 -1.354849 -0.243871
325 -1.145052 -0.425108
1582 -4.051487 0.438813
185 -0.446561 -3.153395
657 -0.737828 -0.922611
1768 -0.412874 -3.201639
1272 -4.417779 0.555250
750 -0.584438 -1.100174
953 -4.151209 0.526577
110 -3.097080 0.158375
722 -0.274381 -3.929229
2044 -0.645384 -1.230900
2463 -0.493524 -1.758024
1383 -2.681108 0.145506
1198 -2.311602 -0.065668
1094 -0.317789 -4.446820
1368 -2.768250 0.035621
214 -0.425191 -3.614912
152 -1.151977 -0.402000
737 -0.286389 -4.103701
37 -0.250652 -4.362068
1340 -0.329674 -4.036626
1156 -1.110618 -0.381969
2390 -1.741605 -0.112161
294 -4.047057 0.453231
389 -0.795198 -0.598327
1324 -3.933070 0.428878
1046 -0.357835 -2.762403
336 -4.402305 0.487233
2339 -1.998859 -0.071423
154 -1.114620 -0.460518
2604 -0.270664 -4.074088
446 -0.915543 -0.521964
88 -0.433281 -2.750279
577 -0.271592 -4.090270
1780 -0.349663 -4.314066
2337 -3.078948 0.079212
347 -0.659196 -1.113134
1289 -4.273635 0.516838
151 -0.407348 -2.489462
1078 -0.283728 -4.354467
2481 -4.465486 0.593278
839 -2.778169 0.248719
703 -1.189947 -0.298817
573 -1.398908 -0.260339
625 -1.545101 -0.288009
470 -0.253457 -4.130068
617 -0.393610 -3.804468
566 -0.625705 -0.807731
394 -1.226992 -0.451447
899 -2.751880 0.146851
721 -1.839634 -0.166992
1750 -0.510148 -1.865907
660 -0.571840 -1.580446
702 -1.264653 -0.346039
465 -0.415322 -3.292861
1745 -0.283535 -3.826908
385 -1.837777 -0.208249
994 -0.345741 -3.578482
235 -1.389805 -0.309661
2626 -0.465658 -2.159089
2647 -0.379689 -3.139794
1566 -1.531717 -0.263168
2271 -2.174923 0.065719
253 -1.104698 -0.589961
709 -3.971128 0.384405
2336 -2.592114 -0.069739
1640 -1.763425 -0.071036
1377 -1.281477 -0.367543
2082 -4.333045 0.534431
562 -0.466186 -2.347222
624 -0.722388 -0.976814
2107 -4.442323 0.596062
646 -1.431464 -0.337906
291 -0.639001 -1.063872
1190 -0.410895 -2.384033
1014 -1.518565 -0.390164
605 -0.322390 -4.622581
1263 -3.687903 0.430271
1403 -1.606166 -0.215918
2402 -2.796646 0.186722
627 -0.496141 -2.890442
161 -3.590487 0.397974
1461 -0.433067 -1.786092
2497 -0.448902 -2.385370
1634 -0.721886 -0.919703
100 -3.101328 0.157453
398 -0.831300 -0.606171
1966 -1.883368 -0.148682
1151 -0.987880 -0.513290
2240 -3.943576 0.335255
1986 -0.344717 -3.526344
436 -0.345139 -3.825316
147 -1.305243 -0.306250
2533 -0.255030 -4.485827
1116 -0.348741 -3.765288
892 -3.142602 0.215284
2077 -4.022730 0.444192
1601 -0.314047 -3.192482
842 -2.900960 0.192301
1208 -0.622830 -1.082885
947 -1.289920 -0.278375
725 -0.271623 -3.311620
1385 -3.071493 0.208574
1488 -0.796043 -0.875594
1023 -1.999758 -0.042538
1253 -0.551891 -1.531228
543 -0.932703 -0.620415
2225 -2.314120 0.092334
1319 -3.681052 0.428570
891 -1.833847 -0.184434
408 -2.297589 0.007295
1953 -1.624618 -0.001483
692 -0.600848 -1.991510
2249 -4.498469 0.534473
1569 -0.943499 -0.626642
1722 -3.153371 0.377919
2374 -1.449446 -0.220712
666 -0.443047 -2.013983
1710 -0.420647 -1.708592
689 -0.392611 -3.327982
1028 -0.539326 -1.444602
2584 -0.249431 -4.454247
2005 -2.221789 0.002790
1658 -3.045956 0.229439
2489 -0.347593 -2.710121
2401 -3.954046 0.475306
449 -2.247429 -0.006645
103 -1.885879 -0.140640
378 -3.999614 0.480964
396 -1.163696 -0.485337
431 -1.791420 -0.139091
1009 -0.387211 -2.597321
2140 -0.200285 -4.477283
1652 -1.816431 -0.076779
342 -1.236295 -0.356370
1558 -4.134602 0.503532
757 -0.270976 -4.306909
2632 -0.386049 -3.234998
441 -1.022516 -0.450292
2070 -4.035573 0.437467
2052 -0.849998 -0.535556
302 -1.147766 -0.539179
943 -2.436115 0.127610
83 -0.265302 -4.295587
1749 -3.541832 0.228973
2360 -1.096461 -0.572651
670 -0.705775 -0.892695
1251 -0.757049 -0.736986
2255 -2.131760 0.210553
2388 -3.527701 0.366783
1278 -4.121598 0.499324
1433 -1.777571 -0.196620
1709 -0.865270 -0.646854
2410 -2.801542 0.237395
1033 -0.363242 -2.279249
1449 -2.165744 -0.093654
1456 -1.681929 -0.236217
1870 -1.267956 -0.294412
654 -0.347859 -3.466994
1376 -2.607414 0.114732
461 -0.253856 -3.336983
2473 -0.774440 -0.830622
413 -0.868364 -0.683821
1834 -4.256239 0.595434
838 -2.834569 0.205297
508 -3.179758 0.308821
1004 -0.759318 -0.854281
101 -3.229891 0.188577
520 -0.940869 -0.864744
1963 -0.413014 -2.324811
97 -2.429302 0.036010
2279 -2.806687 0.218560
1604 -2.460030 0.136373
1061 -0.286832 -4.165443
1575 -1.126420 -0.501192
179 -0.764439 -0.848635
804 -1.456893 -0.163723
2187 -0.305881 -2.581337
1077 -0.289965 -4.228678
1667 -4.088793 0.503096
322 -0.649847 -0.971435
602 -0.347408 -3.706232
374 -1.041430 -0.501536
281 -0.875610 -0.825992
2405 -3.614820 0.426795
2400 -3.240878 0.288258
1171 -0.335404 -3.590810
2434 -1.121554 -0.459414
1701 -0.483087 -1.383497
628 -0.388008 -2.506617
835 -3.964052 0.512996
2579 -0.315030 -2.855820
550 -0.546676 -1.453363
1219 -0.718543 -0.864439
2139 -0.602997 -1.424013
1507 -0.999918 -0.474677
2274 -2.816683 0.137356
664 -0.355009 -3.357870
898 -2.635071 0.193386
2245 -2.716772 0.223152
1140 -0.441621 -2.566412
995 -4.148323 0.512892
469 -2.128309 -0.096354
1519 -0.328065 -3.163760
1714 -0.615885 -1.395045
1065 -0.276011 -3.512884
2436 -0.450266 -2.208283
2222 -0.328304 -3.156038
1048 -0.301783 -2.653909
1264 -0.973170 -0.602242
2153 -0.514821 -1.253243
1330 -0.873772 -0.633601
1786 -0.303122 -4.342214
620 -3.839955 0.413664
296 -1.756129 -0.134443
639 -0.491215 -0.949461
174 -3.931501 0.500414
2435 -0.461166 -2.223821
433 -0.310498 -4.285796
1902 -3.698448 0.374513
478 -3.936414 0.490755
1900 -2.635115 0.185119
315 -0.638946 -1.200150
2640 -0.280024 -4.355986
2530 -0.226876 -2.661229
2558 -2.859544 0.250962
1876 -4.030769 0.487294
1029 -0.646437 -1.748771
1776 -0.657892 -0.934816
2370 -2.997502 0.277733
314 -2.712188 0.117070
450 -2.650636 0.164518
1775 -0.508765 -1.665558
1807 -0.981423 -0.541307
2150 -0.444021 -1.727940
2108 -0.704071 -0.905875
959 -3.834081 0.459080
2429 -0.750607 -0.847713
715 -0.634442 -0.931087
1754 -0.507009 -1.749792
777 -0.228409 -3.908344
1463 -0.439504 -2.065190
458 -0.309016 -3.303462
165 -1.715002 -0.054627
780 -0.247723 -3.602690
350 -2.452287 0.120349
1038 -0.387576 -2.071307
332 -3.767112 0.470188
503 -4.061958 0.519156
585 -0.354782 -3.274076
2095 -4.082939 0.532239
831 -3.903479 0.504327
2627 -0.630066 -1.165469
989 -3.621384 0.451177
143 -2.505481 0.148506
2403 -3.759156 0.424992
2606 -0.219628 -4.255793
1930 -0.428813 -2.321992
1883 -3.647623 0.401130
193 -1.469704 -0.286653
