2556 2
1542 -0.077215 0.928581
1773 -0.188959 1.016239
1697 0.289344 1.339401
1770 -0.178691 1.047031
1675 0.377248 1.371070
1695 0.405561 1.426723
1736 0.038629 1.167078
1674 0.610894 1.584772
1690 -0.022439 1.111427
1673 0.605310 1.554903
1721 0.117773 1.228833
1752 0.148269 1.211742
1742 -0.016703 1.107275
1771 -0.176782 1.001399
1768 -0.151233 1.057726
1734 0.002371 1.157758
1765 -0.147835 1.056974
1779 -0.454668 0.956994
1719 0.262900 1.313761
1691 0.045814 1.160578
1705 0.523648 1.514399
1751 0.025966 1.152154
1764 -0.156444 1.067904
1737 0.104972 1.207009
1700 0.159627 1.182013
1772 -0.223857 0.974797
1754 0.301273 1.364300
1716 0.100429 1.187182
1704 0.498486 1.462779
2619 2.001009 3.204756
1341 -3.000173 1.419216
1718 0.310579 1.333570
1753 0.337687 1.358530
230 -1.214814 0.894419
1735 0.009123 1.156858
1669 0.363505 1.252455
1740 -0.196124 1.012933
1713 0.197397 1.256388
1696 0.290348 1.341205
312 -0.986974 0.936855
1731 0.080773 1.184768
1606 0.546651 1.526054
1340 -3.084624 1.453908
1701 0.377501 1.389503
1399 -4.389719 1.996527
1085 -1.019763 0.889393
2140 -2.032096 1.119863
1349 -2.248481 1.144593
1665 0.606333 1.522691
1755 0.347565 1.371211
1273 -4.283023 1.941410
983 -0.554975 0.903151
1727 0.078876 1.185395
1756 0.087218 1.171780
236 -0.762999 0.852978
1677 0.095066 1.150252
671 -0.293520 0.990384
2097 2.028057 3.323236
1739 -0.266382 0.999320
1694 0.299706 1.342493
1664 0.512848 1.425389
1746 -0.185989 1.033793
1315 -2.023309 1.069098
1761 0.049522 1.148613
1672 0.523067 1.533461
289 -0.405034 0.948886
1780 -0.457673 0.970751
1461 1.474057 2.460961
798 0.698466 1.628437
1131 -1.511382 0.957899
1668 0.562204 1.515492
2463 -0.745539 0.853768
537 -0.620704 0.924061
2171 -1.998966 1.127579
1261 -2.473804 1.220654
1471 0.355441 1.189165
1688 0.127904 1.220576
290 -0.626906 0.924727
2027 0.794917 1.744181
2424 -0.689264 0.758155
2095 1.632622 2.770164
2526 0.990423 1.940291
1723 0.111853 1.229308
2161 -2.136602 1.148211
669 -0.240252 0.927239
1265 -2.624310 1.268496
1260 -2.782193 1.386725
1733 0.072133 1.172112
1314 -2.165846 1.088095
434 -2.567678 1.270611
1962 0.062825 1.077266
941 -0.535307 0.862934
975 -0.369201 0.964327
974 -0.312217 0.934592
1528 1.917674 3.114781
1129 -1.164234 0.881065
1103 -0.660990 0.911955
1706 0.520466 1.463011
1769 -0.109564 1.092750
364 -0.465903 0.963598
2129 0.411365 1.275147
1837 -1.223099 0.880737
1843 -1.433420 0.954689
1535 0.705360 1.593148
1353 -4.288640 1.961683
962 -0.564955 0.910255
2200 -1.495721 0.988433
1132 -1.803079 1.054156
188 -0.999158 0.910665
226 -0.961937 0.871714
2221 -1.837045 1.058549
2109 0.423667 1.346685
1359 -3.715124 1.708887
1666 0.563256 1.508680
460 -4.031792 1.859033
1494 1.802374 2.958304
74 -0.265863 0.955097
448 -3.663475 1.704884
937 -0.762518 0.899840
1426 1.266088 2.198428
1708 0.063845 1.142695
1128 -0.951062 0.879933
824 0.438187 1.383092
1715 0.216270 1.267795
2307 1.610561 2.611570
1125 -1.154733 0.892305
518 -0.364549 0.934509
61 0.068654 1.136607
1687 0.039169 1.154800
1090 -0.516582 0.955621
497 -1.224771 0.908825
1732 0.092080 1.199204
1098 -0.500801 0.888172
1342 -3.398592 1.576493
879 -0.378301 0.885462
1397 -3.826723 1.751143
1401 -4.150545 1.888795
795 0.945196 1.896217
1400 -4.654063 2.132766
1711 0.326603 1.321069
1934 0.104367 0.993863
1707 0.400011 1.363976
810 -0.353145 0.915538
1590 -0.164442 0.984905
1657 -0.135214 1.008510
1583 0.594040 1.514905
2118 0.479647 1.420155
2387 -0.313195 0.958168
464 -2.936019 1.374455
1175 -2.276083 1.163225
177 -1.051966 0.933308
1640 -0.184625 0.978366
987 -0.578561 0.886004
2279 0.939158 1.818004
1725 0.057902 1.159994
655 -0.539041 0.922238
1380 -2.822873 1.356126
1826 -1.677178 1.011072
311 -1.040404 0.924455
412 -1.775883 1.010879
2201 -1.630608 1.000945
1951 0.218933 1.171149
837 0.791317 1.656167
71 -0.090301 1.063537
366 -0.337289 0.974554
877 -0.408831 0.946777
30 0.031797 1.109733
1027 -0.995936 0.870246
1836 -0.825353 0.903691
942 -0.713719 0.895988
1448 1.418064 2.383691
1084 -0.844709 0.899212
506 -0.880061 0.915579
129 -0.284653 0.993914
266 -0.513023 0.929650
174 -0.804127 0.919918
1130 -1.308149 0.936536
2393 -0.133092 1.030318
750 1.103696 2.060770
316 -0.725233 0.905034
1464 1.318003 2.241308
160 -1.375892 0.950626
1523 1.817528 3.006309
1639 -0.134925 1.016201
90 0.094568 1.122264
403 -2.914573 1.414162
1763 -0.243606 0.992580
2073 1.519011 2.564572
501 -0.445961 0.917343
1108 -0.757097 0.902195
1531 1.507582 2.569811
274 -0.427985 0.889462
1619 0.634326 1.579803
656 -0.427058 0.939735
1187 -1.286414 0.877556
1101 -0.740987 0.925365
1744 0.032206 1.139551
168 -0.681971 0.908484
1460 1.298409 2.279695
365 -0.325652 0.949256
1267 -3.710179 1.691221
2206 -1.594880 1.015127
1463 1.618021 2.684564
360 -0.780200 0.943037
2003 0.642722 1.592729
2468 -0.215977 0.957439
268 -0.248028 1.010603
2096 1.774735 2.908673
1692 -0.005831 1.119994
1925 0.836587 1.695930
186 -0.634185 0.828167
976 -0.192936 1.005460
2565 0.176000 1.112021
138 -0.371662 0.953321
2156 -1.689798 1.017453
1747 -0.262235 0.983305
42 0.155793 1.217127
818 0.372217 1.302055
2098 1.992705 3.274315
2145 -2.000106 1.108160
943 -0.714171 0.895156
657 -0.436522 0.916241
1600 0.017054 1.100255
1536 0.556936 1.435895
2396 0.180717 1.123732
1281 -1.397878 0.841907
1775 -0.065595 1.107223
1169 -2.461129 1.234075
438 -2.619267 1.302565
1702 0.478132 1.491916
2410 0.352302 1.299708
292 -0.781709 0.902368
1607 0.345426 1.327774
2209 -2.383915 1.239568
29 0.245760 1.263962
1757 0.043877 1.143667
688 -0.130957 0.975963
1122 -0.945319 0.879243
2353 -0.001443 1.080745
171 -0.944053 0.903159
1729 0.093094 1.215806
1933 0.208681 1.075415
749 1.003937 1.928516
1468 0.993425 1.855867
2106 -0.125137 0.884312
1330 -2.996704 1.459632
2218 -1.789744 1.070123
1503 2.000901 3.269224
1738 -0.023387 1.109434
1693 0.096785 1.158045
961 -0.535272 0.907170
299 -0.801847 0.920782
829 0.865272 1.760913
664 -1.093724 0.900617
116 -0.307351 0.979063
1029 -0.417478 0.929793
1651 -0.021838 1.126555
1611 0.595711 1.494372
2386 -0.222675 0.955922
72 -0.347285 0.954483
1617 -0.157606 0.986971
2502 0.593370 1.502697
1698 0.332276 1.339243
302 -1.069266 0.936672
356 -0.810274 0.933204
2613 1.874817 2.995549
1206 -2.915548 1.384148
1383 -4.163657 1.904333
1392 -2.465334 1.241579
2392 -0.011631 1.090233
1671 0.629333 1.555638
2157 -1.955488 1.081884
2452 -1.444214 0.912818
1476 1.642853 2.707483
73 -0.381082 0.922331
965 -0.741080 0.918944
1724 -0.085333 1.075412
1311 -3.070188 1.447989
1282 -2.007859 1.049191
1596 0.410226 1.383283
641 -1.008398 0.886701
435 -3.216235 1.528467
2094 1.828207 2.988239
1926 0.463141 1.273208
2021 0.595455 1.507578
1343 -2.761702 1.364607
120 -0.323093 0.964611
1758 -0.045251 1.059442
455 -3.831981 1.758685
663 -1.297310 0.905962
1096 -0.665857 0.896548
291 -0.876531 0.935847
2282 1.847953 3.037086
2592 2.335610 3.667192
477 -1.002641 0.857280
667 -0.380366 0.946826
1266 -2.984550 1.407570
1477 2.331632 3.728098
675 -0.032867 1.006117
58 -0.147487 1.019710
1728 0.170320 1.271581
1074 -0.072069 1.070004
437 -3.318265 1.527078
1582 0.359072 1.296093
1712 0.392828 1.369299
1262 -3.210202 1.506252
267 -0.477664 0.958659
2478 -0.653218 0.899261
1830 -1.680901 1.020637
1484 1.134688 2.075312
227 -0.360112 0.914843
1834 -1.010323 0.877401
1331 -3.045371 1.470972
580 -0.035468 1.047941
992 -0.496800 0.918266
1497 1.558575 2.587922
1310 -3.619537 1.646662
2364 0.925302 1.767142
936 -0.673376 0.876258
57 -0.164898 1.009333
748 1.367396 2.375590
2011 0.624879 1.494888
1633 0.070363 1.099363
422 -3.092998 1.473608
1355 -3.714050 1.682973
620 -0.688607 0.873595
1571 -0.005003 1.067209
313 -0.857331 0.920114
1378 -4.279691 1.959750
241 -0.451811 0.943671
1760 0.015929 1.142199
1601 0.058483 1.116706
2299 1.363768 2.356238
1356 -3.089736 1.460535
1781 -0.462368 0.953865
156 -0.680711 0.944509
2139 -2.018424 1.118328
1649 -0.021507 1.073813
2395 0.143969 1.100546
1258 -3.915179 1.781750
350 -0.810637 0.952462
1489 0.297549 1.206566
77 -0.706023 0.908046
124 -0.642623 0.929896
1774 -0.253762 1.017589
1324 -2.882683 1.396197
1971 0.648154 1.605309
2527 0.966153 1.877133
341 -1.280785 0.957227
1978 0.991134 1.838465
1927 0.600087 1.512235
2226 -1.410621 0.985595
2142 -1.826291 1.062405
1469 0.535390 1.406856
2263 0.522257 1.406577
533 -0.483591 0.908654
1234 -4.060160 1.844054
2412 0.509641 1.451169
1200 -2.223694 1.159482
1534 1.324198 2.311401
465 -2.773891 1.359053
1839 -2.167716 1.155620
797 0.574262 1.526889
973 -0.177251 1.018267
1239 -1.787649 0.996941
463 -3.825241 1.777728
1493 1.360023 2.326230
2398 0.525192 1.403520
2010 0.723013 1.650352
2090 1.863167 3.068568
1486 0.581992 1.443251
1428 1.142234 2.044064
1387 -3.506584 1.654404
68 0.042078 1.135325
757 0.979120 1.921014
584 0.342168 1.254941
269 -0.423032 0.887596
1928 0.435948 1.327741
1676 0.402604 1.417879
508 -0.628969 0.885088
1641 -0.486640 0.862048
359 -0.633685 0.939786
964 -0.551670 0.923077
1898 -2.044929 1.086397
338 -0.918970 0.863664
1961 -0.064694 1.086202
2296 2.105078 3.379225
2053 1.490406 2.515729
880 -0.474586 0.926504
133 -0.191785 0.992675
343 -0.484699 0.885520
1348 -2.987931 1.443269
1653 0.166331 1.187210
369 -0.669174 0.941504
1124 -1.161058 0.861618
503 -0.850277 0.911524
1270 -4.544508 2.074558
1335 -4.065305 1.871870
1259 -3.792226 1.738265
2047 1.703786 2.853360
1605 0.444140 1.434146
1604 0.268755 1.276747
2190 -1.933079 1.096870
903 -0.726771 0.906984
229 -0.623628 0.888212
2119 0.324055 1.298910
2074 1.933284 3.140120
1363 -3.491935 1.610930
673 0.279391 1.208699
1257 -4.063324 1.838382
2640 2.050382 3.288249
1986 0.737557 1.679542
189 -1.411374 0.978221
1634 0.029102 1.097661
1964 0.338550 1.278066
2100 1.941911 3.170244
647 -0.539093 0.912276
2475 -0.389508 0.901286
1710 0.099161 1.186190
2203 -1.863496 1.067225
1943 0.971626 1.905503
2368 -0.220146 0.957724
899 -0.728702 0.898544
459 -4.087547 1.867558
626 -0.505403 0.895376
1714 0.191396 1.253335
1614 -0.272368 0.912484
642 -1.133381 0.908759
1492 1.474871 2.434994
1854 -1.862300 1.074735
830 0.694348 1.567870
838 0.778874 1.712731
2595 2.481722 3.896598
1088 -0.640245 0.902426
1120 -0.533433 0.918299
354 -0.656963 0.948800
1189 -2.379091 1.232174
1618 0.241993 1.213141
2313 1.663604 2.762041
1395 -3.467278 1.603228
2165 -0.512862 0.859302
449 -3.621507 1.651138
81 -0.523999 0.929227
1646 -0.030204 1.110243
43 0.090930 1.172301
65 0.164723 1.228495
968 -0.684546 0.897830
1148 -1.807352 1.040745
1071 -0.226305 0.960684
1381 -3.680840 1.695003
1973 0.658782 1.634268
64 0.092257 1.177513
751 1.247224 2.241309
80 -0.473324 0.934202
2148 -2.040463 1.129007
605 -0.217793 1.001093
2024 0.327318 1.288734
606 -0.488432 0.917654
1873 -1.760363 1.017101
321 -1.109803 0.960537
262 -0.609899 0.920668
1993 0.694406 1.657308
915 -0.493795 0.929843
1831 -1.848022 1.057615
16 0.198342 1.244272
2117 0.612011 1.552357
2007 0.580839 1.519897
462 -4.134731 1.901384
516 -0.892532 0.889079
206 -0.480188 0.899160
1076 0.043621 1.117921
1361 -3.246121 1.507412
2304 1.649822 2.727165
1149 -1.897301 1.072638
300 -0.881450 0.936072
1248 -2.752724 1.323381
536 -0.489462 0.928124
470 -1.935335 1.020774
523 -0.659174 0.892981
1722 0.195664 1.276009
1789 -0.943232 0.883727
1893 -2.250110 1.150852
955 -0.770740 0.908576
410 -2.360164 1.208766
1366 -4.105095 1.880745
914 -0.477521 0.931476
1935 -0.135694 0.820731
761 0.154269 1.198552
335 -1.696252 1.003840
1506 2.465944 3.946703
1018 -0.928773 0.883983
1325 -2.658396 1.290973
1462 1.883652 3.077438
847 0.174089 1.155717
1451 1.654626 2.715288
1347 -2.947232 1.389028
346 -0.874719 0.893949
1616 -0.604973 0.918556
1083 -0.965775 0.897786
1037 -0.736779 0.892664
2280 1.052204 1.983834
1886 -2.029519 1.120759
328 -1.189278 0.958897
1354 -3.699052 1.697130
250 -0.879880 0.863163
1945 0.967553 1.907039
1518 1.783013 2.901758
1510 1.815022 2.956672
2260 -0.223393 0.939232
2306 1.639593 2.693510
512 -0.792540 0.897182
2162 -2.086346 1.116215
2465 -0.126626 0.935900
1201 -2.473087 1.213528
694 -0.416388 0.927771
835 0.479434 1.380920
636 -0.729912 0.869392
303 -1.341384 0.956410
759 0.989683 1.965637
157 -0.677957 0.910312
1421 1.873999 3.036059
108 -0.050789 1.087070
678 0.259521 1.207842
666 -0.980301 0.873835
948 -0.535160 0.922280
2493 -0.668991 0.773305
345 -0.671145 0.922742
644 -1.251213 0.907297
989 -0.221495 0.996475
1568 0.516861 1.443400
246 -0.784494 0.862050
1585 0.620022 1.549643
521 -0.146445 0.981692
1075 0.013871 1.091568
33 -0.313270 0.961418
1884 -2.219866 1.153224
2208 -1.410369 0.979871
502 -0.449088 0.932369
1832 -1.433612 0.954507
208 -0.554600 0.896680
1102 -0.613151 0.898076
2169 -1.309846 0.933341
724 1.114522 2.046346
1271 -4.031300 1.849873
1328 -2.257331 1.149599
2447 -0.887750 0.879325
1524 1.244804 2.200656
430 -2.437911 1.225148
445 -3.774658 1.719404
469 -1.578860 0.928277
2159 -2.365842 1.242914
1766 -0.178601 1.021552
2083 1.944956 3.187466
1589 -0.142342 1.021165
1564 0.371402 1.320573
2457 -0.260447 0.826418
803 0.449133 1.365576
995 -0.663884 0.872591
2597 2.497376 3.940847
513 -0.898870 0.929304
314 -1.015075 0.926363
1123 -1.115088 0.890580
1231 -2.885953 1.389481
24 0.259948 1.257603
322 -1.140475 0.986860
2257 0.325344 1.283360
151 -0.585607 0.864496
1791 -0.883847 0.886426
2067 0.119190 1.046684
1117 -1.015615 0.899364
921 -0.783377 0.910206
196 -1.180309 0.906872
1475 1.713748 2.812462
1382 -4.248861 1.935195
616 -0.977497 0.882861
1312 -2.721440 1.301207
1077 0.114844 1.155429
127 -0.540147 0.948515
1513 2.080505 3.349524
2301 1.677716 2.800936
814 0.060975 0.994255
1024 -1.312390 0.881307
2322 1.529300 2.618859
1218 -2.587475 1.258416
2103 0.795318 1.702382
1242 -3.479152 1.626945
2339 0.039320 1.093956
788 0.348510 1.296840
62 0.123321 1.151882
1351 -3.260144 1.514759
745 1.161369 2.125794
2110 0.422394 1.364102
2471 -0.126442 0.955164
826 0.730419 1.639606
2111 0.350637 1.294250
2365 0.890549 1.639363
1970 0.178602 1.127810
610 -0.654560 0.880789
2231 -1.519774 0.988423
1593 -0.046116 1.049920
320 -1.002520 0.937297
125 -0.624988 0.938848
115 -0.388899 0.966754
1572 0.389664 1.383551
408 -0.828911 0.814675
2456 -0.710577 0.852093
1559 0.381210 1.317365
1089 -1.040975 0.882416
355 -0.715610 0.900540
2052 1.851586 3.054156
2197 -1.864433 1.097726
2222 -1.301699 0.935324
1726 0.072556 1.173568
2630 2.414271 3.785671
1079 -0.573256 0.928862
1454 2.289343 3.608659
137 -0.294268 0.990164
681 -0.625213 0.892168
1804 -0.591462 0.861518
1868 -2.197434 1.159343
1995 0.787574 1.756473
2476 -0.275676 0.924276
386 -1.434273 0.946465
2089 1.609396 2.689395
2020 0.532534 1.434120
1741 0.118386 1.149468
1759 -0.091652 1.068734
2635 2.594448 4.059963
1507 2.003245 3.205525
1629 0.737106 1.692189
2214 -2.052873 1.124978
2389 -0.061489 1.039944
2638 1.862400 2.982368
1344 -3.112009 1.481726
604 -0.458543 0.944510
480 -0.857560 0.916578
1532 1.543733 2.603667
2004 0.456523 1.357627
293 -0.691566 0.874117
1420 1.767810 2.912207
2609 2.466201 3.922510
1514 1.828664 2.993602
2415 0.629165 1.520761
905 -0.705982 0.919492
2492 -0.742344 0.845334
2124 0.315810 1.278126
1998 0.498358 1.430814
2212 -2.240097 1.151653
63 0.016395 1.123014
1326 -2.388002 1.224868
2077 1.974002 3.203014
2450 -0.176171 0.906648
255 -1.076820 0.895573
2423 -0.323266 0.810794
2378 -0.175105 1.004323
2177 -2.031341 1.116110
1667 0.591325 1.502946
1367 -3.312270 1.531142
1224 -2.425222 1.225780
1525 0.607981 1.388704
511 -0.922592 0.882195
637 -0.861173 0.904952
1643 -0.346348 0.960471
1147 -1.094942 0.890388
169 -0.822126 0.916422
429 -2.067655 1.108525
69 0.125721 1.233364
2480 -1.030952 0.859621
1515 1.541103 2.614829
163 -1.420570 0.968961
136 -0.324569 0.979867
658 -0.233093 0.917437
1297 -1.980267 1.040230
2449 -0.490123 0.880379
2437 -1.011039 0.887982
2394 -0.227555 0.927903
1938 0.280522 1.285215
2599 2.542277 4.053638
1656 -0.376778 0.898538
2144 -1.827081 1.055802
1855 -2.069242 1.112465
21 0.413817 1.352777
1748 -0.137759 1.019598
2042 0.786255 1.689902
932 -0.712411 0.890446
1138 -1.492128 0.970959
15 0.132120 1.191545
1309 -3.429797 1.597175
2175 -2.090919 1.154356
1051 -0.584208 0.864242
2120 0.460040 1.410204
577 0.457701 1.412621
1150 -1.691419 1.011961
319 -0.831195 0.915632
306 -1.032811 0.939630
1374 -3.879280 1.790960
150 -0.582688 0.896436
432 -1.086459 0.843070
1856 -2.043863 1.089691
2292 2.036623 3.287798
2104 0.322352 1.215244
878 -0.503944 0.923117
1447 1.451828 2.486263
1545 0.475987 1.393313
2204 -1.831643 1.052897
1504 2.411659 3.886524
1263 -3.923560 1.799818
264 -0.377648 0.970480
97 -0.056729 1.040483
378 -0.719911 0.896664
1055 -0.751915 0.889722
716 1.027731 1.929753
1470 0.263253 1.176383
1167 -2.534399 1.253063
1994 0.801309 1.722012
1379 -3.272010 1.558229
1952 0.636751 1.545394
1939 0.199350 1.125429
190 -1.420500 0.977680
2290 1.906555 3.100947
1965 0.178539 1.174747
1417 1.854285 3.015368
816 0.340779 1.288482
2072 0.290741 1.122607
2267 0.548179 1.438291
2264 0.115404 1.129050
2371 -0.139625 1.004494
152 -0.734436 0.883062
583 0.266671 1.206367
1627 0.598800 1.550782
2300 1.728271 2.848318
1778 -0.387816 0.986863
1495 2.144766 3.485969
1699 0.230281 1.287544
1703 0.568959 1.545885
1689 -0.037725 1.109606
796 0.645642 1.559623
799 0.765710 1.705886
191 -1.601604 0.993269
2160 -2.231988 1.192749
2440 -1.627338 1.000768
1991 0.699762 1.648800
1386 -4.147844 1.889608
2466 -0.604365 0.869046
1391 -2.165089 1.137646
1243 -2.851650 1.339670
352 -0.213537 0.981825
271 -0.686943 0.830356
1143 -2.348624 1.205410
159 -0.989121 0.915805
812 -0.068813 1.030931
2454 -0.820538 0.802444
140 -0.478072 0.961433
2411 0.687781 1.612405
792 0.942397 1.843635
1584 0.527249 1.481450
218 -0.254032 0.934247
1488 0.659366 1.528624
2596 2.578330 4.041915
777 0.736325 1.683555
2641 2.604357 4.111378
2176 -1.772369 1.068271
665 -1.081162 0.921535
984 0.050542 1.007362
1960 -0.144884 1.057155
202 -0.622779 0.932724
1686 0.001235 1.106153
2646 2.566337 4.033734
2005 0.782196 1.730610
1188 -1.602222 0.998754
870 -0.724161 0.878446
897 -0.766700 0.873110
898 -0.783123 0.910351
1817 -0.655815 0.860087
1313 -3.155474 1.480333
1097 -0.421701 0.909332
736 0.772315 1.697013
1749 -0.022462 1.096755
939 -0.502662 0.931385
75 -0.725118 0.887342
2639 1.897161 3.021306
1070 -0.223288 0.969777
2438 -0.877823 0.841808
6 0.264915 1.260329
38 -0.100682 1.051201
261 -0.584291 0.939425
2470 0.135642 1.107574
2312 1.705197 2.827888
275 -0.064930 1.015251
431 -1.380273 0.890553
2611 2.290872 3.663916
691 -0.576197 0.940684
2012 0.624665 1.496581
425 -3.018884 1.434927
1202 -2.964608 1.390127
2242 0.153660 1.135502
735 0.746703 1.699678
1762 -0.053384 1.083122
2413 0.464131 1.436803
649 -1.425632 0.914366
337 -1.061454 0.887537
130 -0.501642 0.958449
324 -0.863994 0.916351
2461 -0.826193 0.881291
825 0.239393 1.204843
1483 1.839415 3.016510
2379 -0.505113 0.908738
2125 0.671475 1.581253
1081 -0.789008 0.908895
2460 -0.755162 0.868956
40 -0.098370 1.046871
1997 0.403254 1.341929
2451 -0.429093 0.801571
1937 0.249304 1.263982
802 0.467999 1.406333
281 -0.689806 0.894740
773 0.516683 1.443414
1402 -3.469273 1.598257
1404 -3.023165 1.422779
2409 0.577375 1.502049
811 -0.089694 1.004719
2146 -2.151448 1.155581
1106 -0.203976 1.012311
2381 -0.397885 0.914934
872 -0.448243 0.926972
1329 -2.494887 1.229646
2123 0.408438 1.357399
514 -1.033420 0.953761
2385 -0.107463 1.023242
277 -0.218009 0.960890
515 -0.720866 0.907297
2163 -1.869779 1.091075
276 -0.106199 1.034371
231 -1.184903 0.885478
1105 -0.290392 0.978847
123 -0.503545 0.926776
2091 1.853503 3.038338
2023 0.487439 1.421717
357 -0.924998 0.922301
2080 1.938624 3.199551
1136 -1.788497 1.080895
1588 0.405395 1.352757
739 1.039891 2.010824
2441 -1.450436 0.970093
242 -0.441856 0.953116
804 0.386442 1.345152
1238 -2.125042 1.110315
2608 2.323312 3.659936
1433 0.222359 1.055734
727 0.408237 1.285048
2040 1.012320 1.922779
235 -0.761149 0.859417
505 -0.932486 0.940343
2406 0.131033 1.133211
592 -0.234476 1.006757
522 -0.749467 0.921938
1838 -1.366163 0.897389
447 -3.478767 1.620925
282 -0.551089 0.899930
762 0.487595 1.439767
36 -0.317738 0.906957
93 -0.092015 1.071044
525 -0.658368 0.923086
1073 -0.021119 1.072911
674 -0.019960 0.944017
131 -0.436243 0.949501
1655 -0.177055 0.956829
526 -0.739592 0.927985
1916 0.548272 1.332438
2402 0.440181 1.407702
2323 1.401640 2.419347
315 -0.942608 0.904952
1337 -3.714792 1.719777
500 -0.854216 0.936679
2390 -0.042450 1.080431
2540 0.485120 1.312679
2026 0.224847 1.207220
2294 2.060955 3.339746
2444 -0.729549 0.889093
1530 1.740668 2.901900
1842 -1.309192 0.917778
2001 0.370166 1.347130
1144 -2.672156 1.300811
895 -1.139430 0.932604
2645 2.494737 3.944003
1615 -0.735416 0.904855
2314 1.951820 3.165747
433 -1.378192 0.909138
2612 2.157405 3.418327
2000 0.461872 1.397222
339 -0.893675 0.900847
528 -0.703302 0.947653
1963 0.520775 1.453683
2352 0.117694 1.129701
2610 2.433845 3.854599
746 1.396432 2.401294
332 -2.370519 1.159461
1429 0.109446 1.078576
351 -0.568418 0.930976
1398 -3.433210 1.596305
1529 1.847407 3.035432
1984 0.530438 1.454225
25 0.271272 1.261817
1407 -4.166702 1.908541
1352 -4.096957 1.884452
2259 0.070164 1.108108
1100 -0.912422 0.882660
1087 -0.341007 0.932800
330 -2.181208 1.122587
279 -0.406867 0.964644
107 0.028718 1.105302
1620 0.854176 1.759246
2220 -2.082127 1.145147
305 -1.092896 0.942541
988 -0.477450 0.926344
770 0.712873 1.634567
969 -0.769358 0.876889
959 -0.447282 0.915479
1642 -0.223197 0.961499
2198 -1.868686 1.105701
994 -0.862258 0.882008
461 -3.827507 1.761990
1867 -2.299073 1.210503
1670 0.558208 1.470620
1652 -0.085881 1.055890
415 -2.677687 1.298213
10 0.313628 1.268870
195 -1.121762 0.915812
1896 -2.040954 1.072671
122 -0.384480 0.966136
2045 1.944086 3.179976
420 -2.412718 1.198534
2536 0.260793 1.220885
519 -0.383617 0.902595
446 -3.678940 1.699214
603 0.062420 1.020797
481 -0.858729 0.901787
2372 -0.306560 0.964423
2355 0.132266 1.136107
2538 0.223784 1.198401
1950 0.202631 1.194805
1829 -1.844542 1.049446
28 0.401970 1.350102
2366 0.470205 1.319064
2349 0.455996 1.340340
1177 -2.646321 1.313797
2532 0.328849 1.285087
1318 -2.977870 1.418423
530 -0.602465 0.936899
817 0.341226 1.317770
621 -0.698721 0.829825
2553 -0.023501 1.004744
1537 1.196015 2.153355
304 -1.109693 0.930866
1241 -2.789944 1.362230
730 -0.218823 0.898191
368 -0.786265 0.910740
2172 -1.796945 1.050839
1256 -4.146621 1.885113
222 -0.446116 0.933984
232 -0.850724 0.855833
1625 0.247868 1.219383
170 -1.038281 0.919623
2085 1.954856 3.177701
2399 0.361069 1.292843
121 -0.195260 1.010433
1274 -2.971855 1.407819
228 -0.152198 0.978837
1499 2.207789 3.541408
423 -2.783755 1.361295
2158 -2.269606 1.216679
2182 -1.583688 1.020284
832 -0.678994 0.837160
272 -0.764230 0.858639
1579 0.551353 1.488735
2207 -1.234043 0.932486
1815 -0.479773 0.900971
1917 0.689210 1.540225
402 -2.864638 1.372588
1879 -1.400909 0.906287
963 -0.616860 0.899252
342 -1.173999 0.941918
1480 1.754717 2.864443
891 -0.771949 0.875510
363 -0.678630 0.935362
787 0.361479 1.315346
1377 -4.457685 2.060114
638 -1.259934 0.898392
1852 -1.419561 0.971019
1306 -2.892203 1.403056
2132 0.391533 1.318570
296 -1.249588 0.925627
2446 -0.877291 0.868565
243 -0.460992 0.943520
256 -1.008851 0.865478
680 -0.292950 0.982455
1346 -2.556240 1.274817
733 0.313604 1.183327
2521 0.509320 1.377721
2147 -1.873648 1.084170
2367 0.038982 1.004740
2130 0.163605 1.160393
1194 -1.995965 1.077934
1370 -3.615915 1.661107
1555 0.867672 1.814962
1127 -1.334418 0.934386
1840 -1.891913 1.098860
1078 -0.188929 0.993480
1658 -0.114863 0.965952
126 -0.556560 0.946615
1883 -1.947604 1.072152
576 0.332787 1.295062
1185 -1.219814 0.857525
2261 -0.275332 0.953851
258 -0.478964 0.936851
1821 -1.099979 0.916825
833 -0.430149 0.859034
2382 -0.455600 0.916837
110 -0.305057 0.972862
2184 -1.356343 0.970050
2310 1.547291 2.529697
1179 -2.407004 1.223424
2458 -0.598799 0.858807
489 -1.274193 0.937349
635 -0.405233 0.941220
1094 -0.308333 0.952799
2358 0.005618 1.087474
2121 0.488574 1.415668
2051 1.995154 3.287500
417 -1.679718 0.988881
1137 -2.133101 1.122099
2388 -0.195024 1.013710
498 -0.901422 0.909679
1871 -2.139839 1.162550
2361 -0.233302 0.981965
2202 -1.548584 0.993139
1580 0.581263 1.519991
597 -0.820881 0.882133
2469 0.026001 1.003628
54 0.004891 1.104544
1841 -1.009369 0.849275
1080 -0.707897 0.922010
2070 0.249878 1.064930
172 -0.710168 0.897026
161 -1.359063 0.970231
2078 2.025058 3.299150
405 -1.732515 0.949170
828 0.725319 1.598487
794 0.790493 1.754965
2618 2.279737 3.622181
1891 -2.176707 1.131135
1999 0.592533 1.530908
2436 -1.129434 0.912258
645 -0.810872 0.889976
139 -0.570398 0.934225
327 -1.006039 0.896668
1427 1.067946 1.933043
1375 -4.218684 1.916601
1626 0.217571 1.202800
1533 1.668308 2.799121
1393 -3.532766 1.634202
2227 -1.417000 0.980379
607 -0.482523 0.941229
1308 -3.078200 1.459512
1269 -4.413822 1.973712
1743 0.010985 1.150431
362 -0.741808 0.927018
2600 2.164022 3.420925
1250 -3.647042 1.707867
2407 0.279578 1.259510
100 -0.137210 1.013215
245 -0.681829 0.906871
1459 0.809787 1.618279
2588 1.691299 2.728963
1164 -1.377215 0.944202
257 -1.069452 0.869545
2173 -2.218968 1.205467
1264 -3.244655 1.535492
1072 -0.086659 1.044425
1745 -0.134951 1.071384
95 -0.105407 1.040665
1195 -1.898397 1.047792
1574 0.706941 1.655087
532 -0.656596 0.931894
1394 -3.063658 1.469664
820 0.161100 1.168227
1442 1.637829 2.703511
2575 1.190333 2.077228
1465 1.538075 2.603588
1820 -0.835574 0.880822
1452 1.778997 2.912658
769 0.865260 1.774506
949 -0.636083 0.881453
634 -0.262786 0.971487
482 -1.024817 0.888881
889 -1.157838 0.912672
598 -0.562013 0.933848
1501 1.784768 2.898180
340 -1.179168 0.916365
841 -0.349456 0.870944
193 -1.129814 0.896168
1279 -1.622422 0.971948
2576 1.612721 2.692678
1895 -2.236178 1.139390
2317 1.112846 2.063888
1212 -3.671772 1.712072
1222 -3.472847 1.617630
1801 -0.591768 0.900197
1139 -1.573715 0.970816
2383 0.069895 1.095555
901 -0.664856 0.924340
317 -0.515651 0.907299
1509 1.883154 3.024020
1425 1.793048 2.933153
822 0.479114 1.409794
1967 -0.380924 0.863428
2537 0.093328 1.116726
1268 -4.204605 1.915387
1298 -1.908588 1.043389
456 -3.666507 1.692469
2426 -0.891849 0.782262
747 1.465277 2.482053
2114 0.838310 1.729691
510 -0.537392 0.829494
56 -0.172571 0.993943
625 -0.332090 0.944934
204 -0.485844 0.912245
2373 -0.523773 0.903726
1862 -2.045115 1.110205
1521 1.815610 2.990610
1403 -3.321996 1.565781
371 -0.797528 0.886834
176 -1.008011 0.947397
1365 -4.018178 1.840536
2088 1.268614 2.255826
2084 1.715917 2.860385
1857 -1.911229 1.013454
559 0.174988 1.202727
167 -0.713499 0.867598
1412 1.704787 2.853386
2019 0.543586 1.471307
295 -1.035012 0.904626
1253 -2.781369 1.302646
873 -0.578814 0.903781
2356 0.001212 1.086518
443 -3.890538 1.765973
574 0.654588 1.562953
2278 1.033370 2.006619
466 -2.315125 1.173319
182 -0.446446 0.892669
2583 1.769630 2.840365
1892 -2.498880 1.257607
411 -1.797789 1.027919
1827 -1.734810 1.017728
1478 2.026018 3.246774
646 -0.761913 0.907616
737 0.808347 1.731637
1969 -0.179673 0.906708
1814 -0.551774 0.876400
2434 -1.060873 0.888298
439 -2.894872 1.371479
1052 -0.260790 0.978334
863 -0.747601 0.920976
776 0.467350 1.416821
128 -0.300084 0.991014
2038 0.879414 1.796267
679 -0.071710 1.055568
2462 -0.804747 0.872211
926 -0.404682 0.962250
1597 0.509988 1.461063
768 0.752237 1.674271
2244 0.241002 1.170283
1134 -1.394730 0.957349
1316 -2.867600 1.393203
1800 -0.422423 0.926390
627 -0.287360 0.939323
732 -0.545879 0.758825
1414 1.576049 2.602302
2126 0.538077 1.440527
297 -1.000789 0.923534
1808 -0.874924 0.884087
2174 -2.369546 1.244181
2606 2.345226 3.749377
779 0.563193 1.457260
70 0.047859 1.157817
1793 -0.405836 0.903262
273 -0.836764 0.841509
1198 -2.334310 1.206780
178 -0.750564 0.917242
823 0.514422 1.458374
17 0.120581 1.159065
1720 0.205184 1.284683
1035 -0.846644 0.878030
2566 0.630962 1.451868
643 -1.010039 0.844208
2055 1.205638 2.121383
384 -1.242357 0.911097
155 -0.516232 0.916492
758 0.991470 1.950289
689 -0.281712 0.932049
2577 1.895406 3.022614
1519 1.855748 3.008216
853 -0.366993 0.835634
2488 0.740468 1.567136
1357 -3.534858 1.673136
247 -0.716260 0.875939
1717 0.245574 1.299257
2311 1.965559 3.183582
147 -0.837784 0.903363
2520 0.335832 1.269037
495 -0.799028 0.850270
2590 1.595539 2.578562
2569 0.019074 1.054789
648 -0.657495 0.842557
2642 2.332535 3.728305
104 0.247046 1.267710
1547 0.663451 1.606475
1979 0.621199 1.456118
2216 -1.895832 1.108958
14 0.139504 1.196864
1213 -3.809236 1.781159
1846 -0.713098 0.888468
862 -0.724556 0.914719
406 -0.794980 0.775261
2108 0.430990 1.345896
1240 -1.730884 0.973673
1059 -0.654468 0.897988
1093 -0.267001 0.989116
590 -0.137687 1.050948
2443 -0.735453 0.884735
662 -1.239211 0.813432
2453 -0.687307 0.755013
1277 -2.128187 1.080222
1575 0.810861 1.745327
2631 2.533381 3.976647
2008 0.671001 1.608652
570 0.146551 1.139791
986 -0.230386 0.925978
294 -1.048977 0.946717
1358 -3.866102 1.792131
520 -0.621225 0.787078
1872 -1.823845 1.053285
1418 2.088715 3.323028
1249 -3.899350 1.777456
947 -0.357458 0.916128
1384 -4.191324 1.934590
51 -0.020609 1.100768
1941 0.776273 1.657857
1126 -1.257529 0.917993
840 0.420385 1.279339
1111 -0.829216 0.901284
740 0.101051 1.006482
2579 2.178157 3.471075
2369 -0.122370 0.996203
270 -0.468989 0.872740
2041 0.720183 1.567461
66 0.099257 1.176256
1113 -0.525569 0.887012
2122 0.174680 1.135942
551 0.716000 1.637683
2455 -0.513416 0.861841
764 0.493200 1.418701
1813 -0.757995 0.855443
146 -0.924646 0.901542
192 -1.421669 0.941788
1647 -0.010777 1.079852
113 -0.192884 1.004648
1163 -1.494667 1.001919
760 0.701198 1.619339
2418 0.655475 1.562335
916 -0.670588 0.911995
1116 -0.640684 0.869364
991 -0.380581 0.922554
966 -0.611511 0.921155
719 0.571594 1.467981
41 0.220268 1.253510
2303 0.890264 1.808668
631 0.115477 1.166595
5 0.267041 1.268896
1441 1.736255 2.779529
2547 0.077404 1.109133
1413 1.425488 2.437768
2082 1.872030 3.092473
929 -0.358721 0.955819
1900 -2.620176 1.270781
2363 0.191418 1.116704
1067 -0.440610 0.904256
1186 -0.906711 0.747925
534 -0.412545 0.948268
427 -2.651548 1.323101
154 -0.554811 0.895909
831 -0.089613 0.889538
1216 -2.603714 1.269660
1613 0.319991 1.255967
1602 0.154800 1.182710
807 -0.306669 0.885512
1987 0.624597 1.564318
132 -0.391995 0.947050
1990 0.728646 1.670331
2357 0.034236 1.102328
940 -0.674471 0.795059
725 1.007872 1.943956
407 -0.590572 0.764861
1204 -2.697486 1.283296
488 -1.479509 0.960388
1457 1.824556 2.966415
1517 1.114908 1.936492
19 0.274967 1.247603
2473 -0.607925 0.864547
164 -1.141850 0.906607
212 -0.576632 0.943599
609 -0.581281 0.903054
194 -1.295571 0.964108
595 -0.233640 1.008047
2625 2.311318 3.635105
476 -1.188861 0.909355
555 0.491574 1.469121
1809 -0.844720 0.854539
1255 -3.634281 1.642532
782 0.614892 1.553866
1028 -0.268280 0.959519
1635 -0.096498 1.058483
2403 0.147184 1.173484
623 -0.805822 0.867629
393 -0.738106 0.816669
1237 -4.168427 1.906579
2543 0.457247 1.315126
1877 -1.517074 0.936007
2624 2.160469 3.359436
2586 1.686337 2.740323
2589 1.393956 2.331538
693 -0.577247 0.933528
1632 0.586306 1.546558
401 -2.404669 1.190681
211 -0.548857 0.936229
180 -0.765588 0.857844
1977 0.538250 1.463274
419 -2.465336 1.288808
2302 1.795987 2.915822
426 -3.046599 1.452946
2539 0.396982 1.297644
1229 -2.318326 1.183247
1453 1.746271 2.843089
927 -0.269117 0.974360
2562 0.329211 1.210183
2013 0.730365 1.657887
1161 -1.302329 0.903062
1145 -1.986631 1.051319
1502 2.077839 3.329648
134 -0.307168 0.918288
1086 -0.496110 0.917912
475 -1.437556 0.924486
622 -0.787779 0.841760
209 -0.536372 0.940581
867 -1.167392 0.926224
418 -2.366948 1.197267
591 -0.066748 1.089308
98 -0.107234 1.053585
2359 -0.123091 1.015432
2644 2.108766 3.354149
409 -1.636066 0.988578
765 0.638170 1.565259
165 -0.753665 0.871461
1522 1.906743 3.088949
2397 0.815725 1.685835
2564 0.327146 1.257879
507 -0.695613 0.897053
946 -0.422868 0.892674
323 -1.131998 0.970303
1966 -0.464200 0.841154
233 -0.812200 0.888139
1859 -1.544108 0.929100
37 -0.344927 0.935930
2065 -0.018963 0.874554
2092 1.819746 2.972008
440 -2.912715 1.387526
2071 0.086672 0.851112
524 -0.672009 0.909335
1135 -1.605154 0.983435
754 1.084885 2.058134
615 -0.746187 0.925197
1321 -3.742388 1.731196
1885 -2.568664 1.283653
1496 2.343111 3.748633
2544 0.097387 1.085998
2205 -1.674204 1.012362
12 0.388108 1.355221
487 -1.532617 0.890337
496 -1.250528 0.921941
729 0.072000 1.075840
162 -1.647424 0.997454
2213 -2.336858 1.199065
911 -0.529418 0.926213
1334 -2.849684 1.342848
967 -0.660064 0.910355
1974 0.563673 1.515744
780 0.699530 1.507080
76 -0.812835 0.932179
1819 -0.771293 0.907976
1099 -0.794827 0.880067
1853 -1.481401 0.976891
2028 1.042583 1.963420
775 0.530830 1.474238
1866 -2.587269 1.313979
1069 -0.403209 0.950519
1068 -0.444399 0.931958
1450 1.309408 2.215313
723 0.775960 1.686433
1797 -0.248097 0.947162
398 -0.483051 0.776199
1586 0.665406 1.592039
2636 2.076707 3.296432
331 -1.798039 1.034261
88 -0.274082 0.939089
731 -0.268889 0.896807
1440 1.893117 3.070220
2445 -0.704959 0.867252
1362 -2.999815 1.427218
436 -3.253561 1.535556
504 -0.878084 0.931883
2416 0.476168 1.411352
1332 -3.072276 1.450906
325 -0.818370 0.932646
2477 -0.377136 0.928810
486 -2.123993 1.059973
2281 1.156967 2.090996
2336 0.018264 1.084715
1197 -2.017069 1.100042
1170 -2.314320 1.189881
2384 0.182429 1.202323
993 -0.602425 0.900092
2405 0.199801 1.170978
2550 -0.554355 0.919792
1968 0.137283 1.120210
1767 -0.335422 0.968500
1552 1.135123 2.081267
2230 -1.769115 1.061900
1936 0.559231 1.466113
617 -0.825304 0.905473
865 -0.950530 0.932319
1360 -3.721716 1.717134
179 -0.856778 0.908375
2404 0.200964 1.207911
367 -0.371162 0.955732
82 -0.292939 0.980175
1345 -2.698214 1.333595
1505 2.370742 3.838078
1562 0.442875 1.379632
1121 -0.508873 0.926948
659 -0.511347 0.849500
2217 -1.828602 1.062102
1327 -2.400754 1.201690
1648 0.104082 1.178590
1368 -3.581897 1.661153
1544 0.184131 1.160558
2150 -1.746323 1.034879
333 -1.673883 0.980983
602 0.187781 1.124735
1294 -0.641750 0.802344
1299 -1.805778 1.032632
2224 -1.112256 0.927393
2377 -0.249743 0.959026
1863 -2.200315 1.164937
954 -0.787069 0.941887
2211 -2.450065 1.201334
970 -0.728022 0.822916
2248 0.550395 1.479986
1389 -2.116743 1.120119
2087 1.714037 2.830206
682 -0.687588 0.926608
1592 -0.211029 0.965188
1565 0.536931 1.486958
1520 2.000905 3.223731
389 -1.372279 0.910234
2327 0.555661 1.343783
2192 -2.068027 1.135547
2500 0.335985 1.323577
629 0.208061 1.218384
985 -0.036365 0.972313
1890 -2.370022 1.206454
1598 0.210327 1.196119
379 -0.856093 0.824680
2229 -1.624514 1.030336
1650 0.109047 1.132726
278 -0.485866 0.941388
1293 -0.567504 0.776004
786 0.594672 1.443490
1272 -3.985422 1.839891
977 -0.074486 1.042526
318 -0.820115 0.888184
1415 0.538433 1.323210
2128 0.618300 1.445987
1638 -0.102271 1.044827
377 -0.433986 0.936923
535 -0.655493 0.940300
1479 1.737197 2.869365
2622 2.079089 3.255942
876 -0.454170 0.935267
1603 0.225708 1.200751
1396 -3.930784 1.810811
902 -0.797441 0.911869
2283 1.955025 3.176691
34 -0.507998 0.905317
2272 0.428420 1.223070
1211 -3.481606 1.622740
1305 -2.105414 1.052965
1406 -3.550881 1.650862
334 -2.254464 1.171895
2062 1.572412 2.629861
2093 1.588798 2.638166
2593 2.301086 3.589353
887 -0.792040 0.910336
1527 1.551756 2.567001
2350 0.117925 1.141808
890 -1.148732 0.898346
2269 1.089937 1.942125
1118 -0.870126 0.908733
2113 0.781360 1.624780
2637 1.692568 2.740127
1419 1.539074 2.598064
2487 0.882256 1.783427
2605 2.397538 3.835263
2380 -0.703598 0.880771
490 -1.392350 0.964851
2318 1.419496 2.435570
102 0.147580 1.188505
2516 0.780665 1.692978
1975 0.510247 1.457107
934 -0.565390 0.917392
821 0.231079 1.216804
1219 -2.950007 1.407559
904 -0.674721 0.923404
1304 -2.312001 1.184945
2127 0.800175 1.644288
2334 0.176163 1.155928
2245 0.350098 1.298694
467 -1.937099 1.066857
2265 0.199903 1.194043
800 0.504103 1.452905
1865 -2.283505 1.189773
1959 -0.234091 1.008390
2439 -1.142551 0.896323
1847 -0.251274 0.847990
2591 2.095205 3.308413
1244 -3.512787 1.609644
827 0.746114 1.658942
2621 2.061861 3.249013
2006 0.648394 1.568632
499 -0.662313 0.893292
1878 -1.645725 0.982731
1787 -0.926124 0.895122
1333 -2.983219 1.406112
2342 -0.162047 1.019116
1543 -0.172432 1.011908
2417 0.618225 1.543102
201 -0.551644 0.947305
529 -0.791570 0.953303
1162 -1.513677 0.972644
1608 0.292515 1.291651
819 0.280513 1.242627
1498 1.821165 2.960555
633 0.524889 1.430503
1445 1.783088 2.915766
479 -0.884497 0.904546
344 -0.641900 0.902651
1388 -3.042706 1.475683
806 -0.001162 0.878792
1466 1.313360 2.340653
2400 0.416942 1.391792
1485 0.867260 1.792727
920 -0.924955 0.901882
2391 0.013795 1.122356
2178 -1.198943 0.913100
485 -1.923638 1.028143
676 0.128719 1.110450
288 -1.138728 0.899218
259 -0.667393 0.906753
388 -1.424881 0.918464
1835 -0.933245 0.900693
2153 -1.780219 1.053121
2578 1.908831 3.045600
78 -0.655363 0.902420
2580 1.398406 2.344470
1508 2.321736 3.735164
1972 0.644877 1.595895
1232 -2.906636 1.356600
2408 0.643871 1.586773
612 -0.567104 0.896688
611 -0.658124 0.915144
2289 1.582641 2.682300
2431 -0.938555 0.864804
2531 0.427132 1.368578
509 -0.608990 0.887191
468 -1.384771 0.891096
2472 -0.837710 0.784352
1176 -2.689334 1.317087
624 -0.485038 0.933417
1491 1.258424 2.229620
1227 -2.886960 1.403281
23 0.252567 1.251924
1338 -2.991397 1.438587
358 -0.821164 0.939179
166 -0.773275 0.865600
701 1.284598 2.236339
216 -0.406886 0.938765
950 -0.680884 0.831571
868 -1.146236 0.923480
421 -2.947234 1.442986
951 -0.410915 0.834151
2374 -0.283514 0.944789
105 0.132080 1.168535
1630 0.688369 1.632025
1730 0.113209 1.203346
483 -1.874578 1.038116
2285 2.072894 3.305062
2107 0.340027 1.293800
2247 0.640248 1.526790
2076 1.814214 3.011973
2191 -1.826114 1.069475
1481 1.838861 3.019008
2286 2.056119 3.294351
2585 1.228663 2.204522
1512 2.062580 3.312459
1364 -3.861325 1.758474
1548 0.731710 1.686237
517 -0.622137 0.870997
1587 0.581164 1.538273
990 -0.014545 1.062541
2598 2.557257 4.025642
2560 0.870999 1.740575
285 -1.833862 1.018742
1628 0.624099 1.588047
1092 -0.008209 1.098590
2442 -1.159777 0.899360
1142 -2.298919 1.201880
793 0.600096 1.535120
1828 -1.856748 1.041340
1405 -3.591879 1.683841
2370 -0.030092 1.038441
1876 -1.717014 0.983072
372 -0.827292 0.901916
1220 -3.335370 1.559896
1824 -1.751250 1.048252
944 -0.397505 0.926922
1446 1.696364 2.781306
45 0.008005 1.130276
1551 1.158495 2.132339
2183 -1.395062 0.971008
4 0.239842 1.248593
2582 1.243856 2.167193
441 -3.467327 1.623691
89 0.005051 1.056230
329 -1.386438 0.934766
1622 0.672679 1.601154
677 0.180293 1.149736
1659 0.029971 1.106466
1437 0.192277 1.087466
2219 -1.790707 1.056509
2523 1.085708 2.026834
1373 -3.843451 1.761917
2297 1.751508 2.867814
32 -0.175236 0.999073
2210 -2.610813 1.276636
2435 -1.352737 0.947165
1798 -0.403749 0.903300
774 0.546671 1.478806
326 -0.926470 0.929120
1146 -1.828376 1.049954
2546 0.159613 1.142613
854 -0.582362 0.900212
1320 -3.069324 1.467494
2022 0.629190 1.532943
1165 -1.483463 0.950904
1210 -3.405004 1.587038
1184 -1.453732 0.911521
752 1.216194 2.191968
884 -0.819602 0.919882
2321 1.233223 2.252678
1443 1.726786 2.790154
83 -0.448869 0.913654
2305 1.014522 1.954600
608 -0.549998 0.910423
2528 1.207097 2.176003
885 -0.765114 0.885006
2101 0.981994 1.906290
1455 2.325021 3.672224
91 -0.158813 0.988152
2335 0.122277 1.125432
280 -0.550010 0.944256
720 0.732918 1.638596
1996 0.597177 1.583806
457 -4.088242 1.889860
1141 -1.700469 1.012329
1251 -3.550718 1.660595
2414 0.483988 1.445282
596 -0.344903 0.903527
96 -0.037536 1.081055
1207 -2.162371 1.137785
2009 0.708333 1.691192
593 -0.287131 0.954317
2243 0.160740 1.134355
1030 -0.586854 0.889029
703 1.454406 2.470728
1182 -2.156977 1.127537
1288 -0.304891 0.908298
2081 1.812291 2.960187
913 -0.264353 0.967274
458 -4.073988 1.877499
715 1.093935 2.026027
2344 0.058361 1.129392
589 -0.006068 1.092708
2075 1.876960 3.100631
2185 -1.376511 0.960047
2563 -0.037096 0.985697
1095 -0.694036 0.882963
1645 -0.148305 0.997162
2046 1.877497 3.059385
556 0.408471 1.382371
614 -0.812266 0.930123
1181 -2.478081 1.254402
2268 0.445082 1.368895
99 0.018240 1.091929
1573 0.741192 1.700233
1709 0.079343 1.147986
2170 -1.550997 0.989025
881 -0.702334 0.901258
1438 1.577408 2.577188
552 0.478428 1.430107
1940 0.744257 1.673650
2617 2.339556 3.736300
307 -1.168412 0.946291
1432 0.408553 1.155716
474 -1.563887 0.996062
738 0.984770 1.926329
933 -0.475335 0.932776
2545 0.341421 1.278705
31 -0.041606 1.061562
2167 -0.946661 0.872862
187 -0.924100 0.842942
1610 0.624578 1.553651
442 -3.102089 1.451047
298 -1.087941 0.932281
1803 -0.934548 0.860410
815 0.426665 1.358940
844 0.146494 1.124128
2504 0.913395 1.812065
743 0.286330 1.070986
248 -0.568012 0.913522
1115 -0.149513 0.967027
1350 -2.150821 1.082888
2056 1.273691 2.212949
219 -0.139295 1.004987
183 -0.328431 0.876675
2587 1.892910 3.014841
1869 -2.245534 1.175919
1416 1.510000 2.502165
1223 -3.264018 1.530909
1133 -1.734967 1.007253
956 -0.712849 0.921345
2498 -0.006573 1.041447
2054 1.681856 2.807539
785 0.368634 1.280753
1458 1.332541 2.290728
938 -0.427763 0.915293
1050 -0.893022 0.878337
690 -0.640237 0.916019
2066 0.194691 1.167783
117 -0.394153 0.955671
1553 0.691876 1.587965
237 -0.754726 0.903494
2154 -1.536584 0.996018
112 -0.173373 0.992192
586 0.314681 1.227877
153 -0.664207 0.901167
1623 0.516581 1.475065
1631 0.752485 1.655670
1439 1.844998 2.949370
1063 -0.671337 0.914052
1230 -1.871381 1.019485
744 0.875498 1.726540
2561 0.414105 1.284327
1988 0.582039 1.515386
1296 -2.159184 1.127775
1802 -0.595734 0.893313
2522 0.904289 1.816460
1205 -3.120465 1.471734
2574 0.651258 1.527285
568 -0.082171 1.034956
2315 1.902868 3.068426
1336 -3.840588 1.789234
1976 0.636253 1.592245
1942 0.847752 1.768686
1107 -0.266794 0.984354
753 0.956756 1.877850
2584 1.655920 2.744460
1560 0.361085 1.308724
1799 -0.544415 0.928236
599 -0.464213 0.952788
700 1.347391 2.332958
370 -0.719769 0.913416
416 -2.607733 1.290826
2195 -2.007939 1.145482
1807 -0.586040 0.891371
210 -0.528029 0.931141
585 0.387735 1.322814
569 0.128882 1.164659
2601 2.220204 3.524350
2594 2.069455 3.266847
860 -0.909344 0.911035
771 0.713773 1.648146
144 -0.596557 0.921697
1932 0.200285 1.050240
22 0.384581 1.330534
484 -2.332188 1.195983
1482 1.738139 2.893471
203 -0.506896 0.930648
1858 -0.448824 0.642348
1119 -0.644189 0.901615
114 -0.327569 0.973970
158 -0.741193 0.878966
2270 1.345705 2.336447
428 -2.444960 1.197966
2099 1.989722 3.246915
2474 -0.415274 0.864464
734 0.951517 1.902280
1369 -3.679872 1.705436
376 -0.393742 0.919487
928 -0.467668 0.932522
1581 0.693803 1.655603
1058 -0.709900 0.885609
1319 -3.422590 1.608839
2633 1.900106 3.070452
390 -0.918996 0.852431
2275 1.763213 2.855765
808 -0.381991 0.899135
1236 -4.426994 2.031493
2572 0.517184 1.424596
883 -0.626806 0.908081
2360 0.000831 1.089101
453 -2.991887 1.414590
1140 -1.495384 0.942990
223 -0.645811 0.898786
670 -0.203694 0.970218
639 -1.153956 0.907913
668 -0.206953 0.936409
1660 0.081924 1.113531
2489 0.082625 0.988097
1944 1.099244 2.094968
2530 0.966476 1.892208
619 -0.524725 0.918933
265 -0.447764 0.929180
1246 -2.939977 1.371053
1887 -1.705860 1.050924
399 -1.971799 1.079652
882 -0.516499 0.929089
396 -0.959871 0.853201
251 -0.648380 0.898916
1155 -0.408686 0.700117
2187 -1.124588 0.890068
2291 1.683840 2.806895
2189 -1.502915 0.979215
1473 1.054971 1.820586
866 -0.874172 0.911296
767 0.660130 1.591796
1889 -2.344444 1.185281
2427 -0.694302 0.775163
1822 -1.518302 0.969110
925 -0.515710 0.952928
834 0.114304 1.068473
1371 -4.309525 1.982113
864 -0.886952 0.924483
2015 0.879924 1.780895
2180 -1.339363 0.931408
1422 1.886672 3.076416
1818 -0.665564 0.865115
1624 0.233878 1.228397
145 -0.684584 0.916926
704 1.265749 2.225923
997 -1.018078 0.909225
1291 -0.636137 0.839647
1245 -3.091737 1.461612
1423 1.675220 2.756486
118 -0.265250 0.993858
2276 1.771337 2.869949
1549 0.793285 1.725503
27 0.438660 1.406444
888 -1.017756 0.868303
2343 -0.171759 0.999618
587 0.042444 1.064719
2061 1.621033 2.802565
1196 -1.762984 1.015174
1557 0.826694 1.761004
1449 1.386797 2.405962
1225 -1.814990 1.016915
1109 -0.860767 0.877198
971 -0.550444 0.841199
1178 -2.608282 1.305175
106 0.046589 1.096489
1019 -1.214163 0.925832
2620 1.836788 2.936132
573 0.725882 1.653098
1180 -2.685210 1.302915
2186 -1.402963 0.954092
1104 -0.431593 0.929876
763 0.614613 1.532041
2164 -0.922660 0.900244
2138 -0.868936 0.835617
2479 -0.624413 0.897239
935 -0.513950 0.948439
1168 -2.509065 1.256267
2319 1.385646 2.467195
784 0.548045 1.385375
958 -0.136417 0.962554
1056 -0.697263 0.882678
554 0.518167 1.528955
1599 -0.148206 0.929392
1064 -0.654557 0.930004
84 -0.695078 0.871442
450 -3.201841 1.487334
960 -0.727912 0.919917
2338 0.072899 1.109124
111 -0.305013 0.984150
563 0.015404 1.104684
414 -2.915477 1.416748
2149 -2.018454 1.105504
845 -0.139538 0.974648
35 -0.770308 0.828303
1985 0.669646 1.642872
1221 -3.255043 1.534786
1567 0.688829 1.643706
1307 -3.387855 1.598226
2376 -0.138336 1.022445
1235 -4.109087 1.886677
404 -2.619490 1.293501
2581 0.834120 1.680154
628 -0.284887 0.971619
1899 -2.448871 1.222875
2340 -0.000509 1.074962
2425 -0.569777 0.867221
2048 1.619285 2.723774
1199 -2.257658 1.165357
1558 0.784054 1.728182
11 0.425604 1.354511
1577 0.720585 1.644005
2647 1.843498 2.938307
2237 -0.310684 0.881221
1061 -0.619590 0.922217
2298 1.694355 2.797360
672 0.116197 1.106366
557 0.278956 1.249391
1902 -1.393404 0.935450
2548 -0.670224 0.868480
2324 0.600778 1.437177
1644 -0.261020 0.994970
454 -3.316022 1.535563
692 -0.626076 0.934513
1276 -2.856696 1.395629
1570 0.436452 1.410100
2271 1.238894 2.174366
896 -0.991347 0.891390
2326 0.073426 0.883183
1190 -2.810337 1.389807
60 -0.064415 1.028748
710 1.519299 2.581373
2525 1.282377 2.305435
1861 -2.287699 1.197727
260 -0.902578 0.879273
2199 -2.004745 1.138707
2215 -1.755835 1.042450
2467 -0.417998 0.897318
283 -0.922703 0.859406
383 -1.702384 0.995878
2225 -1.046828 0.926558
545 0.996584 1.860900
2063 1.086882 1.993864
424 -2.891431 1.416688
1474 1.242234 2.153439
1888 -1.963991 1.094231
1981 0.577453 1.523075
18 0.120115 1.139822
2552 -0.305897 0.905694
2105 0.568941 1.510399
553 0.596560 1.546301
50 0.060228 1.159716
2464 -0.104901 0.933978
1192 -2.718288 1.331334
44 0.077264 1.142770
2401 0.425330 1.373338
2293 2.228375 3.591491
1929 0.882574 1.779675
2102 0.722461 1.584293
2354 0.025464 1.125275
1166 -2.447108 1.202908
249 -0.463105 0.891551
1015 -0.977412 0.898640
1621 0.816736 1.757610
2567 0.785722 1.608760
1062 -0.625248 0.897921
1233 -3.057690 1.449704
618 -0.765454 0.871212
181 -0.651071 0.873845
952 -0.376777 0.920020
910 -0.545936 0.925743
1595 0.398965 1.391332
772 0.343443 1.274107
1226 -2.246343 1.169041
2238 -0.370157 0.877719
2362 -0.028727 1.074463
94 -0.214222 0.958754
2115 0.539564 1.468823
2018 0.507745 1.429954
1594 0.443567 1.393600
3 0.205608 1.209452
2002 0.667841 1.621527
49 0.159408 1.213872
394 -0.447411 0.749060
855 -0.613219 0.909587
1500 2.195545 3.495281
578 0.409612 1.386451
413 -2.984545 1.445667
1516 1.139264 2.030339
173 -0.892882 0.888706
1812 -0.860302 0.879732
2155 -1.906205 1.082143
1053 -0.579945 0.926786
1918 0.774923 1.614168
547 0.620572 1.573271
931 -0.661643 0.875466
1057 -0.635186 0.914917
1317 -3.159148 1.500229
1792 -0.319234 0.900226
2551 -0.402121 0.901831
1901 -1.365860 0.914220
2568 0.275829 1.161956
2068 0.394674 1.336274
1300 -1.721447 1.002346
650 -1.614169 0.935393
1252 -3.384570 1.581579
567 0.078700 1.089435
253 -0.890916 0.885862
1776 -0.255101 1.005474
2607 2.408393 3.787089
778 0.719904 1.660054
2262 0.352203 1.266287
220 -0.425164 0.914291
2141 -2.140056 1.180443
630 0.337964 1.350493
843 0.141972 1.083761
2194 -1.980551 1.083665
2166 -0.901671 0.891762
1794 -0.578278 0.905391
640 -1.180247 0.947271
92 -0.200628 0.994350
2501 0.499387 1.472051
871 -0.459289 0.900186
2037 0.766596 1.646330
1980 0.796333 1.743637
1156 -2.070254 1.103988
527 -0.748989 0.939166
857 -0.666674 0.894435
225 -1.062539 0.907691
2284 2.087646 3.368308
1609 0.397771 1.386953
2348 0.462452 1.373067
549 0.514394 1.468540
1563 0.413673 1.363890
907 -0.547763 0.924921
1280 -1.234505 0.879810
1922 0.433246 1.305327
2375 -0.181684 1.004358
1060 -0.506350 0.929821
2131 0.602484 1.529130
575 0.553989 1.498361
2325 0.082635 0.914158
1921 0.324084 1.156075
1576 0.785750 1.711685
2151 -1.492876 0.975786
919 -0.689197 0.901776
1217 -2.280200 1.171005
2549 -0.801114 0.877626
726 0.315316 1.195081
2529 1.196442 2.202804
79 -0.521798 0.926022
301 -0.803735 0.878739
2223 -1.263213 0.939603
859 -0.846720 0.904880
47 0.354571 1.339597
2505 0.760976 1.618177
1914 0.969594 1.850764
1193 -2.493311 1.274936
930 -0.383182 0.948986
869 -0.369070 0.850352
717 1.188736 2.156786
1082 -1.008067 0.911878
2570 0.247363 1.269306
861 -0.807143 0.899416
1569 0.487644 1.436786
684 -0.751972 0.931043
1612 0.542454 1.421307
1431 0.273581 1.071332
397 -0.231332 0.723254
1554 0.968606 1.941796
1806 -0.531754 0.887402
2448 -0.786620 0.847416
550 0.554859 1.500405
391 -0.176378 0.711952
2016 0.564636 1.470168
572 0.802658 1.694610
2079 1.714816 2.862554
1228 -2.642843 1.286432
1467 1.339299 2.380959
1982 0.351333 1.253065
103 0.090267 1.152328
2043 0.828256 1.746280
52 -0.085882 1.078441
813 0.157626 1.169617
2524 1.209195 2.141342
2039 1.076719 2.021081
712 1.240183 2.195320
531 -0.661668 0.910947
538 -0.586281 0.909404
1825 -1.763951 1.007040
2555 0.804893 1.743653
2623 2.283499 3.637587
224 -0.625517 0.881512
846 -0.472014 0.907227
310 -0.885359 0.918638
2496 -0.091299 0.955915
1254 -1.682701 0.965147
452 -3.237041 1.501029
908 -0.517904 0.935881
1992 0.787234 1.749575
998 -1.038235 0.935706
632 0.583526 1.507759
579 0.259337 1.256477
101 -0.006029 1.073339
1556 0.827827 1.783164
2112 0.551473 1.451303
2025 0.152246 1.135661
1786 -0.914453 0.858703
953 -0.479015 0.915578
560 -0.256499 0.993083
687 -0.186258 0.926133
336 -1.513280 0.976037
1278 -1.531615 0.940839
1046 -0.791238 0.904778
1678 0.306669 1.280712
1566 0.631787 1.589489
2558 1.235777 2.121938
2036 0.716568 1.582808
1880 -1.835034 1.007162
2196 -2.136847 1.159117
1203 -3.189332 1.496963
149 -0.819446 0.896701
205 -0.557148 0.906199
874 -0.552220 0.913395
2179 -1.246179 0.934013
722 0.422218 1.303519
2519 0.736991 1.653347
207 -0.496573 0.894357
2573 1.017649 1.967195
48 0.189574 1.216433
392 -1.203353 0.896389
1157 -2.019609 1.120727
2152 -1.557012 0.990632
347 -0.948337 0.940461
254 -1.024725 0.887173
1295 -2.010047 1.108993
478 -0.966914 0.926445
809 -0.248884 0.962591
1954 0.248015 1.209360
755 1.389697 2.411658
1805 -0.525385 0.890738
1339 -2.833344 1.315755
2333 0.125111 1.121938
240 -0.400343 0.939426
1385 -4.237905 1.971943
1390 -2.322633 1.182317
1511 2.199164 3.548971
1049 -1.376302 0.912879
2497 0.148932 1.069178
1550 0.713244 1.669638
238 -0.732733 0.911708
2341 0.027783 1.086473
353 -0.382434 0.959373
2058 0.513583 1.354910
1487 0.923575 1.828710
1637 -0.072539 0.995175
1025 -1.406117 0.953752
2643 2.203810 3.467501
588 0.055959 1.151894
1983 0.291237 1.161761
2133 0.064776 1.092393
1292 -0.581609 0.804687
836 0.375835 1.308341
2629 2.428710 3.856841
1472 1.054197 1.877296
1275 -3.211465 1.511450
2044 1.160828 2.112637
1016 -0.790884 0.897471
2143 -1.678233 1.027292
789 0.671181 1.615016
2295 1.838766 3.033329
387 -1.116883 0.848136
214 -0.453905 0.888161
1490 0.900802 1.784806
1002 -0.643101 0.884319
1247 -2.323758 1.150491
1160 -1.208539 0.856499
1444 1.768858 2.892797
1636 -0.299183 0.889291
491 -1.764281 1.005396
2320 1.164274 2.110780
711 1.479573 2.531694
1788 -1.168889 0.949874
1930 0.501031 1.320427
2556 0.683525 1.478297
2571 0.298533 1.289365
766 0.517252 1.424107
244 -0.659482 0.907584
2517 0.517875 1.435305
613 -0.408460 0.908006
1434 0.230514 1.097164
2277 1.156383 2.072408
546 0.818023 1.734877
55 -0.241459 0.975745
922 -0.660071 0.922734
2347 0.427362 1.365486
1881 -0.826511 0.757197
1810 -1.006090 0.901711
286 -1.967671 1.055448
2634 2.493544 3.945836
1376 -4.543712 2.051914
1159 -1.624318 0.954576
217 -0.360145 0.956926
185 -0.703456 0.881041
886 -0.989934 0.940050
444 -4.164522 1.906482
252 -1.081857 0.857380
471 -1.490274 0.977521
2491 -0.743518 0.859097
2432 -1.252424 0.940007
2086 1.954043 3.201558
2616 2.479181 3.905199
1870 -1.572669 0.964659
400 -1.672250 0.922141
1894 -2.014238 1.106340
564 0.051999 1.122820
349 -1.052347 0.949069
706 1.464828 2.504555
571 0.295137 1.258407
548 0.693979 1.670798
1823 -1.480257 0.951862
1036 -0.897884 0.883553
742 0.157633 0.964276
1923 0.463412 1.328019
2337 0.168226 1.160948
26 0.128696 1.130095
2057 0.730875 1.598934
801 0.436147 1.389312
1989 0.551785 1.484037
451 -2.428379 1.198189
1578 0.599385 1.544155
1034 -0.845790 0.896434
1003 -0.887143 0.810851
1012 -0.887052 0.880809
13 0.185502 1.229228
893 -0.871085 0.911023
805 0.439433 1.307816
1654 -0.077318 1.027992
213 -0.581309 0.911735
714 1.204095 2.170560
2345 0.384769 1.309629
2346 0.585114 1.373674
562 0.050703 1.120277
1302 -1.942060 1.066685
1065 -0.611813 0.930638
263 -0.504032 0.955474
1915 0.153565 0.934884
2258 0.035173 1.096738
561 -0.092215 1.044516
148 -0.666792 0.928390
2503 0.710150 1.672318
2542 0.687440 1.458665
234 -0.851305 0.803456
1526 0.983507 1.819397
53 0.024440 1.125326
1110 -0.900399 0.906511
892 -0.996316 0.908100
1882 -1.895777 1.015423
109 -0.118045 1.018080
1283 -2.014621 1.118272
1546 0.699282 1.684924
59 -0.139441 1.021735
839 0.690923 1.559382
1874 -1.380068 0.888860
1435 0.007588 1.020045
909 -0.612931 0.915403
142 -0.521266 0.951616
2632 1.911238 2.983482
2266 0.250284 1.210852
2193 -1.902773 1.089830
2064 0.038638 0.940898
894 -0.859389 0.907462
2035 0.893010 1.752609
2557 0.794192 1.570551
2288 2.125211 3.393302
1864 -2.196379 1.155189
1158 -1.584734 0.971893
67 0.006498 1.147715
1850 -1.966998 1.081723
2287 2.050598 3.281296
1795 -0.875921 0.917865
565 -0.096779 1.037823
1790 -0.803595 0.874242
1811 -0.843736 0.864854
923 -0.615678 0.939803
783 0.519197 1.449891
875 -0.522614 0.933135
1897 -1.657664 0.939254
709 1.528474 2.560403
2494 -0.400534 0.832994
2309 1.419568 2.407013
781 0.347351 1.282231
957 -0.121565 0.955508
978 -0.180945 0.981280
2515 0.620980 1.501865
309 -0.982859 0.915849
361 -0.591948 0.907807
906 -0.603874 0.918284
1955 0.184679 1.207378
2499 0.304721 1.313161
1561 0.483773 1.429686
2428 -0.740564 0.829856
143 -0.402278 0.961905
756 1.101465 2.067580
1191 -2.844791 1.388967
718 1.040242 1.965185
1424 1.732424 2.825968
728 0.007053 0.991834
1091 -0.040990 1.074011
581 -0.120308 0.977512
2419 0.685700 1.606113
660 -1.229566 0.904644
1183 -2.222689 1.134682
2615 1.930059 3.122840
2308 1.205247 2.078809
2430 -0.441566 0.904954
900 -0.748543 0.906305
221 -0.439312 0.955846
1456 2.228720 3.507149
858 -1.004553 0.908894
1022 -0.349444 0.703104
2274 1.597313 2.688161
996 -0.884011 0.853105
924 -0.615706 0.931892
1860 -2.170754 1.164560
1323 -3.580749 1.679886
39 -0.118618 1.054948
135 -0.554111 0.855023
1782 -0.517877 0.943646
46 0.315325 1.315966
2246 0.329833 1.249494
2060 1.403604 2.408588
1214 -3.593847 1.670551
594 -0.238341 0.980802
141 -0.568454 0.953684
493 -1.631120 0.981896
1289 -0.411330 0.907054
1591 -0.209340 0.977485
566 0.203489 1.211960
2559 0.884397 1.771815
912 -0.324560 0.969043
2017 0.579211 1.487566
284 -1.389895 0.921075
308 -1.066448 0.936673
1538 1.521901 2.602616
1953 0.198066 1.185130
1215 -2.906868 1.399672
1436 -0.017233 0.968448
721 0.965402 1.890140
348 -0.774189 0.929567
2316 1.800235 2.914289
1301 -1.315618 0.902636
184 -0.109613 0.993709
1114 -0.706678 0.859806
1920 0.333027 1.156233
2168 -1.357587 0.958454
2050 1.755025 2.913256
1949 0.814468 1.734251
713 0.913044 1.838897
239 -0.470015 0.925361
699 1.166123 2.097481
741 -0.151214 0.842378
287 -1.432376 0.974115
651 -0.965046 0.863393
2034 0.394749 1.139390
1151 -1.796096 1.041102
1796 -0.135371 1.032920
2332 0.091640 1.118880
852 -0.477306 0.828728
2648 1.991802 3.119017
543 0.682313 1.608286
472 -1.367398 0.946710
2351 0.166292 1.124915
1931 0.000904 0.906658
1875 -2.205837 1.150450
1287 -0.403983 0.897650
2255 0.260081 1.167089
1750 -0.014243 1.157173
2116 0.598536 1.528472
492 -2.078259 1.095083
2014 0.981280 1.917036
1913 0.791993 1.619295
473 -1.622155 0.991059
705 1.205569 2.193764
539 -0.865711 0.917973
982 -0.743584 0.847017
856 -0.720681 0.899046
2236 -0.227444 0.903277
945 -0.268357 0.959471
20 0.262219 1.250982
2049 1.688926 2.746310
395 -0.501576 0.733389
702 1.577212 2.663574
2254 0.363207 1.296542
1851 -1.191602 0.867891
1026 -1.415978 0.911076
87 -0.680459 0.859758
1924 0.721428 1.579574
1919 0.651495 1.480412
2251 1.061805 1.993502
1816 -0.708925 0.914702
2069 0.094211 1.026740
9 0.024521 1.096641
1322 -3.688056 1.722889
1430 0.226041 1.130485
175 -1.026568 0.968796
2495 -0.120355 0.984152
7 0.115447 1.141389
494 -0.935685 0.858679
980 0.158284 0.976493
1005 -1.547870 0.895778
2253 0.609828 1.540503
1372 -4.048314 1.879193
981 -0.149723 0.901431
8 -0.050385 1.032070
708 1.432843 2.433721
385 -1.373908 0.920849
2249 0.947115 1.820231
1048 -1.200033 0.848304
654 -1.126837 0.901206
2429 -0.672605 0.831051
2181 -1.075439 0.907084
2033 0.693042 1.503664
544 0.783379 1.694119
2541 0.208543 1.106603
1958 -0.063428 1.093556
1047 -0.731248 0.882148
2059 1.353989 2.302513
2256 -0.157440 0.896661
2535 0.420365 1.383932
2554 0.703750 1.528668
2490 -0.616875 0.835532
119 -0.235589 1.010268
1777 -0.063043 1.101152
1956 0.004752 1.047761
1171 -2.120752 1.095222
1848 0.812828 1.611459
215 -0.351681 0.966830
695 -0.096686 1.030015
2137 -0.884409 0.876411
2252 0.850827 1.768385
1023 -0.908220 0.859788
2250 0.857437 1.731511
683 -0.443421 0.903132
2433 -1.070004 0.880359
1912 0.281657 1.153965
1033 -0.807918 0.874262
2273 1.073776 1.935856
375 -0.580449 0.929084
2614 1.822665 2.935158
1682 -0.078111 1.055082
2518 0.668577 1.592223
1054 -0.833506 0.884849
2328 0.484973 1.283166
972 -0.612604 0.885556
2241 0.083859 1.120182
1290 -0.667472 0.847246
2628 2.397754 3.811290
2188 -0.853649 0.905193
558 0.306178 1.260804
1017 -0.486725 0.897189
601 -0.198290 0.993314
1004 -1.263624 0.886383
1303 -1.913942 1.064427
1833 -1.694130 1.035529
2228 -1.114236 0.886638
582 0.165944 1.134642
1112 -0.722006 0.917202
1010 -1.027693 0.825066
1844 -0.873761 0.862705
1011 -1.031707 0.859152
848 0.677731 1.565004
2459 -0.723266 0.870987
1013 -0.567854 0.843490
842 0.380678 1.322493
2481 -1.203553 0.930641
1066 -0.324821 0.908657
1903 -2.264549 1.157632
1174 -2.682841 1.283711
2232 -1.338039 0.903375
918 -0.676443 0.899597
661 -0.980396 0.880875
1957 0.105503 1.177872
1845 -0.761769 0.905967
979 0.516910 1.271662
917 -0.635293 0.913382
1208 -1.897498 1.083860
652 -0.584857 0.781124
653 -0.884865 0.832234
2029 0.716242 1.669856
1014 -0.610666 0.805750
1209 -2.356152 1.170441
2533 0.071187 1.113159
1045 -0.793692 0.931420
2626 2.054421 3.240213
1009 -1.126679 0.823669
2240 -0.122611 0.906350
1948 0.443272 1.391752
685 -0.882219 0.932710
1038 -0.901057 0.924045
686 -0.079261 1.057208
2602 1.692485 2.686528
1031 0.119404 0.841361
1006 -0.564136 0.661884
197 -0.930990 0.936217
2604 1.688464 2.669688
2486 0.937556 1.868047
707 0.824252 1.721907
2534 0.719322 1.584248
2239 -0.191352 0.992018
85 -0.493118 0.855742
1681 0.110105 1.106288
1680 -0.096973 1.065584
1679 0.239475 1.265899
2507 0.766009 1.583987
1408 -2.272285 1.045161
1849 -1.294420 0.882911
2603 1.163657 1.806559
1032 -0.771954 0.876039
2650 0.900261 1.555668
2506 -1.343395 0.880725
2627 1.131310 1.734071
2508 -0.559042 0.934138
1683 0.308485 1.326410
