2552 2
1542 -1.104265 0.333328
223 -1.165587 0.319416
74 -1.264533 0.537030
1614 -1.466960 0.866750
1640 -0.963039 -0.610881
1129 -1.039543 -0.922293
1773 -1.029461 0.006952
689 -0.997803 -0.620326
1594 -1.021648 -0.205215
2425 -1.272166 0.529786
831 -0.958111 -0.470443
1132 -1.033450 -0.790522
694 -1.002690 -0.432855
678 -1.130895 -1.252816
1326 -1.025925 -0.719800
2364 -1.030690 -0.055186
2129 -0.989271 -0.423516
1762 -1.539681 1.028265
2424 -1.239265 0.510154
690 -1.031936 -0.706702
2125 -1.042658 0.063351
1348 -1.004707 -0.494744
813 -1.033546 0.088592
2113 -1.663376 1.145227
2477 -1.083326 0.134290
1485 -1.206462 0.416601
1634 -1.217471 0.422608
90 -1.044430 0.128682
1637 -1.046155 -0.109489
671 -1.109002 -1.223997
1264 -1.783906 1.364077
1608 -1.574260 1.010062
1386 -0.990035 -0.673308
1035 -0.982395 -0.722414
1607 -1.377447 0.708145
814 -1.000810 -0.163584
2132 -0.988000 -0.432261
962 -1.064770 -1.251970
1242 -1.258725 0.590174
231 -0.990058 -0.558763
2411 -0.930753 -0.469680
1968 -0.997816 -0.583466
1390 -1.084638 -1.154318
1029 -1.083587 -1.058951
1350 -1.029691 -0.781557
666 -1.102904 -1.137158
1133 -1.051089 -1.064223
222 -1.078588 0.063385
1315 -0.939965 -0.531368
670 -1.115779 -1.282095
946 -0.948894 -0.501248
845 -1.040742 -1.015772
1641 -0.956993 -0.501753
878 -1.109174 0.241066
1052 -1.018402 -0.790223
378 -1.030895 -0.675827
481 -1.000289 -0.475922
1224 -1.836309 1.411732
484 -1.006811 -0.597103
227 -1.013643 -0.288556
1394 -0.970546 -1.094642
1617 -1.208874 0.519297
2257 -1.340646 0.674955
1051 -0.997307 -0.967662
840 -0.969056 -0.739965
1657 -1.097063 0.208477
225 -1.167155 0.225582
1349 -1.012997 -0.510026
1772 -1.065467 0.119148
155 -1.416552 0.816399
1618 -0.985400 -0.188156
1340 -0.989274 -0.498132
836 -0.980190 -0.504475
819 -1.007177 -0.409276
976 -1.061253 -1.144675
841 -1.000362 -0.682041
1626 -1.060848 0.018958
1644 -0.952988 -0.744846
226 -1.029793 -0.215917
1261 -1.821812 1.408508
730 -1.013621 -0.354392
1615 -1.582326 1.136307
39 -1.284472 0.681017
2128 -0.990655 -0.429642
133 -1.316749 0.620682
88 -1.052838 0.136239
749 -1.141339 -1.513640
1486 -1.200148 0.418131
983 -0.969139 -0.632848
680 -1.131563 -1.291276
351 -1.100356 -1.349804
887 -0.994661 -0.761371
1613 -1.282443 0.521395
328 -1.336719 -1.857380
727 -0.987927 -0.506070
1616 -1.410669 0.900456
2466 -1.110462 0.184360
34 -1.526093 1.037401
1249 -1.938838 1.583124
1761 -1.622106 1.091796
353 -1.240200 -1.604111
989 -1.012400 -0.932313
1238 -1.909562 1.540424
1339 -1.021083 -0.209504
163 -1.280357 0.586900
2154 -0.993732 -0.526452
1591 -0.994076 0.077754
1639 -0.921693 -0.608743
2406 -1.067278 0.129610
365 -0.953718 -0.626153
1596 -1.059002 0.035615
2475 -1.172183 0.332084
1351 -1.006268 -0.662463
1983 -1.005867 -0.786992
657 -0.960318 -0.826551
1392 -0.971345 -0.838953
2152 -0.995190 -0.363712
2151 -0.986545 -0.351384
167 -1.309786 0.633136
1333 -1.105391 0.389452
1925 -1.043471 -1.032830
2405 -1.107772 0.167830
824 -1.020687 -0.912502
597 -1.573799 -2.393149
1240 -1.160044 0.320736
2260 -1.162817 0.359338
807 -1.008965 -0.017793
232 -1.010851 -0.513516
901 -0.960379 -0.504513
1764 -1.304641 0.653008
2464 -1.053654 0.003964
355 -1.377311 -2.016627
1086 -1.104930 -1.270341
2164 -1.069431 0.094711
1147 -1.053019 -1.105627
233 -1.012314 -0.468799
664 -1.213411 -1.615353
1658 -1.065257 0.067578
1178 -2.270682 1.897322
816 -0.976423 -0.362657
659 -1.106675 -1.322550
1382 -1.009933 -0.697465
949 -1.017359 -1.168581
1611 -1.207492 0.461229
815 -0.985835 -0.419793
154 -1.210227 0.503898
826 -1.013921 -0.812209
1926 -1.000992 -0.711714
1128 -1.074631 -1.135843
1131 -1.009798 -0.797442
1116 -0.979718 -0.814501
961 -1.150112 -1.386108
2225 -1.002449 -0.679272
1483 -1.133220 0.260250
230 -1.023510 -0.251561
153 -1.436458 0.850292
181 -1.319142 0.675029
646 -1.280437 -1.866700
2465 -1.121096 0.205892
2103 -1.009545 -0.009065
2112 -1.739429 1.237615
1633 -1.163895 0.356501
468 -1.014436 -0.403290
1469 -1.763005 1.333960
1353 -1.060660 -0.862786
1355 -1.053051 -1.034147
129 -1.351099 0.714146
1837 -1.100161 0.106327
1645 -0.948856 -0.643581
1277 -1.025211 -0.662363
1028 -1.089633 -1.042535
121 -1.385216 0.755397
1471 -1.458866 0.937348
1344 -1.020573 -0.600118
656 -0.942070 -0.463852
933 -0.997934 -0.263769
1609 -1.413991 0.795837
679 -1.036860 -1.013102
1970 -0.972057 -0.317180
2089 -1.082825 0.188044
1960 -0.980677 -0.571861
270 -1.073683 -1.203185
2276 -1.305789 0.652395
2458 -1.066437 0.098029
880 -1.106394 0.342902
1653 -0.969764 -0.382485
586 -1.488917 -2.317098
366 -0.983647 -0.447334
1468 -2.003654 1.594399
2119 -0.909560 -0.391525
2102 -0.965193 -0.059542
1245 -1.519715 1.104022
969 -1.249628 -1.704686
941 -1.151807 0.493244
825 -1.017367 -0.824879
289 -1.539725 -2.310417
2259 -1.367891 0.713682
732 -0.996915 -0.260936
1241 -1.156644 0.315265
1964 -1.018295 -0.791999
95 -1.170209 0.383410
2494 -1.522226 0.971341
1122 -1.317688 -1.836560
1820 -1.292552 0.603090
2320 -1.404491 0.755821
677 -1.149713 -1.297650
676 -1.115047 -1.214679
1734 -1.532219 1.012508
830 -1.010453 -0.825212
469 -0.973243 -0.311494
1327 -1.018295 -0.639946
2261 -1.081876 0.220458
802 -0.936284 -0.637687
1493 -1.290137 0.628261
182 -1.120724 0.238517
224 -1.197206 0.306038
812 -1.011903 0.076623
731 -1.000167 -0.351407
1383 -1.004661 -0.761174
1599 -1.161246 0.396544
2126 -1.102006 0.194724
1972 -0.964587 -0.559253
1347 -0.977160 -0.442915
1821 -1.142833 0.352599
1842 -1.080901 0.041612
968 -1.051806 -1.170039
324 -1.462639 -2.147358
257 -1.603367 -2.482483
2088 -1.064155 0.131302
228 -0.990794 -0.443940
501 -1.062035 -1.014981
132 -1.465222 0.894430
1342 -1.027405 -0.715600
2147 -0.990612 -0.177799
414 -0.996687 -0.266735
1605 -1.371182 0.739705
2068 -1.067532 0.173534
1746 -1.861337 1.424605
2629 -1.161003 0.358774
1741 -1.527277 1.054895
1387 -0.999496 -0.632107
476 -1.007476 -0.551696
693 -0.968938 -0.311009
1280 -0.816344 -0.637666
1967 -1.016768 -0.684374
1959 -0.985800 -0.390086
2118 -1.014963 -0.015858
2108 -1.438839 0.849473
1087 -1.140993 -1.499233
1606 -1.364185 0.687129
329 -1.242404 -1.610551
1836 -1.023641 -0.071445
939 -1.089427 0.230567
964 -1.072273 -1.024396
1601 -1.152513 0.340865
1935 -1.013264 -0.802266
1831 -1.000735 -0.435777
1635 -1.179460 0.400963
138 -1.272550 0.530879
1747 -1.778662 1.325167
1713 -1.853122 1.447188
2318 -1.248232 0.471094
72 -1.430330 0.821423
942 -1.170258 0.587309
94 -1.098476 0.253320
77 -1.608963 1.130191
2394 -1.094779 0.183795
1476 -1.234758 0.477786
1962 -0.994461 -0.858830
1106 -1.099543 -1.203775
1345 -1.015845 -0.629504
1519 -1.399154 0.785321
1186 -3.130538 2.738504
1544 -1.206680 0.480491
2114 -1.438434 0.870935
888 -1.017361 -1.097232
598 -1.444010 -2.160671
1969 -0.978564 -0.217077
236 -0.936325 -0.633994
1107 -1.157653 -1.430839
660 -1.183301 -1.561481
2426 -1.280846 0.527813
1404 -0.993814 -0.718887
1103 -1.171771 -1.365388
844 -1.032563 -0.960467
75 -1.473440 0.918025
465 -1.051603 0.069411
935 -0.996594 -0.015062
1384 -1.014689 -0.700016
1597 -1.039771 0.064035
368 -0.970718 -0.574041
496 -0.998204 -0.717782
1602 -1.203331 0.397774
291 -1.325160 -1.956207
290 -1.534447 -2.337950
2449 -1.163914 0.314772
136 -1.227376 0.447086
748 -0.938593 -0.981310
354 -1.322728 -1.873422
267 -1.111357 -1.324304
1163 -1.661025 1.266973
810 -1.046196 0.172842
517 -0.974015 -0.499119
833 -0.983001 -0.362689
1263 -1.413072 0.939982
1839 -1.141341 0.174978
407 -1.207965 0.473924
669 -1.097425 -1.223568
1884 -0.991048 -0.403607
1646 -0.953071 -0.730971
1470 -1.656293 1.218586
2268 -1.342437 0.690091
984 -0.934145 -0.105520
2226 -1.042003 -0.895771
882 -0.916340 -0.166163
1590 -0.997027 0.136397
1878 -1.026657 -0.799236
1651 -0.959973 -0.713109
595 -1.945876 -3.149873
183 -1.152781 0.276337
817 -1.007372 -0.241611
2144 -0.976252 -0.388522
877 -1.186948 0.415346
36 -1.175150 0.383073
1767 -1.592497 1.162766
1529 -1.412083 0.754551
2319 -1.319086 0.622863
1338 -1.060177 0.109882
1980 -1.013384 -0.795732
2390 -1.005523 0.061176
1882 -1.007323 -0.523543
377 -1.029184 -0.677383
1276 -1.003140 -0.422627
1835 -1.066191 -0.020222
2299 -1.315624 0.612011
734 -0.958006 -0.620213
2168 -1.065506 0.104703
464 -1.007362 -0.162680
674 -1.176526 -1.422596
808 -1.032215 0.083971
1281 -0.777552 -0.460137
1145 -1.295481 -1.837935
1266 -2.607761 2.242787
1571 -0.936320 -0.136884
1199 -2.309469 1.952405
1763 -1.467002 0.924769
1880 -1.017658 -0.200550
2321 -1.395133 0.748009
2452 -1.255221 0.527277
1148 -0.978890 -0.784718
2404 -1.074709 0.092468
487 -1.043090 -0.979445
668 -1.127913 -1.183920
1356 -1.073494 -1.134850
943 -1.199389 0.480410
1379 -1.047969 -1.016029
1543 -1.225454 0.536717
2630 -1.110083 0.204624
2427 -1.390737 0.725842
2106 -1.337278 0.725526
325 -1.646671 -2.531362
134 -1.299784 0.555598
172 -1.340559 0.755766
2228 -0.997862 -0.732045
1484 -1.185054 0.368547
1398 -1.002682 -0.847325
1838 -1.160509 0.238688
944 -0.917155 -0.309973
2423 -1.348606 0.721589
1832 -0.999863 -0.209765
509 -1.064938 -0.958007
1274 -1.048327 0.032227
716 -0.985155 -0.284173
2353 -1.607214 1.160280
1748 -1.886079 1.481201
135 -1.200757 0.374983
1219 -2.208320 1.822502
318 -1.260599 -1.727695
673 -1.113808 -1.261251
1528 -1.281257 0.543632
1652 -0.957778 -0.402081
1279 -1.009949 -1.056294
371 -0.997364 -0.313541
1965 -1.027399 -0.800397
2110 -1.533575 1.001665
1271 -1.647321 1.236502
1328 -1.038938 -0.552611
162 -1.324749 0.692773
1623 -1.175362 0.355139
1108 -1.140087 -1.362081
2238 -1.367416 0.780177
1560 -1.093875 0.312774
2430 -1.352713 0.718918
2367 -1.070752 0.094694
288 -1.659575 -2.548925
1971 -0.980646 -0.443471
1771 -1.077335 0.139742
1085 -1.122661 -1.390781
1600 -1.369555 0.751708
834 -0.967358 -0.561899
2631 -1.012349 -0.055471
1354 -1.059394 -0.972854
475 -1.015199 -0.496426
2583 -0.965571 -0.449547
1105 -1.156931 -1.394189
1654 -1.064461 0.056846
120 -1.418350 0.814265
362 -1.222205 -1.626331
881 -1.074266 0.229966
364 -1.186789 -1.496340
1090 -1.373612 -1.969172
1659 -1.023572 -0.028962
726 -1.025581 -0.058551
1974 -0.976714 -0.610804
1966 -1.029294 -0.747131
584 -1.160483 -1.492913
1570 -1.125782 0.388982
2396 -1.019914 0.095569
583 -1.286905 -1.784465
2057 -1.366440 0.780531
691 -1.014819 -0.679483
948 -1.024596 -1.063003
1545 -1.202160 0.487650
1589 -0.998630 -0.041816
846 -1.080346 -1.184979
268 -1.210130 -1.606280
137 -1.288100 0.552785
936 -0.996464 -0.114708
1879 -1.021315 -0.428858
1624 -1.160107 0.311927
2279 -1.107633 0.213998
1598 -1.030565 -0.027489
2467 -1.094936 0.161143
2111 -1.755098 1.255598
667 -1.125369 -1.190491
1891 -1.012294 -0.908499
379 -1.019212 -0.530586
1034 -0.947054 -0.649371
235 -0.960087 -0.322479
900 -0.992728 -0.565835
2407 -0.994890 -0.857803
38 -1.362817 0.729345
410 -1.023542 -0.006836
1841 -1.097379 0.077140
2397 -0.966107 -0.290197
1467 -1.980165 1.576584
991 -1.049080 -0.959168
358 -1.579623 -2.377648
1385 -0.990426 -0.593078
166 -1.226748 0.497291
1146 -1.110463 -1.326266
2263 -1.009130 -0.037534
412 -1.046574 0.083193
63 -1.533234 1.060437
1118 -1.012900 -1.162969
1329 -0.977957 -0.359397
1625 -1.110626 0.151690
367 -0.976071 -0.425150
843 -1.039769 -0.915545
1136 -1.200368 -1.525141
798 -1.160175 -1.667402
218 -1.076508 0.134685
1846 -1.018926 -0.023156
2109 -1.480908 0.933383
1524 -1.310614 0.629779
1604 -1.261099 0.493817
2277 -1.266438 0.542622
157 -1.284626 0.637143
2172 -0.989888 -0.596738
1201 -2.580596 2.243874
2363 -1.162382 0.396622
1138 -1.101141 -1.208506
2395 -1.144269 0.316717
1325 -1.044962 -0.638612
1961 -0.995181 -0.826643
1359 -1.140087 -1.485878
720 -1.138017 0.330572
1165 -1.489660 1.054251
2368 -1.075472 0.201543
2145 -0.995457 -0.168876
1072 -1.024785 -0.962376
2317 -1.128994 0.254446
1234 -2.325772 1.943171
1742 -1.629133 1.193888
1062 -1.022503 -1.018649
687 -1.068205 -1.009876
320 -1.581614 -2.435817
1403 -1.006281 -0.816707
1603 -1.276555 0.498375
342 -1.370316 -1.972452
2264 -1.220266 0.472854
1847 -1.016357 -0.009800
1536 -1.264024 0.570739
344 -1.220548 -1.671590
1149 -1.000779 -0.722011
995 -0.964187 -0.592164
1164 -1.590667 1.187219
2148 -1.127903 0.298089
193 -1.624068 1.107774
588 -1.897937 -3.057342
796 -1.151615 -1.669858
122 -1.610570 1.138838
1200 -2.255996 1.909630
474 -1.021639 -0.149322
258 -1.850089 -2.924920
92 -1.150010 0.311271
360 -1.145027 -1.402612
1150 -0.968587 -0.623002
1593 -1.146968 0.427483
974 -1.165004 -1.509186
319 -1.541010 -2.357411
649 -1.644573 -2.496761
2169 -0.961692 -0.330169
977 -1.037357 -0.976629
761 -0.967980 -0.570731
417 -1.013964 -0.045188
483 -0.989110 -0.561260
883 -0.918407 -0.256489
1246 -1.984467 1.576505
1890 -1.018925 -0.866376
1937 -1.018651 -0.793055
1733 -1.506413 0.971466
2055 -1.348756 0.666973
502 -0.984999 -0.726414
1694 -2.229815 1.883762
1332 -1.037538 0.126596
665 -1.202309 -1.608135
1714 -1.797009 1.372462
1655 -1.028191 0.011174
1215 -2.288906 1.934004
2280 -1.271955 0.501598
1073 -1.172517 -1.483483
488 -1.084950 -1.124837
1477 -1.320317 0.623255
1027 -1.069148 -0.989406
1648 -0.922521 -0.513118
1421 -2.002670 1.663515
301 -1.212012 -1.664822
1765 -1.511261 1.047329
1140 -1.412254 -2.070257
485 -1.021125 -0.891356
1478 -1.254729 0.510201
184 -1.256472 0.524500
585 -1.307370 -1.818196
1622 -1.078685 0.068988
415 -1.002517 -0.231484
350 -1.334610 -1.818199
169 -1.487967 0.921895
1341 -0.999899 -0.578335
681 -1.087430 -1.178387
188 -1.565417 1.037219
363 -1.370020 -1.893379
2229 -1.017061 -0.787265
823 -1.025556 -1.015151
573 -1.258236 -1.855428
985 -0.984449 -0.298195
2445 -0.956235 -0.700850
1738 -1.196779 0.481382
2289 -1.449667 0.846013
2139 -0.955655 -0.434106
770 -1.002325 -0.901116
2461 -1.042017 -0.009148
1743 -2.086752 1.700964
1179 -2.343588 1.981696
2431 -1.354769 0.715753
2341 -1.418256 0.803595
1817 -1.328433 0.710983
1895 -0.979528 -0.640806
2163 -1.029315 0.077250
2127 -1.000286 -0.117912
2463 -1.017632 -0.098960
1574 -0.967319 -0.118139
932 -1.031020 -0.020167
1636 -1.167255 0.272426
192 -1.756813 1.251475
725 -1.156530 0.377784
809 -0.982307 -0.142479
2227 -1.020816 -0.768192
1897 -1.044711 -0.021950
2371 -1.095518 0.225049
2087 -1.093337 0.233698
2316 -1.141978 0.323745
271 -1.144966 -1.362593
804 -0.956964 -0.974345
1393 -0.928774 -0.683449
1632 -1.233725 0.501046
1936 -1.014935 -0.667833
966 -1.090293 -1.216803
1818 -1.301613 0.633735
2474 -1.065738 0.134047
662 -1.337144 -1.932787
886 -0.953440 -0.378531
1324 -1.019749 -0.599904
2314 -1.258700 0.547978
2502 -1.095371 0.238583
1881 -1.007779 -0.596367
467 -1.021595 -0.114874
1638 -0.915732 -0.508179
1479 -1.248624 0.509983
1642 -0.970014 -0.706694
994 -0.994504 -0.749584
1628 -0.990076 -0.138257
638 -1.619333 -2.556628
1876 -1.027916 -0.971855
1829 -1.043920 -0.047006
1117 -1.025167 -1.088224
1843 -1.048146 -0.076759
343 -1.324943 -1.811718
1610 -1.242665 0.478090
447 -0.994745 -0.149239
818 -1.005369 -0.405485
1448 -1.750868 1.355211
1278 -1.024256 -0.897469
581 -1.350960 -2.020828
173 -1.235106 0.558793
2393 -1.258799 0.580573
2003 -1.196285 -1.660536
2182 -0.994395 -0.581026
1492 -1.292008 0.545249
1175 -2.131465 1.797489
897 -0.991057 -0.370619
1233 -2.205022 1.820879
60 -1.599837 1.125794
327 -1.466194 -2.152671
2170 -0.996141 -0.565077
316 -1.416939 -2.071462
879 -1.138079 0.336155
2457 -1.058330 0.090307
1770 -1.192854 0.468892
820 -0.992145 -0.460379
957 -1.384986 -2.081731
658 -1.069903 -1.172836
370 -1.007314 -0.278449
2493 -1.637261 1.140728
769 -0.956269 -0.764954
1504 -1.535296 0.979128
495 -1.070317 -0.957927
64 -1.299232 0.679572
788 -1.177851 -1.559656
2107 -1.411750 0.858902
466 -1.054627 0.074229
1250 -2.428599 2.074967
1812 -1.169062 0.322581
1592 -1.015600 0.111513
967 -1.022594 -0.946421
2130 -1.003098 -0.214411
975 -1.131041 -1.343822
89 -1.118056 0.226887
1735 -1.806841 1.362910
1115 -1.078695 -1.124954
1588 -1.084597 0.172063
672 -1.150809 -1.429106
1525 -1.360164 0.697845
330 -1.376461 -1.979347
2281 -1.206309 0.413850
2131 -0.995676 -0.726083
341 -1.244310 -1.698585
915 -1.097827 -1.294080
1466 -1.781039 1.395340
273 -1.257113 -1.692732
1826 -1.092113 0.175463
1391 -1.010176 -0.906755
640 -1.353179 -2.015743
1155 -2.529502 2.188137
1494 -1.373103 0.760058
1669 -1.220667 0.613918
2409 -1.010790 -0.975420
2444 -0.951950 -0.474899
1572 -1.050784 0.299313
1104 -1.186863 -1.479883
91 -1.088681 0.186571
416 -0.955148 -0.462934
58 -1.276533 0.629596
2443 -0.934911 -0.455006
1619 -0.994568 -0.228507
161 -1.619126 1.116220
158 -1.284487 0.675961
1120 -1.346598 -1.931627
903 -0.978295 -0.828071
580 -1.717368 -2.767338
317 -1.182502 -1.530137
1400 -0.952930 -0.556793
174 -1.388090 0.789865
1124 -1.173077 -1.544409
663 -1.524144 -2.329005
1883 -0.976796 -0.588356
180 -1.477163 0.903103
2580 -1.071635 0.138999
1239 -1.524336 0.999305
1079 -1.186222 -1.591376
634 -2.408058 -3.908604
1929 -1.015728 -0.841002
1337 -1.128851 0.264800
1143 -1.163393 -1.562314
187 -1.364882 0.746301
1977 -0.984993 -0.886113
1265 -2.365647 1.943461
762 -0.967571 -0.782031
596 -1.946178 -3.080557
1223 -2.006635 1.665012
2040 -1.389444 0.861881
1227 -1.540207 1.044780
462 -1.060764 0.036404
2167 -1.181085 0.443871
1550 -1.231183 0.493976
1753 -1.276607 0.635567
1928 -1.012984 -0.877601
862 -1.269996 0.622484
2468 -1.128277 0.237797
688 -1.040802 -1.000322
2456 -1.010149 -0.054896
1144 -1.212387 -1.674469
1139 -1.186774 -1.435888
215 -1.017435 0.149332
729 -1.006555 -0.209067
2342 -1.581262 1.111265
2123 -0.963640 -0.099778
1343 -1.039151 -0.719800
2231 -1.028633 -0.841701
2026 -0.962362 -0.356273
168 -1.328871 0.684920
1402 -1.036029 -0.966288
220 -1.009893 -0.119918
1497 -1.481460 0.955231
234 -0.979157 -0.130072
326 -1.553370 -2.411851
1562 -1.180581 0.418165
2115 -1.329874 0.707184
572 -1.645058 -2.569553
803 -0.926966 -0.663282
1856 -1.075643 0.169477
274 -1.226277 -1.643426
361 -1.228147 -1.583525
2473 -1.227927 0.463492
655 -0.941144 -0.853248
1823 -1.339512 0.715262
1731 -1.594410 1.177622
1318 -0.975363 -0.627814
2462 -1.055368 0.015262
551 -1.471222 -2.269750
1320 -1.011011 -0.860330
2064 -1.418182 0.836762
1170 -2.350721 1.980458
1019 -0.981814 -0.497153
1260 -1.835095 1.448735
1643 -0.941099 -0.683720
1177 -2.676708 2.333131
356 -1.626667 -2.486082
420 -1.282327 0.621870
1647 -0.940677 -0.788057
1137 -1.100324 -1.207175
2230 -1.022892 -0.859864
2476 -1.179157 0.331184
602 -1.673119 -2.672658
772 -1.004675 -0.788490
1656 -0.989116 -0.057701
1134 -1.150749 -1.404380
2117 -1.099219 0.220820
37 -1.381523 0.748794
1397 -1.137910 -1.427580
1979 -1.041012 -1.018338
1358 -1.199257 -1.591037
408 -1.139181 0.345332
1395 -1.042074 -1.239790
1561 -1.217547 0.527222
1830 -1.002052 -0.305071
937 -1.011989 -0.065805
2155 -0.993577 -0.247335
313 -1.432683 -2.159620
1427 -1.999883 1.615477
202 -0.966282 -0.464154
1526 -1.237565 0.499195
2267 -1.376808 0.749998
811 -1.141566 0.430455
278 -1.488740 -2.272178
470 -0.975623 -0.305121
2265 -1.270904 0.572874
2618 -1.132173 0.313393
1050 -1.068018 -1.086658
2436 -1.147844 0.331391
773 -1.012485 -0.857935
2365 -0.969385 -0.360923
965 -1.036758 -0.942127
448 -1.000479 -0.116516
587 -1.692991 -2.633907
728 -0.963193 -0.351161
2066 -1.330692 0.678953
1792 -0.983559 -0.374797
2104 -1.015609 0.021947
1380 -1.039997 -0.873158
806 -0.946106 -0.154392
821 -0.994479 -0.671280
1824 -1.351505 0.764232
107 -1.536327 1.007358
1744 -1.668797 1.226811
647 -1.381938 -2.072349
771 -0.967601 -0.737475
1503 -1.673698 1.199212
537 -1.018587 -0.044872
1119 -1.100328 -1.383579
2375 -1.145030 0.309006
719 -0.985586 0.010075
376 -1.035935 -0.756679
59 -1.484377 1.006008
2376 -1.305282 0.655264
2480 -1.014567 -0.063961
1693 -1.784666 1.402470
486 -0.967901 -0.797388
1003 -0.993336 -0.188560
1070 -1.029541 -0.828077
1291 -0.993271 -0.477724
2156 -0.997740 -0.142599
902 -0.979473 -0.738728
797 -1.439878 -2.185967
997 -0.974454 -0.313269
2069 -1.071079 0.138551
733 -0.984838 -0.583868
1187 -3.535591 3.105648
272 -1.257761 -1.715105
463 -1.017298 -0.209328
269 -1.169093 -1.531485
2326 -1.002115 0.008327
1330 -1.002996 -0.124508
401 -1.207155 0.469540
2278 -1.315055 0.631374
2333 -1.447961 0.892628
1627 -1.001279 -0.190458
2081 -1.387550 0.772820
2585 -0.965558 -0.468459
431 -1.167122 0.378090
1573 -0.996531 -0.193073
186 -1.337153 0.698790
71 -1.482482 0.905344
1331 -1.010367 -0.060431
1840 -1.097293 0.087971
2262 -0.992678 -0.250761
1102 -1.036696 -1.044645
1314 -0.991016 -0.787970
1828 -1.046074 -0.013494
648 -1.625280 -2.577108
1447 -1.432581 0.951022
2339 -1.279009 0.578399
152 -1.444772 0.855261
1237 -2.353235 1.981056
2067 -1.186234 0.418477
1916 -0.954594 -0.330694
1582 -1.659435 1.223114
1247 -2.760594 2.386167
165 -1.186493 0.390911
829 -0.988696 -0.834215
1834 -1.051586 -0.025836
203 -1.039573 -0.021108
1896 -0.987000 -0.237554
1088 -1.320364 -1.862363
740 -1.123498 -1.427709
2622 -0.992143 -0.187561
2366 -1.011349 -0.153616
130 -1.383392 0.737489
945 -0.958323 -0.447142
459 -1.003239 -0.083278
623 -2.263821 -3.668439
1025 -1.050674 -0.972360
1259 -2.421945 2.062998
1981 -1.010526 -0.698734
1585 -1.006657 0.247016
1475 -1.315297 0.611042
1454 -2.060623 1.724616
2269 -1.340533 0.694232
1212 -2.555164 2.205359
822 -1.022052 -0.900487
1449 -1.693528 1.257858
194 -1.566428 1.037585
1305 -0.980400 -0.142997
43 -1.450341 0.870466
1189 -2.993124 2.613742
2283 -1.493474 0.957383
1405 -0.959766 -0.530348
2247 -1.394082 0.866070
532 -0.939854 -0.362058
2573 -0.992496 -0.140291
2105 -1.472941 0.907641
622 -2.253123 -3.656852
1678 -1.554902 1.025032
1243 -1.381512 0.879415
249 -1.227124 -1.724822
934 -0.979389 -0.241235
1428 -2.402156 2.031417
2450 -1.162654 0.351853
55 -0.925590 -0.242459
2138 -1.025424 -0.043246
352 -1.055717 -1.154418
2313 -1.357781 0.725781
1232 -1.760293 1.322969
510 -1.036485 -0.923257
2290 -1.542773 0.957273
593 -2.115948 -3.462528
1226 -1.390285 0.837952
2282 -1.453779 0.895767
1502 -2.024074 1.681449
61 -1.760650 1.342973
406 -1.232742 0.551095
500 -0.966478 -0.508247
718 -0.962936 -0.297134
1717 -1.601600 1.113752
1551 -1.191788 0.474814
2142 -0.992389 -0.789129
2042 -1.229897 0.525851
1939 -1.038224 -0.897904
1248 -2.441938 2.083893
1275 -1.014718 -0.080231
1113 -0.925851 -0.673621
913 -1.114249 -1.486346
1304 -1.021960 -0.291009
717 -1.001217 -0.042730
216 -1.120043 0.323222
1768 -1.391755 0.802807
973 -1.329894 -1.964434
2171 -0.980641 -0.563498
1732 -1.739007 1.304563
78 -1.802506 1.373564
302 -1.434901 -2.112512
2184 -0.977226 -0.283778
1127 -1.209734 -1.524348
2084 -1.113962 0.313682
445 -1.150892 0.389252
1740 -1.390850 0.830224
724 -1.106082 0.293903
2083 -1.108769 0.326325
2479 -1.084786 0.124434
526 -1.193904 -1.533801
899 -0.986243 -0.278760
1074 -1.236677 -1.632553
303 -1.459645 -2.220776
682 -1.006666 -1.007059
108 -1.574889 1.060080
2403 -1.028542 -0.055500
477 -0.982059 -0.555742
2150 -0.967129 -0.100050
1272 -1.089154 0.341025
2619 -1.064953 0.133158
1692 -1.856906 1.465829
1690 -2.232113 1.890171
800 -0.975344 -0.883152
1523 -1.380907 0.754350
1665 -0.972638 0.032224
947 -1.067499 -1.178728
2224 -1.019359 -0.680261
2412 -0.944064 -0.375532
13 -1.350215 0.770417
2178 -1.004937 -0.715531
1804 -1.400503 0.795112
57 -1.109721 0.333298
62 -1.789728 1.376916
1850 -1.465775 0.969814
898 -0.949552 -0.293788
1673 -1.334412 0.798775
1984 -1.038291 -0.970283
1813 -1.274558 0.588403
432 -1.138507 0.311198
1012 -0.969750 -0.444419
1559 -1.217281 0.633422
1716 -1.670452 1.156865
1452 -2.024243 1.585680
1071 -1.035719 -0.910839
20 -1.485268 0.960851
2041 -1.371565 0.820144
1695 -2.360187 2.043424
1547 -1.300958 0.718370
1346 -0.988360 -0.522382
1422 -2.067303 1.714147
2258 -1.319349 0.670607
1015 -0.908999 -0.385024
207 -1.065568 0.134014
2579 -1.148062 0.360470
1898 -1.054395 -0.010443
2343 -2.179420 1.798136
2245 -1.427839 0.898853
1381 -0.979296 -0.661591
533 -0.997222 0.083387
832 -0.956248 -0.250151
847 -0.999011 -1.002159
2581 -0.994234 -0.070821
1887 -1.005566 -0.042978
369 -0.985123 -0.349576
1737 -1.418575 0.885465
190 -1.802699 1.337443
2386 -1.395033 0.814309
626 -2.582317 -4.118803
1505 -1.405375 0.781153
217 -1.236598 0.572144
1406 -0.953638 -0.587603
141 -1.318970 0.696383
1141 -1.326636 -1.889532
838 -0.988542 -0.358729
639 -1.605114 -2.492323
2270 -1.507288 0.936558
1819 -1.335255 0.710548
1495 -1.352586 0.750161
2165 -1.169530 0.375355
2078 -1.378792 0.776899
1814 -1.306975 0.675973
1982 -0.979272 -0.691600
2553 -1.335895 0.727783
1797 -1.223852 0.498318
2266 -1.270772 0.613838
645 -1.957884 -3.103379
1825 -1.142640 0.339477
1938 -1.010718 -0.824378
920 -1.085276 -1.177064
2584 -0.977230 -0.629344
2312 -1.277666 0.571545
93 -1.157952 0.299857
1098 -1.017231 -0.810539
307 -1.395721 -2.020159
438 -0.994626 0.072121
1649 -0.943771 -0.640057
1016 -0.931012 -0.535953
1229 -1.202220 0.476652
1893 -1.051801 -1.086907
1321 -0.991460 -0.798742
594 -2.073752 -3.318381
237 -0.948007 -0.262567
1674 -1.423073 0.903516
993 -1.007484 -0.920594
2023 -1.008713 -0.795909
250 -1.573655 -2.397344
1877 -1.004385 -0.943748
1030 -1.063919 -1.103406
1166 -2.293560 1.908296
1399 -0.980092 -0.798818
73 -1.298939 0.623789
1413 -1.938080 1.514803
1184 -2.671838 2.311708
1569 -1.135699 0.418038
1584 -1.269166 0.635378
2036 -1.332874 0.743813
524 -1.052735 -1.034493
1583 -1.768227 1.361390
1857 -1.061038 0.226641
285 -1.751868 -2.761267
525 -1.193340 -1.444052
1445 -1.244712 0.618742
2085 -1.070835 0.296017
1537 -1.280119 0.605037
1258 -2.363331 2.007505
2413 -0.998013 -0.111059
333 -1.395273 -1.999729
1374 -1.027858 -1.102028
1231 -1.305152 0.761666
2166 -1.223553 0.527200
399 -1.261315 0.519648
2219 -1.026314 -1.140222
84 -1.255274 0.570730
1049 -1.040070 -1.063760
827 -1.012323 -0.967597
1069 -0.985972 -0.900977
2025 -0.956907 -0.514152
2354 -1.818467 1.405105
1516 -1.455508 0.844531
2552 -1.336912 0.756116
2146 -0.990723 -0.327916
480 -0.983423 -0.438577
1774 -1.046181 0.035676
1489 -1.266597 0.561865
449 -1.015369 -0.053255
2157 -0.995168 -0.057542
1125 -1.215721 -1.571465
1930 -1.008720 -0.878636
2065 -1.375022 0.794698
389 -1.623854 1.244439
963 -1.077701 -1.143971
44 -1.334222 0.709641
2037 -1.312986 0.723033
1436 -1.522922 1.031544
1535 -1.145411 0.371361
1451 -2.059562 1.622733
2038 -1.128447 0.296314
1389 -1.073383 -1.081335
507 -1.071391 -1.030725
675 -1.186402 -1.443037
2122 -0.936429 -0.178276
2448 -1.091908 0.154306
2516 -0.958035 -0.278972
229 -1.025083 -0.337555
159 -1.420152 0.873338
2035 -1.066604 0.263461
2300 -1.428541 0.815722
1216 -2.608201 2.256579
889 -1.088061 -1.352797
2432 -1.318205 0.679841
1488 -1.382207 0.687302
310 -1.332752 -1.956221
1370 -0.988796 -0.867389
2639 -0.987117 -0.513598
641 -1.860304 -2.981837
2578 -1.151284 0.331933
1335 -1.636617 1.228353
1126 -1.182814 -1.609224
1951 -1.055776 -1.115038
1950 -1.027045 -1.082007
561 -2.135904 -3.458939
940 -1.003161 0.104878
723 -1.033285 -0.010420
835 -1.008079 -0.773436
211 -1.132390 0.301402
2385 -1.244474 0.580851
971 -1.524347 -2.382666
861 -1.212601 0.513434
1963 -0.977930 -0.692986
349 -1.296485 -1.787151
2410 -0.983046 -0.841498
839 -1.023647 -0.558775
2642 -0.991485 -0.251129
1089 -1.341052 -1.902499
359 -1.448462 -2.158756
2336 -1.240891 0.589237
2221 -0.993450 -0.800399
2080 -1.220744 0.465381
921 -1.207620 -1.588470
644 -2.162418 -3.446167
2254 -1.175254 0.460625
275 -1.405815 -2.064701
2531 -1.030910 0.127831
1531 -1.405215 0.801668
2056 -1.361138 0.722015
1334 -1.224768 0.645088
884 -0.944871 -0.383375
1491 -1.301875 0.579682
1453 -1.770610 1.382901
2198 -0.991146 -0.063227
1934 -1.006383 -0.827349
2617 -1.090090 0.201299
1439 -1.371347 0.884509
2521 -1.007983 -0.110607
1450 -1.652048 1.156219
763 -0.945975 -0.651448
574 -1.398313 -2.135997
1018 -0.981170 -0.434637
559 -2.106740 -3.447791
2004 -1.172159 -1.544831
916 -1.075779 -1.138331
2389 -1.090030 0.265809
1530 -1.375872 0.705071
2304 -1.248733 0.544766
1496 -1.524405 1.014027
204 -1.025687 -0.040728
2645 -0.986177 -0.213990
1666 -1.138008 0.501006
1273 -1.146837 0.362154
418 -1.050561 0.086335
430 -1.165888 0.377967
1827 -1.045802 -0.037056
2582 -0.958956 -0.339797
2438 -1.329149 0.670707
33 -1.807820 1.378841
1388 -1.069297 -1.055544
1749 -1.779795 1.341627
996 -0.984259 -0.669136
1739 -1.410640 0.913694
1306 -0.989872 -0.075340
1005 -0.948129 -0.359825
1225 -1.693038 1.202566
684 -1.019311 -1.268754
2302 -1.545973 0.972279
1760 -1.810114 1.385224
1958 -0.956813 -0.486464
2149 -1.048042 0.002739
1931 -0.993826 -0.781336
1037 -0.953389 -0.536682
2297 -1.444121 0.831121
1807 -1.187505 0.422369
345 -1.345360 -1.907586
2623 -1.083261 0.185717
1176 -2.216802 1.885180
760 -0.983657 -0.769157
1437 -1.474909 0.976543
2073 -1.289088 0.650180
1218 -2.089080 1.734249
21 -1.408695 0.799663
282 -1.423809 -2.145333
1053 -1.036164 -0.891734
2564 -0.992844 -0.165145
1811 -1.149117 0.319035
2501 -1.266308 0.567209
2092 -1.256020 0.558742
1932 -0.975788 -0.605283
40 -1.288929 0.636654
1568 -1.042036 0.100521
251 -1.696586 -2.714251
866 -0.946616 -0.048477
35 -1.470710 0.958286
2451 -1.229940 0.481064
1373 -1.030262 -0.980383
599 -1.317184 -1.976174
1952 -1.073938 -1.175553
1789 -1.090820 0.106506
1024 -1.060521 -0.991712
1198 -2.680229 2.345018
2275 -1.292376 0.584954
2143 -0.976001 -0.694097
2382 -1.319930 0.686046
2361 -1.210087 0.413966
1955 -1.171681 -1.513732
837 -0.978188 -0.229215
1414 -1.710523 1.276817
1754 -1.639675 1.160668
2308 -1.453476 0.831284
692 -0.993877 -0.914417
2495 -1.284599 0.623333
2379 -1.436354 0.861756
42 -1.441808 0.850893
413 -1.026796 -0.056740
1794 -1.081867 0.075985
2565 -1.017868 -0.035103
65 -1.216750 0.606837
1361 -1.145581 -1.444032
156 -1.493220 0.920915
209 -1.087606 0.171235
372 -1.008113 -0.277408
896 -0.960789 -0.387368
1660 -1.070812 0.196020
1432 -1.981256 1.552447
299 -1.471842 -2.310203
2614 -1.000132 -0.033988
1888 -1.046299 0.101808
855 -1.151426 0.303272
1795 -1.037046 -0.018403
2286 -1.395761 0.841110
139 -1.613834 1.154654
127 -1.638885 1.126153
1751 -1.445655 0.906265
1055 -0.992172 -0.709553
511 -1.029452 -0.878670
1558 -1.312308 0.673656
2176 -0.971290 -0.380094
828 -1.030069 -0.896437
2218 -1.007422 -0.936095
992 -1.063864 -1.045301
443 -1.166644 0.420993
1188 -3.045191 2.711213
2638 -1.002769 -0.022721
1352 -1.028098 -0.702813
904 -0.987543 -0.906517
1111 -1.192101 -1.550971
1193 -3.705764 3.266967
938 -1.054575 0.112952
2199 -0.999641 -0.035690
531 -0.922662 -0.676400
518 -1.011796 -0.710432
2256 -1.294946 0.702035
54 -0.926245 -0.079848
705 -0.976574 -0.757202
2621 -1.005574 -0.174002
189 -1.652015 1.148188
2307 -1.477178 0.920608
1429 -2.327671 1.986273
2575 -0.970992 -0.272751
2350 -1.302065 0.666148
1262 -1.751541 1.309779
1515 -1.480839 0.920548
433 -1.131221 0.307726
2071 -1.090459 0.212294
277 -1.627133 -2.569732
337 -1.426867 -2.161772
558 -1.915120 -3.094725
248 -1.257267 -1.841794
764 -0.957056 -0.830921
799 -1.057248 -1.311652
1438 -1.544834 1.102020
1791 -1.054920 0.013550
2441 -1.039739 0.044762
1162 -2.664682 2.312516
2539 -1.084924 0.237978
16 -1.966593 1.588770
2392 -1.192970 0.493036
789 -1.227641 -1.668321
2398 -0.985926 -0.854466
1268 -3.343869 2.951754
1080 -1.308336 -1.902778
1378 -1.013935 -0.901956
527 -1.104703 -1.331636
2024 -1.031049 -0.911722
398 -1.186216 0.463917
699 -1.077015 0.158425
1130 -1.023093 -0.929402
2489 -1.587641 1.126367
305 -1.466181 -2.199080
870 -1.127523 0.359577
950 -1.193261 -1.618918
1336 -1.245954 0.608384
2369 -1.100200 0.167416
1435 -1.686994 1.261643
1498 -1.976645 1.626185
263 -1.702451 -2.709261
1499 -1.994254 1.624168
426 -1.194642 0.478435
522 -1.018482 -0.857349
145 -1.677559 1.220970
1874 -1.025858 -0.983172
1299 -1.057804 -0.006345
931 -0.941402 -0.334861
2349 -1.457339 0.961530
2082 -1.255066 0.565093
1211 -3.100594 2.752222
970 -1.413518 -2.213940
322 -1.387089 -2.024547
2537 -0.985623 0.044779
2528 -0.993414 -0.130064
1855 -1.058111 0.221615
1595 -1.012446 -0.187645
2121 -0.905209 -0.252228
1292 -1.005123 -0.236145
2301 -1.493650 0.913127
2437 -1.307861 0.603581
2306 -1.369815 0.765377
2097 -1.519232 1.062420
745 -1.370420 -2.039083
1787 -1.294055 0.646575
1631 -1.040989 0.183942
1298 -1.003017 -0.203130
1975 -1.001540 -0.715593
1121 -1.415899 -2.034002
914 -1.122616 -1.399877
768 -0.936062 -0.655710
1612 -1.280716 0.546274
2478 -1.074774 0.194424
548 -1.874125 -2.981407
1426 -2.204240 1.875557
2124 -1.043354 0.065173
2255 -1.149430 0.445181
786 -1.207354 -1.591970
402 -1.141738 0.307415
331 -1.466321 -2.045206
1142 -1.481861 -2.225283
1156 -2.701091 2.324918
1465 -1.851300 1.430227
2644 -0.975951 -0.434373
620 -1.488277 -2.256679
2391 -1.095471 0.294699
1319 -0.962233 -0.617663
1517 -1.391279 0.721341
2536 -1.052087 0.159354
308 -1.453827 -2.198198
1501 -2.307491 1.998802
123 -1.732582 1.253112
2039 -1.365503 0.775476
292 -1.620522 -2.510080
2374 -1.094078 0.194205
1418 -2.038214 1.692376
281 -1.538220 -2.382703
171 -1.543701 1.011085
191 -1.748713 1.291712
176 -1.201745 0.543769
2517 -0.955916 -0.369730
805 -0.866366 -0.776601
1407 -0.999532 -0.638546
1462 -1.806652 1.421206
951 -1.290811 -1.898402
1363 -1.142610 -1.464001
2637 -0.944833 -0.352952
1180 -2.777762 2.407278
871 -1.032809 0.251857
1780 -1.230842 0.569194
1650 -0.945666 -0.596698
2612 -0.991673 0.002046
1620 -0.988426 -0.180494
1308 -1.008603 -0.642292
1002 -0.976473 -0.341906
2093 -1.162822 0.472322
872 -1.100319 0.294164
280 -1.332603 -1.998118
259 -1.965496 -3.211573
627 -2.334468 -3.767694
986 -0.953038 -0.628561
178 -1.047307 0.226924
357 -1.721913 -2.676439
2116 -1.100585 0.268271
1244 -1.418227 0.898241
421 -1.347198 0.766614
856 -1.053517 0.142887
1415 -1.936141 1.520055
1235 -2.407250 2.064354
208 -1.103194 0.172983
210 -1.167604 0.403583
1417 -2.111966 1.720771
1527 -1.281648 0.561578
1095 -1.272870 -1.754404
2159 -0.983195 -0.034325
1563 -1.048002 0.091964
1269 -2.212720 1.863133
99 -1.371323 0.794872
523 -1.002980 -0.767292
1953 -1.000259 -0.891209
2335 -1.299479 0.693625
434 -1.018430 -0.002582
2550 -1.263432 0.619901
2212 -0.986282 -0.771657
1036 -1.013961 -0.807751
2606 -1.071837 0.166251
2532 -1.046152 0.140960
1927 -0.984215 -0.720505
446 -0.975580 -0.102768
1446 -1.445727 0.911480
635 -2.235961 -3.609833
710 -0.970645 -0.493744
2562 -0.969914 -0.120626
1865 -1.145158 0.317268
1434 -1.647595 1.191383
2548 -1.144365 0.395739
1696 -2.653304 2.340241
2027 -0.955059 -0.533401
388 -1.591981 1.228866
512 -1.083407 -1.089839
2179 -0.956882 -0.615880
164 -1.247964 0.555663
637 -1.691249 -2.683833
2189 -0.982750 -0.657387
140 -1.517033 1.019490
427 -1.132727 0.327047
2284 -1.458238 0.899567
535 -1.017768 -0.026862
1222 -2.772250 2.420614
2372 -1.193682 0.397462
2454 -1.033169 -0.011166
905 -0.988993 -0.944240
1473 -1.399545 0.786194
2378 -1.379178 0.761909
2577 -0.991203 -0.235330
2322 -1.091259 0.239646
300 -1.641023 -2.610131
461 -1.071680 0.119927
1715 -1.821047 1.347756
2177 -0.986685 -0.363219
990 -1.002384 -1.053698
515 -0.975995 -0.422929
1135 -1.317704 -1.790252
503 -1.041819 -0.936336
1697 -2.490593 2.186361
1077 -1.045309 -1.167068
1520 -1.469536 0.899029
1511 -1.342868 0.678271
2180 -1.000841 -0.655819
2099 -1.203138 0.479445
2527 -0.966637 -0.221832
335 -1.695413 -2.695566
2285 -1.627820 1.142262
1752 -1.274096 0.677962
2383 -1.271628 0.680228
22 -1.372484 0.817704
1766 -1.699520 1.264046
2223 -0.996955 -0.613192
952 -1.173059 -1.570027
801 -0.965319 -0.752514
1371 -0.976272 -0.760284
195 -1.477075 0.937906
1691 -2.609740 2.320768
547 -1.912250 -3.113300
2647 -0.975927 -0.413811
1472 -1.323446 0.788004
2200 -1.013761 -0.141876
628 -2.124367 -3.429610
604 -2.311586 -3.752616
1900 -1.033630 -0.032450
2058 -1.532178 0.970342
747 -1.104098 -1.488577
83 -1.364980 0.777378
256 -1.610968 -2.447353
2633 -0.953638 -0.603788
2133 -0.995066 -0.256979
1401 -0.946920 -0.618090
575 -1.426856 -2.141788
793 -1.220226 -1.698193
741 -1.302218 -1.784276
1508 -1.422360 0.805489
1802 -1.397496 0.797800
1918 -1.052436 -0.979287
261 -2.011621 -3.234708
396 -1.032148 0.246548
613 -2.387084 -3.841490
2401 -1.027261 0.113857
1522 -1.403533 0.801240
1806 -1.284459 0.664381
910 -1.155113 -1.380434
2007 -1.050838 -1.112474
452 -0.992966 -0.214699
411 -1.058226 0.102703
2091 -0.932218 -0.118350
213 -0.996555 0.105754
704 -0.951902 -0.646037
499 -0.965499 -0.690088
126 -1.504281 0.987569
2074 -1.267282 0.609671
2315 -1.262130 0.533987
2384 -1.202170 0.543448
2597 -0.968802 -0.345649
2460 -1.067849 0.116215
1567 -1.166638 0.349582
1808 -1.093548 0.202794
506 -1.101391 -1.080948
2399 -0.943819 -0.497325
1682 -1.356834 0.762217
1093 -1.376807 -1.981180
1081 -1.324045 -1.869651
2248 -1.569510 1.081190
2402 -1.120323 0.278925
1745 -1.784503 1.359524
1255 -3.228517 2.876602
2175 -0.973675 -0.192988
603 -1.938859 -3.107708
1416 -1.977294 1.570120
1894 -0.999875 -0.825327
554 -2.059579 -3.374484
2196 -0.972858 -0.514946
2311 -1.366823 0.728139
1872 -0.958591 -0.407113
1686 -1.557617 1.157095
2338 -1.030858 0.206812
536 -1.062298 0.135615
1236 -3.005562 2.621809
1822 -1.298623 0.632446
2640 -0.974724 -0.494843
323 -1.522539 -2.255333
608 -2.645226 -4.280763
2079 -1.285220 0.670996
212 -1.127292 0.331678
750 -1.189615 -1.710404
1267 -3.355840 2.983348
2034 -1.170501 0.415319
266 -1.265368 -1.818910
1702 -2.345528 2.016527
14 -1.550063 1.024539
1442 -1.728352 1.336282
854 -1.071218 0.095445
2646 -0.992241 -0.404133
390 -1.908472 1.612322
742 -1.206365 -1.604342
2591 -1.046901 -1.094023
497 -0.998322 -0.767262
334 -1.614124 -2.513587
2340 -1.379938 0.741948
1978 -0.993853 -0.974318
2332 -1.574195 1.084732
1859 -1.047268 0.023684
631 -2.794492 -4.437243
1099 -0.921175 -0.555351
1779 -1.168979 0.396053
428 -1.140008 0.383399
196 -1.515626 0.993893
550 -1.782343 -2.825332
1921 -0.964899 -0.516817
2442 -0.976466 -0.146076
2530 -1.096830 0.205630
1076 -1.112444 -1.438090
146 -1.275657 0.675033
1296 -1.059537 0.039107
1254 -2.881690 2.551924
2373 -1.067809 0.145034
1852 -1.333602 0.735921
1873 -0.953507 -0.552981
568 -2.257498 -3.646162
1282 -1.065747 0.611019
630 -2.937245 -4.651891
1058 -1.038928 -1.045298
2298 -1.380525 0.705418
1063 -1.003697 -0.858573
2246 -1.324340 0.686103
621 -2.249824 -3.624693
5 -1.794600 1.409587
1461 -1.542482 1.064855
516 -0.984738 -0.501854
1858 -1.066225 0.073720
1698 -3.048610 2.674395
1464 -1.931043 1.556654
98 -1.238096 0.545514
2608 -1.050142 0.064674
1587 -1.132423 0.290121
1902 -1.008706 -0.357662
185 -1.440446 0.893342
2574 -0.965323 -0.222481
1293 -1.076992 0.164481
2447 -0.913400 -0.457212
1701 -1.797853 1.457007
1706 -2.616100 2.298478
238 -0.946153 -0.285768
80 -1.767582 1.357823
2408 -1.044554 -1.023966
10 -1.464681 0.961958
1862 -1.064390 0.102497
735 -0.995526 -1.037162
2554 -1.109586 0.316039
2556 -1.080845 0.184414
2540 -1.033450 0.105626
2305 -1.421582 0.825976
1507 -1.441483 0.859384
311 -1.281273 -1.827886
1366 -1.223061 -1.639522
1759 -1.910832 1.548513
1257 -2.693647 2.387885
2520 -0.978888 -0.310222
2607 -1.050320 0.073424
2345 -1.471712 1.020310
498 -0.983116 -0.753467
2100 -1.348923 0.810912
2094 -1.187206 0.475963
1912 -1.070296 -1.176990
450 -0.959354 -0.232065
2160 -0.995619 0.008969
76 -1.737761 1.285725
564 -2.114983 -3.482170
437 -0.963415 -0.325311
1924 -0.981704 -0.713664
787 -1.214641 -1.629941
2388 -1.155055 0.414445
2362 -1.193472 0.458795
2488 -1.305636 0.735512
1621 -1.045677 -0.046003
1423 -2.149589 1.777563
1941 -1.061441 -1.240771
794 -1.041341 -1.274291
1718 -1.516344 1.045810
312 -1.330820 -1.978321
124 -1.688096 1.220181
1420 -2.490811 2.169155
1412 -1.635884 1.191394
1664 -0.940447 -0.341354
2241 -1.485768 0.964491
2141 -0.977084 -0.671785
1443 -1.642624 1.228285
695 -0.987730 -0.431263
609 -2.466311 -4.018738
2158 -1.043296 0.252601
2434 -1.125643 0.252097
201 -0.947776 -0.146446
2387 -1.237240 0.569903
1518 -1.477547 0.884849
1801 -1.467570 0.950843
2334 -1.376286 0.794472
1084 -1.346866 -1.947619
1578 -1.560134 1.103798
435 -0.946006 -0.301075
2557 -0.973777 -0.182302
15 -1.625832 1.167707
306 -1.294116 -1.815102
1430 -1.974852 1.595512
12 -1.630082 1.168962
2161 -1.011176 0.020172
1556 -1.641462 1.176116
1290 -0.977276 -0.459340
2210 -1.005868 -1.036689
2243 -1.667897 1.198414
1367 -1.235495 -1.676721
1722 -1.325241 0.767101
1629 -1.142939 0.308094
247 -1.212797 -1.698875
179 -0.889809 -0.236934
1214 -2.874775 2.517777
1444 -1.629555 1.182217
314 -1.283602 -1.877331
1864 -1.092090 0.191020
2359 -1.738100 1.279955
543 -2.094369 -3.387755
1557 -1.401245 0.787119
490 -1.140842 -1.329183
1677 -1.676098 1.228296
1114 -0.924457 -0.623201
624 -2.507399 -4.048383
87 -0.912526 -0.399520
1253 -3.199197 2.847160
1532 -1.457571 0.895758
2274 -1.250993 0.500992
988 -1.013124 -0.876231
562 -1.959606 -3.168789
1506 -1.450170 0.831548
1480 -1.258401 0.541759
1575 -1.229191 0.627759
1546 -1.141680 0.400484
460 -1.111995 0.214040
111 -1.443914 0.889648
294 -1.240571 -1.741069
482 -0.991594 -0.220088
2615 -1.059805 0.092134
1313 -1.019125 -0.924312
1863 -1.109443 0.207822
31 -1.828474 1.383670
1182 -2.654681 2.298863
528 -1.158313 -1.482315
1721 -1.466811 0.970815
1460 -1.831008 1.419853
589 -2.004782 -3.248405
221 -1.084632 0.155866
239 -0.987183 -0.190569
746 -1.452117 -2.204967
2240 -1.215537 0.531087
1362 -1.173811 -1.457689
549 -1.931270 -3.083536
2033 -1.163698 0.456533
1096 -1.241267 -1.710301
1917 -0.958150 -0.453714
287 -1.576568 -2.476662
1220 -2.658935 2.338657
2446 -0.989067 -0.166046
545 -2.149943 -3.478299
24 -1.366852 0.778398
643 -2.189638 -3.547449
1940 -1.009951 -0.972305
1487 -1.320087 0.609288
1311 -0.991245 -0.636422
654 -1.048936 -1.314416
2492 -1.366444 0.780963
109 -1.728390 1.245436
2560 -0.963146 -0.288606
1886 -0.991468 -0.236547
2096 -1.595851 1.169797
2360 -1.355581 0.743512
110 -1.601966 1.141353
2440 -1.185930 0.459513
546 -2.132407 -3.445839
1719 -1.642363 1.167194
1892 -1.036801 -1.033341
1161 -3.203766 2.836216
246 -1.294910 -1.842297
1357 -1.150356 -1.438293
219 -1.068623 0.108566
1854 -1.183095 0.451340
1316 -0.972805 -0.504635
429 -1.160738 0.379954
2181 -1.019094 -0.776293
1800 -1.383614 0.770812
1490 -1.165653 0.383553
2414 -1.020818 0.095243
759 -1.006929 -1.050881
2491 -1.626019 1.136993
1194 -3.289388 2.889001
607 -2.445175 -3.960955
521 -0.957457 -0.391088
2497 -1.127619 0.340021
1192 -2.926934 2.606337
777 -1.069910 -1.212532
489 -1.211422 -1.450280
425 -1.304815 0.662289
2636 -0.953675 -0.335450
642 -1.966097 -3.148630
2203 -0.990883 -0.645073
1727 -2.120116 1.715498
912 -1.132142 -1.426574
1866 -1.155221 0.353912
9 -1.407945 0.871474
405 -1.189554 0.474245
177 -1.028236 0.212057
2469 -1.150856 0.270187
131 -1.632348 1.111278
1944 -1.147781 -1.414556
919 -1.125077 -1.395815
1196 -2.973842 2.645596
2209 -1.067153 -1.170742
1056 -1.042756 -0.966150
1075 -1.190314 -1.525960
650 -1.823733 -2.935841
1181 -2.684443 2.319184
1270 -1.975746 1.575561
304 -1.452614 -2.192281
1991 -1.044750 -1.162770
2095 -1.332720 0.685552
605 -2.349767 -3.796528
400 -1.247895 0.540188
2197 -0.990767 -0.580422
715 -0.977694 -0.181015
1913 -0.978839 -0.624269
440 -1.205009 0.431536
1151 -1.015844 -0.823524
2563 -1.005469 -0.061127
1889 -0.936508 -0.419697
457 -0.943857 -0.227564
1202 -2.657666 2.313030
864 -1.130437 0.379386
873 -1.117758 0.343680
1786 -1.292998 0.588716
2205 -0.991057 -0.538353
2572 -0.964423 -0.277121
1360 -1.175865 -1.522393
1725 -1.787513 1.356592
2296 -1.448973 0.868859
565 -1.940407 -3.139281
472 -1.030895 -0.909593
1369 -1.159332 -1.437097
11 -1.349955 0.815244
338 -1.612209 -2.544140
2499 -1.131325 0.344809
885 -0.951888 -0.591822
2310 -1.577378 1.028893
2635 -0.956106 -0.290741
1676 -1.465081 0.950951
2641 -0.975888 -0.420874
2191 -1.032298 -1.116910
1709 -2.251888 1.920866
2518 -0.948908 -0.378548
51 -1.120713 0.334747
2439 -1.120552 0.367252
636 -1.837262 -2.973230
2547 -1.152552 0.412829
978 -1.075531 -1.101289
1433 -1.782462 1.363033
419 -1.159015 0.389568
1956 -0.970819 -0.907537
782 -0.959974 -0.778094
2613 -0.968832 -0.066145
321 -1.590814 -2.460697
2535 -1.026121 0.142167
45 -1.393591 0.791593
1455 -2.376905 2.003517
2576 -0.976556 -0.340727
1675 -1.632022 1.148860
2634 -0.935017 -0.437220
336 -1.730208 -2.776752
739 -1.007531 -1.152191
2072 -1.232284 0.501479
1976 -0.994891 -0.706681
82 -1.685105 1.254008
245 -1.097389 -1.376130
2590 -1.010785 -1.041567
1533 -1.386237 0.740092
555 -2.252970 -3.682775
795 -1.088009 -1.380154
857 -1.096954 0.276409
1169 -2.433111 2.064323
279 -1.174616 -1.641363
530 -1.076198 -1.235623
960 -1.313639 -1.873799
1919 -1.015317 -1.007169
473 -0.970044 -0.521014
2498 -1.186943 0.482926
569 -2.091162 -3.408478
1755 -1.947059 1.582201
1101 -0.946358 -0.746999
863 -1.184435 0.431382
30 -1.442141 0.911018
560 -2.262068 -3.690418
2303 -1.574218 1.053172
255 -1.652011 -2.625930
1564 -1.100301 0.214277
2455 -1.122600 0.273706
1577 -1.440977 0.926032
1203 -2.815688 2.433383
1500 -2.097478 1.760772
52 -0.943813 -0.107276
1580 -1.642905 1.197940
2377 -1.329486 0.684948
1509 -1.384346 0.755758
2061 -1.528338 1.045002
347 -1.439550 -2.237491
105 -1.744010 1.316293
2183 -0.985524 -0.284559
2610 -0.965563 0.020261
397 -1.202543 0.538068
128 -1.336314 0.693322
1368 -1.259931 -1.752569
409 -1.003696 0.033983
744 -1.321527 -1.827281
1868 -1.011560 -0.099134
2428 -1.369253 0.708695
2524 -1.037041 0.055389
2381 -1.248634 0.597160
2470 -1.098717 0.201308
1815 -1.314623 0.726020
1554 -1.565549 1.096089
2352 -1.672828 1.194785
738 -1.102503 -1.342780
2090 -1.222319 0.552537
2174 -0.977923 -0.397041
1534 -1.297359 0.629142
2201 -0.970730 -0.269047
765 -0.983452 -0.894569
1481 -1.268106 0.574256
1204 -2.881353 2.515020
2595 -0.953424 -0.400529
2017 -0.995775 -0.839522
2596 -0.951828 -0.365537
2291 -1.487736 0.948768
1033 -1.096503 -1.182088
755 -1.052942 -1.205424
2022 -0.966741 -0.584124
1899 -1.051732 0.010664
2249 -1.634463 1.215245
2519 -0.980408 -0.332340
18 -1.690101 1.249860
2292 -1.506903 0.984574
2643 -0.983559 -0.357183
458 -0.974031 -0.169626
2344 -2.023614 1.680598
2237 -1.604528 1.138424
79 -1.843356 1.444115
2190 -0.946146 -0.718634
160 -1.511484 0.993573
2098 -1.422612 0.890239
2293 -1.492932 0.933723
332 -1.461294 -2.131205
2593 -0.968195 -0.862320
1082 -1.301139 -1.813768
2016 -0.965710 -0.730147
1396 -1.136760 -1.457157
1185 -3.312188 2.947292
1630 -1.077425 0.261132
114 -1.478957 0.969795
479 -0.987722 -0.425111
394 -1.044630 0.310890
1300 -1.037348 0.310948
1555 -1.721040 1.236443
1552 -1.237872 0.557579
214 -1.107791 0.430444
4 -1.858289 1.468688
315 -1.179131 -1.599735
701 -0.965822 -0.268687
170 -1.465321 0.888537
1726 -1.768735 1.309634
2568 -0.960509 -0.345351
2472 -1.172302 0.349707
1860 -1.070025 0.134601
2101 -1.079850 0.221790
253 -1.766106 -2.807252
1853 -1.223777 0.482557
868 -1.129145 0.356161
2648 -0.992407 -0.442527
2337 -1.095459 0.366526
295 -1.283056 -1.898950
1790 -1.077658 0.081198
1288 -1.003636 0.019675
1816 -1.285560 0.635850
519 -0.964990 -0.410346
2008 -1.129451 -1.333675
2515 -0.970256 -0.401521
404 -1.171906 0.450497
1458 -1.958940 1.563365
2609 -0.995039 0.004968
743 -1.276577 -1.857527
2588 -0.973805 -0.811778
1803 -1.337168 0.722008
1730 -1.571604 1.195944
1419 -2.216803 1.831963
494 -1.074975 -1.101148
1064 -0.982504 -0.663498
2496 -1.176630 0.437915
116 -1.607107 1.088589
242 -0.967448 -0.256494
384 -1.802953 1.504581
1092 -1.546492 -2.344725
703 -0.957400 -0.440876
1171 -2.317788 2.001904
2120 -0.947081 -0.203297
2504 -1.165315 0.366633
143 -1.690506 1.223904
2140 -0.941133 -0.561645
70 -1.508206 0.979678
1310 -0.964426 -0.302849
894 -0.981743 -0.745540
2500 -1.295557 0.678969
505 -1.139905 -1.221708
1885 -0.952172 -0.337393
2429 -1.352149 0.697565
2015 -0.974767 -0.837386
243 -0.948221 -0.445978
534 -0.968242 -0.235212
780 -0.993249 -1.020587
869 -1.142742 0.367841
632 -2.875435 -4.622645
2566 -0.985292 -0.287178
895 -0.973790 -0.621573
298 -1.523417 -2.319398
1213 -3.145229 2.794027
1060 -1.115960 -1.347988
1294 -1.074317 0.196638
1026 -1.019006 -0.902879
953 -1.130062 -1.408298
2503 -1.100976 0.255249
853 -1.098112 0.123060
2592 -0.996883 -1.047595
2620 -1.018216 -0.054145
1914 -0.972602 -0.559080
2002 -1.218480 -1.648300
283 -1.412489 -2.130247
2153 -0.969162 -0.468780
513 -0.997323 -0.646892
2173 -0.982292 -0.215001
1699 -2.847944 2.548146
340 -1.723340 -2.728638
538 -1.027218 -0.017831
1923 -0.997841 -0.667001
2162 -1.059802 0.224472
959 -1.393549 -2.109389
442 -1.029765 0.180758
2019 -0.940534 -0.522909
383 -2.477347 2.154678
1704 -2.419626 2.088044
1061 -1.145304 -1.354048
2063 -1.461471 0.885235
117 -1.539333 0.983496
1252 -3.536859 3.083548
1251 -2.828518 2.476671
2355 -1.812014 1.415672
2400 -1.098091 0.239199
2323 -1.068780 0.183471
1670 -1.342678 0.784843
2009 -1.056716 -1.122689
1720 -1.443443 0.983081
776 -1.035440 -1.002094
296 -1.544153 -2.422249
1579 -1.747725 1.340784
455 -0.952692 -0.282727
252 -1.599558 -2.467291
1788 -1.226739 0.444472
980 -1.079894 -1.286035
1183 -3.030749 2.645527
614 -2.087546 -3.413377
1440 -2.116113 1.750028
1160 -3.356056 2.947631
2077 -1.314039 0.657195
115 -1.570640 1.046001
1297 -1.078260 0.100881
2137 -1.089487 0.170994
592 -1.928897 -3.082360
2215 -0.952304 -0.894503
68 -1.352372 0.763412
865 -1.054378 0.311762
118 -1.638782 1.152176
860 -1.074678 0.197774
125 -1.570303 1.059315
1565 -1.119352 0.347266
23 -1.488097 0.940740
998 -1.007018 -0.744274
1920 -0.983170 -0.510436
1307 -1.023680 -0.846152
1302 -1.009609 -0.098461
2561 -0.976649 -0.160694
2010 -1.019172 -0.963843
241 -0.966975 -0.280205
2053 -1.696793 1.237114
436 -0.943942 -0.448023
2522 -0.981649 -0.240363
1668 -1.225384 0.628805
616 -1.707821 -2.743449
1441 -2.302192 1.967266
393 -1.194336 0.630386
859 -1.038153 0.095080
1810 -1.234226 0.457546
2086 -1.268769 0.573207
2551 -1.187898 0.463538
1869 -1.020755 -0.043754
2555 -1.086446 0.211228
1197 -2.900647 2.559766
2054 -1.495252 0.920684
876 -1.210829 0.534949
954 -1.224088 -1.806418
539 -0.947322 -0.343247
1688 -2.031264 1.618271
1538 -1.254893 0.542498
1364 -1.308562 -1.965138
456 -0.961043 -0.384382
244 -0.986358 -0.947879
1057 -0.937808 -0.652070
618 -2.063991 -3.371266
1048 -1.027604 -0.956618
713 -0.935474 -0.440554
958 -1.497303 -2.288894
1867 -1.104210 0.255976
1094 -1.377081 -1.974650
2357 -1.956950 1.583253
2244 -1.819207 1.421425
284 -1.559243 -2.406048
552 -1.694000 -2.675966
955 -1.340907 -1.878896
81 -1.821064 1.464906
2559 -0.968732 -0.196922
1933 -1.011815 -0.779231
260 -1.967534 -3.164747
2598 -0.975207 -0.263869
2242 -1.940003 1.572693
1372 -0.973483 -0.534423
617 -2.007145 -3.250454
1474 -1.455309 0.868014
1078 -1.260778 -1.778573
2358 -2.028022 1.640876
2351 -1.691339 1.221040
651 -1.874693 -2.963124
346 -1.444374 -2.020477
1482 -1.331793 0.665331
2529 -1.034609 0.027603
1097 -1.169605 -1.497515
1083 -1.442992 -2.143206
293 -1.284965 -1.903981
2309 -1.387837 0.730531
1769 -1.392983 0.821013
2216 -1.028272 -1.088089
1724 -1.512764 1.035985
26 -1.465835 0.921034
1973 -0.924378 -0.450483
2624 -1.044175 0.007955
700 -1.043209 0.131406
151 -1.510911 0.998017
1861 -1.058830 0.118273
1004 -1.044639 -0.945651
544 -2.065171 -3.273846
2214 -1.013773 -1.104200
927 -0.975411 -0.920704
2288 -1.597426 1.155328
1047 -1.101819 -1.211446
758 -1.021559 -1.154979
709 -1.003592 -0.709496
1456 -1.574382 1.087295
775 -1.032300 -1.005558
2632 -0.970872 -0.547465
2005 -1.250453 -1.746482
1295 -1.057459 0.111619
2059 -1.618773 1.133932
2327 -1.090664 0.235459
1375 -1.004856 -0.910188
1317 -1.041759 -0.934169
112 -1.552810 1.058087
1091 -1.591755 -2.448920
1708 -2.628439 2.259475
1996 -1.002436 -1.046291
633 -2.800170 -4.448771
982 -1.018512 -0.783775
403 -1.064440 0.153449
2222 -0.965728 -0.533358
2294 -1.507345 0.986425
1376 -1.009264 -0.913941
339 -1.846503 -2.906158
1775 -1.154691 0.443788
1586 -1.120496 0.317738
611 -2.072081 -3.360655
2370 -1.053642 0.099883
2356 -2.032593 1.658408
1945 -1.028413 -1.067101
1230 -1.335997 0.656654
842 -1.025954 -0.880023
348 -1.206552 -1.626613
1065 -0.975503 -0.555933
1672 -1.245896 0.609720
578 -1.626289 -2.531749
1548 -1.402061 0.841099
424 -1.387835 0.866725
2549 -1.284855 0.658399
625 -2.676925 -4.323594
2541 -0.994668 -0.101947
2611 -0.954625 -0.102276
240 -0.986976 -0.216772
2051 -1.431575 0.874190
453 -0.992492 -0.136064
423 -1.317291 0.698146
2006 -1.025575 -1.038327
1377 -0.992310 -0.896266
478 -0.986060 -0.564418
2601 -0.994992 -0.037029
1463 -1.884656 1.474247
601 -1.358735 -2.074841
520 -1.000227 -0.050674
1191 -2.727092 2.411564
2211 -0.991324 -0.876958
504 -1.137986 -1.243570
6 -1.831987 1.425957
778 -1.092693 -1.377641
2481 -0.993757 -0.282225
2217 -1.042717 -1.142114
1521 -1.555470 0.987545
930 -1.039394 -1.090236
2543 -1.132234 0.381736
2567 -1.005838 -0.106702
781 -0.998678 -0.926597
50 -1.234371 0.577255
1943 -1.127384 -1.412016
2416 -0.993724 -0.044402
766 -0.950531 -0.755338
1922 -0.937767 -0.552847
2589 -1.081048 -1.187035
2433 -1.260050 0.554828
1110 -1.122653 -1.427094
2471 -1.168909 0.359029
113 -1.535311 1.038913
1723 -1.533132 1.096822
69 -1.396847 0.801099
2287 -1.527771 1.060952
1687 -1.538782 1.100770
2325 -1.076626 0.176512
792 -1.434240 -2.259482
2052 -1.512748 1.000934
2232 -1.095476 -1.178755
774 -0.962555 -0.259063
2295 -1.542307 0.965711
2204 -1.005205 -0.775183
1736 -1.885214 1.472791
721 -1.157125 0.395079
2435 -1.170432 0.330564
874 -1.149982 0.532079
2075 -1.227329 0.517581
2526 -0.997404 -0.145416
1109 -1.253303 -1.689087
2544 -1.236453 0.570985
53 -1.077258 0.310372
67 -1.322190 0.709088
1210 -3.351918 2.950856
1459 -1.728145 1.326002
2558 -0.958594 -0.367210
1805 -1.498432 0.957988
28 -1.662934 1.182207
577 -1.398191 -2.045649
2569 -0.980585 -0.386169
2070 -1.083425 0.216207
2043 -1.234490 0.524799
754 -1.172624 -1.669003
1712 -1.471949 0.982762
1710 -1.948229 1.600220
385 -2.497135 2.172971
1778 -1.295678 0.652927
629 -2.587658 -4.212471
615 -1.627676 -2.550462
570 -2.317877 -3.774217
297 -1.339380 -1.920259
1513 -1.406525 0.796890
987 -0.981448 -0.720582
1942 -1.062512 -1.331613
1954 -1.123911 -1.435618
444 -1.222459 0.586710
1987 -1.046046 -1.104352
262 -1.959644 -3.129521
1158 -3.335659 2.955518
19 -1.753274 1.342365
1303 -1.027133 -0.129681
736 -1.057098 -1.173260
97 -1.242899 0.566435
1365 -1.388026 -2.027452
2202 -0.974667 -0.584511
785 -1.130130 -1.410273
1228 -1.175635 0.488440
579 -1.670042 -2.605286
1045 -0.996286 -0.904403
1167 -2.070627 1.752959
1757 -1.881348 1.464508
150 -1.534089 1.018382
2542 -1.007577 -0.040758
2616 -1.106781 0.225478
1915 -0.961455 -0.264015
1995 -0.938167 -0.731814
737 -1.080358 -1.362034
908 -1.036508 -1.189525
1986 -1.027974 -1.060975
1711 -2.107100 1.748348
1998 -0.989057 -0.958297
1707 -2.451053 2.126221
66 -1.170416 0.510922
1581 -1.697203 1.263915
29 -1.364195 0.762459
1067 -1.080473 -1.192064
702 -0.968885 -0.286854
2453 -1.175889 0.390789
2187 -0.994575 -0.744393
148 -1.230189 0.566205
1871 -0.994195 -0.498319
1781 -1.277783 0.655576
556 -1.784265 -2.841286
2050 -1.304278 0.672700
929 -1.031455 -0.953065
1100 -0.955073 -0.601501
751 -1.629854 -2.624927
2525 -1.022223 -0.015717
1758 -2.010900 1.666843
514 -0.980679 -0.484541
1514 -1.331670 0.669294
1848 -1.161662 0.336192
752 -1.630362 -2.634430
2625 -1.022934 0.107352
2020 -0.942025 -0.511930
175 -1.157571 0.396765
2060 -1.487887 0.956357
2324 -1.029341 0.083309
2076 -1.344643 0.699747
1207 -3.260878 2.908459
553 -1.752118 -2.813252
1870 -0.998578 -0.149948
571 -2.273812 -3.653863
529 -1.262005 -1.600221
451 -1.019190 -0.085662
576 -1.451511 -2.205058
1159 -3.175498 2.769165
147 -1.246297 0.628020
2600 -0.988223 -0.149550
610 -2.018063 -3.273259
2012 -1.004930 -0.923642
1512 -1.178453 0.437786
103 -1.776374 1.394929
1993 -1.036296 -1.195104
1123 -1.243244 -1.681440
2380 -1.483062 0.956957
867 -1.120493 0.415335
2505 -1.077893 0.180903
1809 -1.226690 0.477437
1217 -2.738413 2.385702
1689 -2.009612 1.629819
96 -1.244282 0.564390
1205 -2.660734 2.285014
41 -1.459819 0.926662
1283 -0.777899 0.236610
2207 -1.070171 -1.127406
2185 -0.975362 -0.493075
508 -1.093931 -1.072467
1798 -1.351798 0.744101
2049 -1.139084 0.343098
1289 -0.990001 -0.111528
2545 -1.117522 0.307666
1799 -1.328086 0.648094
1957 -1.026767 -1.173516
767 -0.921536 -0.583159
753 -1.533327 -2.424052
32 -1.842270 1.409672
1168 -3.022571 2.672557
144 -1.739649 1.306391
2570 -0.981688 -0.276265
2346 -1.497405 1.004850
1431 -1.916567 1.527905
17 -1.993026 1.535456
395 -1.082159 0.281916
2186 -0.974480 -0.532534
149 -1.479033 0.941056
612 -2.288402 -3.711677
2628 -1.062028 0.113917
566 -2.036392 -3.304159
1287 -1.160632 0.497712
1729 -2.149478 1.811914
708 -0.975746 -0.562396
1671 -1.165408 0.464621
1793 -0.991283 -0.137064
1206 -2.980867 2.656455
106 -1.710887 1.246185
2192 -0.954400 -0.639758
142 -1.407294 0.775825
2538 -1.086799 0.297197
906 -1.064880 -1.241885
1997 -1.000956 -1.001223
1425 -1.920425 1.544861
1992 -1.048524 -1.085857
1750 -1.537275 1.003237
1510 -1.339156 0.738866
2490 -1.433164 0.894083
1796 -1.191750 0.471295
2220 -1.056799 -1.361346
2011 -0.969302 -0.744809
1221 -2.943744 2.579553
422 -1.383752 0.860320
2239 -1.223667 0.543897
1756 -1.908895 1.543995
2347 -1.530632 1.081236
205 -0.996261 -0.234256
1985 -1.082526 -1.217232
563 -2.188631 -3.599977
1322 -0.976934 -0.710645
104 -1.555401 1.149086
1059 -1.208661 -1.636713
2586 -0.956259 -0.477821
2062 -1.588378 1.102067
2272 -1.270926 0.619614
387 -2.252691 1.936468
2587 -1.029004 -1.004109
1566 -1.227102 0.600378
286 -1.617079 -2.570200
27 -1.500372 1.013241
683 -0.944698 -0.757338
386 -2.363066 2.017325
2195 -0.955151 -0.582141
2208 -1.106491 -1.262633
784 -1.028243 -1.165614
911 -1.087440 -1.348320
1013 -0.944602 -0.000255
893 -0.982409 -0.491961
2001 -1.182273 -1.660097
48 -1.546281 1.037828
1576 -1.245237 0.593154
1023 -1.092907 -1.212161
590 -1.899263 -3.047928
471 -0.991963 -0.530466
492 -1.159155 -1.359379
264 -1.688690 -2.646365
2013 -1.019374 -0.926566
46 -1.349013 0.736050
1700 -1.738306 1.324942
2523 -1.019714 -0.064605
858 -1.083935 0.279748
779 -1.037030 -1.324283
875 -1.151081 0.438653
1553 -1.337717 0.782702
1705 -2.419422 2.054757
1990 -1.056913 -1.221127
1776 -1.796797 1.357765
928 -1.009007 -0.971204
493 -1.138540 -1.275811
2048 -1.051942 0.113215
714 -0.971796 -0.175663
2605 -1.081906 0.205321
2415 -0.969346 -0.134246
2000 -1.180079 -1.565657
2213 -0.966243 -1.237191
1851 -1.441448 0.945449
891 -0.939588 -0.642607
956 -1.320090 -1.946808
2271 -1.583369 1.060430
49 -1.395755 0.835740
1999 -0.991745 -1.028049
606 -2.194241 -3.600514
102 -1.616196 1.242399
1994 -1.018343 -1.051515
1667 -1.318642 0.783337
2487 -1.355339 0.805294
2250 -1.404968 0.803436
454 -0.980984 -0.271942
1845 -1.050647 -0.064768
1875 -1.071830 -1.048500
591 -1.971678 -3.192337
392 -1.358700 0.961169
2193 -0.955793 -0.728069
491 -1.208013 -1.491910
1703 -2.207819 1.868678
1949 -0.979883 -0.840693
2044 -1.118116 0.342935
1901 -1.011720 -0.200390
101 -1.708593 1.290877
1256 -3.131552 2.785784
686 -1.136956 -1.233757
2599 -0.979746 -0.053386
119 -1.640316 1.118486
1728 -2.323900 1.939087
757 -1.023888 -1.042052
2328 -1.189294 0.427707
2546 -1.074989 0.271216
1309 -1.006122 -0.578830
276 -1.741747 -2.791173
100 -1.593989 1.107567
1457 -1.938650 1.531733
441 -1.221189 0.553356
2188 -0.985293 -0.676667
909 -1.166752 -1.604447
265 -1.801711 -2.876986
2418 -0.950044 -0.211112
206 -1.069146 0.016037
1989 -1.047458 -1.207752
2348 -1.804400 1.370807
924 -1.648943 -2.639054
706 -0.979009 -0.528653
1195 -3.213982 2.842561
917 -1.151258 -1.455942
439 -1.134360 0.356206
2021 -0.937292 -0.535883
3 -1.754911 1.338339
1157 -2.843624 2.472857
2045 -1.197923 0.468285
1046 -1.065406 -1.086748
2206 -1.030239 -0.898406
56 -0.983576 -0.039705
922 -1.674549 -2.549420
47 -1.489107 0.955169
2046 -1.054957 0.147584
391 -1.674477 1.295492
25 -1.391873 0.828458
557 -1.630989 -2.617917
1424 -1.695424 1.331434
2253 -1.308247 0.677238
892 -0.978898 -0.808780
1054 -0.983440 -0.648076
2594 -0.995317 -0.952978
2028 -0.993083 -0.867681
2236 -1.294400 0.669244
907 -1.049495 -1.150759
2419 -0.972852 -0.128334
2194 -0.963772 -0.765596
254 -1.639649 -2.504863
1312 -0.985019 -0.732931
1190 -2.993181 2.641341
2273 -1.211555 0.431145
1068 -1.021268 -0.842488
1301 -0.968500 -0.182273
890 -1.007781 -0.954661
582 -1.319689 -1.838348
981 -1.042244 -1.028832
926 -1.388253 -2.122518
2571 -0.965270 -0.456478
8 -1.567901 1.123306
1112 -1.027192 -1.053341
923 -1.778784 -2.874801
852 -1.085960 0.201230
1038 -1.008756 -0.631693
1988 -1.108174 -1.281843
2018 -0.969173 -0.828104
1323 -1.025213 -0.678067
2014 -1.014388 -0.875325
1549 -1.585998 1.116640
848 -1.101951 -1.382178
619 -1.991845 -3.200669
756 -0.871542 -0.638917
2459 -1.156709 0.347386
972 -1.539410 -2.415529
7 -1.601392 1.134344
783 -1.020100 -1.085277
309 -1.572698 -2.394010
2417 -1.001311 -0.036555
1782 -1.516129 0.927693
685 -0.951872 -0.608951
722 -1.103037 0.208283
1903 -1.024105 -0.289304
661 -0.946821 -1.188812
2047 -1.087481 0.161019
2252 -1.721344 1.254347
1017 -0.921181 -0.472531
567 -2.035870 -3.357448
375 -1.027366 -0.668685
712 -0.938019 -0.307157
711 -0.945879 -0.376315
1011 -0.966768 -0.480303
1777 -1.742088 1.377606
925 -1.401264 -2.210354
1833 -1.118049 0.174851
1174 -2.459668 2.105009
1031 -0.993685 -0.668291
1066 -0.965080 -0.535645
2251 -1.611090 1.158487
1844 -0.989034 -0.362210
2533 -1.055843 0.099741
2604 -1.057869 0.108266
1022 -0.705743 -0.372864
2029 -1.016189 -0.845442
2602 -1.010499 -0.049943
979 -0.980716 -0.926846
1009 -0.911674 -0.341642
2626 -1.136512 0.256288
197 -1.375109 0.800552
600 -1.256501 -1.948696
918 -1.160509 -1.550380
1408 -1.153335 -1.257827
1014 -1.005408 0.228607
1006 -0.948378 -0.490722
653 -1.127190 -1.440366
652 -1.416674 -2.134459
1681 -2.048518 1.757182
1010 -0.904439 -0.379803
707 -0.972824 -0.758784
1208 -2.034305 1.827117
2507 -1.056979 0.038765
1849 -1.296018 0.629462
2486 -1.218483 0.518625
1679 -1.221987 0.602161
1910 -0.956285 -0.543239
1172 -1.465393 1.180652
2508 -0.972752 -0.394717
2627 -0.972704 -0.259952
1209 -1.180291 0.947062
1685 -1.409327 1.083353
1680 -1.156680 0.452529
