0 1 0 499999
1 1 500000 999999
2 1 1000000 1499999
3 1 1500000 1999999
4 1 2000000 2499999
5 1 2500000 2999999
171 1 85500000 85999999
172 1 86000000 86499999
173 1 86500000 86999999
395 2 0 499999
396 2 500000 999999
397 2 1000000 1499999
398 2 1500000 1999999
399 2 2000000 2499999
400 2 2500000 2999999
759 3 0 499999
760 3 500000 999999
761 3 1000000 1499999
762 3 1500000 1999999
763 3 2000000 2499999
764 3 2500000 2999999
1079 4 0 499999
1080 4 500000 999999
1081 4 1000000 1499999
1082 4 1500000 1999999
1083 4 2000000 2499999
1084 4 2500000 2999999
1391 5 0 499999
1392 5 500000 999999
1393 5 1000000 1499999
1394 5 1500000 1999999
1395 5 2000000 2499999
1396 5 2500000 2999999
1442 5 25500000 25999999
1697 6 0 499999
1698 6 500000 999999
1699 6 1000000 1499999
1700 6 1500000 1999999
1701 6 2000000 2499999
1702 6 2500000 2999999
1997 7 0 499999
1998 7 500000 999999
1999 7 1000000 1499999
2000 7 1500000 1999999
2001 7 2000000 2499999
2002 7 2500000 2999999
2013 7 8000000 8499999
2076 7 39500000 39999999
2077 7 40000000 40499999
2078 7 40500000 40999999
2079 7 41000000 41499999
2080 7 41500000 41999999
2081 7 42000000 42499999
2082 7 42500000 42999999
2083 7 43000000 43499999
2084 7 43500000 43999999
2085 7 44000000 44499999
2086 7 44500000 44999999
2087 7 45000000 45499999
2088 7 45500000 45999999
2303 8 0 499999
2304 8 500000 999999
2305 8 1000000 1499999
2306 8 1500000 1999999
2307 8 2000000 2499999
2308 8 2500000 2999999
2344 8 20500000 20999999
2345 8 21000000 21499999
2346 8 21500000 21999999
2416 8 56500000 56999999
2417 8 57000000 57499999
2567 9 0 499999
2568 9 500000 999999
2569 9 1000000 1499999
2570 9 1500000 1999999
2571 9 2000000 2499999
2572 9 2500000 2999999
2816 10 0 499999
2817 10 500000 999999
2818 10 1000000 1499999
2819 10 1500000 1999999
2820 10 2000000 2499999
2821 10 2500000 2999999
3076 11 0 499999
3077 11 500000 999999
3078 11 1000000 1499999
3079 11 1500000 1999999
3080 11 2000000 2499999
3081 11 2500000 2999999
3320 12 0 499999
3321 12 500000 999999
3322 12 1000000 1499999
3323 12 1500000 1999999
3324 12 2000000 2499999
3325 12 2500000 2999999
3563 13 0 499999
3564 13 500000 999999
3565 13 1000000 1499999
3566 13 1500000 1999999
3567 13 2000000 2499999
3568 13 2500000 2999999
3804 14 0 499999
3805 14 500000 999999
3806 14 1000000 1499999
3807 14 1500000 1999999
3808 14 2000000 2499999
3809 14 2500000 2999999
4055 15 0 499999
4056 15 500000 999999
4057 15 1000000 1499999
4058 15 1500000 1999999
4059 15 2000000 2499999
4060 15 2500000 2999999
4262 16 0 499999
4263 16 500000 999999
4264 16 1000000 1499999
4265 16 1500000 1999999
4266 16 2000000 2499999
4267 16 2500000 2999999
4460 17 500000 999999
4461 17 1000000 1499999
4462 17 1500000 1999999
4463 17 2000000 2499999
4464 17 2500000 2999999
4650 18 0 499999
4651 18 500000 999999
4652 18 1000000 1499999
4653 18 1500000 1999999
4654 18 2000000 2499999
4655 18 2500000 2999999
4832 19 0 499999
4833 19 500000 999999
4834 19 1000000 1499999
4835 19 1500000 1999999
4836 19 2000000 2499999
4837 19 2500000 2999999
4955 X 0 499999
4956 X 500000 999999
4957 X 1000000 1499999
4958 X 1500000 1999999
4959 X 2000000 2499999
4960 X 2500000 2999999
5198 X 121500000 121999999
5199 X 122000000 122499999
5295 Y 3000000 3499999
5296 Y 3500000 3999999
5297 Y 4000000 4499999
5298 Y 4500000 4999999
5299 Y 5000000 5499999
5300 Y 5500000 5999999
5301 Y 6000000 6499999
5302 Y 6500000 6999999
5303 Y 7000000 7499999
5304 Y 7500000 7999999
5305 Y 8000000 8499999
5306 Y 8500000 8999999
5307 Y 9000000 9499999
5308 Y 9500000 9999999
5309 Y 10000000 10499999
5310 Y 10500000 10999999
5311 Y 11000000 11499999
5312 Y 11500000 11999999
5313 Y 12000000 12499999
5314 Y 12500000 12999999
5315 Y 13000000 13499999
5316 Y 13500000 13999999
5317 Y 14000000 14499999
5318 Y 14500000 14999999
5319 Y 15000000 15499999
5320 Y 15500000 15902554
