bin1 bin2 count p_value
3 1542 34 2.071030904921195e-46
4 1542 50 1.9798888932790922e-76
4 2502 37 8.596615123826536e-52
5 1542 44 8.253972445332782e-65
6 1542 37 8.596615123826536e-52
7 1542 30 1.9380797157573874e-39
8 1542 25 4.312638166394574e-31
9 1542 25 4.312638166394574e-31
9 1618 12 6.878816953490851e-12
10 1542 27 2.229070397492406e-34
11 1542 24 1.7787987292565542e-29
12 1542 29 9.795324221331325e-38
13 879 11 1.2957702485375797e-10
13 1542 21 9.46623306863042e-25
14 1542 21 9.46623306863042e-25
15 1542 20 3.226937340447311e-23
16 856 19 1.0434919739218777e-21
16 1542 28 4.76546178520068e-36
17 1542 27 2.229070397492406e-34
18 1542 21 9.46623306863042e-25
19 1542 11 1.2957702485375797e-10
20 1542 20 3.226937340447311e-23
21 1188 18 3.193034786303194e-20
21 1542 16 2.5049980205445926e-17
22 1542 15 6.381148709627158e-16
23 1542 14 1.5182962752007935e-14
24 1542 17 9.22039532367234e-19
25 1542 13 3.3595834549347137e-13
26 1542 10 2.2304196657041043e-09
27 1542 13 3.3595834549347137e-13
28 1542 15 6.381148709627158e-16
33 1542 16 2.5049980205445926e-17
34 1542 11 1.2957702485375797e-10
35 1542 13 3.3595834549347137e-13
36 730 10 2.2304196657041043e-09
36 1178 10 2.2304196657041043e-09
36 1542 14 1.5182962752007935e-14
36 2257 10 2.2304196657041043e-09
37 1542 12 6.878816953490851e-12
38 1341 10 2.2304196657041043e-09
38 1542 11 1.2957702485375797e-10
39 1542 13 3.3595834549347137e-13
40 1542 11 1.2957702485375797e-10
42 1542 12 6.878816953490851e-12
43 1542 13 3.3595834549347137e-13
44 1542 12 6.878816953490851e-12
48 1570 11 1.2957702485375797e-10
51 1542 10 2.2304196657041043e-09
52 1542 11 1.2957702485375797e-10
53 1542 10 2.2304196657041043e-09
55 2462 41 3.721616735200466e-59
58 465 10 2.2304196657041043e-09
58 1542 12 6.878816953490851e-12
59 1542 12 6.878816953490851e-12
60 604 10 2.2304196657041043e-09
65 1273 21 9.46623306863042e-25
65 1918 11 1.2957702485375797e-10
66 1352 22 2.640091446282714e-26
70 785 11 1.2957702485375797e-10
74 2261 10 2.2304196657041043e-09
74 2262 10 2.2304196657041043e-09
80 2333 17 9.22039532367234e-19
83 292 12 6.878816953490851e-12
83 293 14 1.5182962752007935e-14
84 2439 10 2.2304196657041043e-09
89 227 11 1.2957702485375797e-10
89 436 18 3.193034786303194e-20
90 201 28 4.76546178520068e-36
90 543 24 1.7787987292565542e-29
90 544 18 3.193034786303194e-20
90 1542 61 1.0449858360837856e-98
93 564 18 3.193034786303194e-20
94 844 12 6.878816953490851e-12
98 1128 11 1.2957702485375797e-10
110 1069 10 2.2304196657041043e-09
111 964 35 3.4376021914978345e-48
116 2147 20 3.226937340447311e-23
120 831 10 2.2304196657041043e-09
130 607 10 2.2304196657041043e-09
134 366 11 1.2957702485375797e-10
134 1274 11 1.2957702485375797e-10
135 362 11 1.2957702485375797e-10
135 366 10 2.2304196657041043e-09
135 367 10 2.2304196657041043e-09
135 665 13 3.3595834549347137e-13
135 669 11 1.2957702485375797e-10
135 672 10 2.2304196657041043e-09
135 1535 23 7.014544009919539e-28
135 1618 10 2.2304196657041043e-09
135 1625 10 2.2304196657041043e-09
136 665 10 2.2304196657041043e-09
136 687 10 2.2304196657041043e-09
136 1199 44 8.253972445332782e-65
136 1277 10 2.2304196657041043e-09
137 354 11 1.2957702485375797e-10
137 1026 14 1.5182962752007935e-14
138 330 11 1.2957702485375797e-10
138 973 13 3.3595834549347137e-13
138 1780 21 9.46623306863042e-25
138 1781 18 3.193034786303194e-20
143 1415 13 3.3595834549347137e-13
147 456 11 1.2957702485375797e-10
149 580 10 2.2304196657041043e-09
152 1957 20 3.226937340447311e-23
154 1305 23 7.014544009919539e-28
155 2260 13 3.3595834549347137e-13
159 986 10 2.2304196657041043e-09
159 987 14 1.5182962752007935e-14
159 1609 25 4.312638166394574e-31
161 2524 11 1.2957702485375797e-10
163 1088 11 1.2957702485375797e-10
164 1570 14 1.5182962752007935e-14
173 1535 21 9.46623306863042e-25
173 2171 15 6.381148709627158e-16
179 1189 13 3.3595834549347137e-13
182 532 20 3.226937340447311e-23
182 1392 11 1.2957702485375797e-10
183 689 10 2.2304196657041043e-09
183 845 11 1.2957702485375797e-10
183 1742 10 2.2304196657041043e-09
190 1951 11 1.2957702485375797e-10
193 844 10 2.2304196657041043e-09
201 852 10 2.2304196657041043e-09
201 1542 60 1.2380256338346774e-96
201 2308 17 9.22039532367234e-19
202 1542 40 2.697099345461379e-57
202 2238 10 2.2304196657041043e-09
203 551 11 1.2957702485375797e-10
203 719 10 2.2304196657041043e-09
203 1248 30 1.9380797157573874e-39
203 1542 40 2.697099345461379e-57
204 1542 39 1.898432294132248e-55
205 1542 19 1.0434919739218777e-21
206 1542 17 9.22039532367234e-19
207 1542 30 1.9380797157573874e-39
208 1542 31 3.6951848948904247e-41
209 1542 35 3.4376021914978345e-48
209 1821 20 3.226937340447311e-23
210 1542 25 4.312638166394574e-31
211 1304 14 1.5182962752007935e-14
211 1542 29 9.795324221331325e-38
212 1542 27 2.229070397492406e-34
213 1542 25 4.312638166394574e-31
214 1542 17 9.22039532367234e-19
215 1528 11 1.2957702485375797e-10
215 1542 23 7.014544009919539e-28
216 1542 34 2.071030904921195e-46
217 1542 26 1.0012246110474486e-32
218 1542 28 4.76546178520068e-36
219 1542 14 1.5182962752007935e-14
220 1542 21 9.46623306863042e-25
221 1334 10 2.2304196657041043e-09
221 1542 21 9.46623306863042e-25
222 1542 21 9.46623306863042e-25
223 584 10 2.2304196657041043e-09
223 879 10 2.2304196657041043e-09
223 1542 16 2.5049980205445926e-17
223 1544 10 2.2304196657041043e-09
223 1959 11 1.2957702485375797e-10
223 2257 11 1.2957702485375797e-10
223 2260 11 1.2957702485375797e-10
224 584 10 2.2304196657041043e-09
224 1328 11 1.2957702485375797e-10
224 1542 14 1.5182962752007935e-14
224 2259 13 3.3595834549347137e-13
224 2261 12 6.878816953490851e-12
225 1326 10 2.2304196657041043e-09
225 1327 10 2.2304196657041043e-09
225 1328 11 1.2957702485375797e-10
225 1542 10 2.2304196657041043e-09
225 2259 11 1.2957702485375797e-10
225 2261 11 1.2957702485375797e-10
226 584 10 2.2304196657041043e-09
226 1542 10 2.2304196657041043e-09
226 2258 12 6.878816953490851e-12
226 2259 11 1.2957702485375797e-10
226 2260 10 2.2304196657041043e-09
227 720 12 6.878816953490851e-12
227 811 10 2.2304196657041043e-09
227 879 10 2.2304196657041043e-09
227 2261 12 6.878816953490851e-12
227 2262 10 2.2304196657041043e-09
227 2425 10 2.2304196657041043e-09
228 670 11 1.2957702485375797e-10
228 1277 11 1.2957702485375797e-10
228 1345 10 2.2304196657041043e-09
228 2110 10 2.2304196657041043e-09
228 2259 14 1.5182962752007935e-14
228 2260 14 1.5182962752007935e-14
228 2261 11 1.2957702485375797e-10
228 2279 10 2.2304196657041043e-09
229 669 10 2.2304196657041043e-09
229 1346 10 2.2304196657041043e-09
229 2259 15 6.381148709627158e-16
229 2260 19 1.0434919739218777e-21
229 2261 16 2.5049980205445926e-17
229 2262 11 1.2957702485375797e-10
229 2267 10 2.2304196657041043e-09
230 1276 10 2.2304196657041043e-09
230 1328 10 2.2304196657041043e-09
230 1339 11 1.2957702485375797e-10
230 2258 10 2.2304196657041043e-09
230 2259 14 1.5182962752007935e-14
230 2260 11 1.2957702485375797e-10
231 940 14 1.5182962752007935e-14
231 1328 10 2.2304196657041043e-09
232 732 10 2.2304196657041043e-09
232 1328 12 6.878816953490851e-12
233 1542 14 1.5182962752007935e-14
235 1542 12 6.878816953490851e-12
236 1542 14 1.5182962752007935e-14
242 944 19 1.0434919739218777e-21
244 2010 23 7.014544009919539e-28
247 1430 10 2.2304196657041043e-09
250 1871 11 1.2957702485375797e-10
254 1359 45 1.019064208933982e-66
255 1359 14 1.5182962752007935e-14
258 1219 13 3.3595834549347137e-13
261 560 11 1.2957702485375797e-10
267 833 59 1.4355827036332376e-94
267 834 12 6.878816953490851e-12
267 1689 13 3.3595834549347137e-13
271 645 35 3.4376021914978345e-48
271 646 15 6.381148709627158e-16
282 1064 12 6.878816953490851e-12
289 1920 11 1.2957702485375797e-10
297 1482 26 1.0012246110474486e-32
297 2575 21 9.46623306863042e-25
301 1423 15 6.381148709627158e-16
310 1071 20 3.226937340447311e-23
311 460 23 7.014544009919539e-28
316 2426 23 7.014544009919539e-28
317 1656 11 1.2957702485375797e-10
319 1163 22 2.640091446282714e-26
319 1654 13 3.3595834549347137e-13
319 1884 13 3.3595834549347137e-13
325 635 15 6.381148709627158e-16
326 635 31 3.6951848948904247e-41
327 1323 17 9.22039532367234e-19
328 832 10 2.2304196657041043e-09
328 2001 13 3.3595834549347137e-13
329 2001 34 2.071030904921195e-46
334 739 19 1.0434919739218777e-21
337 2007 19 1.0434919739218777e-21
342 479 24 1.7787987292565542e-29
344 2321 15 6.381148709627158e-16
346 1263 10 2.2304196657041043e-09
348 602 10 2.2304196657041043e-09
350 1274 10 2.2304196657041043e-09
350 1536 10 2.2304196657041043e-09
351 1332 11 1.2957702485375797e-10
351 1653 11 1.2957702485375797e-10
351 1955 30 1.9380797157573874e-39
352 641 11 1.2957702485375797e-10
352 834 10 2.2304196657041043e-09
352 1280 29 9.795324221331325e-38
352 1281 25 4.312638166394574e-31
352 1654 12 6.878816953490851e-12
352 1955 23 7.014544009919539e-28
352 2393 10 2.2304196657041043e-09
353 1654 13 3.3595834549347137e-13
353 1658 11 1.2957702485375797e-10
354 845 12 6.878816953490851e-12
354 1655 10 2.2304196657041043e-09
354 1656 13 3.3595834549347137e-13
355 1139 10 2.2304196657041043e-09
355 1496 21 9.46623306863042e-25
355 1656 10 2.2304196657041043e-09
358 2494 11 1.2957702485375797e-10
360 602 22 2.640091446282714e-26
360 1514 10 2.2304196657041043e-09
362 1653 10 2.2304196657041043e-09
362 1654 11 1.2957702485375797e-10
362 1658 10 2.2304196657041043e-09
363 1655 12 6.878816953490851e-12
363 1656 15 6.381148709627158e-16
363 1657 10 2.2304196657041043e-09
363 1658 10 2.2304196657041043e-09
364 673 10 2.2304196657041043e-09
364 821 11 1.2957702485375797e-10
364 1133 11 1.2957702485375797e-10
364 1636 12 6.878816953490851e-12
364 1641 12 6.878816953490851e-12
364 1642 10 2.2304196657041043e-09
364 1654 11 1.2957702485375797e-10
364 1655 11 1.2957702485375797e-10
364 1656 12 6.878816953490851e-12
364 1658 10 2.2304196657041043e-09
364 1659 10 2.2304196657041043e-09
364 2128 10 2.2304196657041043e-09
364 2167 11 1.2957702485375797e-10
365 688 10 2.2304196657041043e-09
365 689 11 1.2957702485375797e-10
365 821 10 2.2304196657041043e-09
365 910 18 3.193034786303194e-20
365 1276 10 2.2304196657041043e-09
365 1277 12 6.878816953490851e-12
365 1617 10 2.2304196657041043e-09
365 1636 11 1.2957702485375797e-10
365 1654 10 2.2304196657041043e-09
365 1657 13 3.3595834549347137e-13
365 1658 13 3.3595834549347137e-13
365 1659 15 6.381148709627158e-16
365 2109 11 1.2957702485375797e-10
365 2111 10 2.2304196657041043e-09
365 2126 11 1.2957702485375797e-10
366 658 10 2.2304196657041043e-09
366 691 10 2.2304196657041043e-09
366 1133 11 1.2957702485375797e-10
366 1491 10 2.2304196657041043e-09
366 1640 13 3.3595834549347137e-13
366 1655 10 2.2304196657041043e-09
366 1656 12 6.878816953490851e-12
366 1658 15 6.381148709627158e-16
367 694 10 2.2304196657041043e-09
367 1406 10 2.2304196657041043e-09
368 1150 11 1.2957702485375797e-10
370 1658 10 2.2304196657041043e-09
372 467 10 2.2304196657041043e-09
376 1660 10 2.2304196657041043e-09
377 672 11 1.2957702485375797e-10
377 688 10 2.2304196657041043e-09
377 694 12 6.878816953490851e-12
377 1659 10 2.2304196657041043e-09
377 1660 10 2.2304196657041043e-09
378 687 10 2.2304196657041043e-09
378 694 10 2.2304196657041043e-09
378 1658 11 1.2957702485375797e-10
378 1659 17 9.22039532367234e-19
378 1660 18 3.193034786303194e-20
379 388 16 2.5049980205445926e-17
379 695 17 9.22039532367234e-19
379 718 11 1.2957702485375797e-10
379 998 10 2.2304196657041043e-09
379 1659 13 3.3595834549347137e-13
379 1660 26 1.0012246110474486e-32
379 2272 26 1.0012246110474486e-32
383 1542 28 4.76546178520068e-36
384 1542 25 4.312638166394574e-31
385 1542 19 1.0434919739218777e-21
385 1977 12 6.878816953490851e-12
386 1542 19 1.0434919739218777e-21
387 1542 25 4.312638166394574e-31
388 1542 31 3.6951848948904247e-41
389 1165 10 2.2304196657041043e-09
389 1542 29 9.795324221331325e-38
390 1542 22 2.640091446282714e-26
391 1542 18 3.193034786303194e-20
393 1542 11 1.2957702485375797e-10
394 1542 17 9.22039532367234e-19
395 1375 11 1.2957702485375797e-10
395 1542 12 6.878816953490851e-12
395 2219 12 6.878816953490851e-12
396 1542 22 2.640091446282714e-26
397 1542 12 6.878816953490851e-12
398 1542 13 3.3595834549347137e-13
399 694 27 2.229070397492406e-34
399 1542 15 6.381148709627158e-16
400 1542 13 3.3595834549347137e-13
401 1542 13 3.3595834549347137e-13
403 1542 12 6.878816953490851e-12
403 2551 24 1.7787987292565542e-29
404 1542 12 6.878816953490851e-12
405 1542 16 2.5049980205445926e-17
406 1542 16 2.5049980205445926e-17
407 1542 23 7.014544009919539e-28
407 1962 15 6.381148709627158e-16
408 1542 20 3.226937340447311e-23
409 1542 13 3.3595834549347137e-13
410 1542 22 2.640091446282714e-26
411 710 13 3.3595834549347137e-13
411 1542 14 1.5182962752007935e-14
412 710 24 1.7787987292565542e-29
412 1542 19 1.0434919739218777e-21
413 1542 10 2.2304196657041043e-09
413 1848 12 6.878816953490851e-12
414 1542 11 1.2957702485375797e-10
415 1542 13 3.3595834549347137e-13
415 1916 35 3.4376021914978345e-48
416 702 12 6.878816953490851e-12
416 1542 15 6.381148709627158e-16
416 1886 26 1.0012246110474486e-32
417 1542 15 6.381148709627158e-16
418 1186 17 9.22039532367234e-19
418 1542 14 1.5182962752007935e-14
419 1542 11 1.2957702485375797e-10
420 1542 16 2.5049980205445926e-17
421 1542 13 3.3595834549347137e-13
423 1542 11 1.2957702485375797e-10
425 2001 10 2.2304196657041043e-09
430 1542 12 6.878816953490851e-12
431 1936 15 6.381148709627158e-16
433 1542 13 3.3595834549347137e-13
434 1542 15 6.381148709627158e-16
438 1435 19 1.0434919739218777e-21
438 1542 14 1.5182962752007935e-14
438 1973 14 1.5182962752007935e-14
442 1542 10 2.2304196657041043e-09
453 806 10 2.2304196657041043e-09
454 728 24 1.7787987292565542e-29
456 1923 19 1.0434919739218777e-21
459 1857 13 3.3595834549347137e-13
464 1013 36 5.523240945271746e-50
466 1149 11 1.2957702485375797e-10
466 2065 20 3.226937340447311e-23
466 2085 13 3.3595834549347137e-13
466 2217 14 1.5182962752007935e-14
466 2270 11 1.2957702485375797e-10
467 857 20 3.226937340447311e-23
468 672 17 9.22039532367234e-19
468 673 11 1.2957702485375797e-10
468 678 10 2.2304196657041043e-09
468 688 12 6.878816953490851e-12
468 819 10 2.2304196657041043e-09
468 1237 26 1.0012246110474486e-32
468 1391 10 2.2304196657041043e-09
468 1392 17 9.22039532367234e-19
468 1636 11 1.2957702485375797e-10
468 1659 13 3.3595834549347137e-13
468 2129 10 2.2304196657041043e-09
468 2261 13 3.3595834549347137e-13
469 656 11 1.2957702485375797e-10
469 678 12 6.878816953490851e-12
469 833 13 3.3595834549347137e-13
469 1392 16 2.5049980205445926e-17
469 1659 12 6.878816953490851e-12
471 1166 11 1.2957702485375797e-10
475 819 12 6.878816953490851e-12
475 1277 12 6.878816953490851e-12
475 1653 11 1.2957702485375797e-10
475 1654 12 6.878816953490851e-12
476 1634 10 2.2304196657041043e-09
476 2128 10 2.2304196657041043e-09
477 1897 10 2.2304196657041043e-09
479 2063 41 3.721616735200466e-59
481 2268 11 1.2957702485375797e-10
485 1873 11 1.2957702485375797e-10
491 1097 10 2.2304196657041043e-09
495 1983 16 2.5049980205445926e-17
507 2552 12 6.878816953490851e-12
516 1940 22 2.640091446282714e-26
518 570 30 1.9380797157573874e-39
524 2502 15 6.381148709627158e-16
525 1339 23 7.014544009919539e-28
525 1719 16 2.5049980205445926e-17
526 1496 12 6.878816953490851e-12
530 1326 10 2.2304196657041043e-09
539 848 12 6.878816953490851e-12
543 852 33 1.2068177686703246e-44
543 1002 22 2.640091446282714e-26
543 1155 60 1.2380256338346774e-96
543 1542 36 5.523240945271746e-50
543 1786 23 7.014544009919539e-28
543 2033 14 1.5182962752007935e-14
544 1542 31 3.6951848948904247e-41
545 1542 25 4.312638166394574e-31
546 1542 30 1.9380797157573874e-39
547 1542 28 4.76546178520068e-36
548 1542 35 3.4376021914978345e-48
549 1542 26 1.0012246110474486e-32
550 1542 25 4.312638166394574e-31
551 1542 33 1.2068177686703246e-44
551 2429 23 7.014544009919539e-28
552 1542 16 2.5049980205445926e-17
553 1542 21 9.46623306863042e-25
554 1542 21 9.46623306863042e-25
555 717 10 2.2304196657041043e-09
555 1542 21 9.46623306863042e-25
556 1542 16 2.5049980205445926e-17
557 1542 12 6.878816953490851e-12
558 1542 17 9.22039532367234e-19
559 1542 26 1.0012246110474486e-32
560 1542 15 6.381148709627158e-16
561 1542 20 3.226937340447311e-23
562 1542 14 1.5182962752007935e-14
563 1542 20 3.226937340447311e-23
564 1542 13 3.3595834549347137e-13
565 1542 12 6.878816953490851e-12
566 1542 11 1.2957702485375797e-10
570 1542 11 1.2957702485375797e-10
570 2338 16 2.5049980205445926e-17
572 1542 18 3.193034786303194e-20
572 2017 13 3.3595834549347137e-13
573 827 13 3.3595834549347137e-13
573 1542 10 2.2304196657041043e-09
574 1542 23 7.014544009919539e-28
575 1542 13 3.3595834549347137e-13
578 1542 10 2.2304196657041043e-09
580 1542 15 6.381148709627158e-16
581 1542 13 3.3595834549347137e-13
581 2304 17 9.22039532367234e-19
583 1515 12 6.878816953490851e-12
584 1542 20 3.226937340447311e-23
584 2364 11 1.2957702485375797e-10
585 1542 11 1.2957702485375797e-10
586 1542 12 6.878816953490851e-12
586 1655 14 1.5182962752007935e-14
588 1542 11 1.2957702485375797e-10
592 2460 12 6.878816953490851e-12
593 1542 10 2.2304196657041043e-09
597 1542 11 1.2957702485375797e-10
611 2429 28 4.76546178520068e-36
638 761 10 2.2304196657041043e-09
638 2564 12 6.878816953490851e-12
646 1735 13 3.3595834549347137e-13
648 1417 14 1.5182962752007935e-14
654 1349 23 7.014544009919539e-28
656 1283 14 1.5182962752007935e-14
656 1715 10 2.2304196657041043e-09
656 2194 10 2.2304196657041043e-09
657 1277 12 6.878816953490851e-12
657 2466 10 2.2304196657041043e-09
659 1598 17 9.22039532367234e-19
663 2390 11 1.2957702485375797e-10
664 1278 10 2.2304196657041043e-09
665 1276 10 2.2304196657041043e-09
665 1277 13 3.3595834549347137e-13
668 1837 12 6.878816953490851e-12
668 1838 10 2.2304196657041043e-09
669 1277 10 2.2304196657041043e-09
669 1278 10 2.2304196657041043e-09
669 1346 12 6.878816953490851e-12
669 2109 12 6.878816953490851e-12
670 1656 10 2.2304196657041043e-09
670 1659 11 1.2957702485375797e-10
670 1829 10 2.2304196657041043e-09
670 2364 10 2.2304196657041043e-09
671 1348 11 1.2957702485375797e-10
671 1962 12 6.878816953490851e-12
672 1343 10 2.2304196657041043e-09
672 1349 10 2.2304196657041043e-09
672 1641 10 2.2304196657041043e-09
672 1654 10 2.2304196657041043e-09
672 2129 10 2.2304196657041043e-09
672 2151 21 9.46623306863042e-25
672 2262 12 6.878816953490851e-12
672 2265 11 1.2957702485375797e-10
673 819 10 2.2304196657041043e-09
673 820 10 2.2304196657041043e-09
673 1029 10 2.2304196657041043e-09
673 1345 11 1.2957702485375797e-10
673 1346 10 2.2304196657041043e-09
673 1600 11 1.2957702485375797e-10
673 1640 11 1.2957702485375797e-10
673 2109 10 2.2304196657041043e-09
673 2263 10 2.2304196657041043e-09
673 2265 10 2.2304196657041043e-09
674 1391 14 1.5182962752007935e-14
674 1392 11 1.2957702485375797e-10
674 2260 10 2.2304196657041043e-09
675 810 10 2.2304196657041043e-09
675 811 12 6.878816953490851e-12
675 1277 12 6.878816953490851e-12
675 1391 12 6.878816953490851e-12
675 1635 10 2.2304196657041043e-09
675 1659 11 1.2957702485375797e-10
675 2108 10 2.2304196657041043e-09
675 2129 11 1.2957702485375797e-10
675 2260 13 3.3595834549347137e-13
675 2264 10 2.2304196657041043e-09
675 2423 13 3.3595834549347137e-13
676 811 10 2.2304196657041043e-09
677 738 33 1.2068177686703246e-44
677 1391 11 1.2957702485375797e-10
677 1658 10 2.2304196657041043e-09
677 2263 11 1.2957702485375797e-10
678 818 10 2.2304196657041043e-09
679 811 10 2.2304196657041043e-09
679 1656 10 2.2304196657041043e-09
680 1392 12 6.878816953490851e-12
680 1542 11 1.2957702485375797e-10
680 2108 12 6.878816953490851e-12
680 2128 12 6.878816953490851e-12
681 1274 10 2.2304196657041043e-09
681 2132 10 2.2304196657041043e-09
684 2156 37 8.596615123826536e-52
687 2132 10 2.2304196657041043e-09
687 2280 10 2.2304196657041043e-09
687 2465 11 1.2957702485375797e-10
688 808 10 2.2304196657041043e-09
688 809 11 1.2957702485375797e-10
688 810 11 1.2957702485375797e-10
688 816 11 1.2957702485375797e-10
688 817 14 1.5182962752007935e-14
688 818 14 1.5182962752007935e-14
688 820 10 2.2304196657041043e-09
688 1659 10 2.2304196657041043e-09
688 2130 10 2.2304196657041043e-09
688 2364 10 2.2304196657041043e-09
689 810 13 3.3595834549347137e-13
689 811 11 1.2957702485375797e-10
689 812 16 2.5049980205445926e-17
689 814 10 2.2304196657041043e-09
689 815 12 6.878816953490851e-12
689 816 12 6.878816953490851e-12
689 817 14 1.5182962752007935e-14
689 818 10 2.2304196657041043e-09
689 1275 10 2.2304196657041043e-09
689 1277 11 1.2957702485375797e-10
689 1639 10 2.2304196657041043e-09
689 1656 10 2.2304196657041043e-09
689 1773 10 2.2304196657041043e-09
689 2268 10 2.2304196657041043e-09
690 814 11 1.2957702485375797e-10
690 1345 11 1.2957702485375797e-10
691 809 10 2.2304196657041043e-09
691 813 10 2.2304196657041043e-09
691 814 14 1.5182962752007935e-14
691 818 10 2.2304196657041043e-09
691 819 10 2.2304196657041043e-09
691 963 10 2.2304196657041043e-09
691 1261 10 2.2304196657041043e-09
691 1640 10 2.2304196657041043e-09
692 1658 11 1.2957702485375797e-10
693 2263 12 6.878816953490851e-12
694 1276 10 2.2304196657041043e-09
694 1277 15 6.381148709627158e-16
694 1637 10 2.2304196657041043e-09
694 2006 29 9.795324221331325e-38
694 2120 11 1.2957702485375797e-10
694 2364 16 2.5049980205445926e-17
695 1659 10 2.2304196657041043e-09
695 1660 13 3.3595834549347137e-13
695 2130 10 2.2304196657041043e-09
695 2364 58 1.628906521867908e-92
699 1227 19 1.0434919739218777e-21
699 1542 34 2.071030904921195e-46
699 1786 14 1.5182962752007935e-14
700 1542 26 1.0012246110474486e-32
701 1542 17 9.22039532367234e-19
702 1542 12 6.878816953490851e-12
703 1466 12 6.878816953490851e-12
703 1542 20 3.226937340447311e-23
704 1542 16 2.5049980205445926e-17
705 1542 17 9.22039532367234e-19
708 1542 12 6.878816953490851e-12
709 1542 23 7.014544009919539e-28
710 1542 13 3.3595834549347137e-13
711 1542 15 6.381148709627158e-16
712 1542 25 4.312638166394574e-31
713 1542 18 3.193034786303194e-20
714 1542 18 3.193034786303194e-20
715 1542 12 6.878816953490851e-12
715 2442 10 2.2304196657041043e-09
716 1542 20 3.226937340447311e-23
717 1542 19 1.0434919739218777e-21
717 2023 12 6.878816953490851e-12
718 1542 12 6.878816953490851e-12
718 1682 10 2.2304196657041043e-09
719 879 11 1.2957702485375797e-10
719 1305 10 2.2304196657041043e-09
719 1542 14 1.5182962752007935e-14
719 2238 10 2.2304196657041043e-09
720 1345 10 2.2304196657041043e-09
720 1542 13 3.3595834549347137e-13
724 1542 18 3.193034786303194e-20
725 1542 13 3.3595834549347137e-13
725 1656 15 6.381148709627158e-16
726 1542 14 1.5182962752007935e-14
727 1028 12 6.878816953490851e-12
727 1029 13 3.3595834549347137e-13
727 1542 12 6.878816953490851e-12
727 2268 11 1.2957702485375797e-10
728 1542 25 4.312638166394574e-31
728 1873 15 6.381148709627158e-16
729 1542 71 6.191909531778352e-120
730 879 10 2.2304196657041043e-09
730 1542 13 3.3595834549347137e-13
731 1485 15 6.381148709627158e-16
733 1004 22 2.640091446282714e-26
733 1542 13 3.3595834549347137e-13
734 1492 12 6.878816953490851e-12
734 1542 11 1.2957702485375797e-10
737 2562 10 2.2304196657041043e-09
738 1542 11 1.2957702485375797e-10
739 1220 10 2.2304196657041043e-09
740 1891 13 3.3595834549347137e-13
770 1525 25 4.312638166394574e-31
771 1525 65 4.300210465108204e-107
771 1596 17 9.22039532367234e-19
774 1165 12 6.878816953490851e-12
775 2137 11 1.2957702485375797e-10
778 2044 10 2.2304196657041043e-09
784 1764 13 3.3595834549347137e-13
786 1366 24 1.7787987292565542e-29
788 2139 26 1.0012246110474486e-32
807 1274 10 2.2304196657041043e-09
810 1656 10 2.2304196657041043e-09
810 2129 12 6.878816953490851e-12
811 1070 10 2.2304196657041043e-09
811 1611 15 6.381148709627158e-16
811 1616 10 2.2304196657041043e-09
811 2108 12 6.878816953490851e-12
811 2169 11 1.2957702485375797e-10
811 2260 10 2.2304196657041043e-09
812 1634 10 2.2304196657041043e-09
812 2263 10 2.2304196657041043e-09
812 2264 12 6.878816953490851e-12
812 2267 10 2.2304196657041043e-09
813 1343 11 1.2957702485375797e-10
813 1344 11 1.2957702485375797e-10
813 1346 10 2.2304196657041043e-09
813 1640 10 2.2304196657041043e-09
813 2258 11 1.2957702485375797e-10
813 2260 11 1.2957702485375797e-10
813 2261 11 1.2957702485375797e-10
813 2263 10 2.2304196657041043e-09
814 1345 10 2.2304196657041043e-09
814 1637 11 1.2957702485375797e-10
815 1022 10 2.2304196657041043e-09
816 2263 10 2.2304196657041043e-09
817 1638 12 6.878816953490851e-12
817 2263 10 2.2304196657041043e-09
818 2259 10 2.2304196657041043e-09
818 2261 11 1.2957702485375797e-10
819 1277 13 3.3595834549347137e-13
819 1278 10 2.2304196657041043e-09
819 1838 10 2.2304196657041043e-09
819 2129 12 6.878816953490851e-12
819 2259 10 2.2304196657041043e-09
823 2094 13 3.3595834549347137e-13
826 1938 33 1.2068177686703246e-44
826 1939 21 9.46623306863042e-25
826 2257 42 4.9905479633399355e-61
832 853 18 3.193034786303194e-20
832 1391 11 1.2957702485375797e-10
832 1529 10 2.2304196657041043e-09
832 1773 10 2.2304196657041043e-09
833 1488 10 2.2304196657041043e-09
834 1635 10 2.2304196657041043e-09
836 1133 10 2.2304196657041043e-09
840 1747 11 1.2957702485375797e-10
841 2550 16 2.5049980205445926e-17
842 1325 14 1.5182962752007935e-14
843 1420 18 3.193034786303194e-20
843 1647 16 2.5049980205445926e-17
843 1652 10 2.2304196657041043e-09
843 2272 91 7.789483084508753e-165
844 1653 10 2.2304196657041043e-09
844 1774 10 2.2304196657041043e-09
845 1224 18 3.193034786303194e-20
845 1265 12 6.878816953490851e-12
845 1279 12 6.878816953490851e-12
845 1280 11 1.2957702485375797e-10
845 2320 10 2.2304196657041043e-09
846 1279 11 1.2957702485375797e-10
846 1646 11 1.2957702485375797e-10
846 1652 10 2.2304196657041043e-09
847 1266 10 2.2304196657041043e-09
847 1652 10 2.2304196657041043e-09
848 1283 10 2.2304196657041043e-09
848 1538 10 2.2304196657041043e-09
852 1155 12 6.878816953490851e-12
852 1354 17 9.22039532367234e-19
852 1542 48 1.6382315576769162e-72
852 1647 11 1.2957702485375797e-10
852 1786 11 1.2957702485375797e-10
852 2137 30 1.9380797157573874e-39
852 2272 127 0.0
852 2332 15 6.381148709627158e-16
853 1542 34 2.071030904921195e-46
854 1542 33 1.2068177686703246e-44
854 1839 12 6.878816953490851e-12
855 1542 31 3.6951848948904247e-41
856 1542 28 4.76546178520068e-36
856 2291 12 6.878816953490851e-12
857 1542 31 3.6951848948904247e-41
857 2081 13 3.3595834549347137e-13
857 2152 16 2.5049980205445926e-17
858 1542 14 1.5182962752007935e-14
859 1542 12 6.878816953490851e-12
860 1207 10 2.2304196657041043e-09
860 1542 21 9.46623306863042e-25
861 1542 19 1.0434919739218777e-21
862 1542 24 1.7787987292565542e-29
863 1542 20 3.226937340447311e-23
864 1542 18 3.193034786303194e-20
865 1542 20 3.226937340447311e-23
866 1186 13 3.3595834549347137e-13
866 1187 11 1.2957702485375797e-10
866 1542 24 1.7787987292565542e-29
867 1542 18 3.193034786303194e-20
868 1542 12 6.878816953490851e-12
869 1542 12 6.878816953490851e-12
870 1542 24 1.7787987292565542e-29
871 1542 15 6.381148709627158e-16
872 1542 14 1.5182962752007935e-14
873 1542 17 9.22039532367234e-19
874 1542 18 3.193034786303194e-20
875 1182 20 3.226937340447311e-23
875 1542 10 2.2304196657041043e-09
876 1542 13 3.3595834549347137e-13
877 1542 23 7.014544009919539e-28
878 1542 21 9.46623306863042e-25
878 1543 10 2.2304196657041043e-09
879 1133 12 6.878816953490851e-12
879 1176 13 3.3595834549347137e-13
879 1347 10 2.2304196657041043e-09
879 1542 15 6.381148709627158e-16
879 1543 17 9.22039532367234e-19
879 1625 10 2.2304196657041043e-09
879 1717 11 1.2957702485375797e-10
879 1925 10 2.2304196657041043e-09
879 2110 10 2.2304196657041043e-09
879 2166 10 2.2304196657041043e-09
879 2261 11 1.2957702485375797e-10
879 2262 11 1.2957702485375797e-10
879 2363 10 2.2304196657041043e-09
879 2462 10 2.2304196657041043e-09
879 2464 11 1.2957702485375797e-10
880 1542 13 3.3595834549347137e-13
881 1542 17 9.22039532367234e-19
882 1542 15 6.381148709627158e-16
883 1542 16 2.5049980205445926e-17
883 1559 11 1.2957702485375797e-10
884 1542 13 3.3595834549347137e-13
885 1542 12 6.878816953490851e-12
886 1542 13 3.3595834549347137e-13
886 1688 36 5.523240945271746e-50
887 1542 21 9.46623306863042e-25
887 2257 10 2.2304196657041043e-09
888 1542 17 9.22039532367234e-19
897 1542 12 6.878816953490851e-12
899 2286 18 3.193034786303194e-20
900 1542 16 2.5049980205445926e-17
900 2423 11 1.2957702485375797e-10
901 1542 15 6.381148709627158e-16
902 1542 11 1.2957702485375797e-10
902 2478 27 2.229070397492406e-34
903 1542 10 2.2304196657041043e-09
905 1831 28 4.76546178520068e-36
905 2165 17 9.22039532367234e-19
907 1129 10 2.2304196657041043e-09
915 1585 30 1.9380797157573874e-39
915 2419 10 2.2304196657041043e-09
916 2419 50 1.9798888932790922e-76
919 2447 69 1.2781007484200873e-115
919 2448 12 6.878816953490851e-12
920 1542 10 2.2304196657041043e-09
922 1775 15 6.381148709627158e-16
923 2041 10 2.2304196657041043e-09
925 2182 11 1.2957702485375797e-10
929 1406 10 2.2304196657041043e-09
932 1404 10 2.2304196657041043e-09
934 1163 11 1.2957702485375797e-10
934 1347 10 2.2304196657041043e-09
936 1771 10 2.2304196657041043e-09
940 1103 28 4.76546178520068e-36
940 2449 22 2.640091446282714e-26
955 2521 15 6.381148709627158e-16
957 2187 33 1.2068177686703246e-44
961 1645 14 1.5182962752007935e-14
963 1853 14 1.5182962752007935e-14
964 2571 16 2.5049980205445926e-17
969 1654 10 2.2304196657041043e-09
973 1372 15 6.381148709627158e-16
982 1189 16 2.5049980205445926e-17
982 1190 22 2.640091446282714e-26
986 1652 13 3.3595834549347137e-13
989 1941 17 9.22039532367234e-19
996 1430 17 9.22039532367234e-19
996 1496 40 2.697099345461379e-57
1002 1542 77 4.463146509010448e-133
1002 2129 14 1.5182962752007935e-14
1002 2236 11 1.2957702485375797e-10
1003 1542 43 6.507040854203275e-63
1004 1542 26 1.0012246110474486e-32
1005 1542 45 1.019064208933982e-66
1005 2129 12 6.878816953490851e-12
1006 1407 21 9.46623306863042e-25
1006 1542 18 3.193034786303194e-20
1006 2648 18 3.193034786303194e-20
1011 1542 19 1.0434919739218777e-21
1012 1542 35 3.4376021914978345e-48
1015 1542 20 3.226937340447311e-23
1016 1525 10 2.2304196657041043e-09
1016 1542 22 2.640091446282714e-26
1016 1939 15 6.381148709627158e-16
1017 1542 14 1.5182962752007935e-14
1018 1542 17 9.22039532367234e-19
1019 1542 11 1.2957702485375797e-10
1023 1196 30 1.9380797157573874e-39
1023 1542 12 6.878816953490851e-12
1024 1542 17 9.22039532367234e-19
1025 1542 22 2.640091446282714e-26
1026 1542 13 3.3595834549347137e-13
1027 1542 15 6.381148709627158e-16
1027 2257 10 2.2304196657041043e-09
1028 1305 10 2.2304196657041043e-09
1028 1314 14 1.5182962752007935e-14
1028 1542 10 2.2304196657041043e-09
1028 1543 11 1.2957702485375797e-10
1028 1677 13 3.3595834549347137e-13
1028 2259 10 2.2304196657041043e-09
1028 2425 12 6.878816953490851e-12
1028 2426 13 3.3595834549347137e-13
1029 1165 13 3.3595834549347137e-13
1029 1542 17 9.22039532367234e-19
1029 1543 14 1.5182962752007935e-14
1029 2257 11 1.2957702485375797e-10
1030 1165 11 1.2957702485375797e-10
1030 1542 16 2.5049980205445926e-17
1035 1542 12 6.878816953490851e-12
1037 1542 13 3.3595834549347137e-13
1046 2497 11 1.2957702485375797e-10
1049 1542 10 2.2304196657041043e-09
1049 2144 11 1.2957702485375797e-10
1051 1489 14 1.5182962752007935e-14
1051 1542 10 2.2304196657041043e-09
1051 1959 10 2.2304196657041043e-09
1051 2106 10 2.2304196657041043e-09
1051 2129 12 6.878816953490851e-12
1070 1959 10 2.2304196657041043e-09
1085 2109 11 1.2957702485375797e-10
1086 2647 12 6.878816953490851e-12
1087 1436 12 6.878816953490851e-12
1089 1205 10 2.2304196657041043e-09
1092 1977 21 9.46623306863042e-25
1092 2038 23 7.014544009919539e-28
1095 1161 17 9.22039532367234e-19
1095 2327 28 4.76546178520068e-36
1098 1631 18 3.193034786303194e-20
1101 1213 11 1.2957702485375797e-10
1102 2203 23 7.014544009919539e-28
1108 1331 20 3.226937340447311e-23
1110 1781 23 7.014544009919539e-28
1110 2043 14 1.5182962752007935e-14
1116 1459 15 6.381148709627158e-16
1120 1462 34 2.071030904921195e-46
1121 2269 12 6.878816953490851e-12
1128 1485 12 6.878816953490851e-12
1132 1277 10 2.2304196657041043e-09
1132 1403 11 1.2957702485375797e-10
1132 1841 18 3.193034786303194e-20
1133 1239 10 2.2304196657041043e-09
1133 1488 10 2.2304196657041043e-09
1133 1659 14 1.5182962752007935e-14
1133 2129 10 2.2304196657041043e-09
1134 1617 11 1.2957702485375797e-10
1134 2465 37 8.596615123826536e-52
1135 1640 13 3.3595834549347137e-13
1136 2150 14 1.5182962752007935e-14
1145 1770 10 2.2304196657041043e-09
1148 1275 11 1.2957702485375797e-10
1148 1276 10 2.2304196657041043e-09
1148 1747 10 2.2304196657041043e-09
1149 1279 10 2.2304196657041043e-09
1149 1280 10 2.2304196657041043e-09
1150 1280 12 6.878816953490851e-12
1150 1403 11 1.2957702485375797e-10
1150 1658 13 3.3595834549347137e-13
1151 1659 12 6.878816953490851e-12
1151 1660 12 6.878816953490851e-12
1155 1542 86 2.532261358706424e-153
1155 2129 20 3.226937340447311e-23
1155 2272 110 3.306651042873004e-210
1156 1326 24 1.7787987292565542e-29
1156 1542 40 2.697099345461379e-57
1156 1786 16 2.5049980205445926e-17
1156 1932 13 3.3595834549347137e-13
1157 1542 25 4.312638166394574e-31
1157 1923 33 1.2068177686703246e-44
1158 1542 24 1.7787987292565542e-29
1158 2139 11 1.2957702485375797e-10
1159 1542 25 4.312638166394574e-31
1160 1542 35 3.4376021914978345e-48
1160 2129 11 1.2957702485375797e-10
1161 1542 49 1.823516645342163e-74
1162 1542 37 8.596615123826536e-52
1163 1542 35 3.4376021914978345e-48
1164 1542 25 4.312638166394574e-31
1165 1542 27 2.229070397492406e-34
1165 1543 10 2.2304196657041043e-09
1166 1542 35 3.4376021914978345e-48
1167 1542 24 1.7787987292565542e-29
1168 1542 13 3.3595834549347137e-13
1169 1542 13 3.3595834549347137e-13
1170 1542 28 4.76546178520068e-36
1171 1542 13 3.3595834549347137e-13
1175 1542 31 3.6951848948904247e-41
1176 1542 22 2.640091446282714e-26
1177 1542 21 9.46623306863042e-25
1178 1542 24 1.7787987292565542e-29
1179 1542 26 1.0012246110474486e-32
1180 1542 23 7.014544009919539e-28
1183 1542 12 6.878816953490851e-12
1184 1542 12 6.878816953490851e-12
1185 1542 13 3.3595834549347137e-13
1186 1542 16 2.5049980205445926e-17
1186 2097 12 6.878816953490851e-12
1187 1542 25 4.312638166394574e-31
1187 2630 17 9.22039532367234e-19
1188 1542 15 6.381148709627158e-16
1189 1542 22 2.640091446282714e-26
1191 1542 10 2.2304196657041043e-09
1193 1542 11 1.2957702485375797e-10
1194 1542 13 3.3595834549347137e-13
1196 1542 10 2.2304196657041043e-09
1198 1542 18 3.193034786303194e-20
1199 1542 12 6.878816953490851e-12
1201 1542 17 9.22039532367234e-19
1201 1787 14 1.5182962752007935e-14
1203 1542 10 2.2304196657041043e-09
1204 2340 11 1.2957702485375797e-10
1210 1542 10 2.2304196657041043e-09
1217 2253 13 3.3595834549347137e-13
1221 1423 11 1.2957702485375797e-10
1225 2167 11 1.2957702485375797e-10
1229 1955 23 7.014544009919539e-28
1232 1542 11 1.2957702485375797e-10
1238 1542 10 2.2304196657041043e-09
1239 1339 43 6.507040854203275e-63
1239 1654 12 6.878816953490851e-12
1247 1608 20 3.226937340447311e-23
1253 1955 10 2.2304196657041043e-09
1255 1713 14 1.5182962752007935e-14
1256 1713 19 1.0434919739218777e-21
1260 1466 114 4.473196192291443e-220
1260 1467 15 6.381148709627158e-16
1260 2225 11 1.2957702485375797e-10
1260 2226 10 2.2304196657041043e-09
1260 2278 10 2.2304196657041043e-09
1261 2537 11 1.2957702485375797e-10
1264 2225 10 2.2304196657041043e-09
1265 2026 10 2.2304196657041043e-09
1274 1345 11 1.2957702485375797e-10
1274 1391 12 6.878816953490851e-12
1274 1659 10 2.2304196657041043e-09
1275 1390 10 2.2304196657041043e-09
1275 1654 10 2.2304196657041043e-09
1275 2225 12 6.878816953490851e-12
1275 2365 10 2.2304196657041043e-09
1276 2109 10 2.2304196657041043e-09
1277 1390 10 2.2304196657041043e-09
1277 1599 10 2.2304196657041043e-09
1277 1657 11 1.2957702485375797e-10
1277 1659 12 6.878816953490851e-12
1277 1665 26 1.0012246110474486e-32
1277 2109 11 1.2957702485375797e-10
1279 1390 10 2.2304196657041043e-09
1279 1654 11 1.2957702485375797e-10
1280 1391 10 2.2304196657041043e-09
1281 1542 10 2.2304196657041043e-09
1282 2328 12 6.878816953490851e-12
1283 1538 13 3.3595834549347137e-13
1283 2328 59 1.4355827036332376e-94
1283 2481 13 3.3595834549347137e-13
1287 1542 47 1.4350477401198208e-70
1287 2273 14 1.5182962752007935e-14
1288 1542 33 1.2068177686703246e-44
1289 1542 30 1.9380797157573874e-39
1289 1749 15 6.381148709627158e-16
1289 1750 10 2.2304196657041043e-09
1290 1542 20 3.226937340447311e-23
1291 1542 32 6.796020394299876e-43
1292 1542 35 3.4376021914978345e-48
1293 1542 28 4.76546178520068e-36
1294 1542 25 4.312638166394574e-31
1295 1542 29 9.795324221331325e-38
1296 1542 30 1.9380797157573874e-39
1297 1542 35 3.4376021914978345e-48
1298 1542 22 2.640091446282714e-26
1299 1542 28 4.76546178520068e-36
1301 1542 27 2.229070397492406e-34
1302 1542 22 2.640091446282714e-26
1302 2126 13 3.3595834549347137e-13
1303 1542 23 7.014544009919539e-28
1303 2563 16 2.5049980205445926e-17
1304 1542 30 1.9380797157573874e-39
1304 2363 20 3.226937340447311e-23
1305 1542 26 1.0012246110474486e-32
1305 1925 11 1.2957702485375797e-10
1305 2257 12 6.878816953490851e-12
1306 1542 16 2.5049980205445926e-17
1307 1542 10 2.2304196657041043e-09
1308 1542 13 3.3595834549347137e-13
1309 1542 20 3.226937340447311e-23
1310 1542 18 3.193034786303194e-20
1312 1542 13 3.3595834549347137e-13
1313 1542 14 1.5182962752007935e-14
1314 1414 12 6.878816953490851e-12
1314 1542 21 9.46623306863042e-25
1315 1542 14 1.5182962752007935e-14
1316 1542 20 3.226937340447311e-23
1317 1542 11 1.2957702485375797e-10
1318 1542 14 1.5182962752007935e-14
1319 1542 12 6.878816953490851e-12
1320 1542 14 1.5182962752007935e-14
1321 1542 12 6.878816953490851e-12
1323 1542 17 9.22039532367234e-19
1324 1542 23 7.014544009919539e-28
1324 2080 24 1.7787987292565542e-29
1325 1542 12 6.878816953490851e-12
1328 1542 10 2.2304196657041043e-09
1328 1936 10 2.2304196657041043e-09
1328 2424 10 2.2304196657041043e-09
1329 2424 11 1.2957702485375797e-10
1330 1542 14 1.5182962752007935e-14
1332 2342 10 2.2304196657041043e-09
1332 2448 10 2.2304196657041043e-09
1337 1542 13 3.3595834549347137e-13
1338 1542 13 3.3595834549347137e-13
1339 1542 13 3.3595834549347137e-13
1339 1827 10 2.2304196657041043e-09
1340 2167 10 2.2304196657041043e-09
1340 2257 10 2.2304196657041043e-09
1340 2259 10 2.2304196657041043e-09
1341 1590 10 2.2304196657041043e-09
1341 2151 12 6.878816953490851e-12
1341 2166 12 6.878816953490851e-12
1342 2128 12 6.878816953490851e-12
1342 2129 10 2.2304196657041043e-09
1343 1542 10 2.2304196657041043e-09
1343 2151 10 2.2304196657041043e-09
1345 2171 10 2.2304196657041043e-09
1345 2262 12 6.878816953490851e-12
1346 1838 10 2.2304196657041043e-09
1346 2167 10 2.2304196657041043e-09
1346 2263 10 2.2304196657041043e-09
1347 1542 13 3.3595834549347137e-13
1347 1838 11 1.2957702485375797e-10
1347 2167 10 2.2304196657041043e-09
1347 2259 11 1.2957702485375797e-10
1348 1542 11 1.2957702485375797e-10
1348 2109 11 1.2957702485375797e-10
1348 2424 11 1.2957702485375797e-10
1348 2614 19 1.0434919739218777e-21
1349 1838 11 1.2957702485375797e-10
1349 2110 13 3.3595834549347137e-13
1351 2318 20 3.226937340447311e-23
1353 1542 10 2.2304196657041043e-09
1353 2424 10 2.2304196657041043e-09
1354 1542 11 1.2957702485375797e-10
1354 1741 12 6.878816953490851e-12
1354 2112 10 2.2304196657041043e-09
1354 2424 11 1.2957702485375797e-10
1357 2579 19 1.0434919739218777e-21
1362 1560 14 1.5182962752007935e-14
1365 2297 12 6.878816953490851e-12
1366 1822 25 4.312638166394574e-31
1371 2197 20 3.226937340447311e-23
1384 2166 10 2.2304196657041043e-09
1389 1538 12 6.878816953490851e-12
1390 2179 22 2.640091446282714e-26
1391 1636 13 3.3595834549347137e-13
1392 1636 11 1.2957702485375797e-10
1392 1838 10 2.2304196657041043e-09
1392 2166 10 2.2304196657041043e-09
1398 1538 12 6.878816953490851e-12
1402 2183 42 4.9905479633399355e-61
1407 2648 14 1.5182962752007935e-14
1412 1542 21 9.46623306863042e-25
1412 1711 12 6.878816953490851e-12
1413 1542 20 3.226937340447311e-23
1414 1542 22 2.640091446282714e-26
1415 1542 47 1.4350477401198208e-70
1416 1542 31 3.6951848948904247e-41
1417 1542 21 9.46623306863042e-25
1418 1542 14 1.5182962752007935e-14
1419 1542 21 9.46623306863042e-25
1420 1542 18 3.193034786303194e-20
1421 1542 28 4.76546178520068e-36
1422 1542 29 9.795324221331325e-38
1422 1585 10 2.2304196657041043e-09
1422 1757 11 1.2957702485375797e-10
1423 1542 19 1.0434919739218777e-21
1424 1542 19 1.0434919739218777e-21
1424 1556 16 2.5049980205445926e-17
1425 1542 15 6.381148709627158e-16
1426 1542 21 9.46623306863042e-25
1426 2456 17 9.22039532367234e-19
1427 1542 19 1.0434919739218777e-21
1428 1542 18 3.193034786303194e-20
1429 1542 14 1.5182962752007935e-14
1430 1542 10 2.2304196657041043e-09
1430 1786 20 3.226937340447311e-23
1431 1542 12 6.878816953490851e-12
1432 1542 12 6.878816953490851e-12
1434 1542 11 1.2957702485375797e-10
1435 1542 17 9.22039532367234e-19
1436 1542 13 3.3595834549347137e-13
1437 1542 10 2.2304196657041043e-09
1438 1542 13 3.3595834549347137e-13
1439 1542 13 3.3595834549347137e-13
1439 2407 23 7.014544009919539e-28
1440 1542 11 1.2957702485375797e-10
1441 1542 14 1.5182962752007935e-14
1442 1542 12 6.878816953490851e-12
1451 1542 12 6.878816953490851e-12
1452 1542 13 3.3595834549347137e-13
1453 1542 10 2.2304196657041043e-09
1453 1591 11 1.2957702485375797e-10
1459 1542 10 2.2304196657041043e-09
1461 1804 22 2.640091446282714e-26
1469 1608 11 1.2957702485375797e-10
1469 1615 10 2.2304196657041043e-09
1474 1788 16 2.5049980205445926e-17
1475 1788 55 2.0832998576456458e-86
1475 2600 10 2.2304196657041043e-09
1486 2265 15 6.381148709627158e-16
1488 2111 10 2.2304196657041043e-09
1488 2129 10 2.2304196657041043e-09
1489 1636 11 1.2957702485375797e-10
1489 1641 11 1.2957702485375797e-10
1489 1655 10 2.2304196657041043e-09
1489 1773 11 1.2957702485375797e-10
1489 1959 11 1.2957702485375797e-10
1489 2128 10 2.2304196657041043e-09
1489 2129 13 3.3595834549347137e-13
1489 2130 10 2.2304196657041043e-09
1489 2425 12 6.878816953490851e-12
1490 1773 12 6.878816953490851e-12
1511 1652 22 2.640091446282714e-26
1516 2306 23 7.014544009919539e-28
1522 2549 15 6.381148709627158e-16
1525 1773 10 2.2304196657041043e-09
1538 2419 10 2.2304196657041043e-09
1538 2481 14 1.5182962752007935e-14
1542 1664 23 7.014544009919539e-28
1542 1665 17 9.22039532367234e-19
1542 1666 13 3.3595834549347137e-13
1542 1667 12 6.878816953490851e-12
1542 1668 14 1.5182962752007935e-14
1542 1669 24 1.7787987292565542e-29
1542 1670 16 2.5049980205445926e-17
1542 1671 17 9.22039532367234e-19
1542 1672 11 1.2957702485375797e-10
1542 1673 19 1.0434919739218777e-21
1542 1674 17 9.22039532367234e-19
1542 1675 17 9.22039532367234e-19
1542 1676 13 3.3595834549347137e-13
1542 1677 12 6.878816953490851e-12
1542 1691 11 1.2957702485375797e-10
1542 1786 54 2.1612733458355057e-84
1542 1787 33 1.2068177686703246e-44
1542 1788 24 1.7787987292565542e-29
1542 1789 26 1.0012246110474486e-32
1542 1790 21 9.46623306863042e-25
1542 1791 30 1.9380797157573874e-39
1542 1792 32 6.796020394299876e-43
1542 1793 13 3.3595834549347137e-13
1542 1794 29 9.795324221331325e-38
1542 1795 29 9.795324221331325e-38
1542 1796 15 6.381148709627158e-16
1542 1797 16 2.5049980205445926e-17
1542 1798 26 1.0012246110474486e-32
1542 1799 11 1.2957702485375797e-10
1542 1800 11 1.2957702485375797e-10
1542 1801 18 3.193034786303194e-20
1542 1802 20 3.226937340447311e-23
1542 1803 21 9.46623306863042e-25
1542 1804 16 2.5049980205445926e-17
1542 1805 11 1.2957702485375797e-10
1542 1806 27 2.229070397492406e-34
1542 1807 16 2.5049980205445926e-17
1542 1808 16 2.5049980205445926e-17
1542 1811 16 2.5049980205445926e-17
1542 1812 11 1.2957702485375797e-10
1542 1813 15 6.381148709627158e-16
1542 1814 22 2.640091446282714e-26
1542 1815 20 3.226937340447311e-23
1542 1817 16 2.5049980205445926e-17
1542 1818 14 1.5182962752007935e-14
1542 1819 11 1.2957702485375797e-10
1542 1820 13 3.3595834549347137e-13
1542 1821 21 9.46623306863042e-25
1542 1828 11 1.2957702485375797e-10
1542 1832 12 6.878816953490851e-12
1542 1834 10 2.2304196657041043e-09
1542 1841 36 5.523240945271746e-50
1542 1846 15 6.381148709627158e-16
1542 1912 11 1.2957702485375797e-10
1542 1913 19 1.0434919739218777e-21
1542 1914 12 6.878816953490851e-12
1542 1915 15 6.381148709627158e-16
1542 1916 29 9.795324221331325e-38
1542 1917 17 9.22039532367234e-19
1542 1918 34 2.071030904921195e-46
1542 1919 22 2.640091446282714e-26
1542 1920 19 1.0434919739218777e-21
1542 1921 24 1.7787987292565542e-29
1542 1922 26 1.0012246110474486e-32
1542 1923 74 1.8085645957026613e-126
1542 1924 24 1.7787987292565542e-29
1542 1925 23 7.014544009919539e-28
1542 1926 26 1.0012246110474486e-32
1542 1927 13 3.3595834549347137e-13
1542 1930 12 6.878816953490851e-12
1542 1931 22 2.640091446282714e-26
1542 1932 20 3.226937340447311e-23
1542 1933 10 2.2304196657041043e-09
1542 1934 21 9.46623306863042e-25
1542 1935 11 1.2957702485375797e-10
1542 1936 12 6.878816953490851e-12
1542 1939 14 1.5182962752007935e-14
1542 1940 10 2.2304196657041043e-09
1542 1941 14 1.5182962752007935e-14
1542 1950 16 2.5049980205445926e-17
1542 1951 14 1.5182962752007935e-14
1542 1953 13 3.3595834549347137e-13
1542 1971 12 6.878816953490851e-12
1542 2033 35 3.4376021914978345e-48
1542 2034 31 3.6951848948904247e-41
1542 2035 23 7.014544009919539e-28
1542 2036 31 3.6951848948904247e-41
1542 2037 22 2.640091446282714e-26
1542 2038 39 1.898432294132248e-55
1542 2039 19 1.0434919739218777e-21
1542 2040 24 1.7787987292565542e-29
1542 2041 34 2.071030904921195e-46
1542 2042 41 3.721616735200466e-59
1542 2043 15 6.381148709627158e-16
1542 2044 22 2.640091446282714e-26
1542 2045 22 2.640091446282714e-26
1542 2046 24 1.7787987292565542e-29
1542 2047 14 1.5182962752007935e-14
1542 2048 13 3.3595834549347137e-13
1542 2049 22 2.640091446282714e-26
1542 2050 17 9.22039532367234e-19
1542 2051 20 3.226937340447311e-23
1542 2052 18 3.193034786303194e-20
1542 2053 18 3.193034786303194e-20
1542 2054 13 3.3595834549347137e-13
1542 2055 24 1.7787987292565542e-29
1542 2056 11 1.2957702485375797e-10
1542 2057 24 1.7787987292565542e-29
1542 2058 10 2.2304196657041043e-09
1542 2060 17 9.22039532367234e-19
1542 2061 12 6.878816953490851e-12
1542 2063 12 6.878816953490851e-12
1542 2064 12 6.878816953490851e-12
1542 2065 16 2.5049980205445926e-17
1542 2066 15 6.381148709627158e-16
1542 2067 17 9.22039532367234e-19
1542 2068 20 3.226937340447311e-23
1542 2069 18 3.193034786303194e-20
1542 2070 10 2.2304196657041043e-09
1542 2071 11 1.2957702485375797e-10
1542 2073 10 2.2304196657041043e-09
1542 2080 12 6.878816953490851e-12
1542 2085 10 2.2304196657041043e-09
1542 2110 14 1.5182962752007935e-14
1542 2111 10 2.2304196657041043e-09
1542 2115 10 2.2304196657041043e-09
1542 2122 10 2.2304196657041043e-09
1542 2126 11 1.2957702485375797e-10
1542 2129 235 0.0
1542 2137 32 6.796020394299876e-43
1542 2138 27 2.229070397492406e-34
1542 2139 20 3.226937340447311e-23
1542 2140 16 2.5049980205445926e-17
1542 2141 17 9.22039532367234e-19
1542 2142 18 3.193034786303194e-20
1542 2143 20 3.226937340447311e-23
1542 2144 14 1.5182962752007935e-14
1542 2145 21 9.46623306863042e-25
1542 2146 12 6.878816953490851e-12
1542 2147 16 2.5049980205445926e-17
1542 2148 16 2.5049980205445926e-17
1542 2151 17 9.22039532367234e-19
1542 2152 19 1.0434919739218777e-21
1542 2154 19 1.0434919739218777e-21
1542 2155 11 1.2957702485375797e-10
1542 2156 12 6.878816953490851e-12
1542 2157 14 1.5182962752007935e-14
1542 2159 20 3.226937340447311e-23
1542 2160 13 3.3595834549347137e-13
1542 2161 10 2.2304196657041043e-09
1542 2166 13 3.3595834549347137e-13
1542 2170 12 6.878816953490851e-12
1542 2171 10 2.2304196657041043e-09
1542 2236 61 1.0449858360837856e-98
1542 2237 33 1.2068177686703246e-44
1542 2238 23 7.014544009919539e-28
1542 2239 12 6.878816953490851e-12
1542 2240 16 2.5049980205445926e-17
1542 2241 17 9.22039532367234e-19
1542 2242 24 1.7787987292565542e-29
1542 2243 24 1.7787987292565542e-29
1542 2244 19 1.0434919739218777e-21
1542 2245 23 7.014544009919539e-28
1542 2246 13 3.3595834549347137e-13
1542 2247 27 2.229070397492406e-34
1542 2248 22 2.640091446282714e-26
1542 2249 20 3.226937340447311e-23
1542 2250 26 1.0012246110474486e-32
1542 2252 15 6.381148709627158e-16
1542 2253 15 6.381148709627158e-16
1542 2254 22 2.640091446282714e-26
1542 2255 20 3.226937340447311e-23
1542 2256 22 2.640091446282714e-26
1542 2257 18 3.193034786303194e-20
1542 2260 10 2.2304196657041043e-09
1542 2265 24 1.7787987292565542e-29
1542 2268 11 1.2957702485375797e-10
1542 2332 42 4.9905479633399355e-61
1542 2338 11 1.2957702485375797e-10
1542 2339 12 6.878816953490851e-12
1542 2340 11 1.2957702485375797e-10
1542 2341 13 3.3595834549347137e-13
1542 2346 11 1.2957702485375797e-10
1542 2348 10 2.2304196657041043e-09
1542 2349 12 6.878816953490851e-12
1542 2350 11 1.2957702485375797e-10
1542 2352 11 1.2957702485375797e-10
1542 2353 10 2.2304196657041043e-09
1542 2360 10 2.2304196657041043e-09
1542 2365 10 2.2304196657041043e-09
1542 2423 11 1.2957702485375797e-10
1542 2424 11 1.2957702485375797e-10
1542 2426 10 2.2304196657041043e-09
1542 2430 11 1.2957702485375797e-10
1542 2431 17 9.22039532367234e-19
1542 2433 13 3.3595834549347137e-13
1542 2434 12 6.878816953490851e-12
1542 2435 10 2.2304196657041043e-09
1542 2436 14 1.5182962752007935e-14
1542 2438 17 9.22039532367234e-19
1542 2441 15 6.381148709627158e-16
1542 2442 10 2.2304196657041043e-09
1542 2443 15 6.381148709627158e-16
1542 2445 15 6.381148709627158e-16
1542 2452 15 6.381148709627158e-16
1542 2458 13 3.3595834549347137e-13
1542 2466 11 1.2957702485375797e-10
1542 2476 10 2.2304196657041043e-09
1542 2479 10 2.2304196657041043e-09
1542 2487 18 3.193034786303194e-20
1542 2488 16 2.5049980205445926e-17
1542 2489 21 9.46623306863042e-25
1542 2490 10 2.2304196657041043e-09
1542 2491 14 1.5182962752007935e-14
1542 2492 12 6.878816953490851e-12
1542 2493 12 6.878816953490851e-12
1542 2494 10 2.2304196657041043e-09
1542 2498 12 6.878816953490851e-12
1542 2499 15 6.381148709627158e-16
1542 2500 14 1.5182962752007935e-14
1542 2502 10 2.2304196657041043e-09
1542 2505 10 2.2304196657041043e-09
1542 2515 10 2.2304196657041043e-09
1542 2521 13 3.3595834549347137e-13
1542 2527 10 2.2304196657041043e-09
1542 2531 11 1.2957702485375797e-10
1542 2532 10 2.2304196657041043e-09
1543 1664 12 6.878816953490851e-12
1543 2166 27 2.229070397492406e-34
1543 2257 10 2.2304196657041043e-09
1544 1925 10 2.2304196657041043e-09
1555 1808 10 2.2304196657041043e-09
1559 1835 11 1.2957702485375797e-10
1568 2167 25 4.312638166394574e-31
1571 2057 27 2.229070397492406e-34
1571 2444 37 8.596615123826536e-52
1571 2445 47 1.4350477401198208e-70
1577 2200 16 2.5049980205445926e-17
1578 1730 11 1.2957702485375797e-10
1581 1854 15 6.381148709627158e-16
1582 1969 21 9.46623306863042e-25
1584 2352 11 1.2957702485375797e-10
1592 2397 10 2.2304196657041043e-09
1593 1839 10 2.2304196657041043e-09
1593 1840 10 2.2304196657041043e-09
1599 2111 10 2.2304196657041043e-09
1601 2111 19 1.0434919739218777e-21
1608 2425 10 2.2304196657041043e-09
1615 1838 10 2.2304196657041043e-09
1616 1838 10 2.2304196657041043e-09
1616 2055 43 6.507040854203275e-63
1616 2089 17 9.22039532367234e-19
1616 2106 10 2.2304196657041043e-09
1616 2263 11 1.2957702485375797e-10
1616 2424 10 2.2304196657041043e-09
1622 1810 11 1.2957702485375797e-10
1622 1838 27 2.229070397492406e-34
1622 2065 24 1.7787987292565542e-29
1625 2154 10 2.2304196657041043e-09
1625 2394 13 3.3595834549347137e-13
1626 1773 10 2.2304196657041043e-09
1627 1882 12 6.878816953490851e-12
1627 2321 11 1.2957702485375797e-10
1632 2003 11 1.2957702485375797e-10
1632 2548 20 3.226937340447311e-23
1634 1795 12 6.878816953490851e-12
1635 1747 10 2.2304196657041043e-09
1636 2109 11 1.2957702485375797e-10
1636 2129 10 2.2304196657041043e-09
1636 2260 11 1.2957702485375797e-10
1637 2109 11 1.2957702485375797e-10
1637 2129 10 2.2304196657041043e-09
1637 2130 10 2.2304196657041043e-09
1639 2279 10 2.2304196657041043e-09
1640 2129 14 1.5182962752007935e-14
1640 2279 12 6.878816953490851e-12
1640 2280 12 6.878816953490851e-12
1640 2465 11 1.2957702485375797e-10
1641 2128 13 3.3595834549347137e-13
1641 2278 10 2.2304196657041043e-09
1641 2279 10 2.2304196657041043e-09
1643 1732 11 1.2957702485375797e-10
1645 2613 10 2.2304196657041043e-09
1646 1882 10 2.2304196657041043e-09
1647 2115 11 1.2957702485375797e-10
1647 2272 118 4.72450313780083e-230
1653 2455 27 2.229070397492406e-34
1654 2260 12 6.878816953490851e-12
1656 2280 10 2.2304196657041043e-09
1657 2464 11 1.2957702485375797e-10
1658 2109 10 2.2304196657041043e-09
1658 2464 11 1.2957702485375797e-10
1660 2232 10 2.2304196657041043e-09
1660 2480 35 3.4376021914978345e-48
1660 2481 48 1.6382315576769162e-72
1664 2236 21 9.46623306863042e-25
1669 2283 31 3.6951848948904247e-41
1672 1825 12 6.878816953490851e-12
1677 2111 18 3.193034786303194e-20
1689 1859 18 3.193034786303194e-20
1698 2176 11 1.2957702485375797e-10
1700 2566 12 6.878816953490851e-12
1708 2589 14 1.5182962752007935e-14
1713 2357 10 2.2304196657041043e-09
1714 2123 10 2.2304196657041043e-09
1732 1903 10 2.2304196657041043e-09
1748 2068 10 2.2304196657041043e-09
1771 1878 11 1.2957702485375797e-10
1771 1888 35 3.4376021914978345e-48
1773 2628 18 3.193034786303194e-20
1776 2118 14 1.5182962752007935e-14
1800 1941 13 3.3595834549347137e-13
1807 2434 13 3.3595834549347137e-13
1822 2337 15 6.381148709627158e-16
1827 2260 10 2.2304196657041043e-09
1837 2167 11 1.2957702485375797e-10
1838 2108 11 1.2957702485375797e-10
1838 2152 10 2.2304196657041043e-09
1838 2167 10 2.2304196657041043e-09
1838 2263 10 2.2304196657041043e-09
1838 2264 11 1.2957702485375797e-10
1838 2364 11 1.2957702485375797e-10
1841 2129 242 0.0
1850 2498 21 9.46623306863042e-25
1859 2339 11 1.2957702485375797e-10
1877 2257 12 6.878816953490851e-12
1878 2320 13 3.3595834549347137e-13
1882 2192 16 2.5049980205445926e-17
1884 2254 16 2.5049980205445926e-17
1925 2138 12 6.878816953490851e-12
1926 2138 11 1.2957702485375797e-10
1935 2138 10 2.2304196657041043e-09
1954 2488 10 2.2304196657041043e-09
1958 2218 12 6.878816953490851e-12
1967 2554 10 2.2304196657041043e-09
1970 2164 18 3.193034786303194e-20
1970 2165 13 3.3595834549347137e-13
1989 2094 23 7.014544009919539e-28
1998 2516 12 6.878816953490851e-12
2017 2474 12 6.878816953490851e-12
2034 2418 24 1.7787987292565542e-29
2036 2243 10 2.2304196657041043e-09
2064 2572 11 1.2957702485375797e-10
2065 2258 10 2.2304196657041043e-09
2066 2258 15 6.381148709627158e-16
2085 2365 10 2.2304196657041043e-09
2106 2259 12 6.878816953490851e-12
2107 2424 10 2.2304196657041043e-09
2108 2425 11 1.2957702485375797e-10
2109 2260 11 1.2957702485375797e-10
2109 2425 12 6.878816953490851e-12
2110 2259 10 2.2304196657041043e-09
2110 2261 10 2.2304196657041043e-09
2110 2364 10 2.2304196657041043e-09
2111 2261 10 2.2304196657041043e-09
2111 2314 23 7.014544009919539e-28
2111 2425 10 2.2304196657041043e-09
2113 2259 10 2.2304196657041043e-09
2113 2263 10 2.2304196657041043e-09
2114 2426 11 1.2957702485375797e-10
2129 2138 13 3.3595834549347137e-13
2129 2143 14 1.5182962752007935e-14
2129 2147 10 2.2304196657041043e-09
2129 2152 10 2.2304196657041043e-09
2129 2259 11 1.2957702485375797e-10
2129 2265 11 1.2957702485375797e-10
2129 2364 10 2.2304196657041043e-09
2129 2425 11 1.2957702485375797e-10
2130 2465 10 2.2304196657041043e-09
2137 2332 27 2.229070397492406e-34
2137 2423 23 7.014544009919539e-28
2138 2427 12 6.878816953490851e-12
2145 2272 14 1.5182962752007935e-14
2149 2356 12 6.878816953490851e-12
2151 2277 15 6.381148709627158e-16
2154 2257 11 1.2957702485375797e-10
2156 2279 19 1.0434919739218777e-21
2166 2261 10 2.2304196657041043e-09
2176 2313 14 1.5182962752007935e-14
2184 2463 19 1.0434919739218777e-21
2191 2503 11 1.2957702485375797e-10
2193 2432 10 2.2304196657041043e-09
2221 2498 10 2.2304196657041043e-09
2221 2584 12 6.878816953490851e-12
2231 2480 10 2.2304196657041043e-09
2244 2479 18 3.193034786303194e-20
2257 2424 14 1.5182962752007935e-14
2257 2425 11 1.2957702485375797e-10
2257 2426 15 6.381148709627158e-16
2258 2426 13 3.3595834549347137e-13
2259 2425 11 1.2957702485375797e-10
2260 2425 12 6.878816953490851e-12
2261 2424 10 2.2304196657041043e-09
2267 2454 30 1.9380797157573874e-39
2268 2424 12 6.878816953490851e-12
2272 2402 17 9.22039532367234e-19
2278 2631 12 6.878816953490851e-12
2328 2481 13 3.3595834549347137e-13
2427 2489 10 2.2304196657041043e-09
2458 2608 24 1.7787987292565542e-29
2466 2491 24 1.7787987292565542e-29
