bin1 bin2 count p_value
7 3087 23 6.52062394465256e-39
8 3087 13 2.325749163982273e-19
9 3087 31 4.320855403543505e-56
10 3087 35 4.504612317468901e-65
10 5010 11 8.432494481814227e-16
10 5011 26 3.2087471701103205e-45
11 3087 21 8.304497837475084e-35
12 3087 25 4.246846497995298e-43
13 2887 7 3.4536335777469333e-09
13 3087 22 7.539609567411698e-37
14 3087 22 7.539609567411698e-37
15 3087 18 8.115234738279371e-29
16 3087 10 4.446783450639903e-14
17 3087 15 4.6924424998624084e-23
18 3087 11 8.432494481814227e-16
19 3087 12 1.460371131791886e-17
20 3087 13 2.325749163982273e-19
21 3087 14 3.4261606372570675e-21
22 3087 14 3.4261606372570675e-21
23 3087 17 7.195438597871305e-27
24 3087 7 3.4536335777469333e-09
25 3087 13 2.325749163982273e-19
26 3087 18 8.115234738279371e-29
27 3087 10 4.446783450639903e-14
28 3087 13 2.325749163982273e-19
29 3087 14 3.4261606372570675e-21
30 3087 9 2.1240737892591644e-12
31 3087 10 4.446783450639903e-14
32 3087 12 1.460371131791886e-17
33 1716 18 8.115234738279371e-29
33 3087 13 2.325749163982273e-19
34 3087 19 8.636059150151695e-31
35 3087 13 2.325749163982273e-19
36 3087 11 8.432494481814227e-16
37 3087 10 4.446783450639903e-14
38 3087 12 1.460371131791886e-17
39 3087 7 3.4536335777469333e-09
41 3087 9 2.1240737892591644e-12
42 2828 7 3.4536335777469333e-09
42 3087 13 2.325749163982273e-19
43 3087 9 2.1240737892591644e-12
44 2379 14 3.4261606372570675e-21
45 3087 10 4.446783450639903e-14
46 3087 7 3.4536335777469333e-09
48 3087 9 2.1240737892591644e-12
49 3079 7 3.4536335777469333e-09
49 3087 12 1.460371131791886e-17
52 3087 8 9.099508249052899e-11
54 3087 8 9.099508249052899e-11
57 3087 11 8.432494481814227e-16
58 3087 9 2.1240737892591644e-12
62 3087 7 3.4536335777469333e-09
63 3087 7 3.4536335777469333e-09
67 3129 9 2.1240737892591644e-12
68 3087 7 3.4536335777469333e-09
75 4481 7 3.4536335777469333e-09
79 3087 7 3.4536335777469333e-09
81 3087 7 3.4536335777469333e-09
86 3087 9 2.1240737892591644e-12
87 3087 7 3.4536335777469333e-09
88 3087 11 8.432494481814227e-16
97 3144 10 4.446783450639903e-14
99 914 7 3.4536335777469333e-09
102 3087 7 3.4536335777469333e-09
105 3087 8 9.099508249052899e-11
107 3087 7 3.4536335777469333e-09
110 3087 7 3.4536335777469333e-09
112 4929 11 8.432494481814227e-16
112 4930 35 4.504612317468901e-65
114 3889 8 9.099508249052899e-11
116 1655 7 3.4536335777469333e-09
117 933 11 8.432494481814227e-16
117 4195 7 3.4536335777469333e-09
125 4939 9 2.1240737892591644e-12
130 726 7 3.4536335777469333e-09
131 2550 18 8.115234738279371e-29
131 3841 8 9.099508249052899e-11
133 2708 18 8.115234738279371e-29
134 1939 8 9.099508249052899e-11
136 4660 8 9.099508249052899e-11
141 1573 8 9.099508249052899e-11
149 3885 7 3.4536335777469333e-09
161 4671 15 4.6924424998624084e-23
168 586 9 2.1240737892591644e-12
168 587 13 2.325749163982273e-19
170 4884 8 9.099508249052899e-11
179 874 14 3.4261606372570675e-21
181 402 8 9.099508249052899e-11
181 403 16 6.00141807852706e-25
181 404 10 4.446783450639903e-14
181 1088 15 4.6924424998624084e-23
181 1089 9 2.1240737892591644e-12
181 1090 14 3.4261606372570675e-21
181 3087 56 1.473580959133219e-115
186 1130 13 2.325749163982273e-19
197 2259 10 4.446783450639903e-14
198 2758 8 9.099508249052899e-11
211 705 7 3.4536335777469333e-09
221 2140 8 9.099508249052899e-11
222 1932 7 3.4536335777469333e-09
223 1932 29 1.0818018444385611e-51
234 4300 17 7.195438597871305e-27
239 4056 7 3.4536335777469333e-09
256 1751 8 9.099508249052899e-11
261 1216 8 9.099508249052899e-11
271 734 7 3.4536335777469333e-09
271 3073 19 8.636059150151695e-31
272 3254 8 9.099508249052899e-11
273 2401 15 4.6924424998624084e-23
274 1332 7 3.4536335777469333e-09
274 2401 32 2.5856593462294306e-58
275 2055 7 3.4536335777469333e-09
275 2056 8 9.099508249052899e-11
277 1950 11 8.432494481814227e-16
278 662 10 4.446783450639903e-14
278 3565 8 9.099508249052899e-11
278 3566 27 2.324809676648696e-47
288 2833 10 4.446783450639903e-14
295 915 8 9.099508249052899e-11
299 1162 9 2.1240737892591644e-12
305 3918 18 8.115234738279371e-29
305 3919 8 9.099508249052899e-11
309 2615 23 6.52062394465256e-39
311 3254 8 9.099508249052899e-11
311 4526 10 4.446783450639903e-14
315 2561 7 3.4536335777469333e-09
319 1976 12 1.460371131791886e-17
319 3222 21 8.304497837475084e-35
328 2180 7 3.4536335777469333e-09
329 3143 12 1.460371131791886e-17
344 4122 8 9.099508249052899e-11
347 3073 7 3.4536335777469333e-09
348 3073 12 1.460371131791886e-17
348 4348 15 4.6924424998624084e-23
350 996 8 9.099508249052899e-11
360 2380 13 2.325749163982273e-19
365 1696 7 3.4536335777469333e-09
366 1067 14 3.4261606372570675e-21
366 4892 8 9.099508249052899e-11
367 3277 7 3.4536335777469333e-09
368 1377 7 3.4536335777469333e-09
368 3490 7 3.4536335777469333e-09
381 3907 8 9.099508249052899e-11
402 3087 10 4.446783450639903e-14
403 1707 7 3.4536335777469333e-09
403 3087 37 1.192361266223738e-69
403 4621 15 4.6924424998624084e-23
404 3087 27 2.324809676648696e-47
405 3087 17 7.195438597871305e-27
406 3087 21 8.304497837475084e-35
407 3087 20 8.695493220253148e-33
408 2499 24 5.382035773116759e-41
408 3087 15 4.6924424998624084e-23
409 3087 20 8.695493220253148e-33
410 3087 18 8.115234738279371e-29
411 3087 11 8.432494481814227e-16
412 3087 7 3.4536335777469333e-09
413 3087 10 4.446783450639903e-14
414 3087 9 2.1240737892591644e-12
415 3087 14 3.4261606372570675e-21
416 3087 19 8.636059150151695e-31
417 3087 19 8.636059150151695e-31
418 3087 16 6.00141807852706e-25
419 3087 16 6.00141807852706e-25
419 3648 16 6.00141807852706e-25
420 3087 15 4.6924424998624084e-23
420 3591 8 9.099508249052899e-11
421 3087 11 8.432494481814227e-16
422 3087 13 2.325749163982273e-19
423 3087 15 4.6924424998624084e-23
424 2612 13 2.325749163982273e-19
424 3087 13 2.325749163982273e-19
425 3087 11 8.432494481814227e-16
426 3087 20 8.695493220253148e-33
426 3760 7 3.4536335777469333e-09
427 3087 9 2.1240737892591644e-12
428 3087 13 2.325749163982273e-19
429 3087 8 9.099508249052899e-11
430 3087 8 9.099508249052899e-11
432 3060 13 2.325749163982273e-19
432 3087 19 8.636059150151695e-31
433 3087 15 4.6924424998624084e-23
434 3087 18 8.115234738279371e-29
435 3087 19 8.636059150151695e-31
437 3087 14 3.4261606372570675e-21
438 3087 17 7.195438597871305e-27
441 3087 9 2.1240737892591644e-12
442 3087 15 4.6924424998624084e-23
443 3087 10 4.446783450639903e-14
444 2672 8 9.099508249052899e-11
445 3087 7 3.4536335777469333e-09
446 3087 15 4.6924424998624084e-23
447 3087 7 3.4536335777469333e-09
447 3878 7 3.4536335777469333e-09
449 4524 7 3.4536335777469333e-09
450 1171 8 9.099508249052899e-11
450 1172 7 3.4536335777469333e-09
451 1454 7 3.4536335777469333e-09
451 3369 7 3.4536335777469333e-09
451 4523 7 3.4536335777469333e-09
452 4525 7 3.4536335777469333e-09
454 2662 8 9.099508249052899e-11
454 4520 7 3.4536335777469333e-09
454 4523 8 9.099508249052899e-11
455 1443 7 3.4536335777469333e-09
455 1636 7 3.4536335777469333e-09
456 4857 7 3.4536335777469333e-09
457 4525 7 3.4536335777469333e-09
457 4527 9 2.1240737892591644e-12
458 1342 7 3.4536335777469333e-09
458 2696 7 3.4536335777469333e-09
458 2943 7 3.4536335777469333e-09
458 4523 7 3.4536335777469333e-09
458 4525 9 2.1240737892591644e-12
458 4526 8 9.099508249052899e-11
458 4528 7 3.4536335777469333e-09
459 2688 7 3.4536335777469333e-09
459 4523 7 3.4536335777469333e-09
459 4526 9 2.1240737892591644e-12
459 4527 8 9.099508249052899e-11
459 4528 8 9.099508249052899e-11
460 4526 8 9.099508249052899e-11
461 1946 8 9.099508249052899e-11
461 3063 7 3.4536335777469333e-09
461 4522 9 2.1240737892591644e-12
463 1629 7 3.4536335777469333e-09
463 1636 7 3.4536335777469333e-09
463 4522 8 9.099508249052899e-11
464 1883 9 2.1240737892591644e-12
468 3087 7 3.4536335777469333e-09
471 3087 8 9.099508249052899e-11
474 3087 7 3.4536335777469333e-09
484 1890 7 3.4536335777469333e-09
485 1890 15 4.6924424998624084e-23
489 4026 19 8.636059150151695e-31
494 2864 10 4.446783450639903e-14
495 2864 8 9.099508249052899e-11
501 3747 9 2.1240737892591644e-12
509 2722 15 4.6924424998624084e-23
510 2722 34 8.341351275044661e-63
510 3804 10 4.446783450639903e-14
511 2722 10 4.446783450639903e-14
517 2441 9 2.1240737892591644e-12
522 1122 7 3.4536335777469333e-09
522 1123 9 2.1240737892591644e-12
534 3054 7 3.4536335777469333e-09
534 4538 7 3.4536335777469333e-09
535 1669 24 5.382035773116759e-41
535 1670 43 1.0698885293590858e-83
535 3383 8 9.099508249052899e-11
537 4224 7 3.4536335777469333e-09
544 1292 8 9.099508249052899e-11
544 1293 32 2.5856593462294306e-58
544 1294 8 9.099508249052899e-11
550 4181 8 9.099508249052899e-11
563 2163 8 9.099508249052899e-11
565 2131 8 9.099508249052899e-11
579 3846 10 4.446783450639903e-14
595 5156 14 3.4261606372570675e-21
596 2967 23 6.52062394465256e-39
604 2850 11 8.432494481814227e-16
621 2145 7 3.4536335777469333e-09
622 2145 16 6.00141807852706e-25
623 4086 7 3.4536335777469333e-09
624 923 22 7.539609567411698e-37
625 5178 7 3.4536335777469333e-09
633 4857 16 6.00141807852706e-25
639 3774 15 4.6924424998624084e-23
640 2329 21 8.304497837475084e-35
640 3313 12 1.460371131791886e-17
652 1272 32 2.5856593462294306e-58
653 1272 9 2.1240737892591644e-12
655 2650 10 4.446783450639903e-14
656 2650 9 2.1240737892591644e-12
657 1667 7 3.4536335777469333e-09
657 2103 8 9.099508249052899e-11
658 4008 11 8.432494481814227e-16
659 4008 32 2.5856593462294306e-58
668 1482 14 3.4261606372570675e-21
669 1482 9 2.1240737892591644e-12
676 4020 18 8.115234738279371e-29
684 960 20 8.695493220253148e-33
684 1066 7 3.4536335777469333e-09
689 4646 12 1.460371131791886e-17
689 4647 7 3.4536335777469333e-09
697 1206 9 2.1240737892591644e-12
701 4267 7 3.4536335777469333e-09
704 3916 31 4.320855403543505e-56
705 1284 8 9.099508249052899e-11
705 1672 8 9.099508249052899e-11
705 2281 7 3.4536335777469333e-09
705 3916 15 4.6924424998624084e-23
706 2564 34 8.341351275044661e-63
706 2565 10 4.446783450639903e-14
706 3312 10 4.446783450639903e-14
707 3321 7 3.4536335777469333e-09
709 3316 8 9.099508249052899e-11
710 1693 8 9.099508249052899e-11
710 3317 8 9.099508249052899e-11
711 2996 17 7.195438597871305e-27
712 2996 7 3.4536335777469333e-09
713 3074 7 3.4536335777469333e-09
713 5127 7 3.4536335777469333e-09
717 4995 10 4.446783450639903e-14
720 3031 10 4.446783450639903e-14
722 1205 22 7.539609567411698e-37
725 3311 9 2.1240737892591644e-12
725 3312 7 3.4536335777469333e-09
728 3313 8 9.099508249052899e-11
728 3314 8 9.099508249052899e-11
730 3239 7 3.4536335777469333e-09
731 1823 17 7.195438597871305e-27
732 3316 9 2.1240737892591644e-12
732 3320 9 2.1240737892591644e-12
733 1319 7 3.4536335777469333e-09
733 3316 7 3.4536335777469333e-09
736 2305 7 3.4536335777469333e-09
737 2303 8 9.099508249052899e-11
756 1346 8 9.099508249052899e-11
756 3323 8 9.099508249052899e-11
758 1697 7 3.4536335777469333e-09
758 2305 7 3.4536335777469333e-09
758 3323 10 4.446783450639903e-14
758 3324 13 2.325749163982273e-19
759 1392 11 8.432494481814227e-16
759 1439 9 2.1240737892591644e-12
759 1998 7 3.4536335777469333e-09
759 2305 7 3.4536335777469333e-09
759 3324 15 4.6924424998624084e-23
759 3325 7 3.4536335777469333e-09
760 778 13 2.325749163982273e-19
760 1392 7 3.4536335777469333e-09
760 3324 7 3.4536335777469333e-09
760 3325 10 4.446783450639903e-14
760 4550 26 3.2087471701103205e-45
768 3087 13 2.325749163982273e-19
769 3087 17 7.195438597871305e-27
770 3087 17 7.195438597871305e-27
771 3087 15 4.6924424998624084e-23
772 3087 9 2.1240737892591644e-12
773 3087 13 2.325749163982273e-19
773 3959 11 8.432494481814227e-16
773 4550 8 9.099508249052899e-11
774 3087 11 8.432494481814227e-16
775 3087 9 2.1240737892591644e-12
776 3087 14 3.4261606372570675e-21
777 3087 14 3.4261606372570675e-21
778 3087 16 6.00141807852706e-25
778 4550 9 2.1240737892591644e-12
779 3087 13 2.325749163982273e-19
780 3087 19 8.636059150151695e-31
781 3087 15 4.6924424998624084e-23
782 3087 13 2.325749163982273e-19
784 3087 12 1.460371131791886e-17
787 3752 8 9.099508249052899e-11
790 3087 7 3.4536335777469333e-09
791 3087 9 2.1240737892591644e-12
793 2754 8 9.099508249052899e-11
793 3087 7 3.4536335777469333e-09
793 4443 9 2.1240737892591644e-12
794 3087 9 2.1240737892591644e-12
795 3087 12 1.460371131791886e-17
796 3087 7 3.4536335777469333e-09
797 3087 7 3.4536335777469333e-09
798 3087 10 4.446783450639903e-14
800 1391 24 5.382035773116759e-41
800 3087 10 4.446783450639903e-14
802 3087 9 2.1240737892591644e-12
805 3087 11 8.432494481814227e-16
808 3087 8 9.099508249052899e-11
809 3087 7 3.4536335777469333e-09
809 5108 25 4.246846497995298e-43
810 3087 7 3.4536335777469333e-09
811 3087 10 4.446783450639903e-14
813 3087 10 4.446783450639903e-14
815 3087 13 2.325749163982273e-19
816 3087 9 2.1240737892591644e-12
817 3087 12 1.460371131791886e-17
817 3929 11 8.432494481814227e-16
818 3087 9 2.1240737892591644e-12
821 3087 8 9.099508249052899e-11
822 3087 13 2.325749163982273e-19
823 3087 8 9.099508249052899e-11
825 1423 14 3.4261606372570675e-21
825 3087 10 4.446783450639903e-14
826 1423 18 8.115234738279371e-29
826 3087 14 3.4261606372570675e-21
829 3700 9 2.1240737892591644e-12
829 3701 10 4.446783450639903e-14
833 3836 7 3.4536335777469333e-09
833 3837 30 6.964816895790115e-54
835 1408 12 1.460371131791886e-17
835 3778 20 8.695493220253148e-33
837 3087 11 8.432494481814227e-16
839 2375 12 1.460371131791886e-17
840 3087 7 3.4536335777469333e-09
840 3225 7 3.4536335777469333e-09
848 3087 9 2.1240737892591644e-12
852 4008 10 4.446783450639903e-14
863 3878 10 4.446783450639903e-14
871 3087 9 2.1240737892591644e-12
878 3087 7 3.4536335777469333e-09
878 3951 12 1.460371131791886e-17
879 2874 17 7.195438597871305e-27
903 1489 7 3.4536335777469333e-09
905 4109 7 3.4536335777469333e-09
908 1614 7 3.4536335777469333e-09
911 1458 18 8.115234738279371e-29
911 1459 11 8.432494481814227e-16
913 3852 14 3.4261606372570675e-21
914 4368 7 3.4536335777469333e-09
915 3852 7 3.4536335777469333e-09
920 3719 11 8.432494481814227e-16
925 1852 9 2.1240737892591644e-12
930 2030 29 1.0818018444385611e-51
931 2030 7 3.4536335777469333e-09
934 4135 15 4.6924424998624084e-23
934 4175 12 1.460371131791886e-17
934 4440 10 4.446783450639903e-14
934 4545 7 3.4536335777469333e-09
936 1718 16 6.00141807852706e-25
937 3275 8 9.099508249052899e-11
937 4532 7 3.4536335777469333e-09
938 1347 14 3.4261606372570675e-21
938 2478 21 8.304497837475084e-35
938 2788 7 3.4536335777469333e-09
938 4527 7 3.4536335777469333e-09
939 2788 7 3.4536335777469333e-09
939 2789 8 9.099508249052899e-11
939 3671 7 3.4536335777469333e-09
941 1314 7 3.4536335777469333e-09
941 2788 9 2.1240737892591644e-12
943 2335 11 8.432494481814227e-16
951 3335 7 3.4536335777469333e-09
954 4262 8 9.099508249052899e-11
959 4131 8 9.099508249052899e-11
959 4132 39 2.7869200068890367e-74
959 4133 7 3.4536335777469333e-09
964 4542 10 4.446783450639903e-14
965 4742 7 3.4536335777469333e-09
967 5113 7 3.4536335777469333e-09
972 3750 10 4.446783450639903e-14
993 3972 14 3.4261606372570675e-21
1016 5111 10 4.446783450639903e-14
1035 3886 19 8.636059150151695e-31
1037 3163 10 4.446783450639903e-14
1038 1143 25 4.246846497995298e-43
1042 2968 7 3.4536335777469333e-09
1051 5010 10 4.446783450639903e-14
1052 2683 20 8.695493220253148e-33
1052 3443 15 4.6924424998624084e-23
1053 1656 9 2.1240737892591644e-12
1053 2996 9 2.1240737892591644e-12
1063 2656 9 2.1240737892591644e-12
1080 1699 12 1.460371131791886e-17
1080 2569 7 3.4536335777469333e-09
1088 1707 18 8.115234738279371e-29
1088 2007 18 8.115234738279371e-29
1088 2313 53 4.779053354726198e-108
1088 2314 11 8.432494481814227e-16
1088 3087 13 2.325749163982273e-19
1088 3577 7 3.4536335777469333e-09
1088 4071 10 4.446783450639903e-14
1089 1686 8 9.099508249052899e-11
1089 3087 24 5.382035773116759e-41
1090 3087 18 8.115234738279371e-29
1091 3087 16 6.00141807852706e-25
1092 3087 16 6.00141807852706e-25
1093 3087 12 1.460371131791886e-17
1094 3087 21 8.304497837475084e-35
1095 3087 15 4.6924424998624084e-23
1096 3087 14 3.4261606372570675e-21
1097 3087 16 6.00141807852706e-25
1098 3087 14 3.4261606372570675e-21
1099 3087 20 8.695493220253148e-33
1100 3087 15 4.6924424998624084e-23
1101 3087 15 4.6924424998624084e-23
1102 3087 14 3.4261606372570675e-21
1103 3087 15 4.6924424998624084e-23
1104 3087 14 3.4261606372570675e-21
1104 4864 14 3.4261606372570675e-21
1104 4865 8 9.099508249052899e-11
1105 3087 12 1.460371131791886e-17
1106 3087 9 2.1240737892591644e-12
1107 3087 7 3.4536335777469333e-09
1108 3087 14 3.4261606372570675e-21
1109 3087 7 3.4536335777469333e-09
1110 3087 9 2.1240737892591644e-12
1111 3087 15 4.6924424998624084e-23
1112 1437 7 3.4536335777469333e-09
1112 3087 9 2.1240737892591644e-12
1113 3087 9 2.1240737892591644e-12
1114 3087 10 4.446783450639903e-14
1115 3087 7 3.4536335777469333e-09
1117 3087 9 2.1240737892591644e-12
1118 3087 8 9.099508249052899e-11
1119 3087 9 2.1240737892591644e-12
1120 3087 14 3.4261606372570675e-21
1121 3087 14 3.4261606372570675e-21
1122 2478 9 2.1240737892591644e-12
1122 3087 7 3.4536335777469333e-09
1123 3087 13 2.325749163982273e-19
1125 3087 11 8.432494481814227e-16
1127 3087 8 9.099508249052899e-11
1128 3087 10 4.446783450639903e-14
1129 3087 10 4.446783450639903e-14
1133 3087 10 4.446783450639903e-14
1143 4682 14 3.4261606372570675e-21
1144 3087 7 3.4536335777469333e-09
1146 4040 11 8.432494481814227e-16
1147 3087 10 4.446783450639903e-14
1148 1656 12 1.460371131791886e-17
1150 3087 10 4.446783450639903e-14
1151 3087 10 4.446783450639903e-14
1158 3087 8 9.099508249052899e-11
1161 3605 7 3.4536335777469333e-09
1162 3087 8 9.099508249052899e-11
1164 3087 8 9.099508249052899e-11
1164 4614 15 4.6924424998624084e-23
1168 3033 12 1.460371131791886e-17
1170 3087 10 4.446783450639903e-14
1171 2706 7 3.4536335777469333e-09
1171 3087 7 3.4536335777469333e-09
1172 2706 7 3.4536335777469333e-09
1173 4734 7 3.4536335777469333e-09
1174 3315 9 2.1240737892591644e-12
1178 3087 7 3.4536335777469333e-09
1185 4926 9 2.1240737892591644e-12
1194 1834 7 3.4536335777469333e-09
1213 1495 7 3.4536335777469333e-09
1219 3401 8 9.099508249052899e-11
1221 3279 8 9.099508249052899e-11
1224 4864 19 8.636059150151695e-31
1224 4865 8 9.099508249052899e-11
1252 3264 7 3.4536335777469333e-09
1278 1526 10 4.446783450639903e-14
1279 5133 11 8.432494481814227e-16
1284 2844 7 3.4536335777469333e-09
1293 3475 11 8.432494481814227e-16
1299 2837 7 3.4536335777469333e-09
1309 3171 8 9.099508249052899e-11
1311 2702 17 7.195438597871305e-27
1314 2569 8 9.099508249052899e-11
1315 4393 7 3.4536335777469333e-09
1315 4583 7 3.4536335777469333e-09
1320 3201 14 3.4261606372570675e-21
1326 3594 8 9.099508249052899e-11
1328 4785 8 9.099508249052899e-11
1332 2556 7 3.4536335777469333e-09
1338 3680 7 3.4536335777469333e-09
1339 4262 7 3.4536335777469333e-09
1340 4223 7 3.4536335777469333e-09
1340 4224 7 3.4536335777469333e-09
1341 1627 8 9.099508249052899e-11
1344 1630 7 3.4536335777469333e-09
1344 3929 12 1.460371131791886e-17
1346 4308 16 6.00141807852706e-25
1348 2062 7 3.4536335777469333e-09
1352 4852 8 9.099508249052899e-11
1353 1632 9 2.1240737892591644e-12
1353 3320 7 3.4536335777469333e-09
1356 1479 27 2.324809676648696e-47
1357 1871 7 3.4536335777469333e-09
1359 1639 7 3.4536335777469333e-09
1362 4222 7 3.4536335777469333e-09
1363 1644 7 3.4536335777469333e-09
1363 2788 7 3.4536335777469333e-09
1363 3087 9 2.1240737892591644e-12
1370 1946 7 3.4536335777469333e-09
1370 4316 33 1.493929468038016e-60
1375 1817 7 3.4536335777469333e-09
1375 3367 8 9.099508249052899e-11
1375 4548 7 3.4536335777469333e-09
1376 2270 7 3.4536335777469333e-09
1378 1636 7 3.4536335777469333e-09
1378 1639 7 3.4536335777469333e-09
1378 4226 7 3.4536335777469333e-09
1379 4734 8 9.099508249052899e-11
1380 1623 7 3.4536335777469333e-09
1380 1624 7 3.4536335777469333e-09
1380 1625 7 3.4536335777469333e-09
1380 1628 9 2.1240737892591644e-12
1380 3275 7 3.4536335777469333e-09
1380 4218 7 3.4536335777469333e-09
1380 4936 7 3.4536335777469333e-09
1381 1625 8 9.099508249052899e-11
1381 1634 7 3.4536335777469333e-09
1381 2693 7 3.4536335777469333e-09
1382 1631 8 9.099508249052899e-11
1382 2695 8 9.099508249052899e-11
1384 1620 7 3.4536335777469333e-09
1384 1631 9 2.1240737892591644e-12
1384 1632 7 3.4536335777469333e-09
1385 1631 7 3.4536335777469333e-09
1390 4245 9 2.1240737892591644e-12
1391 2297 7 3.4536335777469333e-09
1391 2304 8 9.099508249052899e-11
1391 2557 7 3.4536335777469333e-09
1391 4016 8 9.099508249052899e-11
1391 4017 26 3.2087471701103205e-45
1391 4230 9 2.1240737892591644e-12
1391 4734 10 4.446783450639903e-14
1392 3323 7 3.4536335777469333e-09
1392 3324 9 2.1240737892591644e-12
1392 4734 58 1.2938836556368183e-120
1401 3087 20 8.695493220253148e-33
1401 3577 8 9.099508249052899e-11
1402 2458 16 6.00141807852706e-25
1402 3087 14 3.4261606372570675e-21
1403 3087 9 2.1240737892591644e-12
1404 3087 15 4.6924424998624084e-23
1405 3087 8 9.099508249052899e-11
1406 3087 12 1.460371131791886e-17
1407 3087 7 3.4536335777469333e-09
1409 3087 8 9.099508249052899e-11
1410 2935 9 2.1240737892591644e-12
1410 3087 10 4.446783450639903e-14
1412 3087 11 8.432494481814227e-16
1413 3087 10 4.446783450639903e-14
1414 3087 9 2.1240737892591644e-12
1415 3087 7 3.4536335777469333e-09
1420 3087 14 3.4261606372570675e-21
1421 3087 14 3.4261606372570675e-21
1422 3087 8 9.099508249052899e-11
1423 3087 9 2.1240737892591644e-12
1425 3087 8 9.099508249052899e-11
1426 3087 11 8.432494481814227e-16
1427 3087 15 4.6924424998624084e-23
1428 3087 12 1.460371131791886e-17
1429 3087 11 8.432494481814227e-16
1430 3087 7 3.4536335777469333e-09
1431 3087 10 4.446783450639903e-14
1432 3087 8 9.099508249052899e-11
1433 3087 9 2.1240737892591644e-12
1433 4891 8 9.099508249052899e-11
1435 3087 12 1.460371131791886e-17
1436 3087 7 3.4536335777469333e-09
1437 3087 14 3.4261606372570675e-21
1437 4052 11 8.432494481814227e-16
1438 3087 7 3.4536335777469333e-09
1439 3087 7 3.4536335777469333e-09
1440 3087 7 3.4536335777469333e-09
1440 3369 11 8.432494481814227e-16
1444 3087 11 8.432494481814227e-16
1451 3087 8 9.099508249052899e-11
1452 3087 8 9.099508249052899e-11
1454 2996 7 3.4536335777469333e-09
1454 3317 10 4.446783450639903e-14
1455 3087 7 3.4536335777469333e-09
1456 3087 8 9.099508249052899e-11
1457 2060 8 9.099508249052899e-11
1460 3087 59 3.709166201041355e-123
1460 3751 15 4.6924424998624084e-23
1461 3087 20 8.695493220253148e-33
1462 3087 8 9.099508249052899e-11
1466 2974 9 2.1240737892591644e-12
1466 4231 7 3.4536335777469333e-09
1469 1762 7 3.4536335777469333e-09
1469 2010 17 7.195438597871305e-27
1469 2011 10 4.446783450639903e-14
1469 3087 8 9.099508249052899e-11
1471 2987 8 9.099508249052899e-11
1473 4316 8 9.099508249052899e-11
1478 5130 9 2.1240737892591644e-12
1484 3788 9 2.1240737892591644e-12
1492 2497 7 3.4536335777469333e-09
1496 1864 7 3.4536335777469333e-09
1498 1840 7 3.4536335777469333e-09
1506 4734 7 3.4536335777469333e-09
1527 4646 7 3.4536335777469333e-09
1529 4704 7 3.4536335777469333e-09
1544 3053 54 1.5335295839756652e-110
1545 3053 34 8.341351275044661e-63
1545 3197 17 7.195438597871305e-27
1551 2334 8 9.099508249052899e-11
1554 4279 11 8.432494481814227e-16
1559 4094 8 9.099508249052899e-11
1571 3533 11 8.432494481814227e-16
1576 2736 19 8.636059150151695e-31
1580 4282 25 4.246846497995298e-43
1581 4282 7 3.4536335777469333e-09
1587 5235 8 9.099508249052899e-11
1615 3143 7 3.4536335777469333e-09
1622 2788 7 3.4536335777469333e-09
1623 3317 7 3.4536335777469333e-09
1624 3227 12 1.460371131791886e-17
1625 2143 8 9.099508249052899e-11
1626 4520 8 9.099508249052899e-11
1627 3320 7 3.4536335777469333e-09
1630 1994 7 3.4536335777469333e-09
1630 2691 7 3.4536335777469333e-09
1638 3279 11 8.432494481814227e-16
1640 2559 8 9.099508249052899e-11
1640 4522 7 3.4536335777469333e-09
1641 2453 7 3.4536335777469333e-09
1641 2557 8 9.099508249052899e-11
1641 4540 7 3.4536335777469333e-09
1644 4265 7 3.4536335777469333e-09
1650 4193 11 8.432494481814227e-16
1655 3882 39 2.7869200068890367e-74
1655 3883 11 8.432494481814227e-16
1656 4519 36 2.3547189341627886e-67
1659 1710 7 3.4536335777469333e-09
1667 1708 15 4.6924424998624084e-23
1667 2787 7 3.4536335777469333e-09
1668 3498 7 3.4536335777469333e-09
1671 3062 7 3.4536335777469333e-09
1672 1918 7 3.4536335777469333e-09
1672 4380 8 9.099508249052899e-11
1674 2557 7 3.4536335777469333e-09
1686 2660 8 9.099508249052899e-11
1686 5106 13 2.325749163982273e-19
1688 2654 11 8.432494481814227e-16
1688 2843 18 8.115234738279371e-29
1688 3299 15 4.6924424998624084e-23
1688 4543 7 3.4536335777469333e-09
1688 4550 91 4.955392962020988e-209
1690 2534 9 2.1240737892591644e-12
1692 3552 7 3.4536335777469333e-09
1693 2563 7 3.4536335777469333e-09
1694 2452 14 3.4261606372570675e-21
1694 2533 7 3.4536335777469333e-09
1694 2677 7 3.4536335777469333e-09
1696 3296 7 3.4536335777469333e-09
1696 3308 7 3.4536335777469333e-09
1698 2568 8 9.099508249052899e-11
1698 5295 7 3.4536335777469333e-09
1699 3080 8 9.099508249052899e-11
1706 3087 9 2.1240737892591644e-12
1707 2313 10 4.446783450639903e-14
1707 3087 21 8.304497837475084e-35
1707 3299 11 8.432494481814227e-16
1707 4279 22 7.539609567411698e-37
1707 4550 127 0.0
1707 4668 11 8.432494481814227e-16
1708 2713 12 1.460371131791886e-17
1708 3087 28 1.6173708950154867e-49
1708 4279 8 9.099508249052899e-11
1709 3087 17 7.195438597871305e-27
1710 3087 14 3.4261606372570675e-21
1711 3087 17 7.195438597871305e-27
1712 3087 12 1.460371131791886e-17
1712 3684 11 8.432494481814227e-16
1713 3087 16 6.00141807852706e-25
1714 3087 15 4.6924424998624084e-23
1715 3087 14 3.4261606372570675e-21
1715 4588 11 8.432494481814227e-16
1716 3087 12 1.460371131791886e-17
1717 3087 18 8.115234738279371e-29
1717 4167 11 8.432494481814227e-16
1718 3087 15 4.6924424998624084e-23
1718 4310 10 4.446783450639903e-14
1719 3087 9 2.1240737892591644e-12
1722 3087 9 2.1240737892591644e-12
1723 3087 12 1.460371131791886e-17
1724 3087 16 6.00141807852706e-25
1725 3087 7 3.4536335777469333e-09
1726 3087 9 2.1240737892591644e-12
1727 3087 10 4.446783450639903e-14
1728 3087 15 4.6924424998624084e-23
1729 3087 12 1.460371131791886e-17
1730 3087 10 4.446783450639903e-14
1731 3087 9 2.1240737892591644e-12
1732 3087 10 4.446783450639903e-14
1733 3087 11 8.432494481814227e-16
1734 3087 16 6.00141807852706e-25
1735 2376 17 7.195438597871305e-27
1735 3087 8 9.099508249052899e-11
1736 3087 13 2.325749163982273e-19
1736 4768 7 3.4536335777469333e-09
1737 3087 12 1.460371131791886e-17
1738 3087 8 9.099508249052899e-11
1739 3087 11 8.432494481814227e-16
1740 5051 7 3.4536335777469333e-09
1742 3087 9 2.1240737892591644e-12
1743 3087 12 1.460371131791886e-17
1744 3087 13 2.325749163982273e-19
1745 3087 9 2.1240737892591644e-12
1746 3087 9 2.1240737892591644e-12
1747 3087 10 4.446783450639903e-14
1748 3087 11 8.432494481814227e-16
1749 3087 9 2.1240737892591644e-12
1750 3087 9 2.1240737892591644e-12
1751 3087 7 3.4536335777469333e-09
1752 3087 11 8.432494481814227e-16
1753 2368 15 4.6924424998624084e-23
1754 3087 9 2.1240737892591644e-12
1755 3087 7 3.4536335777469333e-09
1756 3087 9 2.1240737892591644e-12
1757 3087 10 4.446783450639903e-14
1758 3087 8 9.099508249052899e-11
1759 3087 11 8.432494481814227e-16
1761 3087 7 3.4536335777469333e-09
1761 3090 7 3.4536335777469333e-09
1762 2195 7 3.4536335777469333e-09
1762 2697 8 9.099508249052899e-11
1762 2698 7 3.4536335777469333e-09
1762 3087 9 2.1240737892591644e-12
1762 3090 10 4.446783450639903e-14
1762 3855 7 3.4536335777469333e-09
1762 4336 8 9.099508249052899e-11
1762 4852 7 3.4536335777469333e-09
1765 3087 7 3.4536335777469333e-09
1766 3087 8 9.099508249052899e-11
1767 3087 9 2.1240737892591644e-12
1767 3641 7 3.4536335777469333e-09
1768 3087 7 3.4536335777469333e-09
1769 3087 8 9.099508249052899e-11
1770 3087 7 3.4536335777469333e-09
1771 3087 7 3.4536335777469333e-09
1773 3087 7 3.4536335777469333e-09
1774 3087 9 2.1240737892591644e-12
1775 3381 14 3.4261606372570675e-21
1775 3382 24 5.382035773116759e-41
1776 3087 8 9.099508249052899e-11
1777 3087 8 9.099508249052899e-11
1778 3087 13 2.325749163982273e-19
1779 3087 9 2.1240737892591644e-12
1793 3807 7 3.4536335777469333e-09
1801 4578 15 4.6924424998624084e-23
1803 4853 7 3.4536335777469333e-09
1804 3087 8 9.099508249052899e-11
1808 4962 23 6.52062394465256e-39
1814 3668 27 2.324809676648696e-47
1814 4336 18 8.115234738279371e-29
1817 2262 8 9.099508249052899e-11
1833 3174 24 5.382035773116759e-41
1834 4844 10 4.446783450639903e-14
1835 4844 43 1.0698885293590858e-83
1836 4844 9 2.1240737892591644e-12
1841 4900 19 8.636059150151695e-31
1841 4901 53 4.779053354726198e-108
1841 4902 9 2.1240737892591644e-12
1845 2837 8 9.099508249052899e-11
1847 3555 14 3.4261606372570675e-21
1849 4088 10 4.446783450639903e-14
1853 4369 11 8.432494481814227e-16
1854 2646 13 2.325749163982273e-19
1854 5176 7 3.4536335777469333e-09
1862 2817 7 3.4536335777469333e-09
1871 2329 10 4.446783450639903e-14
1876 3561 7 3.4536335777469333e-09
1883 2210 24 5.382035773116759e-41
1884 4904 18 8.115234738279371e-29
1913 5049 11 8.432494481814227e-16
1918 4380 29 1.0818018444385611e-51
1924 3295 10 4.446783450639903e-14
1927 4456 7 3.4536335777469333e-09
1930 3539 7 3.4536335777469333e-09
1930 3712 13 2.325749163982273e-19
1931 5149 16 6.00141807852706e-25
1950 2748 15 4.6924424998624084e-23
1957 2933 7 3.4536335777469333e-09
1958 4598 8 9.099508249052899e-11
1966 2382 23 6.52062394465256e-39
1966 2383 8 9.099508249052899e-11
1982 3888 12 1.460371131791886e-17
1992 3528 7 3.4536335777469333e-09
1995 2862 16 6.00141807852706e-25
1995 2995 37 1.192361266223738e-69
2007 3087 63 2.020954192280879e-133
2007 3088 10 4.446783450639903e-14
2007 4263 12 1.460371131791886e-17
2007 4477 9 2.1240737892591644e-12
2008 3087 10 4.446783450639903e-14
2009 3087 22 7.539609567411698e-37
2010 3087 21 8.304497837475084e-35
2011 3087 11 8.432494481814227e-16
2012 3087 9 2.1240737892591644e-12
2013 3087 31 4.320855403543505e-56
2013 4080 7 3.4536335777469333e-09
2013 4263 7 3.4536335777469333e-09
2014 3087 28 1.6173708950154867e-49
2015 2819 21 8.304497837475084e-35
2015 3087 9 2.1240737892591644e-12
2015 5302 18 8.115234738279371e-29
2023 3087 7 3.4536335777469333e-09
2025 3087 9 2.1240737892591644e-12
2025 4673 8 9.099508249052899e-11
2026 3087 11 8.432494481814227e-16
2027 3087 21 8.304497837475084e-35
2028 3087 15 4.6924424998624084e-23
2033 3087 7 3.4536335777469333e-09
2034 3087 10 4.446783450639903e-14
2035 3054 9 2.1240737892591644e-12
2035 3087 14 3.4261606372570675e-21
2035 3883 11 8.432494481814227e-16
2037 3087 10 4.446783450639903e-14
2040 3087 8 9.099508249052899e-11
2041 3087 10 4.446783450639903e-14
2047 3227 7 3.4536335777469333e-09
2047 3904 7 3.4536335777469333e-09
2050 2395 18 8.115234738279371e-29
2050 2396 12 1.460371131791886e-17
2050 3087 9 2.1240737892591644e-12
2051 3087 10 4.446783450639903e-14
2052 3087 8 9.099508249052899e-11
2053 3087 15 4.6924424998624084e-23
2054 3087 7 3.4536335777469333e-09
2055 3087 7 3.4536335777469333e-09
2056 3042 7 3.4536335777469333e-09
2059 2632 10 4.446783450639903e-14
2059 4857 7 3.4536335777469333e-09
2060 2354 7 3.4536335777469333e-09
2060 3090 9 2.1240737892591644e-12
2060 3091 7 3.4536335777469333e-09
2060 3359 10 4.446783450639903e-14
2061 3087 8 9.099508249052899e-11
2061 3090 8 9.099508249052899e-11
2062 2333 7 3.4536335777469333e-09
2064 3087 10 4.446783450639903e-14
2064 3486 9 2.1240737892591644e-12
2095 5001 9 2.1240737892591644e-12
2101 4293 7 3.4536335777469333e-09
2102 3087 10 4.446783450639903e-14
2105 2981 9 2.1240737892591644e-12
2105 4853 7 3.4536335777469333e-09
2143 3923 8 9.099508249052899e-11
2162 3337 10 4.446783450639903e-14
2167 4028 7 3.4536335777469333e-09
2173 4927 7 3.4536335777469333e-09
2174 4224 10 4.446783450639903e-14
2175 3203 7 3.4536335777469333e-09
2175 5301 12 1.460371131791886e-17
2178 2876 11 8.432494481814227e-16
2182 2412 9 2.1240737892591644e-12
2187 3960 10 4.446783450639903e-14
2187 4082 21 8.304497837475084e-35
2188 3960 13 2.325749163982273e-19
2189 3960 7 3.4536335777469333e-09
2193 2326 16 6.00141807852706e-25
2193 4659 24 5.382035773116759e-41
2193 4660 7 3.4536335777469333e-09
2199 3267 13 2.325749163982273e-19
2205 2430 7 3.4536335777469333e-09
2208 4411 19 8.636059150151695e-31
2209 4889 8 9.099508249052899e-11
2219 2666 16 6.00141807852706e-25
2222 3367 9 2.1240737892591644e-12
2224 3567 21 8.304497837475084e-35
2224 4091 9 2.1240737892591644e-12
2232 3183 7 3.4536335777469333e-09
2235 2921 9 2.1240737892591644e-12
2243 2926 10 4.446783450639903e-14
2243 2927 30 6.964816895790115e-54
2259 2974 11 8.432494481814227e-16
2268 2557 7 3.4536335777469333e-09
2268 3686 10 4.446783450639903e-14
2269 4269 7 3.4536335777469333e-09
2272 4936 33 1.493929468038016e-60
2273 3284 8 9.099508249052899e-11
2275 4306 10 4.446783450639903e-14
2303 3170 7 3.4536335777469333e-09
2304 2812 8 9.099508249052899e-11
2304 3322 7 3.4536335777469333e-09
2304 3323 7 3.4536335777469333e-09
2305 3324 7 3.4536335777469333e-09
2305 4270 8 9.099508249052899e-11
2313 3087 68 1.8778109294178934e-146
2313 3093 7 3.4536335777469333e-09
2313 4263 16 6.00141807852706e-25
2313 4477 8 9.099508249052899e-11
2314 3087 34 8.341351275044661e-63
2314 4550 110 0.0
2315 2656 12 1.460371131791886e-17
2315 2657 13 2.325749163982273e-19
2315 3087 25 4.246846497995298e-43
2315 3577 8 9.099508249052899e-11
2315 3869 13 2.325749163982273e-19
2316 3087 23 6.52062394465256e-39
2316 3577 7 3.4536335777469333e-09
2317 3087 16 6.00141807852706e-25
2317 4301 7 3.4536335777469333e-09
2318 3087 12 1.460371131791886e-17
2318 3851 25 4.246846497995298e-43
2318 3852 7 3.4536335777469333e-09
2319 3087 15 4.6924424998624084e-23
2319 4263 7 3.4536335777469333e-09
2320 3087 12 1.460371131791886e-17
2321 3087 10 4.446783450639903e-14
2322 3087 16 6.00141807852706e-25
2323 3087 19 8.636059150151695e-31
2324 3087 26 3.2087471701103205e-45
2324 4263 8 9.099508249052899e-11
2325 3087 29 1.0818018444385611e-51
2326 3087 24 5.382035773116759e-41
2327 3087 17 7.195438597871305e-27
2328 3087 24 5.382035773116759e-41
2329 3087 14 3.4261606372570675e-21
2330 3087 13 2.325749163982273e-19
2331 3087 13 2.325749163982273e-19
2332 3087 10 4.446783450639903e-14
2332 3094 7 3.4536335777469333e-09
2333 3087 9 2.1240737892591644e-12
2333 3091 7 3.4536335777469333e-09
2334 3087 17 7.195438597871305e-27
2335 3087 17 7.195438597871305e-27
2336 3087 13 2.325749163982273e-19
2337 3087 13 2.325749163982273e-19
2338 3087 12 1.460371131791886e-17
2339 3087 7 3.4536335777469333e-09
2340 3087 8 9.099508249052899e-11
2342 3087 16 6.00141807852706e-25
2343 3087 13 2.325749163982273e-19
2344 3087 17 7.195438597871305e-27
2345 3087 10 4.446783450639903e-14
2353 3087 17 7.195438597871305e-27
2354 3087 14 3.4261606372570675e-21
2354 4290 7 3.4536335777469333e-09
2355 3087 10 4.446783450639903e-14
2356 3087 13 2.325749163982273e-19
2357 3087 14 3.4261606372570675e-21
2359 3087 9 2.1240737892591644e-12
2360 3087 10 4.446783450639903e-14
2361 3087 12 1.460371131791886e-17
2362 3087 8 9.099508249052899e-11
2362 3425 10 4.446783450639903e-14
2363 3087 15 4.6924424998624084e-23
2364 3087 8 9.099508249052899e-11
2369 3087 8 9.099508249052899e-11
2371 3087 8 9.099508249052899e-11
2375 3087 8 9.099508249052899e-11
2375 4200 9 2.1240737892591644e-12
2376 5267 16 6.00141807852706e-25
2377 3087 16 6.00141807852706e-25
2378 3087 10 4.446783450639903e-14
2379 3087 11 8.432494481814227e-16
2381 3087 11 8.432494481814227e-16
2382 3087 7 3.4536335777469333e-09
2388 4400 12 1.460371131791886e-17
2390 3087 8 9.099508249052899e-11
2395 3087 8 9.099508249052899e-11
2399 3087 7 3.4536335777469333e-09
2400 3087 9 2.1240737892591644e-12
2401 3087 10 4.446783450639903e-14
2404 3579 13 2.325749163982273e-19
2405 3087 10 4.446783450639903e-14
2410 3846 7 3.4536335777469333e-09
2412 4685 9 2.1240737892591644e-12
2427 3087 7 3.4536335777469333e-09
2438 4511 11 8.432494481814227e-16
2445 2849 11 8.432494481814227e-16
2454 4339 7 3.4536335777469333e-09
2455 4791 8 9.099508249052899e-11
2456 3220 7 3.4536335777469333e-09
2461 3916 23 6.52062394465256e-39
2467 3569 7 3.4536335777469333e-09
2478 4527 7 3.4536335777469333e-09
2481 2681 9 2.1240737892591644e-12
2482 2681 33 1.493929468038016e-60
2485 5254 7 3.4536335777469333e-09
2498 3220 19 8.636059150151695e-31
2506 3436 9 2.1240737892591644e-12
2508 4800 7 3.4536335777469333e-09
2510 3915 9 2.1240737892591644e-12
2514 3431 20 8.695493220253148e-33
2515 3431 7 3.4536335777469333e-09
2523 4562 7 3.4536335777469333e-09
2524 2932 9 2.1240737892591644e-12
2524 2935 39 2.7869200068890367e-74
2524 2936 98 7.227225491395877e-229
2524 2937 11 8.432494481814227e-16
2524 4562 8 9.099508249052899e-11
2525 5080 11 8.432494481814227e-16
2531 3800 7 3.4536335777469333e-09
2551 2786 8 9.099508249052899e-11
2553 4235 7 3.4536335777469333e-09
2558 3336 25 4.246846497995298e-43
2561 2785 7 3.4536335777469333e-09
2561 3312 7 3.4536335777469333e-09
2563 2786 7 3.4536335777469333e-09
2563 3189 8 9.099508249052899e-11
2563 3311 7 3.4536335777469333e-09
2568 4661 8 9.099508249052899e-11
2569 3080 9 2.1240737892591644e-12
2569 4661 38 5.852916495880095e-72
2569 4968 9 2.1240737892591644e-12
2570 4661 26 3.2087471701103205e-45
2578 3087 27 2.324809676648696e-47
2579 3087 22 7.539609567411698e-37
2579 4552 11 8.432494481814227e-16
2580 3087 19 8.636059150151695e-31
2581 3087 17 7.195438597871305e-27
2582 3087 19 8.636059150151695e-31
2583 3087 10 4.446783450639903e-14
2583 3503 13 2.325749163982273e-19
2583 3505 8 9.099508249052899e-11
2584 3087 12 1.460371131791886e-17
2585 3087 10 4.446783450639903e-14
2586 3087 15 4.6924424998624084e-23
2587 3087 25 4.246846497995298e-43
2588 3087 19 8.636059150151695e-31
2589 3087 14 3.4261606372570675e-21
2590 3087 14 3.4261606372570675e-21
2591 3087 11 8.432494481814227e-16
2592 3087 15 4.6924424998624084e-23
2593 3087 15 4.6924424998624084e-23
2594 3087 13 2.325749163982273e-19
2595 3087 18 8.115234738279371e-29
2596 3087 19 8.636059150151695e-31
2597 3087 18 8.115234738279371e-29
2598 3087 21 8.304497837475084e-35
2599 3087 16 6.00141807852706e-25
2600 3087 12 1.460371131791886e-17
2601 3087 10 4.446783450639903e-14
2602 3087 15 4.6924424998624084e-23
2603 3087 8 9.099508249052899e-11
2606 3087 16 6.00141807852706e-25
2607 3087 11 8.432494481814227e-16
2608 3087 12 1.460371131791886e-17
2609 3087 9 2.1240737892591644e-12
2609 4257 13 2.325749163982273e-19
2610 3087 11 8.432494481814227e-16
2610 5132 11 8.432494481814227e-16
2611 3087 9 2.1240737892591644e-12
2612 3087 14 3.4261606372570675e-21
2613 3087 9 2.1240737892591644e-12
2613 4732 17 7.195438597871305e-27
2614 3089 7 3.4536335777469333e-09
2614 4863 7 3.4536335777469333e-09
2615 3087 10 4.446783450639903e-14
2617 3087 10 4.446783450639903e-14
2619 3473 7 3.4536335777469333e-09
2619 3561 7 3.4536335777469333e-09
2620 3087 7 3.4536335777469333e-09
2622 3087 10 4.446783450639903e-14
2623 3087 10 4.446783450639903e-14
2625 3087 13 2.325749163982273e-19
2625 4059 8 9.099508249052899e-11
2629 3087 8 9.099508249052899e-11
2630 3087 11 8.432494481814227e-16
2632 3087 11 8.432494481814227e-16
2633 2832 10 4.446783450639903e-14
2634 3087 7 3.4536335777469333e-09
2635 3087 8 9.099508249052899e-11
2637 3087 13 2.325749163982273e-19
2638 3087 7 3.4536335777469333e-09
2640 3087 8 9.099508249052899e-11
2641 3087 8 9.099508249052899e-11
2642 3087 10 4.446783450639903e-14
2644 3087 7 3.4536335777469333e-09
2645 3087 7 3.4536335777469333e-09
2646 3087 8 9.099508249052899e-11
2650 3087 8 9.099508249052899e-11
2651 3087 14 3.4261606372570675e-21
2651 4165 7 3.4536335777469333e-09
2651 4166 17 7.195438597871305e-27
2652 3087 10 4.446783450639903e-14
2653 3087 10 4.446783450639903e-14
2654 3087 8 9.099508249052899e-11
2679 3087 8 9.099508249052899e-11
2681 4520 7 3.4536335777469333e-09
2686 2979 7 3.4536335777469333e-09
2686 3577 7 3.4536335777469333e-09
2687 4339 7 3.4536335777469333e-09
2688 4261 7 3.4536335777469333e-09
2692 3670 7 3.4536335777469333e-09
2694 4348 7 3.4536335777469333e-09
2701 4226 8 9.099508249052899e-11
2701 4854 7 3.4536335777469333e-09
2701 5235 18 8.115234738279371e-29
2702 4226 7 3.4536335777469333e-09
2702 4734 8 9.099508249052899e-11
2705 4853 8 9.099508249052899e-11
2706 4640 16 6.00141807852706e-25
2711 4855 7 3.4536335777469333e-09
2712 4854 7 3.4536335777469333e-09
2713 3488 7 3.4536335777469333e-09
2713 4230 7 3.4536335777469333e-09
2718 5164 13 2.325749163982273e-19
2729 3124 11 8.432494481814227e-16
2731 5164 9 2.1240737892591644e-12
2734 4599 11 8.432494481814227e-16
2737 3649 25 4.246846497995298e-43
2747 4399 17 7.195438597871305e-27
2761 2925 7 3.4536335777469333e-09
2782 3080 9 2.1240737892591644e-12
2785 4364 22 7.539609567411698e-37
2787 3276 8 9.099508249052899e-11
2789 4462 7 3.4536335777469333e-09
2800 3079 11 8.432494481814227e-16
2808 3296 7 3.4536335777469333e-09
2808 4372 43 1.0698885293590858e-83
2811 4646 7 3.4536335777469333e-09
2819 5302 12 1.460371131791886e-17
2827 3087 11 8.432494481814227e-16
2827 3427 11 8.432494481814227e-16
2827 3577 8 9.099508249052899e-11
2828 3087 9 2.1240737892591644e-12
2829 3087 12 1.460371131791886e-17
2830 3087 8 9.099508249052899e-11
2831 3087 11 8.432494481814227e-16
2832 3087 11 8.432494481814227e-16
2833 3087 19 8.636059150151695e-31
2834 3087 30 6.964816895790115e-54
2835 3087 16 6.00141807852706e-25
2836 3087 11 8.432494481814227e-16
2837 3087 9 2.1240737892591644e-12
2838 3087 7 3.4536335777469333e-09
2839 3087 9 2.1240737892591644e-12
2841 3087 10 4.446783450639903e-14
2842 3087 13 2.325749163982273e-19
2843 3087 10 4.446783450639903e-14
2843 4550 9 2.1240737892591644e-12
2845 3087 15 4.6924424998624084e-23
2846 3087 18 8.115234738279371e-29
2847 3087 12 1.460371131791886e-17
2847 3174 9 2.1240737892591644e-12
2847 3519 7 3.4536335777469333e-09
2848 3087 10 4.446783450639903e-14
2849 3087 11 8.432494481814227e-16
2850 3087 10 4.446783450639903e-14
2851 3087 7 3.4536335777469333e-09
2852 3087 12 1.460371131791886e-17
2852 3116 14 3.4261606372570675e-21
2854 3087 15 4.6924424998624084e-23
2855 3087 9 2.1240737892591644e-12
2855 4919 11 8.432494481814227e-16
2856 3087 11 8.432494481814227e-16
2857 3087 13 2.325749163982273e-19
2858 3087 7 3.4536335777469333e-09
2859 3087 10 4.446783450639903e-14
2860 3087 10 4.446783450639903e-14
2864 3577 20 8.695493220253148e-33
2866 3087 9 2.1240737892591644e-12
2868 3087 7 3.4536335777469333e-09
2872 3087 8 9.099508249052899e-11
2873 3087 10 4.446783450639903e-14
2874 3389 7 3.4536335777469333e-09
2876 3087 9 2.1240737892591644e-12
2877 3087 7 3.4536335777469333e-09
2878 3087 8 9.099508249052899e-11
2880 3087 10 4.446783450639903e-14
2881 3087 8 9.099508249052899e-11
2881 4819 8 9.099508249052899e-11
2881 4820 15 4.6924424998624084e-23
2883 3087 8 9.099508249052899e-11
2886 3087 10 4.446783450639903e-14
2887 3087 8 9.099508249052899e-11
2888 3087 8 9.099508249052899e-11
2903 4497 7 3.4536335777469333e-09
2905 3087 7 3.4536335777469333e-09
2907 3087 7 3.4536335777469333e-09
2909 3087 7 3.4536335777469333e-09
2910 3186 9 2.1240737892591644e-12
2924 3087 7 3.4536335777469333e-09
2925 3613 20 8.695493220253148e-33
2943 5176 9 2.1240737892591644e-12
2951 3582 7 3.4536335777469333e-09
2952 3582 14 3.4261606372570675e-21
2953 3582 49 3.552759946393362e-98
2976 4535 14 3.4261606372570675e-21
2980 4264 7 3.4536335777469333e-09
2982 4857 7 3.4536335777469333e-09
2984 3552 9 2.1240737892591644e-12
3026 3307 10 4.446783450639903e-14
3026 3308 10 4.446783450639903e-14
3035 4617 17 7.195438597871305e-27
3047 5104 13 2.325749163982273e-19
3080 4062 7 3.4536335777469333e-09
3080 4469 7 3.4536335777469333e-09
3080 4661 8 9.099508249052899e-11
3080 4844 8 9.099508249052899e-11
3080 4968 13 2.325749163982273e-19
3087 3333 12 1.460371131791886e-17
3087 3335 9 2.1240737892591644e-12
3087 3336 10 4.446783450639903e-14
3087 3337 9 2.1240737892591644e-12
3087 3339 7 3.4536335777469333e-09
3087 3340 7 3.4536335777469333e-09
3087 3341 8 9.099508249052899e-11
3087 3342 8 9.099508249052899e-11
3087 3343 12 1.460371131791886e-17
3087 3344 7 3.4536335777469333e-09
3087 3345 12 1.460371131791886e-17
3087 3347 8 9.099508249052899e-11
3087 3348 8 9.099508249052899e-11
3087 3351 9 2.1240737892591644e-12
3087 3352 12 1.460371131791886e-17
3087 3353 12 1.460371131791886e-17
3087 3354 7 3.4536335777469333e-09
3087 3355 9 2.1240737892591644e-12
3087 3356 8 9.099508249052899e-11
3087 3357 7 3.4536335777469333e-09
3087 3360 7 3.4536335777469333e-09
3087 3577 24 5.382035773116759e-41
3087 3578 36 2.3547189341627886e-67
3087 3579 23 6.52062394465256e-39
3087 3580 12 1.460371131791886e-17
3087 3581 10 4.446783450639903e-14
3087 3582 16 6.00141807852706e-25
3087 3583 13 2.325749163982273e-19
3087 3584 11 8.432494481814227e-16
3087 3585 12 1.460371131791886e-17
3087 3586 13 2.325749163982273e-19
3087 3587 8 9.099508249052899e-11
3087 3588 21 8.304497837475084e-35
3087 3589 16 6.00141807852706e-25
3087 3590 14 3.4261606372570675e-21
3087 3592 7 3.4536335777469333e-09
3087 3593 10 4.446783450639903e-14
3087 3594 19 8.636059150151695e-31
3087 3595 19 8.636059150151695e-31
3087 3598 11 8.432494481814227e-16
3087 3599 11 8.432494481814227e-16
3087 3601 11 8.432494481814227e-16
3087 3602 16 6.00141807852706e-25
3087 3606 9 2.1240737892591644e-12
3087 3607 7 3.4536335777469333e-09
3087 3608 10 4.446783450639903e-14
3087 3609 12 1.460371131791886e-17
3087 3610 9 2.1240737892591644e-12
3087 3611 10 4.446783450639903e-14
3087 3613 10 4.446783450639903e-14
3087 3617 14 3.4261606372570675e-21
3087 3619 7 3.4536335777469333e-09
3087 3621 7 3.4536335777469333e-09
3087 3622 8 9.099508249052899e-11
3087 3627 9 2.1240737892591644e-12
3087 3629 8 9.099508249052899e-11
3087 3632 8 9.099508249052899e-11
3087 3633 15 4.6924424998624084e-23
3087 3634 7 3.4536335777469333e-09
3087 3635 11 8.432494481814227e-16
3087 3636 7 3.4536335777469333e-09
3087 3638 9 2.1240737892591644e-12
3087 3639 8 9.099508249052899e-11
3087 3641 8 9.099508249052899e-11
3087 3642 9 2.1240737892591644e-12
3087 3643 7 3.4536335777469333e-09
3087 3645 9 2.1240737892591644e-12
3087 3646 8 9.099508249052899e-11
3087 3648 9 2.1240737892591644e-12
3087 3687 34 8.341351275044661e-63
3087 3830 11 8.432494481814227e-16
3087 3831 10 4.446783450639903e-14
3087 3833 8 9.099508249052899e-11
3087 3836 16 6.00141807852706e-25
3087 3837 12 1.460371131791886e-17
3087 3838 12 1.460371131791886e-17
3087 3839 9 2.1240737892591644e-12
3087 3840 10 4.446783450639903e-14
3087 3841 16 6.00141807852706e-25
3087 3842 17 7.195438597871305e-27
3087 3843 9 2.1240737892591644e-12
3087 3844 13 2.325749163982273e-19
3087 3845 13 2.325749163982273e-19
3087 3846 13 2.325749163982273e-19
3087 3847 16 6.00141807852706e-25
3087 3848 8 9.099508249052899e-11
3087 3849 13 2.325749163982273e-19
3087 3850 18 8.115234738279371e-29
3087 3851 42 2.5223469329108134e-81
3087 3852 38 5.852916495880095e-72
3087 3853 14 3.4261606372570675e-21
3087 3854 10 4.446783450639903e-14
3087 3855 9 2.1240737892591644e-12
3087 3856 7 3.4536335777469333e-09
3087 3857 11 8.432494481814227e-16
3087 3858 12 1.460371131791886e-17
3087 3867 7 3.4536335777469333e-09
3087 3868 8 9.099508249052899e-11
3087 3869 9 2.1240737892591644e-12
3087 3870 9 2.1240737892591644e-12
3087 3873 12 1.460371131791886e-17
3087 3874 9 2.1240737892591644e-12
3087 3882 7 3.4536335777469333e-09
3087 3883 10 4.446783450639903e-14
3087 3885 7 3.4536335777469333e-09
3087 3888 8 9.099508249052899e-11
3087 3896 8 9.099508249052899e-11
3087 3905 8 9.099508249052899e-11
3087 3906 8 9.099508249052899e-11
3087 3907 7 3.4536335777469333e-09
3087 3912 8 9.099508249052899e-11
3087 4071 20 8.695493220253148e-33
3087 4072 24 5.382035773116759e-41
3087 4073 12 1.460371131791886e-17
3087 4074 22 7.539609567411698e-37
3087 4075 8 9.099508249052899e-11
3087 4076 10 4.446783450639903e-14
3087 4077 12 1.460371131791886e-17
3087 4078 18 8.115234738279371e-29
3087 4079 11 8.432494481814227e-16
3087 4080 10 4.446783450639903e-14
3087 4081 18 8.115234738279371e-29
3087 4082 25 4.246846497995298e-43
3087 4083 10 4.446783450639903e-14
3087 4084 7 3.4536335777469333e-09
3087 4085 13 2.325749163982273e-19
3087 4086 8 9.099508249052899e-11
3087 4087 17 7.195438597871305e-27
3087 4088 21 8.304497837475084e-35
3087 4089 11 8.432494481814227e-16
3087 4090 28 1.6173708950154867e-49
3087 4091 11 8.432494481814227e-16
3087 4092 9 2.1240737892591644e-12
3087 4093 12 1.460371131791886e-17
3087 4094 14 3.4261606372570675e-21
3087 4095 13 2.325749163982273e-19
3087 4096 14 3.4261606372570675e-21
3087 4097 12 1.460371131791886e-17
3087 4098 12 1.460371131791886e-17
3087 4099 8 9.099508249052899e-11
3087 4100 7 3.4536335777469333e-09
3087 4101 7 3.4536335777469333e-09
3087 4102 9 2.1240737892591644e-12
3087 4103 12 1.460371131791886e-17
3087 4104 13 2.325749163982273e-19
3087 4105 7 3.4536335777469333e-09
3087 4106 17 7.195438597871305e-27
3087 4107 10 4.446783450639903e-14
3087 4108 7 3.4536335777469333e-09
3087 4109 9 2.1240737892591644e-12
3087 4110 12 1.460371131791886e-17
3087 4111 12 1.460371131791886e-17
3087 4112 8 9.099508249052899e-11
3087 4113 7 3.4536335777469333e-09
3087 4114 8 9.099508249052899e-11
3087 4115 14 3.4261606372570675e-21
3087 4116 10 4.446783450639903e-14
3087 4117 7 3.4536335777469333e-09
3087 4118 8 9.099508249052899e-11
3087 4119 13 2.325749163982273e-19
3087 4120 12 1.460371131791886e-17
3087 4122 7 3.4536335777469333e-09
3087 4124 8 9.099508249052899e-11
3087 4125 7 3.4536335777469333e-09
3087 4126 7 3.4536335777469333e-09
3087 4127 9 2.1240737892591644e-12
3087 4132 8 9.099508249052899e-11
3087 4136 10 4.446783450639903e-14
3087 4137 9 2.1240737892591644e-12
3087 4140 10 4.446783450639903e-14
3087 4141 10 4.446783450639903e-14
3087 4143 9 2.1240737892591644e-12
3087 4146 8 9.099508249052899e-11
3087 4166 9 2.1240737892591644e-12
3087 4263 234 0.0
3087 4269 7 3.4536335777469333e-09
3087 4271 8 9.099508249052899e-11
3087 4279 15 4.6924424998624084e-23
3087 4280 20 8.695493220253148e-33
3087 4281 15 4.6924424998624084e-23
3087 4282 14 3.4261606372570675e-21
3087 4283 12 1.460371131791886e-17
3087 4285 8 9.099508249052899e-11
3087 4286 8 9.099508249052899e-11
3087 4287 12 1.460371131791886e-17
3087 4288 9 2.1240737892591644e-12
3087 4289 10 4.446783450639903e-14
3087 4290 11 8.432494481814227e-16
3087 4291 12 1.460371131791886e-17
3087 4295 12 1.460371131791886e-17
3087 4296 13 2.325749163982273e-19
3087 4299 7 3.4536335777469333e-09
3087 4300 8 9.099508249052899e-11
3087 4302 11 8.432494481814227e-16
3087 4307 7 3.4536335777469333e-09
3087 4309 7 3.4536335777469333e-09
3087 4310 12 1.460371131791886e-17
3087 4313 11 8.432494481814227e-16
3087 4314 9 2.1240737892591644e-12
3087 4319 7 3.4536335777469333e-09
3087 4320 7 3.4536335777469333e-09
3087 4322 9 2.1240737892591644e-12
3087 4324 7 3.4536335777469333e-09
3087 4325 8 9.099508249052899e-11
3087 4327 8 9.099508249052899e-11
3087 4346 7 3.4536335777469333e-09
3087 4476 17 7.195438597871305e-27
3087 4477 30 6.964816895790115e-54
3087 4478 24 5.382035773116759e-41
3087 4479 24 5.382035773116759e-41
3087 4480 15 4.6924424998624084e-23
3087 4481 12 1.460371131791886e-17
3087 4482 14 3.4261606372570675e-21
3087 4485 9 2.1240737892591644e-12
3087 4486 7 3.4536335777469333e-09
3087 4487 7 3.4536335777469333e-09
3087 4488 13 2.325749163982273e-19
3087 4489 8 9.099508249052899e-11
3087 4490 18 8.115234738279371e-29
3087 4491 11 8.432494481814227e-16
3087 4492 14 3.4261606372570675e-21
3087 4493 8 9.099508249052899e-11
3087 4494 12 1.460371131791886e-17
3087 4495 11 8.432494481814227e-16
3087 4496 12 1.460371131791886e-17
3087 4499 11 8.432494481814227e-16
3087 4500 16 6.00141807852706e-25
3087 4501 8 9.099508249052899e-11
3087 4502 13 2.325749163982273e-19
3087 4503 8 9.099508249052899e-11
3087 4504 16 6.00141807852706e-25
3087 4506 14 3.4261606372570675e-21
3087 4509 11 8.432494481814227e-16
3087 4510 8 9.099508249052899e-11
3087 4511 7 3.4536335777469333e-09
3087 4512 10 4.446783450639903e-14
3087 4514 16 6.00141807852706e-25
3087 4515 11 8.432494481814227e-16
3087 4516 10 4.446783450639903e-14
3087 4517 9 2.1240737892591644e-12
3087 4518 10 4.446783450639903e-14
3087 4519 9 2.1240737892591644e-12
3087 4520 7 3.4536335777469333e-09
3087 4668 36 2.3547189341627886e-67
3087 4673 7 3.4536335777469333e-09
3087 4682 8 9.099508249052899e-11
3087 4684 10 4.446783450639903e-14
3087 4687 7 3.4536335777469333e-09
3087 4697 9 2.1240737892591644e-12
3087 4704 8 9.099508249052899e-11
3087 4726 7 3.4536335777469333e-09
3087 4734 7 3.4536335777469333e-09
3087 4869 12 1.460371131791886e-17
3087 4873 7 3.4536335777469333e-09
3087 4874 7 3.4536335777469333e-09
3087 4877 7 3.4536335777469333e-09
3087 4878 7 3.4536335777469333e-09
3087 4883 14 3.4261606372570675e-21
3087 4888 9 2.1240737892591644e-12
3087 4895 8 9.099508249052899e-11
3087 4896 7 3.4536335777469333e-09
3087 4910 8 9.099508249052899e-11
3087 4923 7 3.4536335777469333e-09
3087 4958 7 3.4536335777469333e-09
3087 4980 8 9.099508249052899e-11
3087 4981 10 4.446783450639903e-14
3087 4983 12 1.460371131791886e-17
3087 4984 9 2.1240737892591644e-12
3087 4989 7 3.4536335777469333e-09
3087 4990 9 2.1240737892591644e-12
3087 4992 7 3.4536335777469333e-09
3087 5002 9 2.1240737892591644e-12
3087 5004 9 2.1240737892591644e-12
3087 5005 11 8.432494481814227e-16
3087 5006 7 3.4536335777469333e-09
3087 5016 7 3.4536335777469333e-09
3087 5036 7 3.4536335777469333e-09
3087 5037 7 3.4536335777469333e-09
3087 5059 8 9.099508249052899e-11
3087 5068 7 3.4536335777469333e-09
3087 5087 7 3.4536335777469333e-09
3088 4535 13 2.325749163982273e-19
3090 4337 9 2.1240737892591644e-12
3091 4337 20 8.695493220253148e-33
3093 3855 7 3.4536335777469333e-09
3094 4855 7 3.4536335777469333e-09
3114 3622 8 9.099508249052899e-11
3121 4089 7 3.4536335777469333e-09
3124 4578 7 3.4536335777469333e-09
3125 5296 8 9.099508249052899e-11
3140 4339 18 8.115234738279371e-29
3140 4340 7 3.4536335777469333e-09
3146 4119 23 6.52062394465256e-39
3147 4894 9 2.1240737892591644e-12
3147 4895 45 1.7731255510862427e-88
3147 4896 21 8.304497837475084e-35
3157 4406 14 3.4261606372570675e-21
3159 3465 12 1.460371131791886e-17
3165 3713 14 3.4261606372570675e-21
3168 3943 17 7.195438597871305e-27
3184 4335 8 9.099508249052899e-11
3189 4799 10 4.446783450639903e-14
3190 4995 7 3.4536335777469333e-09
3203 4856 7 3.4536335777469333e-09
3205 3710 9 2.1240737892591644e-12
3206 3710 7 3.4536335777469333e-09
3206 4228 13 2.325749163982273e-19
3207 4228 7 3.4536335777469333e-09
3223 3336 8 9.099508249052899e-11
3228 3534 7 3.4536335777469333e-09
3236 4115 7 3.4536335777469333e-09
3236 4116 41 5.782088712055997e-79
3237 4183 10 4.446783450639903e-14
3237 4184 8 9.099508249052899e-11
3248 3625 9 2.1240737892591644e-12
3248 3681 26 3.2087471701103205e-45
3248 4136 23 6.52062394465256e-39
3254 4313 7 3.4536335777469333e-09
3254 4793 7 3.4536335777469333e-09
3257 3552 7 3.4536335777469333e-09
3269 4011 10 4.446783450639903e-14
3269 5101 18 8.115234738279371e-29
3272 4651 7 3.4536335777469333e-09
3273 3595 11 8.432494481814227e-16
3274 3500 7 3.4536335777469333e-09
3274 4934 7 3.4536335777469333e-09
3275 4263 7 3.4536335777469333e-09
3277 4264 9 2.1240737892591644e-12
3284 4564 8 9.099508249052899e-11
3285 4562 7 3.4536335777469333e-09
3290 3468 10 4.446783450639903e-14
3299 4234 11 8.432494481814227e-16
3299 4550 118 0.0
3310 4916 26 3.2087471701103205e-45
3313 4525 7 3.4536335777469333e-09
3317 4858 7 3.4536335777469333e-09
3325 4469 8 9.099508249052899e-11
3325 4966 10 4.446783450639903e-14
3325 4967 35 4.504612317468901e-65
3325 4968 37 1.192361266223738e-69
3333 4477 17 7.195438597871305e-27
3343 4571 9 2.1240737892591644e-12
3343 4572 23 6.52062394465256e-39
3350 3656 12 1.460371131791886e-17
3355 4180 8 9.099508249052899e-11
3359 4228 7 3.4536335777469333e-09
3360 4228 14 3.4261606372570675e-21
3384 3723 16 6.00141807852706e-25
3401 4358 8 9.099508249052899e-11
3406 5137 9 2.1240737892591644e-12
3417 4588 7 3.4536335777469333e-09
3421 5185 7 3.4536335777469333e-09
3422 5185 7 3.4536335777469333e-09
3431 4720 9 2.1240737892591644e-12
3432 4136 7 3.4536335777469333e-09
3433 4251 9 2.1240737892591644e-12
3455 5177 7 3.4536335777469333e-09
3470 3811 10 4.446783450639903e-14
3480 4254 7 3.4536335777469333e-09
3488 4738 7 3.4536335777469333e-09
3547 3782 26 3.2087471701103205e-45
3548 3782 12 1.460371131791886e-17
3551 5263 14 3.4261606372570675e-21
3557 4241 14 3.4261606372570675e-21
3566 3929 9 2.1240737892591644e-12
3577 4550 7 3.4536335777469333e-09
3582 4936 7 3.4536335777469333e-09
3605 3887 11 8.432494481814227e-16
3620 4875 9 2.1240737892591644e-12
3627 4526 7 3.4536335777469333e-09
3648 5249 8 9.099508249052899e-11
3650 4680 10 4.446783450639903e-14
3659 4526 8 9.099508249052899e-11
3687 4263 241 0.0
3693 4705 8 9.099508249052899e-11
3705 5002 9 2.1240737892591644e-12
3705 5003 10 4.446783450639903e-14
3722 4683 9 2.1240737892591644e-12
3752 4882 8 9.099508249052899e-11
3759 4520 10 4.446783450639903e-14
3762 4645 11 8.432494481814227e-16
3765 4889 7 3.4536335777469333e-09
3768 4390 12 1.460371131791886e-17
3774 4513 16 6.00141807852706e-25
3854 4852 7 3.4536335777469333e-09
3876 4282 7 3.4536335777469333e-09
3914 4983 8 9.099508249052899e-11
3922 4442 8 9.099508249052899e-11
3939 5115 7 3.4536335777469333e-09
3945 4334 21 8.304497837475084e-35
3960 4268 7 3.4536335777469333e-09
3965 5110 7 3.4536335777469333e-09
3983 4193 21 8.304497837475084e-35
4002 5038 12 1.460371131791886e-17
4034 5254 7 3.4536335777469333e-09
4039 4954 12 1.460371131791886e-17
4073 4840 20 8.695493220253148e-33
4078 4488 7 3.4536335777469333e-09
4133 5150 10 4.446783450639903e-14
4137 4522 14 3.4261606372570675e-21
4147 4552 7 3.4536335777469333e-09
4175 4735 10 4.446783450639903e-14
4222 4856 7 3.4536335777469333e-09
4227 4857 7 3.4536335777469333e-09
4228 4532 7 3.4536335777469333e-09
4228 4633 17 7.195438597871305e-27
4232 4532 7 3.4536335777469333e-09
4256 4751 9 2.1240737892591644e-12
4260 4529 7 3.4536335777469333e-09
4262 4857 7 3.4536335777469333e-09
4263 4280 9 2.1240737892591644e-12
4263 4283 7 3.4536335777469333e-09
4263 4292 7 3.4536335777469333e-09
4268 4392 7 3.4536335777469333e-09
4279 4668 10 4.446783450639903e-14
4279 4669 14 3.4261606372570675e-21
4279 4852 15 4.6924424998624084e-23
4295 4550 14 3.4261606372570675e-21
4303 4717 9 2.1240737892591644e-12
4307 4560 14 3.4261606372570675e-21
4314 4520 7 3.4536335777469333e-09
4317 4564 15 4.6924424998624084e-23
4336 4532 7 3.4536335777469333e-09
4357 4632 11 8.432494481814227e-16
4359 4871 8 9.099508249052899e-11
4373 4932 16 6.00141807852706e-25
4387 5012 8 9.099508249052899e-11
4391 4870 9 2.1240737892591644e-12
4447 5175 10 4.446783450639903e-14
4468 4967 7 3.4536335777469333e-09
4479 5135 7 3.4536335777469333e-09
4494 4964 12 1.460371131791886e-17
4520 4854 8 9.099508249052899e-11
4520 4858 10 4.446783450639903e-14
4520 4859 7 3.4536335777469333e-09
4522 4858 8 9.099508249052899e-11
4524 4856 7 3.4536335777469333e-09
4528 4855 7 3.4536335777469333e-09
4539 4914 23 6.52062394465256e-39
4539 4915 7 3.4536335777469333e-09
4550 4810 17 7.195438597871305e-27
4562 5267 10 4.446783450639903e-14
4565 4929 8 9.099508249052899e-11
4661 4968 11 8.432494481814227e-16
4684 4939 7 3.4536335777469333e-09
4860 4984 7 3.4536335777469333e-09
4921 5223 9 2.1240737892591644e-12
4922 5223 17 7.195438597871305e-27
4938 4988 22 7.539609567411698e-37
