2553 3
1827 -0.588295 0.268876 1.229023 
1880 -0.613967 0.822731 0.847703 
732 -0.318102 0.760345 1.014232 
2002 -0.522419 0.450014 1.100222 
512 -0.491474 0.447963 1.123610 
418 -0.553834 0.439225 1.058259 
2614 -0.562457 0.589128 0.861775 
2615 -0.459483 0.333614 1.267470 
1107 -0.364314 0.411328 1.154236 
1670 -0.208171 0.577384 1.075360 
1899 -0.368508 0.337050 0.973346 
662 -0.369023 0.466235 0.988044 
1760 -0.212231 0.455709 1.256693 
1772 -0.625085 0.310621 1.119752 
2504 -0.476180 0.653568 0.839667 
2505 -0.318915 0.385004 0.932294 
2103 -0.286138 0.678620 0.941262 
2083 -0.798422 0.487914 1.053664 
2462 -0.504117 0.730087 0.950717 
2458 -0.493390 0.739205 0.919174 
530 -0.368062 0.514225 1.146358 
531 -0.212024 0.476521 1.239109 
747 -0.341081 0.382848 1.227232 
795 -0.177265 0.481585 1.204365 
1099 -0.230737 0.552988 1.217924 
1102 -0.498133 0.528186 1.114200 
191 -0.435483 0.259010 0.801780 
166 -0.285444 0.525578 1.001834 
772 -0.402614 0.418417 1.081707 
724 -0.250260 0.971635 0.907247 
422 -0.237074 0.622325 1.013983 
421 -0.317767 0.681211 1.060083 
260 -0.511085 0.622524 1.037976 
256 -0.504893 0.384257 1.142129 
551 -0.364833 0.638253 0.890429 
299 -0.596434 0.437110 1.098175 
298 -0.280320 0.631644 0.937101 
502 -0.305699 0.566497 0.933695 
543 -0.149872 0.344458 0.813729 
583 -0.479537 0.475725 0.988796 
2597 -0.404726 0.690125 0.910725 
2595 -0.183184 0.676165 0.970224 
43 -0.322013 0.832715 1.016810 
44 -0.232274 0.378137 1.199859 
1451 -0.319817 0.620163 1.080101 
1655 -0.677117 0.885835 0.818811 
1945 -0.441586 0.818266 0.923449 
1664 -0.266566 0.358316 1.064538 
1141 -0.872761 0.212655 1.167622 
1384 -0.459478 0.516264 1.111885 
1125 -0.401459 0.362386 1.335879 
83 -0.423541 0.779329 0.926924 
1164 -0.441594 0.362400 0.995921 
1189 -0.443787 0.608093 0.966084 
2404 -0.605447 0.485985 1.065621 
2405 -0.661298 0.733862 0.915634 
1472 -0.397448 0.485541 1.033668 
1483 -0.440398 0.273816 1.208460 
1994 -0.369294 0.542487 1.066610 
1940 -0.785128 0.828803 0.833865 
1192 -0.113208 0.700262 1.153380 
1190 -0.407823 0.414593 0.861832 
37 -0.402089 0.730759 1.118139 
420 -0.432706 0.507277 1.088718 
248 -0.238680 0.697057 1.118486 
308 -0.463206 0.418463 1.173539 
1397 -0.568110 0.258045 1.181001 
1395 -0.976495 0.662402 0.907124 
2051 -0.079452 0.053155 1.505310 
2050 -0.835692 0.374332 0.871634 
1932 -0.609804 0.889738 0.898499 
1934 -0.618046 0.631034 1.011242 
1829 -0.521147 0.617211 1.072645 
1830 -0.195852 0.588056 1.061279 
2528 -0.337310 0.371939 0.858154 
2555 -0.429966 0.333434 1.079600 
357 -0.026066 0.771809 1.079270 
324 -0.459578 0.541282 1.069934 
614 -0.258438 0.498229 1.044337 
608 -0.229413 0.648051 1.016090 
950 -0.166705 0.452302 1.185492 
873 -0.497744 0.537518 1.071375 
455 -0.661928 0.517316 1.012268 
453 -0.358795 0.519800 1.091672 
882 -0.361257 0.699468 0.994313 
883 -0.397068 0.864499 0.928662 
95 -0.450490 0.778974 1.003989 
98 -0.440740 0.724419 0.961508 
2150 -0.268741 0.591407 0.981594 
2188 -0.082489 0.943357 1.029198 
1591 -0.900193 0.401007 1.082348 
1592 -0.544150 0.438201 1.098375 
1937 -0.353480 0.858614 0.980285 
1969 -0.315181 0.382527 1.218938 
1167 -0.197943 0.474363 1.260799 
1660 -0.285817 0.790480 0.977130 
1979 -0.477339 0.426774 1.102084 
730 -0.253047 0.824103 1.079681 
2007 -0.805303 0.434187 0.996747 
2022 -0.696308 0.572479 0.957735 
1913 -0.512506 0.411168 1.000888 
1918 -0.443198 0.602594 1.080465 
2363 -0.530121 0.838551 0.922462 
302 -0.480708 0.817888 0.983271 
1360 -0.841653 0.666901 0.870797 
2494 -0.460125 0.696542 0.929061 
1383 -0.463151 0.383942 1.212954 
870 -0.637520 0.473029 1.049375 
2440 -0.790543 1.180857 0.683951 
1077 -0.638881 0.265402 1.053070 
355 -0.088258 0.499613 1.122023 
350 -0.158488 0.455037 1.249346 
891 -0.519722 0.482970 1.029115 
880 -0.191524 0.881055 1.078476 
2093 -0.474090 0.238588 1.091932 
2094 -0.394763 0.175706 1.366194 
2433 -0.439100 0.633284 1.033298 
2438 -0.699851 0.375088 1.054819 
2117 -0.507860 0.375149 1.243966 
2095 -0.735620 0.460322 1.089899 
2182 -0.504111 0.393615 0.853178 
2189 -0.378360 0.554431 1.127258 
112 -0.519086 0.343126 0.934331 
121 -0.504880 0.520893 0.935332 
485 -0.817418 0.557284 0.968282 
442 -0.372231 0.636501 1.087742 
1183 -0.031975 0.729811 1.101320 
1182 -0.315559 0.435228 1.167208 
171 -0.522798 0.749380 0.701502 
173 -0.462853 0.384044 0.914630 
792 -0.271211 0.557547 0.773157 
789 -0.294613 0.339831 1.191396 
226 -0.538829 0.750252 0.953384 
209 -0.363939 0.577058 0.996814 
1995 -0.520610 0.690924 0.875841 
1933 -0.573038 0.439222 1.091989 
1076 -0.647990 0.459924 1.085084 
1005 -0.721348 0.366387 1.062120 
1938 -0.636134 0.724438 0.899890 
1920 -0.244120 0.493931 0.941489 
2395 -0.407996 0.325423 0.988903 
2394 -0.466146 0.645298 1.018613 
1981 -0.398907 0.514262 1.023484 
1983 -0.632051 0.559744 0.873323 
587 -0.014445 0.705854 1.159040 
590 -0.331990 0.675793 0.986813 
2412 -0.613003 1.148516 0.845370 
878 -0.295368 0.892677 0.976740 
985 -0.486822 0.753758 0.921290 
2402 -0.419405 0.238151 1.207296 
798 -0.486349 0.785166 0.928556 
2306 -0.144311 0.771805 0.997747 
2305 -0.667740 1.182511 0.705016 
1197 -0.456273 0.346244 1.140215 
1223 -0.496939 0.498801 0.926391 
2594 -0.210370 0.627093 1.202074 
2592 -0.457758 0.314175 1.044204 
1791 -0.309505 0.538369 1.026621 
1853 -0.134558 0.541953 1.266194 
211 -0.317070 0.873482 0.917653 
236 -0.486959 0.838880 0.884851 
767 -0.311465 0.470751 1.152701 
2231 -0.283052 0.530836 1.210628 
2636 -0.419368 0.217919 1.127071 
801 -0.513244 0.494025 0.872648 
842 -0.144418 0.546306 0.566391 
1959 -0.469570 0.516136 1.079243 
2027 -0.500897 0.686661 1.067940 
1631 -0.233372 0.558787 1.180393 
1630 -0.559969 0.714520 0.945216 
333 -0.659339 0.315197 1.083238 
679 -0.113014 0.645353 1.164789 
681 -0.585286 0.485343 0.988344 
1834 -0.645077 0.520792 1.003602 
1858 -0.470483 0.263779 0.778982 
478 -0.534325 0.453468 1.061170 
1939 -0.521196 0.919173 0.889792 
1971 -0.515277 0.553496 1.089981 
1576 -0.237176 0.524146 1.209125 
1559 -0.548291 0.657827 0.994286 
150 -0.472539 0.361398 0.999782 
152 -0.411856 0.464954 1.022649 
490 -0.283260 0.811435 0.999480 
492 -0.277036 0.771925 0.802068 
1471 -0.522186 0.600228 0.981131 
1469 -0.569432 0.669509 0.981320 
1565 -0.272670 0.686180 1.126308 
1428 -0.149642 0.507077 1.132104 
2423 -0.503187 0.315193 1.049482 
2446 -0.176433 0.452856 1.332914 
916 -0.321282 0.640166 1.105799 
1302 -0.477283 0.493728 1.081754 
1376 -0.583559 0.696524 0.997434 
2044 -0.409774 0.762402 0.869107 
2053 -0.304183 0.295936 1.170012 
1961 -0.605989 0.500512 1.004760 
2345 -0.208575 0.471506 1.102302 
2408 -0.430111 0.424303 1.114167 
2373 -0.388957 0.704448 1.063365 
1579 -0.321272 0.542838 0.981374 
1581 -0.533332 0.506146 1.125681 
2312 -0.296940 0.829906 0.977867 
2275 -0.029942 0.494563 1.246675 
2582 -0.166546 0.533501 1.247260 
2060 -0.247905 0.448975 0.878258 
349 -0.511201 0.698688 0.901792 
296 -0.326247 0.487762 1.157848 
900 -0.465874 0.405638 1.225860 
968 -0.857421 0.307436 1.065960 
577 -0.380602 0.617206 0.955247 
589 -0.257631 0.847834 0.969734 
1103 -0.398803 0.457783 1.216259 
1129 -0.629868 0.319033 1.206899 
45 -0.358121 0.537308 1.138583 
47 -0.284196 0.484903 0.982288 
1610 -0.423192 0.542488 1.015749 
1593 -0.189079 0.434841 1.070027 
2297 -0.334499 0.459391 1.117284 
655 -0.275022 0.425930 1.086411 
1214 -0.654233 0.988175 0.709845 
1215 -0.212194 0.857188 1.015852 
1506 -0.397550 0.645444 1.026422 
962 -0.497095 0.889252 0.896860 
684 -0.501537 0.722157 0.898437 
650 -0.317235 0.524555 1.061540 
2246 -0.386634 0.366574 0.891135 
2247 -0.437034 0.457311 1.043299 
946 -0.286804 0.822717 1.021356 
1441 -0.578635 0.319848 1.125233 
620 -0.153140 0.814676 1.061550 
564 -0.299395 0.779110 1.017170 
2589 -0.244849 0.464868 1.108680 
2635 -0.289534 0.548536 1.059904 
1143 -0.910727 0.829363 0.821429 
1148 -0.548387 0.950292 0.863025 
322 -0.247188 0.746734 0.975235 
225 -0.732609 0.430163 1.089634 
1586 -0.481494 0.607326 0.961635 
367 -0.445576 0.437958 1.126781 
437 -0.400694 0.549801 1.013841 
1879 -0.361871 0.499288 1.048160 
1832 -0.466903 0.395527 1.196738 
940 -0.501765 0.708334 1.018005 
947 -0.316527 0.557257 1.121686 
1768 -0.676703 0.265964 1.096649 
2612 -0.514315 0.104869 1.275909 
431 -0.105731 0.256809 1.356496 
1977 -0.959183 0.501065 0.905775 
1067 -0.304055 0.484680 0.927821 
2544 -0.320373 0.397785 1.279594 
2441 -1.412947 0.303895 0.921560 
2444 -0.992582 0.557046 0.898050 
1156 -0.234046 0.705926 1.029317 
1155 -0.222779 0.555278 1.043291 
992 -0.483220 0.467304 1.104020 
995 -0.372758 0.588262 0.984468 
2449 -0.266997 0.619814 1.141410 
1801 -0.435429 0.623623 1.030568 
2503 -0.444228 0.617734 0.999648 
2527 -0.344844 0.415032 1.155525 
387 -0.431202 0.433285 1.078322 
834 -0.054126 0.686483 1.171181 
1567 -0.499541 0.321405 1.062739 
1974 -0.662914 0.626874 0.861277 
1975 -0.389571 0.945375 0.932674 
2229 -0.158847 0.632609 1.163775 
2153 -0.490288 0.427051 0.872739 
2171 -0.545299 0.505493 1.045244 
1419 -0.713201 0.363048 1.111677 
1532 -0.399465 0.636644 0.705866 
58 -0.131119 0.634691 1.134753 
110 -0.238918 0.452013 1.069573 
1763 -0.416312 0.527200 1.148537 
1740 -0.514899 0.753039 0.938799 
771 -0.267915 0.460184 1.199459 
744 -0.449163 0.507516 1.158171 
963 -0.344783 0.600322 0.994820 
1497 -0.593362 0.997522 0.807514 
1822 -0.433129 0.327950 1.261942 
1823 -0.421494 0.337545 1.149354 
1260 -0.530818 0.266538 1.230980 
1246 -0.476061 0.300955 1.259303 
2244 -0.512413 0.838791 0.908320 
2242 -0.159547 0.891511 1.049451 
1078 -0.787023 0.418288 1.019861 
1003 -0.327641 0.490970 1.052857 
924 -0.672961 0.512390 1.029734 
881 -0.447176 0.568854 0.920161 
927 -0.248191 0.645841 1.112602 
981 -0.448279 0.406628 0.704992 
1535 -0.344297 0.297273 1.311748 
1536 -0.571561 0.475381 0.938212 
476 -0.183708 0.551361 1.153890 
404 -0.731085 0.720342 0.862526 
690 -0.342990 0.471487 1.226207 
788 -0.566481 0.287603 1.193115 
2451 -0.366662 0.677082 1.034840 
2428 -0.401747 0.458980 1.101849 
243 -0.426378 0.451597 1.101281 
262 -0.260903 0.547050 1.104110 
2546 -0.297465 0.347079 1.197661 
2562 -0.290933 0.435751 0.995159 
2268 -0.537604 0.474012 0.967779 
2263 -0.230642 0.576075 0.934451 
1810 -0.515384 0.515272 0.759793 
1870 -0.365801 0.407005 1.064835 
33 -0.467309 0.519544 0.944947 
68 -0.717234 0.606727 0.974108 
1378 -0.444282 0.492582 1.198717 
2517 -0.474885 0.411551 1.094212 
2487 -0.390575 0.705557 0.978609 
2644 -0.260852 0.259257 1.368026 
2642 -0.109459 0.093796 1.535723 
2204 -0.365245 0.460835 1.076213 
2479 -0.574267 0.737951 0.967072 
2107 -0.499614 0.478908 1.088684 
1923 -0.521654 0.671504 0.786082 
1922 -0.429628 0.557384 0.887595 
678 -0.218132 0.696682 1.068499 
647 -0.174516 0.380424 1.147153 
1640 -0.414664 0.607668 1.139856 
1634 -0.380850 0.473111 1.142990 
955 -0.253388 0.336626 1.140665 
864 -0.347136 0.643548 1.122875 
1412 -0.521549 0.664187 1.044308 
1413 -0.492849 0.718733 0.845114 
2168 -0.633502 0.472420 1.028676 
806 -0.483759 0.350526 1.104457 
643 -0.343611 0.728674 1.007628 
651 -0.291483 0.323436 0.641361 
638 -0.507685 0.378043 1.026636 
639 -0.516584 0.598777 0.980366 
1797 -0.346757 0.543962 1.092107 
1377 -0.594376 0.638073 0.937151 
1163 -0.359223 0.598707 1.004283 
898 -0.496187 0.545471 0.998256 
910 -0.453192 0.560330 1.012680 
392 -0.400494 0.498806 0.905953 
1915 -0.499098 0.332022 1.197021 
1917 -0.524615 0.345127 1.093150 
778 -0.331461 0.498795 1.137688 
712 -0.288442 0.691585 1.024977 
1612 -0.433194 0.549721 1.060030 
1615 -0.467895 0.705608 1.043263 
1222 -0.348591 0.988581 0.879749 
1159 -0.140232 0.560135 1.067990 
1798 -0.391892 0.595059 0.995132 
1800 -0.319430 0.603139 1.085003 
821 -0.505041 0.707585 0.988132 
822 -0.518155 0.341821 1.179087 
180 -0.358943 0.417440 0.992448 
162 -0.403440 0.454122 1.002404 
2210 -0.408795 0.409061 1.014313 
2212 -0.294314 0.563510 1.047348 
982 -0.210545 0.532845 1.114631 
2176 -0.599562 0.322784 1.162103 
2149 -0.380636 0.535469 1.036915 
1325 -0.562786 0.138859 1.336496 
2144 -0.318931 0.382416 1.199543 
2558 -0.253900 0.341520 1.195593 
2533 -0.061205 0.202556 0.570763 
216 -0.944959 0.758505 0.823834 
246 -0.507622 0.558251 0.933581 
1731 -0.236636 0.519918 1.172927 
1732 -0.358085 0.738477 0.950091 
1968 -0.212649 0.813477 1.037967 
1714 -0.341615 0.657960 1.021501 
1929 -0.261317 0.835068 1.022995 
2379 -1.009502 0.774850 0.709559 
2347 -0.174015 0.469303 0.665352 
1134 -0.611447 0.439194 1.167522 
539 -0.343452 0.319463 0.827889 
410 -0.295941 0.753117 1.050970 
886 -0.766735 0.587824 0.907231 
887 -0.879828 0.719373 0.850697 
189 -0.374177 0.624434 0.987635 
29 -0.358538 0.488694 1.033723 
762 -0.309733 0.747872 0.985294 
833 -0.079725 0.602895 1.238157 
1480 -0.447172 0.424050 1.091734 
1516 -0.428746 0.223337 1.255690 
1203 -0.350308 0.630770 1.070692 
1863 -0.420280 0.664812 0.864170 
1335 -0.468311 0.495873 1.143363 
1346 -0.660831 0.330383 1.164718 
229 -0.727973 0.706399 0.973190 
278 -0.476960 0.528882 1.092318 
2277 -0.641080 0.943549 0.796888 
2260 -0.450458 0.458031 1.080620 
1790 -0.226334 0.461199 0.924177 
1786 -0.189315 0.503148 0.853698 
1970 -0.284003 1.093639 0.878176 
755 -0.502575 0.428128 1.055762 
794 -0.693822 0.328468 1.021709 
1604 -0.476963 0.332911 1.297739 
1439 -0.367928 0.497705 1.171636 
1440 -0.478977 0.438792 1.043992 
816 -0.412157 0.560940 1.127409 
1715 -0.392160 0.612877 0.981191 
1501 -0.526628 0.823534 0.887032 
1499 -0.514718 0.808138 0.916196 
895 -0.502413 0.544538 1.091132 
892 -0.535560 0.415197 1.167732 
1216 -0.211283 0.898410 0.956333 
597 -0.158761 0.613425 1.150910 
2332 -0.523383 0.439198 0.939100 
2334 -0.506121 0.515869 0.972654 
1644 -0.427656 0.825760 0.989860 
1645 -0.320695 1.048535 0.802984 
297 -0.337878 0.567804 1.124604 
309 -0.499967 0.455525 0.847402 
2113 -0.636341 0.377018 1.085631 
1104 -0.463647 0.388529 1.195603 
636 -0.213622 0.691446 1.077153 
2548 -0.532966 0.553504 0.931578 
711 -0.488695 0.375127 0.999253 
1950 -0.592105 0.709270 0.953949 
1281 -0.572761 0.766282 0.946094 
2057 -0.389574 0.447567 1.075312 
2065 -0.456571 0.476776 0.924736 
187 -0.499923 0.259295 0.652727 
2324 -0.494523 0.483683 1.094722 
2322 -0.474491 0.535068 0.950365 
1752 -0.327050 0.402015 1.123350 
1738 -0.407010 0.704793 0.975826 
1595 -0.667821 0.552102 1.034585 
960 -0.405869 0.583806 1.068143 
1955 -0.316304 0.485522 1.057226 
1967 -0.470140 0.796229 0.967384 
1349 -0.460780 0.538113 1.003050 
1348 -0.341567 0.425320 1.247728 
1351 -0.558731 0.680748 0.960292 
2554 -0.459146 0.526209 0.686733 
953 -0.128558 0.642414 1.163306 
959 -0.370722 0.576781 0.896891 
2223 -0.729104 0.613564 0.894819 
2304 -0.315233 0.824472 0.924468 
388 -0.706121 0.258672 1.101316 
2314 -0.451069 0.539778 1.116854 
1555 -0.330117 0.711804 1.113246 
274 -0.337197 0.662061 1.109169 
649 -0.241084 0.613627 0.721403 
2003 -0.473714 0.368242 1.125183 
385 -0.378168 0.374441 1.105358 
1818 -0.710188 0.630143 0.929059 
1140 -0.738101 0.300039 1.195882 
2380 -0.066521 0.912035 0.988291 
1888 -0.675650 0.419951 1.018040 
1836 -0.549653 0.412872 0.963771 
827 -0.346315 0.417531 1.121546 
835 -0.419268 0.362505 1.101440 
644 -0.430369 0.253296 1.265973 
1735 -0.028586 1.001581 1.120237 
1737 0.122000 0.804667 1.323663 
1804 -0.491732 0.471772 1.128731 
1807 -0.127235 0.318200 1.364231 
2448 -0.120789 0.607482 1.103541 
2480 -0.447135 0.729642 1.032187 
854 -0.514181 0.598257 1.041942 
1144 -0.640183 0.942125 0.880220 
2096 -0.408690 0.377076 1.247354 
2078 -0.357385 0.416085 1.252166 
2575 -0.480658 0.382648 1.090170 
1170 0.041465 0.756218 1.241178 
2139 0.184255 1.025469 1.189850 
1161 -0.204992 0.713456 1.052338 
1168 -0.238500 0.513159 1.170595 
2368 -0.412944 0.551275 0.931375 
2407 -0.582793 0.435751 1.014857 
2359 -0.586151 0.879668 0.907747 
626 -0.695646 0.322040 1.107208 
1191 -0.309698 0.399592 0.884646 
1931 -0.546485 0.585376 0.829978 
432 -0.637487 0.262914 1.192061 
429 -0.322009 0.550344 1.053503 
500 -0.486961 0.484629 1.088775 
693 -0.516798 0.560472 0.935404 
1247 -0.323866 0.365982 1.223278 
1280 -0.500331 0.661465 0.984659 
1135 -0.469101 0.491068 1.138042 
1050 -0.691243 0.592054 0.870395 
948 -0.168223 0.572505 1.121702 
944 -0.546678 0.440945 0.983972 
2403 -0.578243 0.459607 1.031075 
2351 -0.381744 0.782082 0.977915 
599 -0.268491 0.555964 0.940845 
573 -0.185681 0.725244 1.110256 
1721 -0.401992 0.704070 0.958554 
1887 -0.547965 0.715603 0.929272 
957 -0.178265 0.816822 1.097227 
958 -0.328242 0.389663 0.933673 
1239 -0.170793 0.671068 1.149757 
2145 -0.150185 0.793577 1.007016 
1607 -0.517247 0.862772 0.950113 
2572 -0.223275 0.416433 1.313097 
2591 -0.566008 0.537741 0.854417 
606 -0.573812 0.396708 0.961799 
607 -0.579943 0.473816 0.945019 
1602 -0.557490 0.585557 1.116660 
595 -0.244901 0.671003 1.094078 
1196 -0.335310 0.422062 0.962921 
1654 -0.440832 0.769171 1.026347 
1652 -0.548380 0.524841 0.977006 
566 -0.447057 0.409169 1.058899 
2041 -0.394093 0.586279 1.070652 
1461 -0.383720 0.782683 1.021125 
1519 -0.461518 0.239602 1.271111 
937 -0.575614 0.530466 0.957241 
943 -0.499056 0.608854 0.996872 
2132 -0.327453 0.854694 0.963826 
2133 -0.464941 0.443363 0.817590 
1131 -0.407395 0.062410 1.426076 
1132 -0.615886 0.195197 1.264654 
370 -0.330107 0.732368 0.929844 
366 0.118088 0.749400 1.227541 
1128 -0.881410 0.220888 1.192249 
1130 -0.501208 0.121535 1.406621 
2009 -0.339343 0.513584 1.164464 
1811 -0.317184 0.523326 1.149382 
766 -0.506343 0.388338 0.925405 
1262 -0.347776 0.730257 1.090005 
1269 -0.340881 0.665154 1.126528 
936 -0.288396 0.574112 1.128663 
1105 -0.930918 0.828499 0.830560 
1089 -0.520345 0.466811 1.043999 
1085 -0.310648 0.501385 1.153582 
1400 -0.555202 0.490830 1.095315 
1847 -0.511394 0.606762 1.140277 
1892 -0.403556 0.709866 1.004423 
6 -0.306617 0.566350 0.997856 
2319 -0.532887 0.430252 1.012812 
2090 -0.819889 0.105031 1.191677 
2089 -0.610975 0.606183 0.969679 
1824 -0.276268 0.515980 1.153490 
1820 -0.196761 0.369716 1.261760 
704 -0.624658 0.290278 1.133969 
737 -0.867149 0.383014 0.939092 
228 -0.765266 0.714636 0.976467 
231 -0.380106 0.754401 1.040467 
146 -0.516212 0.542262 0.831670 
151 -0.320563 0.245124 0.892854 
1300 -0.808724 0.652131 0.923768 
2265 -0.103169 0.895605 1.031411 
1494 -0.504420 0.781765 0.952313 
1496 -0.405558 1.050120 0.927331 
2230 -0.282156 0.271231 1.374839 
749 -0.117454 0.764930 1.139974 
1465 -0.236092 0.609234 1.079542 
1754 -0.223444 0.931555 0.971835 
1765 -0.207299 0.620784 1.131597 
1317 -0.454360 0.555840 1.129994 
1393 -0.368797 0.624055 0.893264 
417 -0.441944 0.523983 1.043203 
16 -0.251416 0.615982 0.933120 
619 -0.321921 0.629800 1.077558 
579 -0.311005 0.492825 1.062905 
2217 -0.246810 0.372471 1.174712 
2218 -0.491457 0.615138 1.067561 
701 -0.439933 0.268931 1.127717 
1036 -0.549734 0.370258 0.981065 
871 -0.621534 0.665180 0.893697 
726 -0.504882 0.636871 0.922792 
394 -0.367955 0.567643 0.939801 
1520 -0.678171 0.102153 1.263294 
1518 -0.711087 0.165330 1.220435 
379 -0.425037 0.527530 1.031676 
2411 -0.356262 1.096757 0.847935 
2067 -0.359814 0.339545 1.070290 
2576 -0.369962 0.610826 0.991252 
2086 -0.447675 0.151528 1.306748 
935 -0.472517 0.652576 1.010645 
2430 -0.327312 0.869142 1.022019 
2435 -0.434563 0.727354 1.042767 
2140 0.116222 0.835592 1.197499 
2541 -0.586557 0.624559 1.039436 
2525 -0.369961 0.594118 1.045542 
1245 -0.491812 0.595611 0.960129 
1561 -0.341051 0.355092 1.139560 
1568 -0.399276 0.543151 0.789899 
1850 -0.451362 0.294494 0.877414 
675 -0.343483 0.636277 1.023946 
1825 -0.366789 0.269121 1.285947 
2152 -0.325095 0.702818 1.011562 
74 -0.487852 0.494718 1.090774 
1179 -0.017648 0.664270 1.219380 
2114 -0.538144 0.457396 1.161425 
1566 -0.265568 0.514444 0.911504 
9 -0.273536 0.390033 1.076549 
88 -0.549469 0.542779 1.022775 
399 -0.422237 0.551244 0.925224 
804 -0.576227 0.356074 1.106783 
797 -0.456845 0.285808 1.238185 
2085 -0.562651 0.274762 1.176343 
1054 -0.470482 0.286951 1.144509 
1987 -0.268315 0.756837 0.925388 
1985 -0.303514 0.684485 0.755054 
271 -0.371382 0.960764 0.957627 
2622 -0.437749 0.545764 1.231083 
1728 -0.278780 0.446914 1.236332 
1854 -0.222627 0.166010 1.393485 
1813 -0.438295 0.256619 1.301105 
2187 -0.468686 0.560753 1.016127 
2344 -0.607039 0.725724 0.958085 
1713 -0.343630 0.524090 1.045958 
2123 -0.980499 0.403380 1.053878 
743 -0.490516 0.583334 1.023799 
2102 -0.196449 0.695965 1.098801 
2128 -0.555010 0.337543 1.177926 
2429 -0.559802 0.383549 0.939910 
817 -0.462089 0.341515 1.116715 
584 -0.067142 0.600520 1.237753 
912 -0.196546 0.360866 1.163345 
1114 -0.364226 0.368188 0.888775 
346 -0.476487 0.804173 0.919842 
336 -0.231642 0.315405 1.355069 
2040 -0.509650 0.449984 1.081631 
938 -0.490026 0.270709 1.167911 
993 -0.436282 0.385171 1.085628 
65 -0.473761 0.834188 0.992200 
66 -0.406779 0.498836 1.095223 
1773 -0.260764 0.377155 1.172371 
1070 -0.488095 0.283636 1.218547 
1058 -0.437404 0.435017 1.060044 
780 -0.469010 0.654554 1.003772 
745 -0.391694 0.312708 1.274611 
326 -0.520645 0.493540 1.055122 
363 -0.282651 0.730927 1.099446 
830 -0.434541 0.421493 1.084094 
775 -0.308169 0.538732 1.041405 
1856 -0.421379 0.208702 1.339112 
1240 -0.561398 0.778948 0.956695 
2070 -0.532238 0.391081 0.981308 
144 -0.423189 0.328074 1.117271 
829 -0.530000 0.464703 0.902495 
2631 -0.115536 0.510520 1.110170 
2524 -0.053904 0.579154 1.277552 
2300 -0.317251 0.759334 0.952408 
108 -0.167720 0.735674 1.106694 
55 -0.504163 0.545901 0.976873 
1111 -0.526039 0.630816 0.850016 
312 -0.234486 0.714837 0.997875 
2186 -0.256243 0.740870 0.943292 
2185 -0.404901 0.571119 0.972470 
1673 0.183754 0.123128 1.579497 
1671 -0.075349 0.540599 1.166197 
1627 -0.052078 0.451987 1.260320 
1632 -0.286574 0.633633 1.146948 
1753 -0.225546 0.511681 0.991951 
1757 -0.457703 0.472810 1.016815 
230 -0.282378 1.143498 0.874430 
951 -0.330567 0.452670 1.122427 
986 -0.594045 0.516321 0.938377 
249 -0.647229 0.942760 0.809797 
255 -0.450093 0.676634 1.049517 
1877 -0.809903 0.724907 0.890022 
1136 -0.896921 0.184412 1.190657 
1259 -0.304684 0.668187 1.089474 
2001 -0.643866 0.288154 1.137971 
991 -0.292862 0.441749 1.042581 
457 -0.407150 0.701863 0.975208 
458 -0.432407 0.760122 0.927655 
575 -0.284892 0.716896 1.061396 
578 -0.274507 0.814981 0.883889 
1224 -0.250608 0.613125 1.051234 
1180 -0.258663 0.728820 1.128007 
616 -0.481767 0.541447 1.038636 
625 -0.191761 0.476410 1.192789 
939 -0.562161 0.711521 0.961666 
1613 -0.674595 0.402542 1.053849 
857 -0.549589 0.349654 1.081645 
750 -0.228295 0.622905 1.166816 
752 -0.382324 0.259380 0.774046 
1274 -0.340437 0.617468 1.170155 
2318 -0.476710 0.662467 0.967324 
311 -0.629080 0.714592 1.006131 
272 -0.595154 0.755934 0.922860 
2337 -0.395300 0.536839 0.971733 
2348 -0.300466 0.616888 1.023763 
1575 -0.399464 0.549625 1.149711 
1574 -0.877312 0.042680 1.300383 
1305 -0.569758 0.437425 1.076056 
1407 -0.319375 0.647385 1.043617 
376 0.026870 0.556982 1.275797 
287 -0.239631 0.717845 1.109961 
283 -0.172386 0.304868 1.379860 
1656 -0.187097 0.832662 0.972282 
1799 -0.158639 0.659936 1.046263 
1866 -0.376203 0.334912 1.064395 
2211 -0.302042 0.490891 1.002293 
828 -0.413730 0.408592 1.163958 
719 -0.441782 0.722286 0.983436 
174 -0.468695 0.437716 0.856847 
839 0.045882 0.631847 1.236297 
2393 -0.360747 1.084912 0.851709 
396 -0.386163 0.562709 1.074375 
69 -0.519158 0.723480 1.016754 
1233 -0.303580 0.510660 1.206595 
1276 -0.326547 0.853688 1.010520 
2076 -0.641014 0.553820 0.955345 
2077 -0.417251 0.507726 1.010208 
666 -0.210211 0.555031 1.109462 
263 -0.279825 0.489850 1.049482 
334 -0.352595 0.604436 1.063610 
1843 -0.402936 0.378003 1.044595 
495 -0.466161 0.723451 0.963124 
479 -0.551304 0.658053 0.886492 
1314 -1.322019 0.463668 0.858134 
1367 -0.620961 0.801414 0.907444 
1805 -0.231188 0.543618 0.933070 
2390 -0.817838 1.191463 0.712974 
1470 -0.703974 0.574795 0.939186 
2333 -0.563519 0.629752 0.953440 
2173 -0.585261 0.664710 0.912549 
2179 -0.669752 0.247878 1.143435 
270 -0.642670 0.553608 1.040709 
1580 -0.647835 0.627298 0.871131 
1792 -0.361845 0.497092 1.087043 
1828 -0.376392 0.529349 1.079189 
811 -0.384782 0.472227 1.148976 
691 -0.289303 0.703540 1.058576 
1238 -0.210463 0.580269 1.104419 
1278 -0.230168 0.791769 1.018129 
480 -0.444865 0.642490 0.962893 
481 -0.580912 0.685913 1.011604 
1242 -0.051851 0.366107 1.405558 
102 -0.270775 0.874822 0.986949 
104 -0.446439 0.586030 0.999948 
233 -0.447085 0.688436 1.019234 
239 -0.782740 0.270893 1.011754 
646 -0.238006 0.600246 1.038611 
518 -0.620131 0.647603 0.938040 
1749 -0.358436 0.238482 1.351006 
1762 -0.318759 0.593170 1.148391 
2493 -0.402752 0.547884 0.994996 
237 -0.233295 0.392932 0.929618 
1083 -0.444529 0.541348 1.107048 
1110 -0.316381 0.301626 1.076238 
1060 -0.445045 0.044641 1.369523 
964 -0.585161 0.688018 0.971035 
1181 -0.242182 0.537549 0.991581 
1186 -0.243902 0.579974 1.064059 
1290 -0.324196 0.730955 0.861914 
814 -0.410273 0.417956 1.187652 
905 -0.331836 0.666469 1.046940 
1151 -0.492484 0.628654 0.976231 
612 -0.506041 0.761506 0.901873 
1336 -0.737728 0.370318 1.136722 
1333 -0.209536 0.382660 1.245835 
72 -0.453627 0.527906 1.064579 
1160 -0.239480 0.593409 1.143214 
307 -0.870299 0.670862 0.893134 
482 -0.413751 0.460692 0.985424 
1292 -0.582096 0.413270 1.038636 
1344 -0.423743 0.549965 1.158864 
2299 -0.806245 0.682996 0.849495 
2302 -0.241682 0.733832 1.028464 
2561 -0.323963 0.424393 0.951507 
1356 -0.603178 0.854063 0.868279 
1331 -0.582844 0.461869 1.141929 
1309 -0.538240 0.525397 0.990969 
1365 -0.648995 0.384886 1.087880 
723 -0.525823 0.705159 0.889373 
510 -0.353266 0.644716 1.115448 
511 -0.482313 0.759206 0.926865 
1455 -0.354878 0.652527 0.987644 
1452 -0.591385 0.695327 0.908937 
456 -0.526269 0.635752 0.820830 
1075 -0.723856 0.185183 1.178659 
1029 -0.539843 0.506724 0.846099 
1688 -0.553768 0.360465 1.061871 
1770 -0.631400 0.234152 1.216704 
1028 -0.474477 0.446512 0.917090 
1053 -0.493092 0.356698 1.019707 
2633 -0.476787 0.301528 0.923385 
1996 -0.698297 0.500828 0.927514 
1999 -0.258043 0.605265 1.084069 
1776 -0.174585 0.417648 0.933695 
1406 -0.494039 0.539252 0.888599 
1690 -0.401986 0.840661 0.962721 
2515 -0.249337 0.513927 0.892493 
232 -0.706702 0.943916 0.846607 
222 -0.804936 0.968318 0.745227 
1865 -0.605407 0.602695 0.898296 
2288 -0.446917 0.454060 0.705188 
784 -0.324983 0.407367 1.179149 
1717 -0.520679 0.285808 1.148600 
452 -0.380634 0.530149 1.007720 
451 -0.434483 0.453651 1.014063 
2092 -0.698469 0.066067 1.338341 
2307 -0.289598 0.786773 1.007626 
2308 -0.497555 0.612088 0.783008 
2490 -0.398488 0.471125 0.563624 
2063 -0.291252 0.556699 1.044747 
2638 0.063261 0.139122 1.621289 
2641 0.053063 0.550057 1.340968 
1935 -0.337086 0.693832 1.059189 
330 -0.311210 0.408276 1.204729 
214 -0.695337 0.977543 0.731766 
205 -0.464684 1.039391 0.739637 
1524 -0.691812 0.066285 1.286988 
1474 -0.479132 0.415322 1.074636 
327 -0.313701 0.199249 1.308459 
358 -0.078570 0.176597 1.520352 
557 -0.417111 0.477526 0.885565 
561 -0.210186 0.453281 1.197662 
204 -0.680497 0.677391 0.791203 
201 -0.543041 0.655558 1.012749 
469 -0.266436 0.885870 0.984478 
1387 -0.474584 0.622529 1.093753 
1390 -0.280309 0.378483 1.269114 
765 -0.143886 0.772131 1.159835 
718 -0.188227 0.427614 1.227507 
2336 -0.326244 0.695149 1.029382 
2465 -0.315511 0.875004 0.984937 
2464 -0.487307 0.741570 0.993333 
2532 -0.474620 0.426647 0.977203 
2539 -0.325895 0.709091 1.092555 
475 -0.395437 0.474573 1.026360 
1255 -0.195308 0.850722 1.051145 
1219 -0.564131 0.715962 0.886555 
2434 -0.183669 0.758409 1.049115 
2432 -0.242067 0.558750 1.169735 
1142 -0.691680 0.892597 0.882546 
1618 -0.908493 0.514226 1.017095 
1605 -0.728918 0.601406 1.055794 
549 -0.504108 0.552277 1.076777 
1517 -0.724197 0.007866 1.297996 
1998 -0.523228 0.374023 1.099884 
301 -0.252838 0.612274 1.173241 
109 -0.245384 0.577391 1.132865 
59 -0.187723 0.720795 1.136508 
2000 -0.452928 0.540921 1.010632 
1831 -0.250550 0.749703 1.149210 
1916 -0.391171 0.547837 1.146125 
1653 -0.321809 0.656891 1.053321 
1601 -0.662812 0.449050 1.111089 
1352 -0.740055 0.609213 0.978788 
1329 -0.634099 0.700286 0.972899 
2388 -0.539894 0.497539 1.041835 
1531 -0.413622 0.390930 1.200349 
1596 -0.645194 0.576540 1.025565 
758 -0.581796 0.244436 1.210384 
1046 -0.786649 0.509402 1.062829 
1045 -0.245400 0.254922 0.748833 
969 -0.511078 0.728679 0.990299 
967 -0.690533 0.380776 1.114111 
894 -0.544091 0.460061 1.105168 
876 -0.193843 0.711419 1.068581 
2445 -0.226476 0.703661 1.104382 
2447 -0.190024 0.548975 1.232791 
809 -0.150775 0.499129 1.223266 
1599 -0.434797 0.909530 0.926899 
1456 -0.210987 0.448149 0.970819 
1503 -0.435541 0.673416 1.041973 
2526 -0.365928 0.501521 1.098515 
2516 -0.544029 0.312609 1.212952 
118 -0.366576 0.342177 0.936944 
186 -0.407391 0.448691 0.820516 
2252 -0.354074 0.605249 0.955538 
2279 -0.358565 0.676976 1.010787 
1986 -0.333677 0.447002 1.048048 
250 -0.315900 0.829973 0.914666 
764 -0.441392 0.720005 1.002342 
2523 -0.468765 0.487669 0.979695 
1055 -0.765007 0.260354 1.243823 
1118 -0.737539 0.472604 1.144540 
1895 -0.214160 0.626597 1.070550 
1405 -0.824402 0.819247 0.890104 
640 -0.424875 0.647984 0.954980 
1012 -0.268879 0.606130 1.024897 
7 -0.279014 0.717813 0.993394 
1492 -0.524855 0.606836 0.910934 
341 -0.335318 0.883881 1.017963 
1742 -0.485532 0.857465 0.918345 
1744 -0.343620 0.705213 1.117467 
1864 -0.412693 0.592513 1.028295 
1886 -0.535346 0.732971 0.862510 
631 -0.312467 0.425216 1.060696 
629 -0.488022 0.696844 1.023380 
1035 -0.754107 0.340670 1.113537 
1057 -0.511459 0.299070 1.248025 
2343 -0.402077 0.539154 1.097174 
1623 -0.376950 1.145336 0.870840 
1562 -0.520246 0.465296 0.849546 
2016 -0.358122 0.593174 1.082328 
46 -0.189887 0.486840 0.828433 
2281 -0.377772 0.696016 1.009776 
1650 -0.480364 0.453064 1.127003 
403 -0.410735 0.648918 0.966890 
433 -0.246960 0.557319 1.084331 
1417 -0.331557 0.703366 0.989852 
2025 -0.558742 0.650489 1.028035 
1997 -0.679132 0.377409 0.958424 
1079 -0.535096 0.412969 1.146418 
84 -0.377665 0.571973 1.035029 
67 -0.395181 0.609557 1.029535 
2355 -0.133799 0.598390 1.246676 
567 -0.391061 0.680519 0.992949 
2320 -0.530676 0.586731 0.920554 
2238 -0.406118 0.589656 1.067451 
411 -0.330080 0.563354 1.085837 
1139 -0.479096 0.342330 1.298909 
40 -0.285415 0.715564 1.060572 
41 -0.536955 0.922055 0.846921 
2042 -0.510663 0.730345 0.872038 
1570 -0.496120 0.456837 1.132840 
1571 -0.520375 0.332225 1.236275 
1942 -0.541360 0.498106 1.122882 
1258 -0.623838 0.468514 1.022382 
1207 -0.394710 0.668626 0.990191 
1972 -0.618464 0.910459 0.867063 
2243 -0.156651 0.655868 1.052470 
2266 -0.328752 0.425499 1.068370 
628 -0.395028 0.688418 1.055696 
695 -0.342565 0.526435 0.909690 
1980 -0.621202 0.744663 0.775420 
1964 -0.653245 0.765889 0.872903 
318 -0.240845 0.577342 1.107495 
1573 -0.875946 0.150376 1.241071 
977 -0.376514 0.250875 1.393183 
463 -0.831130 0.440637 1.020924 
663 -0.273002 0.598595 0.875732 
824 -0.389134 0.721380 0.989678 
832 -0.155923 0.660011 1.187798 
554 -0.326111 0.558670 1.016850 
203 -0.423012 0.732975 0.984013 
815 -0.647028 0.744779 0.914150 
2157 -0.208154 0.562414 1.198197 
5 -0.345418 0.449265 0.756550 
53 -0.449408 0.568857 0.868939 
2018 -0.567359 0.574948 0.857891 
1927 -0.613043 0.749447 0.888264 
593 -0.329850 0.458890 1.154570 
1617 -0.516754 0.536176 1.131875 
897 -0.349694 0.666896 0.931531 
889 -0.589717 0.640290 1.017501 
2335 -0.417355 0.514931 1.096905 
2313 -0.382261 0.538685 1.100502 
1289 -0.637783 0.436203 0.997523 
716 -0.441033 0.360659 1.106814 
477 -0.627709 0.618080 0.949626 
447 -0.465496 0.664004 0.930516 
972 -0.230298 0.400961 0.941888 
975 -0.506494 0.225705 1.296692 
82 -0.269217 0.497672 1.053152 
81 -0.460158 0.440843 1.035899 
20 -0.532200 0.636655 0.780375 
1106 -0.528611 0.582699 1.047393 
893 -0.299672 0.584614 1.035767 
1266 -0.288485 0.590772 1.172736 
1267 -0.394654 0.497551 1.075504 
2038 -0.312835 0.753359 1.060751 
720 -0.359472 0.575605 1.034522 
2121 -0.346471 0.422914 1.166400 
2039 -0.572728 0.476172 0.976172 
2028 -0.517548 0.260611 0.892390 
1073 -0.720644 0.352312 1.057555 
337 -0.239015 0.696870 1.107819 
464 -0.355293 0.719258 0.916415 
1588 -0.330455 0.671021 1.101819 
1616 -0.785818 0.719238 0.941764 
1720 -0.549238 0.381013 1.185265 
673 -0.331022 0.621540 0.815553 
11 -0.360629 0.397621 1.012201 
705 -0.415677 0.426632 1.107870 
802 -0.131578 0.444314 1.326708 
1462 -0.074880 0.733425 1.083180 
877 -0.727471 0.567906 1.010100 
1869 -0.220977 0.640726 0.881398 
1808 -0.511672 0.261181 1.233185 
129 -0.275772 0.544427 0.971331 
130 -0.384813 0.740714 0.854890 
867 -0.471798 0.566528 0.920803 
928 -0.333226 0.531349 1.216224 
195 -0.332552 0.310954 1.033815 
1958 -0.454262 0.667381 0.970041 
1712 -0.269145 0.682187 1.048226 
2262 -0.390943 0.604284 1.030576 
2156 -0.256610 0.813328 1.002091 
2165 -0.424172 0.471609 1.084359 
1842 -0.661116 0.695613 0.950419 
1840 -0.625843 0.587106 1.067756 
637 -0.231763 0.512098 1.036444 
1095 -0.660931 0.527043 1.090338 
1082 -0.400458 0.252054 1.289128 
449 -0.422497 0.588519 0.895956 
398 -0.239399 0.589307 1.094807 
2326 -0.448841 0.590279 1.095171 
2310 -0.187125 0.736496 1.011490 
1598 -0.843470 0.529741 1.042467 
38 -0.507394 0.411686 0.998018 
1065 -0.250355 0.430652 0.779282 
919 -0.172781 0.457009 0.824754 
1698 -0.139107 0.584619 1.056753 
1689 -0.264895 0.530332 1.101665 
1944 -0.377228 0.267995 0.962083 
1647 -0.056781 0.950865 1.045407 
1646 -0.098359 0.753967 1.108294 
178 -0.315220 0.304511 0.997678 
428 -0.591652 0.699164 0.964066 
425 -0.180234 0.404025 1.261889 
1448 -0.445157 0.460213 1.098931 
1639 -0.565182 0.715806 0.879445 
1529 -0.466232 0.546533 0.841958 
1442 -0.268714 0.350447 1.228480 
1803 -0.649292 0.192619 1.208937 
1802 -0.596088 0.526330 0.993706 
1157 -0.282205 0.547799 1.076668 
1232 -0.400489 0.772877 0.952626 
1178 -0.257714 0.481840 1.124239 
2598 -0.053244 0.504797 1.256778 
2624 -0.260712 0.792538 1.058581 
2151 -0.318660 0.846183 1.000058 
1815 -0.158214 0.786268 1.086476 
441 -0.394467 0.449260 0.898339 
434 -0.554398 0.311721 1.183471 
460 -0.703666 0.646921 0.860584 
858 -0.422630 0.571293 1.053008 
2081 -0.464889 0.370166 1.216703 
725 -0.305386 0.647608 1.025811 
2362 -0.361920 0.805035 0.918664 
1739 -0.623494 0.588283 1.010226 
2239 -0.351678 0.468007 0.803276 
872 -0.293400 0.404019 1.237417 
875 -0.480019 0.397299 0.760603 
627 -0.315621 0.745745 0.800942 
763 -0.151275 0.764312 1.137583 
1166 -0.571333 0.365789 1.098477 
837 0.143561 0.611068 1.336828 
805 -0.430260 0.315563 1.054509 
1724 -0.421207 0.559969 1.115311 
1093 -0.572204 0.449552 0.847906 
2192 -0.617211 0.467796 1.055769 
468 -0.300878 0.831379 0.908900 
1649 -0.061261 0.581776 1.179428 
1624 -0.395252 0.697022 0.956493 
545 -0.617917 0.569515 0.921667 
1226 -0.282379 0.632228 1.100140 
1473 -0.592495 0.508185 1.029758 
2454 -0.348490 0.687804 1.006812 
513 -0.141615 0.484007 1.196614 
1606 -0.603575 0.543263 1.085833 
1392 -0.334019 0.517165 1.094645 
2172 -0.696476 0.547090 0.963056 
2023 -0.490721 0.572213 1.107258 
8 -0.419486 0.506709 0.907177 
782 -0.262242 0.507041 1.134162 
506 -0.357863 0.610101 1.064615 
509 -0.135546 0.647653 1.220079 
1500 -0.502906 0.598496 0.999918 
1306 -0.873214 0.470712 0.990963 
1328 -0.268711 0.671900 0.958671 
1147 -0.458912 0.479592 1.014853 
2115 -0.594793 0.523305 0.957588 
320 -0.628350 0.584539 0.946064 
329 -0.302912 0.344023 1.267485 
504 -0.584253 0.770582 0.892115 
932 -0.257735 0.774578 1.032780 
2647 -0.323403 0.709585 1.095455 
1638 -0.329572 0.645663 1.113869 
61 -0.690418 0.508386 1.021725 
62 -0.843911 1.137656 0.656725 
1236 -0.127043 0.637767 1.124011 
1250 -0.475329 0.629273 1.038443 
869 -0.327910 0.637997 1.136612 
688 -0.301590 0.512591 1.123948 
1261 -0.288148 0.528515 1.108727 
1621 -0.422099 0.978415 0.771965 
1354 -0.345027 0.866855 0.943265 
1234 -0.237946 0.669651 1.041248 
1235 -0.393633 0.519666 1.073547 
586 -0.235087 0.879294 1.093669 
268 -0.547669 0.526795 1.069602 
1695 0.191042 0.771229 1.274161 
1694 -0.583486 0.603618 1.054389 
633 -0.508030 0.607547 0.858576 
1512 -0.334600 0.405129 1.084270 
1637 -0.303944 0.839883 1.035771 
818 -0.457676 0.452130 1.201253 
810 -0.318363 0.488835 1.171031 
907 -0.536228 0.513337 0.718353 
1074 -0.921127 0.407628 1.025036 
393 -0.450195 0.674294 1.012001 
362 -0.378098 0.788652 0.987434 
1138 -0.358099 0.463423 1.202941 
987 -0.253952 0.381390 1.126544 
1117 -0.377158 0.093867 1.340856 
134 -0.442164 0.584736 0.951068 
856 -0.460814 0.436866 0.933074 
2489 -0.748097 0.456897 1.099127 
2488 -0.543892 0.448822 1.087399 
2254 -0.452452 0.410456 0.834641 
2296 -0.658516 0.788103 0.832132 
273 -0.283241 0.706736 1.033245 
2414 -0.599543 0.623260 0.922831 
785 -0.160888 0.457161 1.117161 
2452 -0.244486 0.677460 1.120393 
2046 -0.580565 0.448116 1.054590 
1324 -0.611891 0.768338 0.901707 
1399 -0.477368 0.833551 0.989368 
2466 -0.134755 0.799791 1.106421 
338 -0.302513 0.625583 1.061677 
680 -0.204301 0.535797 1.137393 
1385 -0.440619 0.651592 1.064633 
2126 -0.466057 0.276931 1.000343 
443 -0.702605 0.533270 0.977351 
444 -0.404031 0.399822 0.946734 
383 -0.475936 0.563734 0.957236 
2358 -0.203139 0.286728 1.379985 
1743 -0.193025 0.628859 1.099090 
1684 -0.178905 0.130449 0.239456 
533 -0.516156 0.640823 1.014738 
535 -0.367036 0.705803 1.128604 
786 -0.225287 0.263679 1.159374 
99 -0.432844 0.678909 0.833825 
202 -0.468021 0.472681 1.017294 
316 -0.771169 0.640413 0.973430 
289 -0.017287 0.339294 1.388018 
1422 -0.635739 0.704152 0.971377 
1421 -0.647328 0.475305 0.990781 
22 -0.447059 0.305356 1.186506 
1973 -0.310505 0.764580 0.833379 
1963 -0.587899 0.531623 1.015238 
605 -0.574884 0.540615 1.067501 
1614 -0.807275 1.017792 0.834622 
1914 -0.578009 0.476346 1.020719 
685 -0.305631 0.286861 0.523417 
295 -0.076908 0.526501 1.191446 
1345 -0.511502 0.738581 1.003953 
1795 -0.300547 0.486021 0.789873 
728 -0.436485 0.613361 0.882021 
2285 -0.700814 0.617024 0.937733 
101 -0.148429 0.804228 1.055964 
2496 -0.433624 0.452594 0.745889 
537 -0.687275 0.358869 1.113381 
494 -0.216743 0.799018 0.948438 
79 -0.244863 0.401174 1.191825 
1751 -0.564714 0.390904 1.109639 
770 -0.451000 0.950392 0.912504 
1270 -0.477307 0.346680 1.227936 
2551 -0.202072 0.548446 1.135266 
266 -0.183167 0.693270 1.145095 
1341 -0.913198 0.336065 1.116843 
1319 -0.622342 0.695674 0.952019 
2166 -0.647910 0.463541 1.072521 
2167 -0.627097 0.431884 1.023973 
901 -0.716203 0.520808 0.988339 
902 -0.214823 0.610488 0.907624 
2055 -0.256070 0.088056 1.473488 
2066 -0.515289 0.563920 1.026431 
2473 -0.351787 0.708009 1.027368 
2472 -0.247074 0.583269 1.174231 
1881 -0.370128 0.358115 1.227944 
550 -0.634682 0.376403 0.925189 
2399 -0.503910 0.608156 1.008358 
54 -0.290579 0.791968 0.997676 
107 -0.407297 0.557610 1.065551 
1641 -0.476491 0.886066 0.914223 
710 -0.427483 0.486445 0.619996 
706 -0.407295 0.388380 0.988461 
1218 -0.240644 0.642172 0.843408 
1889 -0.369023 0.507777 0.927220 
2365 -0.417173 0.791073 0.947418 
257 -0.181776 0.703090 1.122632 
436 -0.314021 0.628016 0.965380 
466 -0.328120 0.743109 0.952596 
2593 -0.235671 0.506054 0.922352 
1294 -0.661636 0.579539 0.952074 
264 -0.410761 0.467337 0.972943 
2264 -0.174097 0.527118 1.220906 
1901 -0.377463 0.713783 0.851205 
1900 -0.251507 0.283301 1.133060 
2088 -0.726148 0.314790 1.168546 
2104 -0.456434 0.516915 1.089327 
1403 -0.479061 0.899042 0.868185 
559 -0.311269 0.368904 1.209128 
555 -0.248221 0.629044 1.043577 
1165 -0.427468 0.721257 0.974978 
1764 -0.452543 0.531671 1.032604 
2360 -0.504499 0.624275 0.998691 
2271 -0.414074 0.691535 0.996792 
2289 -0.678047 0.551672 0.974854 
21 -0.462090 0.409050 1.040181 
2196 -0.617080 0.542091 0.944839 
2630 -0.392243 0.594375 0.782404 
2178 -0.378363 0.295075 1.190423 
2137 -0.283737 0.625234 0.983086 
2047 -0.507497 0.624149 1.022865 
91 -0.485960 0.210161 1.341655 
92 -0.816238 0.466744 1.069663 
689 -0.525499 0.688501 1.031113 
2608 -0.343664 0.376593 1.067393 
841 -0.604446 0.479344 1.048755 
2376 -0.227792 0.637142 1.042777 
2370 -0.512861 0.455441 1.072752 
2249 -0.479065 0.484935 0.938867 
548 -0.295524 0.521376 1.105690 
622 -0.245106 0.418450 1.069606 
2162 -0.801290 0.496211 1.019179 
2148 -0.547030 0.527301 0.990119 
846 -0.042414 0.746653 1.191695 
847 -0.505970 0.875067 0.928485 
467 -0.229825 0.719636 0.979813 
426 -0.507122 0.490868 1.114347 
2643 -0.412899 0.518023 1.007173 
2006 -0.410425 0.545537 0.899721 
2159 -0.330321 0.732610 1.037219 
1542 -0.850000 0.295970 1.151118 
2129 -0.110278 0.324256 1.375897 
1755 -0.193286 0.631985 0.914889 
820 -0.415170 0.633751 0.980947 
2292 -0.675602 0.415501 1.065927 
2237 -0.614818 0.798817 0.886910 
2476 -0.212850 0.827127 1.003595 
1488 -0.179735 0.888264 0.924856 
50 -0.252295 0.364648 1.206970 
2146 -0.198259 0.778708 1.097523 
2143 -0.448970 0.384564 1.056355 
1669 -0.324762 0.451989 0.997915 
2258 -0.396801 0.625240 1.048954 
2236 -0.616493 0.490671 0.931788 
1747 -0.502133 0.577536 0.979908 
1718 -0.563645 0.283578 1.112973 
2059 -0.529489 0.500601 1.005225 
2101 -0.332872 0.661313 1.065960 
265 -0.108378 0.515627 1.010364 
241 -0.905470 0.374094 0.953808 
2415 -0.372467 0.506773 0.977804 
2387 -0.496923 0.479918 1.124774 
594 -0.202869 0.535858 1.042485 
617 -0.151447 0.624810 1.119849 
247 -0.588275 1.045217 0.814719 
2396 -0.302626 0.723847 1.012961 
2386 -0.317245 0.842300 1.001006 
145 -0.291697 0.411588 0.948875 
670 -0.186398 0.589848 1.158748 
860 -0.507742 0.474506 0.933675 
861 -0.600248 0.497987 0.893498 
1389 -0.208892 0.592377 1.236362 
1381 -0.612272 0.491905 1.155643 
1380 -0.437891 0.426367 1.141361 
1841 -0.373330 0.757715 1.136164 
751 -0.437711 0.451636 1.093681 
2248 -0.549575 0.436535 1.048176 
988 -0.436889 0.729377 0.831436 
1954 -0.547379 0.590592 1.015707 
1819 -0.329484 0.458061 1.116653 
1382 -0.439334 0.194494 1.317874 
984 -0.292317 0.535073 1.181498 
1633 -0.146130 0.929589 1.032489 
2122 -0.682794 0.478669 0.997873 
974 -0.413748 0.411592 1.329841 
884 -0.699549 0.782178 0.881568 
2074 -0.597944 0.478094 1.046313 
305 -0.203668 0.415473 1.261700 
519 -0.195330 0.819841 0.969275 
1692 -0.382021 0.458160 0.977940 
2250 -0.152910 0.427875 0.996700 
2064 -0.260041 0.466428 1.175534 
2616 -0.279704 0.778745 1.023940 
2437 -0.202024 0.538645 1.250165 
2450 -0.268965 0.572775 1.151279 
259 -0.157212 0.549588 1.126081 
956 -0.245661 0.603044 1.069414 
866 -0.284466 0.514930 1.165547 
1310 -0.588677 0.649380 0.926025 
1361 -0.582065 0.259770 0.964958 
483 -0.466999 0.434949 1.047987 
1375 -0.079780 0.873931 0.968093 
840 -0.216658 0.658431 1.118914 
736 -0.790870 0.676971 0.878647 
759 -0.308525 0.454678 1.009698 
658 -0.560901 0.554790 1.001467 
2068 -0.221766 0.634901 1.101197 
1145 -0.413738 0.700683 0.974499 
596 -0.469576 0.601103 1.025038 
2037 -0.337189 0.939934 0.955905 
1779 -0.046267 0.638810 1.200295 
803 -0.541770 0.590836 0.975273 
1705 -0.347911 0.402104 1.079838 
1706 -0.078264 0.512866 1.145622 
2079 -0.680428 0.540048 0.924803 
976 -0.463709 0.287142 1.348160 
2574 -0.376201 0.507362 0.703094 
1949 -0.287188 0.363894 0.854732 
739 -0.543907 0.335024 1.080330 
2338 -0.257395 0.586452 1.210406 
1072 -0.775849 0.214576 1.153351 
1848 -0.312899 0.286144 0.845129 
183 -0.227275 0.395829 0.762286 
2560 -0.404900 0.581611 1.077147 
2443 -0.794013 0.570734 0.943868 
2439 -0.459758 0.604661 0.983304 
294 -0.452891 0.574531 1.038857 
415 -0.413878 0.615353 1.039054 
1374 -0.773985 0.556312 1.001307 
267 -0.504515 0.546919 1.052149 
517 -0.375808 0.471819 1.182874 
487 -0.415055 0.699974 0.930275 
568 -0.532782 0.521874 1.016804 
1736 -0.193897 0.739001 0.951650 
2367 -0.575397 0.768246 0.932025 
868 -0.410897 0.538538 0.821887 
1253 -0.456390 0.478585 0.956697 
368 -0.254200 0.839352 0.941412 
1443 -0.673346 0.699687 0.889350 
1504 -0.526082 0.363714 1.206290 
516 -0.271062 0.580900 1.100503 
980 -0.410155 0.488560 1.091608 
1553 -0.365950 0.402204 1.225315 
1620 -0.120435 1.454683 0.790709 
353 -0.216040 0.510136 1.137854 
277 -0.284607 0.574063 1.133147 
2209 -0.743346 0.391005 1.061888 
2208 -0.432860 0.358166 1.142670 
1978 -0.549060 0.561936 0.833204 
990 -0.258230 0.494174 1.137516 
377 -0.325637 0.599645 1.077415 
371 -0.451447 0.488942 0.949381 
97 -0.499288 0.822389 0.865208 
210 -0.461223 0.555990 1.036871 
2054 -0.463376 0.347135 1.157119 
926 -0.263804 0.590543 1.216003 
2084 -0.568773 0.520969 1.016816 
1298 -0.225254 0.489002 1.145822 
1619 -0.291056 1.322450 0.816660 
1625 -0.373791 0.761936 0.914543 
2588 -0.499162 0.463795 1.055093 
2587 -0.444764 0.291633 0.970756 
538 -0.472253 0.502066 1.116076 
1667 -0.392853 0.608735 0.921423 
1767 -0.423325 0.114371 1.284688 
1594 -0.513517 0.443097 1.168727 
93 -0.627606 0.484193 1.018795 
1090 -0.808252 0.328756 1.037346 
753 -0.179915 0.501647 1.038670 
754 -0.279818 0.327533 1.220970 
2175 -0.599116 0.638098 1.025186 
2222 -0.558220 0.581416 0.732454 
2193 -0.359654 0.291672 1.254429 
1991 -0.442309 0.732244 0.948904 
1727 -0.405318 0.709549 1.005260 
2026 -0.414093 0.520851 0.968926 
572 -0.342417 0.501448 1.066079 
570 -0.438358 0.584444 0.998666 
2346 -0.367065 0.516888 0.912152 
703 -0.154233 0.608000 1.050938 
768 -0.195356 0.559381 1.151176 
1350 -0.602766 0.394316 1.108902 
683 -0.420557 0.435830 0.845979 
300 -0.327966 0.711941 1.103807 
252 -0.649392 0.840714 0.767385 
254 -0.930571 0.725500 0.718571 
1379 -0.795612 0.373529 1.070375 
823 -0.356444 0.575603 0.988163 
2056 -0.577742 0.225133 1.214833 
2124 -0.596761 0.369373 1.156408 
756 -0.276751 0.732537 1.098938 
1071 -0.701594 0.112071 1.263167 
63 -0.628316 1.061737 0.849122 
2269 -0.522304 0.731258 0.930441 
526 -0.869853 1.340959 0.568954 
1891 -0.512501 0.635112 0.911974 
1885 -0.599385 0.493454 0.952726 
1860 -0.520403 0.564264 1.022437 
1037 -0.524284 0.373420 0.879808 
1982 -0.490917 0.658311 1.034141 
731 -0.453527 0.543829 1.096941 
677 -0.015519 0.496432 1.293561 
2475 -0.266532 0.625709 1.067815 
1282 -0.163857 0.851429 1.017563 
1432 -0.584332 0.646640 0.826991 
218 -0.722394 0.415660 1.077513 
220 -0.729520 0.544585 0.969503 
1730 -0.036103 0.576946 1.184655 
1729 -0.302217 0.582131 1.145739 
1453 -0.284440 0.627748 0.855607 
1534 -0.594304 0.781960 0.880774 
2147 -0.499829 0.629720 0.975513 
2130 -0.647264 0.654060 0.971676 
942 -0.488461 0.764993 0.935491 
356 -0.175042 0.262681 1.343943 
354 -0.321296 0.601870 1.148421 
1547 -0.170758 0.852547 1.062604 
138 -0.149006 0.591342 0.783848 
293 -0.179138 0.378159 1.296336 
2259 -0.657625 0.566603 0.958121 
2290 -0.450755 0.811189 0.890993 
90 -0.691349 0.628141 1.028615 
2287 -0.233420 0.425384 0.703888 
2198 -0.495074 0.329054 1.114010 
1115 -0.212479 0.387997 1.140811 
2531 -0.516589 0.469589 1.146873 
2569 -0.603239 0.455064 1.058407 
2381 -0.807383 0.871180 0.708833 
2600 -0.507681 0.299419 0.991400 
1026 -0.208204 0.442140 0.988027 
2353 -0.269711 0.844229 1.024071 
2599 -0.227560 0.308906 1.060142 
1846 -0.615167 0.350424 1.060053 
1845 -0.033679 0.326929 0.305237 
1771 -0.207891 0.256673 1.335069 
1725 -0.054718 0.703130 1.221437 
158 -0.436811 0.419372 1.005437 
238 -0.497375 0.562486 0.960985 
1926 -0.517201 0.899877 0.852972 
1241 0.079275 0.433695 1.410970 
193 -0.416080 0.409431 0.844821 
903 -0.751872 0.530055 1.013605 
1283 -0.211951 0.499059 0.845283 
674 -0.138355 0.847907 1.068074 
1651 -0.284335 0.527057 1.106839 
1893 -0.270414 0.359221 1.124767 
1897 -0.367908 0.645971 1.012015 
17 -0.490751 0.577165 0.855417 
2012 -0.497293 0.494623 0.938732 
1064 -0.375294 0.753139 0.894173 
221 -0.311191 0.739781 0.799834 
505 -0.555360 0.715322 0.859736 
1943 -0.684712 0.384959 0.976589 
1814 -0.376655 0.572888 1.030061 
488 -0.487934 0.558580 1.057315 
734 -1.061056 0.323413 0.982673 
2474 -0.184302 0.783915 1.053341 
941 -0.409659 0.533020 1.059982 
933 -0.297385 0.725908 1.039022 
1734 -0.152709 0.891624 1.116981 
1271 -0.518811 0.483723 1.014719 
1489 -0.665850 0.384440 1.107461 
1486 -0.724719 0.421237 1.007234 
1184 0.021631 0.391961 1.373082 
1589 -0.529945 0.431258 1.107201 
1248 -0.524756 0.729894 0.938725 
111 -0.323982 0.386138 1.140718 
2459 -0.142237 0.538745 0.674121 
2460 -0.231624 0.725276 1.025562 
2461 -0.276786 0.843834 0.825152 
136 -0.453776 0.588436 0.732531 
1124 -0.709751 0.344552 1.197935 
1123 -0.730626 0.374433 1.043200 
2283 -0.585512 0.628552 0.872627 
1431 -0.506411 0.392113 0.991569 
611 -0.375952 0.620312 0.879836 
473 -0.360264 0.602537 0.712071 
105 -0.133625 0.516194 1.161472 
1809 -0.433767 0.569949 1.042475 
106 -0.593610 0.474147 0.968844 
100 -0.611820 0.621653 0.866453 
2500 -0.219096 0.627550 1.040394 
2501 -0.200100 0.466884 1.063801 
2045 -0.380594 0.511255 1.116918 
2639 -0.254946 0.212110 1.403610 
2634 -0.470526 0.377386 1.111738 
2552 -0.533780 0.192894 1.276142 
1176 -0.077642 0.782580 1.153696 
1420 -0.162758 0.424588 0.957028 
1249 -0.204552 0.363137 1.371023 
1401 -0.628584 0.403808 1.045381 
1523 -0.548914 0.144542 1.301782 
1709 -0.251509 0.677028 1.017249 
1675 -0.313480 0.385437 1.077889 
727 -0.561256 0.770218 0.907678 
1080 -0.685279 0.235655 1.157576 
2131 -0.527431 0.559187 1.063285 
1491 -0.309139 0.471907 1.174071 
285 -0.081079 0.380971 1.369877 
1228 -0.611529 0.477179 0.852280 
2417 -0.540048 0.462915 0.910797 
1626 -0.421076 0.292365 1.295070 
508 0.002852 0.480858 1.261052 
423 -0.366765 0.540912 1.113571 
1796 -0.443051 0.439673 0.920494 
2416 -0.185733 0.590123 1.125631 
412 -0.208572 0.441411 1.259896 
621 -0.362717 0.484133 0.994557 
1558 -0.406062 0.877644 0.949415 
261 -0.368540 0.663400 1.073502 
2120 -0.482096 0.421646 0.984500 
223 -0.423169 0.711231 0.859247 
147 -0.503280 0.301824 0.812880 
2052 -0.824906 0.505594 0.883662 
521 -0.031450 0.944659 1.062327 
489 -0.572554 0.795670 0.839966 
194 -0.516195 0.235531 0.882771 
2315 -0.645250 0.487905 0.966064 
2261 -0.360201 0.476651 1.079514 
2142 -0.142934 0.525385 1.242300 
1862 -0.468442 0.688441 1.001143 
1806 -0.427112 0.499373 1.104227 
1052 -0.793262 0.606418 0.904945 
461 -0.643928 0.414168 1.030263 
565 -0.324770 0.706578 0.912939 
2073 -0.486418 0.348532 1.139078 
1902 -0.633647 0.555347 1.029878 
2024 -0.382314 0.445293 0.994628 
2409 -0.328897 0.867064 1.044623 
874 -0.482312 0.444427 0.960772 
242 -0.574088 0.319408 1.150492 
2563 -0.334634 0.313643 1.077639 
2648 -0.093968 0.471548 1.101512 
2019 -0.767617 0.732738 0.864813 
137 -0.438895 0.585492 0.915265 
142 -0.381352 0.572573 0.816179 
2106 -0.666827 0.535297 0.966214 
1884 -0.573702 0.719663 0.906461 
52 -0.712037 0.595419 0.945006 
498 -0.466819 0.826321 0.995367 
2530 -0.283942 0.386556 1.167087 
1122 -0.461855 0.314281 1.233254 
1121 -0.701677 0.449762 1.141126 
2109 -0.571596 0.884804 0.931603 
853 -0.717595 0.372026 1.186086 
32 -0.394030 0.719890 0.926453 
35 -0.419280 0.540202 1.122059 
2071 -0.474514 0.397365 0.810740 
1522 -0.729105 0.155689 1.162066 
2350 -0.528495 0.506134 1.082832 
365 -0.253947 0.572160 1.122878 
1533 -0.547448 0.673386 0.918889 
2043 -0.959910 0.490588 0.934692 
546 -0.214094 0.584408 1.146158 
547 -0.501703 0.323632 1.138113 
372 -0.542103 0.660271 0.899852 
445 -0.322209 0.776888 0.904451 
1211 -0.499895 0.518404 0.977270 
885 -0.730218 0.606885 0.876727 
321 -0.120351 0.487449 1.125160 
156 -0.507853 0.636545 0.854551 
1146 -0.667294 0.955177 0.854342 
717 -0.027468 0.618661 1.203471 
2419 -0.385754 0.636288 0.897461 
1277 -0.571830 0.671456 0.947512 
391 -0.579339 0.469679 0.993173 
2005 -0.472183 0.560610 1.034079 
1213 -0.438968 0.826333 0.919047 
1279 -0.503895 0.563168 0.981190 
310 -0.466858 0.555844 1.086493 
2245 -0.290947 0.732961 0.995251 
1543 -0.088216 0.655097 1.123079 
911 -0.063826 0.495324 1.184484 
188 -0.318642 0.700934 0.868305 
115 -0.424032 0.469761 0.854735 
609 -0.227821 0.677243 1.086482 
1493 -0.310209 0.677110 1.032628 
1311 -0.360432 0.527679 1.106076 
2099 -0.317404 0.844949 1.001507 
1636 -0.529551 0.914730 0.925283 
141 -0.078595 0.523830 0.750021 
131 -0.404676 0.445714 0.798872 
2471 -0.516040 0.313016 0.877209 
496 -0.639018 0.621204 0.994144 
585 -0.237697 0.449977 1.169383 
1434 -0.295604 0.666436 0.978639 
1416 -0.267425 0.725883 0.875201 
1666 -0.530978 0.268113 1.130934 
292 -0.172415 0.660941 1.089381 
1426 -0.266970 0.776505 1.002364 
1859 -0.596437 0.482005 0.993641 
879 -0.617666 0.442883 1.096775 
2410 -0.254463 0.920708 0.809722 
1185 -0.277513 0.577457 1.134042 
645 -0.036360 0.502593 1.199634 
574 -0.112044 0.698374 1.087025 
1672 -0.044037 0.280273 1.435753 
36 -0.459257 0.438771 1.199818 
2611 -0.177552 0.574639 1.077670 
168 -0.346301 0.704619 0.883654 
2213 -0.313691 0.551013 1.215364 
339 -0.361706 0.608787 1.062828 
340 -0.309164 0.368894 1.289687 
2629 -0.134427 0.550246 1.039820 
1002 -0.329740 0.546098 1.028191 
314 -0.338412 0.781409 1.017127 
2382 -0.605768 0.692697 0.883898 
401 -0.425797 0.670967 0.833734 
484 -0.547533 0.699934 0.974945 
1086 -0.243438 0.607181 1.120563 
1127 -0.565031 0.475067 0.957224 
2112 -0.578544 0.226840 1.213568 
1549 -0.247914 0.301696 1.162903 
439 -0.318196 0.662576 1.012818 
1337 -0.599788 0.409492 1.148574 
1338 -0.581351 0.468048 1.022405 
741 -0.240871 0.497716 1.101948 
687 -0.114512 0.516838 1.198027 
1415 -0.424266 0.514766 1.104147 
920 -0.641165 0.425332 1.120778 
2618 -0.220878 0.772535 1.101930 
1867 -0.695649 0.488808 1.038835 
945 -0.208567 0.659508 1.077897 
1193 -0.454501 0.427366 1.130498 
87 -0.265112 0.242333 0.915390 
406 -0.425269 0.533061 1.120655 
1716 -0.277208 0.648544 1.091836 
348 -0.201516 0.484074 0.891246 
1347 -0.415851 0.752145 1.086959 
2564 -0.157854 0.742654 1.052634 
459 -0.590288 0.555763 1.031815 
582 -0.076403 0.313937 0.368965 
1398 -0.504923 0.534040 0.871616 
863 -0.488983 0.524465 1.059099 
1817 -0.167433 0.309653 1.373681 
2545 -0.268300 0.394002 1.045006 
1925 -0.576295 0.590544 0.997034 
659 -0.493202 0.839284 0.909838 
660 -0.177791 0.589525 1.031960 
1094 -0.553076 0.388635 1.116642 
1116 -0.540184 0.382504 1.202728 
562 -0.398836 0.631177 0.948010 
2613 -0.558068 0.556845 0.960042 
1482 -0.484892 0.313673 1.098242 
1481 -0.759066 0.239927 1.113050 
240 -0.453099 0.382895 1.102692 
1391 -0.444481 0.363347 1.093587 
288 -0.356242 0.672278 1.004839 
80 -0.493806 0.534450 1.145765 
127 -0.237097 0.502098 0.780786 
973 -0.309060 0.571350 0.999844 
781 -0.448366 0.424513 1.179536 
783 -0.269270 0.359762 1.124464 
529 -0.407262 0.600182 0.992990 
1062 -0.355797 0.129847 1.432520 
1108 -0.212596 0.425642 1.156815 
1956 -0.251959 0.422782 0.750648 
642 -0.301299 0.455143 1.048072 
2607 -0.393882 0.702454 0.927804 
258 -0.442363 0.925332 0.916755 
1514 -0.513868 0.446773 1.094675 
1459 -0.505021 0.504701 0.998470 
1460 -0.270784 0.579366 1.002340 
1113 -0.467923 0.310881 1.148263 
1251 -0.259237 0.783895 0.915517 
1230 -0.498243 0.824976 0.811844 
400 -0.480580 0.544403 0.760044 
1254 -0.373535 0.572550 0.746419 
676 -0.116417 0.558672 1.206328 
2537 -0.340191 0.414485 1.189075 
1700 0.092915 0.841337 1.118998 
342 0.022618 0.700503 1.202658 
291 -0.087337 0.511419 1.245424 
522 -0.817622 0.738881 0.859432 
601 -0.165942 0.283870 0.870749 
2158 -0.642262 0.399261 1.125990 
2467 -0.397043 0.310530 1.067871 
213 -0.674991 0.935706 0.806653 
1733 -0.096949 0.996673 1.002376 
1587 -0.610588 0.673044 1.040898 
2391 -0.447450 1.276423 0.800295 
2328 -0.209840 0.446192 0.891008 
2015 -0.655404 0.474710 0.747051 
2014 -0.266725 0.473855 0.887468 
2463 -0.578605 0.778253 1.077013 
1454 -0.423118 0.402125 0.962721 
1343 -0.688417 0.567103 1.091145 
544 -0.342926 0.310696 1.011876 
2257 -0.654383 0.823727 0.883684 
682 -0.393520 0.413984 1.127947 
94 -0.509509 0.864959 0.934612 
2008 -0.217992 0.311102 1.002953 
779 -0.410813 0.422097 1.117703 
796 -0.368918 0.761699 1.053257 
807 -0.694060 0.472051 1.038303 
1511 -0.540827 0.747429 0.912497 
2372 -0.516660 0.440008 0.930508 
1291 -0.478796 0.706838 1.015389 
3 -0.345383 0.728261 0.989141 
13 -0.693162 0.408029 1.036929 
671 -0.272237 0.388339 1.310801 
1960 -0.768683 0.510758 0.919204 
30 -0.474551 0.359313 0.859293 
1273 -0.524384 0.761674 1.000063 
1993 -0.396498 0.453254 1.040748 
598 -0.462372 0.418196 1.172314 
1332 -0.700165 0.481280 1.125453 
1339 -0.434012 0.671736 0.962832 
486 -0.382466 0.686918 0.923839 
2061 -0.382089 0.471907 0.959094 
408 -0.660673 0.366449 1.039398 
409 -0.313629 0.728053 1.031880 
2413 -0.699701 1.166322 0.679134 
2418 -0.684863 0.601154 0.972255 
1362 -0.626074 0.619629 0.980068 
1087 -0.588745 0.422124 1.084270 
1056 -0.688033 0.432157 1.179179 
844 -0.120491 0.739342 1.054914 
1668 -0.584815 0.246177 1.151326 
1358 -0.332539 0.618780 1.035438 
1402 -0.329792 0.711010 1.029384 
2584 -0.397642 0.353666 1.201828 
2577 -0.506217 0.364018 1.148681 
1702 -0.044721 0.743340 1.119581 
1371 -0.309579 0.375288 1.073940 
1312 -0.766173 0.907773 0.817843 
604 -0.363266 0.687586 0.929311 
2610 -0.355654 0.240306 0.864139 
2609 -0.553305 0.571865 0.812327 
269 -0.401385 0.528165 1.045659 
462 -0.553052 0.532618 0.977867 
499 -0.273681 0.866654 0.970526 
925 -0.510623 0.299154 1.105124 
1450 -0.640105 0.711917 0.852146 
1682 -0.348714 0.213133 0.674792 
729 -0.319232 0.340305 1.141400 
2342 -0.416750 0.512847 0.989522 
961 -0.532224 0.438920 1.015624 
1707 -0.409853 0.460393 1.117618 
1657 -0.101376 0.814868 0.947701 
1023 -0.337190 0.171191 0.653039 
120 -0.291090 0.571803 0.940250 
351 -0.220340 0.668720 1.032100 
176 -0.239485 0.453488 1.110909 
2518 -0.494862 0.344459 1.103564 
2520 -0.540120 0.531003 0.979723 
361 -0.363747 0.710529 0.996245 
1120 -0.478936 0.265353 1.271669 
2401 -0.195589 0.455663 1.166342 
1774 -0.483148 0.442397 1.100295 
923 -0.515565 0.400153 1.035059 
983 -0.258020 0.366419 1.119179 
503 -0.384546 0.567346 0.976199 
1704 -0.432580 0.645008 0.958977 
1699 -0.007316 0.619920 1.075718 
1722 -0.250666 0.769382 0.998438 
700 -0.375837 0.315594 1.146090 
2398 -0.263464 0.728568 1.102010 
360 -0.464556 0.378384 1.015080 
169 -0.285802 0.385752 1.039941 
1976 -0.407698 0.464975 1.124273 
1479 -0.433384 0.346923 1.017437 
2534 -0.175149 -0.084981 0.064009 
2456 -0.408843 1.008795 0.912117 
952 -0.503020 0.665539 0.911231 
2628 -0.284863 0.479312 0.858470 
2374 -0.265994 0.530156 1.029999 
1081 -0.449449 0.659489 0.865357 
1326 -0.686276 0.880231 0.862741 
1903 -0.270502 0.243395 0.808009 
2177 -0.418758 0.583750 1.036710 
172 -0.364638 0.466595 0.710884 
1838 -0.603841 0.426367 1.101551 
2364 -0.385903 0.815313 0.967183 
1952 -0.262795 0.824332 1.011093 
2116 -0.892074 0.295457 1.104616 
1658 -0.285890 0.693292 0.916121 
1126 -0.271772 0.376601 1.084445 
1370 -0.681804 0.405867 0.873117 
2557 -0.240575 0.443485 0.928470 
2048 -0.379748 0.535190 1.071624 
1435 -0.335979 0.284147 1.247282 
1761 -0.580507 0.427743 1.132973 
2565 -0.534390 0.384627 1.160689 
1708 -0.550008 0.400361 1.074621 
1710 -0.440154 0.549388 0.861742 
1883 -0.691565 0.665105 0.940090 
1677 0.127246 0.736182 1.288864 
245 -0.333270 0.657959 0.830900 
27 -0.253880 0.746573 1.070416 
2105 -0.545635 0.510905 0.879368 
2049 -0.690269 0.300532 1.026015 
1101 -0.335304 0.583952 1.201603 
1133 -0.558910 0.164393 1.266242 
2625 -0.282110 0.377411 1.237367 
2646 -0.391882 0.448310 1.095229 
1457 -0.151368 0.503541 0.880591 
2477 -0.418338 0.771426 0.922476 
1766 -0.345240 0.358678 1.205464 
1265 -0.047259 0.743572 1.182418 
1498 -0.268916 0.453553 1.032609 
1726 -0.168472 0.637784 1.110842 
2207 -0.468938 0.751546 0.918548 
2010 -0.285930 0.678726 0.989138 
2021 -0.496719 0.682259 0.890261 
2020 -0.430362 0.717642 1.037650 
2502 -0.329285 0.519941 1.195328 
996 -0.271006 0.838951 1.006353 
997 -0.504903 0.427866 1.013610 
740 -0.407317 0.648835 1.003117 
896 -0.585415 0.391186 1.091796 
2431 -0.243412 0.733378 1.090643 
777 -0.370332 0.458174 1.021492 
1030 -0.341076 0.317301 1.189753 
96 -0.235659 0.654304 0.866017 
2352 -0.536793 0.512853 0.992230 
154 -0.439270 0.412988 0.718113 
153 -0.464983 0.701027 0.937852 
2228 -0.470168 0.447372 1.049873 
1449 -0.181246 0.735220 1.044014 
19 -0.478338 0.671664 0.813916 
1691 -0.510344 0.581013 0.860744 
668 -0.304314 0.736215 1.082872 
282 -0.565858 0.448310 1.125352 
325 -0.216003 0.511691 1.155456 
1149 -0.667146 0.581553 0.914064 
2272 -0.321476 0.606687 0.942825 
2568 -0.261635 0.427772 1.298144 
1928 -0.431822 0.750175 0.928040 
1051 -0.487999 0.537032 0.953982 
979 -0.100714 0.051882 0.419394 
2199 -0.430435 0.444795 1.080600 
470 -0.379248 0.565537 1.007338 
2585 -0.335424 0.557682 1.000353 
1323 -0.594888 0.402279 0.938860 
2201 -0.495037 0.481482 1.059161 
149 -0.468652 0.249480 0.854558 
132 -0.267505 0.446683 0.998644 
244 -0.653885 0.479774 1.084749 
1268 -0.219691 0.874180 1.064476 
2349 -0.532974 0.702267 0.845905 
364 -0.511382 0.673277 0.985943 
1965 -0.338463 0.707991 1.002403 
603 -0.382380 0.353562 1.199841 
1485 -0.577583 0.839283 0.835758 
760 -0.216779 0.422282 1.208659 
843 -0.230539 0.533852 1.192614 
563 -0.209582 0.617285 1.097016 
1313 -0.951206 0.752468 0.852689 
641 -0.319889 0.582758 1.020537 
667 -0.242550 0.595973 1.147673 
2492 -0.460523 0.332917 1.268130 
1158 -0.283160 0.507711 0.990380 
2216 -0.388680 0.577784 0.995269 
2481 -0.233412 0.241974 0.515227 
845 -0.027346 0.552531 1.287929 
1861 -0.240491 0.458511 0.981537 
913 -0.138247 0.430227 1.138086 
914 -0.085137 0.447870 1.235927 
664 0.168785 0.417395 1.452215 
1308 -0.809439 0.474582 0.960857 
1177 -0.365296 0.909955 0.977396 
1882 -0.581957 0.851905 0.889251 
2214 -0.285617 0.603997 1.163646 
2316 -0.339623 0.826787 0.905954 
1429 -0.286542 0.861761 0.924278 
1989 -0.458034 0.793383 0.919855 
1988 -0.522767 0.535399 0.906460 
524 -0.257145 0.548379 1.071514 
501 -0.395210 0.629501 1.065122 
2270 -0.236475 0.496193 0.958992 
347 -0.247200 0.550937 0.816508 
2469 -0.525385 0.814673 0.874953 
64 -0.420432 0.885767 0.923242 
757 -0.768678 0.300524 1.067401 
2323 -0.505620 0.483192 1.017757 
1723 -0.330668 0.647373 1.065930 
1372 -0.300668 0.544337 0.942698 
1515 -0.870972 -0.019224 1.296642 
1024 -0.579105 0.400772 1.154190 
1466 -0.207226 0.512497 1.142949 
2436 -0.354994 0.712707 1.070694 
838 0.203412 0.563733 1.369543 
2637 -0.121572 0.065372 1.588693 
774 -0.152402 0.323991 0.660113 
580 -0.129289 0.611924 1.143166 
2406 -0.407563 0.493962 1.048412 
1556 -0.529733 0.562972 1.058366 
1769 -0.349794 0.193492 1.143512 
2118 -1.103956 0.702638 0.815582 
12 -0.699089 0.573191 1.024705 
1642 -0.643191 0.602247 0.986423 
435 -0.183753 0.616993 1.110420 
1560 -0.533447 0.745075 1.040941 
212 -0.344132 0.782572 0.904955 
1049 -0.267548 0.528769 0.960648 
122 -0.255487 0.376025 1.115038 
1315 -0.620217 0.571764 0.981033 
1557 -0.448781 0.498891 1.077754 
1446 -0.256267 0.775102 0.938654 
2498 -0.369436 0.550674 0.952899 
2542 -0.420266 0.466579 1.024404 
1018 -0.394531 0.600317 0.917946 
2291 -0.687952 0.784619 0.891960 
1525 -0.757641 0.293003 1.174198 
1438 -0.603990 0.571307 0.847853 
2220 -0.658620 0.540938 0.987230 
1205 -0.453918 0.636534 0.896040 
1962 -0.334518 0.966148 0.911551 
1758 -0.220739 0.439771 1.131329 
345 -0.065126 0.725072 1.126331 
855 -0.334239 0.706643 1.029032 
2540 -0.520950 0.283943 1.057612 
836 -0.016039 0.484775 1.289494 
2491 -0.283348 0.652303 1.023195 
113 -0.270403 0.416168 0.792115 
581 -0.239183 0.624522 1.135204 
1577 -0.446368 0.649680 1.155535 
1600 -0.397432 0.579100 1.149442 
1622 -0.339147 1.140250 0.807085 
2160 -0.085266 0.681799 1.194290 
414 -0.412847 0.377951 1.206445 
1297 -0.770941 0.720783 0.900220 
733 -0.231822 0.723434 1.130437 
2091 -0.959921 0.304096 1.025174 
2267 -0.289006 0.664012 0.974826 
315 -0.343533 0.426890 1.161241 
2567 -0.380038 0.349660 1.023830 
2225 -0.436391 0.568023 1.015009 
1355 -0.602809 0.915652 0.880515 
1404 -0.284101 0.586917 1.118974 
2013 -0.415542 0.282304 0.844750 
2495 -0.517153 0.517118 0.966584 
2573 -0.343693 0.465090 1.123643 
1678 -0.252185 0.265218 1.133678 
1204 -0.249443 0.772175 0.985325 
71 -0.640068 0.607036 0.939858 
1544 -0.351395 0.347249 1.140199 
2442 -0.867017 0.690299 0.833528 
994 -0.450488 0.500660 0.789951 
170 -0.252963 0.544204 0.724538 
1414 -0.351873 0.763024 0.976481 
808 -0.023658 0.561128 1.253140 
2278 -0.248550 0.628990 1.070975 
160 -0.247103 0.531443 0.859299 
179 -0.358916 0.300222 0.488489 
1648 -0.237955 0.574314 1.165909 
1227 -0.569907 0.596525 1.012833 
1741 -0.317543 0.717593 0.957216 
1550 -0.344857 0.267767 1.289410 
1750 -0.392733 0.537695 0.826756 
1468 -0.677903 0.738584 0.865715 
1696 -0.303081 0.595011 1.180581 
2499 -0.213795 0.564833 0.839342 
359 -0.302219 0.512281 0.974842 
2361 -0.619133 0.773277 0.866775 
978 -0.250741 0.476997 0.892317 
227 -0.173858 0.339671 1.352552 
654 -0.290385 0.764123 0.996209 
2632 -0.575746 0.307873 0.974481 
386 -0.374614 0.680676 0.940173 
1826 -0.627374 0.510535 0.916224 
702 -0.342762 0.321775 0.986925 
1272 -0.359774 0.656518 1.113016 
1590 -0.904942 0.729429 0.872792 
413 -0.400757 0.545166 0.985270 
930 -0.456107 0.408321 1.166648 
60 -0.624328 0.551444 0.994421 
1569 -0.660022 0.394207 1.019429 
746 -0.474923 0.281911 1.241076 
192 -0.334721 0.512555 1.021787 
1150 -0.775148 0.801217 0.948520 
2366 -0.394555 0.624201 0.963720 
1427 -0.144439 0.897853 1.027791 
1299 -0.871461 0.444597 1.034616 
826 -0.229916 0.318065 1.321258 
164 -0.462168 0.471656 0.779018 
116 -0.473205 0.287540 0.632432 
890 -0.391698 0.628562 0.876098 
523 -0.300960 0.522445 0.966201 
190 -0.372950 0.376051 0.863712 
1019 -0.387979 0.547820 0.784658 
1244 -0.145577 0.551604 1.148442 
1676 0.118928 -0.069529 1.746294 
970 -0.525521 0.605605 0.930153 
793 -0.282402 0.564539 1.121834 
1418 -0.426853 0.649135 0.968913 
275 -0.151522 0.851149 1.061053 
2578 -0.252702 0.322183 1.201286 
474 -0.395216 0.820603 0.898452 
465 -0.525604 0.371334 1.104334 
1475 -0.396199 0.371574 1.129472 
1171 -0.313598 0.296138 0.867908 
2294 -0.521310 0.544204 1.005724 
2253 -0.261857 0.729305 1.019112 
148 -0.215800 0.630596 0.877060 
1984 -0.628314 0.500874 0.955883 
2163 -0.631586 0.616655 1.013641 
157 -0.476427 0.687769 0.810753 
181 -0.285281 0.391502 0.830107 
610 -0.229938 0.733368 0.897219 
954 -0.407242 0.538403 0.814931 
77 -0.212676 0.860342 1.092200 
1941 -0.471452 0.452884 1.006868 
1256 -0.643900 0.605928 0.796961 
2553 -0.271954 0.663291 1.142758 
2321 -0.430295 0.593736 0.929224 
2400 0.067186 0.248619 1.461358 
2425 -0.308554 0.438767 1.223920 
2183 -0.248866 0.556765 0.821436 
2180 -0.790352 0.369252 1.064613 
536 -0.231637 0.605701 0.947957 
934 -0.481246 0.545263 0.961376 
1119 -0.511731 0.381990 1.279325 
630 -0.698279 0.455999 1.049954 
1048 -0.453231 0.180690 0.948276 
1444 -0.196529 0.538934 1.066858 
2221 -0.841267 0.731304 0.847299 
454 -0.337940 0.573921 0.817178 
2529 -0.114500 0.574834 1.191497 
1857 -0.178400 0.346526 1.189645 
1225 -0.311730 0.694874 1.030301 
1200 -0.632491 0.824542 0.814774 
1936 -0.557491 0.550092 1.014642 
1231 -0.457188 0.609020 0.860339 
1210 -0.589051 0.697431 0.933065 
2519 -0.592706 0.675893 0.858355 
2075 -0.812047 0.392362 0.967927 
1837 -0.618792 0.694523 0.999286 
2108 -0.427771 0.715383 1.036993 
800 -0.561601 0.585350 0.967658 
1505 -0.638529 0.138895 1.237390 
1340 -1.119907 0.582336 0.842241 
742 -0.288917 0.663108 1.122023 
1748 -0.593942 0.530793 1.030682 
909 -0.431501 0.452769 0.828719 
2125 -0.520162 0.294869 1.175594 
1502 -0.456102 0.684162 0.942177 
217 -0.600072 0.423108 1.018192 
692 -0.332529 0.377286 1.221186 
2138 -0.006024 0.690363 1.130357 
769 -0.294871 0.492069 1.137381 
2119 -0.767004 0.680263 0.958846 
407 -0.539792 0.451494 1.047417 
1342 -0.862909 0.337620 1.020095 
2202 -0.251317 0.321543 0.937797 
1257 -0.411298 0.759421 0.935274 
1629 -0.275241 0.670971 1.115208 
159 -0.278411 0.433472 0.826099 
2276 -0.079798 0.455529 1.248222 
493 -0.523144 0.677402 0.909615 
1388 -0.425104 0.699440 1.065553 
1320 -0.781928 0.235441 1.115816 
1092 -0.497210 0.458717 0.860321 
450 -0.608213 0.599877 0.876422 
1495 -0.513004 0.472308 1.041462 
2383 -0.251313 0.558711 1.137357 
1425 -0.258840 0.809404 0.987235 
2295 -0.493454 0.568319 0.957830 
1034 -0.594652 0.549146 1.080465 
1237 -0.394797 0.690335 0.980059 
328 -0.147068 0.432442 1.222002 
1100 -0.230570 0.600060 1.190491 
402 -0.703488 0.562412 0.941078 
2127 -0.486691 0.166860 1.241224 
1467 -0.409475 0.626437 1.042150 
2623 -0.260977 0.327199 0.887003 
2087 -0.728586 0.374850 1.050505 
1202 -0.354553 0.672017 1.028195 
1201 -0.536789 0.743966 0.955254 
1789 -0.237229 0.319533 1.132590 
915 -0.286595 0.595205 1.111438 
576 -0.441203 0.657957 0.978448 
2457 -0.416494 0.529135 1.067906 
1643 -0.627549 0.464621 0.887879 
922 -0.181242 0.612088 1.232585 
2282 -0.362970 0.418396 1.152964 
534 -0.446288 0.427910 1.137310 
1890 -0.483980 0.532342 0.983580 
2468 -0.348555 0.841511 0.919562 
813 -0.606240 0.324690 1.137785 
966 -0.374266 0.581728 1.052325 
1572 -0.715799 0.282711 1.141118 
515 -0.324050 0.442339 1.185888 
1953 -0.669486 0.618858 0.910834 
899 -0.630803 0.579737 1.025265 
998 -0.170962 0.370866 0.861762 
1437 -0.189986 0.273348 1.337183 
331 -0.342448 0.367684 1.210911 
1659 -0.452359 0.652717 0.894402 
2377 -0.395090 0.408235 1.118841 
25 -0.210331 0.586434 1.145471 
1321 -0.269920 0.760909 0.885172 
2645 -0.219416 0.563425 1.159311 
2286 -0.486917 0.803642 0.765753 
2256 -0.383592 0.442956 0.984835 
2605 -0.523797 0.490016 0.925924 
672 -0.430359 0.356192 1.106883 
352 -0.173351 0.658392 1.187230 
2174 -0.500047 0.230597 1.129454 
1445 -0.824869 0.513996 0.958535 
224 -0.391472 0.771799 1.016728 
1322 -0.262231 0.360257 0.895641 
306 -0.335231 0.742298 1.039784 
175 -0.315477 0.220800 0.689461 
921 -0.422182 0.501572 1.020015 
852 -0.536144 0.484814 0.937199 
28 -0.455506 0.379292 1.159411 
317 0.002870 0.434447 1.336437 
1476 -0.699351 0.272878 1.170121 
1611 -0.438733 0.535899 1.043103 
1896 -0.919318 1.072002 0.669322 
1746 -0.327823 0.510932 0.972717 
1004 -0.164512 0.119396 0.548989 
427 -0.377620 0.610721 1.001955 
2317 -0.419530 0.608306 0.863763 
471 -0.213660 0.832080 0.968580 
552 -0.347148 0.213830 1.209610 
553 -0.211493 0.611045 0.863253 
2583 -0.191795 0.294212 1.282629 
1628 -0.316340 0.531426 1.209122 
2566 -0.238433 0.381600 1.112585 
694 -0.558602 0.637742 0.984957 
2154 -0.305403 0.560283 0.895186 
1686 -0.513319 0.450904 0.951376 
1874 -0.492983 0.653993 0.999510 
2339 -0.439012 0.670738 0.997891 
1509 -0.253687 0.586443 1.014094 
1507 -0.306166 0.601953 1.137881 
344 0.084240 0.798107 1.158414 
748 -0.397372 0.510978 1.045771 
397 -0.269212 0.405442 1.129987 
384 -0.451047 0.605701 0.836483 
2579 -0.340169 0.570216 1.123127 
1252 -0.513927 0.433169 0.977218 
592 -0.471964 0.653606 0.886335 
1872 -0.387639 0.460528 1.056449 
2273 -0.071140 0.384989 1.114108 
49 -0.413660 0.368462 1.170600 
430 -0.340036 0.667202 1.026130 
1564 -0.317332 0.586381 1.078650 
2327 -0.459034 0.608174 0.875126 
2311 -0.412135 0.615684 1.058321 
532 -0.438925 0.614020 1.081766 
602 -0.220812 0.605976 0.972355 
1966 -0.505437 0.653580 0.907109 
1011 -0.620152 0.226293 1.039749 
831 -0.201115 0.546259 1.180859 
1096 -0.586743 0.478002 1.168798 
1844 -0.115058 0.192161 0.744869 
1264 -0.261678 0.773043 1.081663 
1334 -0.402795 0.554725 1.137583 
558 -0.558783 0.578229 0.926473 
34 -0.227802 0.731823 1.027081 
472 -0.456902 0.693788 0.964032 
182 -0.296203 0.380121 0.986105 
1304 -0.676839 0.540818 0.945661 
1878 -0.352926 0.375189 1.106140 
319 -0.298978 0.695227 1.081684 
2169 -0.785976 0.659488 0.831375 
1013 -0.220915 0.231137 0.771925 
1852 -0.281178 0.444468 1.188223 
117 -0.565870 0.454349 0.853167 
1921 -0.339758 0.412874 0.980322 
290 -0.201949 0.330141 1.289375 
15 -0.735333 0.639468 0.888828 
378 -0.297868 0.555907 1.104221 
971 -0.358798 0.439983 0.819569 
1609 -0.547805 0.555396 1.082393 
665 -0.168784 0.784705 1.055250 
2570 -0.265803 0.299620 1.221934 
1868 -0.384324 0.473551 1.094897 
133 -0.157372 0.224170 0.781033 
2110 -0.258514 0.602395 0.979576 
56 -0.422734 0.602773 1.043262 
2184 -0.302527 0.785265 1.015611 
2219 -0.566685 0.469991 1.041226 
1894 -0.661350 0.689048 0.794880 
14 -0.642176 0.737074 0.814608 
1839 -0.589657 1.002737 0.856078 
279 -0.225598 0.333348 1.133158 
280 -0.384815 0.474225 0.567918 
369 -0.423131 0.768279 0.977903 
1635 -0.543730 0.828066 0.894801 
1477 -0.408314 0.357410 1.175934 
2535 -0.498647 0.550205 0.919132 
2536 -0.617116 0.542976 0.893283 
623 -0.432349 0.367548 1.116709 
908 -0.270212 0.445911 0.875362 
1423 -0.556464 0.639316 0.953382 
2036 -0.288283 0.828995 1.035572 
2017 -0.358457 0.705300 0.989627 
1162 -0.542266 0.508211 0.976760 
1693 0.075342 0.743145 1.213746 
1530 -0.312190 0.466917 1.020033 
2190 -0.086839 0.642978 1.101556 
2191 -0.635250 0.419479 1.083324 
2453 -0.260305 0.496943 1.120779 
1287 -0.596308 0.229476 0.910400 
819 -0.315628 0.568429 1.118313 
1821 -0.390301 0.538428 0.996711 
1015 -0.230063 0.473901 0.771493 
1373 -0.292384 0.596445 0.965159 
2284 -0.582552 0.746371 0.840383 
2303 -0.839071 1.068525 0.600125 
888 -0.318778 0.606179 0.938390 
1578 -0.545254 0.657560 0.735821 
1548 -0.787418 0.512644 1.018312 
1780 -0.440942 0.483313 1.169197 
78 -0.277583 0.630717 1.073370 
1091 -0.575956 0.490772 1.024645 
448 -0.637572 0.830815 0.838761 
618 -0.364254 0.624784 0.739394 
949 -0.397697 0.457380 1.142533 
438 -0.562499 0.591699 1.030072 
440 -0.765577 0.461930 0.956018 
2004 -0.247467 0.503628 1.117493 
1088 -0.594537 0.340359 1.006094 
1369 -0.452287 0.589418 1.016153 
2200 -0.884124 0.217740 1.179056 
1855 -0.080443 0.410721 1.299187 
1876 -0.664669 0.539574 0.860129 
1359 -0.515264 0.405168 1.176504 
1458 -0.538537 0.564221 1.001514 
1243 -0.198279 0.711743 0.991719 
713 -0.384034 0.454739 0.927538 
1208 -0.229282 0.214950 0.470456 
931 -0.312524 0.845543 0.961601 
126 -0.497129 0.555019 0.865922 
1447 -0.361301 0.552840 1.006153 
1551 -0.724695 0.367389 1.109699 
75 -0.361602 0.728303 0.967767 
1424 -0.344853 0.809587 0.951684 
1697 -0.130558 0.556527 1.235398 
155 -0.183894 0.769238 0.805654 
165 -0.484953 0.448622 1.010832 
323 -0.024253 0.791341 1.134702 
2538 -0.490227 0.466325 0.882212 
1063 -0.177559 0.325052 1.232883 
2058 -0.604923 0.196218 1.175431 
2080 -0.711701 0.420568 1.135479 
2170 -0.440114 0.566737 1.022953 
2241 -0.487767 0.679995 0.965169 
2397 -0.472851 1.097475 0.780262 
1484 -0.493176 0.749008 0.978902 
42 -0.770461 0.842066 0.829010 
491 -0.388946 0.471626 1.047214 
1951 -0.514892 0.759005 0.949605 
1745 -0.487310 0.603595 0.985526 
304 -0.307117 0.704086 1.141716 
284 0.002285 0.842249 1.157951 
2478 -0.331196 0.731639 1.025821 
235 -0.414234 0.557342 1.012749 
276 -0.550840 0.454188 1.172821 
569 -0.442592 0.482284 1.071315 
1711 -0.443572 0.420901 1.121464 
1759 -0.260167 0.540256 1.128426 
507 -0.881884 0.995451 0.707599 
787 -0.603338 0.496364 1.039962 
656 -0.418465 0.734222 0.981858 
31 -0.489860 0.513558 1.061568 
1597 -0.548983 0.724170 0.879625 
2385 -0.297482 0.625783 1.088762 
1788 -0.456634 0.582895 0.925078 
588 -0.405898 0.351511 1.032500 
635 -0.113979 0.950284 1.011978 
2325 -0.438631 0.547689 0.965251 
776 -0.172536 0.471816 1.140260 
1364 -0.479487 0.327129 0.962032 
1301 -0.463181 0.610560 0.883472 
2522 -0.263597 0.561137 1.150854 
2392 -0.263790 1.112303 0.922657 
615 -0.116762 0.895630 0.993716 
2543 -0.308855 0.428067 1.061231 
1206 -0.369661 0.616220 1.015249 
1033 -0.065197 0.073882 0.493298 
1198 -0.418681 0.935921 0.871312 
2082 -0.550455 0.688430 1.026606 
1187 -0.386496 0.498551 1.109221 
2371 -0.644215 0.513136 0.967053 
735 -1.078469 0.250621 1.043478 
825 -0.254752 0.324932 1.280726 
1275 -0.521144 0.433379 1.124271 
799 -0.537580 0.394781 1.186738 
2161 -0.399903 0.695511 1.024067 
1665 -0.452534 0.664743 1.004643 
571 -0.383335 0.587625 0.973677 
528 -0.099674 0.595268 1.208149 
2621 -0.268487 0.543029 1.065070 
2571 -0.618109 0.334979 1.063390 
2581 -0.116097 0.637095 1.141945 
10 -0.400336 0.612479 1.002947 
163 -0.235196 0.505190 0.785380 
812 -0.466296 0.423304 1.097681 
76 -0.506011 0.555342 0.976903 
419 -0.517220 0.736671 0.860638 
424 -0.589093 0.497930 1.042975 
1084 -0.499047 0.503252 1.116059 
1816 -0.200428 0.361411 1.070398 
2062 -0.519359 0.524182 1.072600 
714 -0.387028 0.614323 0.949015 
1353 -0.372652 0.784209 0.947801 
1221 -0.542208 0.537485 0.852131 
965 -0.315671 0.654920 1.051795 
1175 -0.270844 0.771265 1.015096 
1919 -0.371607 0.416813 0.983543 
2280 -0.276268 0.632996 1.032992 
1098 -0.662646 0.432049 1.084119 
2205 -0.491199 0.424545 1.091151 
2034 -0.367012 0.675952 0.935766 
989 -0.471376 0.566134 0.830282 
1528 -0.211017 0.730335 1.144864 
23 -0.591428 0.545853 0.983473 
48 -0.298627 0.364064 1.156831 
1513 -0.251302 0.609784 0.845222 
390 -0.479014 0.384808 0.966331 
1583 -0.391235 0.487096 1.141873 
1436 -0.488817 0.535365 1.034213 
2427 -0.363846 0.535047 1.146695 
722 -0.124843 0.636342 0.774377 
1396 -0.729766 0.664874 0.884345 
2164 -0.418194 0.750161 0.971842 
1263 -0.378646 0.620222 1.137602 
2033 -0.417769 0.416146 0.907892 
1582 -0.326975 0.686786 1.019204 
286 -0.035540 0.432038 1.205770 
2141 -0.059447 0.404382 1.210400 
2550 -0.356636 0.581784 1.135491 
2521 -0.533777 0.373306 1.048169 
2556 -0.236573 0.456451 0.988185 
1508 -0.345920 0.747700 0.880305 
2375 -0.223146 0.253320 1.208177 
196 -0.352879 0.229157 1.065053 
1097 -0.750850 0.388524 0.990384 
624 -0.326796 0.356456 1.052391 
2227 -0.050413 0.675526 1.079161 
2356 -0.424021 0.493014 0.965200 
859 -0.486346 0.577998 1.020164 
1059 -0.373690 0.173615 1.278410 
2240 -0.178003 0.595540 0.778384 
1875 -0.314227 0.342859 0.313907 
123 -0.493176 0.568813 0.969832 
343 -0.488493 0.644529 1.003016 
2426 -0.224257 0.608516 1.109580 
1169 0.081095 0.132615 1.539736 
1812 -0.267916 0.323804 1.159618 
1327 -0.723855 0.489105 1.103850 
738 -0.682387 0.445525 1.021331 
1295 -0.552597 0.405092 0.739683 
1990 -0.661312 0.609726 0.954179 
234 -0.473046 0.738078 0.835594 
1386 -0.595987 0.824934 0.925857 
1293 -0.768538 0.515475 0.963660 
591 -0.314416 0.669968 1.027361 
1924 -0.362509 0.642438 0.939904 
497 -0.506394 0.592868 0.999932 
1873 -0.541087 0.788198 0.919016 
848 -0.191739 0.588333 0.697441 
1756 -0.281427 0.702496 0.857693 
648 -0.331341 0.420971 1.103221 
699 -0.165131 0.525452 0.903540 
2011 -0.320748 0.248487 1.051278 
514 -0.477356 0.585335 0.845724 
140 -0.438799 0.396784 1.061386 
24 -0.387192 0.512871 0.944490 
26 -0.553169 0.343517 1.072096 
2203 -0.766746 0.450711 1.031661 
2378 -0.245797 0.525319 1.025571 
2340 -0.111387 0.568582 1.145258 
389 -0.528900 0.333469 1.011066 
1194 -0.495573 0.636011 0.843133 
1137 -0.721923 0.366852 1.061356 
2617 -0.381250 0.264960 1.132896 
904 -0.381978 0.642249 1.074693 
1608 -0.458872 0.689594 1.093975 
51 -0.523166 0.625639 1.019976 
865 -0.357805 0.592346 1.147978 
669 -0.185186 0.482631 1.019572 
1674 0.232019 0.634456 1.373717 
1316 -0.845443 0.591106 0.819688 
2293 -0.524484 0.316341 0.925968 
1307 -0.480675 0.632595 0.912049 
2309 -0.355394 0.621150 1.005034 
1066 -0.155326 0.424785 0.686680 
1930 -0.558395 0.407049 0.904842 
2111 -0.287316 0.718498 1.047197 
2197 -0.642942 0.304768 1.075954 
1229 -0.490180 0.706665 0.899150 
1195 -0.417438 0.449876 1.095776 
2069 -0.444515 0.444379 0.963091 
2255 -0.407693 0.304717 0.612289 
2586 -0.313684 0.490866 1.089316 
89 -0.623628 0.477550 1.067491 
2510 0.009446 0.066990 0.158232 
124 -0.465217 0.609644 0.770886 
2424 -0.311870 0.398438 1.266886 
1433 -0.328325 0.360615 0.981395 
1585 -0.193371 0.717628 1.172937 
143 -0.527816 0.631702 0.760023 
1526 -0.448936 0.342973 0.993828 
1521 -0.735416 0.480386 0.989524 
525 -0.320796 0.349892 1.180747 
708 -0.271289 0.543778 0.792499 
1394 -0.466445 0.633123 0.841579 
1047 -0.441475 0.514787 0.736263 
128 -0.507917 0.354036 0.890127 
1552 -0.598399 0.534748 1.080232 
1464 -0.204202 0.500466 1.089796 
135 -0.182330 0.633700 0.965941 
1490 -0.535065 0.479462 0.993257 
2098 -0.082978 0.495726 1.171617 
206 -0.540028 0.825720 0.821199 
1027 -0.532123 0.518024 0.975997 
1478 -0.537759 0.501909 1.016957 
2357 -0.367450 0.492625 1.122056 
2341 -0.614163 0.562850 0.849196 
917 -0.236610 0.389202 0.807175 
177 -0.353206 0.537199 1.005080 
1603 -0.496434 0.565313 1.139843 
2195 -0.274026 0.388893 0.872370 
721 -0.291035 0.592870 0.964777 
405 -0.394769 0.464142 1.058928 
2369 -0.321082 0.323691 1.040632 
1212 -0.443165 0.966311 0.833941 
862 -0.486378 0.856764 0.848507 
1025 -0.412281 0.458923 1.078667 
2470 -0.502867 0.590118 0.997676 
709 -0.544619 0.558314 0.971028 
1563 -0.482666 0.382460 1.239912 
219 -0.540808 0.474869 0.942310 
657 -0.231650 0.422840 1.117174 
1537 -0.375470 0.634598 0.794860 
1835 -0.579956 0.282748 1.245029 
634 -0.282107 0.694427 1.035932 
2298 -0.573718 0.758047 0.806558 
1330 -0.728317 0.574193 1.027991 
773 -0.613189 0.486019 0.989889 
918 -0.413668 0.392216 0.617833 
1794 -0.585255 0.634675 0.874342 
1584 -0.544220 0.533081 0.931527 
1781 0.077507 0.753263 1.182137 
1288 -0.700939 0.503813 0.998223 
1775 -0.555071 0.276580 1.161211 
1703 0.392264 0.522377 1.533946 
1687 -0.458373 0.515202 1.107929 
375 -0.366320 0.262944 0.788471 
686 -0.184427 0.167191 0.596909 
70 -0.578437 0.587429 0.928236 
2606 -0.637976 0.536165 0.995072 
1871 -0.428219 0.612778 0.903477 
2072 -0.518927 0.497755 1.061828 
207 -0.405428 0.670317 0.925183 
2559 -0.570878 0.547186 1.031832 
2301 -0.495981 1.123645 0.798234 
1069 -0.274074 0.364505 1.103358 
1016 -0.257355 0.310606 0.901956 
39 -0.315798 0.379305 0.999322 
1719 -0.434499 0.908633 0.855893 
1527 -0.563211 0.331718 0.856213 
57 -0.275117 0.418763 1.240876 
715 -0.497980 0.603886 1.003834 
1366 -0.472552 0.560010 0.816697 
2497 -0.169171 0.157158 0.585194 
167 -0.449525 0.390042 0.841019 
2100 -0.467172 0.489341 1.046979 
2549 -0.494019 0.600067 0.870491 
2547 -0.518097 0.616328 0.818239 
1833 -0.237382 0.108540 0.227481 
416 -0.535611 0.649372 1.009769 
2232 -0.132453 0.199396 0.639372 
2601 -0.160436 0.252971 0.701853 
2215 -0.381374 0.540966 0.831122 
1199 -0.407701 0.745950 0.911544 
2389 -0.543961 0.386495 1.132655 
2384 -0.588725 0.591243 0.925952 
1430 -0.309415 0.570722 0.984427 
1220 -0.284967 0.752568 1.056954 
446 -0.694330 0.609286 0.701404 
2590 -0.286592 0.441277 1.045380 
1538 -0.458519 0.529173 0.929206 
2226 -0.767994 0.384052 1.054841 
2224 -0.284040 0.815768 0.953121 
2455 -0.458691 0.581642 1.014816 
335 -0.239263 0.340203 0.889442 
161 -0.447666 0.619119 0.858043 
114 -0.516150 0.449329 0.718251 
2596 -0.123506 0.459418 0.973851 
556 -0.309494 0.388521 1.030728 
560 -0.572317 0.530201 0.955320 
600 -0.063744 0.024414 0.143056 
103 -0.112819 0.575481 0.937926 
1038 0.037333 0.228692 0.433521 
2626 -0.012488 0.321777 0.378099 
1296 -0.428596 0.520228 0.727165 
4 -0.623833 0.445063 1.060484 
1487 -0.312764 0.513962 0.698580 
2619 -0.343179 0.469455 1.211276 
1778 -0.197784 0.452969 1.122587 
332 -0.384475 0.540906 1.149112 
215 -0.599623 1.082216 0.737283 
1898 -0.252562 0.504377 0.990644 
1209 -0.377572 0.190257 0.507405 
1851 -0.229485 0.405746 0.824771 
632 -0.269265 0.648430 1.021840 
1368 -0.327460 0.615540 0.880668 
2580 -0.566452 0.391970 1.112653 
281 -0.264626 0.391165 1.081015 
313 -0.404648 0.600056 0.820860 
2620 -0.384897 0.536365 1.038707 
1363 -0.549990 0.597905 1.019940 
1318 -0.674161 0.231346 1.064907 
1793 -0.395803 0.440616 1.099209 
73 -0.455629 0.340456 1.029472 
613 -0.555325 0.309573 1.054352 
18 -0.240334 0.343561 0.333464 
251 -0.314670 0.593122 0.960253 
929 -0.298481 0.498962 1.179839 
125 -0.229325 0.454804 0.863284 
1554 -0.304050 0.571359 1.002602 
395 -0.375716 0.495684 0.558801 
2206 -0.216411 0.630713 0.948282 
1303 -0.404050 0.510610 0.787056 
1188 -0.383199 0.398034 1.216066 
1545 -0.437596 0.340127 1.132030 
1787 -0.328952 0.378467 0.838649 
1463 -0.425263 0.575861 0.974347 
2181 -0.382242 0.275832 1.174746 
1217 -0.511391 1.081808 0.824248 
1112 -0.325682 0.258105 0.968779 
303 -0.101689 0.727084 1.015918 
2155 -0.283550 0.597889 0.984649 
253 -0.376970 0.935489 0.823740 
2354 -0.432499 0.291935 1.207547 
527 -0.130865 0.165998 1.491473 
1546 -0.519682 0.358177 1.136632 
2251 -0.089445 0.039568 0.487356 
1068 -0.373883 0.530360 0.812106 
2507 0.080116 0.006984 0.008450 
2602 -0.124328 0.207206 0.066930 
2604 -0.259609 0.037768 0.398810 
2603 -0.180285 0.214100 0.120499 
1109 -0.266506 0.229115 0.663518 
1061 -0.324883 0.251570 1.295624 
85 -0.227587 0.188194 0.046680 
2194 -0.302125 0.442349 1.164831 
184 -0.095985 0.030573 0.276300 
761 -0.506603 0.602747 0.967810 
2097 -0.315584 0.370887 1.145635 
906 -0.266447 0.624157 0.928468 
2035 -0.254538 0.741106 0.831248 
1912 -0.184599 0.538908 0.669954 
1701 0.056645 0.381394 1.338482 
2640 -0.256472 0.518323 1.147730 
1009 -0.022160 0.227690 0.346291 
520 -0.823999 0.669104 0.847928 
1006 -0.143455 0.210528 0.279399 
661 -0.237676 0.171159 0.693110 
119 0.037593 0.202701 0.311268 
1992 -0.470688 0.406080 0.939352 
2029 -0.213191 0.061654 0.220032 
1777 -0.143997 0.023212 0.162741 
653 -0.239793 0.103892 0.479110 
1782 -0.018444 0.439842 0.601651 
1008 -0.025138 0.162812 0.169434 
1510 -0.481236 0.442744 0.982100 
1910 -0.034309 0.112646 0.079230 
1946 0.086198 -0.016293 0.085391 
1017 -0.450371 0.363679 0.663689 
2274 -0.279216 0.501765 0.981294 
197 0.068298 0.123498 0.210356 
1408 -0.117137 -0.001997 0.098942 
652 -0.135669 0.209070 0.122061 
1357 -0.552103 0.361297 1.165818 
1957 -0.366739 0.400273 0.742962 
1174 0.039726 0.078724 0.143808 
208 -0.446090 0.380508 0.956857 
1014 -0.123588 0.185373 0.467187 
1031 -0.048519 0.159586 0.287016 
707 -0.135663 0.023003 0.177101 
1010 -0.142868 0.162922 0.032566 
1947 -0.009002 0.114981 0.400488 
2486 0.076546 0.040905 0.195564 
139 -0.323559 0.440128 0.671718 
1022 0.087081 -0.068807 0.135190 
185 -0.146112 0.321664 0.197698 
1948 -0.232524 0.032514 0.210357 
