2552 3
671 -0.605874 -0.564776 1.215544 
508 -0.695447 -0.263984 1.041122 
2554 -0.332870 0.122914 1.142446 
2549 -0.496917 0.063223 0.979924 
1057 -0.384765 -0.261733 1.032619 
2477 -0.376068 -0.286552 1.297835 
1609 -0.971975 -0.352230 1.087861 
1608 -0.714381 0.300908 1.274750 
2376 -0.366191 -0.182533 1.241930 
2378 -0.191453 -0.049004 1.230185 
2504 -0.374114 0.064464 1.072049 
2505 -0.360237 -0.177145 0.972879 
820 -0.281052 -0.077682 1.387901 
841 -0.756071 -0.311354 1.123274 
2398 -0.665612 -0.296295 1.071185 
281 -0.555558 0.019956 1.106561 
1503 -0.611670 -0.331074 1.120146 
1504 -0.757562 -0.186073 1.081643 
110 -0.541882 -0.148858 1.083708 
2429 -0.592974 -0.169258 0.979254 
222 -0.881910 0.127371 1.192454 
1883 -0.460696 -0.334583 1.243481 
2570 -0.364266 -0.068291 1.067628 
2568 -0.267556 -0.152809 1.147676 
2637 -0.259575 -0.040112 1.186139 
2636 -0.317879 -0.088974 1.141570 
333 -0.640284 -0.131550 1.126231 
330 -0.525203 -0.377562 1.165965 
466 -0.496186 -0.102505 1.258455 
2629 -0.370501 -0.225228 1.255753 
1965 -0.040036 0.088192 1.510953 
688 -0.391384 -0.289573 1.260733 
1551 -0.698386 -0.041108 1.118326 
1547 -0.691054 -0.123649 1.122191 
2026 -0.465974 -0.261988 1.200852 
942 -0.599262 0.559255 1.315014 
1702 -0.516167 -0.286541 1.094663 
1453 -0.429016 0.020726 1.221482 
1658 -0.610029 -1.176327 1.188009 
1497 -0.593533 -0.452114 1.128098 
1107 -0.752405 -0.313648 1.115194 
1109 -0.308804 -0.065120 0.890203 
1648 -0.429549 -0.302857 1.202691 
1649 -0.423552 -0.216202 1.154566 
1932 -0.472650 -0.050841 1.222185 
1934 -0.619755 0.061711 1.204685 
2395 -0.225033 0.396508 1.464528 
2063 -0.326881 0.017793 1.101374 
1331 -0.401240 -0.304040 1.226524 
1329 -0.541313 -0.266001 1.246354 
1390 -0.316359 -0.257674 1.366494 
842 -0.445395 -0.216168 1.107738 
388 -0.634828 0.396992 1.196276 
386 -0.509301 -0.188308 0.947374 
1131 -0.708182 0.111958 1.238670 
1132 -0.684651 -0.330853 1.197893 
514 -0.384870 0.084960 1.109515 
2468 -0.244578 -0.023665 1.311355 
1083 -0.325370 -0.336948 1.040172 
1085 -0.794856 -0.432076 1.103577 
57 -0.203563 0.327001 1.381249 
1419 -0.555993 0.051163 1.029779 
1069 -0.431428 -0.299518 1.193902 
1026 -0.569814 -0.101843 1.044796 
2434 -0.246218 -0.090454 1.185909 
412 -0.302291 -0.345541 1.268022 
2489 -0.569817 -0.312434 1.075904 
1759 -0.557105 -0.223129 1.058746 
1536 -0.263365 -0.260616 1.306255 
1657 -0.805047 -1.296920 1.096598 
353 -0.479074 -0.597088 1.241450 
496 -0.431747 -0.120472 1.276992 
151 -0.491952 -0.143310 0.944399 
189 -0.350082 0.132014 1.187108 
1441 -0.472181 0.039682 1.021562 
1743 -0.716274 -0.374233 1.065418 
1845 -0.197678 -0.247947 0.859454 
2377 -0.547596 0.037160 1.046341 
605 -0.345185 -0.017013 1.089242 
546 -0.372257 -0.235933 1.064077 
930 -0.343893 -0.174360 0.999520 
844 -0.782903 -0.188338 1.149608 
2129 -0.802384 -0.387984 1.131443 
173 -0.206160 -0.442664 1.296843 
2008 -0.261671 -0.211601 1.144369 
2005 -0.299594 -0.057223 1.001751 
500 -0.416925 0.181156 1.261096 
796 -0.565189 -0.060067 1.167176 
805 -0.298435 -0.337639 1.190261 
2389 -0.265695 -0.201230 1.195041 
1519 -0.538498 -0.044602 1.208399 
1646 -0.617669 -0.518250 1.141324 
2335 -0.448845 -0.254997 1.097507 
1353 -0.442971 -0.125513 1.320380 
1325 -0.532563 -0.698410 1.220223 
2035 -0.354911 -0.096280 1.241112 
720 -0.590679 0.106203 1.248931 
1642 -0.378937 -0.741199 1.261450 
83 -0.450971 -0.131021 1.166458 
54 -0.505811 -0.173141 1.117821 
1263 -0.816909 -0.258888 1.116132 
145 -0.493581 -0.167547 1.126508 
123 -0.505547 0.159005 1.193337 
1163 -0.887696 0.190429 1.121027 
1175 -0.866981 0.157170 1.138020 
361 -0.145920 -0.134395 1.410204 
575 -0.308918 -0.080593 1.228513 
70 -0.674267 -0.253178 0.991075 
81 -0.409650 -0.188659 1.006749 
2185 -0.371866 0.049010 0.992965 
2201 -0.414411 -0.231193 1.098801 
435 -0.349469 -0.236967 1.103043 
2184 -0.402286 -0.349417 1.234712 
825 -0.323028 -0.423937 1.331094 
1119 -0.564374 0.123421 1.239467 
1525 -0.228041 -0.336169 1.321566 
2617 -0.541663 -0.162098 1.150032 
2598 -0.480840 -0.003169 1.076581 
1886 -0.391559 -0.190075 1.194493 
1576 -0.525303 -0.132038 0.906784 
1831 -0.735208 -0.048098 1.194722 
1836 -0.719044 -0.056681 1.217151 
779 -0.535692 -0.088374 0.724292 
1985 -0.416884 -0.243698 0.988524 
896 -0.717985 -0.246431 1.097630 
1714 -0.701911 -0.180301 1.098244 
1769 -0.454779 -0.145331 1.043595 
316 -0.575267 -0.059095 1.215387 
288 -0.541833 -0.324527 1.159920 
23 -0.434659 0.080465 1.072187 
1096 -0.354009 -0.341219 1.144275 
1104 -0.453716 0.083809 1.274144 
1763 -0.973002 -0.145778 1.089185 
1764 -0.345922 0.382298 1.382915 
468 -0.372498 -0.591833 1.309762 
475 -0.528510 -0.171833 1.229296 
1087 -0.446308 -0.449894 1.250234 
1062 -0.617278 -0.002076 1.218535 
2374 -0.388761 -0.223914 1.201647 
2401 -0.333938 -0.166527 1.140665 
2320 -0.575748 -0.398502 1.183451 
2475 0.114411 -0.718812 1.478780 
1900 -0.441714 -0.106454 1.188952 
1811 -0.533303 -0.137721 1.157355 
2596 -0.165161 -0.129370 1.115251 
2583 -0.608679 0.088515 1.142760 
1858 -0.609998 -0.012434 1.050886 
1859 -0.428023 0.061937 1.154775 
1267 -0.589324 0.190647 1.160954 
1206 -0.439319 0.090216 0.953809 
684 -0.477533 -0.289530 1.162486 
650 -0.210320 0.095789 1.202740 
187 -0.796726 -0.111551 1.068621 
162 -0.555844 0.087679 1.216749 
2643 -0.561722 -0.253709 1.020250 
2644 -0.317490 -0.200903 1.193369 
262 -0.530061 -0.026209 0.934179 
304 -0.326155 -0.262672 1.178998 
120 -0.331527 0.368725 1.390474 
127 -0.281237 0.080417 1.243961 
2460 -0.548932 -0.015809 1.215296 
1842 -0.815337 0.227100 1.217369 
383 -0.548826 -0.125053 1.076277 
1266 -0.879484 0.087427 1.120250 
995 -0.846762 -0.469027 1.123873 
2036 -0.385596 0.057962 1.232024 
1017 -0.345684 0.083963 0.613136 
704 -0.731652 -0.158453 1.037664 
2369 -0.247264 0.215308 1.342914 
36 -0.668372 0.144042 1.210306 
2284 -0.727751 0.267804 1.150925 
2437 -0.344609 -0.009069 1.229543 
2601 -0.615588 0.010901 0.942113 
2525 -0.442811 -0.045190 0.926790 
1977 -0.714298 -0.189103 1.101254 
800 -0.492000 -0.277671 1.141568 
2172 -0.531875 -0.248678 1.187784 
2171 -0.658189 0.035413 1.126486 
824 -0.300478 0.019680 1.406352 
748 -0.240512 -0.239760 1.318489 
1981 -0.538987 -0.162096 1.215150 
708 -0.492406 -0.259844 0.890878 
58 -0.149278 0.091483 1.396677 
44 -0.089408 0.096424 1.351273 
1436 -0.533576 0.227921 1.161711 
1459 -0.520268 -0.086051 0.942490 
993 -0.534227 -0.012956 1.235318 
991 -0.261307 0.022610 1.373249 
2175 -0.395860 -0.234418 1.129340 
2173 -0.250822 -0.256709 1.102565 
317 -0.529887 -0.382094 1.222564 
1053 -0.522682 -0.169324 1.223653 
1356 -0.216575 -0.291092 1.401549 
1402 -0.266025 0.013388 1.317900 
181 -0.405992 -0.058223 1.253885 
474 -0.556404 -0.291196 1.232981 
476 -0.416919 -0.289441 1.230923 
1047 -0.429903 -0.258319 1.020118 
308 -0.377369 -0.248928 1.168095 
278 -0.424138 -0.010444 1.231060 
775 -0.339499 -0.154364 0.991946 
2532 -0.540386 -0.232233 1.073236 
423 -0.279208 -0.013690 1.006087 
421 -0.311705 -0.310271 1.216996 
2351 -0.354613 -0.101292 1.041661 
2350 -0.495289 -0.201327 1.124586 
1374 -0.641154 -0.178138 1.126157 
1106 -0.618854 -0.467255 1.155311 
1958 -0.651607 -0.023632 1.159120 
1359 -0.428133 -0.355977 1.257113 
1137 -0.569791 -0.237583 1.177072 
1105 -0.160031 -0.374178 1.420531 
1986 -0.423586 -0.126215 0.898227 
880 -0.137965 0.132797 1.478190 
789 -0.230297 -0.218461 1.216725 
788 -0.520606 -0.276699 1.207868 
840 -0.434105 -0.204479 1.284697 
1545 -0.267316 0.114593 1.365875 
1349 -0.268224 -0.704516 1.349756 
1968 -0.555312 0.083991 1.280622 
320 -0.215669 0.207846 1.357066 
889 -0.499515 -0.258728 1.191407 
1303 -0.475915 -0.009549 0.962398 
1304 -0.685868 0.129965 1.120226 
428 -0.478616 0.047975 1.154652 
396 -0.529744 -0.132976 1.054159 
2411 -0.405010 -0.311880 1.232426 
92 -0.226761 -0.245002 1.339749 
1852 -0.540136 -0.034825 1.063335 
1442 -0.388172 -0.198250 1.124029 
2088 -0.242672 0.488090 1.460909 
137 -0.184562 0.021287 1.407863 
143 -0.401529 -0.018217 1.030219 
139 -0.594130 0.147475 1.148197 
938 -0.286430 0.193551 1.325444 
2069 -0.264250 0.376696 1.389734 
1548 -0.588973 0.088108 0.981781 
2244 -0.498229 -0.300702 1.054900 
749 -0.598651 -0.337100 1.151487 
2024 -0.559017 -0.308101 1.146846 
1382 -0.149243 -0.270903 1.401192 
1590 -0.603636 -0.520167 1.193225 
1589 -0.673760 -0.165032 1.153986 
967 -0.309891 -0.316653 1.318876 
974 -0.429981 -0.549374 1.244377 
1461 -0.588398 -0.291238 1.091140 
1615 -0.376599 -0.051598 1.321065 
1747 -0.584860 -0.591009 1.161603 
1734 -0.193124 -0.446777 1.361509 
695 -0.552649 -0.355173 1.100151 
177 -0.612412 -0.278198 1.011491 
134 -0.626032 -0.338133 1.178317 
469 -0.367624 -0.486133 1.261833 
1542 -0.614077 -0.021729 1.206735 
2531 -0.744965 0.073958 1.123672 
2375 -0.519709 -0.115648 1.188109 
604 -0.369175 -0.082281 1.146099 
571 -0.250545 -0.103675 1.049207 
1192 -0.585257 0.076769 1.093611 
1190 -0.276127 0.051823 0.854138 
113 -0.328069 -0.133636 1.016275 
112 -0.280495 -0.213711 1.063089 
1989 -0.485275 0.036105 0.866151 
2018 -0.453973 -0.241381 0.821518 
1472 -0.366476 -0.063565 1.207604 
1495 -0.583365 -0.067326 1.150848 
1928 -0.608952 -0.117931 1.147217 
1929 -0.671280 -0.164362 1.141582 
669 -0.584593 -0.426260 1.216954 
968 -0.476642 -0.558863 1.266377 
898 -0.503882 -0.004448 1.213970 
1301 -0.256225 0.023926 0.833007 
1127 -0.516603 -0.406921 1.202243 
2093 -0.422425 -0.027063 1.128477 
59 -0.060528 0.063457 1.412955 
153 -0.469395 -0.513390 1.168841 
2180 -0.287294 -0.291345 1.235856 
2154 -0.529311 -0.102593 1.201489 
941 -0.687279 0.377411 1.222233 
1277 -0.463425 -0.477994 1.251040 
75 -0.757874 -0.276945 1.128351 
13 -0.642713 -0.304826 1.077431 
1882 -0.482074 -0.397882 1.284819 
1880 -0.385367 -0.235649 1.316643 
1471 -0.794312 -0.092179 1.080605 
1853 -0.275504 -0.038753 1.092112 
1398 -0.481070 -0.266143 1.203109 
1399 -0.310415 -0.244076 1.248655 
845 -0.469273 -0.053174 1.253664 
2638 -0.540918 0.106206 1.115104 
2116 -0.111993 -0.073427 1.269036 
169 -0.789231 -0.573736 1.016537 
168 -0.141696 -0.218953 1.379015 
623 -0.521225 -0.204663 1.202764 
1212 -0.649396 0.289905 1.170841 
1167 -0.608673 -0.180944 0.886448 
1351 -0.820841 -0.538345 1.095083 
1916 -0.401187 0.041345 1.294001 
2287 -0.351898 -0.270222 0.998827 
1045 -0.288630 -0.205159 0.965120 
1037 -0.473530 -0.265106 1.157662 
1804 -0.444219 -0.236601 1.217468 
895 -0.293709 -0.181148 1.231579 
892 -0.263827 -0.257156 0.903264 
2519 -0.617754 0.025080 0.969581 
1939 -0.467196 0.045547 1.264889 
1052 -0.667602 -0.891057 1.179267 
2367 -0.462158 0.014353 1.245652 
2295 -0.268294 -0.101553 1.011640 
1502 -0.793875 -0.288663 1.059471 
1600 -0.039508 0.074194 1.480970 
1644 -0.487916 -0.387905 1.264648 
1645 -0.594928 -0.719326 1.178758 
580 -0.318118 -0.238380 1.265886 
964 -0.533823 -0.294471 1.249259 
2464 -0.140362 -0.569210 1.448243 
1618 -0.733315 -0.210801 1.167231 
1432 -0.603324 0.153951 1.138209 
34 -0.593133 -0.067241 1.187788 
2319 -0.273703 -0.664446 1.290169 
1512 -0.304936 -0.378646 1.060296 
1713 -0.504559 -0.011331 1.228002 
1452 -0.272306 -0.105763 1.307827 
1607 -1.245611 -0.576176 1.012827 
2268 -0.525869 -0.032881 1.262075 
192 -0.407245 0.244733 1.265824 
188 -0.410794 0.147571 1.239115 
1348 -0.369376 -0.660404 1.305656 
2431 -0.261278 -0.358460 1.310801 
1469 -0.156102 0.305247 1.473612 
2443 -0.669248 -0.080790 1.128626 
2436 -0.471349 -0.273438 1.203571 
2535 -0.582668 -0.253711 0.980674 
2586 -0.434512 0.013799 0.863691 
539 -0.333410 -0.150939 1.106846 
2231 -0.422848 -0.143172 1.291132 
2364 -0.712425 0.138199 1.210238 
1386 -0.629433 -0.129306 1.233153 
1240 -0.913393 -0.092646 1.129602 
1829 -0.610355 -0.389240 1.213165 
365 -0.153541 -0.366551 1.412806 
364 -0.211908 -0.532189 1.359279 
1623 -0.321576 0.554525 1.411629 
1634 0.026397 -0.537013 1.507180 
585 -0.265045 0.014277 1.335049 
355 -0.329685 -0.140038 1.341020 
687 -0.627117 -0.371751 1.220239 
676 -0.294393 -0.522314 1.303623 
340 -0.470473 -0.071696 0.975150 
339 -0.377408 -0.086446 1.106507 
568 -0.465059 -0.275704 1.159438 
566 -0.333235 -0.188663 0.889903 
1659 -0.547790 -1.078930 1.200129 
1470 -0.120051 -0.261313 1.358221 
1732 -0.254485 -0.007320 1.321082 
1450 -0.416624 -0.203181 1.215216 
2503 -0.405996 -0.280167 1.030612 
2522 -0.454805 -0.117588 1.122253 
2582 -0.359737 -0.225674 1.172150 
1115 -0.472335 -0.262079 1.222857 
2162 -0.400291 -0.029954 1.091405 
1197 -0.680341 -0.072227 1.012005 
390 -0.630352 0.353766 1.205581 
2349 -0.475828 -0.148770 1.159346 
1180 -0.503012 -0.201141 1.077426 
1200 -0.334841 0.022111 1.291168 
1178 -0.789884 0.001519 1.099772 
94 -0.178807 0.011857 1.401320 
420 -0.447033 -0.158635 1.228938 
1821 -0.258815 -0.454992 1.318484 
183 -0.546099 -0.118211 1.264618 
133 -0.484808 -0.025355 1.239414 
2428 -0.379014 -0.302697 1.091468 
1770 -0.946754 -0.108233 1.033968 
2321 -0.485554 -0.461488 1.198285 
2272 -0.325131 -0.096992 0.858307 
230 -0.970970 -0.038752 1.137219 
224 -1.482159 0.001754 0.985334 
766 -0.421482 0.092035 0.981136 
487 -0.423437 -0.528894 1.176075 
531 -0.229509 -0.356184 1.202754 
607 -0.382734 -0.072274 1.025986 
1142 -0.800338 -0.297334 1.009130 
1969 -0.304527 0.434894 1.406914 
2147 -0.880191 0.506036 1.168850 
76 -0.752299 -0.047063 1.050778 
2282 -0.504172 0.317543 1.266401 
812 -0.852474 0.075088 1.179258 
202 -0.597703 0.004860 1.244625 
443 -0.380330 -0.238950 1.158318 
425 -0.362868 -0.192445 1.185296 
1571 -0.616997 -0.077059 1.235357 
1389 -0.371705 -0.028247 1.359774 
1004 -0.590323 -0.265386 0.977758 
1171 -0.505786 -0.206177 0.991692 
1225 -0.840881 -0.292813 1.092549 
362 -0.421418 -0.280726 1.285969 
843 -0.522578 -0.068451 1.270660 
1966 -0.248651 -0.073555 1.367442 
1972 -0.878043 0.024435 1.139430 
1987 -0.515171 0.070134 0.970097 
1963 -0.449938 0.006922 1.251758 
1094 -0.430578 -0.202049 1.040286 
1136 -0.623007 -0.437400 1.147665 
2502 -0.353250 -0.055741 1.268917 
2499 -0.501212 -0.097144 1.066797 
633 -0.270009 -0.235679 1.118672 
626 -0.716459 -0.353583 1.097054 
1719 -0.532532 -0.252921 1.070886 
2169 -0.661531 0.025868 1.181982 
915 -0.698759 -0.099727 1.141992 
928 -0.536064 -0.122875 1.014073 
1427 -0.516143 0.197298 1.239812 
2090 -0.261425 -0.181708 1.129882 
2089 -0.600713 0.402842 1.301023 
2457 -0.582635 -0.163964 1.205791 
1834 -0.679676 -0.261084 1.136915 
251 -0.469488 0.035060 1.192541 
2084 -0.443685 0.231177 1.167095 
2087 -0.704214 0.235304 1.217529 
856 -0.660124 0.011521 1.126323 
854 -0.504514 -0.127837 1.184418 
2597 -0.439991 -0.251507 1.091207 
1288 -0.446872 -0.150987 1.125404 
2222 -0.391324 -0.150519 1.003569 
2221 -0.543347 -0.064039 1.215413 
1899 -0.533951 0.031374 1.047378 
1271 -0.482328 -0.215358 1.200928 
1262 -0.405112 -0.238404 1.153929 
1235 -0.476613 0.182469 1.186956 
485 -0.388879 -0.535655 1.231335 
2004 -0.539840 -0.300417 1.052551 
2412 -0.625756 0.048996 1.159654 
970 -0.314653 -0.045362 1.176630 
1279 -0.495278 -0.239452 1.224267 
1522 -0.557797 -0.028411 1.131284 
315 -0.380415 -0.137902 1.112168 
814 -0.902319 -0.053429 1.161144 
464 -0.652425 -0.554347 1.157792 
1980 -0.602196 -0.061780 1.193546 
1961 -0.409473 0.081191 1.302706 
1866 -0.323199 0.041694 1.180799 
2393 -0.257967 0.241283 1.338392 
15 -0.500725 -0.280873 1.003196 
33 -0.690597 -0.328616 1.119283 
1703 -0.439820 0.031319 0.911565 
1701 -0.286618 -0.162060 1.202413 
2501 -0.463966 -0.195558 1.186672 
2492 -0.456672 -0.257397 1.077394 
164 -0.426835 -0.248640 1.172588 
502 -0.587214 -0.449027 1.188860 
1317 -0.541253 -0.259031 0.940301 
681 -0.538244 -0.661452 1.154349 
2345 -0.273442 0.046096 1.245150 
2344 -0.468452 -0.224262 1.061465 
977 -0.083276 -0.287730 1.429635 
1003 -0.111104 -0.170446 1.371099 
2580 -0.406628 -0.222338 1.232765 
2067 -0.587046 0.188517 1.214776 
1211 -0.608677 0.115882 1.141360 
1210 -0.315720 0.153145 1.137657 
2430 -0.082478 -0.265958 1.386885 
2219 -0.544687 -0.056639 1.172099 
803 -0.337057 -0.360132 1.275285 
2305 -0.425722 -0.010198 1.188742 
733 -0.536061 -0.079740 1.212267 
1070 -0.700089 -0.194092 1.103385 
258 -0.456281 -0.260637 1.220938 
319 -0.614058 -0.371115 1.192165 
1870 -0.505736 -0.281718 0.895302 
2599 -0.473646 0.066928 0.841506 
264 -0.328927 -0.251166 0.979754 
249 -0.672922 -0.288630 1.070130 
467 -0.630188 -0.376106 1.151833 
2127 -0.407426 -0.149488 1.306034 
1588 -0.158891 0.171077 1.418756 
1485 -0.836363 -1.264160 1.086345 
1635 -0.291347 -0.234442 1.305511 
916 -0.509430 -0.414387 1.150885 
1937 -0.271479 -0.056391 1.313369 
773 -0.610588 0.022154 1.209595 
245 -0.169770 -0.065922 1.123441 
237 -0.842297 -0.523689 0.995593 
1081 -0.669854 -0.287462 1.044659 
2587 -0.362446 -0.115945 0.863221 
1465 -0.262615 0.114849 1.307324 
1460 -0.264769 -0.068843 1.224518 
1144 -0.769838 -0.165761 1.063674 
1141 -0.806107 -0.040258 1.091119 
2476 -0.106226 -0.252833 1.412113 
2467 -0.174762 -0.012376 1.406710 
1655 -0.357893 -0.305254 1.259446 
2104 -0.561044 0.218438 1.248639 
122 -0.317791 0.438872 1.386468 
119 -0.308304 0.111582 0.987784 
1219 -0.930498 0.256181 1.112254 
194 -0.464402 0.048266 1.226572 
2516 -0.675524 -0.273616 1.101598 
2042 -0.380366 0.019457 1.287457 
2112 -0.047464 0.239393 1.521020 
2114 -0.281061 0.382506 1.405607 
1051 -0.411070 -0.605992 1.271962 
368 -0.467304 -0.493658 1.234255 
2515 -0.455292 -0.069576 1.093853 
343 -0.474162 -0.123514 1.214530 
2365 -0.602711 -0.237289 1.169594 
2037 -0.390621 0.234856 1.250076 
2033 -0.636938 -0.220803 1.043819 
482 -0.579381 -0.289960 1.028921 
2139 -0.598583 -0.041265 1.206036 
2301 -0.541735 0.226817 1.158593 
2299 -0.215998 -0.140254 1.305979 
1143 -0.624834 -0.401629 1.119106 
1651 -0.381382 -0.503965 1.214235 
934 -0.169941 0.260555 1.406923 
935 -0.612313 0.116704 1.246446 
1731 -0.582015 -0.159163 1.127422 
2487 -0.296169 -0.159996 0.924789 
2521 -0.504615 -0.014082 1.232873 
2520 -0.729010 -0.001402 1.080027 
338 -0.411892 -0.279451 1.081576 
334 -0.419736 -0.068597 1.131432 
2279 -0.296978 -0.423902 1.319770 
1528 -0.723172 -0.800758 1.122063 
287 -0.393557 0.024372 1.121102 
283 -0.280912 -0.123252 0.939541 
158 -0.606312 -0.124302 1.149841 
1128 -0.537791 -0.362337 1.253408 
126 -0.375805 -0.030814 1.159034 
128 -0.337998 0.077010 1.200399 
1073 -0.639152 -0.225871 1.194362 
2407 -0.811300 -0.227092 1.097558 
584 -0.293615 -0.375033 1.301236 
2228 -0.164588 -0.005360 1.388954 
597 -0.328437 -0.167346 1.296893 
1028 -0.512484 -0.447554 1.257635 
2396 -0.625967 0.005975 1.204150 
2019 -0.532563 -0.325720 1.042061 
1780 -0.555068 -0.086399 1.127612 
1653 -0.436465 -0.225981 1.278528 
1299 -0.406415 -0.058042 1.204172 
1741 -1.441119 -0.844185 0.829307 
608 -0.205476 0.034848 1.185132 
332 -0.553133 0.006563 1.059668 
662 -0.686033 -0.034571 1.188781 
1788 -0.559617 0.032029 1.045092 
1791 -0.456419 -0.151656 1.158827 
689 -0.437988 -0.142770 1.337366 
1516 -0.329056 -0.257901 1.260086 
1524 -0.265283 0.297762 1.380808 
1898 -0.429886 0.015728 1.225990 
2334 -0.297578 -0.242595 1.173664 
1631 -0.573066 -0.130297 1.150174 
1481 -0.332292 -0.381281 1.170454 
1451 -0.408871 -0.108968 1.193583 
142 -0.503466 -0.018324 1.033243 
1071 -0.572196 -0.437422 1.190650 
294 -0.418948 -0.363724 1.136934 
2166 -0.667449 0.290770 1.194927 
1767 -0.710849 -0.037855 1.152814 
459 -0.603735 -0.231194 1.148014 
821 -0.506651 0.136277 1.275913 
513 -0.466551 -0.239625 1.082838 
350 -0.633362 -0.288859 1.168545 
399 -0.725296 -0.390942 1.037389 
433 -0.538320 -0.041206 1.180485 
1970 -0.404376 0.257884 1.336505 
2041 -0.391156 0.089633 1.284858 
1605 -0.712448 -0.157002 1.224692 
1611 -0.672499 0.066032 1.255351 
713 -0.496643 -0.216122 0.976134 
311 -0.208944 -0.127195 1.274059 
1344 -0.919235 -0.148697 1.133101 
1323 -0.416417 -0.075558 0.738718 
510 -0.762138 -0.075499 1.144844 
511 -0.534849 -0.167946 1.172905 
1035 -0.719565 -0.155296 1.178253 
1332 -0.215839 0.101785 1.401697 
887 -0.607785 -0.728031 1.201666 
89 -0.670508 0.286995 1.235698 
1738 -0.868116 -0.170462 1.070858 
657 -0.317874 -0.465301 1.312863 
1832 -0.542919 -0.327114 1.227160 
1464 -0.402107 0.050054 1.190241 
2120 -0.325939 -0.150306 1.083688 
660 -0.773853 -0.314994 1.098739 
567 -0.143890 0.025109 0.636632 
572 -0.236575 -0.308473 1.307411 
2192 -0.527554 -0.244618 0.921938 
2613 -0.353311 -0.065066 1.128082 
1637 -0.682100 -0.573336 1.198252 
1884 -0.530548 -0.619980 1.219465 
1511 -0.515535 -0.337064 1.194820 
88 -0.479567 0.067863 1.295531 
236 -0.483143 -0.379462 1.186461 
1337 -0.517015 -0.048115 1.266381 
178 -0.366528 0.017786 1.180213 
479 -0.582921 0.018317 0.991916 
561 -0.243783 -0.098034 1.245861 
1029 -0.196239 -0.341376 1.360057 
1486 -0.738757 -0.646269 1.144318 
807 -0.503729 -0.696271 1.233305 
129 -0.576548 0.032867 1.238426 
1534 -0.288465 0.071937 1.203088 
2247 -0.688160 -0.344377 1.112228 
1660 -0.601960 -0.631937 1.114282 
2631 -0.139306 -0.016541 1.348078 
481 -0.761821 -0.334091 1.092690 
2245 -0.631475 -0.039010 1.141588 
38 -0.540917 -0.221983 1.245939 
1387 -0.308357 -0.329561 1.359818 
624 -0.297259 -0.124985 1.174796 
573 -0.408579 -0.374468 1.212185 
1517 -0.457147 -0.053522 1.162982 
2065 -0.454586 0.284391 1.205782 
2061 -0.434861 -0.140002 1.058573 
2394 -0.404191 0.157719 1.325584 
2288 -0.485172 -0.272929 1.056802 
32 -0.359747 -0.257462 0.994643 
1941 -0.483627 0.083268 1.183031 
1687 -0.257925 -0.202735 1.040919 
883 -0.071517 -0.051969 1.407550 
734 -0.626755 -0.099219 1.160978 
705 -0.760142 -0.043283 1.100853 
1430 -0.469877 0.191551 1.158735 
1345 -1.163314 -0.711782 1.013024 
298 -0.293761 -0.166438 1.144658 
301 -0.496817 -0.440935 1.219389 
780 -0.308852 -0.245302 1.113421 
1945 -0.475562 -0.113589 0.912234 
947 -0.676496 -0.341439 1.078097 
952 -0.466877 0.081948 1.182176 
986 -0.609045 -0.119516 1.151517 
990 -0.538854 -0.273528 1.135543 
436 -0.156013 -0.126791 1.143667 
2052 -0.240573 0.005855 1.031930 
2040 -0.186059 0.204566 1.395597 
2059 -0.221138 -0.154977 1.162827 
12 -0.528009 -0.080514 0.996815 
2098 -0.684472 -0.111191 1.044364 
445 -0.372485 0.021646 1.223385 
1330 -0.408806 -0.056808 1.245327 
1476 -0.497277 0.151392 1.302006 
2441 -0.293228 -0.147431 1.215357 
2016 -0.392878 -0.318771 0.992281 
1978 -0.379411 -0.144086 1.148659 
2424 -0.297108 -0.820425 1.328474 
1339 -0.495263 -0.540735 1.271766 
1231 -0.696677 -0.158294 1.129745 
1278 -0.202763 -0.529346 1.378011 
1276 -0.156547 -0.351503 1.420931 
299 -0.603184 -0.481005 1.108558 
794 -0.688940 -0.197327 1.067988 
1428 -0.555987 0.217407 1.198797 
1203 -0.573637 -0.025640 1.021559 
2242 -0.583331 -0.051633 0.991662 
1751 -0.636595 -0.350283 1.044138 
1779 -0.613726 0.144308 1.075281 
1338 -0.572726 -0.465209 1.258799 
1334 -0.190349 -0.082154 1.340019 
2099 -0.552846 -0.014094 1.167143 
1245 -0.441044 0.098635 1.296886 
505 -0.387787 -0.182183 1.081201 
498 -0.429409 0.131464 1.158401 
2124 -0.673377 -0.071131 1.096804 
326 -0.548375 -0.126583 1.208990 
417 -0.385699 -0.376578 1.209468 
478 -0.504939 0.057981 0.941018 
351 -0.793788 -0.348454 1.151743 
599 -0.589011 -0.388084 1.114058 
2060 -0.269790 -0.180939 1.099141 
1259 -0.792791 -0.239049 1.050075 
1426 -0.608091 -0.229171 1.097097 
2353 -0.504988 -0.012333 1.201167 
2382 -0.554081 0.044770 1.199633 
2333 -0.613592 0.029732 1.130249 
2372 -0.317895 0.065628 1.259503 
2179 -0.393593 -0.389983 1.182988 
1058 -0.364958 -0.208297 1.138553 
774 -0.572668 -0.064771 0.927018 
1697 -0.377669 -0.401101 1.096465 
1708 -0.202057 -0.252809 1.091673 
2092 -0.088012 0.174969 1.420067 
132 -0.464800 0.026499 1.274997 
1598 -0.316853 0.388382 1.423429 
1544 -0.209016 0.091527 1.407098 
1851 -0.207485 0.064645 1.040880 
1447 -0.540846 0.173585 1.167909 
1594 -0.733146 -0.501807 1.165434 
484 -0.350531 -0.503439 1.309341 
831 -0.545372 -0.062339 1.249780 
835 -0.723026 -0.048400 1.151474 
2518 -0.329931 -0.140714 1.107773 
1310 -0.429443 0.015905 1.151843 
1312 -0.347081 0.069380 0.737141 
141 -0.545245 0.033928 1.197869 
35 -0.369639 0.058555 1.279024 
1505 -0.508751 -0.343461 1.158267 
957 -0.577560 -0.022134 1.221109 
2238 -0.676928 0.100097 1.162831 
9 -0.460651 0.008703 1.077883 
808 -0.176924 -0.467523 1.380259 
2144 -0.701249 -0.069579 1.164746 
1186 -0.649828 0.169022 1.154771 
100 -0.364099 -0.134602 0.840137 
270 -0.482960 -0.140007 1.227125 
832 -0.741463 -0.031700 1.157179 
706 -0.384761 -0.164649 0.682273 
1016 -0.484539 0.040502 1.249258 
182 -0.812226 -0.053440 1.159958 
156 -0.568958 0.192400 1.193542 
2011 -0.364013 -0.155636 0.942202 
154 -0.522951 -0.124886 1.207387 
1018 -0.837607 0.051151 1.093716 
1048 -0.563183 -0.305560 0.967890 
209 -0.768788 -0.423246 1.034161 
2085 -0.557576 0.206996 1.175251 
1803 -0.463995 -0.066610 1.102043 
1079 -0.489645 -0.209207 1.237675 
1643 -0.504336 -0.543765 1.255984 
2456 -0.377374 0.015562 1.258947 
877 -0.329847 -0.011022 1.291437 
876 -0.439587 -0.002977 1.106834 
1538 -0.413991 -0.097449 1.078512 
172 -0.279871 -0.143258 1.282172 
1720 -0.347317 -0.272484 1.034272 
985 -0.607728 -0.083888 1.209626 
834 -0.742807 0.024704 1.179877 
73 -0.298899 -0.370438 1.249715 
2545 -0.374370 -0.201011 0.884501 
2547 -0.505508 -0.047379 1.048933 
1169 -0.666851 -0.057431 1.025375 
690 -0.904537 -0.405152 1.111182 
965 -0.561589 -0.348219 1.233896 
1135 -0.568558 -0.082160 1.136926 
725 -0.794530 -0.316795 1.165342 
1617 -0.116056 0.261638 1.515497 
984 -0.672777 -0.332234 1.187032 
2297 -0.451277 -0.338898 1.178671 
2131 -0.520119 -0.506471 1.229720 
675 -0.311040 -0.470144 1.294568 
495 -0.351268 -0.192494 1.282303 
274 -0.374648 -0.057013 1.247550 
95 -0.326982 -0.166785 1.315202 
268 -0.343281 -0.380329 1.327776 
565 -0.565159 -0.129066 1.015605 
792 -0.556298 0.015483 0.826887 
768 -0.393254 -0.278342 1.159590 
53 -0.499923 -0.091642 0.923656 
52 -0.318406 -0.098846 1.127241 
1753 -0.776183 -0.131396 1.089061 
1354 -0.232667 -0.143506 1.427080 
1196 -0.668648 -0.311271 1.004113 
1766 -0.342194 -0.293142 1.191955 
679 -0.745474 -1.094810 1.131008 
1406 -0.316731 -0.374631 1.247721 
1246 -0.756698 -0.016704 1.156099 
1244 -0.770740 -0.060938 1.079014 
871 -0.402096 0.206307 1.234954 
1942 -0.394132 -0.219486 0.989602 
903 -0.367183 0.008306 1.315042 
588 -0.931345 -0.588997 0.972074 
494 -0.343519 -0.155248 1.125017 
329 -0.706174 -0.344879 1.160662 
1622 -0.321099 0.448156 1.388853 
1151 -0.587924 0.124655 1.117203 
600 -0.194134 0.080197 0.384537 
2121 -0.443967 0.106184 1.190628 
328 -0.655388 -0.791973 1.176178 
1639 -0.626320 -0.839984 1.188163 
1298 -0.715487 -0.354051 0.974105 
865 -0.448423 -0.265725 0.978421 
1674 -0.369036 -0.085430 1.228348 
526 -0.620425 -0.410600 1.088608 
1640 -0.663499 -1.486130 1.182418 
2426 -0.139756 -0.492183 1.435856 
2544 -0.373704 0.031489 1.071558 
2530 -0.547084 0.085429 1.107924 
944 -0.556000 -0.133872 1.216437 
2495 -0.418871 0.132294 1.197696 
1742 -1.162977 -0.165113 0.981033 
694 -0.966445 0.238988 1.139268 
1341 -0.921516 -0.075123 1.104223 
1724 -0.665159 -0.060351 0.906964 
1722 -0.543742 -0.029948 1.043201 
1397 -0.358521 -0.261296 1.267411 
1394 -0.045183 -0.409699 1.399452 
1291 -0.521004 -0.303908 1.171284 
2126 -0.528196 0.080431 1.247911 
1191 -0.417309 -0.154464 1.050808 
1220 -0.690036 0.240879 1.134361 
631 -0.657590 -0.154930 1.059601 
190 -0.365615 0.338363 1.246039 
1824 -0.219315 0.013844 1.363715 
1280 -0.226427 -0.511150 1.301536 
2290 -0.150968 -0.263019 1.332170 
135 -0.275958 0.051441 1.378901 
136 -0.574937 -0.385084 1.214349 
2226 -0.484563 -0.018585 1.253432 
731 -1.083631 0.284744 1.131927 
716 -0.491153 -0.035626 1.231817 
1795 -0.527347 0.002650 1.243277 
2020 -0.289022 -0.272901 0.961788 
80 -0.529171 -0.326663 1.177899 
882 -0.083128 0.031091 1.393929 
148 -0.360665 -0.195176 0.985119 
402 -0.522408 -0.267126 1.137889 
1579 -0.277083 -0.119167 1.009981 
1580 -0.320925 0.048086 1.152031 
2304 -0.358012 -0.116452 1.208559 
2302 -0.533055 -0.345964 1.108958 
933 -0.076693 0.458267 1.503135 
983 -0.422281 -0.417054 1.294582 
2149 -0.597833 0.313579 1.217904 
2148 -0.823979 0.324544 1.143244 
2368 -0.582591 0.001862 1.164721 
1236 -0.482758 -0.044208 1.110930 
1250 -0.564711 0.357502 1.240217 
1868 -0.297801 -0.239327 1.111161 
243 -0.538606 0.004388 1.056628 
359 -0.202515 -0.011148 1.361479 
313 -0.338093 0.214823 1.314467 
1234 -0.662194 0.011860 1.161788 
1638 -0.753819 -0.523793 1.122390 
349 -0.769394 -0.335278 1.121101 
345 -0.607303 0.071605 1.153323 
817 -0.851388 -0.137121 1.186517 
2458 -0.403106 -0.217781 1.293653 
742 -0.367745 -0.309137 1.099538 
2289 -0.567092 -0.317112 1.216828 
2160 -0.147604 -0.183073 1.290451 
1134 -0.484482 -0.222508 1.227473 
2128 -0.428911 -0.174179 1.300460 
922 -0.220977 -0.043668 0.810264 
2397 -0.251604 0.085962 1.347475 
2399 -0.467923 -0.024488 1.159134 
948 -0.767579 -0.178006 1.151498 
1363 -0.553656 -0.154309 1.116485 
1358 -0.470871 0.090684 1.244110 
1005 -0.383578 -0.043896 1.292970 
62 -0.492170 -0.143466 1.160638 
1194 -0.712931 0.059813 1.063055 
680 -0.636439 -1.144516 1.175939 
594 -0.423500 -0.099646 1.172347 
596 -0.385297 -0.158204 1.202682 
1074 -0.701333 -0.075533 1.177460 
1762 -0.654108 -0.297923 1.175768 
2259 -0.079071 -0.697531 1.393347 
1223 -0.716546 0.231235 1.172567 
943 -0.524200 0.364675 1.291277 
490 -0.275592 -0.204311 1.261945 
493 -0.424640 -0.207543 0.964210 
598 -0.516049 0.123750 1.261634 
1027 -0.290744 -0.494910 1.342891 
2450 -0.404474 0.037163 1.265321 
2303 -0.528703 -0.103926 1.003251 
465 -0.595740 -0.155105 1.200540 
415 -0.456726 -0.434873 1.199622 
1458 -0.465247 -0.129183 1.045950 
2363 -0.671238 0.272198 1.254984 
1214 -0.453815 0.146711 1.137906 
932 0.150352 -0.011496 1.517319 
603 -0.469594 0.010315 1.102478 
593 -0.736521 0.084353 1.087851 
480 -0.639891 -0.118657 1.094447 
1418 -0.645002 0.018690 1.108807 
793 -0.268762 -0.011142 1.227527 
2592 -0.520384 -0.207704 0.955100 
2444 -0.592646 0.082205 1.216077 
1628 -0.298717 -0.090131 1.324131 
987 -0.309004 0.040285 0.983640 
2102 -0.854711 0.407563 1.178988 
879 -0.648701 0.323094 1.301356 
728 -0.666105 0.339627 1.239374 
901 -0.454296 0.107191 1.307995 
902 -0.460633 0.103822 1.203264 
559 -0.366606 0.028006 1.229856 
554 -0.358573 0.043160 1.227940 
989 -0.601834 -0.064533 1.200275 
2101 -0.492235 0.092676 1.099593 
2416 -0.379536 -0.237672 0.902604 
1814 -0.441116 -0.058791 1.207454 
727 -0.651181 -0.026100 1.194876 
2074 -0.496354 0.019584 1.141207 
157 -0.358957 -0.257637 1.223713 
2593 -0.286086 -0.078420 1.046410 
2182 -0.201245 -0.061187 1.422113 
1610 -0.925225 -0.114258 1.116497 
2577 -0.341295 -0.308095 1.083157 
1971 -0.452599 0.291379 1.293620 
2523 -0.297560 -0.179179 0.861433 
2550 -0.653641 -0.028806 1.094391 
1562 -1.000147 -0.132739 1.041255 
337 -0.409919 -0.300570 1.203087 
931 -0.394289 0.246511 1.283067 
2641 -0.274643 -0.147349 1.184232 
2198 -0.450349 -0.034692 1.164604 
138 -0.289977 -0.074245 1.333809 
167 -0.511842 -0.168595 1.219864 
1716 -0.661748 -0.197100 1.096842 
1808 -0.569384 0.168517 1.172291 
1818 -0.518946 -0.138191 1.215495 
2078 -0.304390 -0.146998 1.320525 
1202 -0.541625 0.018231 1.067063 
886 -0.463571 -0.079947 1.269256 
1289 -0.384893 0.065450 0.972140 
1417 -0.316066 -0.049680 1.179745 
1439 -0.534364 -0.160740 1.132931 
1846 -0.541250 -0.162026 1.206682 
2298 -0.316288 -0.250146 1.197949 
503 -0.733263 -0.311313 1.055895 
1926 -0.434784 0.003124 1.284022 
769 -0.424910 -0.326710 1.218794 
760 -0.510777 -0.368821 1.174914 
1912 -0.489129 -0.028627 1.082768 
1931 -0.637509 0.222095 1.198287 
1412 -0.385074 0.074031 1.126965 
1414 -0.380239 -0.095572 1.153145 
1677 -0.579656 -0.029348 1.029228 
1678 -0.235802 -0.245990 1.301132 
366 -0.434600 -0.346381 1.265198 
874 -0.326362 -0.074960 1.151629 
868 -0.426907 -0.073712 1.049405 
121 -0.723031 0.538936 1.219315 
1523 -0.349892 0.196421 1.238209 
2542 -0.270454 -0.131546 1.085110 
1982 -0.756308 -0.041668 1.138194 
2559 -0.296364 0.054835 1.056976 
638 -0.417091 -0.269532 1.199626 
636 -0.445155 -0.121624 1.072525 
2517 -0.586172 -0.112865 1.094602 
2555 -0.464857 -0.157932 0.981527 
1265 -1.153600 -0.018557 1.005528 
2270 -0.405444 -0.283844 1.224153 
2276 -0.226520 -0.061339 1.384073 
501 -0.659803 -0.189251 1.167388 
504 -0.448657 -0.115010 0.989668 
1591 -0.428659 -0.313600 1.273298 
377 -0.675746 -0.588797 1.196635 
724 -0.843180 -0.186077 1.103579 
1165 -1.027519 -0.104323 1.068969 
1654 -0.308294 -0.423513 1.296227 
668 -0.435242 -0.897057 1.260772 
1462 -0.391586 -0.153105 1.186668 
860 -0.193658 -0.177964 1.195059 
861 -0.375695 -0.160382 1.225179 
497 -0.539739 -0.225882 1.131481 
1841 -0.875877 0.225628 1.170651 
2494 -0.229967 0.091927 1.369006 
1381 -0.437395 -0.036183 1.272664 
997 -0.546315 -0.032197 1.215781 
1620 -0.460323 -0.071876 1.159993 
1138 -0.494279 0.005525 1.235472 
2406 -0.072565 0.078934 1.486773 
976 -0.313421 -0.651894 1.293675 
956 -0.497964 -0.207034 0.838301 
1797 -0.513906 -0.229377 1.160386 
1827 -0.453243 -0.233161 1.244163 
884 -0.331437 0.103430 1.258067 
341 -0.232631 -0.119645 1.321103 
2068 -0.755710 0.310118 1.190841 
2083 -0.649476 0.239490 1.175031 
1806 -0.372203 -0.164983 1.184261 
2086 -0.285778 0.064702 1.146843 
357 -0.521987 -0.267023 1.123523 
646 -0.416157 -0.399249 1.240092 
1251 -0.326293 0.075993 1.101346 
2536 -0.692667 -0.027873 1.055885 
2619 -0.303575 0.060641 1.282977 
1501 -0.622442 -0.092854 1.122308 
1498 -0.394506 -0.366437 1.131588 
2066 -0.472087 0.149927 1.266110 
22 -0.559535 0.029436 1.019828 
2051 -0.328917 0.017861 1.046958 
2145 -0.733082 0.129717 1.171922 
1781 -0.259376 -0.172672 1.073790 
518 -0.344565 -0.196120 1.245828 
936 -0.320880 0.155327 1.332201 
2057 -0.447613 0.229211 1.283067 
1839 -1.104046 0.404998 1.148239 
1935 -0.559164 -0.326777 1.180287 
899 -0.693951 -0.056654 1.131658 
1315 -0.514895 -0.033784 1.268251 
1290 -0.520245 -0.183096 1.128468 
1665 -0.420004 0.112378 1.260107 
1723 -0.457816 -0.188260 0.952039 
2225 -0.208645 -0.057498 1.354443 
1761 -0.697731 -0.423248 1.138062 
1614 -0.341718 0.015533 1.365932 
1606 -1.205277 -0.160537 1.034329 
1705 -0.429346 -0.182269 0.837124 
1706 -0.365100 -0.161708 1.141808 
2574 -0.307124 -0.138354 1.128968 
2575 -0.616466 -0.170070 1.084888 
2324 -0.467215 -0.079967 1.033183 
2323 -0.349137 -0.290441 1.123843 
1895 -0.375455 -0.258972 1.254446 
745 -0.220579 -0.000658 1.288508 
787 -0.358521 -0.047022 1.115874 
1327 -0.447246 -0.620039 1.274674 
2560 -0.296858 0.017279 1.175971 
2561 -0.364497 -0.216772 1.033239 
234 -0.724337 -0.278355 1.128492 
552 -0.508595 0.062226 1.061085 
2246 -0.386391 -0.015333 1.154281 
1241 -0.937018 -0.300259 1.089991 
625 -0.515868 -0.288432 0.991965 
570 -0.295895 0.050375 1.057305 
827 -0.497301 -0.227084 1.202129 
405 -0.384220 -0.099434 1.148489 
408 -0.344919 -0.380454 1.181516 
1800 -0.359715 -0.050253 1.157833 
1543 -0.661818 0.327557 1.321037 
2581 -0.273866 0.035276 1.240881 
528 -0.372706 -0.034221 1.142538 
2080 -0.656251 -0.177869 1.123041 
1261 -1.182053 -0.194463 0.979919 
67 -0.277057 0.070467 1.146690 
71 -0.338713 -0.221095 1.249692 
1727 -0.454684 -0.214151 1.092671 
1865 -0.425856 0.048379 1.184491 
1864 -0.475523 0.079317 1.152232 
2081 -0.531398 -0.294233 1.171664 
1313 -0.390865 -0.090283 1.157610 
1101 -0.563671 -0.244829 1.126026 
39 -0.185487 -0.080392 1.395331 
589 -0.342933 -0.005649 1.135813 
550 -0.690107 -0.019410 1.018517 
606 -0.223744 -0.120177 0.814296 
152 -0.495181 -0.235130 1.197488 
872 -0.243328 -0.225642 1.281613 
819 -0.713536 -0.318767 1.216049 
2610 -0.617930 -0.127864 1.010727 
261 -0.370247 0.061694 1.171895 
426 -0.301633 0.063552 1.254782 
429 -0.486473 -0.217378 1.126881 
1975 -0.634855 -0.146974 1.103866 
1921 -0.492554 -0.021957 1.180654 
691 -0.851038 -0.174776 1.119842 
1737 -0.575469 -0.089782 1.182298 
276 -0.234947 -0.027778 0.838214 
252 -0.435476 -0.121981 1.067509 
1857 -0.385874 -0.061052 1.210955 
1357 -0.511489 -0.130424 1.141113 
1260 -0.621130 -0.266270 1.095059 
1019 -0.691243 -0.109306 1.148164 
1599 0.029584 0.512130 1.603802 
379 -0.872980 -0.281333 1.133424 
372 -0.545373 0.135520 1.236417 
161 -0.438202 -0.045335 1.222578 
185 -0.569026 -0.158653 1.064268 
253 -0.215596 -0.125607 1.121771 
275 -0.371216 -0.025274 1.241029 
1155 -0.778527 -0.212166 1.080422 
1156 -0.819850 -0.024826 1.017364 
2163 -0.626024 0.227502 1.200665 
686 -0.546715 -0.344224 0.869927 
673 -0.271438 -0.515449 1.350356 
247 -0.421579 -0.048880 1.050348 
309 -0.272052 -0.052328 0.716942 
1520 -0.661275 0.070353 1.061371 
413 -0.600032 -0.286754 1.150788 
451 -0.252888 0.029911 1.043939 
1936 -0.470856 0.096723 1.315776 
229 -0.685375 -0.254407 1.194078 
231 -1.086720 0.418086 1.159424 
1264 -0.701489 -0.111351 1.180248 
1224 -1.389967 0.043424 0.961842 
1820 -0.102869 0.150977 1.423784 
1730 -0.367248 0.047245 1.109679 
1729 -0.496391 0.059613 0.892003 
797 -0.551823 -0.097594 1.154561 
2278 -0.384523 0.108244 1.313278 
2260 -0.046195 -0.473678 1.433446 
1881 -0.665582 0.170692 1.223117 
710 -0.672643 0.004347 1.028764 
1632 -0.256246 -0.325536 1.298679 
427 -0.489274 -0.232103 1.133198 
440 -0.468695 0.026972 1.119460 
63 -0.000610 0.039360 1.454612 
2054 -0.507810 -0.102232 1.066076 
2096 -0.683012 0.072379 1.056545 
978 -0.561752 -0.062708 1.002340 
1974 -0.746592 0.134736 1.176517 
1778 -0.366879 0.031214 1.047662 
2200 -0.412476 -0.053839 1.177791 
701 -0.379517 -0.072145 1.047760 
2071 -0.383815 -0.130835 1.229396 
2578 -0.473248 -0.085194 1.174982 
1773 -1.132373 0.081354 1.018669 
1771 -0.912994 0.123148 1.109012 
227 -0.719176 -0.452455 1.168241 
322 -0.482497 -0.252420 1.149284 
336 -0.363656 0.081052 1.157238 
1725 -0.550395 0.037004 1.008833 
2634 -0.278075 -0.245446 1.151733 
2558 -0.353071 -0.147470 0.973890 
881 -0.309249 0.444632 1.450031 
1812 -0.455078 -0.181236 1.272530 
1897 -0.325922 0.153822 1.344465 
2130 -0.468882 0.036733 1.257689 
1282 -0.366384 -0.022298 1.155527 
1283 -0.245746 -0.149478 0.986564 
627 -0.602708 -0.344747 1.005842 
1673 -0.477840 0.184519 1.200436 
1670 -0.488961 -0.192046 1.042820 
517 -0.475814 -0.313593 1.236040 
1891 -0.902908 -0.288542 1.060283 
2119 -0.274007 0.229654 1.367377 
1433 -0.373904 -0.175849 1.109584 
2034 -0.690513 0.060027 1.064725 
839 -0.550017 -0.231944 1.230646 
360 -0.228572 -0.221500 1.349131 
40 -0.161827 0.038814 1.379072 
78 -0.641200 -0.438527 1.097689 
2427 -0.281676 -0.125149 1.359298 
1532 -0.536232 -0.060341 1.086365 
2017 -0.322803 -0.261534 1.127198 
1535 -0.506665 -0.397210 1.189189 
1624 -0.509527 0.896857 1.441229 
1633 0.118758 -0.403102 1.524449 
830 -0.404343 -0.314310 1.270012 
740 -0.636468 -0.011067 1.129091 
2384 -0.590838 -0.120121 1.089208 
583 -0.471033 -0.285684 1.261984 
1688 -0.528315 0.108476 1.027540 
1122 -1.119268 -0.513008 0.938044 
1874 -0.424479 -0.250277 1.164809 
2072 -0.293622 -0.106945 1.113939 
37 -0.266627 0.145594 1.366788 
2337 -0.393273 -0.106502 1.074159 
732 -0.673379 -0.433227 1.206302 
84 -0.450755 -0.310297 1.177771 
2110 -0.482568 0.157873 1.255874 
1488 -0.527954 -0.251545 1.185535 
1487 -0.446561 -0.476342 1.069809 
1529 -0.481406 -0.002644 1.277293 
1509 -0.634398 -0.369391 1.053668 
1513 -0.277997 -0.088928 1.007958 
2543 -0.514412 0.013032 0.978970 
1586 -0.237029 -0.227042 1.078853 
163 -0.380395 -0.149339 1.285480 
1443 -0.496562 0.099378 1.051652 
2500 -0.491494 -0.275925 1.059147 
1749 -0.732202 -0.042734 1.120137 
2312 -0.457413 -0.514905 1.170166 
2315 -0.699511 -0.522276 1.019699 
640 -0.428694 -0.301628 1.228419 
906 -0.285475 -0.081379 1.001928 
2541 -0.503171 -0.247801 1.017185 
2600 -0.273120 -0.059843 1.028982 
1546 -0.326922 -0.108973 1.187994 
848 -0.196129 -0.118845 0.710393 
1999 -0.503536 -0.256219 0.960472 
2001 -0.425177 -0.270266 0.957065 
2111 -0.155962 -0.095909 1.382833 
2647 -0.500891 -0.094386 1.128553 
2230 -0.481620 -0.130698 1.276041 
940 -0.469708 0.012102 1.227681 
2262 -0.195114 -0.258316 1.365760 
1126 -0.590794 -0.263239 1.110942 
1089 -0.346534 -0.155394 1.198846 
2150 -0.605924 -0.134336 1.143977 
2153 -0.379025 -0.088886 0.992789 
2210 -0.384880 -0.157069 1.122737 
829 -0.583704 -0.031437 1.167598 
111 -0.457510 0.093532 1.115186 
1378 -0.625711 -0.024626 1.087893 
581 -0.367983 -0.247990 1.281919 
664 -0.312034 -0.702077 1.292644 
1815 -0.441872 -0.212648 1.101769 
1833 -0.183408 0.071691 0.771966 
2257 -0.801129 -0.902525 1.052289 
717 -0.385668 0.043663 1.307010 
72 -0.464100 -0.381424 1.246593 
1489 -0.534620 -0.044546 1.140895 
1847 -0.273993 -0.216866 1.315093 
1557 -0.446442 -0.009506 1.173646 
1188 -0.520981 0.325982 1.204906 
1475 -0.522873 -0.073783 1.255923 
1760 -0.526711 -0.077068 1.168330 
2281 -0.433873 0.011930 1.269456 
678 -0.656625 -1.246093 1.174149 
1819 -0.641702 -0.249922 1.125628 
1421 -0.818586 0.266019 1.124389 
1371 -0.339724 -0.023884 1.193701 
2497 -0.611699 -0.275065 1.020030 
955 -0.466191 0.107993 1.066494 
1273 -0.140858 -0.131101 1.367943 
1275 -0.378175 -0.523075 1.268523 
1034 -0.590425 -0.282750 1.194323 
1592 -0.434982 -0.020707 1.309703 
109 -0.648444 -0.135179 1.012148 
2189 -0.321995 -0.174327 1.189772 
2186 -0.498297 0.030058 0.900598 
2165 -0.874218 0.433469 1.124598 
1902 -0.338405 -0.083410 1.142453 
846 -0.179574 -0.362912 1.369007 
1924 -0.713819 -0.162901 0.963548 
1979 -0.821952 -0.128197 1.102118 
2155 -0.571197 0.106926 1.221555 
2557 -0.478370 0.086596 1.134379 
909 -0.254703 0.072267 0.939654 
1030 -0.586790 -0.209405 1.222309 
290 -0.407076 -0.117850 1.302527 
630 -0.410380 -0.096440 1.178672 
629 -0.390594 -0.153245 0.898896 
2459 -0.490029 -0.067315 0.672307 
1221 -0.375696 -0.011034 0.985165 
486 -0.274932 -0.380370 1.258940 
1118 -0.543131 -0.033654 1.193312 
1574 -0.737134 -0.187917 1.106600 
2630 -0.712375 -0.143961 1.078286 
1383 -0.182471 0.196199 1.484832 
920 -0.213232 -0.193265 1.297388 
1392 -0.160220 -0.165106 1.380462 
648 -0.323230 -0.265973 1.226582 
621 -0.461586 0.002728 1.187940 
852 -0.285885 -0.184233 0.942624 
875 -0.332739 -0.192774 0.994665 
1816 -0.592697 -0.116590 1.042555 
784 -0.523890 -0.177888 0.938207 
763 -0.606840 -0.166208 1.095322 
2178 -0.482959 -0.458676 1.181482 
1302 -0.471291 -0.238716 1.073745 
2318 -0.390999 -0.995437 1.268869 
1314 -0.561094 -0.028644 1.218366 
1063 -0.361739 -0.182362 1.195649 
2488 -0.509698 -0.220719 1.079655 
2109 -0.100542 -0.135983 1.396302 
1573 -0.473107 -0.403289 1.209524 
1340 -0.801082 -0.566308 1.126436 
2022 -0.357998 0.008163 1.118246 
289 -0.412259 0.134482 1.285604 
2317 -0.367178 -0.772221 1.265094 
193 -0.361912 -0.151529 1.253551 
982 -0.547534 -0.005811 1.112775 
988 -0.668562 -0.072190 1.098191 
1033 -0.288307 -0.156447 1.113971 
130 -0.632328 0.003448 1.143098 
1403 -0.323523 -0.102975 1.331630 
2122 -0.382569 -0.254939 1.210167 
1248 -0.659374 0.320908 1.170130 
2151 -0.801537 0.250198 1.174338 
1796 -0.389678 -0.125482 1.008448 
1158 -0.522539 0.063392 1.041148 
1182 -0.510966 -0.178651 1.098198 
201 -0.456181 -0.141860 1.108269 
1324 -0.735660 -0.532786 1.157465 
2256 -0.350595 -0.089415 1.289817 
2286 -0.604646 0.103713 1.169320 
1686 -0.513893 0.021371 1.208103 
654 -0.543462 -0.116411 1.081854 
652 -0.202931 0.105294 0.420117 
2137 -0.352267 -0.236713 1.034026 
534 -0.203029 -0.286587 1.108403 
1463 -0.229251 0.002363 1.083711 
206 -0.277028 -0.300644 0.858641 
204 -0.457421 -0.190191 1.192989 
1059 -0.231796 -0.011377 0.999932 
682 -0.332970 -0.150420 1.298593 
1388 -0.420616 -0.383084 1.280547 
43 -0.206892 -0.127585 1.300146 
2082 -0.384273 0.053099 1.200896 
77 -0.142237 -0.085040 1.401820 
367 -0.255011 -0.667003 1.364609 
2208 -0.516200 -0.071209 0.877275 
2207 -0.468907 -0.307284 1.001286 
674 -0.201560 -0.722353 1.379526 
1817 -0.401753 0.019697 1.273804 
1601 -0.581810 0.258040 1.306556 
2463 -0.305671 -0.262609 1.325308 
1823 -0.523545 -0.156231 1.217425 
220 -0.207792 -0.398308 1.316213 
910 -0.326120 0.024402 1.197358 
1316 -0.550567 0.004436 1.078268 
1025 -0.652883 -0.337518 1.086007 
2392 -0.344141 0.110926 1.243091 
1748 -0.929459 -0.330545 1.055893 
1656 -0.511919 -0.390227 1.192457 
114 -0.419039 -0.251649 1.037378 
176 -0.591537 -0.128308 1.088657 
1365 -0.483439 0.043231 1.010320 
1375 -0.620380 -0.139139 0.969551 
786 -0.271784 0.106986 1.275536 
1636 -0.581774 -0.944516 1.216136 
2328 -0.319266 -0.206760 0.944515 
1056 -0.413098 -0.246122 1.152932 
771 -0.267334 -0.405182 1.334560 
346 -0.429135 -0.227716 0.982679 
6 -0.386239 -0.098754 0.966897 
1166 -0.579163 0.159725 1.195753 
1238 -0.456541 0.039495 1.260754 
658 -0.665254 -0.461308 1.144598 
2440 -0.344426 0.070227 1.208258 
1925 -0.356659 -0.039647 1.329231 
1560 -0.652119 -0.106066 1.214443 
1565 -0.592889 -0.114999 0.956389 
1108 -0.773282 -0.352562 1.052871 
1377 -0.541572 -0.060549 0.922058 
2435 -0.288430 -0.103694 1.033819 
1484 -0.798277 -0.994638 1.100830 
602 -0.513389 0.046351 1.227260 
1889 -0.582456 -0.040002 1.090937 
670 -0.286744 -0.481278 1.347565 
1129 -0.909825 0.257536 1.173146 
1998 -0.454006 -0.053997 0.939652 
2021 -0.246288 -0.033298 0.874717 
2371 -0.418560 -0.015807 1.276680 
1306 -0.189971 -0.076537 1.330591 
1733 0.131394 -0.436093 1.476911 
866 -0.357455 -0.003269 1.247626 
1718 -0.419825 -0.377291 1.028387 
1596 -0.742138 -0.619218 1.143176 
51 -0.319362 -0.167276 1.109309 
1913 -0.645423 -0.190014 1.045910 
1964 -0.400583 -0.134342 1.294969 
672 -0.367602 -0.556622 1.300564 
1116 -0.766108 -0.341212 1.123760 
61 -0.523824 -0.236150 1.120771 
87 -0.565221 0.042385 1.098777 
777 -0.527088 -0.297998 1.122465 
2255 -0.383617 -0.160898 1.178175 
1355 -0.389480 -0.577215 1.292945 
2007 -0.207864 -0.147379 1.235722 
223 -1.320857 -0.085106 1.022365 
2496 -0.395842 -0.041066 1.018295 
524 -0.565658 -0.295465 1.120191 
522 -0.598236 -0.223692 1.131506 
1346 -0.537301 -0.667341 1.244536 
945 -0.515774 -0.265417 1.173287 
1627 -0.342794 0.437636 1.367934 
1754 -0.611903 -0.333693 1.104625 
1103 -0.160420 -0.414180 1.395926 
228 -0.661970 0.118931 1.272696 
1840 -0.609349 -0.371651 1.163319 
927 -0.275536 -0.148583 1.060066 
430 -0.531952 -0.149717 1.188946 
226 -0.869826 0.153371 1.196696 
216 -0.396603 -0.051714 1.292177 
1526 -0.578384 -0.638218 1.175103 
74 0.170981 -0.350054 1.539613 
352 -0.456421 -0.167830 1.266266 
2452 -0.358018 0.040050 1.297276 
2176 -0.439733 -0.135685 1.173490 
410 -0.298873 -0.284917 1.266852 
1582 -0.147149 -0.267516 1.318649 
2493 -0.449912 0.235398 1.314109 
579 -0.441095 -0.132448 1.054058 
642 -0.556008 -0.285406 1.075481 
1625 -0.161471 0.735297 1.554605 
1385 -0.636793 -0.165552 1.250959 
19 -0.492859 -0.034873 0.925482 
1583 -0.627430 -0.239526 1.058507 
1124 -0.790490 -0.439789 1.070265 
384 -0.492938 -0.052262 1.064437 
560 -0.355872 -0.190819 1.021167 
555 -0.251048 -0.106988 1.157873 
577 -0.412581 -0.026791 1.035857 
1960 -0.685711 -0.138947 1.156496 
1728 -0.356700 0.044840 0.866117 
770 -0.671467 0.029633 1.196763 
2646 -0.335063 0.074546 1.169707 
1813 -0.512534 -0.064510 1.197107 
2379 -0.617451 -0.018932 1.123760 
411 -0.468867 -0.143421 1.120832 
1318 -0.452145 -0.244037 1.255943 
1031 -0.250442 -0.191979 0.586537 
1879 -0.354503 -0.382288 1.321284 
961 -0.193559 -0.463710 1.394129 
1477 -0.340464 -0.374580 1.314909 
1597 -0.700396 0.263761 1.262672 
2615 -0.491380 0.007505 1.091219 
1215 -0.907850 -0.090677 1.084476 
2461 -0.243708 -0.166362 1.379205 
2311 -0.309111 -0.215974 1.248641 
1370 -0.275889 -0.071076 1.277140 
1237 -0.730938 0.271933 1.125460 
1239 -0.618131 0.021251 1.197454 
1164 -0.922359 0.060832 1.070352 
2322 -0.521056 -0.025617 1.154247 
1467 0.270628 0.364194 1.707854 
1514 -0.443549 -0.275085 0.956129 
398 -0.310140 -0.076366 1.218348 
2062 -0.170234 0.066682 1.001519 
949 -0.570919 0.276333 1.256253 
1413 -0.645580 0.066773 1.128637 
914 -0.313201 -0.190821 1.197938 
1393 -0.367989 -0.091168 1.277322 
1752 -0.560827 0.080108 1.072708 
2404 -0.294063 0.210073 1.387346 
2373 -0.280345 -0.197429 1.220123 
1976 -0.433639 -0.224224 1.083733 
1201 -0.845232 0.086874 1.093057 
1189 -0.811306 0.030323 1.075286 
1098 -0.666172 0.045988 1.189077 
962 0.150896 -0.768104 1.515372 
1395 -0.416787 -0.136373 1.222548 
802 -0.110148 -0.070106 1.378707 
256 -0.558261 -0.339238 1.122189 
535 -0.292499 -0.277752 1.190154 
1496 -0.401469 -0.182112 1.219246 
303 -0.537752 -0.275722 1.154457 
305 -0.413171 -0.092544 1.182685 
855 -0.532251 -0.071120 1.190467 
996 -0.548612 -0.227642 1.200935 
1226 -0.643002 0.106888 1.239548 
2562 -0.578815 -0.070916 1.065842 
2240 -0.470458 -0.129569 1.029418 
1694 -0.310921 -0.056587 1.255066 
1690 -0.432820 -0.167943 1.213155 
921 -0.312442 -0.122609 1.270721 
1830 -0.267460 -0.493873 1.315894 
815 -0.595565 -0.642925 1.270942 
344 -0.661841 0.061468 1.167833 
2616 -0.548513 0.017586 0.990590 
2609 -0.357065 -0.086859 1.061128 
826 -0.349880 0.273033 1.416431 
828 -0.668308 0.094208 1.135296 
801 -0.687796 -0.031906 0.999429 
752 -0.544399 -0.122322 0.870743 
248 -0.537931 0.191616 1.148131 
1335 -0.702722 -0.253711 1.057512 
292 -0.263381 -0.236127 1.266507 
363 -0.245688 -0.102107 1.350928 
1647 -0.575596 -0.328728 1.151319 
1991 -0.561651 -0.000370 1.076354 
406 -0.504386 -0.017592 1.180333 
1810 -0.488171 -0.234722 1.017929 
1872 -0.581728 -0.370840 1.100862 
804 -0.235528 -0.446473 1.329566 
1049 -0.672355 -0.496475 1.122635 
1086 -0.543951 -0.410840 1.223463 
1530 -0.474606 0.059758 1.260615 
1508 -0.330564 -0.439016 1.153554 
1114 -0.401393 -0.080108 1.087410 
2341 -0.377831 -0.278433 1.230159 
2360 -0.515798 0.064873 1.066496 
2133 -0.628583 0.031416 1.086534 
2118 -0.804023 0.124826 1.125563 
2023 -0.498961 -0.234803 1.156944 
939 -0.710998 0.209159 1.185880 
637 -0.479085 -0.252143 1.138813 
614 -0.403021 0.157748 1.142302 
2156 -0.450599 0.268395 1.281598 
1499 -0.664383 -0.245240 1.078670 
463 -0.805811 -0.182637 1.116278 
1887 -0.771042 -0.214089 1.098151 
634 -0.364919 -0.188732 1.239947 
1232 -0.545623 -0.022824 1.186266 
1293 -0.337391 -0.200544 1.081736 
1533 -0.414471 -0.177021 1.122367 
2474 -0.645629 -0.621513 1.114643 
1120 -0.574603 -0.270362 1.174457 
1641 -0.562979 -1.480609 1.245397 
564 -0.262552 -0.200485 1.156546 
68 -0.383886 -0.158231 1.085641 
1558 -0.320503 -0.279958 1.289697 
806 -0.403685 -0.522815 1.270068 
1794 -0.424123 -0.103190 1.225903 
1407 -0.456769 -0.071114 1.196974 
666 -0.838607 -1.018394 1.101033 
2473 -0.549791 -0.237902 1.167043 
60 -0.410514 -0.086846 1.258424 
378 0.008975 0.689891 1.643163 
437 -0.331352 -0.131567 1.124997 
1746 -0.974968 -0.599382 0.982405 
700 -0.517297 -0.248266 0.962646 
1704 -0.444136 -0.140270 0.999088 
1695 -0.351256 -0.195838 1.189803 
2354 -0.392128 -0.262942 1.179540 
225 -1.346207 -0.399502 0.991880 
2002 -0.411842 -0.180920 1.068365 
1552 -0.362108 -0.075113 1.080725 
2307 -0.470916 -0.378740 1.142664 
2491 -0.384936 -0.278661 1.143417 
1072 -0.481543 -0.249878 1.230287 
1347 -0.399515 -0.163388 1.321476 
2106 -0.260955 -0.049202 1.391467 
1940 -0.557630 0.002816 1.049652 
195 -0.442573 -0.157948 1.111338 
477 -0.431357 -0.113230 1.240662 
1885 -0.574184 -0.109823 1.003856 
1890 -0.866104 -0.297485 1.078140 
1479 -0.770381 -0.548686 1.125870 
255 -0.369346 -0.307354 1.068877 
1146 -0.613454 -0.320818 1.131700 
2339 -0.321980 -0.425224 1.190914 
2336 -0.500990 -0.096166 1.146270 
1493 -0.645325 -0.631009 1.142573 
776 -0.594113 -0.105327 1.074022 
186 -0.524363 -0.308644 1.166941 
969 -0.233144 -0.212324 1.373106 
1492 -0.704309 -0.404169 1.112217 
1491 -0.304582 -0.322011 1.225231 
460 -0.470897 -0.300702 1.073596 
400 -0.653235 -0.059082 1.033337 
959 -0.490002 -0.131372 1.098957 
958 -0.371221 -0.321207 1.056811 
491 -0.240179 -0.338609 1.089315 
735 -0.590687 -0.042374 1.116607 
2539 -0.538102 -0.031993 1.120518 
2533 -0.326342 -0.071303 0.438839 
1604 -0.967497 0.057237 1.141656 
659 -0.750716 -0.633326 1.133249 
472 -0.522770 -0.046781 1.107108 
1111 -0.549153 -0.192800 1.191062 
1099 -0.506343 0.007796 1.115563 
2009 -0.364503 -0.238673 1.104759 
2229 -0.528173 -0.121729 1.250459 
611 -0.374586 0.072000 1.009036 
90 -0.489737 0.186782 1.292284 
203 -0.672447 -0.088921 1.148016 
2048 -0.298238 -0.006365 0.993319 
2366 -0.575674 -0.143131 1.188000 
1878 -0.540170 -0.233921 1.268059 
2261 -0.206375 -0.761500 1.367016 
2343 -0.476625 -0.316073 1.169933 
2415 -0.378156 -0.131188 0.856350 
2417 -0.501179 0.009355 0.663732 
2125 -0.408200 -0.147602 1.272361 
2097 -0.722991 0.231832 1.127418 
2403 -0.485220 -0.094393 1.197061 
2418 -0.205329 -0.012462 1.015118 
1113 -0.665714 0.002733 1.137331 
2537 -0.678537 -0.367765 1.040636 
718 -0.289391 0.015970 1.279426 
147 -0.536936 -0.288831 0.861990 
1013 -0.540532 0.028343 0.791394 
1682 -0.222073 0.111141 1.288843 
1835 -0.519414 0.055758 1.283512 
2267 -0.289100 -0.146278 1.337296 
1888 -0.845189 -0.067062 1.026536 
1962 -0.752467 -0.469224 1.118873 
1148 -0.682047 -0.035305 1.183088 
1473 -0.464634 -0.195003 1.149771 
1569 -0.694720 -0.273017 1.126116 
2540 -0.440462 -0.096103 1.105401 
1790 -0.441458 -0.052185 1.079024 
1825 -0.345035 0.046018 1.299493 
1809 -0.333791 -0.009033 1.070166 
2269 -0.467066 0.096435 1.254099 
2309 -0.334327 -0.183339 1.066185 
174 -0.196811 -0.411330 1.289220 
159 -0.433175 -0.167963 1.211897 
1065 -0.382547 -0.195261 1.142424 
1161 -0.638726 -0.159167 1.016828 
2470 -0.272279 -0.001196 1.143234 
2237 -0.619908 0.124214 1.073488 
2438 -0.410170 0.066560 1.227576 
1133 -0.584211 -0.606458 1.209545 
1036 -0.372436 -0.323594 1.197381 
509 -0.359018 -0.528012 1.282081 
683 -0.225818 -0.081751 0.873723 
2361 -0.439831 0.276948 1.246465 
2588 -0.400087 -0.232154 1.010085 
291 -0.421740 -0.088847 1.291070 
259 -0.529195 -0.002822 1.139463 
358 -0.619865 -0.302787 1.178037 
458 -0.339182 -0.221464 1.098017 
870 -0.311476 0.025485 1.257015 
232 -0.615871 -0.143204 1.255640 
1556 -0.365161 -0.096190 1.129377 
1076 -0.470712 -0.092866 1.141700 
1568 -0.523373 -0.312097 1.130640 
1861 -0.272315 -0.173333 1.054827 
1466 -0.083521 0.004626 1.409791 
2236 -0.272128 0.073888 0.900582 
1372 -0.526014 -0.130119 1.069983 
1892 -0.759029 -0.084494 1.027490 
2346 -0.153040 -0.199192 0.935273 
1616 -0.511175 -0.074388 1.297621 
1227 -0.437541 -0.019575 1.291519 
1218 -0.746285 0.150118 1.133264 
1553 -0.412301 -0.075750 0.922861 
1837 -0.774276 0.276159 1.183245 
595 -0.458149 0.052861 1.226025 
356 -0.664533 -0.279315 1.128464 
2263 -0.326892 -0.200733 1.344310 
836 -0.424773 -0.632220 1.288186 
2579 -0.243462 -0.299151 1.268498 
1150 -0.366585 0.263451 1.394692 
1988 -0.439901 -0.102730 0.779068 
610 -0.233105 -0.040430 0.999773 
656 -0.113789 -0.185028 1.371381 
2454 -0.317348 -0.023663 1.230272 
2466 -0.457257 -0.701074 1.278075 
160 -0.322601 -0.157161 1.031170 
105 -0.571773 0.135330 1.094485 
1391 -0.065409 -0.231715 1.435402 
2108 -0.327696 -0.240344 1.340111 
1750 -0.435483 -0.211967 0.980322 
2206 -0.279128 -0.241278 0.883588 
1629 -0.390591 -0.245490 1.158993 
1055 -0.303529 -0.114461 1.261702 
10 -0.384867 -0.026733 1.134729 
2168 -0.478478 0.330138 1.285115 
799 -0.592577 -0.017206 1.110177 
798 -0.546636 -0.135978 1.140463 
489 -0.483778 -0.158953 1.105499 
17 -0.398043 -0.034494 0.880884 
82 -0.289520 -0.182082 1.172405 
2569 -0.356552 -0.181939 1.070308 
1768 -0.686609 -0.261547 1.090513 
2628 -0.465264 -0.203028 0.939858 
302 -0.313526 -0.184323 1.292377 
107 -0.822811 -0.057425 1.067795 
1092 -0.446671 -0.126415 1.006151 
2608 -0.545176 -0.171124 1.143402 
1078 -0.503294 0.026695 1.092022 
1077 -0.400043 0.012389 1.258388 
645 -0.804489 -0.372304 1.062173 
2602 -0.153856 -0.076182 0.357848 
1258 -0.683531 -0.087933 1.091172 
1205 -0.467778 -0.216516 0.908254 
2465 -0.253661 -0.539407 1.376909 
2314 -0.571900 -0.722437 1.136303 
2296 -0.405061 0.066575 1.099180 
897 -0.759255 -0.174998 1.125208 
1222 -0.512788 -0.028115 1.094650 
1698 -0.390568 -0.361209 1.156144 
1423 -0.504092 0.057463 1.140588 
1176 -0.429077 -0.160701 1.184043 
265 -0.239083 -0.070691 1.003736 
2585 -0.472775 -0.165287 1.154813 
2425 0.092602 -0.900465 1.541509 
2448 -0.383188 0.355233 1.305484 
1789 -0.667454 0.031618 1.153303 
1449 -0.623135 -0.134042 1.096431 
2478 -0.314617 -0.097456 1.235543 
1110 -0.521904 -0.214970 0.951441 
286 -0.311548 -0.207810 0.903994 
453 -0.393873 0.024958 1.061537 
1307 -0.483097 -0.073302 1.034208 
677 -0.482370 -0.552445 1.265938 
335 -0.556411 0.053568 1.061750 
1230 -0.392560 -0.100926 1.036963 
1336 -0.226023 -0.179419 1.266201 
1297 -0.329409 -0.111319 1.057770 
1247 -0.544769 0.061283 1.196835 
215 -0.759372 -0.068594 1.194248 
2462 -0.184612 -0.250585 1.378964 
864 -0.633402 -0.282529 0.913515 
212 -0.676819 -0.370728 1.033457 
149 -0.442566 -0.193387 0.855656 
2566 -0.282263 0.057998 1.112659 
146 -0.636798 0.016537 1.033802 
1319 -0.450196 0.216762 1.213867 
409 -0.264028 -0.114800 1.167880 
1075 -0.648996 -0.070229 1.020218 
1080 -0.469512 -0.201254 1.211267 
544 -0.554103 0.024653 0.924557 
50 -0.324786 0.027607 1.144929 
1350 -0.513658 -0.448510 1.239478 
1309 -0.500310 0.063447 0.882151 
2254 -0.517450 -0.334489 1.139848 
1379 -0.441856 -0.057957 1.309308 
389 -0.568810 -0.276156 1.088978 
1919 -0.340287 0.066059 1.199150 
2014 -0.281110 -0.229897 0.816908 
2013 -0.337232 -0.302376 0.975764 
446 -0.721998 0.100527 1.069978 
1193 -0.669838 0.052535 1.105930 
530 -0.478757 -0.031296 1.096282 
2340 -0.367381 -0.363322 1.104633 
2326 -0.482014 -0.141723 1.199771 
1494 -0.560781 -0.262552 1.160819 
963 -0.298415 -0.620640 1.289215 
422 -0.499342 -0.272337 0.896792 
2199 -0.530103 0.000622 1.139653 
2548 -0.416538 -0.191575 1.131138 
1296 -0.383772 -0.145221 1.123244 
1012 -0.639396 -0.451478 1.151533 
293 -0.521798 -0.309415 0.903334 
574 -0.390016 -0.186281 1.218102 
1850 -0.294422 0.152534 1.283720 
155 -0.316243 0.266868 1.398607 
208 -0.772210 -0.163307 1.040207 
179 -0.414089 -0.339042 1.099752 
1233 -0.786263 0.243086 1.156833 
904 -0.501763 0.057840 1.230458 
1515 -0.482510 -0.101051 1.101814 
1807 -0.580470 -0.051533 1.118010 
2388 -0.603357 0.062624 1.047283 
1139 -0.632583 -0.108127 1.173508 
1140 -0.631034 0.065339 1.173117 
117 -0.213718 -0.238283 1.156963 
118 -0.319669 -0.050349 1.074224 
641 -0.455301 -0.043139 1.200354 
1483 -0.594178 -1.195078 1.183190 
2095 -0.260703 -0.160862 1.153746 
1213 -0.330649 -0.042905 0.980777 
1255 -0.594347 -0.080945 1.065171 
2073 -0.313995 0.098413 1.302634 
719 -0.519506 0.007208 1.195878 
45 -0.474813 -0.165643 0.944238 
2451 -0.457021 0.039646 1.155380 
1198 -0.598609 -0.286040 1.080620 
2079 -0.367726 -0.232830 1.156604 
900 -0.672839 0.071318 1.181403 
1380 -0.503177 -0.313416 1.244724 
1097 -0.466665 0.018980 1.058889 
1162 -0.803589 -0.191296 1.024191 
1563 -0.715007 -0.284005 1.076480 
1067 -0.454277 -0.192030 1.032608 
1612 -0.803645 -0.333629 1.066366 
2316 -0.287412 -0.784155 1.284573 
2064 -0.610118 0.268132 1.215406 
1149 -0.383915 -0.171994 1.279649 
578 -0.235179 -0.172219 1.165142 
1090 -0.270480 -0.285467 1.278095 
1554 -0.564047 -0.137103 1.054141 
1368 -0.509157 -0.233868 1.059789 
1856 -0.366039 -0.161582 1.244463 
2006 -0.295842 -0.051704 0.929574 
2152 -0.871746 0.001508 1.092113 
1249 -0.569452 0.429046 1.272930 
1676 -0.461263 -0.073506 1.102157 
1828 -0.227726 -0.372211 1.313915 
1920 -0.463357 -0.169045 1.053129 
2359 -0.561338 0.006907 1.054657 
125 -0.192937 0.057655 1.148855 
533 -0.137872 -0.130799 1.300330 
1585 -0.510584 -0.046548 1.208619 
1873 -0.298923 -0.367610 1.154718 
714 -0.342966 -0.096127 0.872542 
2115 -0.340465 -0.355344 1.200812 
18 -0.338662 -0.216786 1.078571 
296 -0.436977 -0.334154 1.094515 
370 -0.843439 -0.344561 1.102849 
1938 -0.392579 -0.147072 1.265899 
2205 -0.611532 -0.042248 1.083050 
1064 -0.408534 0.026301 1.086231 
1015 -0.427079 -0.145842 1.190031 
661 -0.176743 -0.125768 0.618463 
1826 -0.638504 -0.052852 1.200009 
473 -0.480783 -0.035103 1.084466 
2386 -0.280226 -0.347738 1.193313 
2573 -0.561111 -0.139165 1.178295 
235 -0.714220 -0.043035 1.153414 
1967 0.078719 0.147387 1.589892 
2258 -0.078837 -0.279277 1.354698 
726 -0.944805 0.114463 1.148383 
1243 -0.670713 -0.201625 1.115993 
1561 -0.922949 -0.084916 1.099238 
1434 -0.543773 0.057570 1.145039 
2527 -0.224732 -0.202144 1.255831 
448 -0.485740 -0.005118 1.250210 
1429 -0.521325 0.033131 1.136289 
2220 -0.433592 -0.173275 0.858725 
551 -0.538103 -0.255794 1.160440 
1366 -0.586191 -0.293555 1.113216 
1369 -0.515327 -0.279617 1.073762 
1726 -0.609390 -0.038485 0.980437 
971 -0.263319 -0.045132 1.296049 
966 -0.311145 -0.292544 1.316855 
2218 -0.432146 -0.112126 1.133355 
2142 -0.738852 -0.042202 1.106956 
2358 -0.502042 0.016551 0.983372 
1575 -0.565762 -0.239958 1.092439 
2216 -0.334709 -0.036675 1.047981 
553 -0.366526 -0.259144 1.002698 
1721 -0.567149 -0.268476 0.989655 
1717 -0.325362 -0.211766 1.266110 
1454 -0.631327 0.160926 1.154909 
1435 -0.402493 0.075674 1.205164 
2385 -0.364995 -0.377399 1.150160 
2308 -0.307804 -0.087822 1.230931 
538 -0.248237 -0.285406 1.107664 
2012 -0.275228 -0.194652 1.054979 
1445 -0.439830 0.166957 1.186665 
323 -0.436655 -0.011857 1.178021 
2194 -0.260270 -0.079560 0.889796 
1587 -0.480749 0.125214 1.156188 
1061 -0.323240 -0.318561 1.117072 
348 -0.472773 0.073082 1.060344 
2094 -0.379876 -0.188966 1.162579 
1404 -0.514432 -0.093188 1.206653 
1326 -0.340463 -0.971997 1.293761 
1669 -0.489931 -0.006333 1.201306 
144 -0.336866 -0.144196 1.068567 
2635 -0.269111 -0.322054 1.086302 
663 -0.467504 -0.339818 1.222694 
1863 -0.510934 -0.215505 0.991795 
2620 -0.391686 -0.128475 1.039652 
2567 -0.369812 0.014690 0.944166 
2576 -0.330931 -0.266836 1.076948 
321 -0.442973 -0.085117 1.130551 
165 -0.638159 0.219239 1.180533 
1281 -0.567546 -0.123409 1.192802 
1613 -1.084538 -0.428659 1.067236 
532 -0.228003 -0.221179 1.253827 
816 -0.904445 -0.290675 1.119480 
1956 -0.474537 -0.144167 1.099290 
108 -0.512040 -0.093871 1.192824 
1160 -0.441953 -0.103200 1.014958 
1776 -0.355517 -0.091154 0.986320 
2049 -0.301392 -0.086532 1.034377 
285 -0.254348 -0.266594 1.220729 
1860 -0.550526 -0.260083 1.052091 
1537 -0.411632 -0.187795 1.168349 
1959 -0.794963 0.422198 1.177671 
1179 -0.871741 -0.226892 1.038294 
1917 -0.665742 0.064255 1.072879 
613 -0.192831 -0.241715 1.271408 
171 -0.522711 -0.228424 1.114520 
31 -0.399635 -0.184077 1.082842 
2217 -0.479147 -0.004323 1.039429 
795 -0.621375 0.055609 1.009731 
457 -0.374189 -0.163222 1.064716 
462 -0.533196 -0.101479 1.159223 
1361 -0.554762 -0.275720 1.152830 
2294 -0.281120 -0.126278 1.083383 
1352 -0.459653 -0.447746 1.187705 
1295 -0.259888 -0.181664 0.964270 
1292 -0.642709 -0.054253 1.081324 
2622 -0.312377 0.064267 1.258658 
2439 -0.317403 -0.187929 1.125087 
1570 -0.797154 -0.186882 1.122379 
1984 -0.555571 -0.289285 1.143014 
507 -0.612208 -0.263778 1.181190 
2132 -0.332981 0.320483 1.368033 
975 -0.163685 -0.388700 1.353902 
946 -0.466957 -0.442382 1.201688 
272 -0.194896 -0.252024 1.320011 
1652 -0.138765 -0.405480 1.360732 
284 -0.239937 -0.113349 1.071792 
782 -0.602767 -0.280043 1.083309 
2266 -0.426501 -0.392606 1.251899 
1692 -0.568806 0.086237 1.155045 
2177 -0.341270 -0.115567 1.187385 
2611 -0.301130 -0.012292 0.939969 
1199 -0.627367 0.241416 1.199341 
1997 -0.416453 -0.039405 0.865722 
1566 -0.509239 -0.087616 0.894271 
980 -0.449062 -0.185111 1.085587 
1121 -0.538331 -0.195476 1.066654 
1500 -0.361364 -0.126652 1.111979 
1440 -0.331170 -0.040889 1.105472 
1559 -0.505021 -0.028909 1.242285 
2055 -0.429964 0.252143 1.310511 
758 -0.533201 -0.083793 0.969484 
1877 -0.673520 -0.266302 1.127603 
2355 -0.370387 -0.171849 1.000952 
2058 -0.224321 -0.012755 1.275369 
1300 -0.595958 -0.175981 0.993834 
2414 -0.554337 -0.187259 1.033503 
857 -0.280652 -0.239811 1.154345 
3 -0.285666 -0.137019 0.823682 
271 -0.345282 -0.180558 1.286979 
1848 -0.371822 -0.285867 0.915586 
2498 -0.315261 -0.259086 1.068713 
1602 -0.443155 -0.148598 1.316236 
267 -0.618019 -0.273086 1.185196 
324 -0.528367 -0.241771 1.228409 
810 -0.069077 -0.504267 1.426399 
2623 -0.558499 -0.278010 1.095761 
197 -0.267219 0.081690 0.301376 
150 -0.509813 -0.107594 0.811166 
307 -0.167815 -0.332547 1.284755 
397 -0.669468 -0.170462 0.995301 
1438 -0.303126 0.148330 1.202072 
2639 -0.176576 0.181708 1.373355 
21 -0.295686 -0.170166 1.196202 
2077 -0.435120 -0.189656 1.065317 
310 -0.261177 -0.136119 1.327504 
2091 -0.188754 -0.191535 1.266806 
747 -0.450619 -0.130317 1.086918 
91 -0.543880 -0.187912 1.189108 
20 -0.573912 -0.123095 1.122005 
2563 -0.607335 0.049432 1.020020 
447 -0.479107 0.108442 1.268230 
279 -0.528935 -0.249881 1.018165 
953 -0.537728 -0.050513 1.041436 
196 -0.532117 0.003724 1.078237 
1801 -0.280466 -0.051020 1.216520 
635 -0.310503 0.055761 1.177164 
266 -0.337302 -0.252142 1.185869 
347 -0.320222 -0.141110 1.059583 
2190 -0.468821 -0.066908 0.985808 
218 -0.350344 -0.465813 1.306084 
1744 -0.626913 -0.571343 1.114590 
102 -0.394124 -0.072740 0.882799 
2432 -0.439665 0.083869 1.200284 
5 -0.369168 0.023425 1.196231 
1709 -0.340958 0.050458 1.144925 
1424 -0.249423 -0.119970 0.906924 
393 -0.197713 -0.023683 1.198865 
391 -0.376188 0.051627 0.976892 
506 -0.673215 -0.386863 1.092947 
858 -0.313566 0.075264 0.985079 
2528 -0.644750 0.173582 1.102253 
2181 -0.204049 -0.284002 1.250489 
217 -0.603996 -0.030209 1.209883 
470 -0.497986 -0.270919 1.236753 
2292 -0.487244 -0.222516 1.036034 
1772 -0.697476 0.246376 1.224776 
737 -0.365050 0.112151 1.037585 
1095 -0.604461 -0.159512 1.116358 
994 -0.624171 -0.477688 1.196039 
1521 -0.333836 -0.016410 1.039998 
2446 -0.376284 -0.042536 1.123327 
1431 -0.316392 -0.208828 0.995188 
1177 -0.739241 0.071418 1.123099 
1992 -0.296818 -0.085494 0.922014 
2347 -0.499947 -0.168458 0.889648 
937 -0.230710 0.107545 1.362317 
2471 -0.403064 -0.165517 1.024872 
2472 -0.408641 -0.066839 1.084886 
1577 -0.345122 -0.036305 1.137535 
2356 -0.375622 -0.077321 1.001164 
2607 -0.243555 -0.055136 1.236212 
926 -0.415761 -0.028621 0.791104 
166 -0.631618 0.115883 1.232742 
1145 -0.891569 -0.244100 1.064865 
878 -0.388553 0.136959 1.382106 
1416 -0.326960 0.124382 1.254830 
2170 -0.714349 -0.364801 1.060820 
537 -0.479582 0.069077 1.217729 
785 -0.494392 -0.154969 1.010353 
1130 -0.651717 0.004923 1.164791 
2605 -0.212138 0.064363 1.046855 
1287 -0.525910 -0.109552 0.912823 
1320 -0.843097 -0.043686 1.111458 
1311 -0.564935 0.051688 1.144247 
1478 -0.345980 -0.417174 1.311283 
96 -0.478332 0.031320 1.012467 
354 -0.409933 -0.613834 1.269616 
2423 -0.669468 -0.316904 1.207853 
1123 -0.520186 -0.124948 0.897328 
2056 -0.459502 -0.042407 1.200643 
1595 -0.695680 0.121574 1.191530 
2589 -0.286178 0.019134 1.122043 
2043 -0.398581 -0.065362 1.009855 
1950 -0.749432 -0.412757 1.037398 
2223 -0.546653 -0.165662 1.107116 
2227 -0.347037 -0.507070 1.273273 
620 -0.464103 -0.255990 1.169649 
1943 -0.404828 -0.154502 1.013302 
647 -0.553284 -0.420762 1.137035 
973 -0.341147 -0.311829 1.256557 
2277 -0.546879 0.060511 1.222643 
1918 -0.458522 -0.095467 1.174401 
1838 -0.775442 -0.297929 1.145788 
1626 -0.407755 0.950987 1.495233 
250 -0.446051 -0.238217 1.195790 
2209 -0.373637 -0.060021 1.032906 
263 -0.489317 -0.155513 1.160348 
649 -0.518309 -0.124064 1.157496 
180 -0.220607 0.221697 1.357806 
1405 -0.189342 -0.290934 1.336135 
1229 -0.670466 -0.336370 1.113740 
2529 -0.250214 0.141319 1.200515 
644 -0.348206 -0.143901 1.241703 
1024 -0.363669 -0.280768 1.247967 
1321 -0.570045 0.308049 1.223892 
1901 -0.392230 -0.260949 0.905616 
1446 -0.589117 0.085384 1.094584 
1054 -0.358764 -0.239333 0.858028 
1184 -0.422126 -0.063939 1.214550 
1091 -0.407850 -0.223134 1.027910 
2232 -0.298542 -0.197705 1.069889 
2633 -0.217606 -0.031020 1.301130 
431 -0.592230 0.109742 1.174406 
2327 -0.526762 -0.339847 0.969666 
233 -1.126900 0.291884 1.109730 
257 -0.200475 0.059464 1.358636 
651 -0.305618 -0.269965 0.960575 
862 -0.426008 -0.055178 1.205975 
888 -0.362128 -0.466855 1.290574 
1876 -0.527911 0.000364 1.230298 
2253 -0.482924 -0.193186 0.766476 
2338 -0.317762 -0.166913 1.167473 
520 -0.436551 0.047836 1.007731 
385 -0.199585 -0.052649 1.072553 
376 -0.419370 -0.217654 1.297359 
1933 -0.367103 -0.019797 1.133224 
2618 -0.528540 0.214435 1.204001 
1384 -0.436097 -0.171234 1.268239 
2285 -0.568064 0.061987 1.105581 
655 -0.307163 -0.525565 1.273593 
2174 -0.560843 0.000108 1.003296 
1333 -0.113896 -0.171265 1.412434 
1983 -0.530550 -0.468628 1.181488 
30 -0.509710 -0.138976 1.047271 
2039 -0.346146 0.045417 1.179265 
1593 -0.632337 0.033833 1.250226 
2380 -0.249969 0.016842 0.973434 
297 -0.370666 -0.254223 1.064035 
2640 -0.424663 -0.072529 1.142012 
2275 -0.605423 0.098191 1.178757 
2249 -0.500506 -0.281369 1.031912 
2300 -0.440800 -0.279158 1.176621 
591 -0.464729 -0.024585 0.843689 
1308 -0.778501 0.037217 1.085911 
908 -0.506135 -0.202273 0.999771 
2455 -0.389685 -0.016106 1.099380 
1272 -0.557916 -0.159614 1.208730 
2100 -0.618972 0.130852 1.140911 
924 -0.572824 -0.224456 0.804897 
2479 -0.307573 0.086085 1.327204 
894 -0.617608 0.144475 1.019269 
492 -0.468910 -0.098949 0.972943 
1693 -0.480165 -0.029825 1.184224 
1112 -0.375354 -0.246501 0.825797 
536 -0.443810 -0.055355 1.127006 
2070 -0.438691 -0.153857 1.032123 
461 -0.317499 -0.384935 1.164374 
1572 -0.537516 -0.280447 1.200778 
1758 -0.391228 -0.048227 0.933839 
2556 -0.491109 -0.046268 1.125928 
950 -0.668495 -0.162347 1.057826 
809 -0.282652 -0.594012 1.323182 
42 -0.317171 0.022246 1.257977 
2409 -0.382276 -0.019374 1.278919 
325 -0.422592 -0.155587 1.270617 
442 -0.321233 -0.073513 1.061190 
2050 -0.318202 -0.137020 0.988522 
1822 -0.157862 -0.134179 1.316950 
2248 -0.668689 -0.145558 1.077852 
1995 -0.521799 -0.304478 0.925402 
2419 -0.501449 -0.141513 0.721556 
2029 -0.315456 -0.050205 0.587763 
2025 -0.504149 -0.289687 1.167427 
2187 -0.275423 -0.277706 1.012259 
419 -0.401537 -0.037251 1.052357 
2105 -0.455440 0.085853 1.225088 
277 -0.421547 -0.069862 1.222303 
692 -0.406309 -0.213585 1.264119 
441 -0.373768 -0.244203 0.890139 
434 -0.627700 -0.028154 1.126655 
2283 -0.521865 0.269477 1.259150 
1953 -0.477662 -0.302289 1.127833 
1798 -0.369742 -0.108905 0.973382 
586 -0.517293 -0.365586 1.172959 
2614 -0.378661 -0.172228 1.159980 
444 -0.546283 0.021713 0.861461 
2348 -0.251681 0.050708 0.973098 
1456 -0.331181 -0.201063 1.170523 
767 -0.401570 -0.149079 0.953032 
2449 -0.239942 -0.162026 1.353917 
867 -0.537688 -0.171975 0.898521 
2044 -0.213728 -0.179897 1.032347 
104 -0.330479 -0.054727 0.883359 
205 -0.400818 -0.322584 1.008752 
833 -0.642953 -0.217458 1.156671 
521 -0.400523 -0.230273 1.186380 
1952 -0.660957 -0.072187 1.101308 
2193 -0.314297 -0.205307 0.870316 
757 -0.493295 -0.007514 0.911137 
847 -0.454169 -0.061895 1.215512 
375 -0.389882 -0.088568 0.731340 
1046 -0.424622 -0.159579 0.985345 
715 -0.435017 -0.102195 1.192238 
703 -0.401747 -0.185458 1.119835 
1699 -0.249300 -0.347967 1.034462 
1444 -0.499703 0.030590 1.123325 
2015 -0.469671 -0.173633 0.991675 
1621 -0.396782 0.120751 1.148939 
1619 -0.275102 0.408101 1.391339 
818 -0.402880 -0.034156 1.347080 
2332 -0.539578 0.102400 1.077490 
515 -0.424998 0.201731 1.224026 
282 -0.643451 -0.111412 1.098784 
47 -0.336025 -0.046930 0.925898 
1362 -0.373531 -0.342626 1.160008 
2413 -0.414061 0.066936 1.235914 
1168 -0.479011 -0.221286 0.958181 
753 -0.276872 -0.195035 0.913408 
140 -0.519973 -0.099269 1.076353 
254 -0.323109 -0.093430 0.796904 
1666 -0.524949 0.005629 1.208405 
1922 -0.526682 -0.256802 1.044915 
16 -0.609910 -0.316105 1.099542 
1270 -0.531063 -0.185989 1.029749 
1328 -0.609717 -0.197838 1.235781 
979 -0.319927 -0.141674 0.575953 
2213 -0.336290 -0.159515 1.003434 
1700 -0.458246 -0.134048 0.996276 
1696 -0.353106 0.010126 1.148355 
1735 -0.288884 -0.163628 1.259608 
730 -0.645983 -0.555390 1.207753 
11 -0.396737 -0.127809 1.089489 
2591 -0.395381 -0.010482 1.154702 
1088 -0.505925 0.052570 1.174167 
1739 -0.612516 -0.407645 1.084394 
1506 -0.218689 0.045674 1.160915 
244 -0.315903 -0.282987 1.026689 
1400 -0.049070 -0.234084 1.401521 
300 -0.394503 -0.319178 1.152121 
131 -0.383261 -0.070824 1.100519 
1955 -0.707931 -0.073587 1.086508 
2648 -0.399977 -0.214828 1.105911 
2053 -0.533771 0.033205 1.127476 
499 -0.308470 -0.016160 1.246343 
1875 -0.251447 -0.179805 0.888518 
2264 -0.154403 -0.512797 1.368686 
2274 -0.492820 0.049570 1.162390 
1050 -0.368725 -0.348954 1.273575 
1373 -0.668743 -0.363653 1.121351 
416 -0.605473 -0.030381 1.160973 
2138 -0.741376 0.084628 1.116344 
1342 -1.009293 -0.320582 1.034966 
101 -0.386727 -0.064605 0.955893 
2107 -0.012929 -0.073328 1.478168 
2159 -0.444973 -0.183526 1.188467 
2158 -0.383284 -0.189950 1.174895 
2595 -0.379909 0.091483 1.101895 
2003 -0.481196 -0.136678 1.171839 
1951 -0.433779 -0.024318 1.217934 
210 -0.685729 -0.327577 1.062719 
1274 -0.113532 -0.369370 1.405236 
615 -0.407958 0.103887 0.981657 
616 -0.556902 0.085040 1.044762 
246 -0.250803 -0.234587 1.176017 
1425 -0.462151 -0.131459 0.996343 
628 -0.460405 -0.026408 1.142767 
1854 -0.209138 -0.350111 1.157192 
306 -0.280615 -0.020121 1.197944 
280 -0.604320 -0.134543 1.110554 
1415 -0.253355 0.115302 1.245275 
519 -0.550612 -0.001523 1.081771 
516 -0.371538 0.077224 1.138309 
295 -0.505257 -0.245744 1.028595 
2391 -0.161589 -0.104734 1.241835 
811 -0.156680 -0.592959 1.357813 
432 -0.701275 0.189936 1.165202 
93 -0.235486 0.022077 1.339321 
2212 -0.497591 -0.315609 1.139670 
1185 -0.696061 -0.230062 1.009949 
1367 -0.420411 -0.098951 1.129479 
2381 -0.403156 -0.081219 1.061313 
1305 -0.691335 -0.187416 1.141972 
1002 -0.344231 0.051326 1.248911 
1448 -0.576945 0.007130 1.135061 
1102 -0.580930 -0.128823 1.173401 
2584 -0.412360 -0.174643 1.129137 
859 -0.258563 -0.019976 1.134535 
1564 -0.465468 -0.288615 1.056960 
2325 -0.333272 -0.338650 1.090580 
1364 -0.418217 -0.288309 1.079231 
702 -0.537456 -0.010911 0.985286 
2362 -0.288110 0.239811 1.248612 
260 -0.377454 0.056507 1.103841 
2486 -0.167077 -0.109040 -0.148962 
2551 -0.586502 0.056147 1.012892 
2612 -0.442659 0.102917 1.158173 
342 -0.459487 -0.059384 1.241297 
414 -0.841720 -0.598695 1.103710 
2241 -0.405402 -0.088455 1.121532 
2642 -0.600128 -0.047791 1.166866 
1862 -0.323274 -0.147740 1.087480 
665 -0.651273 -0.857411 1.129769 
455 -0.508513 0.021389 1.018211 
764 -0.488660 -0.063573 1.155118 
765 -0.370407 -0.267557 1.010228 
1792 -0.714434 -0.266286 1.142973 
529 -0.348934 -0.168732 0.964677 
525 -0.352770 -0.139544 1.253304 
1256 -0.487402 0.098260 0.831466 
1996 -0.252887 -0.132891 1.148560 
1170 -0.697583 0.108650 1.177409 
729 -0.405087 0.264574 1.360499 
2271 -0.362935 -0.085680 0.904962 
211 -0.499786 -0.474353 1.122008 
452 -0.658142 -0.251199 1.067157 
456 -0.382509 -0.245768 0.951915 
853 -0.560197 0.099898 1.074717 
823 -0.357304 -0.062659 1.332129 
2538 -0.296953 0.007637 0.893825 
1531 -0.682027 0.044859 1.123129 
1490 -0.570152 -0.050248 1.088038 
2625 -0.298552 -0.010239 1.018074 
1740 -0.985036 -0.185296 0.968060 
1805 -0.556206 0.124313 1.019541 
1420 -0.742452 0.153409 1.056392 
184 -0.592753 -0.130502 1.228943 
2027 -0.673288 -0.100413 1.138178 
66 -0.356675 0.104828 1.030176 
175 -0.429808 -0.087053 1.007789 
2280 -0.535788 -0.085817 1.232092 
2250 -0.495175 -0.143694 0.898224 
1710 -0.565332 -0.216498 1.029511 
1468 0.203669 -0.508970 1.481651 
29 -0.574175 -0.127463 0.947544 
562 -0.339250 -0.287272 1.121467 
371 -0.866322 -0.054260 1.130632 
998 -0.244585 -0.176860 1.072868 
1204 -0.621874 0.008189 1.025146 
1793 -0.315728 -0.108753 1.066663 
2481 -0.556331 -0.119627 0.922065 
590 -0.306291 -0.197962 1.070613 
960 -0.471210 -0.013376 1.149724 
2553 -0.724219 0.090430 1.140559 
2117 -0.296514 0.187819 1.323567 
1422 -0.649699 0.329539 1.173538 
756 -0.354426 -0.137077 0.748629 
822 -0.714844 -0.126891 1.179083 
1843 -0.765513 0.053023 1.182104 
639 -0.437116 -0.083427 1.206849 
331 -0.268045 0.207876 1.264321 
191 -0.207453 0.071080 1.252296 
582 -0.238360 0.073233 0.855761 
929 -0.251998 -0.273521 0.952301 
2370 -0.499130 -0.018247 0.994665 
387 -0.274175 -0.156609 1.047811 
837 -0.794313 -0.343828 1.074314 
2480 -0.480788 -0.208490 1.214223 
893 -0.456447 0.015015 0.953835 
4 -0.522652 0.039054 1.051489 
1268 -0.538502 -0.011948 1.112926 
2046 -0.322374 0.075597 0.954806 
1269 -0.638398 -0.014013 1.086372 
1242 -0.766362 0.003462 1.180386 
556 -0.502775 -0.170827 0.870398 
2433 -0.442248 -0.003418 1.000898 
548 -0.445291 0.022535 1.122184 
1157 -0.246224 -0.091526 0.897069 
106 -0.373185 0.077724 1.055352 
2410 -0.628731 -0.124696 1.143641 
2211 -0.455955 -0.147177 0.988278 
1360 -0.435378 -0.283075 1.120074 
743 -0.482226 -0.260167 1.013858 
48 -0.304514 -0.082811 1.042969 
1093 -0.754973 -0.248086 1.096288 
2167 -0.874040 0.421646 1.141331 
2313 -0.543046 -0.386777 1.124790 
2146 -0.766610 0.335226 1.170968 
2113 -0.242583 0.145392 1.385461 
318 -0.435343 -0.430590 1.283305 
592 -0.478084 -0.088481 1.007065 
2383 -0.493542 -0.111333 1.166750 
1867 -0.328762 -0.228080 1.065357 
2183 -0.488411 -0.037056 1.105556 
1117 -0.356635 -0.022997 1.298935 
601 -0.346763 -0.084431 0.985052 
2606 -0.334952 -0.277448 1.235734 
1216 -0.473514 0.014491 1.218351 
1147 -0.773533 -0.070828 1.144427 
99 -0.163797 0.025605 1.265700 
2243 -0.499010 0.069593 1.229709 
1664 -0.418961 -0.106560 1.169007 
2621 -0.303744 -0.194143 1.160273 
2594 -0.411099 -0.212710 0.736783 
2571 -0.264596 0.035009 0.856445 
1671 -0.497166 0.015417 0.851369 
885 -0.553099 -0.107085 1.079214 
2507 -0.175367 0.066243 0.219682 
1023 -0.352812 -0.179211 0.899369 
418 -0.677904 -0.230034 1.148697 
1567 -0.531756 -0.347441 1.105930 
617 -0.393067 0.018894 0.995124 
750 -0.496028 -0.030473 1.110438 
609 -0.349411 0.059659 1.001555 
2624 -0.219268 -0.127187 1.076049 
1990 -0.413756 -0.194178 0.870395 
1457 -0.468101 0.002952 0.884561 
761 -0.151493 0.004737 1.415853 
2405 -0.498430 0.383598 1.314664 
2252 -0.299501 -0.002763 0.947955 
27 -0.383316 0.035131 1.038734 
783 -0.387540 -0.204283 0.826942 
2552 -0.686259 -0.117714 1.088852 
1068 -0.500299 -0.044538 0.760735 
1855 -0.466071 -0.259726 1.076355 
1527 -0.407082 -0.421547 1.187285 
1736 -0.490740 -0.285653 1.036099 
1914 -0.467106 0.057769 1.103027 
115 -0.243533 0.051475 1.152262 
1125 -0.918049 -0.084268 1.020179 
1518 -0.361188 -0.114681 1.212004 
622 -0.390319 0.165403 1.244501 
1581 -0.219711 -0.075875 1.028566 
1584 -0.216052 -0.328395 1.281698 
954 -0.573745 -0.027519 1.019411 
2045 -0.328833 -0.187895 0.856306 
2447 -0.499371 -0.098224 1.128121 
755 -0.655289 -0.135746 1.059216 
403 -0.346604 -0.020403 1.002322 
1401 -0.423328 0.182536 1.196183 
813 -0.357955 0.137213 1.383142 
1549 -0.238336 -0.137822 0.644736 
891 -0.384582 0.043332 0.989486 
488 -0.385873 -0.374353 1.238944 
1896 -0.488376 -0.269520 1.156628 
2306 -0.503618 -0.386647 1.131692 
2103 -0.462218 0.390765 1.349370 
913 -0.579828 0.115855 1.171743 
1774 -0.746661 0.333988 1.194476 
781 -0.557171 -0.091361 0.866997 
2291 -0.497097 -0.189648 0.965640 
2310 -0.402433 -0.167738 1.028828 
395 -0.223833 0.045729 0.982125 
439 -0.184851 -0.251848 0.891898 
772 -0.493391 -0.429022 1.244156 
103 -0.504891 -0.009043 1.058722 
712 -0.219440 -0.182405 0.812458 
912 -0.481865 -0.071887 1.124918 
527 -0.281930 -0.071499 1.205062 
269 -0.476221 -0.416029 1.216465 
762 -0.420451 -0.517261 1.271595 
1707 -0.331075 -0.191270 1.047321 
618 -0.265287 -0.234884 1.034214 
116 -0.478106 -0.109702 0.983239 
1603 -0.803882 0.009698 1.186484 
314 -0.259971 0.056705 1.244747 
2402 -0.312816 -0.184425 1.203387 
2400 -0.628466 0.052166 1.015000 
1343 -1.024493 0.078787 1.096829 
221 -0.603999 0.094614 1.075108 
587 -0.155865 -0.179651 1.298333 
744 -0.340409 -0.078450 1.062925 
214 -0.345285 -0.282516 1.035085 
242 -0.325773 -0.195740 1.182862 
738 -0.527929 -0.094790 0.999674 
2565 -0.653971 -0.204053 1.116026 
1578 -0.550933 -0.089821 1.109628 
2632 -0.557940 -0.122295 0.965888 
2387 -0.622743 0.049697 1.069661 
1060 -0.617530 -0.102825 1.085115 
911 -0.365055 -0.155389 0.877410 
2564 -0.261590 -0.021824 1.257067 
2293 -0.561417 -0.084614 0.992421 
711 -0.225322 -0.025128 0.705582 
1927 -0.313537 -0.065261 1.197620 
2038 -0.434750 0.146744 1.221103 
838 -0.604644 -0.183518 1.155506 
1930 -0.274272 -0.210362 1.275534 
2197 -0.485559 -0.048609 1.116219 
2202 -0.518229 -0.225593 0.957741 
693 -0.853627 0.244992 1.182811 
1082 -0.522774 -0.308680 1.044808 
721 -0.504873 -0.063629 1.041182 
667 -0.843538 -1.307050 1.123124 
547 -0.348158 -0.087438 1.128546 
2469 -0.255005 0.172117 1.183212 
207 -0.769255 -0.356404 1.113259 
28 -0.551412 -0.196625 1.000108 
392 -0.528298 -0.036295 0.975339 
699 -0.563921 -0.163018 1.133393 
2273 -0.409458 -0.276477 0.780547 
1550 -0.204200 -0.116917 1.356817 
449 -0.424708 -0.032557 1.268950 
2572 -0.469810 -0.186563 1.060072 
1893 -0.437820 -0.093555 1.211620 
1396 -0.226149 -0.106088 1.190263 
2047 -0.371934 0.114394 0.666522 
1455 -0.621629 0.048146 1.081401 
1923 -0.424186 -0.313740 1.007175 
723 -0.640995 -0.071721 1.163621 
1006 0.032175 -0.024075 0.369751 
1555 -0.608378 0.074615 1.055143 
2141 -0.410226 -0.177305 1.138893 
2453 -0.518140 0.089727 1.053518 
576 -0.341188 -0.214830 1.013802 
1894 -0.542224 -0.115294 1.135030 
2352 -0.489367 -0.237723 1.035060 
2123 -0.518139 -0.027156 1.218019 
483 -0.363487 -0.485200 1.261007 
2342 -0.511705 -0.231128 1.151828 
2214 -0.367437 -0.250181 1.003194 
1084 -0.603622 -0.240720 1.111322 
273 -0.403111 0.034667 1.256285 
2204 -0.395731 -0.220693 0.945243 
2203 -0.341750 -0.253566 1.178507 
238 -0.611729 -0.056713 1.072756 
1954 -0.439418 0.053457 1.034739 
1507 -0.665657 -0.211647 0.966063 
1903 -0.284457 -0.006353 0.743342 
1252 -0.466839 -0.156379 0.962340 
1254 -0.491773 0.207441 1.127957 
545 -0.512462 0.024183 1.085755 
1253 -0.668862 0.174321 1.009303 
1183 -0.512870 -0.246877 1.028093 
2157 -0.320811 -0.060710 1.242399 
327 -0.385636 -0.343661 1.261594 
1775 -0.569300 0.053597 0.976687 
312 -0.238017 -0.109923 1.190158 
404 -0.558222 -0.202372 0.979923 
2251 -0.339081 0.095849 0.527921 
2442 -0.501020 -0.049926 1.095969 
1011 -0.123312 -0.134432 0.628690 
26 -0.599613 -0.210707 1.023211 
1787 -0.515353 -0.024412 1.180429 
873 -0.303639 0.059496 1.221778 
2357 -0.252525 -0.031658 1.190032 
124 -0.366296 0.020326 1.126629 
1844 -0.242645 -0.098202 0.611607 
2526 -0.241753 -0.067209 1.024273 
2524 -0.339307 -0.232308 1.240684 
2239 -0.353597 -0.221976 0.783569 
685 -0.305188 0.063421 0.876650 
2604 -0.129352 0.117458 0.419563 
2188 -0.499792 -0.003538 0.822522 
1181 -0.546691 -0.107514 1.034649 
239 -0.468982 -0.269293 0.988907 
890 -0.333207 -0.258137 0.833216 
905 -0.351118 -0.224743 1.264604 
1187 -0.613555 -0.005947 1.121359 
754 -0.483714 0.036784 1.051858 
739 -0.427954 -0.234090 1.022062 
369 -0.813150 -0.039659 1.144344 
2028 -0.381998 0.023523 0.910186 
951 -0.695936 0.102453 1.101147 
1257 -0.624131 -0.100656 1.048200 
1228 -0.557611 -0.066959 0.910617 
438 -0.598661 0.055221 1.171118 
407 -0.506047 -0.186996 1.194649 
869 -0.424369 0.093260 1.049192 
1480 -0.510140 -0.327244 1.154170 
1915 -0.344490 -0.209240 1.040565 
2508 -0.139304 -0.029691 0.061743 
512 -0.587599 -0.057589 1.156302 
1994 -0.354135 -0.149242 1.043620 
2224 -0.457624 -0.161256 1.219420 
394 -0.447428 -0.154721 1.112572 
1689 -0.496694 -0.147764 0.940551 
558 -0.569242 0.002989 1.086026 
2490 -0.387266 -0.090035 0.912706 
2164 -1.028228 0.829842 1.218760 
69 -0.122134 -0.004910 1.179017 
219 -0.397915 0.066213 1.151535 
523 -0.254242 -0.263759 1.252470 
2161 -0.326136 -0.274787 1.125122 
213 -0.613110 -0.300964 1.055290 
2645 -0.602659 0.099869 1.190356 
1786 -0.382846 -0.232779 1.131360 
8 -0.447823 -0.153140 0.725398 
1757 -0.469888 -0.008211 1.021819 
2215 -0.361946 0.044784 1.102292 
2191 -0.530148 -0.357229 1.045389 
1322 -0.590625 -0.143797 0.819441 
992 -0.682189 -0.155913 1.105169 
612 -0.422098 0.144074 0.950523 
98 -0.567718 -0.006886 1.136087 
450 -0.648821 -0.212232 1.060181 
2626 -0.106934 -0.042018 0.470342 
2390 -0.118214 -0.100147 1.340625 
241 -0.447019 -0.163723 1.092671 
549 -0.528124 -0.006079 1.083470 
1376 -0.486014 0.005676 1.022663 
741 -0.560456 -0.146512 1.046192 
759 -0.373414 -0.152249 1.136034 
1711 -0.415544 -0.164156 0.927418 
2076 -0.472441 -0.072091 0.974988 
746 -0.259333 -0.110312 1.147673 
1482 -0.594847 -0.284424 0.984410 
1294 -0.593501 -0.095058 0.984859 
1869 -0.225864 -0.327067 1.114198 
1022 -0.285555 0.072949 0.683726 
563 -0.269881 -0.037738 0.933699 
1993 -0.502080 -0.224523 1.078861 
1765 -1.119348 0.372897 1.094543 
907 -0.185910 -0.124088 0.821324 
1691 -0.380371 -0.155788 1.134393 
919 -0.508242 -0.271126 1.010403 
918 -0.085337 -0.097358 0.309077 
1668 -0.321519 -0.142612 1.091045 
2265 -0.044007 -0.089844 1.488664 
1675 -0.278032 -0.051490 1.152685 
1756 -0.370279 -0.009288 0.983353 
240 -0.436547 -0.006813 0.981844 
65 -0.329946 -0.294247 1.265808 
471 -0.510323 -0.145426 0.859272 
1650 -0.293808 -0.253993 1.162466 
1871 -0.464544 -0.201300 0.980745 
923 -0.253185 0.057596 0.844186 
1949 -0.179612 0.061275 1.037415 
863 -0.606810 -0.184648 0.984088 
1755 -0.473497 -0.345446 1.072462 
14 -0.351352 -0.108004 1.163023 
7 -0.162775 0.013759 0.816757 
569 -0.619580 -0.052246 1.014543 
1630 -0.351633 -0.145037 1.079597 
1174 -0.286317 -0.154161 0.532520 
981 -0.345332 0.000114 0.798429 
1745 -0.739019 -0.340111 1.004692 
643 -0.783001 -0.083799 0.993313 
1944 -0.424985 -0.286371 1.135655 
1100 -0.476580 -0.211758 1.011635 
972 -0.349805 -0.207951 0.804558 
2140 -0.428662 -0.185610 0.962418 
1712 -0.354819 -0.002384 1.068265 
2590 -0.356907 -0.121629 1.124935 
2143 -0.423316 -0.064502 1.197090 
1217 -0.293929 -0.023058 1.036502 
2445 -0.844795 0.034217 1.087399 
64 -0.159739 0.250507 1.389804 
1679 -0.055984 0.087926 0.094672 
1957 -0.434596 -0.124684 0.921702 
401 -0.614167 -0.284950 1.087115 
1782 -0.135092 -0.195409 0.632270 
1802 -0.357014 -0.288938 1.206353 
79 -0.376126 -0.232962 1.001868 
736 -0.507595 -0.137243 0.999365 
46 -0.318082 0.083385 1.011430 
543 -0.305643 -0.316522 1.146444 
1667 -0.242081 0.099168 0.937557 
557 -0.238374 0.039813 0.872538 
1207 -0.503584 0.068925 0.973989 
97 -0.336681 -0.265946 0.950631 
778 -0.546935 -0.261920 0.994189 
49 -0.290128 -0.061937 1.088187 
424 -0.351377 -0.298040 1.099382 
454 -0.205140 -0.052252 1.056996 
1715 -0.641892 -0.251153 1.031575 
2195 -0.561129 0.046516 0.785894 
917 -0.453866 -0.222483 0.718293 
2010 -0.352277 0.066086 1.083270 
2546 -0.290358 -0.168730 0.914807 
24 -0.640349 -0.211526 1.032216 
2196 -0.356857 0.013877 1.235031 
1510 -0.380279 -0.147676 0.966523 
1474 -0.568476 -0.338580 1.012722 
56 -0.361836 0.047578 0.884736 
41 -0.230172 -0.153616 0.975543 
25 -0.311660 0.089423 0.894433 
1973 -0.301586 0.093123 1.114765 
1009 -0.097040 0.048934 0.426647 
55 -0.529157 -0.181060 1.132820 
1066 -0.140654 -0.035032 0.680224 
632 -0.711235 -0.049606 0.959280 
1777 -0.377052 -0.050535 0.775320 
2075 -0.334589 0.064602 0.985953 
709 -0.272391 -0.244247 1.028059 
1437 -0.502105 0.159210 1.204366 
1195 -0.498599 -0.185076 0.790840 
1680 -0.116242 -0.072792 0.045484 
2408 -0.494485 -0.189019 1.098566 
170 -0.241686 -0.251829 1.087096 
2000 -0.364998 0.069399 1.022059 
619 -0.383483 0.034186 0.803821 
1910 -0.019491 -0.057178 0.174376 
751 -0.272049 -0.089705 1.019848 
722 -0.524168 -0.132241 0.721285 
1159 -0.417484 -0.084177 0.918785 
1208 0.044781 -0.015054 0.043979 
1408 -0.161404 0.024928 0.277165 
707 -0.077625 -0.121274 0.279339 
1672 -0.424504 -0.052576 0.939804 
1849 -0.186631 -0.117326 0.140166 
1799 -0.206449 -0.100769 1.081709 
1681 -0.148806 -0.065318 0.333513 
1038 -0.268478 -0.237822 0.577863 
1685 -0.038342 0.004859 0.311835 
925 -0.363356 -0.022813 0.640787 
2627 -0.155391 -0.019898 0.229597 
1014 0.028821 0.056076 0.402074 
1172 0.130372 -0.090267 -0.045086 
653 -0.060687 -0.107760 0.208010 
1010 0.067888 -0.029817 0.129007 
1209 -0.092628 -0.134385 0.084859 
