2556 3
1542 -0.529792 -0.199301 1.254888 
1545 -0.415941 -0.215454 1.284458 
1482 -0.067413 -0.283196 1.299633 
1483 -0.354502 0.201836 1.221765 
1344 -0.121650 0.063944 1.310155 
1236 -0.300126 0.187875 1.165687 
366 -0.704710 0.613703 1.119663 
36 -0.199368 0.116879 1.266030 
2504 -0.171210 0.051777 1.220869 
2505 -0.083094 -0.034509 1.223985 
2551 -0.334177 0.034747 1.173152 
2496 -0.297708 0.417713 1.101309 
1976 -0.109265 0.148011 1.152364 
1999 -0.534665 0.233096 1.198095 
2385 -0.538096 0.532780 1.152904 
2362 -0.281733 0.300104 1.175272 
1964 -0.315909 0.400454 1.261261 
2018 -0.434360 0.148775 1.189980 
1503 -0.271947 -0.203728 1.322460 
1504 -0.510134 -0.115677 1.230812 
1112 -0.222711 0.161820 0.886870 
1099 -0.229366 0.087652 1.244806 
2437 -0.232142 -0.035177 1.281140 
1347 -0.007983 -0.061541 1.317757 
1366 -0.081384 0.356633 1.230954 
1267 -0.031197 0.056106 1.374647 
725 -0.563910 0.379464 1.144827 
724 -0.332230 0.200391 1.242402 
84 -0.351062 0.321620 1.099728 
1740 -0.422513 0.385419 1.255084 
822 -0.207904 0.015747 1.251383 
1398 0.107758 0.325813 1.289253 
2005 -0.313780 -0.219213 1.279084 
2002 -0.336780 0.192247 1.120977 
782 -0.239582 0.107443 1.245276 
1753 -0.842327 -0.100979 1.258472 
2059 -0.268192 0.131774 1.031834 
2070 -0.103897 0.290112 1.264958 
811 -0.005865 0.156313 1.323613 
407 -0.260797 0.289032 1.189453 
1829 -0.438349 0.226815 1.128472 
1877 -0.129349 0.417730 1.191088 
449 -0.029806 0.016832 1.353289 
74 -0.274774 0.304353 1.244623 
1873 -0.248409 0.099159 1.296624 
1901 -0.543335 0.123977 1.161087 
2061 -0.242554 0.243707 1.203206 
2068 -0.085516 0.137534 1.208710 
1197 -0.356885 0.387300 1.157282 
1195 -0.341550 0.079431 1.249593 
368 -0.181566 0.390991 1.214758 
358 -0.335316 0.183191 1.146214 
2111 -0.433385 0.438630 1.192672 
678 -0.689917 0.409507 1.115716 
1836 -0.232798 0.003365 1.278280 
203 -0.516142 0.145857 1.156521 
498 -0.027254 0.502891 1.279842 
537 0.288278 0.328549 1.438442 
1331 -0.113273 0.027588 1.304287 
1329 -0.477203 0.353596 1.167663 
1204 0.031160 -0.020673 1.298157 
1207 -0.356489 -0.047802 1.155199 
2572 -0.312087 0.008928 1.191519 
2527 -0.455067 -0.008509 1.170714 
455 0.034736 0.036800 1.395521 
453 -0.199400 -0.052003 1.221955 
1505 -0.366145 -0.243792 1.271412 
1510 -0.303812 0.511693 1.266119 
1880 -0.178319 0.290289 1.136328 
962 -0.745674 0.356678 1.158395 
1527 -0.153380 0.551200 1.205327 
97 -0.414686 0.214224 1.230365 
1475 -0.452113 -0.260243 1.261556 
1460 -0.040345 0.040013 1.322073 
2222 -0.262123 0.242838 1.281323 
372 -0.342157 0.069058 1.171258 
448 0.063274 0.039720 1.375676 
445 -0.342759 0.057921 1.312823 
495 -0.200427 0.101457 1.294313 
501 0.081383 -0.047410 1.401823 
1522 -0.011276 0.372901 1.250324 
803 -0.620868 0.183462 1.164686 
191 -0.638907 0.901792 1.117649 
155 -0.199667 0.460978 1.245735 
1717 -0.356073 -0.084489 1.285112 
1718 -0.607058 -0.094761 1.281413 
1130 0.089753 0.217545 1.379984 
1136 -0.012388 0.192336 1.314692 
2395 0.080164 0.124587 1.380027 
2349 -0.072628 0.402538 1.217048 
302 -0.381513 -0.025850 1.313671 
315 -0.522753 0.096589 1.203715 
237 -0.401235 -0.044019 1.165935 
238 -0.264852 -0.042837 1.131569 
1665 -0.483787 0.276690 1.267183 
2291 -0.183347 -0.018875 1.261471 
1797 -0.372282 0.014374 1.253934 
58 -0.105449 -0.028347 1.348704 
17 -0.514374 0.333183 1.149040 
57 -0.277007 0.483952 1.208885 
1246 -0.291053 0.250504 1.181591 
1247 -0.301338 0.232234 1.201411 
2008 -0.341914 0.125188 1.199959 
1325 -0.608788 0.253683 1.151044 
1878 -0.357334 0.231839 1.103619 
747 -0.277116 0.396810 1.216983 
1413 -0.113240 -0.025047 1.231472 
1575 -0.380389 -0.027986 1.247625 
1566 -0.218554 -0.077380 1.211327 
104 -0.182372 -0.016590 1.282860 
88 -0.148272 0.348366 1.286851 
1743 -0.384380 -0.049214 1.256299 
1764 -0.501989 0.258621 1.301083 
2462 -0.031094 0.104872 1.350556 
2436 -0.253303 0.159824 1.154056 
2148 -0.054360 0.168681 1.325470 
2177 -0.372473 0.446269 1.180585 
645 -0.438869 0.080750 1.157754 
617 -0.230306 0.095472 1.201330 
1484 -0.474660 -0.221113 1.272364 
1468 -0.603564 -0.018603 1.220918 
1363 -0.291593 0.200822 1.280216 
1340 -0.465415 0.321348 1.256504 
2103 -0.543847 0.471467 1.136390 
343 -0.578308 -0.032151 1.222575 
616 -0.276787 0.199740 1.262591 
1497 -0.047664 -0.176875 1.389105 
1536 -0.344757 0.311870 1.213624 
970 -0.495529 -0.033894 1.203308 
978 -0.348031 0.239065 1.110036 
1818 -0.064473 0.090274 1.242999 
1288 -0.271022 0.418072 1.195232 
2096 -0.752022 0.147522 1.129817 
751 -0.264293 0.452369 1.248011 
1592 -0.481634 -0.120570 1.263449 
353 -0.407267 0.146120 1.090772 
1763 -0.472693 0.314762 1.258998 
2537 -0.513916 -0.003712 1.139767 
2407 -0.331680 0.121879 1.223084 
1068 -0.157078 0.029712 1.320824 
1070 -0.342238 0.083193 1.258096 
2546 -0.118490 0.139624 1.212350 
2543 -0.500335 0.257308 1.153226 
1819 -0.341887 0.375366 1.180282 
265 -0.136070 0.192678 1.222105 
1667 -0.730519 0.159708 1.193179 
192 -0.511378 0.269646 1.169113 
493 -0.228502 0.285971 1.079540 
1858 -0.529694 0.211732 1.075735 
1859 -0.321113 0.331267 1.169326 
276 -0.354530 -0.264719 1.294248 
261 -0.100326 -0.195106 1.362265 
1844 -0.303268 0.160776 0.825012 
1810 -0.352596 0.041974 1.068778 
187 -0.273561 0.424478 1.148025 
162 -0.227424 0.253715 1.235880 
2643 -0.334876 0.273382 1.159065 
2644 -0.246591 0.415251 1.129688 
1513 -0.214806 -0.143782 1.296520 
1440 -0.250442 0.251192 1.138381 
2607 -0.324764 -0.039913 1.190415 
2629 -0.235016 0.140440 1.141092 
1135 -0.254287 0.519884 1.220625 
1143 -0.276966 0.290908 1.233821 
148 -0.472607 0.398421 0.946594 
2019 -0.079144 0.184065 1.256171 
2170 -0.476101 0.553716 1.126860 
2173 -0.424375 0.209345 1.264199 
2564 -0.169898 0.243146 1.198601 
2585 -0.224088 0.030814 1.262313 
556 -0.385316 0.101132 1.212096 
1656 -0.207673 -0.073345 1.323971 
1223 -0.269980 -0.083193 1.219923 
1220 -0.291559 0.192818 1.115314 
837 -0.495280 0.107975 1.236413 
1019 -0.395462 0.091769 1.164410 
1002 -0.382961 0.029619 1.166111 
2172 -0.527466 0.200287 1.202294 
2171 -0.151382 0.421554 1.272559 
72 -0.258514 0.238315 1.297879 
113 -0.279754 0.267165 1.252293 
1916 -0.485051 0.152187 1.190589 
2175 -0.078204 0.381072 1.260227 
2122 0.014855 0.369338 1.296248 
2123 -0.041209 -0.156232 1.353996 
543 -0.376508 -0.030632 0.961977 
546 -0.166972 0.106884 1.178985 
1306 0.079311 0.276170 1.303868 
383 -0.423626 0.019651 1.116904 
1625 -0.195784 0.255774 1.255609 
1627 -0.437886 0.245673 1.229719 
2402 -0.243817 -0.026030 1.314075 
2403 -0.135135 0.044057 1.253685 
1741 -0.438647 0.049487 1.238483 
2365 -0.243721 0.129747 1.237753 
1811 -0.292612 0.338738 1.066236 
1814 -0.042007 0.184433 1.247411 
2351 -0.246970 -0.060310 1.089726 
2350 -0.301230 0.338955 1.150907 
1815 -0.155302 0.053288 1.259415 
1145 -0.075956 0.197436 1.246714 
446 -0.103646 0.040166 1.292604 
2271 -0.049996 0.126150 1.234153 
2055 -0.091189 0.096355 1.245671 
2075 -0.305965 0.064820 1.187197 
711 -0.376631 -0.020862 1.108934 
669 -0.332942 0.330824 1.242275 
318 -0.413889 0.545329 1.125296 
2207 -0.514738 0.259121 1.187925 
1779 -0.656044 0.253862 1.263812 
1119 -0.241323 0.151293 1.217015 
2574 -0.228967 0.071341 1.242571 
1445 -0.338606 0.003165 1.209508 
1421 -0.382191 0.095154 1.197072 
2359 -0.132912 0.258077 1.219463 
468 -0.133611 0.070599 1.264821 
53 -0.112670 0.404537 1.027469 
9 -0.247255 0.174737 0.995324 
1334 -0.010609 0.336818 1.224327 
1324 -0.341837 0.366333 1.229763 
347 -0.160724 0.348868 1.105156 
356 -0.345215 0.241586 1.248232 
957 -0.288764 0.023625 1.067490 
1052 -0.486187 0.123915 1.192290 
1037 -0.343630 0.250503 1.223065 
764 -0.286517 -0.075320 1.277982 
211 -0.213985 0.317209 1.222663 
838 -0.013850 0.284032 1.279913 
814 -0.408691 0.176865 1.195882 
734 -0.179026 0.317110 1.203850 
90 -0.094523 0.322939 1.245359 
1640 -0.239900 0.432777 1.218225 
1634 -0.242803 0.596321 1.233147 
1747 -0.730189 0.193432 1.162622 
1734 -0.894634 0.041747 1.224633 
313 -0.035754 -0.091506 1.345097 
293 -0.432894 -0.063608 1.222680 
1643 -0.349199 0.084202 1.209322 
1641 -0.456799 0.005389 1.228823 
1345 -0.216455 0.257036 1.241294 
1752 -0.446064 -0.110327 1.346089 
299 -0.333618 -0.111675 1.259615 
278 -0.248817 -0.163092 1.261905 
1949 -0.117161 -0.027493 1.115435 
2517 -0.361992 0.031458 1.070665 
1773 -0.894631 0.463901 1.128343 
1940 -0.325148 0.023326 1.149517 
1939 -0.587263 0.066548 1.158113 
2310 -0.169457 -0.128021 1.242578 
2294 -0.178255 0.050063 1.266751 
112 -0.446899 0.180955 1.146590 
76 -0.415436 0.197361 1.197954 
124 0.062278 0.277508 1.342029 
879 -0.168539 0.239772 1.277843 
2127 -0.410014 0.110313 1.197355 
786 -0.262083 0.188583 1.227987 
756 -0.121747 0.141567 1.187891 
2340 -0.200488 -0.026143 1.228844 
773 -0.438906 0.282568 1.241161 
1174 -0.051660 -0.026933 0.804141 
1176 -0.231373 0.170778 1.224891 
378 -0.168461 0.411451 1.235029 
1580 -0.347134 0.190109 1.208450 
886 -0.487698 0.124343 1.134977 
964 -0.317616 0.249191 1.225348 
1062 -0.267046 0.010248 1.184612 
527 -0.260492 0.319738 1.180700 
478 -0.191252 0.283154 1.244235 
240 -0.504147 -0.087271 1.103557 
204 -0.469032 0.089644 1.206418 
1399 0.518341 0.325087 1.451251 
2648 -0.157635 -0.016349 1.077620 
2590 -0.286745 0.131725 1.219409 
598 -0.338847 0.181901 1.198051 
2463 -0.077876 0.385098 1.296013 
2458 -0.301450 -0.030069 1.226282 
2131 -0.229445 0.061866 1.114587 
2006 -0.101424 -0.058418 1.265490 
620 -0.323492 0.003457 1.278211 
2186 -0.384961 0.154477 1.149018 
2581 -0.355051 0.224680 1.074597 
2540 -0.887183 0.261916 1.111392 
1045 -0.231134 0.045857 0.600193 
1953 -0.024640 0.036896 1.039548 
153 -0.450322 0.398131 1.145755 
1644 -0.189322 0.392433 1.139531 
1645 -0.542074 0.202173 1.163116 
1222 -0.143536 -0.000587 1.251304 
415 -0.304989 0.093513 1.236819 
2503 -0.338998 0.059821 1.110618 
1830 -0.096285 0.538641 1.257194 
2434 -0.410109 -0.015914 1.190117 
2416 -0.045343 0.027953 1.257447 
1425 -0.541482 0.259561 1.153355 
1420 -0.502969 0.002947 1.207674 
1187 -0.676686 -0.043643 1.222359 
1989 -0.421636 0.095293 1.059101 
1349 -0.126994 -0.078486 1.364541 
1348 -0.069836 0.205626 1.302669 
1688 -0.268347 -0.005491 1.335992 
1650 -0.106227 0.596216 1.213839 
953 -0.240374 0.338096 1.175435 
959 -0.285099 0.109535 1.258715 
420 -0.231330 0.069444 1.282331 
388 -0.560604 0.062658 1.115918 
1754 -0.670702 -0.146976 1.314213 
1699 -0.682351 -0.058348 1.280018 
1451 -0.441023 0.252626 1.222386 
2464 -0.182468 -0.085242 1.255344 
896 -0.563326 0.170156 1.079535 
681 -0.406034 0.273003 1.209248 
827 -0.202492 -0.049716 1.307143 
2583 -0.136356 -0.119472 1.216724 
1538 -0.114401 0.244841 1.062637 
1518 -0.148845 0.362364 1.280229 
1492 0.102053 -0.076748 1.420732 
1261 -0.327070 -0.063287 1.290818 
1051 -0.428925 0.369128 1.194471 
1642 -0.280311 0.027284 1.239604 
2113 -0.310246 0.001007 1.204849 
2084 -0.309538 0.366506 1.218957 
1998 -0.250490 0.386899 1.238503 
1992 -0.207085 0.230359 1.097804 
1696 -1.302276 -0.053334 1.230309 
889 -0.600972 0.022730 1.133026 
227 -0.324547 0.361647 1.201805 
880 -0.352063 0.114578 1.253295 
1058 -0.371358 -0.177863 1.214848 
1048 -0.292335 0.022015 1.043000 
672 -0.338602 0.361203 1.101921 
963 -0.594383 0.210684 1.126491 
1585 -0.208706 0.008709 1.316371 
1573 -0.183396 0.168216 1.249073 
183 -0.292763 0.288407 1.206552 
133 -0.288204 0.443858 1.262883 
1184 -0.356273 -0.141744 1.205293 
1178 -0.503293 -0.033768 1.152256 
477 -0.375755 -0.004320 1.292120 
488 -0.311472 0.268153 1.171615 
635 -0.479000 0.182054 1.185140 
1428 -0.360113 0.251132 1.177143 
1838 -0.318548 0.436007 1.190574 
224 -0.254793 0.249884 1.169455 
475 -0.196137 0.217216 1.175933 
2176 -0.221372 0.260108 1.254807 
1064 -0.113744 0.302910 1.131973 
1102 -0.369256 -0.142570 1.273436 
1633 -0.225877 0.222699 1.272046 
1654 -0.480193 0.189945 1.090308 
1966 -0.302585 0.115405 1.241925 
1968 -0.201338 0.373963 1.210712 
1181 -0.172529 -0.017886 1.209716 
2440 -0.399025 -0.301027 1.261528 
295 -0.132391 0.015889 1.287754 
301 -0.028746 -0.081482 1.267988 
145 -0.458765 0.271644 1.112436 
152 -0.344480 0.336697 1.188639 
508 -0.264735 0.032381 1.310894 
1089 -0.307558 0.227563 1.188535 
1085 -0.381742 0.159297 1.230017 
20 -0.172553 0.104989 1.082488 
4 -0.549296 0.337661 1.034996 
2090 -0.481939 0.192598 1.161023 
2089 -0.359534 0.250677 1.185174 
208 -0.284600 -0.004544 1.251573 
236 0.043140 0.041359 1.350016 
472 -0.267345 0.202482 1.095591 
1141 0.085134 0.384386 1.268704 
1646 -0.657153 -0.060382 1.235530 
1494 -0.130851 -0.057121 1.351682 
1496 -0.203267 -0.072960 1.254425 
2214 -0.293840 0.252146 1.215687 
2174 -0.178827 0.354400 1.192737 
2380 -0.638388 0.272736 1.135273 
2386 -0.401641 0.730601 1.182223 
1715 -0.657701 -0.248368 1.334552 
1698 -0.597515 -0.247044 1.308278 
689 -0.374329 0.173785 1.231699 
1446 -0.285798 -0.055945 1.196460 
2326 -0.246396 0.348319 1.163903 
1889 -0.097785 0.426008 1.208175 
1899 -0.256245 0.269569 1.099800 
2411 -0.392929 0.302312 1.197068 
2412 -0.247052 0.318800 1.230783 
1359 -0.334520 0.087966 1.314858 
1327 -0.628700 0.081679 1.086409 
2187 -0.272618 0.154635 1.133929 
2183 -0.466050 0.445037 1.086710 
1864 -0.370235 0.344396 1.089668 
601 -0.055993 0.005371 0.933050 
613 -0.177769 -0.061055 1.164358 
1479 -0.230034 -0.264288 1.281520 
1458 -0.333696 -0.105961 1.228183 
675 -0.807037 0.382167 1.134446 
1567 -0.288233 0.038316 1.176948 
1885 -0.359736 0.350703 1.113767 
1892 -0.404244 0.451708 1.110891 
2230 -0.206971 0.440605 1.167340 
2154 -0.321842 0.264364 1.226286 
1657 -0.491811 -0.287419 1.303577 
768 -0.333899 0.343931 1.196098 
2117 -0.342836 0.204342 1.259006 
2116 -0.293473 0.011159 1.027621 
2158 -0.246112 0.303067 1.211324 
2189 -0.271952 0.169703 1.190871 
1604 -0.132632 0.545048 1.249842 
1571 0.064655 0.325786 1.370234 
1272 -0.173173 0.074445 1.262458 
1228 -0.262196 0.140983 1.156477 
1234 -0.228802 0.014606 1.318230 
1273 -0.403171 0.223041 1.255713 
913 -0.488512 0.197246 1.186117 
284 -0.270462 0.016779 1.052492 
1619 -0.171336 0.298786 1.318799 
762 -0.373895 0.342532 1.193868 
1694 -1.146221 -0.023134 1.228066 
232 -0.522938 0.285245 1.168465 
2277 -0.315460 -0.021209 1.173282 
2278 -0.127580 -0.038023 1.269881 
1024 -0.365171 0.077490 1.298889 
736 -0.392471 0.036407 1.234880 
776 -0.311271 0.152262 1.252286 
2003 -0.141701 0.298300 1.302692 
1972 -0.196011 0.112367 1.228052 
717 -0.302990 0.044581 1.134771 
715 -0.495280 0.359767 1.097836 
973 -0.620519 0.173685 1.222948 
830 0.053736 -0.045158 1.377953 
826 -0.162456 0.173377 1.239779 
941 -0.462783 0.540859 1.247227 
430 -0.349301 0.231944 1.222752 
2105 -0.457431 0.152202 1.144918 
275 -0.571581 -0.010402 1.183326 
2238 -0.149089 0.108276 1.220209 
1960 -0.152209 -0.186956 1.365425 
184 -0.440718 0.251946 0.958921 
526 0.006367 0.497261 1.331993 
944 -0.475858 0.328294 1.175837 
980 -0.281570 0.341575 1.096838 
876 -0.266841 0.129981 1.266425 
2455 -0.268083 0.017924 1.192630 
2301 -0.053144 0.037253 1.328824 
2299 -0.184060 -0.023618 1.287488 
737 -0.388874 0.092153 1.221259 
771 -0.506095 0.006761 1.124642 
1570 -0.399687 -0.121899 1.239635 
1574 0.102233 -0.082994 1.398403 
1243 -0.284253 -0.046682 1.332936 
1049 -0.386274 0.008888 1.169740 
167 -0.140253 0.494224 1.257406 
196 -0.244827 0.585946 1.239774 
212 -0.553716 0.037857 1.095370 
982 -0.186133 -0.029740 1.131596 
947 -0.286506 0.147542 1.220320 
178 -0.347464 0.309634 1.186956 
179 -0.170867 0.503695 1.208779 
2438 0.023778 0.338812 1.256759 
1841 -0.451087 0.219853 1.196835 
2292 -0.554844 0.087534 1.217401 
2321 -0.506970 -0.028598 1.178108 
1183 -0.097768 0.224250 1.035491 
1185 -0.229896 0.256660 1.187878 
304 -0.368969 0.221124 1.247850 
337 -0.324419 0.190656 1.283976 
126 -0.193456 0.038587 1.300106 
128 -0.241699 0.054813 1.298077 
2076 -0.480002 0.365716 1.117220 
2077 -0.315486 -0.007620 1.235153 
1164 -0.532413 -0.129468 1.254964 
2106 -0.535820 0.358624 1.189851 
2043 -0.427009 0.111234 1.110140 
2035 -0.256133 0.179850 1.110250 
1714 -0.820410 -0.163907 1.244937 
1713 -0.862540 -0.067146 1.261820 
1733 -0.727203 -0.005613 1.231075 
2078 -0.539758 0.346073 1.113650 
2079 -0.574007 0.258487 1.029863 
2630 -0.248391 0.257092 1.238646 
1583 -0.263021 -0.242154 1.317126 
1587 -0.127003 -0.115939 1.209221 
1148 -0.183027 0.245891 1.283820 
1144 0.188019 0.433891 1.299332 
2539 -0.817241 0.131189 1.146676 
2538 -0.718851 0.215248 1.123170 
1807 -0.318921 0.313736 1.175301 
621 -0.081284 0.249585 1.234347 
2285 -0.115434 0.255307 1.234338 
2306 -0.401318 -0.093631 1.225186 
1900 -0.360955 0.249420 1.244445 
1883 -0.284386 0.623327 1.145932 
1748 -0.444318 0.599207 1.143593 
11 -0.237970 0.229650 1.088120 
2039 -0.191619 0.200337 1.164664 
872 -0.151903 0.073970 1.308514 
562 -0.175485 0.245967 1.119836 
1276 -0.269586 0.113528 1.194610 
1248 -0.385771 0.265007 1.203971 
2323 -0.490626 -0.248068 1.315091 
2124 -0.274334 0.021665 1.240872 
68 -0.156791 0.050278 1.297040 
63 -0.055155 0.063271 1.307110 
572 -0.431124 0.167138 1.122137 
1427 -0.448524 0.336053 1.161160 
1547 -0.487931 -0.148170 1.193387 
1549 -0.279132 0.019534 1.184443 
1258 -0.170601 0.394919 1.287645 
1594 -0.169550 0.351018 1.197406 
1632 -0.472019 0.020493 1.241248 
2142 -0.666098 0.071150 1.218818 
1975 -0.169338 0.067491 1.229309 
2000 -0.384727 0.346967 1.173385 
173 -0.121345 0.377689 1.157003 
510 -0.048341 0.060478 1.299946 
511 0.129291 0.063769 1.388780 
1868 -0.280194 0.242747 1.194237 
1866 -0.547830 0.335195 1.049403 
298 -0.185018 -0.112825 1.248943 
335 -0.157669 0.347699 1.275908 
459 -0.214659 -0.172910 1.303825 
456 -0.307706 0.039755 1.194502 
704 -0.429325 0.289825 1.161039 
1648 -0.327619 0.250328 1.212937 
1564 -0.126693 0.117671 1.348699 
530 -0.454896 0.137989 1.248387 
1693 -0.574466 0.073044 1.276480 
1678 -0.281013 0.312357 1.223621 
2642 -0.268519 0.140985 1.180620 
43 -0.341302 -0.011362 1.282003 
38 -0.218776 -0.066150 1.307725 
2529 -0.176228 0.243403 1.041794 
464 -0.257244 0.538107 1.246331 
497 -0.296237 -0.078117 1.296046 
2598 -0.090101 0.171828 1.199426 
2596 0.088919 0.088140 1.237878 
571 -0.024013 0.235309 1.203243 
569 -0.269166 0.473063 1.190803 
1404 -0.274776 0.404839 1.227533 
1489 -0.494275 -0.039954 1.238849 
323 -0.310669 0.314092 1.185097 
310 -0.386892 0.225736 1.164627 
2445 -0.395884 0.379468 1.081953 
2478 -0.534219 0.301960 1.194513 
1802 -0.308109 -0.030824 1.142470 
1798 -0.432550 0.153920 1.157068 
114 -0.155796 -0.060766 1.255075 
647 -0.340011 0.576979 1.205862 
190 -0.209597 0.622387 1.202183 
170 -0.262902 0.546494 1.185108 
1601 -0.009856 0.403164 1.297738 
1572 0.024102 0.207305 1.345910 
1189 -0.114559 0.132152 1.350017 
1212 -0.106064 0.170703 1.217733 
512 -0.021289 -0.053546 1.348255 
2336 -0.105129 -0.004545 1.297930 
2413 -0.302762 0.240674 1.206142 
2424 -0.362499 0.032661 1.260129 
2435 -0.225933 0.079501 1.168294 
1881 -0.295456 0.421816 1.083624 
2317 -0.394558 -0.030013 1.253732 
2023 -0.346494 0.192418 1.245539 
1962 -0.324410 0.116744 1.283447 
581 -0.279145 0.118648 1.121168 
281 -0.311798 0.022188 1.255498 
1128 -0.278693 0.304100 1.279554 
1481 -0.454776 -0.183339 1.216674 
935 -0.488591 0.239925 1.102047 
1774 -0.509896 0.067523 1.219378 
904 -0.380452 0.330351 1.186950 
965 -0.418700 0.493375 1.211506 
789 -0.089119 0.168103 1.160570 
2637 -0.208296 0.540324 1.129785 
443 -0.086086 0.258273 1.309772 
2396 -0.302648 0.308907 1.262089 
1599 -0.265313 0.358716 1.150098 
2016 -0.357365 0.033281 1.150199 
1978 -0.297038 0.255448 1.253631 
845 -0.358497 0.056113 1.166412 
1339 -0.103976 0.346958 1.105428 
1231 -0.242691 -0.052581 1.311699 
1673 -1.227246 0.040219 1.226939 
2335 -0.359466 -0.067887 1.218582 
760 -0.286264 0.125385 1.230396 
948 -0.550039 0.363422 1.197191 
1122 -0.405381 0.366252 1.230249 
2363 -0.266943 0.089480 1.232463 
2404 -0.330370 0.116671 1.227058 
833 -0.157738 0.327804 1.269222 
1488 -0.049918 -0.186695 1.374341 
2502 -0.532000 0.024640 1.259153 
2092 -0.419012 0.195587 1.088734 
2319 -0.622394 0.020003 1.139832 
1078 -0.270844 0.464412 1.233858 
1079 -0.288738 0.395400 1.265100 
545 -0.276275 0.103691 1.195553 
567 -0.131455 0.242437 1.226017 
1636 -0.145260 0.198385 1.259179 
1637 -0.205470 -0.034538 1.169337 
931 -0.386348 0.057888 1.115494 
884 -0.189214 0.324183 1.218804 
563 -0.247761 0.492246 1.204044 
2399 -0.432561 -0.043867 1.230707 
1626 -0.461722 0.223455 1.235175 
1799 -0.582021 0.097943 1.067636 
1817 -0.149316 0.128790 1.307840 
40 -0.578299 0.177438 1.205145 
41 -0.279710 -0.183560 1.282972 
922 -0.153238 0.077803 1.202350 
907 -0.385811 0.212097 1.187745 
1495 -0.265241 -0.372495 1.350615 
1498 -0.353714 0.064388 1.250954 
881 -0.171268 0.377329 1.211953 
625 -0.167341 -0.017715 1.290152 
626 -0.335330 0.242986 1.206507 
334 -0.289035 -0.037896 1.213318 
277 -0.230100 -0.152808 1.267830 
309 -0.271596 0.256370 1.013444 
2093 -0.532203 0.094197 1.106475 
1672 -1.159457 -0.207242 1.283716 
1674 -1.066979 -0.319749 1.333534 
1029 -0.413902 0.197033 1.199487 
559 -0.068751 0.450435 1.327123 
1891 -0.137900 0.237347 1.238824 
165 -0.322947 0.329826 1.146230 
1792 -0.363213 0.140428 1.101990 
1847 -0.206256 0.131614 1.238311 
427 -0.427843 -0.068692 1.206786 
144 -0.163068 0.086981 1.235161 
1768 -0.493267 0.587986 1.221755 
1624 -0.102903 0.165692 1.287091 
1623 -0.424265 -0.019460 1.238992 
1932 -0.706532 0.221535 1.057667 
2523 -0.423933 0.268261 1.113860 
1606 -0.007463 0.642788 1.279480 
1266 -0.179156 0.153705 1.309564 
1105 -0.067663 0.286204 1.273887 
1115 -0.118090 -0.033321 1.284053 
1970 -0.157971 0.439395 1.225272 
33 -0.213692 0.371868 1.265026 
1711 -0.716499 0.305385 1.219116 
138 -0.252128 0.124172 1.292192 
1371 0.180999 -0.095763 1.356873 
1336 -0.112663 0.102794 1.203330 
409 -0.328558 0.108675 1.220078 
2454 -0.176784 0.112425 1.229086 
2457 -0.163037 0.164919 1.247288 
2456 -0.152407 0.159805 1.265838 
877 -0.242007 0.558072 1.252388 
2565 -0.384271 -0.080273 1.244281 
2218 -0.484593 0.164517 1.205033 
2200 -0.102397 0.555233 1.281725 
823 -0.074224 0.117161 1.240772 
818 -0.416230 0.129979 1.254301 
2165 -0.596068 0.040202 1.208177 
1159 -0.257597 0.290030 1.093110 
2545 -0.521423 -0.067588 1.126084 
2547 -0.490002 0.078429 1.066319 
1822 -0.215904 0.220386 1.156010 
1824 -0.444407 0.406864 1.155197 
2196 -0.232541 0.290540 1.178003 
1022 -0.162236 0.309708 1.069859 
1073 -0.317773 0.115282 1.270409 
847 -0.151765 0.322069 1.267133 
932 -0.263857 0.009405 1.289365 
1950 -0.094103 0.467628 1.226526 
720 -0.509043 0.349495 1.133573 
428 -0.449084 -0.098617 1.198180 
425 -0.073770 -0.127829 1.368318 
52 -0.351721 0.034890 1.165339 
2296 -0.400405 -0.297075 1.282802 
1055 -0.541443 0.181819 1.234236 
1789 -0.115778 0.343424 1.220427 
201 -0.453365 0.219451 1.095957 
2354 -0.301843 0.206821 1.085894 
209 -0.238749 -0.051336 1.258970 
339 -0.538268 0.393727 1.165869 
331 -0.470710 0.137484 1.202005 
1795 -0.157262 0.048577 1.149581 
1598 -0.210022 0.049711 1.215222 
1106 -0.144174 0.347449 1.266334 
351 -0.467006 0.326853 1.151987 
131 -0.133020 0.393467 1.218138 
1015 -0.077702 0.002638 1.181891 
1017 -0.040142 0.189107 0.902209 
2258 -0.303755 0.308138 1.050032 
2264 -0.389401 0.082038 1.176564 
1274 -0.076793 0.175157 1.295223 
1707 -0.458748 -0.277507 1.356268 
1192 -0.139265 0.236359 1.177885 
1191 -0.135850 0.131551 1.181406 
2155 -0.340454 0.288787 1.136277 
2232 -0.158657 0.312683 0.827053 
688 -0.543061 0.366658 1.161965 
2156 -0.057310 0.665946 1.249274 
2199 -0.323196 0.305997 1.239616 
316 -0.504373 0.478454 1.196909 
2227 -0.279215 0.549729 1.236163 
2051 -0.198031 0.351471 1.152375 
2053 -0.126928 0.225741 1.260261 
860 -0.446336 0.157166 1.153854 
657 -0.347841 0.403453 1.221220 
28 -0.300665 0.096554 1.209226 
1280 -0.180673 0.282697 1.199916 
2311 -0.171393 0.055162 1.252445 
2308 -0.188636 0.003472 1.092081 
882 -0.244317 0.373314 1.125067 
2600 -0.219318 0.310972 1.162587 
2577 -0.507215 0.241235 1.159188 
619 -0.272892 0.085926 1.161412 
623 -0.195982 0.209222 1.191373 
491 -0.442837 0.278743 1.143298 
496 -0.437592 0.004137 1.228144 
121 -0.103981 -0.091337 1.316293 
1233 -0.407899 0.248855 1.117443 
403 -0.659380 0.122714 1.205303 
517 -0.209896 0.035683 1.168965 
490 -0.517075 0.028245 1.171984 
55 -0.262402 0.340499 1.087779 
288 -0.244099 0.039932 1.283783 
2257 -0.288024 0.141089 1.251390 
2243 -0.356244 0.178428 1.140100 
1839 0.038213 0.211806 1.307235 
2619 -0.035030 -0.072678 1.331651 
2273 -0.181903 0.135475 0.838757 
2272 -0.262373 0.081710 1.241416 
2095 -0.496391 0.122003 1.198824 
1630 -0.164382 0.003111 1.223544 
1613 -0.348541 0.319540 1.221783 
1511 -0.224687 0.000255 1.270717 
2289 -0.273277 0.049838 1.199748 
2290 -0.225952 -0.003895 1.256110 
2569 -0.275121 0.269581 1.222888 
3 -0.389189 0.103871 1.064742 
10 -0.251785 0.319206 1.186322 
2073 -0.446620 0.011429 1.220219 
1453 -0.319539 -0.222584 1.286819 
1456 -0.363531 0.018174 1.086754 
2195 -0.112372 0.194690 1.270115 
2146 -0.488116 0.282023 1.185892 
1973 -0.295679 0.368267 1.222968 
1742 -0.633954 0.202565 1.239669 
1486 -0.204266 0.078072 1.289685 
1196 -0.110519 0.093847 1.219913 
1194 -0.154674 0.329245 1.243955 
1251 -0.089114 -0.012969 1.286195 
465 -0.202446 0.178148 1.278908 
679 -0.630720 0.201366 1.100379 
680 -0.837419 0.198844 1.110796 
1749 -0.370549 0.313775 1.221619 
1776 -0.436844 0.001484 1.119749 
2281 -0.269919 -0.078136 1.281110 
602 -0.529037 -0.023663 1.220636 
2530 -0.202348 0.080047 1.166189 
2526 -0.724853 -0.133870 1.198391 
2132 -0.053104 0.214155 1.282640 
949 -0.525436 0.463683 1.122289 
1054 -0.061132 -0.048194 0.919371 
1963 -0.197660 0.193296 1.256714 
2049 -0.455800 0.016500 0.973115 
2608 -0.244567 0.261939 1.281038 
2013 -0.275016 0.198083 1.227841 
1466 -0.340426 0.226110 1.198495 
1158 -0.375755 0.286799 1.071223 
1157 -0.108272 0.255896 1.189094 
45 -0.537802 0.318914 1.077933 
46 -0.262283 0.010234 1.117754 
587 -0.311972 0.330707 1.162305 
2288 -0.323256 -0.059459 1.189008 
2275 -0.174043 -0.135165 1.234844 
652 -0.204536 0.050801 0.494872 
1305 -0.369203 0.053457 1.146332 
1856 -0.553409 0.152488 1.172437 
643 -0.314570 0.139523 1.164482 
1897 -0.293771 0.279452 1.001503 
761 -0.425576 0.408422 1.152563 
1588 -0.510519 -0.027030 1.184293 
462 0.086356 0.324982 1.313025 
438 -0.116335 0.247913 1.298349 
174 -0.260339 0.616137 1.258494 
2161 -0.464869 0.424429 1.214689 
738 -0.156126 0.263480 1.177986 
2100 -0.682751 0.293844 1.149125 
2531 -0.352053 -0.059570 1.211977 
1930 -0.473516 0.002162 1.097996 
888 -0.505692 0.187642 1.146479 
1719 -0.784332 -0.115689 1.313796 
1730 -0.408646 -0.144453 1.266223 
360 0.205460 0.653010 1.362087 
710 -0.326654 0.118475 1.157882 
706 -0.302099 0.280099 1.111498 
2605 -0.156412 0.294650 1.206117 
2544 -0.487888 -0.076987 1.173504 
346 -0.509932 0.572627 1.194262 
369 -0.276662 0.526960 1.206779 
2366 0.031966 -0.009319 1.368439 
1125 -0.019313 0.530304 1.288423 
2593 0.041932 0.334387 1.236689 
2592 0.031085 -0.000222 1.344843 
1608 -0.270640 0.334121 1.207263 
1605 0.234143 0.108622 1.406394 
1987 -0.568393 0.035651 1.171021 
1018 -0.167418 0.090854 1.314036 
1087 -0.325848 0.024933 1.182728 
971 -0.248849 0.042135 1.229510 
936 -0.473249 0.246085 1.194429 
986 -0.114693 0.377606 1.310482 
91 -0.158085 0.206245 1.176594 
92 -0.339203 -0.075437 1.161642 
829 0.017081 0.217010 1.333705 
1981 -0.208627 -0.023782 1.195626 
2417 -0.061441 0.220352 1.192448 
229 -0.302895 0.452229 1.220631 
230 -0.303355 0.332431 1.292313 
1218 0.066158 0.028091 1.364643 
638 -0.237636 0.453038 1.190265 
642 -0.506629 0.024941 1.222288 
990 -0.339402 0.294975 1.120246 
1515 -0.155592 0.269404 1.310312 
1202 -0.005924 0.327060 1.326459 
1203 -0.018796 -0.068417 1.257152 
401 -0.619859 0.100541 1.164494 
588 -0.115225 -0.063618 1.295207 
2500 -0.059820 0.390304 1.258813 
321 -0.338151 0.310081 1.247393 
320 -0.479237 0.116764 1.245355 
820 -0.442892 -0.108052 1.304440 
413 -0.404786 0.114796 1.156530 
400 -0.503262 0.006718 1.150617 
2552 -0.131501 0.173063 1.242438 
846 -0.210955 0.225563 1.134082 
1677 -0.617003 0.378648 1.250944 
1394 0.102101 0.272006 1.279577 
2501 -0.077940 0.195030 1.148539 
1478 -0.313906 -0.160272 1.295712 
123 0.030907 0.315688 1.348228 
77 0.115085 0.498808 1.376118 
636 -0.374616 0.369262 1.181045 
1692 -0.697316 -0.135018 1.299674 
673 -0.454049 0.381508 1.185559 
1023 -0.367254 -0.081506 0.934167 
504 -0.115596 0.090496 1.254343 
1737 -1.106297 -0.249348 1.289219 
1777 -0.429510 0.226873 0.924687 
691 -0.595680 0.048381 1.201688 
1801 -0.471350 -0.060399 1.214803 
714 -0.187320 0.234320 1.098850 
2052 -0.443031 0.337092 1.119478 
1983 -0.336004 0.164653 1.114611 
1974 -0.016808 0.187310 1.283616 
565 -0.264960 0.278550 1.121514 
1292 -0.112140 0.015058 1.201196 
731 -0.115056 0.293168 1.218080 
2491 -0.346908 0.128287 1.096853 
2007 -0.092880 0.009095 1.338497 
2215 -0.133975 -0.053781 1.212276 
2212 -0.189689 -0.047658 1.277866 
341 -0.629326 0.393412 1.155700 
2159 -0.287328 0.714402 1.198851 
585 -0.326295 0.135511 1.177681 
719 -0.356016 0.274188 1.231814 
231 -0.327745 0.347487 1.172028 
1335 0.079962 0.150364 1.350283 
1373 0.107902 0.280179 1.265687 
1361 -0.298979 0.279797 1.245496 
1310 -0.052141 -0.133861 1.332677 
1935 -0.623091 0.352612 1.150488 
2145 -0.599306 0.185982 1.205551 
2152 -0.175315 0.310540 1.179560 
528 -0.329915 0.550961 1.218202 
765 -0.334255 0.263281 1.214258 
314 -0.145965 0.337614 1.278178 
1063 -0.241882 0.342621 1.161262 
911 -0.462202 0.358173 1.218636 
1705 -0.993042 0.455847 1.176758 
1706 -0.913382 0.455303 1.189143 
2083 -0.656943 0.166394 1.168893 
308 -0.175337 0.264237 1.122072 
988 -0.249564 -0.005079 1.256992 
2575 -0.434324 0.154035 1.146904 
1384 -0.070842 0.273818 1.296953 
1383 -0.180965 0.507920 1.243631 
1848 -0.263125 0.010860 0.871804 
1726 -0.375886 0.170586 1.277409 
1723 -0.495289 0.023477 1.299291 
2282 -0.364281 0.260324 1.251427 
235 -0.245860 -0.183903 1.291244 
241 -0.141083 0.126245 1.266464 
364 -0.451732 0.309701 1.197521 
2633 -0.258999 0.268284 1.171138 
2398 -0.025628 0.366253 1.304310 
2617 -0.064482 -0.027560 1.298485 
2625 -0.026749 0.270353 1.362577 
1896 -0.509877 0.270290 1.169593 
1823 -0.439358 0.204438 0.979043 
405 -0.213158 0.177029 1.231345 
408 -0.153946 0.088940 1.299854 
2384 -0.194821 0.252124 1.292819 
2348 -0.146260 0.370241 1.156119 
929 -0.228247 0.165716 1.212043 
2498 -0.288932 0.115519 1.157488 
905 -0.490209 0.321493 1.191849 
864 -0.351455 0.397950 1.107806 
1780 -0.497220 0.299442 1.289477 
1244 -0.191569 0.169630 1.199685 
1124 -0.419411 0.299461 1.198248 
1103 -0.446299 0.056357 1.237289 
1602 -0.155428 0.103703 1.258257 
110 -0.079409 -0.019618 1.323430 
1069 -0.455237 0.277399 1.189256 
1716 -0.986555 -0.296410 1.277122 
525 -0.259330 0.151684 1.256882 
402 -0.735201 0.143888 1.117948 
1281 0.006312 0.285369 1.344308 
1346 -0.261780 0.288163 1.241901 
2280 -0.024711 -0.005125 1.337734 
1443 -0.400361 0.171215 1.172148 
1476 -0.521920 -0.148437 1.261947 
2429 -0.325485 0.059060 0.929361 
874 -0.146969 0.166534 1.224199 
914 -0.895522 0.277145 1.126959 
912 -0.268417 0.234306 1.099211 
2646 -0.494800 0.416241 1.093174 
2409 -0.328460 -0.004647 1.232040 
2027 -0.308223 0.153097 1.263346 
1879 -0.435483 0.561586 1.132869 
370 -0.234584 0.169636 1.209796 
1979 -0.207495 0.121704 1.271086 
376 -0.463084 0.342146 1.185138 
2121 -0.003445 -0.015044 1.337943 
419 -0.332942 0.073623 1.227156 
387 -0.324596 -0.005067 1.192947 
770 -0.433044 0.079491 1.259501 
1584 -0.348685 0.310192 1.193387 
2022 -0.304356 0.213077 1.211413 
1537 -0.031252 0.018434 1.332119 
2302 -0.087585 -0.284522 1.269971 
1872 -0.588140 0.176290 1.145732 
966 -0.356716 0.113810 1.265814 
983 -0.301470 0.297998 1.275043 
181 -0.437388 0.149328 1.112142 
552 -0.467834 0.232664 1.158016 
551 -0.394460 0.100133 1.205615 
2094 -0.460912 0.164805 1.160058 
2062 -0.134575 0.056884 1.133873 
466 -0.195989 0.348910 1.256305 
1607 0.174163 0.477736 1.353667 
2208 -0.377670 0.255127 1.206068 
1744 -0.734178 0.048640 1.223216 
1520 -0.235001 0.345407 1.224576 
1519 -0.044567 0.485688 1.236045 
1816 -0.172472 -0.021710 1.079477 
1804 -0.475598 -0.010442 1.221479 
437 -0.057482 -0.044443 1.356367 
461 -0.179748 -0.161429 1.278397 
2001 0.004613 0.096298 1.346390 
1038 -0.159923 0.205349 0.574181 
1061 -0.536283 0.074354 1.131400 
628 -0.314187 0.351892 1.121138 
1690 -0.380943 0.560496 1.272038 
1709 -0.202753 0.116641 1.214009 
894 -0.161058 0.276410 1.064588 
919 -0.476981 0.063616 1.107334 
404 -0.585368 -0.071455 1.085243 
1639 -0.358441 0.248427 1.201620 
705 -0.152722 0.223196 1.102784 
1595 -0.223438 0.344915 1.151112 
62 -0.289828 0.427235 1.213814 
26 -0.221010 0.062733 1.124660 
2624 -0.327733 0.123295 1.213940 
2618 0.018720 0.260131 1.285381 
1772 -0.958368 0.458649 1.114750 
1988 -0.187148 0.271912 1.190585 
1434 -0.348229 0.102812 1.098936 
1435 -0.384642 0.130132 1.054108 
1616 -0.348717 0.289051 1.167638 
887 -0.405819 0.229666 1.118471 
1921 -0.120788 0.339968 1.178183 
1543 -0.204103 -0.220004 1.313992 
222 -0.242212 0.209073 1.276414 
1269 0.090342 0.200084 1.379408 
1407 0.022879 0.160337 1.330738 
291 -0.263382 0.350362 1.266820 
1126 -0.191168 0.162305 1.251467 
1127 -0.181397 0.354151 1.185849 
1137 -0.154509 0.488967 1.246659 
1997 -0.054528 0.392613 1.256633 
1846 -0.328406 0.316400 1.238186 
1845 -0.001602 0.049834 0.694607 
2064 -0.253892 0.094603 1.105656 
2058 -0.117986 0.092838 1.179159 
2098 -0.802928 0.146367 1.159308 
2080 -0.519671 0.348313 1.159990 
1725 -0.214331 -0.016461 1.366151 
1724 -0.144055 -0.119022 1.389285 
166 -0.293220 0.407141 1.202899 
665 -0.260260 0.512922 1.228940 
655 -0.271317 0.103611 1.289358 
1524 -0.038449 0.567126 1.243664 
2631 -0.183485 0.090170 1.239308 
267 -0.208892 -0.168525 1.343662 
2535 -0.305821 0.262605 0.965905 
1670 -0.135357 0.093342 1.357660 
1756 -0.736660 0.111548 1.241958 
1490 -0.380942 -0.070120 1.120364 
2382 -0.455972 0.482012 1.176628 
2379 -0.198672 0.111157 1.279430 
245 -0.437364 0.180949 1.171577 
249 -0.441828 -0.018718 1.127633 
2231 -0.111604 0.259753 1.337958 
342 -0.325854 0.327877 1.135242 
2188 -0.118622 0.205088 0.895653 
2266 -0.090103 0.238113 1.143342 
71 -0.176104 -0.051168 1.315500 
482 -0.281454 0.050218 1.306771 
582 -0.098554 0.220452 0.973598 
614 -0.211046 0.068571 1.217990 
584 -0.526388 0.062809 1.189288 
641 -0.463913 0.362801 1.176660 
1090 -0.197388 0.359052 1.281204 
788 -0.335453 -0.181184 1.290727 
797 -0.266976 0.009288 1.284091 
429 -0.318079 -0.068267 1.302924 
749 -0.488824 0.200072 1.198871 
1535 -0.126687 0.261620 1.328594 
158 -0.031801 0.424143 1.222121 
1101 -0.473698 -0.138506 1.267136 
1067 -0.402339 0.022745 1.210395 
1945 -0.517192 -0.046797 1.223570 
701 -0.607392 0.068020 1.148159 
220 -0.210377 0.071425 1.195520 
644 -0.435800 0.476946 1.170917 
1241 -0.287383 0.277439 1.208941 
917 -0.297959 -0.044528 0.583721 
1113 -0.509273 -0.011119 1.231468 
1111 -0.190003 0.141649 1.210385 
426 0.117546 -0.013146 1.374187 
732 -0.224896 0.249894 1.201273 
1702 -0.866630 0.285781 1.196658 
130 -0.070922 0.429628 1.273211 
2594 -0.048314 0.273296 1.196884 
798 -0.287451 0.146985 1.311785 
1862 -0.070547 0.160007 1.152874 
984 -0.309359 0.295077 1.260271 
906 -0.167070 0.283351 1.180912 
484 -0.374210 0.169360 1.143513 
441 -0.198983 0.397587 1.208014 
134 -0.289971 0.344542 1.206571 
469 -0.034130 0.054104 1.312842 
2578 -0.400630 0.063559 1.174737 
2610 0.079406 0.290688 1.259655 
2190 -0.279890 0.110115 1.266127 
149 -0.480922 0.440722 1.007922 
436 0.024494 0.092024 1.256600 
1669 -0.278148 -0.044265 1.313245 
694 -0.579115 0.412927 1.194308 
143 -0.496597 0.331470 1.131767 
1767 -0.302947 0.264502 1.159652 
1402 -0.149111 0.398956 1.224594 
1239 -0.068463 -0.027640 1.333331 
2178 -0.267338 0.530210 1.203595 
471 -0.133526 0.315890 1.222646 
499 -0.338516 0.098767 1.216861 
25 -0.471389 0.439374 1.080580 
668 -0.323536 0.237134 1.173847 
19 -0.339634 0.172350 1.198736 
2120 -0.151378 0.308996 1.307070 
1390 -0.157736 0.249375 1.154313 
2194 -0.257948 0.296523 1.098729 
2318 -0.580517 0.100810 1.124811 
2074 -0.309445 0.348908 1.166375 
1059 -0.348405 0.024529 1.236141 
2224 -0.331016 0.409411 1.246822 
2163 -0.414161 0.570224 1.181979 
1393 -0.075188 0.317185 1.276441 
329 -0.161638 0.081190 1.241190 
2261 -0.408442 0.313229 1.137130 
2260 -0.419473 0.017312 1.258611 
1671 -0.333611 -0.284046 1.412134 
218 -0.285647 0.175537 1.250108 
172 -0.373307 0.577393 1.167488 
557 -0.012487 0.351399 1.282400 
560 -0.524068 0.241988 1.091491 
661 -0.321704 0.167971 0.759076 
2223 -0.409811 0.172858 1.166798 
1781 -0.467490 -0.132745 1.358537 
1850 -0.103285 0.227641 1.086300 
1895 -0.174472 0.262455 1.199835 
695 -0.338363 0.175168 0.940246 
1820 -0.178034 0.055125 1.268178 
1890 -0.443619 0.213539 1.108141 
317 -0.539340 0.438623 1.141635 
1985 -0.393339 0.301698 1.151434 
1902 -0.567543 0.157863 1.186024 
1887 -0.479393 0.283497 1.043536 
2169 -0.181692 0.536267 1.268566 
389 -0.301316 0.108708 1.238540 
2443 -0.205802 0.343913 1.161139 
1775 -0.544405 0.479460 1.198046 
1770 -0.567927 0.617459 1.210466 
1260 -0.208866 0.023315 1.343086 
1216 -0.106838 0.053164 1.286129 
1121 -0.160393 0.314322 1.194850 
1275 -0.126730 -0.066925 1.185556 
667 -0.145530 -0.066194 1.380578 
393 -0.327239 -0.050796 1.307083 
180 -0.343565 0.461350 1.218677 
2573 -0.391465 -0.012849 1.072253 
1952 -0.232149 0.481595 1.237002 
677 -0.573234 0.332186 1.156645 
377 0.034020 0.339854 1.281605 
371 -0.168093 0.318131 1.234304 
506 -0.377367 -0.198785 1.298581 
73 -0.453431 0.259389 1.198753 
531 -0.239314 0.156908 1.222548 
2128 -0.194562 0.122244 1.260998 
916 -0.655062 0.112455 1.143026 
902 -0.437229 0.377607 1.087316 
1455 -0.542316 -0.149827 1.183291 
2060 -0.156818 0.015035 1.124076 
2056 -0.488700 0.341296 1.095667 
662 -0.373136 0.259498 1.173861 
739 -0.319441 0.053719 1.286295 
394 -0.222523 0.243398 1.158977 
98 -0.667371 0.111836 1.116804 
30 -0.490979 0.108211 1.227974 
784 -0.506749 0.128370 1.142475 
763 -0.373966 0.257980 1.123561 
1229 -0.331063 0.172582 1.246547 
1319 0.068058 0.084501 1.276465 
839 -0.176828 0.050920 1.071679 
2011 -0.181894 0.246974 1.254226 
754 -0.282065 0.263893 1.252615 
2337 -0.283243 -0.065638 1.256134 
2042 -0.148659 0.292917 1.225730 
2034 -0.359530 0.068883 1.110969 
2591 -0.336940 0.142644 1.196408 
1147 0.048390 0.364392 1.311222 
1568 -0.179784 -0.107311 1.313704 
1367 -0.401775 0.125983 1.195204 
2276 -0.118943 0.185739 1.199397 
2313 -0.345538 -0.262337 1.275710 
870 -0.191311 0.296836 1.201337 
861 -0.244322 0.001634 1.149981 
859 -0.341495 -0.082817 1.201270 
806 -0.295566 0.144503 1.206857 
444 -0.306187 0.144276 1.152359 
442 -0.222618 0.042937 1.279148 
340 -0.620704 0.254999 1.152354 
604 -0.175628 0.132956 1.200185 
344 -0.218616 0.157505 1.239204 
1534 -0.066089 -0.227279 1.383523 
1531 0.221236 -0.244485 1.499387 
1471 -0.228994 0.176780 1.274421 
122 -0.029176 0.332056 1.261037 
154 -0.511812 0.314291 1.176385 
1516 -0.289310 0.164544 1.218399 
577 -0.084075 0.288510 1.211249 
2040 -0.300632 0.035820 1.251696 
564 -0.367766 0.195825 1.108331 
2390 -0.356591 -0.097668 1.287958 
989 -0.259285 0.316347 1.291590 
78 -0.021024 0.308993 1.285177 
1603 -0.046812 0.245498 1.268376 
1967 -0.375371 0.368363 1.150919 
992 0.193974 0.546985 1.317204 
1793 -0.187442 0.160947 1.227088 
87 -0.319465 0.066900 1.090021 
292 -0.315970 -0.205627 1.305570 
1732 -0.734503 0.249998 1.216811 
1590 -0.575803 -0.172162 1.236599 
766 -0.072528 0.159990 1.207668 
777 -0.279628 -0.004363 1.303653 
1803 -0.232464 0.323803 1.141175 
1805 -0.446962 0.034616 1.103191 
1027 -0.272495 0.200696 1.262974 
1254 -0.298991 0.304923 1.183039 
1294 -0.130694 0.013248 1.248414 
80 0.039627 0.304396 1.340682 
127 -0.349220 0.407376 1.238775 
1628 -0.336831 -0.095525 1.260660 
2138 -0.383994 0.046190 1.196166 
743 -0.269135 0.199573 1.260834 
753 -0.375888 0.402066 1.136919 
2181 -0.306941 -0.045199 0.862979 
2521 -0.576590 0.371269 1.113716 
2389 -0.485034 0.669973 1.157931 
920 -0.239894 0.072920 1.196255 
865 -0.517389 0.193968 1.123576 
6 -0.410252 0.346513 1.176273 
2444 -0.131170 0.103923 1.266769 
35 -0.328804 0.221239 1.115067 
2476 -0.694477 0.508580 1.103780 
14 -0.318699 0.295175 1.194334 
658 -0.489868 0.317758 1.203575 
787 -0.132676 -0.156413 1.355554 
1731 -0.652580 -0.188216 1.310059 
699 -0.408350 0.094669 0.978043 
1255 0.093211 0.241552 1.362494 
2225 -0.172467 0.402451 1.223791 
384 -0.586500 0.278030 1.068169 
1761 -0.978189 0.449807 1.149598 
1301 -0.147876 0.115925 1.120018 
1290 -0.318935 0.113742 0.975322 
2021 -0.046825 0.167129 1.340924 
151 -0.535214 0.493532 1.117446 
2267 -0.396599 0.139904 1.223831 
1876 -0.221892 0.114400 1.224889 
1835 -0.266005 0.329476 1.136546 
223 -0.502773 0.217071 1.117880 
1315 0.383117 0.101726 1.411588 
975 -0.155786 0.400407 1.338685 
1156 -0.336617 0.291372 1.128216 
1920 -0.465550 0.302357 1.014003 
1919 -0.397502 0.034367 0.840873 
140 -0.050286 0.356987 1.305774 
2612 0.049082 0.093924 1.218295 
633 -0.239322 0.127916 1.208731 
574 -0.186852 0.331496 1.227835 
885 -0.457981 0.151439 1.077969 
1888 -0.206651 0.309313 1.218561 
1206 -0.094093 -0.113645 1.318609 
1211 -0.292120 -0.051734 1.211475 
835 -0.410784 0.167405 1.214677 
2558 -0.353094 0.144009 1.130156 
258 -0.377460 -0.118513 1.238040 
1936 -0.398489 -0.046758 1.250619 
1201 0.006033 0.099268 1.300213 
1419 -0.527315 -0.014464 1.123941 
1454 -0.341950 0.071722 1.220154 
500 -0.217996 0.329567 1.329785 
169 -0.097190 0.699764 1.278360 
1092 -0.130634 0.252479 1.190724 
1093 -0.260544 0.115595 1.244941 
1450 -0.349969 0.081414 1.245088 
1163 -0.291940 -0.049341 1.267496 
1161 -0.235356 0.129971 1.217598 
1235 -0.122495 0.281387 1.248058 
663 -0.323572 0.268832 1.252213 
1984 -0.578540 -0.125305 1.238352 
193 -0.165010 0.604059 1.240273 
2012 -0.317331 0.016269 1.264545 
2028 -0.103734 0.017716 1.279050 
2406 -0.182108 0.297617 1.268878 
533 -0.280358 0.013983 1.322906 
534 -0.526384 0.052562 1.189108 
592 -0.184496 0.109114 1.246289 
1086 -0.435343 0.050183 1.158647 
1860 -0.193978 0.410076 1.105786 
1253 -0.219179 0.221685 1.249591 
355 -0.326333 0.280157 1.216694 
2057 -0.179170 0.321549 1.138500 
392 -0.448890 -0.070037 1.058105 
386 -0.402738 -0.211794 1.299955 
684 -0.459281 0.254712 1.135587 
2588 -0.363801 -0.111921 1.211416 
579 -0.145668 0.156007 1.209312 
712 -0.149421 0.382905 1.213402 
758 -0.106237 0.321569 1.249918 
1117 0.007890 0.156656 1.353536 
1116 -0.175870 0.178688 1.206436 
1857 -0.131123 0.289686 1.238483 
1133 0.046936 0.278749 1.285317 
580 -0.289411 0.021947 1.283036 
2528 -0.279285 0.133509 1.218101 
1094 -0.140178 0.015017 1.252477 
606 -0.118184 0.067252 1.281678 
609 -0.303270 0.276090 1.230946 
1330 -0.441726 0.428189 1.180874 
1452 -0.444773 0.062917 1.225232 
1342 0.060108 0.308561 1.355265 
1374 0.052163 -0.077451 1.391636 
2081 -0.538403 0.334704 1.145626 
1449 -0.385067 0.113595 1.174343 
246 -0.403648 0.086383 1.207715 
1332 -0.177335 0.468899 1.181986 
1358 -0.020662 0.068512 1.280908 
1991 -0.525616 0.081968 1.195765 
2025 -0.314567 0.035363 1.183994 
878 -0.201005 0.127566 1.255505 
1786 -0.335732 0.328698 1.023404 
79 -0.154480 0.156152 1.292235 
1821 -0.086043 0.420192 1.217380 
1647 -0.567675 0.104684 1.169551 
868 -0.432525 0.101452 1.140311 
349 -0.389034 0.187574 1.065041 
2587 -0.069501 -0.091583 1.178881 
2582 -0.243827 -0.052909 1.169252 
1380 0.061741 0.343006 1.360274 
1341 0.037742 0.582192 1.309966 
2247 -0.143242 -0.093468 1.272177 
1199 -0.155787 0.298323 1.146892 
2108 -0.290094 0.384038 1.166764 
2466 -0.240868 0.119282 1.273970 
1317 0.041024 0.037091 1.262999 
8 -0.496926 0.229232 1.002098 
2185 -0.273498 0.081449 1.176729 
118 -0.201830 0.112289 1.248082 
2164 -0.455142 0.233845 1.079040 
2209 -0.208388 -0.053513 1.320723 
817 -0.363856 0.207487 1.210800 
804 -0.602451 0.175122 1.129517 
48 -0.119772 0.119783 1.231985 
18 -0.402027 0.368371 1.107643 
195 -0.192042 0.612404 1.281302 
2198 -0.465618 0.626259 1.183060 
137 -0.083870 0.292238 1.252693 
2255 -0.458683 0.162494 0.997082 
2240 -0.152072 -0.056266 0.436070 
996 -0.140100 0.247165 1.067799 
1397 -0.147781 -0.084356 1.317890 
2447 -0.219288 -0.071020 1.278248 
1778 -0.136127 0.053240 1.376364 
311 -0.178707 0.066162 1.351850 
926 -0.303849 0.247587 1.169978 
2201 -0.355496 0.180285 1.261833 
2221 -0.131403 0.116898 1.331283 
589 -0.290587 0.078185 1.242094 
1682 -0.262477 0.321055 0.953228 
1436 -0.235114 -0.010155 1.038735 
1954 -0.325464 0.147428 1.209434 
987 -0.516822 0.132607 1.273158 
972 -0.215171 0.115152 0.874915 
514 -0.150739 0.023277 1.320054 
2373 -0.178811 0.263902 1.274836 
2360 -0.252931 -0.031308 1.205687 
993 0.217768 0.220679 1.389038 
2191 -0.157391 0.096402 1.253892 
1249 -0.114550 0.178190 1.321477 
2133 -0.297126 0.313167 1.126443 
844 -0.510874 -0.179158 1.243737 
474 -0.173860 0.100126 1.273487 
1140 -0.281864 0.437858 1.171634 
2144 -0.332138 0.102575 1.227969 
2197 -0.293211 0.586962 1.195733 
649 -0.161898 0.026106 1.298862 
648 -0.445784 0.400337 1.139585 
330 -0.176563 0.422089 1.228301 
332 -0.102912 0.184418 1.291370 
942 -0.502096 0.480904 1.183213 
1721 -0.796270 0.173203 1.210764 
2143 -0.215009 0.226712 1.130752 
664 -0.179906 0.430941 1.277240 
434 -0.018108 -0.157306 1.399439 
808 -0.023795 -0.030572 1.367039 
671 -0.312935 0.730489 1.217988 
244 -0.271325 0.079723 1.136439 
2428 -0.262885 0.052377 0.987732 
869 -0.161624 0.186663 1.086890 
921 -0.241254 0.302371 1.251856 
2293 -0.347829 0.134784 1.103202 
1629 -0.491977 0.051889 1.241408 
1512 -0.158805 -0.021869 1.240771 
1514 -0.280191 0.089495 1.242257 
1459 -0.547267 -0.138287 1.217307 
2125 -0.300158 -0.180310 1.340141 
2328 -0.168068 0.239799 0.827271 
854 -0.323774 -0.096917 1.174817 
856 -0.301073 0.295725 1.036088 
1388 -0.014263 0.382791 1.265275 
2220 -0.225352 0.420692 1.201286 
214 -0.337759 0.181282 1.115423 
105 -0.325710 0.220259 1.157964 
161 -0.420503 0.469045 1.223023 
1081 -0.279204 0.112571 1.242811 
1097 -0.426107 0.015076 1.243702 
2393 -0.390338 0.121695 1.233804 
2566 -0.602652 0.058571 1.126007 
2284 -0.164041 0.019428 1.213331 
1287 -0.168008 0.363991 1.068252 
1338 -0.063883 0.152443 1.246983 
1893 -0.295481 0.255737 1.227241 
111 -0.075498 0.191033 1.269260 
1771 -1.130737 0.379236 1.111964 
367 -0.589274 0.565015 1.134000 
750 -0.545153 0.327195 1.194586 
1313 0.365941 0.212653 1.377962 
1311 0.216918 0.130737 1.371000 
2597 0.117712 0.566077 1.286636 
1283 -0.297506 0.258372 1.093900 
1746 -0.768919 0.208132 1.184491 
2358 -0.532780 0.257125 1.174797 
2355 -0.217509 0.324960 1.211265 
2048 -0.215969 0.312974 1.113364 
1418 -0.352161 0.089523 1.181718 
1321 -0.016791 0.139637 1.237740 
1837 0.090162 0.361860 1.322107 
494 -0.317834 0.301335 0.913333 
940 -0.539593 0.258649 1.140671 
1150 0.130695 0.205013 1.336686 
925 -0.440781 -0.014043 1.177833 
1316 0.060540 0.142390 1.312185 
1296 -0.020160 0.078343 1.319760 
294 -0.061966 0.270232 1.255090 
262 -0.341211 -0.265821 1.318829 
934 -0.511840 0.059207 1.211590 
1928 -1.018356 0.375459 1.039280 
1913 -0.439373 -0.069225 1.080108 
2345 -0.065147 0.059846 1.090318 
1470 -0.349567 0.162377 1.250829 
1739 -0.432740 -0.049615 1.307842 
1765 -0.735348 0.422561 1.191184 
2427 -0.062477 0.026071 1.228426 
1170 -0.042417 0.153458 1.265645 
1833 -0.199157 0.295565 0.702401 
2490 -0.294074 0.029631 0.896179 
2532 -0.333953 0.056223 1.296479 
958 -0.428107 0.155441 1.201077 
1762 -0.335598 0.169546 1.271430 
1050 -0.429146 0.283185 1.162949 
1013 -0.246652 -0.020517 0.841886 
1200 -0.096340 0.068673 1.275740 
1215 -0.061043 0.252915 1.038168 
1142 -0.114437 0.504895 1.210068 
670 -0.297731 0.372164 1.128309 
1465 -0.121711 0.113134 1.292564 
928 -0.353226 0.334061 1.136124 
327 -0.441201 0.299944 1.214059 
1722 -0.464743 0.048169 1.284064 
2101 -0.393886 0.464601 1.121681 
2104 -0.709821 0.101587 1.159665 
1843 -0.462356 0.144562 1.223361 
1812 -0.357787 0.386652 1.157122 
2149 -0.414874 0.088054 1.140438 
952 -0.423919 0.342382 1.192298 
226 -0.277146 0.478348 1.215250 
1611 -0.211416 0.009226 1.316282 
1422 -0.396067 0.058054 1.185247 
2286 -0.340954 -0.089641 1.166496 
2287 -0.272033 0.017304 1.175508 
363 -0.588365 0.486648 1.128174 
1760 -0.650135 0.342917 1.195298 
273 0.011600 -0.051776 1.270231 
2130 -0.335226 0.291722 1.174553 
903 -0.553806 0.346274 1.173776 
270 -0.302377 0.190859 1.204451 
1582 -0.119027 0.185957 1.308385 
1855 0.020794 0.372098 1.311356 
1502 -0.123591 -0.011647 1.255493 
2377 -0.536315 0.331115 1.180824 
2376 -0.454723 0.052084 1.166856 
640 -0.473151 0.339672 1.136893 
1969 -0.452544 0.279191 1.194635 
2026 -0.522832 0.147702 1.201834 
899 -0.488428 0.418419 1.186288 
1961 -0.222847 -0.092031 1.320409 
1033 -0.070296 0.077149 0.826708 
755 -0.345923 0.176385 1.193312 
707 -0.214563 -0.001452 0.236817 
900 -0.482240 0.067178 1.008272 
898 -0.202556 0.114597 1.301650 
2322 -0.136297 -0.227341 1.352630 
2314 -0.128787 -0.276392 1.280172 
1809 -0.210971 0.240125 1.206821 
1439 -0.485876 0.044633 1.137331 
2344 -0.215663 -0.035621 1.185223 
1861 -0.189487 0.097609 1.150785 
1364 -0.150268 0.057507 1.228310 
286 -0.161306 0.273724 1.177328 
411 -0.358651 0.085168 1.204601 
1232 -0.320706 0.189826 1.247266 
824 -0.121235 -0.267888 1.372547 
2474 -0.461486 0.307356 1.114538 
1550 -0.391352 0.065735 1.119499 
322 -0.319014 -0.021990 1.320884 
2475 -0.471985 -0.018411 1.206264 
1131 0.146994 0.126524 1.371010 
457 0.044255 -0.028256 1.281660 
2342 -0.527621 -0.106021 1.173078 
2256 -0.309839 -0.054705 1.054093 
1712 -0.772855 -0.002061 1.208465 
1708 -0.255701 0.152297 1.282909 
1729 -0.240960 -0.083099 1.360789 
458 -0.212906 -0.117016 1.212818 
2394 -0.163516 0.344757 1.247170 
1556 -0.189491 0.197039 1.159933 
1557 -0.363700 0.083288 1.103891 
135 -0.139583 0.221992 1.044851 
2151 -0.406770 0.111356 1.116576 
1299 -0.218529 0.105493 1.205410 
56 -0.291018 0.304753 1.176148 
1457 -0.552395 -0.108901 1.201462 
1108 -0.339849 -0.126593 1.256832 
24 -0.266398 0.041846 1.233452 
1977 -0.344317 0.110006 1.206663 
946 -0.559218 0.102074 1.157376 
939 -0.570172 0.215428 1.202268 
312 -0.254378 -0.098460 1.345157 
951 -0.288356 0.148561 1.230317 
1271 -0.124216 0.097131 1.312240 
561 -0.364736 0.345979 1.065816 
2425 -0.335243 0.065318 1.218168 
841 -0.413656 0.111288 1.215700 
1480 -0.339302 -0.309372 1.317534 
423 -0.241973 0.076417 1.268775 
1738 -0.782705 0.153357 1.191919 
819 -0.185224 -0.086557 1.210720 
1118 -0.370599 0.099983 1.197557 
1123 -0.426959 0.298846 1.212105 
306 -0.395138 0.182758 1.279124 
1355 -0.225550 0.087477 1.324530 
2262 -0.066536 0.338467 1.175587 
809 -0.337029 -0.014993 1.142490 
2102 -0.502472 0.361099 1.113276 
417 -0.399116 0.050963 1.219896 
2473 -0.388800 0.369553 1.169306 
1030 -0.477847 0.040760 1.165558 
812 -0.247942 -0.118057 1.322012 
70 -0.417964 0.369557 1.137350 
666 -0.242916 0.394274 1.266872 
857 -0.203281 0.049858 1.264865 
1659 -0.544627 0.263952 1.093111 
2115 -0.350767 0.169615 1.111850 
1205 -0.347265 0.022969 1.152856 
674 -0.392803 0.089992 1.152848 
2033 -0.254715 0.025373 1.065427 
1100 -0.447315 -0.036245 1.243956 
702 -0.377507 0.191149 1.003185 
1198 -0.323930 0.140263 1.225709 
27 -0.276432 0.290304 1.082044 
2480 -0.428139 0.008561 1.244987 
2460 -0.443560 0.334012 1.166226 
503 -0.090610 0.232017 1.326584 
532 -0.440523 -0.108816 1.223065 
1074 -0.425754 0.265050 1.248997 
1309 0.374875 -0.175313 1.477273 
1681 -0.132590 0.177838 0.186674 
955 -0.634272 0.564745 1.155115 
1328 -0.107409 0.287726 1.258509 
1840 -0.664800 0.205064 1.124779 
1077 -0.606943 0.388658 1.157387 
810 0.199932 -0.197489 1.518035 
815 -0.221546 0.301020 1.153901 
813 -0.410460 0.100367 1.151312 
735 -0.539554 -0.031031 1.256714 
2601 -0.289446 0.122767 1.177567 
2602 -0.107446 0.110253 0.306451 
31 -0.667946 0.344751 1.084284 
2107 -0.428944 0.268299 1.175509 
730 -0.267248 0.392671 1.206834 
2295 -0.122416 0.099538 1.105663 
2045 -0.162938 0.062534 1.189275 
774 -0.287146 -0.007473 1.154330 
1697 -1.099732 -0.455602 1.312516 
2586 -0.057273 0.042735 1.233554 
2408 -0.252278 0.279440 1.196497 
834 -0.158886 0.353199 1.155732 
2536 -0.135541 0.159645 1.255990 
117 -0.301460 -0.090864 1.225641 
2072 -0.054579 0.027676 1.286611 
272 -0.297264 -0.143648 1.218593 
1990 -0.421051 0.176245 1.191964 
1104 -0.362753 0.279072 1.120789 
1053 -0.246432 -0.002203 1.211655 
1265 0.087057 0.321176 1.364700 
1577 -0.169166 0.231138 1.165169 
1555 -0.321631 0.002596 1.219125 
476 -0.081445 0.214304 1.311023 
2524 -0.428507 0.212876 1.041233 
2515 -0.406936 -0.100638 1.080147 
659 -0.502162 0.163829 1.199592 
1350 -0.088700 0.156563 1.260120 
287 -0.241911 -0.068065 1.130311 
781 -0.075897 0.084513 1.139549 
16 -0.028159 0.323470 1.276595 
324 -0.455368 0.364184 1.222923 
1375 0.056758 0.162721 1.319178 
1379 0.100821 0.452138 1.313814 
2364 -0.272112 0.250651 1.237294 
2579 -0.053330 0.256577 1.166650 
700 -0.550235 0.175168 1.091762 
1165 -0.437719 0.193866 1.198013 
2636 0.024097 0.243314 1.195563 
795 -0.164428 0.285749 1.246295 
954 -0.196569 0.334973 1.207470 
956 -0.515661 0.253936 1.143053 
120 -0.135670 0.256374 1.332682 
399 -0.311054 -0.103308 1.231676 
2268 0.031181 -0.041244 1.337941 
1562 -0.417115 0.067048 1.252094 
1501 -0.386844 0.092183 1.195061 
759 -0.255856 0.238609 1.244664 
1687 -0.071058 0.329827 1.347616 
1755 -0.612673 0.013805 1.295973 
2088 -0.609227 0.027855 1.194807 
2315 -0.101277 -0.066517 1.257708 
1686 -0.168162 0.535585 1.286899 
1828 -0.187926 0.268431 1.167317 
1808 -0.383245 0.227336 1.154890 
422 0.007635 -0.170931 1.421557 
260 -0.430871 -0.173638 1.159950 
259 -0.104323 -0.079409 1.340332 
1387 -0.234037 0.364194 1.226084 
1356 -0.069659 0.279079 1.302403 
2481 -0.112604 0.167644 0.626318 
520 0.150719 0.318603 1.324801 
2263 -0.036083 0.144949 1.283047 
1655 -0.237574 0.101134 1.261735 
800 -0.131450 0.242649 1.242128 
89 -0.408170 0.185789 1.132581 
2640 -0.119316 0.141128 1.235400 
2641 -0.409712 0.173279 1.205584 
359 -0.344364 0.043069 1.227736 
597 -0.131809 0.447633 1.250129 
2182 -0.327480 0.328774 1.249633 
2150 -0.293901 0.156436 1.219792 
1533 -0.145290 -0.093263 1.299073 
1834 -0.116394 0.295030 1.234283 
825 -0.323907 0.175313 1.234585 
502 -0.122045 -0.168537 1.357245 
406 -0.220556 0.095106 1.240872 
2069 -0.327365 0.075626 0.933016 
2009 -0.029850 -0.217761 1.323087 
256 -0.276055 0.033046 1.265907 
257 -0.128791 -0.150099 1.302374 
1759 -0.519400 0.429165 1.222446 
1831 -0.284794 0.542837 1.173601 
102 -0.200629 0.136318 1.243856 
1806 -0.283686 -0.011019 1.138055 
583 -0.271874 0.307387 1.213692 
995 -0.491081 0.048020 1.241945 
2371 -0.164204 0.339084 1.281290 
2325 -0.384687 0.069272 1.147317 
65 -0.156391 -0.111705 1.320073 
1791 0.068780 0.398233 1.281019 
1951 -0.159383 0.386857 1.239354 
745 -0.087518 0.067446 1.338245 
1441 -0.339897 0.137810 1.153463 
2334 -0.282687 0.092124 1.201446 
908 -0.333138 0.107722 1.180084 
683 -0.333712 0.298513 0.905615 
410 -0.208361 0.276668 1.237457 
1832 -0.358146 0.388983 1.188790 
509 -0.122561 0.327373 1.202234 
1871 -0.487876 0.329270 1.133589 
103 -0.252952 0.133708 1.165851 
101 -0.326945 0.134633 1.107762 
2246 -0.332028 0.114488 1.018941 
59 -0.150852 0.127965 1.113579 
44 -0.051753 0.244647 1.258670 
1082 -0.262332 -0.162417 1.239320 
513 0.107120 -0.158483 1.378792 
2414 -0.430617 -0.046671 1.176149 
2168 -0.091712 0.284995 0.993104 
1620 -0.521765 0.366209 1.193827 
1080 -0.397657 0.596859 1.136701 
769 -0.444940 0.152703 1.246688 
1621 -0.157325 0.203679 1.238220 
1491 -0.478032 0.032702 1.204905 
549 -0.242335 0.239722 1.153948 
1938 0.032683 0.204355 1.328728 
1362 -0.506799 0.017035 1.201861 
1242 -0.232045 0.237226 1.280972 
328 -0.577007 0.028767 1.219184 
2226 -0.328750 0.578453 1.250135 
2492 -0.378807 0.014421 1.212861 
185 -0.276927 0.411495 1.026572 
164 -0.369569 0.184269 1.179646 
2461 -0.322316 -0.077711 1.241843 
2024 -0.337391 0.411432 1.222809 
1993 -0.058096 0.173339 1.285183 
1368 -0.099914 0.391890 1.208777 
228 -0.271134 0.132419 1.211757 
2097 -0.782370 0.358514 1.137474 
29 -0.469048 0.242957 1.197016 
13 -0.274607 -0.041580 1.142072 
269 -0.392653 -0.076503 1.236104 
1676 -0.849299 0.391839 1.202517 
558 -0.208984 -0.014752 1.003939 
855 -0.328779 0.027766 1.203467 
547 -0.449027 -0.040154 1.120872 
109 -0.435059 -0.016822 0.975907 
1912 -0.350133 0.060952 0.993537 
1915 -0.203562 0.269884 1.033578 
1918 -0.471989 0.124308 1.165469 
1769 -0.814496 0.589456 1.155735 
1016 -0.299730 -0.091623 1.135970 
863 -0.323749 0.369737 1.125231 
867 -0.278474 0.397913 1.115435 
2562 -0.468495 0.115505 1.182613 
2534 -0.091105 -0.015618 0.416988 
1937 -0.297716 0.267060 1.178072 
1120 -0.483101 0.282987 1.181099 
1110 -0.275624 0.321361 1.131748 
1071 -0.517944 -0.030222 1.234932 
1072 -0.471813 0.190912 1.148217 
2453 -0.350031 0.352156 1.166322 
1351 -0.222092 -0.002383 1.280944 
421 -0.073530 -0.118602 1.312935 
933 -0.212964 0.166762 1.150300 
1429 -0.389320 0.093203 1.220336 
1415 -0.387990 0.364139 1.131654 
473 -0.084392 0.141927 1.165605 
215 -0.042344 -0.088035 0.972561 
297 -0.335353 0.148959 1.179059 
2375 -0.260163 0.131551 1.182828 
2391 -0.251932 -0.020652 1.217757 
2419 -0.362562 0.231305 0.996040 
653 -0.152755 -0.063552 0.761893 
1751 -0.660272 0.186287 1.274113 
741 -0.113171 -0.002678 1.190001 
805 -0.421263 0.050691 1.136005 
599 -0.343278 0.101532 1.182065 
1758 -0.750680 0.182888 1.222858 
785 -0.438657 -0.049590 1.195679 
807 -0.272927 0.279175 1.194166 
1096 -0.440621 -0.057529 1.248354 
690 -0.491000 0.144435 1.157364 
1788 -0.116292 0.173858 1.106087 
248 -0.456245 0.034039 1.093697 
253 -0.142870 0.073504 1.252524 
146 -0.198878 0.295749 1.230345 
168 0.030415 0.577917 1.292364 
1727 -0.653555 0.123902 1.257132 
338 -0.578196 0.580162 1.158664 
895 -0.291613 0.280551 1.211035 
910 -0.344696 0.083801 1.172563 
1842 -0.393727 0.162357 1.172928 
2533 -0.143151 0.171212 0.441925 
2550 -0.314539 0.365559 1.200462 
937 -0.405101 0.353538 1.221550 
2304 -0.223108 0.080771 1.240087 
49 -0.540401 -0.021009 1.132654 
1065 -0.109530 0.166227 1.057435 
470 -0.000679 -0.096606 1.372846 
163 -0.214693 0.189535 1.232675 
2202 -0.100227 0.176719 1.237334 
2229 -0.308221 0.193408 1.169050 
1703 -0.677355 0.132592 1.257696 
1442 -0.303924 0.370629 1.148393 
2604 -0.093577 0.151904 0.135181 
194 -0.537034 0.531711 1.136497 
2477 -0.366054 0.149962 1.156654 
1525 -0.433508 0.508763 1.211010 
2180 -0.286540 0.404458 1.205864 
1026 -0.060821 -0.081044 1.044629 
1700 -0.514349 0.172052 1.261735 
2065 -0.423865 0.306152 1.133404 
1565 -0.206481 0.146618 1.173079 
1386 0.022099 0.340201 1.297591 
2004 -0.202260 0.065068 1.271337 
2611 -0.201676 -0.050309 1.191221 
2609 -0.001532 0.314001 1.225154 
431 -0.034616 0.149159 1.309957 
83 -0.158196 0.014381 1.325925 
156 -0.223816 0.314779 1.265749 
1521 -0.135199 0.543311 1.254567 
794 -0.848248 -0.294935 1.130268 
610 -0.236363 -0.210124 1.276310 
603 -0.263747 -0.008019 1.228852 
1825 -0.209508 0.176484 1.123659 
1826 -0.429518 0.625616 1.173621 
433 -0.247495 0.265123 1.241486 
2470 -0.483714 0.179023 1.152898 
1047 -0.326393 0.122603 0.910795 
274 -0.448327 0.050389 1.263269 
479 -0.096268 0.143988 1.262480 
767 -0.107945 0.016937 1.269973 
1149 0.247493 0.542139 1.350220 
596 -0.453062 0.004654 1.206289 
47 -0.401902 0.061764 1.080718 
64 -0.482426 -0.081361 1.272452 
1617 -0.197482 0.357908 1.211575 
2129 -0.331392 0.057935 1.285846 
1668 -0.937667 -0.397583 1.306533 
108 -0.117089 0.364330 1.230112 
1941 -0.504346 0.006418 1.157289 
268 -0.424396 -0.087563 1.291315 
1499 -0.031599 0.426747 1.320236 
336 -0.062223 0.376066 1.184389 
463 0.098859 0.112788 1.305720 
1370 -0.114664 0.332099 1.275051 
1385 -0.075783 0.050078 1.182390 
586 -0.181748 0.313446 1.167217 
362 -0.187987 0.151581 1.239755 
2549 -0.239126 0.179970 1.154606 
2114 -0.302682 0.056127 1.272995 
1934 -0.674496 0.344297 1.089718 
1926 -0.677685 -0.008731 1.142329 
1395 -0.016005 -0.071653 1.336763 
1400 0.323166 0.247407 1.397530 
2241 -0.266110 0.039371 0.852891 
2248 -0.290065 0.106024 1.236832 
82 -0.064705 0.368083 1.180421 
1416 -0.352918 0.014745 1.083631 
219 -0.405783 0.197783 1.196699 
233 -0.231263 0.205540 1.191888 
676 -0.546256 0.419692 1.125933 
2561 -0.169748 0.185652 1.171657 
1357 -0.331354 0.213145 1.196340 
1304 -0.297020 0.071773 1.180427 
1302 -0.299748 0.132068 1.159272 
1034 -0.467962 0.071907 1.089673 
1175 -0.165703 0.103037 1.314040 
2439 -0.462960 0.104117 1.121962 
1297 0.019940 0.060718 1.327328 
2071 -0.187009 -0.009690 1.205721 
821 -0.187043 -0.024517 1.203606 
832 -0.042953 0.221541 1.291193 
1005 -0.220719 0.159458 1.145776 
733 -0.119534 0.109410 1.295390 
39 -0.273673 0.208539 1.113700 
94 -0.202176 -0.133843 1.213837 
2320 -0.612072 -0.001930 1.070571 
1942 -0.540913 0.078872 1.133352 
593 -0.435662 0.268030 1.155231 
591 0.037709 0.356356 1.259381 
2520 -0.528435 0.193337 1.153817 
2160 -0.226790 0.553764 1.204014 
976 -0.588838 0.050245 1.226824 
2467 -0.404439 0.113487 1.139107 
2450 -0.164689 -0.094804 1.294034 
2468 -0.592589 0.127752 1.144773 
624 -0.270465 0.287013 1.125990 
1259 0.071100 0.318136 1.340117 
1257 0.315839 0.120480 1.464233 
1401 0.377104 0.008194 1.418940 
186 -0.293389 0.174336 1.252566 
1217 -0.076138 0.125040 1.248981 
2338 -0.081320 0.311990 1.222632 
2493 -0.348510 -0.051791 1.267213 
1551 -0.226598 -0.208259 1.284361 
792 -0.592232 -0.155162 1.186112 
280 -0.365027 -0.095223 1.218786 
1227 -0.186763 0.175339 1.230094 
391 -0.147349 -0.023579 1.165540 
1438 -0.069569 0.003265 1.148780 
1437 -0.148558 0.360512 1.194523 
99 -0.266764 0.374360 1.125374 
2067 -0.480942 0.241356 1.149232 
2017 -0.327175 0.289683 0.946360 
2203 -0.215118 0.356167 1.220199 
1036 -0.288557 0.184015 1.106270 
554 -0.131382 0.047452 1.221949 
573 -0.227837 0.205095 1.211600 
2381 -0.415876 0.253745 1.218799 
969 -0.432347 0.340180 1.213943 
150 -0.331563 0.388859 1.177461 
147 -0.190616 0.461593 1.215675 
1750 -0.261890 0.218755 1.007818 
2206 -0.194720 0.286732 1.249335 
1614 -0.356640 0.205245 1.245326 
1529 0.262108 0.148643 1.417958 
2217 -0.490380 0.047184 1.147962 
998 -0.550395 -0.032386 1.081662 
516 0.108810 -0.050154 1.351506 
1532 0.313780 0.015701 1.479517 
1337 -0.278251 0.202106 1.212139 
2041 -0.230301 -0.053549 1.238181 
726 -0.136367 0.003281 1.265441 
2038 -0.185699 -0.179174 1.289672 
1660 -0.061824 0.450253 1.183422 
2635 -0.268859 0.295518 1.207586 
54 -0.046764 0.167526 1.296356 
348 -0.227827 0.125847 1.039369 
1193 -0.278557 0.274182 1.134905 
435 -0.164157 0.045235 1.312015 
352 -0.162865 -0.009956 1.299201 
300 -0.457320 0.032169 1.211084 
2448 -0.398782 0.239851 1.045605 
1190 -0.400507 0.247957 1.127744 
1581 -0.059964 0.019110 1.277314 
2343 -0.579086 -0.025359 1.114830 
1314 0.296763 0.144469 1.410195 
95 -0.267464 -0.096172 1.273669 
656 -0.271364 0.207807 1.248389 
1986 -0.224429 0.345032 1.248403 
703 -0.337227 0.117875 1.184454 
2525 -0.245251 0.263519 1.115924 
42 -0.277301 0.228903 1.276440 
960 -0.459810 0.083655 1.161149 
1813 -0.376117 0.269281 1.187846 
1186 -0.501552 0.161732 1.188687 
2433 -0.274062 0.115164 0.871052 
1426 -0.562914 0.313737 1.163288 
1424 -0.423626 0.067081 0.975139 
618 -0.398054 0.093806 1.167948 
2109 -0.172066 0.508970 1.245070 
1056 -0.088089 -0.178358 1.331326 
480 0.087072 -0.081603 1.408847 
481 0.055428 0.080507 1.383791 
909 -0.216357 0.283330 1.133945 
1544 -0.219456 0.202466 1.185898 
1597 -0.223799 0.289398 1.248132 
740 -0.321052 0.066527 1.271453 
1615 -0.404464 0.446551 1.134215 
875 -0.182254 0.270591 1.128117 
576 -0.266280 0.049298 1.210191 
2639 0.002453 0.548909 1.184213 
1469 -0.034251 0.286820 1.261907 
2312 -0.152858 -0.095238 1.310220 
2279 -0.601280 0.203540 1.184625 
718 -0.274217 0.142796 1.053194 
1800 -0.528786 -0.112888 1.203317 
1506 -0.205108 -0.091081 1.319720 
2392 -0.224659 0.241043 1.270117 
575 -0.322594 0.149857 1.141437 
129 -0.371528 -0.000802 1.276401 
1591 -0.344947 0.146533 0.962930 
1392 -0.108651 0.189685 1.289401 
1782 -0.332282 -0.066372 1.111200 
2442 -0.459538 0.089520 1.092389 
1262 -0.099995 0.400761 1.314271 
1245 -0.217576 0.044981 1.244003 
239 -0.200659 0.041315 0.986682 
2356 -0.434151 0.143375 1.161233 
2265 -0.087660 0.243732 1.212620 
1666 -0.863586 0.127159 1.208343 
1432 -0.487779 0.191433 1.125591 
1378 0.231111 0.347630 1.485667 
1369 0.011673 0.288891 1.273855 
1787 -0.111078 0.177765 1.175172 
1308 0.117323 0.139210 1.316162 
1323 -0.041832 0.216355 1.150472 
432 -0.362499 0.346942 1.130364 
1609 -0.278955 0.021513 1.204786 
492 -0.409299 0.327128 0.991599 
2647 -0.255066 0.109418 1.100719 
2638 0.108677 0.587659 1.261809 
1853 -0.332773 0.396683 1.190498 
2228 -0.265922 0.159921 0.971982 
1084 -0.521848 -0.219496 1.293711 
1139 -0.015257 0.653572 1.245233 
843 -0.118582 -0.030780 1.231638 
1957 -0.301433 0.227352 0.739898 
116 -0.039002 -0.160855 1.409093 
1312 0.282008 0.282892 1.363982 
1377 -0.117607 0.230460 1.264553 
1012 -0.465132 -0.011096 1.141491 
1552 -0.118752 0.145685 1.219072 
1610 -0.362625 0.220837 1.198706 
303 -0.321877 0.141557 1.304318 
1924 -0.320695 -0.070526 1.019986 
1917 -0.700851 0.094069 1.158709 
1618 -0.288088 0.080475 1.233059 
32 -0.504127 0.029188 1.169201 
1225 -0.461854 0.085567 1.105135 
605 -0.347607 -0.077637 1.289879 
2556 -0.314166 0.090329 1.148625 
858 -0.198941 0.257880 1.110515 
2568 -0.331169 0.092363 1.105072 
7 -0.289190 -0.005820 0.918035 
221 -0.259393 0.155291 1.060566 
250 -0.425090 -0.013171 1.253153 
251 -0.229228 0.250894 1.151649 
440 -0.359045 0.122607 1.225868 
2368 -0.479091 0.347354 1.256385 
693 -0.443841 0.402826 1.158055 
897 -0.173540 0.211064 1.237853 
568 -0.289701 0.120514 1.204625 
570 -0.288239 0.381111 1.240289 
595 -0.185689 0.314277 1.239316 
1852 -0.208460 0.229050 1.199326 
1146 -0.124724 0.392658 1.188395 
1182 -0.126905 -0.082599 1.257608 
390 -0.193926 0.225529 1.208716 
927 -0.058305 0.088958 1.299054 
1546 -0.116000 0.086038 1.167106 
2298 -0.322183 -0.105300 1.186299 
685 -0.189344 0.111764 0.280731 
75 -0.200085 0.397735 1.280867 
37 -0.287542 0.406708 1.171551 
416 -0.442846 -0.082156 1.171014 
398 -0.126964 0.254650 1.264578 
2091 -0.352410 0.357973 1.168376 
775 -0.505598 -0.061847 1.218040 
650 -0.391192 0.257806 1.083396 
2542 -0.617697 0.168085 1.035735 
379 -0.119927 0.423196 1.252206 
1188 -0.289996 -0.127299 1.280948 
486 -0.327891 0.243875 1.226325 
2471 -0.081087 0.323760 1.297448 
485 -0.178773 0.199434 1.224115 
779 -0.426772 -0.028317 1.240437 
51 -0.233899 0.198937 1.234083 
1903 -0.227694 0.285740 0.737410 
713 -0.094596 0.075540 1.135428 
1179 -0.521626 0.206378 1.154819 
1863 -0.079593 0.093436 1.241275 
2554 -0.281089 0.209134 0.936438 
2555 -0.094976 0.001520 1.168985 
612 -0.465548 -0.078755 1.227382 
289 -0.333548 0.077008 1.314067 
2339 -0.318481 0.201264 1.244512 
1046 -0.414229 0.180825 1.035665 
2599 0.030503 0.476550 1.235164 
1959 -0.401714 -0.064866 1.186425 
918 -0.172014 0.120407 0.637365 
1736 -0.542068 0.097671 1.302702 
206 -0.308472 -0.045345 1.247819 
1464 -0.199067 -0.203183 1.353922 
634 -0.462724 0.293999 1.127317 
424 -0.303539 0.164597 1.194295 
2372 -0.389652 0.136939 1.231163 
2245 -0.202428 0.190633 1.240258 
5 -0.574941 0.422336 1.055165 
883 -0.487693 0.256043 1.120844 
2571 -0.361459 0.055524 1.211983 
454 -0.074373 0.243596 1.225155 
1528 -0.162708 0.471164 1.268334 
1593 -0.491698 0.062581 1.193791 
1944 -0.642260 0.290531 1.104282 
607 -0.104341 -0.148858 1.354046 
2205 -0.423096 0.432537 1.135358 
1530 -0.066905 -0.090335 1.346579 
515 0.041443 -0.139919 1.386923 
615 -0.320106 0.026481 1.277452 
2063 -0.412430 0.255809 1.171612 
1971 -0.225638 0.167853 1.306021 
2307 0.032416 -0.142426 1.319074 
1333 -0.273389 0.043218 1.259213 
2140 -0.155143 -0.015005 1.313833 
2141 -0.256084 0.338326 1.150002 
1933 -0.899012 0.355029 1.052702 
182 -0.386360 0.353102 1.172716 
2616 -0.222705 0.005713 1.023743 
205 -0.256130 0.129808 1.048923 
2015 -0.218783 0.232802 1.176964 
60 -0.169481 -0.007217 1.206497 
447 -0.218174 0.103903 1.280175 
439 -0.106565 0.275358 1.207313 
1695 -1.385930 -0.962669 1.446114 
2010 -0.290427 -0.240845 1.336058 
961 -0.616007 0.505685 1.154578 
630 -0.356555 0.435005 1.116186 
1508 -0.267928 0.077907 1.231441 
361 -0.040314 0.240484 1.197240 
793 -0.259679 0.023903 1.219988 
96 -0.409516 0.246036 1.176214 
1735 -0.616151 0.031869 1.282695 
2047 -0.087013 0.062235 1.240774 
139 0.040492 0.265363 1.367886 
412 -0.601639 -0.021442 1.273412 
1927 -0.514151 -0.077023 1.229499 
2054 -0.300641 0.347629 1.072563 
1237 -0.286840 0.409006 1.220284 
1553 -0.253472 -0.165968 1.241902 
524 -0.001241 0.046167 1.284942 
132 -0.383957 0.254713 1.226628 
871 -0.219978 0.095005 1.124426 
1461 -0.267067 -0.445345 1.388229 
2469 -0.510189 0.164222 1.159501 
1381 -0.039734 0.162152 1.339854 
1095 -0.512587 -0.016838 1.174211 
799 -0.018998 -0.067281 1.356501 
544 -0.112906 0.202541 0.948945 
2432 -0.248281 0.009793 1.087605 
357 -0.233810 0.424379 1.192102 
326 -0.350666 0.258436 1.152202 
271 -0.367515 -0.082977 1.275001 
1463 -0.063387 -0.417508 1.452631 
1943 -0.652106 0.261961 1.100757 
522 0.107702 0.003066 1.355062 
1352 -0.267827 -0.203704 1.308343 
365 -0.669267 0.476422 1.138742 
518 0.226809 0.101526 1.409767 
1230 -0.216376 0.052912 1.215618 
744 -0.160168 0.280817 1.221302 
2184 -0.398178 0.310024 1.182705 
2167 -0.355062 0.447295 1.203117 
1523 -0.014886 0.809309 1.290874 
1226 -0.102432 0.177940 1.251475 
2465 -0.348330 0.156318 1.232843 
686 -0.109278 -0.105820 0.175166 
981 -0.233229 0.311333 1.020770 
1277 -0.396476 -0.167224 1.308225 
1177 -0.352344 0.039670 1.270840 
1414 -0.273927 0.186201 1.176381 
968 -0.467826 0.237050 1.215538 
2415 -0.389873 0.204554 1.194043 
974 -0.394013 0.113132 1.324073 
1132 -0.018942 -0.109583 1.392996 
1675 -0.822721 0.066222 1.273271 
852 -0.350771 0.057283 1.037975 
2441 -0.320895 -0.040610 1.154987 
507 -0.349087 0.027663 1.198973 
901 -0.497880 0.229743 1.241831 
1098 -0.276119 0.341815 1.210975 
1298 -0.235800 0.257368 1.202972 
2479 -0.327463 -0.002589 1.182335 
1088 -0.502078 0.148165 1.220445 
1704 -0.600215 0.537881 1.259232 
1956 -0.165849 0.299533 0.977197 
2553 -0.224682 -0.066895 1.235303 
2332 -0.130277 0.284050 1.118134 
2400 -0.264373 -0.115430 1.209219 
2369 -0.278035 0.370864 1.260203 
2341 -0.189883 -0.046132 1.167110 
523 0.271390 0.067992 1.402972 
716 -0.105420 0.184772 1.295884 
991 0.078297 0.125839 1.320341 
1025 -0.339987 0.192891 1.129184 
2557 -0.164476 0.242027 1.062963 
2576 -0.528767 0.023057 1.151568 
2036 -0.213713 0.124921 1.104892 
631 -0.368265 0.397364 1.174241 
2210 -0.074668 0.212358 1.212267 
1444 -0.254942 -0.071398 1.094000 
487 -0.070727 0.421192 1.202319 
1066 -0.190174 0.163773 0.699324 
1238 0.009112 -0.195586 1.442831 
1467 -0.405357 0.083740 1.135038 
1447 -0.291392 -0.119735 1.314644 
210 -0.504285 -0.071709 1.167092 
1766 -0.733776 0.146484 1.197083 
2595 -0.042566 0.535126 1.167821 
590 0.058696 0.223382 1.302070 
252 -0.274385 0.302529 1.170310 
828 -0.184795 -0.010946 1.305358 
2370 -0.197855 0.283039 1.284953 
171 -0.504515 0.831874 1.158019 
2211 0.084432 0.209100 1.331611 
967 -0.416218 0.045883 1.222359 
1473 -0.170793 0.043354 1.203183 
1303 -0.136129 0.252297 0.872611 
1250 -0.364383 0.022312 1.263947 
660 -0.198962 0.387549 1.117642 
1035 -0.510057 0.096003 1.152779 
1994 0.028458 0.267687 1.310528 
1894 -0.118123 0.359555 1.121279 
873 -0.199302 0.312089 1.205297 
1240 -0.410559 -0.058809 1.243764 
397 -0.134851 0.172861 1.140084 
1031 -0.185193 -0.058361 0.462035 
1612 -0.093351 0.268474 1.196421 
2452 -0.458444 0.305238 1.206430 
836 -0.066546 -0.030893 1.289469 
2353 -0.014966 0.072648 1.345577 
796 -0.641431 0.039893 1.159708 
831 -0.074761 0.115508 1.296545 
2119 -0.158861 0.049662 1.320783 
1279 -0.308344 0.047492 1.277493 
247 -0.284078 0.216561 1.196453 
2374 -0.275069 0.227310 1.189711 
2426 -0.472107 0.073379 1.197934 
2297 -0.360590 0.090185 1.272163 
629 -0.216666 0.044635 1.228937 
1171 -0.239653 -0.007248 0.941222 
1168 -0.178940 0.016017 1.207462 
555 -0.035655 0.246516 1.302222 
100 -0.157094 0.359837 1.189006 
692 -0.272194 0.366304 1.063801 
639 -0.318467 0.123892 1.198093 
1854 -0.470995 0.470828 1.132939 
757 -0.247205 0.526875 1.232750 
632 -0.396720 0.329019 0.983188 
2236 -0.491066 -0.000205 1.015522 
2431 -0.457436 0.194457 1.098157 
1958 -0.147792 0.151723 1.089761 
1307 0.041578 0.243448 1.216888 
2488 -0.479930 -0.068161 1.218610 
1219 -0.135460 0.294704 1.198329 
1263 -0.338378 0.387181 1.226637 
1221 -0.072256 -0.082242 1.213449 
1057 -0.496714 0.026927 1.150628 
1691 -0.380584 0.237716 1.298912 
1224 -0.211417 0.159870 1.267681 
1689 -0.059318 0.553471 1.311142 
722 -0.328562 0.136078 1.138998 
1509 -0.141448 0.296953 1.252363 
2139 -0.130246 0.368801 1.278740 
2166 -0.490425 0.195183 1.150072 
2506 0.143317 -0.122649 0.118166 
81 -0.057986 0.134628 1.376580 
842 -0.045799 -0.077574 0.842924 
1155 -0.367448 0.262599 1.147711 
1653 -0.294081 0.428699 1.214598 
1417 -0.535673 0.342072 1.102203 
1382 -0.068840 0.594571 1.258564 
345 -0.553113 0.468700 1.138948 
1268 -0.032925 0.296715 1.313180 
1728 -0.298199 0.069398 1.332587 
1869 -0.499228 0.418680 1.067534 
142 -0.509033 0.341367 1.158538 
266 -0.271963 0.004176 1.297776 
2430 -0.381721 0.168168 0.952811 
1391 -0.322309 0.303074 1.243336 
1638 -0.477914 0.188186 1.142797 
891 -0.368768 0.495499 1.186183 
2516 -0.488217 0.104265 1.182097 
2522 -0.330225 -0.016944 1.173463 
1589 -0.472943 -0.210668 1.224864 
2046 -0.305007 0.193448 1.089470 
2269 -0.349498 0.004126 1.260905 
1270 -0.457024 0.299094 1.259006 
1300 0.192478 -0.127184 1.355419 
22 -0.435397 0.289474 1.082150 
160 -0.137711 0.516065 1.269289 
2259 -0.324023 0.047970 1.223359 
723 -0.071464 0.071723 1.274260 
319 -0.638252 0.451691 1.153601 
2361 -0.191221 0.229137 1.240670 
622 -0.298617 0.171010 1.203444 
69 -0.187384 0.359495 1.245972 
2423 -0.294848 -0.026644 1.270346 
1658 -0.407305 0.167636 1.183401 
1487 -0.177512 0.091639 1.197489 
2559 -0.421772 0.234590 0.960249 
521 -0.037456 0.313327 1.281606 
1664 -0.788469 0.199648 1.216969 
1596 -0.399784 0.466550 1.213565 
1955 -0.225243 0.014328 1.120136 
61 0.174329 0.056346 1.396735 
2563 -0.035907 0.023279 1.270331 
1376 -0.038561 0.073267 1.202149 
2495 -0.131762 -0.067931 1.018791 
1134 -0.286349 0.276039 1.221464 
2388 -0.331964 0.768693 1.170124 
2567 -0.657845 0.065810 1.108926 
2541 -0.453305 0.279061 0.975151 
1586 -0.279910 0.261194 1.182303 
2418 -0.353755 0.056508 1.244926 
2405 -0.233544 0.093373 1.256302 
1652 -0.198305 0.435836 1.218119 
893 -0.345876 0.343483 1.119915 
67 -0.212184 0.137930 1.164106 
1874 -0.465230 0.314402 1.101189 
538 -0.232556 0.211758 1.221039 
2327 -0.230572 -0.048918 1.336767 
350 -0.215688 0.141767 1.274358 
2333 -0.230902 0.042616 1.161386 
1291 -0.425702 0.040742 1.219347 
1353 -0.253763 0.052022 1.296117 
333 -0.303544 0.322746 1.198753 
890 -0.499593 0.330401 1.096180 
729 -0.176618 0.318226 1.246178 
1166 -0.444501 0.217068 1.136178 
1649 -0.376636 0.423657 1.254020 
1563 -0.292231 0.161339 1.084762 
553 -0.311434 0.187386 1.231380 
1929 -0.560976 -0.035642 1.135738 
535 -0.225366 0.206945 1.260262 
375 -0.325930 0.273807 0.856099 
1622 -0.261646 0.102431 1.270225 
1493 0.159188 -0.449003 1.503529 
938 -0.474820 0.268020 1.138425 
2347 -0.039743 0.344688 1.128199 
1757 -0.808936 0.639714 1.171120 
1405 0.015392 0.295756 1.316755 
1343 -0.114009 0.467397 1.274819 
1295 -0.105081 0.150204 1.177935 
853 -0.004662 -0.206759 1.397850 
2162 -0.317624 0.557411 1.169174 
1129 0.066110 0.208574 1.354560 
467 -0.061273 0.247582 1.263871 
682 -0.466676 0.284608 1.165153 
1282 -0.207269 0.089981 1.308134 
2352 -0.381730 -0.043182 1.238905 
2242 -0.494433 -0.063663 1.251693 
866 -0.507765 0.322119 1.069252 
2459 -0.103779 0.204241 0.800606 
2346 -0.316350 0.317404 1.031448 
2472 -0.392566 0.195122 1.118240 
2303 -0.269099 -0.078636 1.248932 
207 -0.425611 0.164956 1.132347 
654 -0.194831 0.066873 1.096751 
1745 -0.282586 0.340861 1.210039 
93 -0.269731 0.165360 1.170038 
1635 -0.616043 0.549363 1.081167 
2613 0.074549 -0.078235 1.319367 
1431 -0.300036 0.049339 1.164554 
1091 -0.195154 0.179921 1.115049 
1996 -0.124304 0.045651 1.289276 
687 -0.491006 0.336947 1.151186 
1925 -0.554573 -0.049637 1.261611 
802 -0.575082 0.484207 1.097941 
136 -0.114166 0.260553 1.288092 
451 -0.047074 0.335780 1.116196 
1320 -0.247770 0.128318 1.187188 
1318 -0.199595 0.421935 1.191441 
646 -0.134539 0.264246 1.194571 
2153 -0.478472 0.016577 1.158360 
1326 -0.083010 0.147772 1.330790 
2300 -0.082783 -0.276814 1.338915 
1790 -0.011909 0.080539 1.148516 
1213 -0.036182 0.073960 1.187835 
50 -0.329109 0.263184 1.120682 
709 -0.261559 0.296362 1.048476 
1867 -0.340119 0.321764 1.163336 
1559 -0.518839 0.035448 1.192023 
1138 -0.109112 0.660158 1.229779 
742 -0.405514 0.038801 1.188945 
840 -0.164530 0.052637 1.305917 
748 -0.295938 -0.006891 1.255186 
2620 -0.320232 0.187560 1.071024 
550 -0.229310 0.395579 1.173062 
1360 -0.245341 0.325418 1.150605 
418 -0.426425 0.080840 1.233601 
727 -0.128012 0.129140 1.289130 
1472 -0.415021 -0.026283 1.161985 
2270 -0.180677 0.281312 1.185357 
2216 -0.454400 -0.111727 1.235852 
1210 -0.184667 -0.057543 1.262776 
2192 -0.249486 0.348919 1.208117 
1995 -0.061205 -0.067417 1.325564 
188 -0.015024 0.673884 1.294883 
177 -0.394951 0.970452 1.203977 
816 -0.642444 -0.072279 1.165468 
519 0.081152 -0.063058 1.358625 
1517 -0.159669 0.044760 1.261995 
2066 -0.054998 -0.084260 1.259989 
1423 -0.370320 0.154635 1.137030 
1365 -0.306050 0.153114 1.201665 
157 -0.191982 0.601912 1.211381 
1278 0.066977 -0.085388 1.343820 
1485 -0.387861 0.264573 1.182802 
2451 -0.367123 0.367798 1.133824 
2489 -0.005030 0.233687 1.255583 
189 -0.234040 0.597495 1.223204 
1560 -0.519952 0.202453 1.151787 
1579 -0.465866 -0.123078 1.197746 
2446 -0.536694 -0.039440 1.126701 
1160 -0.132167 0.175801 1.184781 
1462 -0.080769 -0.471087 1.462284 
12 -0.190448 0.216103 1.178936 
536 -0.296620 0.086218 1.276329 
578 -0.331107 0.389294 1.083359 
2050 -0.371305 0.319971 0.961670 
2499 -0.306045 0.053087 1.174817 
772 -0.480181 0.262332 1.128957 
611 -0.576623 0.234668 1.079203 
2179 -0.503026 0.351578 1.122974 
1548 -0.199363 0.134121 1.221930 
2367 -0.151724 0.606552 1.245539 
721 -0.449415 0.201926 1.005145 
2401 -0.208029 0.013445 1.200772 
2137 -0.093914 0.269349 1.098809 
125 -0.079559 0.055559 1.274754 
930 -0.265963 0.311319 1.138939 
915 -0.081015 0.045319 1.242422 
1010 -0.180547 0.107386 0.842193 
783 -0.391014 -0.098306 1.055185 
728 -0.313544 0.178564 1.049547 
2584 -0.257500 0.172730 1.111618 
2253 -0.416752 0.085366 0.981175 
21 -0.446415 0.069144 1.172633 
529 -0.095910 0.225906 1.302518 
2560 -0.187293 -0.066832 1.271089 
1433 -0.417883 -0.044114 1.245606 
2570 -0.350633 0.121826 1.139220 
1477 -0.483513 -0.242289 1.307818 
2020 -0.249479 0.126241 1.259704 
1923 -0.290718 0.345416 1.047615 
1109 -0.153981 0.087610 1.230708 
2244 -0.266617 0.277733 1.189474 
242 -0.448469 0.043402 1.208930 
106 -0.097370 -0.059958 1.263430 
994 0.147911 0.316921 1.375610 
1569 -0.408081 0.061676 1.151959 
279 -0.432838 -0.046310 1.242678 
943 -0.203934 0.218326 1.286220 
2387 -0.380986 0.862285 1.193097 
2213 0.073442 0.044150 1.318244 
460 -0.313873 0.020952 1.275443 
608 -0.238094 -0.034680 1.185875 
1169 -0.358667 0.094866 1.251895 
1914 -0.435791 -0.071989 1.180459 
2309 -0.353158 -0.007786 1.103358 
396 -0.299080 -0.065198 1.256702 
892 -0.426166 0.207855 1.090401 
255 -0.048999 0.281815 1.341869 
325 -0.427950 0.054316 1.189843 
217 -0.170635 -0.049035 1.118966 
2548 -0.462394 0.367734 1.092879 
2580 -0.211585 0.370054 1.233184 
176 -0.145604 0.454873 1.301686 
2112 -0.270927 0.325980 1.172743 
2378 -0.629473 0.203119 1.168852 
1526 -0.204977 0.397685 1.127916 
2251 -0.335267 0.192260 0.834511 
2518 -0.197881 0.271154 0.851324 
1980 -0.204412 0.048752 1.161122 
2397 -0.228423 0.203311 1.175654 
2621 -0.422490 -0.069974 1.133505 
1870 -0.475323 0.321606 1.049362 
2324 -0.393604 0.052730 1.202446 
1875 -0.295918 0.141894 1.043178 
1167 -0.151235 0.362144 1.183830 
1898 -0.388823 0.310869 1.207330 
2615 -0.075882 0.069707 1.098002 
2014 -0.379789 0.050180 1.062114 
175 -0.320602 0.407665 1.037049 
1403 -0.324818 0.310504 1.214681 
1965 -0.148558 0.233556 1.309731 
2589 -0.479885 0.077845 1.117231 
801 -0.265695 0.073905 1.137083 
1289 -0.239886 0.219419 1.049147 
2219 -0.185894 0.125829 1.189298 
1252 -0.130992 -0.056016 1.274470 
566 -0.260418 0.344440 1.042092 
2383 -0.245065 0.581187 1.184649 
1948 -0.053718 0.176100 0.616221 
1083 -0.469575 0.081109 1.207358 
997 -0.289387 0.050982 1.187594 
1701 -0.518586 -0.142136 1.317780 
1107 -0.351769 0.061886 1.149377 
2606 -0.462652 0.119779 1.112263 
1006 -0.056073 0.104985 0.245719 
539 -0.100289 0.014815 1.062482 
263 -0.245066 0.144843 1.076185 
285 -0.164504 0.297649 1.206994 
1448 -0.456057 0.099902 1.219356 
1651 -0.048609 0.290977 1.333551 
848 -0.284750 0.162159 0.862095 
395 -0.293428 0.189184 0.926169 
2118 -0.754503 0.337403 1.183214 
234 -0.338590 0.264867 1.093364 
2157 -0.627374 0.235469 1.223510 
1004 -0.292231 -0.040522 0.935255 
305 -0.196332 0.149233 1.296154 
354 -0.543493 0.365554 1.179381 
1028 -0.524204 0.128609 1.164499 
15 -0.193273 0.194508 1.238712 
505 -0.251120 0.035357 1.285171 
2249 -0.299002 0.040549 0.979119 
2449 -0.399167 0.406061 1.145930 
283 -0.324239 0.184516 1.149861 
1931 -0.425028 0.325746 0.983222 
254 -0.373099 0.235838 1.128693 
1558 -0.371779 0.311046 1.096352 
1576 -0.319588 0.037245 1.118608 
780 -0.305530 0.022630 1.182823 
1389 -0.011538 0.026194 1.322449 
1322 -0.106065 0.260924 1.065168 
1554 -0.116704 -0.182080 1.236042 
2623 -0.180497 0.105167 1.151137 
1256 -0.163545 0.315173 1.260800 
264 -0.488541 -0.057972 1.315419 
2626 -0.063559 -0.072523 0.462788 
1982 -0.311199 0.113672 1.143837 
1180 -0.462915 -0.056880 1.116067 
1884 -0.305339 0.590421 1.186678 
1009 -0.264367 0.184438 0.619186 
2254 -0.488023 0.106189 0.995004 
1683 -0.184909 0.035760 0.222106 
307 -0.424008 0.092531 1.198848 
2126 -0.495529 -0.103338 1.252847 
945 -0.418214 0.268886 0.921212 
1827 -0.098219 0.540058 1.193889 
637 -0.173874 0.173700 1.232558 
1014 -0.220869 0.052902 0.536793 
862 -0.375026 0.147047 1.163196 
2497 -0.227161 0.058640 1.198866 
107 -0.274075 0.044780 1.296949 
651 -0.190921 0.074827 1.135170 
1500 -0.049701 0.223184 1.238656 
1293 -0.407309 -0.020244 1.190284 
1922 -0.164148 0.346567 1.074882 
2283 -0.384639 0.042886 1.200958 
202 -0.554182 -0.050199 1.212991 
1406 0.005917 0.488100 1.234311 
2085 -0.536531 0.157088 1.143524 
1412 -0.207631 0.092176 1.182992 
483 -0.364000 0.072671 1.200650 
1561 -0.423711 -0.031869 1.116629 
2029 0.004460 -0.014442 0.610565 
1474 -0.227946 0.106876 1.206538 
1060 -0.626441 0.114152 1.108817 
1075 -0.341198 0.442748 1.207299 
1578 -0.056614 0.306455 1.144291 
2622 0.023662 -0.017680 1.310118 
2494 -0.097653 0.116979 1.170880 
216 -0.430378 0.026940 1.230288 
2099 -0.638055 0.125351 1.098829 
2204 -0.232605 0.577725 1.151648 
1600 -0.304510 0.637995 1.247154 
594 -0.081844 0.035359 1.101996 
34 -0.560875 -0.047957 1.210234 
1076 -0.134468 0.301375 1.341850 
2357 -0.041733 0.337837 1.237824 
1372 -0.258123 0.180000 0.960758 
282 -0.245778 0.138095 1.258871 
1011 -0.133388 -0.039991 0.934354 
115 0.213986 0.152871 1.388747 
746 -0.528434 0.251094 1.143363 
2628 -0.054131 0.190527 0.878273 
450 -0.227948 -0.119529 1.292454 
225 -0.329113 0.140431 1.117051 
2410 -0.351791 0.106753 1.241863 
489 -0.650795 -0.064535 1.255323 
1631 -0.330777 0.384130 1.176010 
141 -0.387250 0.132123 1.101593 
2193 -0.265166 0.176300 1.094283 
159 -0.278303 0.561126 1.240469 
2044 -0.262669 0.230990 1.051669 
985 -0.186258 0.394380 1.272479 
1003 -0.087190 0.244356 1.228687 
1151 -0.030113 0.242977 1.100606 
1882 -0.512433 0.202549 1.025000 
1214 -0.036132 -0.082054 1.156046 
2082 -0.521872 0.106887 1.129972 
2519 -0.271274 0.005605 1.165605 
1209 -0.152114 -0.000268 0.542157 
1710 -0.321698 0.514247 1.226400 
1430 -0.276190 -0.001385 0.913760 
2087 -0.265348 0.276999 1.189031 
2037 -0.288513 0.265445 1.107415 
1264 -0.233593 0.324402 1.241997 
977 -0.107963 0.069237 1.311218 
119 -0.172881 0.015847 1.031647 
296 -0.150674 0.088959 1.229445 
1679 -0.131824 -0.108226 0.152180 
979 -0.067558 0.165641 0.803608 
414 -0.489351 0.024396 1.141411 
1396 0.085684 0.465673 1.214724 
1507 -0.240365 -0.261083 1.347396 
197 0.021160 0.215972 0.390508 
385 -0.327109 -0.076690 1.018316 
243 -0.596511 -0.023871 1.182040 
1886 -0.553025 0.517320 1.186286 
548 -0.226161 0.196122 1.188908 
2250 -0.126989 -0.040772 0.929602 
923 -0.470335 0.272977 1.037462 
924 -0.230009 0.061836 1.091420 
2632 -0.134463 0.342476 1.122585 
2614 -0.368960 0.230953 0.900192 
1794 -0.144649 0.290354 1.218609 
1162 -0.165365 -0.037733 1.301684 
2305 -0.175641 0.057403 1.213790 
2237 0.006263 0.273817 1.292838 
1851 -0.203188 0.232848 0.967500 
2252 -0.263581 0.250396 1.003362 
2086 -0.236238 0.022450 1.086039 
1865 -0.493616 0.331328 1.115408 
950 -0.534763 0.107182 1.185489 
2487 -0.274170 -0.046684 1.233122 
708 -0.135643 0.074728 1.001191 
1354 -0.241001 -0.109109 1.306478 
778 -0.398154 0.407349 1.052987 
290 -0.522718 0.482450 1.220924 
2147 -0.489056 0.222887 1.143334 
1408 0.063578 0.067713 0.179103 
1114 -0.219971 0.035057 1.099901 
627 -0.432555 0.121122 1.152845 
23 -0.311578 0.260927 1.120294 
2110 -0.121889 0.282611 1.231558 
1796 -0.411314 0.060978 1.129253 
452 -0.188748 0.220772 1.154298 
213 -0.119710 -0.065993 1.172371 
85 -0.105829 0.071248 0.342981 
2239 -0.062804 -0.018336 0.264323 
752 -0.361865 -0.067717 1.191935 
66 -0.367399 0.123911 1.188450 
2274 -0.006388 0.129724 1.110179 
1720 -0.582028 -0.037808 1.225528 
2634 -0.244795 0.320330 1.023468 
2650 0.025274 -0.077498 0.041490 
2645 -0.755345 0.060705 1.164246 
2316 -0.407287 0.057930 1.042027 
1208 -0.004543 -0.061708 0.546029 
1032 0.148977 0.144117 0.139932 
2486 -0.053655 -0.049656 0.367361 
2603 0.105187 0.108101 0.034382 
1849 -0.049011 -0.127743 0.041314 
2507 -0.208256 0.029921 0.175358 
1680 -0.133063 0.002962 0.335335 
2508 0.159617 -0.029589 0.069103 
2627 0.132375 -0.002110 0.098588 
