2552 3
1542 0.713114 -0.888847 0.11103128
1614 1.0067835 -1.074532 0.74365646
1615 1.3310608 -1.2855798 0.58681244
689 0.031414423 -0.86330324 -0.48613977
1132 0.30196822 -0.9790761 -0.4543192
1348 -0.33974397 -0.7949881 -0.3333258
2129 -0.22612943 -0.6568574 0.19138132
1129 0.33086985 -0.99896884 -0.556417
831 0.27817214 -0.8054161 -0.18293522
1133 -0.22165605 -0.9115405 -0.557621
2364 0.1938703 -0.7743591 -0.023595681
1052 -0.3220015 -0.8497663 -0.47589266
969 -0.2192259 -1.1954317 -1.0138184
181 -0.800875 -0.87896174 1.5053267
671 -0.55726635 -1.0203432 -0.7486293
841 -0.19153954 -0.78416 -0.33955058
74 0.17650874 -0.7994346 1.04852
2465 0.23419301 -0.74084276 0.65655875
88 0.11533615 -0.6473877 0.4039369
223 1.0829312 -1.2012548 -0.010218162
690 0.16963676 -0.9456677 -0.5117506
1148 -0.19031669 -0.71596056 -0.20879592
1051 -0.0836956 -0.86029357 -0.54307336
1242 1.3477554 -1.3692436 0.05974594
167 -1.034359 -0.88701075 1.4270107
727 0.7044857 -1.1822835 -0.66059124
1240 0.8597512 -1.0280331 0.042095773
1280 -0.37028605 -0.594908 -0.19683762
353 -0.53413045 -0.9820013 -0.71360064
2477 0.11090093 -0.70703006 0.6291987
670 -0.45875204 -1.0473745 -0.81634414
1964 -1.0182543 -0.8312125 -0.12921292
1617 0.913889 -0.99804246 0.4561964
1767 0.47966367 -0.8031607 0.9106002
1351 -0.25418982 -0.74493366 -0.22087629
358 -0.26966578 -1.6464258 -1.6091945
474 -0.9266251 -0.72148395 0.48937094
991 0.08807279 -1.0039711 -0.6998185
1618 0.2920476 -0.7639804 0.1629653
989 0.4931552 -1.1138817 -0.6697339
1571 0.6852979 -1.0620124 -0.44543284
1390 -0.20847228 -0.9711442 -0.70905304
222 1.0012126 -1.2036694 -0.13520344
1847 -0.12535778 -0.6436157 0.4177505
484 -0.87894326 -0.7522608 0.031875923
1471 -0.1674642 -0.8690913 1.5614623
983 0.36269525 -1.0089356 -0.58379036
1613 0.7100185 -0.9183129 0.63316786
1349 -0.5547449 -0.78154165 -0.23836763
943 0.7204486 -0.9788114 -0.1122956
1645 -0.27018276 -0.5849911 0.16817378
2268 0.42387557 -0.92042184 1.2347609
1960 -1.2942625 -0.84288377 0.10551336
1597 0.33183613 -0.7557886 0.45013762
1968 -1.3278043 -0.8344876 0.12288845
351 -0.6092797 -1.0337485 -0.77052885
1086 -0.4379658 -1.0104622 -0.7733568
1350 -0.6356703 -0.8214894 -0.34948647
1938 -1.54483 -0.98623383 -0.19470668
944 0.5429589 -1.0386208 -0.56938565
1925 -1.7249926 -1.0966549 -0.24305724
1560 0.8699778 -1.0808189 -0.16828777
90 0.05809138 -0.6601293 0.4251353
939 0.47173002 -0.8591866 -0.09799575
1278 -0.8423019 -0.7908055 -0.28391254
2425 0.36627024 -1.0176703 1.4887754
1832 0.4571853 -0.88690895 -0.07372763
368 -0.21889319 -0.7924337 -0.34313473
1601 0.6946113 -0.88326555 0.28781593
646 -0.43005508 -1.2117583 -1.0258489
814 0.4668581 -0.89264065 -0.10582096
1476 0.152824 -0.8199988 1.0718721
1386 -0.20588136 -0.7834526 -0.27347398
1315 -0.39762223 -0.7074247 -0.11428845
1238 1.8273048 -1.727586 0.20830348
1279 -0.5257228 -0.8564978 -0.5918612
355 -0.59163845 -1.2565087 -1.0851752
2225 -1.7016157 -0.988737 0.16377701
1640 -0.0327406 -0.73482174 -0.38934255
687 -0.08186432 -0.95610714 -0.5766529
1224 1.7108426 -1.6243992 0.34864783
901 -0.0926714 -0.7560669 -0.35492024
2319 -0.05990373 -1.0206963 1.7361598
840 -0.005451356 -0.81693697 -0.42401326
469 -0.8118835 -0.7000176 0.21865532
1277 -0.8254554 -0.77392507 -0.09719887
39 0.16063859 -0.84669477 1.181028
485 -0.8989597 -0.8071475 -0.21357995
1035 -0.113032795 -0.7515713 -0.22266322
341 -0.24715433 -1.3027159 -1.2121111
1128 0.024187516 -1.0766205 -0.7913642
949 0.5658865 -1.4091895 -1.11918
1219 1.8285842 -1.7014614 0.3990856
63 0.7807831 -0.9907605 0.9848561
961 0.21691306 -1.541685 -1.3839709
843 -0.042513587 -0.9421383 -0.6268468
2427 0.052438013 -0.9639224 1.5952325
366 -0.44635293 -0.71234965 -0.06624528
1356 -1.0177104 -0.9516289 -0.5430785
1639 -0.2479408 -0.57477283 0.12829319
1608 1.1611717 -1.1712172 0.7088088
2466 -0.10083774 -0.76079965 1.0269556
580 -0.4892139 -1.9820338 -2.010584
1884 0.3064451 -0.79771227 -0.060913835
836 0.34165266 -0.9172264 -0.43695325
362 -0.03217193 -1.3407116 -1.2119387
1638 -0.049780253 -0.63058174 0.3355094
830 0.0073305145 -0.85667753 -0.49446005
1493 -0.08490992 -0.8768328 1.4791111
2260 0.38192466 -0.85641533 0.939785
231 0.9680031 -1.308707 -0.50241524
845 0.09577669 -1.0105075 -0.6916714
236 0.8776269 -1.3561158 -0.8233446
1641 -0.043703992 -0.6278509 0.07716312
235 0.86113507 -1.2207651 -0.5634449
1486 0.2501737 -0.7961133 0.9333272
1379 -0.9724557 -0.89352536 -0.4081759
962 0.36768463 -1.4455692 -1.2188141
720 1.1467825 -1.3147761 -0.26924634
163 -0.62991476 -0.79302025 1.3057177
581 -0.42428544 -1.4196525 -1.3585805
2257 0.20780197 -0.86746716 1.226233
2113 0.42827085 -0.8476073 0.9448366
2125 -0.27934077 -0.646004 0.4874778
1609 0.8685934 -1.0216604 0.94932115
227 0.8544741 -1.1872284 -0.37174442
935 0.0954442 -0.7629548 -0.20881827
1392 -0.15462899 -0.74277747 -0.35803238
888 0.15154512 -1.0378133 -0.7521245
324 -0.6804884 -1.4044465 -1.2982544
412 -0.8646005 -0.7441054 0.80795527
320 -0.16299191 -1.763243 -1.7166328
172 -1.1131338 -0.94626653 1.5275022
138 -0.7974413 -0.8540289 1.4219385
328 -0.8003051 -1.1908039 -1.0099009
2152 -1.6960102 -0.9604553 0.3660268
583 -0.15238355 -1.1666325 -0.9983549
985 0.5569326 -1.0052427 -0.38705218
129 0.016569119 -0.815333 1.2354422
1261 1.703232 -1.5805018 0.55748564
2367 -0.41001186 -0.68200815 0.37862593
1291 -0.7271237 -0.779299 -0.18050836
946 0.71349007 -1.2012509 -0.66475785
976 0.5204234 -1.4219254 -1.146011
716 0.7654077 -1.0877978 -0.32455915
1763 0.22680202 -0.7445216 1.0383488
2259 0.310738 -0.9681606 1.4342638
1241 1.0328989 -1.1730655 -0.0038860915
1657 0.13578373 -0.78359604 0.9285804
1483 -0.15428369 -0.912544 1.5153003
1616 0.95379716 -1.0448213 0.5556959
1880 0.59753263 -0.91204417 0.07600517
1340 0.10001755 -0.83945936 -0.32353777
877 1.2981205 -1.3556131 -0.17081128
496 -0.34176224 -0.7206605 -0.23110087
878 1.097611 -1.3044752 -0.25123474
329 -0.7711442 -1.0050352 -0.7133118
481 -1.2620645 -0.8053052 0.47376052
1062 -0.3476131 -0.9505274 -0.65629566
2431 0.48330393 -0.9650652 1.1998987
316 -0.1857549 -1.399285 -1.3489915
2393 0.14311464 -0.78308594 0.78018695
974 -0.06449535 -1.2161725 -1.1371464
1329 -0.124789506 -0.71636266 -0.2082281
1602 1.064374 -1.1511973 0.09761963
669 -0.111823454 -1.0048327 -0.7428069
1145 -0.57703763 -1.041322 -0.8168212
1384 -0.0033176357 -0.888708 -0.51313573
510 -0.79699 -0.8145613 -0.22644907
60 0.49421424 -0.7676051 0.9652922
447 -0.10563991 -0.6834226 0.09076626
155 -0.39676377 -0.8001803 1.3326626
1761 0.39305705 -1.1070215 1.7648292
2151 -1.6547441 -0.96896076 0.24051775
1245 1.1064849 -1.1096182 0.35834348
883 0.8667503 -1.2803292 -0.72035444
1354 -0.5394101 -0.8726485 -0.52715534
1962 -0.9074455 -0.8326416 -0.37382993
584 -0.14744458 -1.1089185 -0.9054429
1485 0.09495735 -0.86874557 1.3080043
941 0.38909405 -0.7518707 -0.054212525
343 -0.30932793 -1.4477129 -1.3439028
1659 -0.16215542 -0.66025025 0.7038104
267 -0.10538276 -1.0420212 -0.84880525
1353 -0.29941952 -0.9225216 -0.565596
2424 0.46822965 -0.89838904 1.0516251
132 -0.5965028 -0.9275678 1.7211336
1394 -0.72767174 -0.7754831 -0.32272324
673 -0.24049135 -0.99905956 -0.710855
2406 0.11413304 -0.7042937 0.50377816
1846 -0.28698754 -0.67660606 0.566048
1087 -0.6712191 -0.85287577 -0.57027185
162 -0.5352552 -0.76266956 1.2226282
94 -0.34727398 -0.70585275 0.936638
360 0.023162887 -1.1849833 -0.94718397
517 -0.6117686 -0.71480566 0.01723758
2450 -0.18568632 -0.71252555 0.93040204
2068 0.034964014 -0.61702794 0.19891798
846 0.03186001 -1.1146064 -0.89028513
1970 -1.602975 -0.93345743 0.22697426
1250 2.3523083 -2.1803355 0.45860562
1333 0.72789115 -0.8944035 0.1265664
2318 0.083030656 -0.90318304 1.3778193
1836 0.3602173 -0.8226789 0.07183961
1027 0.19554333 -1.0918125 -0.77548075
215 1.2783384 -1.4400984 -0.46428645
95 -0.20021574 -0.74830174 1.1272054
694 0.059762944 -0.7888154 -0.11788695
2371 -0.12152546 -0.6362607 0.46357307
1646 -0.30234745 -0.6325268 -0.07213402
816 0.20888469 -0.79558545 -0.18575902
188 -1.1593024 -1.0648963 1.8678187
807 -0.24282315 -0.589198 0.29658714
1276 -0.613081 -0.7137558 -0.00951122
1611 0.7941549 -0.9478584 0.7449328
154 -0.61095357 -0.7060646 0.994151
1448 0.7434357 -1.1638016 1.6571132
586 -0.93060535 -1.4232509 -1.3361173
1387 -0.56442475 -0.8132645 -0.34423104
977 0.5618602 -1.3268528 -0.95004374
2321 -0.1780535 -1.0183364 1.792479
1136 -0.28154537 -1.138086 -0.99421513
2089 0.3155909 -0.72527206 0.4266706
1607 0.772959 -0.95692366 0.74321026
2261 0.25339785 -0.78744954 0.8676873
1762 0.24336322 -0.9370426 1.4203306
2040 0.9344221 -1.0371934 0.46520793
734 0.5538275 -1.040472 -0.51867706
173 -0.71283567 -0.76474315 1.1310699
1165 1.6426283 -1.5938942 0.13841558
1358 -1.0272027 -1.1052015 -0.83854365
1478 0.19336703 -0.87405074 1.234695
225 1.3480009 -1.4250218 -0.13893534
2449 0.17536792 -0.790975 0.8761004
1393 -0.37946242 -0.6097812 -0.09374357
34 0.41023153 -1.0933349 1.6719724
1484 0.023785777 -1.0006357 1.6638136
660 -0.25032556 -0.9869953 -0.81351274
1592 0.37261295 -0.76184934 0.29370236
180 -1.0442593 -0.9850838 1.6435177
133 -0.82228714 -0.92899984 1.6477869
796 -0.4510857 -1.0472592 -0.9153
1895 0.48567352 -0.96420556 -0.27394414
1653 -0.1651604 -0.59983575 0.34631088
1163 1.5372391 -1.4736073 0.25049657
1881 0.31431893 -0.8676224 -0.13809945
1034 -0.021973578 -0.7414836 -0.1752099
1965 -1.253787 -0.9194666 -0.33194712
881 1.279023 -1.3505787 -0.2636998
957 0.12888615 -1.7917113 -1.737768
2464 0.34296107 -0.7847946 0.6554698
1355 -0.60350347 -0.8499365 -0.43997526
2320 -0.053129062 -1.097373 1.9949155
232 0.5626639 -1.1663712 -0.68393075
1131 0.4122882 -0.9958972 -0.43442774
2631 -1.6903111 -0.96301776 0.92304355
270 -0.64940524 -0.7578941 -0.26709783
1961 -1.1092201 -0.8384888 -0.26492634
1635 0.047427863 -0.68639195 0.75550646
289 -0.21306989 -1.3624027 -1.2879437
2278 -0.05312079 -0.8912871 1.4880505
365 -0.027819658 -0.95862675 -0.6128763
1383 -0.23534402 -0.8206412 -0.4275212
1643 -0.19416836 -0.5838243 0.010095697
2126 -0.6296582 -0.7039775 0.9882545
318 -0.19331579 -1.2194281 -1.0655621
1477 0.26894912 -0.87744766 1.2147377
915 0.5489333 -1.5704957 -1.3095552
2375 -0.35771075 -0.6627741 0.5036658
2168 -1.9892964 -1.0954907 0.9275354
1053 -0.15110837 -0.96998376 -0.6085157
1559 0.61533505 -0.8358327 0.42169988
688 0.011385298 -1.0382497 -0.7218736
898 0.11215058 -0.7639583 -0.33260924
36 0.07580198 -0.71194655 0.6521792
1879 0.4397046 -0.92707044 -0.19034229
1447 0.23703666 -0.8248233 1.2114868
2119 -0.0009344575 -0.69526875 -0.05138724
495 -0.503998 -0.76415926 -0.2455292
1380 -0.56730825 -0.84175974 -0.44867355
1594 0.4581665 -0.8199071 0.09247758
1519 -0.47563586 -0.8550422 1.402442
2629 -1.3129076 -0.8476682 0.9981165
1610 0.8238786 -0.9567576 0.7008314
2368 -0.247817 -0.64249486 0.48217678
788 -0.3042471 -1.0359362 -0.87356097
2475 -0.031006254 -0.7964446 1.2311206
1829 0.069767065 -0.6998465 0.43215314
1028 0.32387292 -1.1701287 -0.81008357
1201 1.5700523 -1.4843962 0.89518845
361 -0.18407656 -1.2356724 -1.0892799
2102 0.8011814 -1.0869321 -0.33492833
1598 0.28337514 -0.78213567 0.010789534
2229 -0.7208702 -0.826089 -0.3265809
2139 -1.5214525 -0.89168274 0.3291114
2405 0.10158911 -0.7108081 0.43743485
2245 0.5835552 -1.0706095 1.4468335
1391 -0.5311987 -0.8444498 -0.5613305
820 0.27258113 -0.82476795 -0.08764327
1935 -1.2895066 -0.8976123 -0.15289696
2118 -0.25669238 -0.6105636 0.38589948
800 -0.3967198 -0.7001715 -0.2077983
1713 -0.00044835475 -0.83284223 1.3392615
2231 -0.9342534 -0.8258572 -0.26944837
1326 -0.4394297 -0.80790776 -0.33759788
1453 0.7877947 -0.90779054 0.89509857
416 -1.6826615 -0.9461764 0.50725514
2103 0.65423596 -0.92632663 -0.04712282
882 1.0883985 -1.3437563 -0.5877765
153 -1.067545 -0.95008886 1.5972757
288 -0.024981918 -2.054627 -2.0518417
1773 -1.2011455 -0.76841503 0.6895242
1106 -0.74385417 -0.90343523 -0.5239237
749 0.08980914 -1.1248968 -0.9208759
1073 -0.47983864 -1.0408807 -0.8301808
668 -0.21542506 -0.8503998 -0.48462558
1332 0.20685408 -0.7114349 -0.1640937
896 0.5680702 -1.0483872 -0.52192193
773 -0.04642806 -0.88940614 -0.5675706
2456 0.19126053 -0.7230928 0.33816567
1030 0.30626953 -1.2674549 -0.98532724
218 1.1690285 -1.3277929 -0.27482957
886 0.70314175 -1.1427563 -0.51958954
410 -1.0350405 -0.74634284 0.6424014
2289 0.2675864 -1.0831553 1.8353877
984 0.6354373 -1.0159125 -0.39936453
880 1.1725616 -1.306771 -0.22942244
1239 1.5417141 -1.4773645 0.27258936
1199 0.77956134 -0.923908 0.8497049
1404 -0.65720993 -0.76777184 -0.24305926
352 -0.31058255 -0.8890537 -0.59889346
342 -0.33032057 -1.4920747 -1.4272856
72 0.49736938 -0.9609326 1.2976689
1831 0.16926146 -0.816317 -0.09845628
120 -1.0485562 -0.95519626 1.6189755
464 -1.1124063 -0.7799731 0.6805509
1227 1.733457 -1.6466126 0.4292829
1536 -0.47254503 -0.8086223 1.3160257
634 -1.5864815 -2.4335978 -2.3614187
2397 -0.17378493 -0.6565899 -0.0016446251
1149 -0.23310749 -0.72274446 -0.13531771
1808 0.076502055 -0.68994904 0.388515
1347 -0.0686937 -0.8237187 -0.4066939
2316 -0.12163722 -0.8963161 1.5222366
230 0.98843145 -1.2125633 -0.27605337
376 -0.6574415 -0.80228657 -0.24672543
649 -0.60134536 -1.3543195 -1.3395051
1633 0.40077835 -0.82545984 0.7706423
1497 -0.012556377 -0.90334177 1.5317153
1878 0.29557598 -0.94269866 -0.39678285
2083 0.35958138 -0.7156468 0.37686867
2269 -0.0941107 -0.9158806 1.5627041
2396 0.13918665 -0.69511515 0.13160275
2110 -0.29562676 -0.8275804 1.4918264
1178 1.5809617 -1.495482 0.7261168
691 0.149807 -0.96381265 -0.5385842
1005 0.25701565 -0.9201839 -0.48390818
354 -0.24517553 -1.4377245 -1.3143467
1634 0.23524673 -0.8149372 0.9642608
2426 0.38975725 -0.94314057 1.2236032
833 0.15588972 -0.7055923 0.07979456
1814 0.7725837 -0.9703151 0.5827096
330 -0.45283362 -1.2793859 -1.180803
728 0.98710436 -1.2511137 -0.47184098
573 -0.4286934 -1.1827431 -1.0614549
1470 0.07633876 -0.77673054 1.2676221
2154 -2.3747427 -1.299081 0.37601927
2182 -1.3466583 -0.8970065 -0.088577785
968 -0.038711764 -0.91972417 -0.6746225
1382 -0.32020614 -0.8249493 -0.3909404
2436 -0.04822812 -0.72515726 0.7924449
1226 1.2681888 -1.3042535 0.10332697
664 -0.37318182 -1.1043209 -0.99110115
1116 -0.43480083 -0.7018559 -0.119777486
1734 -0.38284883 -0.711772 1.1579921
1029 0.4342234 -1.1915004 -0.8115408
1590 0.28003806 -0.6694567 0.3456169
1359 -1.5119209 -1.1644113 -0.6604873
2476 0.045114458 -0.7767096 0.99473727
1593 0.49991035 -0.82179636 0.25479624
233 0.6218696 -1.1954457 -0.6897199
812 0.40999588 -0.74828154 0.25999078
815 -0.044226248 -0.7134547 -0.15612991
1147 -0.4550379 -0.88850087 -0.50414485
220 0.6091019 -0.90731925 -0.06893437
748 0.13076231 -0.7148977 -0.29045278
2038 0.69284886 -0.9253869 0.50300133
551 -0.92418826 -1.24086 -1.1172597
693 0.42004633 -0.8531798 -0.19401464
2128 -0.60745203 -0.67667127 0.18357044
1983 -1.3801378 -0.9254107 -0.20111024
445 -0.3901168 -0.6874292 0.8488108
2411 -0.5259032 -0.63537234 0.15935902
2457 0.06315028 -0.6784286 0.49078298
61 0.30825397 -0.81087637 1.2715213
228 0.94979 -1.3741907 -0.6927694
84 0.4782588 -0.83661777 0.64638317
647 -0.70519656 -1.3912444 -1.2981822
678 -0.14954732 -0.9734645 -0.6382888
804 -0.26703644 -0.69430494 -0.29720756
420 -1.2160077 -0.9772197 1.4844463
826 0.3025887 -0.93311423 -0.43390533
2281 0.28811947 -0.9002369 1.2260029
2430 0.57542294 -1.0060234 1.2464492
274 -0.27546597 -1.009542 -0.8670104
166 -0.714494 -0.7762173 1.1815147
292 -0.37259915 -1.6500812 -1.6166389
2132 -0.4916868 -0.66998756 0.23646463
1966 -1.5057614 -0.98330283 -0.08414847
2228 -0.742955 -0.78305537 -0.25520682
2104 0.7428522 -0.9656078 0.004678017
272 -0.18603203 -1.1591815 -1.0098296
899 0.35727564 -0.81160885 -0.29489166
1969 -1.3418063 -0.81757796 0.5808819
89 0.011814553 -0.6594098 0.5500251
1055 -0.32935175 -0.85324186 -0.3785926
1644 -0.29697707 -0.6323071 0.022447167
2238 0.69525623 -0.9288363 0.59301555
1842 0.57840276 -0.8910509 0.23365872
1314 -0.56082195 -0.764408 -0.26188117
2127 -0.6504807 -0.6518542 0.4492089
659 -0.24661762 -1.0405132 -0.83148557
271 -0.69258374 -0.9401967 -0.67826617
2463 0.019049328 -0.660372 0.5491928
317 0.011729515 -1.1109328 -0.8406029
797 -0.5346579 -1.1099771 -1.0407946
64 0.55875784 -0.8263001 0.49840644
2117 -0.7930713 -0.65605795 0.7067365
226 1.0926569 -1.3651891 -0.46216798
449 -0.30272594 -0.6198291 0.27806425
806 0.019411372 -0.6363766 0.06478376
2230 -0.6073919 -0.84684646 -0.43657595
291 -0.1540888 -1.1280887 -1.0326111
996 -0.16806486 -0.76880604 -0.35859013
1528 -0.4510596 -0.8303949 1.3410344
2452 -0.26649314 -0.8116506 1.3309984
2138 -0.92855114 -0.73038596 0.4130368
500 -0.24476348 -0.66836715 -0.034801915
364 -0.36022905 -1.1062194 -0.943773
161 -1.332604 -1.1588056 1.9965985
1072 -0.06262132 -0.92865103 -0.55579257
732 0.6301871 -0.9559404 -0.16915822
1596 0.47822124 -0.8028462 0.19056283
134 -0.41448376 -0.92531013 1.6174744
802 -0.5075931 -0.6916653 -0.17923993
2150 -1.1722186 -0.72222847 0.40858367
152 -1.2273808 -0.94095147 1.5292284
1115 -0.48226646 -0.7009883 -0.27852875
475 -1.3834294 -0.8269878 0.47860354
2342 0.3788893 -0.83029866 0.9721379
2172 -2.0794342 -1.1641957 0.20887169
662 -0.4104385 -1.240331 -1.0953047
2404 -0.30829173 -0.67586845 0.5463144
622 -1.1940173 -2.1310222 -2.0761008
1665 0.18553479 -0.6657693 0.078510016
1654 -0.10413504 -0.68538713 0.668133
2290 -0.053067155 -1.0952202 2.0355914
719 0.94441885 -1.1812528 -0.38439977
2630 -1.2296358 -0.8166007 0.7991314
1637 0.3500244 -0.7948346 0.4802534
572 -0.70990306 -1.6157362 -1.6082982
640 -0.7255873 -1.4027421 -1.3338414
182 -1.015632 -0.8002679 1.1296879
1494 -0.19357309 -0.9745556 1.7474962
2299 -0.3441505 -0.97632366 1.7443721
1589 0.070959754 -0.69385374 0.36653104
1771 -0.765458 -0.64831936 0.65183586
234 0.78155005 -1.137264 -0.40069172
793 -0.17213304 -1.0198041 -0.8185641
2122 -0.3200215 -0.6278808 0.28469926
2184 -1.2547454 -0.7949064 0.3690453
913 0.52953273 -1.4549878 -1.1699396
809 -0.6224502 -0.6390619 -0.003930811
623 -1.3017379 -2.0603628 -1.9821998
319 -0.1951227 -1.8209145 -1.7361228
1186 1.8423595 -1.7110475 1.0953467
2363 0.49520454 -0.8006832 0.49109146
414 -0.6304397 -0.6736329 0.32571736
844 0.16629033 -1.090893 -0.777033
1562 1.1543261 -1.2712059 -0.094683714
459 -1.0129263 -0.7245722 0.5756882
501 -0.99247414 -0.860893 -0.31020963
2619 -1.7909787 -0.9928023 0.91001534
1891 0.07595835 -0.8857243 -0.4303515
1247 2.4143808 -2.2015576 0.682559
1926 -1.8143448 -1.0731001 0.061343703
2467 -0.047836687 -0.8097741 1.2252722
408 -0.8073399 -0.7445307 0.9894282
997 -0.13995127 -0.7336315 -0.19096334
1015 0.71972626 -1.115745 -0.5086165
467 -1.0453757 -0.76443386 0.66516626
656 0.25362042 -0.7250825 -0.100946404
835 0.5616853 -1.2589625 -0.8390777
2521 -2.2073936 -1.1985965 1.0491197
290 -0.2524408 -1.4281042 -1.3251334
476 -1.3395321 -0.8653012 0.20345339
509 -1.0426737 -0.84899473 -0.12373777
897 0.24340965 -0.87058866 -0.42669314
900 0.20697314 -0.8974856 -0.46631822
2474 -0.43585327 -0.6699335 0.9194278
2366 -0.1683919 -0.7063905 0.25410455
1466 0.9190114 -1.1449194 1.2168541
1882 0.4023678 -0.88239133 -0.16804418
1977 -0.7535561 -0.79013634 -0.27721816
824 0.3018931 -0.93163806 -0.440874
1825 0.81258637 -1.0081625 0.50628275
1971 -2.463116 -1.342718 0.55374664
1658 0.10330163 -0.7603356 0.81009305
933 0.50373906 -0.99863183 -0.40525544
666 -0.32063004 -0.9478474 -0.67386466
2114 -0.23439595 -0.6942353 0.9798974
1647 -0.36280528 -0.65971875 -0.14411129
486 -0.6566028 -0.700467 -0.12932129
515 -0.5328109 -0.6717263 0.23202084
1936 -0.63021415 -0.74127185 -0.1560351
1543 1.1624905 -1.2588627 0.0030874452
798 -0.22520149 -0.8392085 -0.666789
407 -0.5579018 -0.7756646 1.1657709
1628 0.36955547 -0.7831943 0.343017
834 0.5935589 -1.202557 -0.70510054
1389 -0.6406224 -0.8568819 -0.45140612
2042 0.55692446 -0.8407593 0.50089806
2036 1.0738962 -1.1771575 0.00603579
2087 0.31967747 -0.73320043 0.35513774
967 0.008868829 -0.9301409 -0.57292855
1402 -0.8080138 -0.861365 -0.3744967
2093 0.31136468 -0.77490634 0.7384823
1768 0.51409537 -0.90159786 1.1183118
817 0.52259976 -0.87893987 -0.024595492
903 -0.3102267 -0.7700118 -0.5639701
2279 -0.16170461 -0.79122245 1.1874791
1108 -0.60338914 -0.9296809 -0.57844836
964 0.4202348 -1.1601698 -0.80893487
1690 1.555394 -1.4725575 0.88408893
1544 0.92184234 -1.068956 0.14097035
718 0.6412805 -0.95990855 -0.22305383
1857 0.3039963 -0.7451429 0.368054
2178 -1.2230582 -0.85959566 -0.073706284
1956 -1.1705993 -0.93149936 -0.42535174
936 0.12397799 -0.7577259 -0.08441742
1526 -0.39644605 -0.75486076 1.216318
413 -0.8169054 -0.73432815 0.74289614
537 -0.45484507 -0.6207482 0.23865941
1876 0.14895312 -1.0317954 -0.69184464
2041 0.90617895 -1.0524356 0.7990295
2109 -0.093726195 -0.7604492 1.2044265
726 0.97713196 -1.2531581 -0.41119435
488 -0.92465734 -0.8171665 -0.28331146
1016 0.6275165 -1.027411 -0.48306444
598 -0.6889383 -1.2065718 -1.0660594
1928 -1.4753629 -1.0186428 -0.30820695
77 0.5428848 -1.141421 1.7104602
1883 0.33850256 -0.9251809 -0.3228227
2170 -1.5597141 -0.906294 0.37935576
1694 1.2271076 -1.2975477 1.1594486
367 0.08014509 -0.79196995 -0.3095349
2198 -2.3910527 -1.2706676 0.9822288
620 -0.8331295 -1.5900426 -1.5793936
1529 -0.5440709 -0.87619454 1.5164393
1929 -1.581571 -1.029983 -0.11386169
1738 -1.1073546 -0.8200417 1.2160475
879 0.77496314 -0.93704027 -0.06601055
945 0.6569053 -1.1782799 -0.6675858
1164 1.7310632 -1.638929 0.49257654
2394 0.07268441 -0.72165704 0.3743299
2423 0.33920422 -0.9127022 1.1740793
1524 -0.58764374 -0.76029795 1.2092482
2354 0.70716155 -1.1894399 1.6441749
91 -0.41893783 -0.6610552 0.78054535
2169 -1.3280764 -0.79777443 0.40553448
468 -0.9896785 -0.7192176 0.23036562
887 0.23827021 -0.86790866 -0.36736807
2286 0.22520249 -0.8863031 1.3156594
465 -1.3111309 -0.8771192 0.89175355
1591 0.38705087 -0.7240172 0.49660388
638 -0.6476607 -1.3766103 -1.3380312
665 -0.4515525 -0.99636436 -0.7438457
1937 -0.9630935 -0.86885834 -0.27545252
2145 -2.1515043 -1.1496643 0.79032326
1980 -1.5224354 -0.98116255 -0.078043446
507 -0.9946122 -0.83940774 -0.154421
448 -0.4531128 -0.6688589 0.35519838
2144 -1.7628882 -0.9780481 0.5913623
1764 -0.021707982 -0.6591948 0.90845317
1837 0.48637813 -0.8591154 0.2675678
595 -0.8141831 -1.534913 -1.500644
2614 -2.0087504 -1.0927402 0.925659
1166 2.1027896 -1.9773476 0.35496917
333 -0.37101772 -1.1745522 -1.0356834
75 0.3434606 -0.96882087 1.3760916
1887 0.4560143 -0.81351584 0.22984062
135 -0.77173424 -0.84588814 1.3655897
136 -0.60234314 -0.77205855 1.205448
1850 0.24263261 -0.87482005 1.2929316
1381 -0.16341382 -0.7995703 -0.40171146
2108 0.20071828 -0.7741299 1.0291268
769 -0.2609963 -0.79321915 -0.3771309
1939 -2.0223556 -1.2375857 -0.23572968
1820 0.44207853 -0.7923147 0.49046248
1570 1.5607593 -1.5768863 -0.1447707
258 -0.10387392 -2.0218084 -2.0259306
176 -1.1354257 -0.88124883 1.3198102
1600 0.51623565 -0.8261796 0.97691214
1753 -0.62054914 -0.8294539 1.4338831
1071 0.25155902 -1.0399996 -0.6450852
1967 -1.5155149 -0.9720926 -0.058538858
1804 0.64720213 -0.9287431 0.76342285
2069 0.39551288 -0.79321384 0.044685893
975 0.2517031 -1.3122551 -1.0703863
1754 -0.52923906 -0.84885794 1.6410996
1561 1.4285011 -1.4163477 0.19280049
813 0.4549615 -0.7687673 0.35590333
2064 0.569508 -0.80807114 0.37668175
2080 0.44239557 -0.8125056 0.27002895
1264 1.4039359 -1.3463093 0.34694055
1955 -1.3138028 -1.1300702 -0.7774286
1398 -0.68651795 -0.7742257 -0.26104972
2276 -0.02230267 -0.84681803 1.3801867
43 0.34569952 -0.86544025 1.1526189
141 -1.0399176 -0.88491964 1.4472296
1791 0.38783 -0.84205157 0.016641306
275 -0.094978124 -1.4067338 -1.3327191
2280 0.22706543 -0.9265595 1.2979102
1385 0.05218212 -0.8140045 -0.29858208
1146 -0.39190662 -0.80362296 -0.4058087
730 0.5267924 -1.0526854 -0.4282438
1120 -0.19192128 -1.189175 -1.0956926
810 -0.267662 -0.5678534 0.33581448
626 -1.2626984 -1.7097518 -1.5906876
1516 -0.5242148 -0.9817091 1.7647338
1950 -1.36092 -1.0353873 -0.46020705
434 -0.9769996 -0.73933065 0.6681339
677 -0.2022607 -1.1463876 -0.91640747
1737 -0.49438053 -0.73648494 1.1986551
1454 1.3708656 -1.4334463 1.3898655
819 0.6016084 -1.0202307 -0.25638303
986 0.49923927 -1.0806584 -0.6025033
1817 0.89849174 -1.0538964 0.5562545
657 -0.0866774 -0.84619075 -0.58525527
1070 0.3979806 -1.1491784 -0.74540836
639 -0.72408175 -1.50627 -1.4722852
2622 -2.3823998 -1.2897345 1.0316223
934 0.6492498 -1.0334127 -0.32064995
2107 0.2773918 -0.7677113 0.80642277
1141 -0.49900416 -1.3390796 -1.2084494
2025 -0.39942753 -0.81360066 -0.41827506
829 -0.06399976 -0.82131046 -0.41423553
2057 1.0165544 -1.1048442 0.37896162
2081 0.38474908 -0.778605 0.6507268
1735 0.17762618 -0.7625781 1.0908476
940 0.3194359 -0.7978562 -0.076009676
2623 -2.4281929 -1.3834401 1.692422
1266 2.070619 -1.8878975 0.6943163
1636 0.095858134 -0.7214347 0.7483429
1856 0.4594785 -0.81557226 0.5533793
680 -0.25766605 -1.0305282 -0.7821226
337 -0.0065616304 -1.6524608 -1.5402902
2282 0.10944697 -0.92485267 1.5118084
1623 -0.060835175 -0.6636482 0.6429469
1105 -0.8146042 -0.9648896 -0.70310897
1469 0.44114968 -0.9382581 1.2617128
157 -0.403155 -0.7926721 1.2992786
1693 0.9831453 -1.0576121 0.86343956
1574 0.4356173 -0.8218369 0.11964748
1134 -0.60725725 -0.9651471 -0.6327298
1648 -0.20951615 -0.60760576 0.45708236
1234 2.3880482 -2.211939 0.20035724
1584 0.7773723 -0.99660265 0.74898624
990 0.38503677 -1.1138442 -0.7797161
1747 -0.426791 -0.8477318 1.540068
658 -0.19792134 -0.8888045 -0.59757024
1243 1.4685676 -1.3952993 0.31384802
2267 0.30501732 -0.78441006 0.90817606
193 -1.1678895 -1.1607524 2.1336277
1098 -0.09627326 -0.9696315 -0.6380521
38 0.21416476 -0.9290536 1.3654809
1103 -0.22238676 -0.9184545 -0.64715856
1397 -0.73282915 -0.8833856 -0.58692527
1632 0.44509968 -0.8708874 0.9628128
257 -0.11959189 -1.8760328 -1.8597908
1445 0.23021019 -0.78075296 0.9126145
2155 -2.2293441 -1.2062317 0.5882609
1792 0.40078178 -0.8918214 -0.12766856
2037 0.75892913 -0.94637865 0.3526255
1019 0.39144197 -0.93225944 -0.32341835
1341 -0.20682682 -0.7605166 -0.2613469
159 -0.88765293 -1.0179023 1.9265276
2392 -0.015061957 -0.6959625 0.61893433
1212 2.5171773 -2.3260307 0.29200786
1271 1.2959503 -1.2557955 0.44368783
1974 -1.6721586 -0.97507364 0.13193536
2266 0.2898601 -0.79052323 0.90142584
1821 0.66270095 -0.911499 0.5851552
1018 0.4878335 -1.0104033 -0.42497635
1953 -1.8079928 -1.2202872 -0.46200454
1352 0.188722 -0.950511 -0.47385913
122 -0.68263257 -0.9299032 1.7894409
2437 0.14405236 -0.860545 1.1728324
2458 -0.17072001 -0.6708871 0.6611068
145 -1.5474365 -1.2986128 2.287888
1535 -0.21905099 -0.6921538 0.8605337
2179 -0.8705061 -0.77047384 -0.16083485
2297 -0.2751532 -0.94883174 1.6897935
282 -0.17938651 -1.4730638 -1.4288124
302 -0.46369174 -1.1617715 -1.0338081
327 -0.7574962 -1.5856875 -1.5197337
648 -0.8687091 -1.4244611 -1.3196614
1772 -0.70139974 -0.61302054 0.60546225
93 -0.46394444 -0.74453187 0.9628983
2314 -0.16648453 -0.8739697 1.4176877
1604 0.85726863 -1.0314959 0.6354644
1568 1.2385648 -1.3577939 -0.2256423
59 0.41857755 -0.83529437 0.95765257
1717 -0.06862016 -0.8295442 1.3569789
2115 -0.89276886 -0.6809517 1.0069797
2147 -1.8910661 -1.0521773 0.7819695
1794 0.07209178 -0.6938907 0.3736439
1972 -2.1559873 -1.2065566 0.22226982
2617 -0.85781 -0.6129048 0.5102978
349 -0.5636148 -1.1155239 -0.9785926
2403 -0.2371621 -0.6674384 0.33417934
1835 0.5255853 -0.8804735 0.009434349
2212 -1.6622549 -0.98402613 0.08264561
194 -1.665063 -1.2168533 2.0617418
837 0.5666257 -0.8709044 0.0018865956
54 0.38536465 -0.78273284 0.13625164
2085 0.342724 -0.68367153 0.24857402
747 0.21192758 -1.1351508 -0.9746153
674 -0.33264625 -1.031835 -0.78318906
303 -0.36979476 -1.4989346 -1.4612128
1318 -0.30098197 -0.7802559 -0.3998877
2353 0.48831397 -1.017281 1.4414178
2148 -1.3008462 -0.81482404 1.0450804
1200 1.1809984 -1.2112225 0.94969136
1218 1.8099693 -1.6635693 0.36036956
310 0.36910698 -1.67896 -1.5362393
121 -0.60033375 -0.7455243 1.2384042
1249 1.9159296 -1.8255494 0.09803611
2131 -0.3993282 -0.70470864 -0.18989934
855 0.920222 -1.0708325 -0.027881224
1714 0.27263948 -0.9011057 1.3823612
1260 1.6228542 -1.5419537 0.48194435
1085 -0.5617162 -0.98581266 -0.68870294
1237 2.1522963 -1.9681444 0.31034845
1612 0.8186172 -0.9955525 0.7536642
1328 -0.47650325 -0.753503 -0.26140878
992 -0.06370903 -1.0185374 -0.7044217
33 0.35831407 -1.1260533 1.8020377
301 -0.26685286 -1.1567209 -1.0488676
1652 -0.12819318 -0.6028587 0.18190637
1215 2.2626536 -2.0462847 0.6495198
1819 0.31913397 -0.69661033 0.55984104
884 0.67004436 -1.0943485 -0.488355
2365 0.0045937127 -0.7680848 -0.055123173
574 -0.06599884 -1.4721776 -1.4356519
2003 -1.1612533 -1.0752407 -0.7718636
1235 2.2884464 -2.147604 0.36807522
2106 0.46840155 -0.71947134 0.6253835
602 -1.0876967 -1.857735 -1.8013453
1012 0.47375825 -1.0966504 -0.61886317
2247 0.6757954 -1.084307 1.414982
904 0.11874011 -0.9865812 -0.7161325
2480 -0.09857775 -0.6630494 0.40856013
187 -1.4020797 -1.0739002 1.7782936
466 -1.0513754 -0.7669019 0.66897583
1308 -0.073093064 -0.9588912 -0.5940164
2112 -0.0338145 -0.7476991 1.1690706
1537 -0.49584755 -0.8408931 1.4360847
902 -0.28217113 -0.7923136 -0.5362613
1330 0.25455678 -0.77709097 -0.17205031
311 0.3806531 -1.4266183 -1.2066742
827 0.36817667 -1.0879655 -0.6783641
1588 0.0063620326 -0.70518863 0.4340364
2531 -1.2635468 -0.7876365 0.69808406
1263 1.1376345 -1.1870602 0.41759714
1421 1.3872223 -1.3135203 0.5949286
916 0.21840407 -1.2001829 -0.994347
866 0.81458294 -0.9910615 -0.12789397
1140 -0.3641608 -1.3279198 -1.2519904
1305 0.4942726 -0.89031535 -0.16838418
1137 -0.5481441 -0.94721836 -0.649815
487 -0.75657654 -0.7171673 -0.05289604
1963 -1.0993751 -0.8360841 -0.21425626
1179 1.2844218 -1.2613358 0.68554866
1449 0.46322325 -1.0258622 1.4951996
973 -0.16729255 -1.6076449 -1.5891345
511 -0.8642793 -0.82844716 -0.26050648
2494 -0.74868816 -0.907147 1.7027601
2618 -0.9650239 -0.6779638 0.7663024
699 0.76232433 -0.9485912 0.3132033
2227 -1.2193917 -0.8299463 -0.0184814
1979 -1.8420954 -1.2011818 -0.44128615
524 -0.9946471 -0.8934298 -0.39610916
2443 -0.0028984274 -0.7015123 0.045137476
2642 -0.6202311 -0.61449295 0.38388073
821 0.39032692 -1.0138259 -0.481843
1572 0.9964223 -1.093592 -0.13526027
401 -0.3989647 -0.73126453 0.9191778
761 -0.14339566 -0.7049393 -0.18875892
1843 0.50671405 -0.8770561 0.20499916
40 0.28975028 -0.888511 1.201255
1824 0.90528774 -1.0024028 0.27760628
2219 -1.520585 -1.0095092 -0.41022667
1437 0.6273279 -0.93137175 1.0046731
1050 -0.33404258 -0.88445604 -0.5295946
192 -1.5248439 -1.3008372 2.284478
250 0.3726475 -1.6978853 -1.5242778
2333 0.33036393 -0.790769 0.7803939
1144 -0.35973006 -0.96689963 -0.7287088
137 -0.67263967 -0.8422476 1.4021782
183 -0.91444236 -0.8049774 1.136197
1626 0.060817957 -0.72334146 0.57936335
1627 0.2156535 -0.79044074 0.13953169
1959 -1.6618172 -0.97922134 0.17111452
2304 -0.29864636 -0.7598846 1.273515
2468 -0.6198711 -0.8229084 1.3359832
20 0.67786497 -1.0132041 1.1897755
1246 1.8531052 -1.7059786 0.44808567
216 1.1707689 -1.2791206 -0.12399721
1374 -1.0986336 -0.8703543 -0.38515654
717 0.45623887 -0.7894762 0.06695643
217 1.2349313 -1.3501135 -0.08229186
2580 -1.3554708 -0.8228833 0.88587445
1951 -1.4162822 -1.116453 -0.58243763
1428 1.5605187 -1.5332255 1.2171388
1813 0.51785356 -0.8542865 0.5292396
1003 0.6488246 -1.0848278 -0.4181611
825 0.12264982 -0.90460026 -0.46251756
470 -0.7577088 -0.6907766 0.3949721
209 0.7542552 -0.9747486 0.06770634
1492 0.3703316 -0.8796876 1.1058677
1338 0.7344473 -1.0091759 -0.1612821
278 0.1755632 -1.8261184 -1.7079366
1403 -0.658888 -0.86123526 -0.4139668
676 -0.20889263 -0.892632 -0.4904827
1223 1.6196828 -1.535996 0.41317153
1898 0.71709424 -0.97215885 0.265769
1331 0.24889477 -0.9111897 -0.46905923
1770 -0.34190896 -0.6073464 0.67889225
1334 1.1906843 -1.2162597 0.017941521
321 -0.32650262 -1.6397463 -1.5880429
2105 0.38825494 -0.72477937 0.70314944
1122 -0.38499314 -0.9013223 -0.64440006
259 -0.23036224 -2.4325025 -2.447834
83 0.64725 -0.99308914 1.1563852
357 -0.87575424 -1.9332255 -1.9175758
2460 0.32801157 -0.7801179 0.4664833
2123 -0.23445383 -0.594581 0.10095443
2395 0.28492275 -0.71787643 0.30986837
1327 -0.3228798 -0.7381254 -0.26346433
889 0.2058397 -1.2257354 -1.0446614
1826 0.4213291 -0.78987825 0.3840828
417 -1.4560397 -0.9077813 1.044455
350 -0.53921777 -1.2115909 -1.0482776
1325 -0.15534441 -0.83642215 -0.3689467
731 0.59814686 -0.97177655 -0.2189202
679 -0.16349995 -0.8583536 -0.42467454
2606 -2.2294822 -1.246358 1.294416
1920 -1.9466379 -1.0660362 0.2548781
561 -1.0351176 -1.9554507 -1.961704
1436 0.759131 -0.9216156 0.8574744
1248 2.6303165 -2.428703 0.39423332
1852 0.3791206 -0.8965394 1.1086318
2084 0.812856 -0.9806092 0.2383872
1138 -0.3170507 -0.80497795 -0.42099747
92 -0.48507434 -0.717777 0.9481909
2583 -2.6702628 -1.418967 0.4675994
1126 -0.90917367 -1.0469718 -0.7163236
725 1.0479854 -1.1597803 -0.08594965
2438 0.45571077 -0.8703173 1.0088725
1890 0.025391556 -0.8332825 -0.32723376
1452 0.6817115 -1.00674 1.2213522
1069 0.2014744 -1.005427 -0.6620982
266 0.0723526 -1.4600561 -1.3140786
1090 -1.0899256 -1.0874683 -0.77913606
277 0.038237996 -2.1475496 -2.1238658
356 -0.8799304 -1.6661906 -1.6190699
966 0.09856939 -1.1250734 -0.80717593
1272 0.7101554 -0.95871633 -0.0738107
2111 -0.19842741 -0.8412166 1.4948574
1811 0.36756694 -0.7792119 0.4138039
1827 0.6255432 -0.9276792 0.18998604
1642 -0.055478573 -0.63110936 0.04764774
2573 -0.2844864 -0.63043094 0.21847767
1099 0.070624284 -0.7519707 -0.20774521
995 0.084064595 -0.8208134 -0.40438652
51 0.4059525 -0.81759703 0.8142197
1342 -0.12873557 -0.85511905 -0.3370436
588 -0.5182062 -1.6841564 -1.720807
1823 0.7181901 -0.94139236 0.44174594
1481 0.05725198 -0.9229753 1.5090724
1395 -0.98843414 -0.9223897 -0.46649772
1655 0.020190017 -0.7069608 0.6912891
1660 -0.082317255 -0.6693922 0.7868994
2180 -1.175242 -0.88251275 -0.13380675
1678 0.64243984 -0.85391486 0.79978836
645 -1.1425158 -2.082193 -2.0784614
2033 1.0437264 -1.1683581 0.032534093
1143 -0.46780857 -0.91957164 -0.6087152
224 1.1173712 -1.2040876 0.19306116
1155 2.3558917 -2.1607692 0.8210926
1888 0.21699345 -0.68192446 0.23652542
1606 0.85768354 -1.0334324 0.6909554
763 -0.14473444 -0.80499697 -0.35339153
762 -0.09270413 -0.8196606 -0.3564801
1496 -0.41391715 -1.0225081 1.9426674
1232 1.7158899 -1.6919769 -0.043805514
1674 0.8715066 -0.9985687 0.48740092
1189 2.872322 -2.6304553 0.92154795
672 -0.3090263 -1.0016234 -0.7028578
452 -1.137301 -0.78373426 0.6309541
1118 -0.114256404 -0.72791904 -0.33935705
1797 0.34617972 -0.81605047 0.65947884
1107 -1.0730917 -0.949726 -0.47158778
2226 -1.1527568 -0.81021667 -0.035572395
2539 -1.5192649 -0.9275424 0.94302016
1605 0.78928846 -1.0080717 0.6932335
1427 1.3898865 -1.3637309 0.9436939
2300 -0.112150334 -0.98860204 1.7928882
1779 -1.2184126 -0.8820166 1.274676
856 0.9397089 -1.2222733 -0.45517448
733 0.53756946 -1.1422353 -0.64167506
399 -0.6994579 -0.8194923 1.2688196
2317 0.12968689 -0.8672373 1.2540606
184 -1.1980485 -1.0185908 1.6944917
2390 -0.21796468 -0.6138183 0.5564521
2163 -1.6984578 -0.94589704 0.700248
1569 1.551061 -1.5798154 -0.19040906
1527 -0.3003876 -0.8990074 1.5920292
1406 -0.5276163 -0.6596713 0.014197698
1233 2.131701 -1.9441286 0.60036004
1669 0.5494513 -0.8444233 0.42123863
1934 -1.1485376 -0.8631858 -0.21425392
2263 -0.12870853 -0.59917086 0.5025024
1807 0.04022546 -0.6589916 0.54461455
2441 0.13108851 -0.7477477 0.65781146
1432 1.3804712 -1.3802633 1.133806
931 0.46714017 -1.1421614 -0.8073856
204 0.88025945 -1.1114277 -0.21321517
249 0.42245054 -1.431156 -1.1729379
62 0.4969068 -0.828821 1.1406053
1982 -1.5917089 -0.9930498 -0.024091467
1545 0.4402412 -0.8162256 0.6148307
2066 0.47492582 -0.75866485 0.5064026
65 0.72049874 -0.9176249 0.4212332
2473 -0.4389166 -0.68581086 0.9828435
2024 -0.3305709 -0.96632856 -0.65806055
2277 -0.46227512 -0.76820636 1.1966652
2585 -1.6704766 -0.9471748 0.32231823
251 -0.08519604 -2.0164423 -1.9835258
1550 0.56605476 -0.8537693 0.43656367
1603 1.0308143 -1.1410111 0.3411161
2073 0.5929578 -0.9152974 0.6034283
406 -0.42240995 -0.7511364 1.0201725
1324 -0.12196735 -0.74671745 -0.27962667
1502 0.07256954 -0.9411036 1.7440854
502 -0.85977286 -0.6873503 0.052231975
1184 1.5337511 -1.45106 0.86709136
1695 0.9307113 -1.2387353 1.5725079
596 -0.83150744 -1.7073169 -1.7140638
1175 1.8663857 -1.7243602 0.42331472
970 -0.47729042 -1.3542082 -1.2885339
808 -0.4296417 -0.59039307 0.46838316
273 -0.5973561 -0.9933765 -0.8718625
2283 0.04415035 -0.92372584 1.4940069
948 0.6035604 -1.4939724 -1.143
2088 0.13791464 -0.6500095 0.32506597
2055 0.5502206 -0.7938125 0.27430665
1585 0.47304657 -0.758381 0.33546576
2254 0.2578424 -0.7336031 0.6369341
345 -0.5642684 -1.4949223 -1.4140415
2146 -2.0288928 -1.1044598 0.34055263
764 -0.054361016 -0.81753933 -0.36973926
71 0.44811773 -0.92431957 1.3367758
1405 -0.45905682 -0.6252237 0.1418926
1622 0.23789759 -0.76783735 0.524996
1111 -1.0165228 -0.97001153 -0.6221535
281 -0.13026917 -1.6484561 -1.5972217
978 0.3860076 -1.4237367 -1.1725466
2142 -1.4802611 -0.910999 0.0056458022
107 -0.24485256 -0.76732486 1.2714235
2376 0.108053304 -0.69764316 0.72763336
483 -1.5403188 -0.9071586 0.5168684
1841 0.68985164 -0.9932007 0.05240606
87 0.15066615 -0.71324086 -0.13199034
2478 0.030832818 -0.6849555 0.7102361
1304 -0.091566406 -0.81131047 -0.4026456
1117 -0.15990405 -0.8182206 -0.4624718
823 0.2580493 -1.0593748 -0.64710605
1216 2.38686 -2.1829686 0.6144095
786 -0.22914898 -1.0437716 -0.85965735
13 0.4660405 -0.7728512 0.74928117
1225 1.4769706 -1.3920928 0.37534672
710 -0.4339361 -0.7396232 -0.2532644
1344 -0.00042238372 -0.86214465 -0.3867897
2532 -1.3948789 -0.84035826 0.6760836
1258 1.9084986 -1.7577276 0.82809633
2101 0.9749662 -1.1388422 -0.14037116
2461 0.18673381 -0.74057573 0.6938995
1731 0.05519242 -0.7963717 1.1940821
1156 1.7161051 -1.6044499 0.68947953
1472 -0.34206825 -0.8860571 1.5839047
263 -0.015556643 -2.0696695 -2.0182498
2577 -2.6791837 -1.4378624 0.99404335
2407 -0.2657586 -0.65098184 -0.045036692
2116 -0.82516015 -0.6599348 0.7911163
174 -0.5057478 -0.6848941 0.9286745
872 1.1880105 -1.3075769 -0.20166658
203 0.67900974 -0.9581983 -0.05001768
740 0.24424262 -1.2763616 -1.0507143
2552 -1.7073538 -1.079941 1.5820873
1229 1.1825769 -1.3307422 -0.20646632
803 -0.42686373 -0.6376755 -0.08105129
1505 -0.1987386 -0.74020845 1.0481005
2638 -1.0686284 -0.71309817 0.60537994
1058 -0.28918704 -0.87733567 -0.554789
2124 -0.194279 -0.6330683 0.51770264
196 -1.6339052 -1.2829567 2.215138
597 -0.73647094 -1.2971363 -1.1278071
2171 -1.8559208 -1.0245574 0.43620002
130 -0.23653561 -0.86990845 1.5070357
2270 0.10496471 -0.9693668 1.6328152
1748 -0.7174703 -0.9909199 1.8551829
2035 0.997745 -1.1523546 -0.24050307
1697 1.1079913 -1.1981902 1.246838
1599 0.28020066 -0.7515537 0.49700087
1932 -1.401578 -0.8898385 -0.0005561884
2479 -0.15210548 -0.6937509 0.6191935
1495 -0.4315468 -0.8938793 1.5999477
2639 -1.1220365 -0.72903925 0.33507454
1787 0.77564067 -0.96159697 0.48761997
1893 0.17402712 -1.0225167 -0.6375979
2608 -1.7075788 -0.9799309 0.97976786
952 0.56621444 -1.6392329 -1.3742288
126 -0.4050709 -0.87060153 1.6274862
2097 1.6362042 -1.5764232 0.22924653
1877 0.018513229 -0.9412144 -0.61466914
1026 -0.027673537 -0.934336 -0.61740935
768 0.07766787 -0.8477528 -0.38259822
1292 -0.2707822 -0.799023 -0.3319886
2385 0.22143649 -0.74679625 0.8357063
971 -0.8252375 -1.6601467 -1.6442679
1139 -0.26477647 -1.2310245 -1.1032368
994 0.18963419 -0.83461624 -0.29327127
723 1.0027635 -1.1698858 -0.23727292
2516 -1.2991896 -0.7627299 0.37193176
433 -0.7259092 -0.7088566 0.789871
2361 0.10745625 -0.7523141 0.61578625
1473 -0.3412719 -0.9135787 1.606736
1407 -0.52451354 -0.7513898 -0.21918795
2579 -1.7145026 -1.0514716 1.3968439
1806 0.42512548 -0.83990526 0.81503564
2343 0.9180061 -1.0493059 0.99444616
1582 0.9465668 -1.1765285 1.2723119
1104 -0.43813455 -1.084186 -0.8666432
1430 1.2067845 -1.2793311 1.2351159
1102 -0.3092525 -0.9062251 -0.54146737
1400 -0.88156855 -0.75481284 -0.04290044
255 -0.16623498 -1.943311 -1.9321176
2164 -1.4489441 -0.86981964 0.75377303
2581 -1.1741328 -0.71042556 0.39429566
2199 -2.527764 -1.3494705 1.2005504
1732 -0.3911577 -0.9222603 1.7373425
1525 -0.62713933 -0.94484705 1.6377443
993 0.16739714 -1.0415493 -0.7450226
2082 0.352984 -0.7710643 0.6893835
1194 2.8758273 -2.6153274 0.9656868
202 0.24151155 -0.8278665 -0.21160705
772 -0.5589633 -0.71138674 -0.10501759
1651 -0.1792018 -0.6792204 -0.086887315
593 -1.324589 -2.2106223 -2.1979206
2584 -1.5423158 -0.8774636 0.29790866
847 0.13407485 -1.024387 -0.8497934
178 -0.9134925 -0.8037987 1.197313
314 0.2881586 -1.5843849 -1.402219
641 -0.871201 -2.1833417 -2.1985428
165 -0.5583326 -0.79084677 1.2075906
1095 -0.58430666 -1.1265638 -0.9148769
2332 0.6961078 -1.0042824 1.2299672
2189 -1.9951069 -1.1066201 0.29597262
771 -0.61626184 -0.6466892 0.04957521
2312 0.033275973 -0.86421907 1.337868
1088 -1.3224167 -0.9828036 -0.543964
644 -1.261018 -1.9237099 -1.8474576
158 -0.6103773 -0.74162483 1.2587773
1418 1.2779882 -1.2669204 0.957668
1830 -0.030519502 -0.7125399 0.20341435
186 -1.1555861 -0.92009425 1.43
1282 0.6326816 -0.7780012 0.06859575
359 -0.2218297 -1.8274964 -1.7809823
575 -0.029490449 -1.8737369 -1.8467106
585 -0.7441456 -1.0822755 -0.83277255
1733 -0.5737588 -0.76339376 1.3291919
1692 1.034962 -1.1815798 1.2549741
312 0.289796 -1.5781784 -1.4273361
1281 0.27322972 -0.7679772 -0.37105837
1412 1.0095719 -1.0645887 0.72129023
1231 1.2642655 -1.342187 -0.18581316
305 -0.11275539 -1.352065 -1.2721066
1259 2.2203977 -2.046721 1.0589294
1290 -0.8276607 -0.8131073 -0.10708558
1274 0.048075162 -0.70338917 -0.026215961
1504 -0.51609254 -0.9140527 1.5896517
527 -0.8629121 -0.8087596 -0.35615656
2326 -0.3825215 -0.7285966 0.95023924
1361 -0.81881154 -1.0384653 -0.76935965
532 -0.54166555 -0.59380776 0.26640725
1413 0.9541611 -1.0698775 0.82357776
518 -0.7681808 -0.7767463 -0.0042471644
322 -0.59717953 -1.4205607 -1.3557979
2557 -2.602103 -1.3797344 0.8981005
156 -0.9777911 -1.0484692 1.944509
1096 -0.6158826 -1.126092 -0.92802894
139 -1.4644897 -1.2170321 2.1584065
2515 -2.2285383 -1.2049786 0.24750446
2255 0.020159872 -0.63903344 0.54672885
2556 -2.1083353 -1.1910102 1.4773407
1795 0.18804868 -0.73154724 0.23658638
57 0.04520271 -0.6778952 0.64564925
2130 -0.15468968 -0.6692952 0.27307177
463 -0.5106665 -0.66126126 0.36708614
1629 0.3948285 -0.8958687 1.0509489
937 0.33036226 -0.85545135 -0.2238373
1530 -0.4332102 -0.88813823 1.4586741
378 -0.25574028 -0.80172646 -0.2776257
1049 -0.30297765 -0.9587509 -0.6297753
2063 0.41843498 -0.8282782 0.924879
344 -0.2115388 -1.1249588 -0.9645878
1631 0.3635685 -0.74830514 0.6406638
237 1.0787005 -1.3532699 -0.5696473
2026 -0.41210002 -0.732184 -0.16903624
1828 0.47749403 -0.8611135 0.16632682
1984 -1.1298814 -0.9177647 -0.4230213
942 0.59444547 -0.8300083 -0.0005949999
1113 -0.6286712 -0.7589223 -0.17149751
1025 -0.104115866 -0.99841595 -0.7206786
1900 0.84723794 -1.0801091 -0.037778374
2379 0.3029881 -0.77384675 0.69571614
1752 -0.6622512 -0.7985406 1.3523258
1119 -0.11631364 -0.78310263 -0.37099764
2409 -0.51262516 -0.7232477 -0.105227485
497 -0.5554671 -0.7132849 -0.08247192
724 1.5109947 -1.6490886 -0.3709367
1838 0.7785227 -1.0177938 0.21317233
2256 0.20868325 -0.76582694 0.95215124
52 0.5933413 -0.9030851 0.14785084
2386 0.093823746 -0.87373614 1.4463675
742 -0.22050975 -1.1163795 -0.94608414
212 1.1045251 -1.2099042 -0.07780817
870 0.80791444 -1.0136267 0.008449754
2445 0.15152101 -0.8241044 -0.23838742
559 -1.1862599 -2.0505607 -2.0175388
1780 -1.0200055 -0.78540474 1.2177057
503 -1.0892116 -0.7817376 0.067468405
73 0.5021702 -0.87073606 0.82712173
842 -0.06488852 -0.9682939 -0.6221825
2432 0.2847313 -0.91605145 1.1293722
704 0.55013126 -1.0674504 -0.5578779
681 -0.21091115 -0.9963534 -0.71470815
1094 -0.64918786 -1.1684496 -1.0434713
512 -0.65605295 -0.7815213 -0.27894884
799 -0.3980965 -0.8119799 -0.5367645
2092 0.30261767 -0.73469985 0.70741296
127 -0.66499555 -0.98910135 1.8109236
480 -1.1767099 -0.7860595 0.44777223
705 -0.08499555 -0.8449757 -0.5856891
2413 -0.46203327 -0.66969204 0.48342285
326 -0.6177575 -1.2531787 -1.1355022
2389 -0.23902021 -0.67198455 0.7563893
315 0.08825374 -1.2418756 -1.1318574
371 0.031621035 -0.8085492 -0.14710414
2444 0.021368485 -0.6986406 0.052520014
1370 -0.4723487 -0.792065 -0.5437863
805 0.052469682 -0.5965551 -0.07826738
1760 0.11201151 -1.1603856 2.098967
1255 3.0152304 -2.7676387 0.9754857
2495 -1.3409394 -0.9046517 1.4296387
2094 0.38968444 -0.7541229 0.61365724
1812 0.47779748 -0.84382534 0.3951677
398 -0.81750745 -0.75645757 1.0850285
1416 1.1836898 -1.2701296 1.0296898
2591 -2.2411385 -1.2593298 -0.025653085
2440 0.33138472 -0.80306447 0.7877638
854 0.6619245 -1.0331571 -0.3232725
1704 1.0588678 -1.289759 1.5902623
2462 0.15889136 -0.675056 0.48960355
2502 -2.149939 -1.2018003 1.3448483
2399 -0.012862632 -0.73963135 -0.31200576
1257 2.1870954 -2.005533 0.7121695
2091 0.26702237 -0.7030715 0.37710634
521 -1.044548 -0.7634954 0.426544
1135 -0.5688102 -1.0887514 -0.8802313
838 -0.28432512 -0.64982533 -0.006746864
1677 0.50556195 -0.8566764 0.97886276
592 -0.76592433 -1.9707106 -2.0243442
1093 -0.6554844 -1.0705086 -0.8131116
2298 -0.22286151 -1.0103035 1.8125558
782 0.3120704 -0.8855418 -0.3677399
2157 -1.9412473 -1.0602624 0.58268064
599 -0.682006 -1.1156136 -0.91106206
2200 -2.392918 -1.2840065 1.0852315
1834 0.3287919 -0.79914874 0.18611449
1362 -1.0224978 -1.0282571 -0.68407094
168 -1.3626599 -0.9657603 1.4304307
325 -0.90101904 -1.4839729 -1.3951839
2121 -0.14171976 -0.6728633 -0.0753976
2615 -1.341418 -0.8575843 0.73082167
379 0.059001006 -0.80626905 -0.11213671
1130 0.32230526 -0.99662364 -0.5385072
682 -0.45023143 -0.9213288 -0.5811524
2647 -0.92654645 -0.7187774 0.29950637
2034 1.0055083 -1.1177583 0.06584585
1872 0.39035857 -0.8369706 -0.11656336
1921 -2.044249 -1.1431307 0.32918173
2536 -0.8253225 -0.6976415 0.7980609
427 -0.3372635 -0.6614019 0.69324905
1468 0.73941207 -1.1010042 1.3926766
1275 0.17651007 -0.7031976 0.04241256
2166 -0.62629414 -0.5468269 0.7679381
1475 0.107812576 -0.91629875 1.4140406
313 0.48174468 -1.8562305 -1.6653503
171 -1.575123 -1.2561022 2.1238537
396 -0.28903738 -0.64119047 0.6833467
430 -0.35332993 -0.7291033 0.8671169
268 -0.17333731 -1.031091 -0.83602136
2156 -2.0459194 -1.1080563 0.71810424
1306 0.142019 -0.7755439 -0.070337504
294 0.04820607 -1.4478893 -1.3387866
2373 -0.3296737 -0.7108954 0.6336781
2067 0.43177056 -0.7742328 0.256183
525 -0.86178136 -0.8641013 -0.47332215
1839 1.1356425 -1.2435439 0.037772384
1578 0.9982607 -1.1672035 1.1410041
2336 -0.09255298 -0.6790502 0.8843976
770 -0.38835305 -0.76563007 -0.2626239
1520 -0.57386494 -0.95136505 1.6466342
2398 -0.09518065 -0.84677356 -0.5339576
299 -0.4047177 -1.3351613 -1.260314
1740 -1.1411533 -0.9225259 1.5821284
2039 0.7542932 -0.97920024 0.58082277
1978 -1.5757908 -1.0729955 -0.38969794
82 0.6931581 -1.072608 1.4062525
1074 -0.65102637 -1.1213498 -0.89727
2307 -0.2588054 -1.1656989 2.169226
438 -0.6488676 -0.6878615 0.6731804
963 0.43693206 -1.5058147 -1.2361772
2574 -0.2651659 -0.6113521 0.3407365
409 -0.89565146 -0.72111267 0.78598094
587 -0.6434145 -1.0856938 -0.9213571
794 -0.2819415 -0.78236836 -0.5067124
822 0.24361809 -0.96476465 -0.49702007
1124 -0.25392976 -0.8111502 -0.4442198
2489 -0.6756815 -0.9592701 1.8598655
2454 -0.14345129 -0.6869129 0.6752325
2308 -0.13952722 -1.0419543 1.9019055
1624 0.2247765 -0.805059 0.7508936
1378 -0.42683306 -0.6164799 -0.1286544
2554 -2.5168831 -1.4611143 1.7287989
2637 -1.8915552 -1.0381063 0.4714077
1171 2.3533528 -2.1776845 0.53123975
2349 0.7670006 -0.89912367 0.49001682
1273 0.51675487 -0.8221168 0.0647788
1462 0.85138434 -1.0890976 1.1066614
1742 -1.012622 -0.890164 1.7063571
1952 -1.4053388 -0.983579 -0.31035942
1805 1.015636 -1.1081545 0.9031048
123 -1.2303587 -1.1657689 2.1409905
1547 0.9213004 -1.0389125 0.33177
1193 3.204813 -2.9535286 0.91642934
1450 0.5191888 -0.9133284 1.1188871
269 -0.3352123 -0.98675215 -0.745241
2493 -0.43033713 -1.0731086 1.9619851
1894 0.42507917 -0.9529755 -0.33844352
862 0.8766154 -0.97277373 0.15904406
2071 0.3867128 -0.8115359 0.090332255
2428 -0.041286346 -0.83529556 1.2516389
2306 -0.22302227 -1.0213677 1.8845023
1889 -0.21633135 -0.6508906 0.24547568
2246 0.33294538 -0.8646909 1.1339731
169 -1.4203553 -1.0933698 1.808042
1981 -1.3543978 -0.88495755 -0.095365904
1079 -0.5529938 -0.86769754 -0.48556495
735 0.7944827 -1.5773276 -1.1229961
462 -0.4845129 -0.62983114 0.56136864
1511 -0.20600222 -0.90983003 1.5154926
446 -0.14792039 -0.6406352 0.17957342
1399 -0.8019869 -0.7810995 -0.2040305
58 0.2804743 -0.77798 0.85563225
2232 -0.7828909 -0.88740546 -0.49897802
667 -0.34833518 -0.8318793 -0.4168054
1488 -0.04275218 -0.81117254 1.1309803
1125 -0.43591556 -0.956909 -0.63222426
2209 -1.8555053 -1.1636943 -0.36820793
2158 -1.086766 -0.73711014 0.83261245
287 0.17139077 -1.6032397 -1.5407153
1902 0.5151218 -0.9860387 -0.29778185
1320 -0.09239987 -0.8368713 -0.28330418
1265 2.1649806 -2.0124815 0.35989603
1467 0.8289546 -1.1391112 1.342269
1912 -1.8098541 -1.2104658 -0.47927263
832 -0.053591117 -0.6341974 0.61144596
912 0.5529743 -1.6042056 -1.3360418
1682 0.9725839 -1.039735 0.37357023
1443 0.43584415 -0.93933487 1.3483161
1434 1.216914 -1.1962839 0.7009216
426 -0.26877686 -0.6736981 0.8397211
1081 -0.7870848 -0.9360977 -0.60804456
1498 -0.031132078 -0.9526252 1.6931798
2339 -0.2306875 -0.6998048 0.8757333
2191 -1.579469 -0.958555 -0.29051465
185 -1.3660804 -1.1198438 1.911423
1056 -0.47603172 -0.97134715 -0.61101127
729 0.6070914 -1.0812446 -0.43451604
1479 0.28896016 -0.85986155 0.97524834
2597 -2.4244516 -1.2777845 0.67554754
179 -0.74700576 -0.68513143 0.81735426
1063 0.10395422 -0.9525576 -0.58107156
22 0.5260449 -0.7828559 0.702109
415 -1.1176081 -0.7895016 0.4936224
2218 -1.1907095 -0.8419298 -0.31374446
1886 0.2961578 -0.7736589 0.15490961
1666 0.26394293 -0.6956421 0.29837433
2065 0.5308087 -0.78285366 0.3480426
131 -0.9711697 -1.1727649 2.207869
2011 -0.7692935 -0.8981004 -0.5246728
1417 1.0502589 -1.1161114 0.8982959
2648 -0.91926724 -0.71066254 0.48828724
930 0.26025277 -1.2142588 -1.0100753
1267 2.8535843 -2.6092055 1.0423009
1567 1.5132385 -1.6102486 -0.18094113
1170 2.4738607 -2.292553 0.4683669
523 -0.900665 -0.80494595 -0.11079857
2434 0.05276725 -0.708273 0.49535936
684 -0.36882845 -0.9239509 -0.71678287
113 -0.94149005 -1.113323 2.1054819
307 0.22827916 -1.5998081 -1.4856172
348 -0.38138023 -1.0848856 -0.94547385
1523 -0.8415025 -0.82453036 1.328539
2174 -2.2259135 -1.1984131 0.6807041
2568 -2.0520267 -1.1125547 0.46408862
558 -1.067395 -1.9318347 -1.9147421
2056 1.079469 -1.1546619 0.39547136
1127 -0.57984626 -1.1355802 -0.9486426
2402 -0.011338343 -0.71098393 0.58004326
920 0.25741267 -1.2926208 -1.0625525
1532 -0.36696833 -0.8658588 1.4799252
865 0.96433914 -1.0659386 0.03191514
1373 -0.9774011 -0.95974386 -0.5374754
741 0.07505885 -1.4761015 -1.3499358
428 -0.37067923 -0.74125034 0.9410832
2491 -0.4647765 -1.017108 1.96358
2133 -0.1486466 -0.68557686 0.22023083
2548 -2.6211274 -1.4811225 1.8166575
1429 1.2766001 -1.2873778 1.040115
1300 0.29578206 -0.7901395 -0.23310648
2527 -1.6312776 -0.88911325 0.2823688
1818 0.18539576 -0.69310504 0.62141514
1180 2.1274667 -1.9281404 0.9918901
2183 -1.5383549 -0.8955669 0.2860585
1619 0.15071559 -0.7655538 0.12234211
787 -0.3233407 -1.089181 -0.9404448
2078 0.5499199 -0.8971283 0.6155915
839 0.42963198 -1.0109732 -0.40648302
947 0.47457758 -1.4498042 -1.1868984
545 -1.4165463 -1.7710414 -1.6464691
2540 -2.1800103 -1.2370908 1.233109
1701 0.9035871 -1.1193539 1.3492999
1975 -2.2148724 -1.2569133 0.060086302
80 0.5586918 -0.9651091 1.2427963
686 -0.118129 -1.12582 -0.84961885
1789 0.5325223 -0.89205533 0.10170462
1465 1.0596162 -1.1921867 1.041047
1339 0.8242543 -1.1695601 -0.32803315
2004 -1.2945299 -1.0015293 -0.48976612
285 0.027504673 -2.416538 -2.3910758
2341 -0.054794118 -0.84489703 1.2631108
195 -2.116892 -1.4296335 2.2931924
914 0.32349762 -1.3846755 -1.1902891
2345 0.5371426 -0.88504374 0.9067048
207 1.4707972 -1.6115578 -0.40613762
455 -1.1288362 -0.75116175 0.48293468
1298 0.07205621 -0.7017435 -0.18546113
252 -0.11707854 -1.769926 -1.7440946
663 -0.8257354 -1.5397049 -1.4818343
1765 0.40357855 -0.80504787 0.9621135
2582 -1.8082632 -1.0096972 0.34368515
1363 -1.0113993 -1.0788448 -0.74788195
443 -0.49938917 -0.7402523 0.81781304
1236 2.8955488 -2.704667 0.65007186
1726 0.42555234 -0.8058777 0.9455376
1343 -0.22448671 -0.8839061 -0.45176178
715 0.9716006 -1.2617928 -0.37098226
111 -0.54314154 -0.9412698 1.7621101
2362 0.49009684 -0.83553034 0.49558225
42 0.21987785 -0.82498026 1.0596089
2023 -0.07813191 -0.85553026 -0.5139485
2633 -2.2678514 -1.2277111 0.41772518
1739 -1.252791 -0.9417756 1.5441773
1656 0.13771546 -0.712116 0.38834086
2224 -1.71412 -1.0072145 0.16963883
1435 0.8848564 -1.0609751 1.02162
568 -1.1932956 -2.2973678 -2.3248284
124 -1.3174602 -1.2053415 2.160641
2201 -1.9017346 -1.0241934 0.7734412
1439 0.096665785 -0.80762804 1.2409916
1371 -0.6931462 -0.67538995 -0.047038596
1892 0.030805742 -1.0238088 -0.6788217
1456 0.9950404 -1.1246649 0.91515476
1254 1.9017712 -1.7803288 0.6012511
1573 0.40684524 -0.849263 0.0224883
1916 -1.0036507 -0.7525428 0.049009718
78 0.6626749 -1.2172061 1.7694458
432 -0.7326718 -0.7395674 0.880338
531 -0.60551584 -0.6414166 -0.1990585
767 0.14784837 -0.7356992 -0.07524079
16 0.91800946 -1.3530831 1.9241885
1686 1.4541291 -1.3981409 0.2895532
2285 0.24006292 -0.9907205 1.5949466
1706 1.2092983 -1.5649787 2.1268334
2607 -2.5172865 -1.3871758 1.2784042
2636 -2.8098545 -1.4828227 0.932975
1649 -0.16181163 -0.61954087 0.10941523
1512 -0.13730837 -0.92131096 1.573752
1337 1.097923 -1.2772948 -0.29954728
2074 0.47310984 -0.76419276 0.214941
2383 0.36163995 -0.8051317 0.80288273
1214 2.4776058 -2.285463 0.5243596
389 -0.9518246 -0.7818202 1.2580565
1388 -0.58012676 -0.8494018 -0.45372793
565 -0.9932326 -2.0457923 -2.0612552
701 0.72322315 -1.0203314 -0.21654744
1958 -1.6731457 -1.0202196 -0.16254036
654 -0.25507075 -0.78231025 -0.61712116
2595 -2.1642518 -1.1631196 0.4915381
109 -0.7747403 -1.0658586 2.065729
2221 -1.905169 -1.0561268 0.121457115
347 -0.29199815 -1.6875368 -1.6628295
675 -0.11380232 -1.2031579 -0.9812282
811 -0.26886773 -0.6258526 0.7120137
2384 0.37269434 -0.7876334 0.6985335
2576 -1.3287518 -0.79890084 0.32963127
461 -0.97384334 -0.7783272 0.9474813
405 -0.68333966 -0.7316962 0.98237896
1269 2.0486407 -1.9178942 0.57652014
279 0.4408533 -1.7081722 -1.511625
1744 -0.5775275 -0.7253888 1.0768777
1774 -1.1989752 -0.7669509 0.7413914
513 -0.5699486 -0.7313109 -0.10159174
548 -0.8705883 -1.4892523 -1.4328886
2372 0.1275457 -0.7370773 0.71979225
208 1.050076 -1.2491724 -0.26250595
1438 0.56200266 -0.89246416 1.0858494
1369 -1.2713258 -1.1167381 -0.8168648
418 -0.66553116 -0.61159974 0.63848
1741 -1.1214807 -0.85461235 1.4279914
1940 -1.6105326 -1.090443 -0.35251924
760 0.20237759 -0.97768265 -0.61307687
377 -0.19413511 -0.7328993 -0.09652026
1211 2.8032718 -2.5833406 0.64847726
1192 2.864987 -2.5988362 0.6917807
2501 -1.4824027 -0.9167606 1.1809984
323 -0.4764192 -1.5146837 -1.4434332
1176 2.3057396 -2.11465 0.6354234
1423 1.6651986 -1.5941321 1.0217502
1336 0.81486416 -1.0733656 -0.31999433
2588 -1.7880601 -1.0197054 0.13207118
938 0.68433714 -0.99749935 -0.17198323
201 0.4576653 -0.9345195 -0.28100184
1004 -0.056556333 -0.96985775 -0.631973
494 -0.7978798 -0.7868226 -0.15943538
1759 0.10784205 -1.02066 1.8606884
921 -0.030168151 -1.0124156 -0.849574
1268 2.8192885 -2.587269 0.9442017
713 0.7534837 -1.21212 -0.6419607
1188 2.2263186 -2.0044837 0.8036473
1346 -0.046155293 -0.7887362 -0.32292873
908 -0.36982659 -0.90799636 -0.73107755
1854 0.45674145 -0.9039546 0.96637917
2019 -0.5275401 -0.8015043 -0.3066628
1727 0.44073966 -0.94242555 1.3520687
861 1.4100801 -1.4987041 -0.22067523
655 -0.0349678 -0.7269105 -0.29320717
1077 -0.57776535 -0.8274526 -0.38157573
2197 -2.5967352 -1.3850405 0.47863486
453 -1.451402 -0.8846615 0.8273383
1673 0.84181106 -0.94524693 0.30755776
1855 0.5774227 -0.87873036 0.6134665
2517 -2.126171 -1.1195897 0.6859413
2096 1.6703606 -1.6431631 0.074616745
1422 1.4270228 -1.4062657 1.0557988
2176 -1.6127328 -0.91230315 0.43891543
128 -0.2639234 -0.8414415 1.3891102
2369 -0.39182508 -0.70134276 0.3077802
1198 0.84153897 -0.9797962 1.0913018
2578 -2.0669248 -1.2084148 1.4061601
1564 1.3252594 -1.4405676 -0.16200602
932 0.8630688 -1.1682329 -0.39295867
750 0.30344936 -1.4010953 -1.2468247
429 -0.29240516 -0.6968385 0.7684917
506 -0.9954145 -0.859516 -0.25401267
755 0.14445962 -0.8653715 -0.5432975
637 -0.75825703 -2.0394816 -2.050135
953 0.6200221 -1.6341591 -1.3754976
1944 -1.406706 -1.0898687 -0.56792605
2565 -2.7015061 -1.4523245 1.2057867
1222 2.1335108 -1.9674277 0.6198192
1815 1.1150068 -1.1915905 0.5439422
1790 0.5591568 -0.867785 0.20313977
1696 1.2503284 -1.4885223 1.9156005
458 -1.2645729 -0.8233206 0.7002454
308 0.43605858 -2.1074529 -1.935012
2448 0.031614825 -0.67668194 0.43215245
2243 0.67449164 -0.9336246 0.9987524
1867 0.06867289 -0.722772 0.5371434
745 0.037919156 -1.3246284 -1.186446
965 0.16311026 -1.0731411 -0.73189276
280 0.313297 -1.9280337 -1.8017261
211 1.0904197 -1.147495 0.1050553
247 0.45008543 -1.284568 -1.0022143
2528 -2.0504177 -1.0989631 0.55021745
533 -0.770832 -0.6450347 0.6682223
1531 -0.24503458 -0.8356094 1.4114201
2027 -0.6946363 -0.7501331 -0.15713617
21 0.79221463 -1.0518214 1.0606139
550 -1.108682 -1.4683856 -1.395398
2374 -0.19045484 -0.68113166 0.40374237
2167 -0.8726617 -0.64871657 0.9062937
1664 -0.027826956 -0.64643586 -0.0071284855
1927 -0.86651623 -0.7400597 -0.10743104
1751 -0.8364785 -0.8861597 1.6519103
2381 0.17047398 -0.7256417 0.7576808
871 1.073784 -1.2430606 -0.2158683
388 -0.44699296 -0.6155304 1.072294
1177 2.2264152 -2.040001 0.8777777
1840 0.95021385 -1.1037041 0.15227829
1442 0.3062693 -0.90911955 1.4146023
2442 0.12360377 -0.71932197 0.27124712
624 -1.5922134 -2.6194837 -2.5759149
2451 -0.2917073 -0.66645366 0.92353934
910 0.46061692 -1.5643023 -1.3953707
431 -0.7402155 -0.78791213 1.1041204
477 -1.5567096 -0.9471825 0.29166257
1433 1.0208027 -1.1325762 0.82342905
2377 0.13277587 -0.7620034 0.7815277
1515 -0.14471829 -0.84938735 1.3995692
1746 -0.5507589 -0.6854721 1.134857
1803 0.56919605 -0.88209313 0.6277063
2412 -0.5040525 -0.6460461 0.25767797
1552 0.73029894 -0.9112563 0.38311628
1518 -0.66273177 -0.9150782 1.6376388
1089 -1.0130754 -0.94937915 -0.5644713
951 0.420654 -1.8751571 -1.7462054
437 -0.75947475 -0.6661311 0.36798087
1716 -0.19723937 -0.94925547 1.6175153
2099 1.25896 -1.2638327 0.12358217
210 0.7073555 -0.905383 0.21271627
2522 -2.7411153 -1.445534 0.9035917
1757 -0.24775763 -0.9463902 1.7264558
980 0.09981522 -1.050282 -0.83055377
1426 1.7032492 -1.6618028 1.2808958
2564 -2.8138046 -1.5081867 0.9803832
55 0.17889975 -0.7301677 0.12203513
1919 -1.3858382 -1.005272 -0.38177308
164 -0.51393086 -0.7365066 0.98419183
1721 0.061954793 -0.6802777 0.87588966
2537 -0.70613146 -0.63819325 0.7588578
2173 -1.7976557 -1.0333866 0.6597098
1897 0.68098944 -0.97533834 0.06823385
636 -1.0617253 -1.8453068 -1.7801242
1455 1.7898884 -1.6709038 1.1585704
2555 -2.2421055 -1.2852439 1.5537981
1150 -0.14067012 -0.72802234 -0.074806
1499 -0.15614025 -1.0027125 1.8432993
520 -0.7143945 -0.65870297 0.5873662
1577 1.2187836 -1.3032855 1.1588211
117 -0.53096646 -0.88983005 1.5747887
739 0.4925441 -1.0720404 -0.71551234
2530 -2.0208704 -1.1295165 1.1640712
460 -1.0992169 -0.82568604 1.0373672
1580 0.97757125 -1.1626413 1.206133
1874 0.40165585 -1.0631757 -0.64141023
2284 0.1372624 -0.9945415 1.6423783
543 -1.2018307 -1.9166445 -1.8687712
1864 0.14264292 -0.6944416 0.47757107
2006 -1.7285241 -1.1128484 -0.389951
514 -0.5597729 -0.6637964 0.029444253
1868 0.5247697 -0.8854748 0.11290923
818 0.47811228 -0.9740735 -0.29689634
1057 -0.32661915 -0.8560082 -0.48202112
18 0.80267775 -1.051965 1.1285969
1451 0.3892993 -0.95280546 1.3209444
2359 0.5975848 -1.0358751 1.439816
2382 0.24140862 -0.76843876 0.73480076
604 -1.2023668 -2.1685126 -2.1487534
801 -0.38253915 -0.7353829 -0.37520155
2100 1.6794147 -1.6189344 0.18149878
297 -0.34151453 -0.9960657 -0.8332677
293 -0.0026678217 -1.1677127 -1.0107329
1415 0.40235326 -0.8851259 1.1913744
81 0.92150813 -1.2839245 1.7161937
603 -1.040484 -1.5852474 -1.4755267
1546 0.5950503 -0.86353815 0.2787685
1460 1.237496 -1.3021358 1.0435275
635 -1.4916695 -2.189163 -2.131186
1491 0.15331809 -0.81687784 1.0832344
1743 -0.25463322 -0.8849708 1.6924425
1709 0.5087893 -0.9842337 1.4765983
2275 -0.05955533 -0.7821757 1.2091422
2553 -1.7793567 -1.0987463 1.5883893
402 -0.68156075 -0.7750209 1.0238698
526 -0.8933577 -0.80771315 -0.3562874
2205 -1.7396712 -0.9836605 0.38658
1954 -1.5249956 -1.1459575 -0.63234574
35 0.5054139 -0.9765638 1.2132173
1082 -0.54669166 -1.0424443 -0.8291605
1786 0.521768 -0.8404205 0.46402463
628 -1.0159804 -1.7004987 -1.6448752
2572 -0.7200852 -0.72561735 -0.12651452
1522 -0.4511875 -0.8297671 1.3601003
1517 -0.42509523 -0.8717039 1.468841
594 -0.82154465 -1.5119469 -1.4607232
1002 0.54404074 -1.018771 -0.38165775
1101 -0.038751755 -0.80498433 -0.27299544
2265 0.07125401 -0.7962026 1.1523238
2002 -1.1581639 -1.0275629 -0.6558782
1097 -0.6267063 -1.3271254 -1.2132276
2612 -2.1212816 -1.1409954 1.1160567
1444 0.7199804 -1.1621968 1.630745
2058 0.909719 -1.0636231 0.6645139
2216 -1.555728 -1.0143807 -0.31982893
30 0.58180755 -0.97620934 1.2384708
1514 -0.28736278 -0.8921917 1.4984335
1583 1.1614251 -1.281897 1.17156
14 0.45598227 -0.8618595 0.89206177
1037 -0.17050606 -0.7572628 -0.25459942
1749 -0.31798422 -0.90517086 1.698793
2620 -2.6116312 -1.41152 1.326264
2569 -2.2556465 -1.2319378 0.48432702
1458 1.2424383 -1.2937899 1.1010894
2223 -1.7282624 -0.9870115 0.3268023
1100 -0.09694898 -0.76822054 -0.21062118
2165 -0.8419916 -0.67605495 0.8585548
2296 -0.1950834 -1.0956136 2.0023508
1873 0.42729676 -0.9008478 -0.34872234
2017 -0.7391622 -0.8285732 -0.3075575
298 -0.19315392 -1.5014658 -1.4544542
1461 1.1872977 -1.2737675 1.0534514
175 -1.3332149 -0.95303863 1.4467598
2535 -1.2215016 -0.7839938 0.67254263
2137 0.025197078 -0.6503703 0.3429566
2095 1.0563158 -1.1083275 0.5332274
905 0.0015070271 -0.9855206 -0.81075245
1489 0.17308298 -0.82628953 1.0929558
304 -0.38506338 -1.5411257 -1.5285668
2563 -2.1744375 -1.2101834 1.1418419
1296 0.29065138 -0.85910183 -0.28815624
2322 -0.1919407 -0.7459996 1.0431505
1372 -0.50478995 -0.7244476 -0.22698916
295 -0.46705556 -1.282591 -1.2118144
1345 -0.11782944 -0.7853618 -0.3347213
1060 -0.21412227 -1.2532145 -1.1063377
219 1.1450729 -1.2624732 -0.12442279
213 1.0045786 -1.1927907 -0.26565698
338 0.1146143 -1.722137 -1.6317358
12 0.9112024 -1.1708769 1.357927
589 -0.702932 -2.1142578 -2.1328657
950 0.6844875 -1.7856722 -1.4963555
108 -0.42915133 -0.7856754 1.3899356
1357 -1.3472521 -1.1951195 -0.7912682
2355 1.1302983 -1.3780891 1.667456
9 0.93933916 -1.0737244 0.6455598
2575 -0.9590065 -0.71697944 0.48635247
2492 -0.88504606 -0.8999223 1.6955094
2241 0.8688562 -1.0987587 1.1877732
621 -1.5963151 -2.5660717 -2.4733915
191 -1.7304168 -1.4681237 2.5592878
261 -0.08796894 -2.3663058 -2.381553
1563 1.2718655 -1.4366564 -0.33700672
759 0.3164822 -1.1745745 -0.8114403
2272 0.5663792 -0.8034189 0.773084
2175 -1.7138234 -0.9853912 0.6019018
627 -1.7052742 -2.2819433 -2.1642377
1503 -0.46750745 -1.0436667 2.0268447
2043 0.5970293 -0.8736097 0.49498054
2472 -0.1465809 -0.78535587 1.12754
2210 -2.392531 -1.3890957 -0.17735168
2429 -0.1596732 -0.8410481 1.3974211
534 -0.55756176 -0.6520134 0.22881362
214 1.1854789 -1.2482316 0.09662244
873 1.2623568 -1.4165891 -0.2868537
2635 -2.071274 -1.118897 0.89564013
2599 -2.0596764 -1.1242172 0.90852803
2645 -0.5117804 -0.5704427 0.36621466
2090 0.37242362 -0.76989394 0.70013046
982 0.28565195 -0.8964114 -0.42224884
53 0.63109595 -0.89451873 0.3745762
229 0.9954841 -1.3034837 -0.4604694
31 0.89282596 -1.39877 2.0358396
516 -0.5857557 -0.6821723 0.16383457
473 -1.1115881 -0.7961439 0.19826727
2640 -1.5303882 -0.91030836 0.2933132
2305 -0.16933085 -0.86337304 1.5266012
146 -1.3375344 -1.0309614 1.6196904
1316 -0.29764882 -0.69507015 -0.16471688
2542 -2.3358607 -1.2819097 1.0326837
2070 0.02317672 -0.62057143 0.33633333
70 0.4179916 -0.8956195 1.2879288
1551 0.555762 -0.8301004 0.16502582
2488 -1.1783922 -0.8675138 1.4155141
334 -0.16897288 -1.9131624 -1.8920386
2560 -2.5988412 -1.3820689 0.7030268
276 -0.11819374 -2.313783 -2.3040214
370 0.21012777 -0.7605161 0.06419703
2311 -0.030568423 -0.9681713 1.6980028
1302 0.07974266 -0.75661844 -0.24029656
2335 0.08732982 -0.7366751 0.86096233
1500 0.39695978 -1.099201 1.79698
253 -0.19144689 -2.1247344 -2.132051
874 0.9374263 -1.0837927 -0.07229767
789 -0.35676944 -1.1034822 -0.9420976
746 -0.021695903 -1.4741834 -1.3720078
1151 -0.25526658 -0.70478225 -0.056686353
2177 -2.0575712 -1.1251221 0.49299797
177 -0.83974636 -0.6823959 0.9147566
2143 -2.003447 -1.1408516 0.05313782
2050 0.7547388 -0.97891164 0.42873132
536 -0.6627125 -0.6282946 0.513911
28 0.8233774 -1.1424303 1.3359501
2610 -1.4823414 -0.84950936 0.83899057
44 0.18585579 -0.7011361 0.7552793
1565 1.6187445 -1.6966127 -0.31161973
505 -0.93125075 -0.9549086 -0.44780135
2309 -0.152446 -1.0451143 1.8783438
2262 -0.26077718 -0.67257905 0.24308442
2543 -2.3309588 -1.2983662 1.3849012
2613 -2.491725 -1.3080643 1.0001227
421 -0.9257285 -0.86936533 1.4089638
1203 2.126997 -1.9500784 1.0416859
1319 -0.04868315 -0.7511782 -0.36188155
1061 -0.02538542 -1.2883182 -1.1194148
2340 -0.1613599 -0.7809356 1.122978
1401 -0.60784304 -0.7005569 -0.04354347
1809 0.103835866 -0.71679807 0.57058305
1859 0.48453873 -0.84343636 0.3711431
1538 -0.4022079 -0.76451045 1.1393135
1558 0.9059657 -1.061677 0.33767128
499 -0.21331461 -0.6759531 0.065142155
2598 -2.283822 -1.2407444 0.9669245
1474 -0.17929836 -0.9136759 1.6501781
1575 0.81577855 -0.9917497 0.7655518
1691 1.4058678 -1.5043341 1.6256301
1995 -0.48111737 -0.82371336 -0.46000633
2018 -0.99200135 -0.9302116 -0.48342758
335 -0.08745056 -1.8165609 -1.7817465
1554 1.3783292 -1.3425279 0.5744163
1251 2.671636 -2.446509 0.4582728
369 0.12953143 -0.7845263 -0.18777187
2141 -2.206108 -1.2356606 0.12681401
1899 0.82652473 -1.0462545 0.14048345
2079 0.5113145 -0.8354859 0.42301095
1625 -0.0007470474 -0.704608 0.54284835
98 0.031742886 -0.7975809 1.2053137
1288 0.21457744 -0.8209637 -0.21614182
1987 -1.0060902 -0.79033905 -0.17330298
1419 1.1081272 -1.1269629 0.69042224
1621 0.32778093 -0.8110877 0.13726926
1725 0.7750302 -1.0339172 1.2759998
24 0.5509882 -0.8770194 0.8351158
1480 0.01752344 -0.96238613 1.592313
1162 2.0496936 -1.9146006 1.2356925
2313 -0.3378899 -1.0385983 1.8633609
2242 1.0417413 -1.3410505 1.5258348
140 -1.778591 -1.3436973 2.2700963
998 -0.6756966 -0.77340406 -0.24788225
2310 0.015765324 -1.0244442 1.8318214
105 -0.7772622 -1.0940131 2.1084683
2558 -3.2620444 -1.7461358 1.0164053
490 -1.1398635 -0.9573849 -0.390781
2264 0.2909464 -0.8701274 1.0478569
1244 1.487059 -1.4360409 0.21895185
2288 0.5374976 -1.2386965 1.9856492
244 0.89015764 -1.5612507 -1.0869774
549 -1.1786377 -1.7299612 -1.7144868
2391 -0.3135225 -0.68921894 0.84038776
1595 0.5456626 -0.93078744 -0.2078277
2624 -2.2422447 -1.2339954 1.3532666
1187 2.8557818 -2.5847476 1.2503183
1896 0.5604156 -0.9211324 0.07265334
1204 2.6062293 -2.3721128 1.1268431
1579 1.0724177 -1.2684048 1.3690538
1507 -0.45369473 -0.95449394 1.7302443
2547 -2.3416793 -1.3606709 1.7144753
1923 -2.0213027 -1.1636902 -0.0060406397
1220 2.7688427 -2.5611534 0.5137877
857 1.298385 -1.5245308 -0.5640698
498 -0.41883788 -0.7111016 -0.22927932
702 0.5417128 -0.9900536 -0.34914958
1293 0.5438668 -0.8983671 -0.30128908
2625 -1.9306405 -1.0776479 1.0419525
1311 -0.3741594 -0.8790942 -0.44009545
489 -1.2501662 -1.0035439 -0.498104
479 -0.7262879 -0.6519883 0.17829153
256 -0.07538591 -1.9982816 -1.9910703
2447 0.03837902 -0.6841931 0.19156729
519 -0.64352703 -0.66874194 0.41928542
576 -0.12761542 -1.8459723 -1.8404357
1997 -0.998447 -0.9645462 -0.491234
1262 1.421351 -1.3565658 0.18033583
895 0.3430988 -0.97900957 -0.59256905
590 -0.5668782 -2.1245098 -2.1778357
2498 -1.6715759 -0.99733233 1.1961634
2258 0.16631027 -0.8836716 1.2882972
613 -1.1894132 -2.3112998 -2.308351
2562 -3.1703086 -1.6835865 1.0076395
554 -0.93491507 -1.8344042 -1.8569733
1976 -1.9623678 -1.1302406 0.13700983
1360 -1.3289981 -1.0850583 -0.58888584
331 -0.109951176 -1.3922943 -1.2687072
2350 0.16616495 -0.71091837 0.69062394
1957 -1.3856428 -0.9868765 -0.46238336
960 0.34647182 -1.7404228 -1.5653372
2159 -1.4407641 -0.8653022 0.6990928
1181 1.3628817 -1.3602967 1.2242727
535 -0.9040426 -0.69007134 0.47457805
1816 0.6879717 -0.87699014 0.51428354
2053 1.2579521 -1.2759615 0.40656203
457 -1.4363647 -0.8686262 0.5580333
306 0.25703707 -1.3675599 -1.180828
2015 -0.78347796 -0.9138138 -0.4469665
2162 -2.174631 -1.1778027 1.0801022
2370 -0.2397277 -0.7003599 0.29249266
240 0.7424892 -1.033638 -0.14861
110 -0.79299766 -1.0004508 1.8882662
2315 -0.3348966 -0.9746669 1.6993757
703 0.8933531 -1.2040938 -0.44060287
1064 0.09811188 -0.8763563 -0.37270007
2586 -1.5608536 -0.9062185 0.32700518
792 -0.6576238 -1.565209 -1.559831
11 0.96817327 -1.0590489 0.64314127
2016 -1.0096122 -0.86652577 -0.31894925
566 -0.98303163 -2.197345 -2.2522795
2328 -0.1455794 -0.86087406 1.4494355
927 0.45941237 -1.1831218 -0.84173995
4 0.6184812 -0.93067116 1.1525847
828 0.19378118 -1.0281491 -0.63259476
425 -0.5273859 -0.7852699 1.1821474
2360 0.29447097 -0.80865484 0.8799557
2049 0.6172667 -0.8913685 0.2881446
700 0.43216363 -0.7736936 0.4089716
2596 -2.3429549 -1.2660961 0.8344197
2593 -2.3761292 -1.2686156 0.2660345
1801 0.3052675 -0.8523579 1.1449133
859 1.1326681 -1.3641199 -0.53173786
2153 -1.725569 -0.9750611 0.2094405
403 -0.6370058 -0.659365 0.6105356
2621 -2.381334 -1.3016236 0.89521456
243 0.73167974 -1.088476 -0.40767106
2334 0.20440742 -0.8467753 1.0819311
2644 -1.1408044 -0.80930537 0.11200333
2302 -0.31455627 -1.1026214 2.0546288
955 0.2216597 -1.8156888 -1.7408396
2559 -2.8658934 -1.5291302 0.7779942
2086 0.27208874 -0.727285 0.38043925
784 0.13500032 -0.98431486 -0.57687736
242 0.6276676 -0.98238903 -0.18882702
1555 1.321621 -1.3476968 0.52731127
221 0.61043984 -0.88121647 -0.032579448
1033 -0.2676164 -0.9781276 -0.65271276
528 -0.78306293 -0.9840567 -0.78660166
721 1.1252384 -1.3393879 -0.2973857
450 -0.7843039 -0.6859247 0.60606945
1110 -0.92095435 -0.91846377 -0.54314643
1464 1.2765298 -1.3363692 1.1300789
2519 -2.696047 -1.4466741 0.66922426
780 0.09610009 -0.9257899 -0.6312336
10 0.8887277 -1.0251477 0.6751581
346 -0.32241285 -1.6827158 -1.6407076
2293 -0.22315523 -1.0608509 2.016412
471 -1.0613987 -0.806106 -0.039623372
2524 -2.9454374 -1.5928873 1.5154592
1949 -0.5658648 -0.91761893 -0.58474267
2062 1.0337497 -1.137692 1.0407008
1431 1.3781078 -1.4336658 1.2248479
1366 -0.9388502 -0.96610713 -0.71315354
1866 0.07984053 -0.66962284 0.34811878
1295 0.5662461 -0.95129603 -0.27660763
1024 0.062556975 -0.9318952 -0.5337073
1036 -0.2874329 -0.89370334 -0.43698508
738 0.626754 -1.5062355 -1.1275116
1114 -0.55667275 -0.7767256 -0.21799955
1991 -1.2726576 -1.0548679 -0.55026764
695 0.102570236 -0.75709414 -0.06119109
1182 1.6603093 -1.5500743 0.93518597
1509 -0.31713632 -0.815929 1.3447257
1487 -0.11185132 -0.81465495 1.1884134
2378 0.32432568 -0.8188694 0.68536884
795 -0.59970987 -0.9656024 -0.7256644
2520 -2.9237633 -1.5629238 0.89353144
2592 -1.831181 -1.0975541 -0.15836446
2567 -1.5905355 -0.92090845 0.7732692
1299 -0.067259036 -0.71084195 -0.10121937
397 -0.1568812 -0.68890554 0.8867433
2274 -0.3215342 -0.9091598 1.5888983
708 -0.47787398 -0.7674796 -0.32203048
116 -0.7909398 -1.0102158 1.8507646
2632 -2.190256 -1.2033099 0.34339538
50 0.49617192 -0.84954244 0.7078333
2439 0.35094482 -0.77147937 0.6458756
1059 -0.1130548 -1.4098423 -1.2864072
143 -1.2142972 -1.1845065 2.1459446
692 0.42146257 -1.0140811 -0.5807634
2410 -0.5436406 -0.7084635 -0.16717818
1067 0.004670736 -1.1411947 -0.8827919
125 -0.85200816 -1.0487039 1.9456905
1918 -1.5427791 -1.0314305 -0.2803172
891 0.68593013 -1.3206726 -0.90235686
777 0.2029632 -1.1696981 -0.8731126
1167 2.5819783 -2.3945088 0.26789373
2549 -2.4319298 -1.4620869 2.0734706
2013 -1.286276 -1.0537313 -0.55147445
99 -0.17600873 -0.79463834 1.4060415
911 0.26211727 -1.2967086 -1.1012727
19 1.1092199 -1.3855253 1.6388515
2007 -2.1005251 -1.2390038 -0.12108145
1778 -1.5418898 -1.0322665 1.732148
2387 -0.14867932 -0.68578565 0.7885178
954 0.3349263 -1.7255278 -1.6082834
1270 1.7027031 -1.590756 0.70176375
332 -0.3135745 -1.5229274 -1.448074
442 -0.52328163 -0.668811 0.6308121
2244 1.1277683 -1.2997248 1.4305961
2202 -2.4193642 -1.3170304 0.4490916
1335 1.0276246 -1.1176752 -0.040696662
1718 0.27567562 -0.6948192 0.7211444
1802 0.35021377 -0.8871157 1.1481562
560 -1.3200467 -2.355859 -2.3699436
1080 -0.74721634 -0.9724431 -0.6320106
1161 2.4722984 -2.2418108 1.1767073
2401 0.32806706 -0.7167627 0.14624476
2291 -0.39669752 -0.82408386 1.556194
15 0.4761689 -0.8484232 0.9836163
260 -0.36796656 -2.0096211 -2.0492601
245 0.95228326 -1.6622808 -1.154287
363 -0.3087941 -1.3123232 -1.2160981
1675 0.92446035 -1.0562513 0.7343571
522 -1.1664217 -0.8064631 0.16858555
189 -1.5454197 -1.2263261 2.0829337
1414 0.51406384 -0.9089185 0.9605994
2358 1.0132493 -1.4014695 1.8907033
423 -0.16401954 -0.6856492 0.76547426
1853 0.3396379 -0.8347645 0.9669781
2590 -2.3709815 -1.3504777 -0.02670169
1914 -1.4644456 -0.9237726 0.010640773
2550 -2.1776054 -1.3601916 1.9833919
1534 -0.27786586 -0.7826564 1.2010537
1766 1.049563 -1.2178648 1.3487742
1930 -1.902178 -1.1287899 0.064903066
2160 -1.5685214 -0.91814905 0.72920966
1860 0.6643722 -0.919859 0.22152759
1719 0.2279736 -0.8710142 1.254127
1810 0.6118534 -0.89955825 0.5023086
1730 -0.04785394 -0.5720432 0.76976424
1755 -0.21898465 -0.9057001 1.7298614
296 -0.21369621 -1.8586851 -1.8208613
2294 -0.37251937 -1.162228 2.2638087
1501 0.13146554 -1.1064737 1.9972893
552 -0.8644911 -1.6135283 -1.6232176
544 -1.0516266 -1.5297836 -1.3932105
2356 1.4030317 -1.6685907 2.0067465
2051 1.042617 -1.1650449 0.8186185
17 1.2402844 -1.5824505 2.026329
1861 0.7595179 -0.98620003 0.19849505
1587 0.22005819 -0.75357175 0.6344134
758 0.3558681 -1.0704592 -0.7351316
765 0.14484602 -0.78320867 -0.27493286
1822 0.6718458 -0.95805514 0.5648671
440 -0.6594739 -0.7254265 0.9024466
2196 -2.7735417 -1.4646612 0.73144215
1169 2.347475 -2.2294445 0.08361849
1688 1.6350853 -1.5406322 0.50909674
1796 0.33864328 -0.7989621 0.674921
2351 0.581944 -1.0129259 1.2629654
2503 -2.5358338 -1.4147259 1.6327955
2643 -0.9463698 -0.71707857 0.26521277
2240 0.33545747 -0.82072216 0.95524013
894 0.6858709 -1.2757968 -0.83147585
383 0.7653428 -0.9607581 1.2160544
2435 0.2641378 -0.8141727 0.73858863
744 -0.11561033 -1.348302 -1.2160232
1869 0.5545004 -0.90325123 -0.03880818
743 -0.41679 -1.2719324 -1.1621356
482 -1.1013243 -0.7336673 0.44246307
151 -1.1253755 -0.97683907 1.6943647
853 0.52067333 -0.94278675 -0.27715096
96 -0.51746345 -0.7594047 1.2613775
2469 -0.5483751 -0.8058957 1.2716359
1075 -0.49819723 -0.959123 -0.6424796
2072 0.4383959 -0.8415549 0.36127424
1620 0.11971913 -0.7137946 0.085519254
2357 0.9103747 -1.2537876 1.6388919
1775 -0.98726493 -0.749003 1.183024
248 0.68401396 -1.7627428 -1.4440128
435 -0.7966349 -0.675232 0.45970902
2187 -2.2262769 -1.2397647 0.21022555
987 0.6144457 -1.1873798 -0.70990556
1065 0.24323656 -1.040239 -0.655777
2634 -2.9669776 -1.583482 0.78378695
1367 -0.43010256 -1.0958622 -1.0277107
2499 -1.5996273 -0.8923812 0.9518448
2010 -1.0914193 -0.960368 -0.4847274
411 -0.837566 -0.7908362 1.0781491
2551 -2.1178646 -1.1866188 1.4697104
1321 0.09311769 -0.9154001 -0.3872688
714 0.9036277 -1.1561021 -0.27460903
610 -1.0962825 -1.8789454 -1.8251884
190 -1.311505 -1.1799021 2.0748692
1376 -0.5108616 -0.8265153 -0.3938637
1420 1.8458343 -1.7083346 1.1017925
2190 -1.6073858 -0.93502015 0.2892903
1508 -0.21582004 -0.90719193 1.5547979
2292 -0.3823428 -0.97339475 1.836728
1446 0.12765914 -0.87775534 1.3644434
1205 2.095858 -1.9430275 1.0501773
2186 -1.7501945 -0.9845118 0.45841277
160 -1.4774698 -1.2233651 2.1942768
1202 1.5712612 -1.5207342 1.1848154
451 -0.6495222 -0.6767957 0.34709224
1871 0.42298543 -0.9693718 -0.35869637
2525 -2.5925868 -1.3856704 1.2240583
1756 -0.62069094 -1.1086884 2.2559958
1996 -0.67493004 -0.98399466 -0.67700344
400 -0.88192 -0.85266364 1.2913122
1506 -0.5265733 -0.8304544 1.428765
1191 2.475959 -2.2739968 0.53060013
1985 -0.91859484 -0.9753473 -0.6131395
564 -0.8774417 -2.1723108 -2.1993558
2149 -1.2593311 -0.7550806 0.570949
1858 0.45033458 -0.82665616 0.23700424
775 0.106743485 -0.97136074 -0.7033022
1722 -0.0022619562 -0.68056506 0.8684162
1566 1.7073375 -1.7360172 -0.24749285
557 -0.82411796 -1.8486427 -1.8420082
5 0.7285534 -1.0386047 1.2644849
1800 0.21854813 -0.8488521 1.143302
959 0.21573676 -1.6588119 -1.5662878
683 -0.664812 -0.712295 -0.19295046
988 0.3381548 -1.1753207 -0.8972762
264 -0.11619999 -1.6580794 -1.6178752
631 -1.6406573 -1.9818447 -1.7941428
1702 0.80722606 -1.2506593 1.7578202
2641 -1.6223614 -0.9233991 0.37157091
1533 -0.14105165 -0.81740856 1.2935778
491 -0.8731181 -0.97698814 -0.6854084
868 1.0884027 -1.2052805 -0.04614502
2352 0.53613913 -1.1626577 1.856999
384 0.25806844 -0.6365928 0.58610916
1865 0.38570112 -0.77973074 0.56950045
539 -0.501406 -0.60109186 0.07059965
2295 -0.303309 -1.1398283 2.1463585
754 0.33534572 -1.2083154 -0.98473173
1307 0.060009107 -1.0404917 -0.71514994
1289 -0.49826276 -0.7339649 -0.12779194
618 -1.1212852 -2.3075905 -2.3018231
6 1.2902688 -1.4408674 1.535598
1253 2.5328887 -2.3705313 0.6544753
885 0.80122083 -1.5567034 -1.1597006
1710 -0.2334838 -0.7471851 1.4176655
2120 -0.14373794 -0.7204887 -0.111435615
1931 -2.4006283 -1.3359666 0.21177489
390 -0.008699567 -0.62019444 0.98925954
2222 -2.2854447 -1.2357384 0.490803
1863 0.54832 -0.8528385 0.5988411
147 -1.3045863 -1.0106113 1.5573485
553 -1.0818181 -1.565701 -1.5217489
2287 0.5485974 -1.1788026 1.8224975
1109 -1.0580846 -1.1256822 -0.7877576
392 -0.1296582 -0.6025537 0.91961867
104 -0.52560747 -0.9042281 1.679045
97 -0.05610849 -0.6810906 0.9465071
67 0.41714567 -0.8191892 0.79261976
864 0.5864063 -0.82287955 0.17083178
2248 0.5964321 -0.96094173 1.1528567
29 0.23891667 -0.796114 1.0027395
2646 -0.8643294 -0.72447884 0.3550825
2098 1.7555279 -1.720558 -0.0042356784
2490 -0.48995417 -0.83672667 1.4879358
118 -0.6936499 -0.9929848 1.78366
1396 -1.1978569 -1.1430234 -0.802756
2570 -0.94856316 -0.67046285 0.22669506
2061 0.90147334 -1.0090986 0.7051778
2601 -2.4492707 -1.3685309 1.2231854
1745 -0.5078537 -0.7846754 1.3612845
2541 -2.0079465 -1.0697784 0.7957172
2161 -1.6063205 -0.9226462 0.8483351
1196 1.8190478 -1.7076895 1.3002727
1994 -0.9910007 -0.97562796 -0.56729794
607 -1.4725876 -2.1592855 -2.0786862
404 -0.6714101 -0.7449394 0.99481237
1922 -1.5247316 -0.9149932 0.12181674
68 0.3073182 -0.79029584 0.78618497
1047 -0.5925127 -0.91780853 -0.57873994
1924 -1.8580267 -1.0599908 0.039073266
2518 -2.3957467 -1.2718585 0.6588227
1933 -1.4070077 -0.94901764 -0.25176626
2338 -0.17563775 -0.61953086 0.46629503
737 0.62726533 -1.4236511 -1.0514123
1313 -0.4934103 -0.7843303 -0.32145622
538 -0.69680214 -0.62922204 0.28880844
2052 1.0477728 -1.1352607 0.44559216
1213 2.7394667 -2.4916975 0.91062355
336 -0.3412416 -2.0271251 -2.0488958
2605 -1.9348422 -1.1083943 1.2047954
1368 -0.68362564 -1.084101 -0.9915071
1630 0.5066239 -0.78669965 0.66415733
472 -1.1916801 -0.86835456 -0.15876544
2237 0.7728171 -0.9720738 0.853727
1048 -0.4156981 -0.94957584 -0.61193126
1650 -0.15812431 -0.67131746 -0.10165754
1943 -1.5311096 -1.1765476 -0.659982
66 0.50170416 -0.8251385 0.5604257
372 -0.042939585 -0.77464646 -0.07812516
919 -0.16018082 -1.0495015 -0.96920854
2566 -2.6547596 -1.4174515 0.94201624
119 -1.0698943 -1.2282414 2.295966
2324 -0.40836215 -0.6602529 0.63158673
642 -0.83485633 -1.7206833 -1.6888936
1705 0.7851417 -1.3279887 2.072585
1724 0.46797353 -0.8555738 0.9007079
2077 0.58812886 -0.86741817 0.58950067
1160 2.192237 -1.999958 0.7278722
300 -0.6530548 -1.1801612 -1.1032189
254 0.12845382 -1.5891359 -1.5023825
1459 1.0790813 -1.16679 0.98044395
1676 0.5317431 -0.7837815 0.3337823
1210 2.8892865 -2.6734748 1.0053079
1490 0.23309179 -0.8667052 1.0997164
2211 -1.1511948 -0.82896155 -0.2541072
2181 -1.0922768 -0.8530462 -0.1583967
2455 -0.019460613 -0.7733001 1.0739775
1221 2.58322 -2.3489404 1.0732445
1317 -0.21494165 -1.0017941 -0.7419635
1377 -0.7452671 -0.8335776 -0.41884905
2020 -0.19235842 -0.7852405 -0.26953727
709 -0.67433804 -0.85999775 -0.45243892
981 0.14116648 -1.114114 -0.8195517
650 -0.9013027 -1.7119423 -1.6234915
1206 2.0583098 -1.9144281 1.2432779
1885 0.1782581 -0.7511181 0.027046133
1945 -0.87623245 -0.85103273 -0.43519935
2414 -0.29060715 -0.7271536 0.7324563
69 0.5004382 -0.9198972 0.99155676
860 1.5273485 -1.7415291 -0.57209545
262 0.0143711595 -2.3143957 -2.275262
47 0.5650706 -0.92604417 0.997916
1556 1.4046844 -1.3927903 0.7007867
2022 -0.2279388 -0.74786866 -0.38017303
1365 -1.5808147 -1.4074687 -1.0696034
1185 2.1635296 -1.9712387 1.1994394
493 -0.8180139 -0.87395173 -0.36205426
2589 -1.4784822 -0.9658795 -0.2193339
2215 -1.8664596 -1.1090142 0.014724132
752 0.6290182 -1.7906458 -1.511949
779 -0.04514361 -0.99715126 -0.7695693
1046 -0.39638016 -0.9834221 -0.6404717
79 0.94860923 -1.2599182 1.538953
2008 -2.0099587 -1.3591921 -0.5845296
2497 -2.0594 -1.1562887 1.2932467
1364 -1.3845253 -1.2580056 -0.92396873
284 0.2844095 -1.8076286 -1.6904386
265 0.081646055 -2.2472885 -2.2205677
1998 -1.1030904 -0.99122286 -0.5164861
2470 -0.40547553 -0.77630407 1.1435094
776 0.2674378 -1.1586512 -0.8443465
1788 0.86060846 -1.0261722 0.2523687
1917 -0.95965147 -0.7943506 -0.100672014
2045 0.44721317 -0.8087256 0.1682529
27 0.46973985 -0.8871091 0.97769177
1013 0.7679008 -1.034951 -0.26409304
286 -0.12481497 -1.9947699 -1.957642
2545 -1.6093761 -0.9758544 1.3765943
2206 -2.139005 -1.1820282 0.15312877
685 -0.12736854 -0.7198764 -0.23143408
419 -1.4796233 -0.902424 1.1444703
2204 -2.5510733 -1.3848126 0.42601895
1720 -0.07499237 -0.63345873 0.72455907
2207 -2.0207932 -1.1792716 -0.20385991
601 -0.9869982 -1.1548197 -1.0149329
246 0.55824125 -1.7873819 -1.513758
1707 0.5794782 -1.1492294 1.920707
2059 1.0531099 -1.1686682 0.8666267
2203 -2.239729 -1.2469543 0.4007245
924 -0.36953723 -2.2206657 -2.2878237
2012 -0.7519116 -0.9736576 -0.6378891
2344 0.7648488 -0.94889957 0.9720319
611 -1.3486423 -2.175818 -2.106246
1092 -0.7325613 -0.9894916 -0.7329105
1441 0.91319364 -1.2490935 1.8208989
150 -1.909909 -1.4765377 2.4686806
2185 -1.9663683 -1.0922215 0.40810487
2323 -0.24524465 -0.8318337 1.2945776
1084 -0.8549758 -1.0249854 -0.7328478
858 1.4386913 -1.5417918 -0.41831842
1723 0.6878596 -0.93820304 0.94231266
504 -0.966942 -0.8771277 -0.23691116
609 -1.621829 -2.6079602 -2.5412135
1207 3.0031822 -2.7595627 1.0769268
2453 -0.21313918 -0.9154224 1.533784
103 -0.4348433 -0.74931055 1.3552222
651 -0.90146524 -1.858039 -1.828584
1078 -0.7442296 -1.0950817 -0.8541761
340 -0.09532738 -2.1796997 -2.1546755
1310 -0.063638575 -0.7508238 -0.12210178
2481 -0.51122034 -0.69779176 0.4368952
629 -1.9794354 -2.787461 -2.648622
2214 -1.5288178 -0.9266677 -0.1241244
555 -1.27309 -2.1644185 -2.1408648
605 -1.5122178 -2.5746372 -2.570096
394 -0.8895308 -0.69017184 0.8411122
1168 3.0017903 -2.7040024 0.7644112
1440 0.33857304 -0.92596483 1.4104367
2544 -2.338042 -1.4262208 1.9045432
1913 -1.4297161 -0.9726958 -0.26569337
2048 0.75483006 -1.0360762 -0.085562356
2628 -1.6242567 -0.9712252 0.88024217
2609 -2.4765103 -1.327214 1.1006844
101 -1.0124993 -1.2515733 2.425535
2600 -2.331174 -1.2703338 1.040615
2529 -1.8140163 -1.0298196 1.0019327
1941 -1.4730136 -1.1302161 -0.6393913
1993 -1.0135373 -1.0003026 -0.5815487
1158 2.514663 -2.2948573 0.73563653
869 1.0120493 -1.1810521 -0.13244827
1054 -0.24014485 -0.9202276 -0.53926486
2505 -2.3214 -1.2974098 1.5904621
2005 -1.0830374 -1.0512432 -0.73520666
1323 0.20668027 -0.9413673 -0.43548933
625 -2.0297587 -2.9000416 -2.753624
1553 1.058407 -1.1205035 0.2882294
422 -0.48784316 -0.7413416 1.1021162
1463 1.1058605 -1.2321954 1.1054686
2337 0.1441041 -0.67953914 0.5019157
556 -1.1622506 -1.9860196 -1.9427744
893 0.8988854 -1.4277395 -0.84302497
1712 -0.66323274 -0.69692713 1.1776699
876 1.4566889 -1.514645 -0.20144169
478 -1.3895054 -0.9180771 0.15683793
848 0.13357276 -1.1821216 -1.0027927
1699 1.0076573 -1.3817897 1.9067179
1862 0.5223918 -0.8521737 0.25953898
579 -0.015241603 -1.8487093 -1.8431456
863 1.0286719 -1.1149561 0.04908578
2208 -1.7202102 -1.1771735 -0.53977233
1781 -1.5035038 -0.9771896 1.5776199
562 -0.34123215 -1.5113819 -1.509226
1301 0.3715345 -0.97630185 -0.41425657
32 0.6957929 -1.1817089 1.6943278
1942 -1.3956268 -1.1355048 -0.6561459
1715 0.003085268 -0.8215983 1.3295164
929 0.22359847 -1.3504734 -1.1422309
2388 -0.26193252 -0.69407475 0.7859411
612 -0.7735139 -1.6947933 -1.6709106
1142 -0.77581185 -1.336143 -1.1792011
616 -0.55043197 -2.0330195 -2.089053
1989 -1.340796 -1.1083076 -0.62801355
2400 0.20996946 -0.7655443 0.4829933
1798 0.48147443 -0.89138407 0.8400832
436 -1.0934565 -0.76893115 0.31082323
1703 0.74246943 -1.2313291 1.7655139
239 0.77187574 -1.0512996 -0.21200852
1986 -0.9651919 -0.8750045 -0.45197988
1157 1.6644442 -1.5773292 0.3364646
736 0.98883134 -1.5581555 -1.0105759
785 0.034003098 -1.1301944 -0.86325014
23 0.782061 -1.1204113 1.3659513
1183 2.2004447 -2.048991 1.5107859
508 -0.8840256 -0.8765468 -0.35543463
1769 0.40917847 -0.8593671 1.0452732
781 0.21740527 -0.952117 -0.55897
2347 0.78148663 -1.0030234 1.0236754
2561 -2.8316667 -1.4920902 1.0211097
577 -0.22455336 -1.5815377 -1.5640591
928 0.6184635 -1.475265 -1.1403377
1228 1.3433775 -1.4290761 -0.3487487
617 -1.1827466 -2.475443 -2.497629
1728 0.52100277 -1.0424824 1.5033443
2616 -1.412554 -0.84807974 0.8119646
424 -0.559056 -0.7644988 1.228238
1845 0.025682583 -0.73532456 0.56837463
2046 0.42419913 -0.79250234 0.09507325
783 0.13808197 -1.0269467 -0.687299
1776 -1.0180012 -1.1311041 2.157906
2140 -1.611691 -0.89818805 0.17685248
615 -0.33130816 -1.4895233 -1.491892
643 -1.3515481 -1.9477652 -1.8784946
1851 -0.07168027 -0.6669577 0.96576345
2001 -0.9428759 -0.92581874 -0.5557646
1303 0.34725425 -0.90772635 -0.31771076
2538 -1.2484337 -0.8334475 1.0693061
76 0.68996227 -1.263636 1.8801008
26 0.6996269 -1.0686849 1.2666215
530 -0.6976391 -0.8002427 -0.46086034
1076 -0.56517553 -0.7580781 -0.2853909
2192 -2.6277719 -1.4230932 0.42510986
1708 1.3613255 -1.535946 1.8250955
148 -1.2013763 -0.80747986 1.0350094
2193 -2.1079094 -1.1533873 0.1863702
1252 3.1148503 -2.8902087 0.68677515
2571 -0.86465406 -0.6593874 0.19764139
2327 -0.10891926 -0.703893 0.936767
1425 1.5297674 -1.5616525 1.276623
956 0.29356846 -1.9744883 -1.8790725
711 0.94923747 -1.3661361 -0.6873461
386 0.41571775 -0.72241277 0.90658396
283 0.07270864 -1.2991021 -1.2458249
1700 0.7792085 -0.88738716 0.87723213
1988 -1.4284066 -1.1012647 -0.5520928
570 -1.7299623 -2.707348 -2.684022
547 -0.8944405 -1.7199763 -1.67643
569 -1.3680578 -2.239635 -2.241648
1870 0.6820607 -0.9732944 -0.014643946
1510 -0.42449915 -0.78414226 1.3631686
906 0.060678657 -1.0731087 -0.90777606
712 0.7073236 -1.0712588 -0.33828968
144 -1.6792877 -1.5083321 2.6897674
1992 -0.95850426 -0.9040195 -0.4930391
1793 0.32032627 -0.79968774 0.12886544
1513 -0.05497601 -0.83060914 1.3595754
2009 -1.5535307 -1.163593 -0.5537281
339 -0.1491896 -2.1012235 -2.0895786
546 -0.86251396 -1.9662038 -2.0004065
114 -0.67118347 -0.80430573 1.4390392
1581 0.99734133 -1.2054394 1.235968
2504 -2.025858 -1.2551242 1.7819872
2249 0.72814596 -1.0491998 1.203308
395 -1.0043981 -0.75950545 0.88733387
375 -0.49401113 -0.7763196 -0.2520421
1698 1.2860785 -1.4927428 1.8313563
2301 -0.25849688 -1.131188 2.1861486
1256 2.7270384 -2.4779487 1.1561886
1799 0.61727643 -0.92997205 1.1181154
2217 -0.9868699 -0.8622979 -0.41288626
492 -0.9898965 -0.92416203 -0.46565464
1482 -0.14395446 -1.020546 1.8531132
2213 -1.7930007 -1.0435836 -0.048622537
456 -1.479824 -0.89162457 0.5224363
630 -2.3223834 -2.927716 -2.689377
1123 -0.3588651 -0.9968716 -0.7160491
892 0.6406427 -1.3038117 -0.83773506
766 0.18666968 -0.80277574 -0.21295634
958 0.16110308 -1.8434852 -1.7595508
571 -1.5438101 -2.400006 -2.3849797
37 0.24829823 -0.9145517 1.3586825
2419 -0.09998917 -0.6701883 0.32104927
2446 0.21624477 -0.75160325 0.44925523
2236 0.8586801 -1.0061748 0.6062815
25 0.55948585 -0.91693133 1.0205259
170 -1.6503211 -1.2051708 1.9060383
3 0.70602113 -1.0295912 1.2313466
1287 0.1030924 -0.6145043 0.37455592
1424 1.1988385 -1.2735906 0.98660415
2500 -1.3127364 -0.9453932 1.6747139
2060 0.9767668 -1.0817822 0.7214849
206 1.1960497 -1.4237258 -0.39304814
205 0.97548854 -1.1286297 -0.045896333
100 -0.41402596 -0.88681597 1.614705
757 0.40806437 -1.2381403 -0.8932901
115 -1.0449185 -1.111302 2.080463
1521 -0.804802 -0.97653615 1.6739098
2253 0.56770694 -0.94703656 1.0828207
1711 0.19559595 -0.90477604 1.4980568
49 0.46899045 -0.83296984 0.7449257
1023 -0.4605977 -0.9935426 -0.71090645
1068 -0.22882038 -0.89238244 -0.49466658
441 -0.36996204 -0.70437276 0.84449136
2250 0.39665967 -0.8567105 1.002632
1121 -0.22455578 -1.2307401 -1.1257883
606 -1.5703161 -2.3985753 -2.3493886
454 -1.4475529 -0.8674042 0.59637946
393 -1.0588948 -0.7855581 1.1355166
8 1.3098519 -1.417009 1.3862753
2076 0.39211115 -0.7954109 0.5010186
1557 1.0054191 -1.0962048 0.4409
751 0.65279263 -2.0098944 -1.7472067
2471 -0.37655395 -0.78569704 1.1473535
2418 -0.34966376 -0.6645622 0.31785256
1375 -0.8545194 -0.8941463 -0.5147413
1689 1.4028563 -1.3415198 0.6853461
48 0.7341655 -1.0082947 0.92656195
2408 -0.6862046 -0.8344197 -0.4070459
907 0.043024283 -1.2289362 -1.0654632
529 -0.8906738 -1.1892081 -0.9940183
706 0.43731526 -1.0066463 -0.50277567
2075 0.36430368 -0.7952909 0.22033063
1848 0.31621936 -0.79629004 0.8839447
2047 0.51627386 -0.930889 -0.070319995
867 1.2685478 -1.3753152 -0.18044536
112 -0.8133305 -1.0831296 2.0929449
2546 -1.5830091 -0.8985575 0.87459666
1217 2.6636553 -2.4524448 0.7974787
922 -0.39086273 -2.0153642 -2.055338
2188 -2.524464 -1.3891084 0.37803933
46 0.23389012 -0.7456303 0.78575265
2303 -0.36193836 -1.2440674 2.3415852
387 0.12922665 -0.78722125 1.3431047
875 1.4350904 -1.529876 -0.21349864
917 0.4462355 -1.7642357 -1.5347809
2271 0.48485082 -1.0781738 1.5861017
2220 -1.866344 -1.1883543 -0.592998
756 0.5078153 -1.0427681 -0.5787223
2014 -0.47683188 -0.909959 -0.5287553
1197 0.8782171 -0.9517711 1.014222
1915 -1.1729847 -0.7361357 0.37784636
241 0.68329525 -1.0524936 -0.32459977
1875 0.26053596 -1.2038409 -0.870682
614 -1.0780528 -2.6022258 -2.6264312
45 0.13024192 -0.7308306 0.89332557
2251 0.8482526 -1.2200087 1.6235319
890 0.27420196 -0.89532024 -0.51672
1990 -1.1033263 -1.054771 -0.6717523
2000 -1.235578 -1.0965956 -0.63292044
1667 0.36627936 -0.6718575 0.5173703
2526 -2.497592 -1.3381747 1.1144084
2433 0.27651408 -0.86166495 0.9633378
632 -2.067367 -2.7401376 -2.5782626
1668 0.21851811 -0.64569837 0.5192613
633 -2.070246 -2.8055558 -2.6407504
1548 0.98275465 -1.1006091 0.8125415
852 0.5762885 -0.80046666 0.13835812
2252 1.111713 -1.3182453 1.5021673
142 -1.554435 -1.1293325 1.8548611
106 -0.959091 -1.199542 2.2349138
2611 -3.1676536 -1.6976122 1.2800875
2594 -2.4760406 -1.3525529 0.36542836
238 1.1891541 -1.4307874 -0.5132564
2587 -1.6643 -1.0217412 -0.08238383
2028 -0.98313 -0.93582565 -0.3735273
1736 0.44722027 -0.8498492 1.1532643
1091 -1.0892498 -1.341782 -1.2705226
2348 0.9177727 -1.1299993 1.209064
2459 0.6201411 -0.87731314 0.66815495
1294 0.43502262 -0.9155063 -0.3038406
1901 0.5168181 -0.89799184 -0.16202368
444 -0.32801738 -0.7119673 0.90601486
1309 -0.056845896 -0.87484336 -0.30060878
1758 -0.17332041 -1.1437961 2.1837978
7 1.1262126 -1.1797702 0.7385691
2239 0.3567182 -0.7718841 0.6923639
2523 -3.0131886 -1.5991578 1.256478
1750 -0.4197486 -0.7631064 1.3111314
439 -1.1274406 -0.87952 1.2365892
923 -0.41341856 -2.448457 -2.4911673
1011 0.46123797 -1.1575301 -0.716558
2044 0.50206685 -0.85730636 0.33062643
778 0.10138176 -1.1262493 -0.85471624
926 0.30100983 -2.1266766 -2.035678
1999 -1.1614146 -0.96965605 -0.42362744
608 -1.7496519 -2.7052176 -2.6085691
1195 2.4020038 -2.1890948 1.2115608
102 -0.94282633 -1.1166763 2.1438556
2325 -0.42993727 -0.7343612 1.0474831
909 -0.47603306 -1.0979943 -1.0297208
385 1.4135599 -1.4072137 1.1950543
2273 -0.18904532 -1.0574857 1.8598921
1045 -0.41463083 -0.91609854 -0.46936843
309 0.63236177 -2.154491 -1.9210632
1586 0.27425432 -0.7698263 -0.029366825
2194 -2.4168394 -1.3392098 0.03436696
2416 -0.2295123 -0.712521 0.6048584
1083 -0.43235385 -1.1031535 -0.88650954
753 0.74825096 -2.1010141 -1.7915049
578 -0.17222272 -1.8096563 -1.8209925
2195 -2.86701 -1.5092518 0.68284434
41 0.28503224 -0.81066805 1.046945
567 -0.8177705 -2.294119 -2.3558137
591 -0.45510533 -2.3828878 -2.4649997
2380 0.4750476 -0.9198784 1.00914
1576 1.0239335 -1.1570761 0.9581784
1670 1.0927527 -1.1357431 0.56931037
1022 0.3414508 -0.6953336 -0.44607127
979 0.39279842 -1.0998567 -0.7033085
2496 -1.3724797 -0.8262952 0.88130695
1833 0.9012869 -1.0604316 0.2623776
774 0.37706572 -1.0174106 -0.57342863
1190 2.9971116 -2.770926 0.80130285
1312 -0.15336922 -0.8392778 -0.29338685
563 -1.1490073 -2.3564675 -2.3631349
1457 0.9685825 -1.1003969 1.104618
1283 1.0264285 -1.0159001 -0.07993371
619 -1.122333 -2.4128768 -2.4099998
1322 0.09529658 -0.9784496 -0.510916
1777 -1.1004428 -1.0330713 1.9558066
1031 0.17456634 -1.0676887 -0.7152189
925 0.1348591 -2.170342 -2.1518636
1973 -1.1860775 -0.777126 0.17021519
1297 0.1615039 -0.86945856 -0.3582289
1112 -0.7275384 -0.8856495 -0.48562074
972 -0.86814994 -1.7952251 -1.7579395
1066 -0.0075938716 -0.7899974 -0.354949
2346 0.52441496 -0.8629241 0.8763533
1729 0.59543496 -0.97866595 1.3437643
1017 0.8932384 -1.1987064 -0.47804675
1159 2.7887886 -2.539981 0.81391543
197 -1.7323036 -1.2511332 2.0995748
1672 0.60240394 -0.860489 0.29946414
582 -0.33936682 -1.5451381 -1.4539261
722 1.1688758 -1.2557628 0.09622938
1230 1.0585921 -1.1986933 0.036148436
2054 1.0606874 -1.1485313 0.4782876
2021 -0.35117304 -0.7727089 -0.27940342
1687 1.3169203 -1.2894839 0.07861677
56 0.07315383 -0.7110898 0.2310738
2487 -0.97989213 -0.84232223 1.4918439
1844 0.43201774 -0.8664774 -0.050628275
391 -0.5539232 -0.76422364 1.371361
2602 -2.8882573 -1.6003679 1.5149783
1903 0.7592883 -1.0132135 0.010663005
1671 0.9684838 -1.084477 -0.047713872
149 -1.1795015 -0.9044926 1.3682753
2417 -0.22837031 -0.730357 0.6210644
1038 -0.16057462 -0.78051186 -0.24936013
1782 -1.3552259 -1.0484788 1.8373559
2415 -0.32645842 -0.7097285 0.64786464
1549 1.1742703 -1.2536296 0.7266161
918 0.043417446 -1.7608641 -1.7346408
1009 0.9509174 -1.574478 -1.0667263
661 0.021536224 -1.1316197 -1.0128511
2604 -2.9557142 -1.6348718 1.7354187
2533 -2.26429 -1.2115337 1.0408396
2029 -0.7283179 -0.9220709 -0.4766285
600 -0.91949475 -1.3878627 -1.291112
2626 -1.5914557 -0.9895639 1.0288472
1408 -0.5961368 -1.2363665 -1.0076865
652 -1.0051365 -1.8518684 -1.7568829
1681 1.8254017 -1.6959609 1.4298997
1849 0.06979866 -1.0109608 1.7965393
2507 -3.1549168 -1.7721153 1.9857423
1006 -0.8035893 -0.69997716 -0.18210894
1174 2.7138035 -2.4821012 0.8631553
1679 0.9317926 -1.0507419 0.69955665
1208 3.1113331 -2.9150662 0.9615804
1014 0.6547511 -0.87782896 0.29284066
707 0.26782337 -1.0360222 -0.66201776
1685 1.7987238 -1.714572 0.508674
2486 -1.6131543 -1.0911324 1.6673495
1010 1.3013933 -2.064237 -1.4836254
653 -0.6524025 -1.4444978 -1.3219768
1910 -2.0180347 -1.2205824 -0.22011821
1209 3.0612843 -2.847834 0.4010187
2627 -2.7830124 -1.4572332 0.8541517
2508 -2.990184 -1.5916368 0.9262571
1680 1.7883755 -1.8010244 -0.13908377
1172 2.2607563 -2.1047258 0.1345906
