2553 3
1542 -0.48496392 0.1020881 -0.42423972
1140 -2.1850665 -0.574568 -1.1480865
1347 -1.9272771 -0.30815277 -0.6109297
416 0.49467742 1.8827797 -2.0394938
1300 -3.7774591 -0.5557905 -0.8789376
1626 -0.4072486 0.9134527 0.1255273
233 0.12769932 1.2687603 -3.3026066
301 0.14060993 0.9863113 -2.286692
1299 -3.7836738 -0.465758 -0.70655316
504 0.586558 2.2643976 -2.3267405
1233 -2.0647945 1.5102443 0.9447397
1142 -1.8361553 -0.52311116 -1.2590691
1274 -1.4556676 0.9586434 0.5525336
2129 -0.61634696 0.27463967 -0.16502944
620 -1.1366718 1.1502203 0.6183313
2430 -0.17308025 0.57544607 -0.69718087
1519 -0.21564497 1.0272425 -0.28674045
837 -0.63530207 1.8342888 0.48559263
1395 -2.2073185 -0.253101 -0.46371037
796 -0.5040668 1.9454732 0.38111195
616 -2.624432 3.1895778 1.6396726
2394 0.36631048 1.7545284 -1.0147768
229 0.1767926 1.0562838 -2.4293993
573 -2.1432989 2.64351 1.32912
225 0.002773751 1.0328138 -3.1336465
410 0.23295896 1.382737 -1.0652494
1346 -3.254327 -0.5468411 -0.9144421
512 0.4564134 1.9026526 -2.0480196
1344 -2.465008 -0.16701183 -0.37029758
2146 -2.5649958 0.52150464 0.4556453
1535 -0.13243644 1.0297089 -0.34424588
719 -0.019439168 2.869155 -0.11231512
289 0.19227806 1.1576741 -2.5759494
65 -0.83316094 -0.11863275 -1.6547354
554 -2.087025 1.9090309 1.1396319
418 0.2834889 1.2796509 -1.5841724
1977 0.4320085 3.3187568 -1.0449347
255 0.03903014 1.035605 -2.9265308
831 -0.55435914 2.1621802 0.43148276
358 0.015843669 1.1832579 -3.798173
1559 -0.39654845 0.47967896 -0.50507927
1807 -3.1623027 0.9880219 0.86421615
1144 -1.4500979 -0.3529507 -1.032746
1313 -3.4635828 -0.3429059 -0.55541736
1972 0.22645727 2.4643915 -0.6096413
1466 -0.26866528 0.9321875 -0.19513533
1262 -1.9077731 1.4247917 0.8789823
2313 -0.88207775 0.19380793 -0.22637069
2166 -1.4093835 0.3750734 0.3021299
1534 -0.15937531 1.0451275 -0.32494503
1125 -1.7755495 -0.5284386 -1.3686193
510 0.5955089 2.2351162 -2.36037
1095 -2.542121 -0.806841 -2.126982
1405 -3.3297458 -0.50231683 -0.84326094
957 -0.9853493 -0.16003892 -1.3971694
674 -1.0802382 1.2714902 0.57560873
1276 -2.4673946 1.5491428 1.0399667
1119 -1.4943932 -0.49545297 -1.7207024
2002 0.45843855 2.4634452 -1.1429231
2385 0.426136 1.6213189 -2.0025463
2209 -2.6167681 0.5716995 0.54505676
307 0.0042321044 1.0445775 -3.2191534
459 0.5494433 2.105457 -2.1776078
1376 -3.972322 -0.5092058 -0.81893563
2568 -2.3695624 -0.21726203 -0.45351326
404 0.33439407 1.4830589 -1.33247
1587 0.0030519022 0.7991326 -1.0918934
2363 0.27200848 1.6449121 -0.7425123
1273 -2.0907142 1.4306262 0.9298422
285 0.1862595 1.4745578 -3.7025492
597 -1.6769524 1.7783419 0.97136146
2452 -0.10625079 0.6877785 -0.6164795
1263 -1.3006418 0.96000767 0.48521677
297 0.15386744 1.141667 -2.87853
498 0.47561374 1.8501725 -2.5611167
2088 -0.7828054 -0.09256866 -0.7930295
1939 0.44750246 3.7560797 -1.0310925
314 -0.040949196 0.4091297 -0.72842413
273 0.1913113 1.4191413 -3.5202081
1390 -2.2913303 -0.48837993 -0.9461921
260 -0.015943116 0.74436104 -2.311002
201 -0.10401051 0.46186063 -1.5198308
1232 -2.5035825 1.7313886 1.1333562
500 0.27331856 1.2064121 -2.0980146
2453 -0.07543798 0.846683 -0.498239
318 0.21064667 1.0892975 -2.4526663
873 -1.2257863 -0.29897735 -0.94563174
224 0.01154414 0.8635886 -2.6290877
2230 -0.8069544 1.2563114 0.49124086
509 0.588284 2.2258358 -2.2273924
811 -0.4770897 2.316605 0.39794025
2464 -0.11255991 0.6222752 -0.8643561
366 0.26585954 1.2082921 -2.3279836
1226 -2.0288634 1.2314879 0.80127996
144 -1.0995591 -0.013530258 -3.7198436
1133 -1.945034 -0.5816314 -1.5015943
807 -0.42653087 2.3965573 0.32176155
2107 -0.39364463 0.34782046 -0.5001329
1937 0.4677796 2.6258924 -1.1359787
1240 -1.5899887 1.2681054 0.7224219
2480 -0.03303877 0.68844175 -1.1068076
1748 -0.25453338 1.2968884 0.04191461
1882 -2.2711222 0.7085045 0.557178
2104 -0.7243818 0.11465073 -0.6371569
2055 -0.71667784 0.042615063 -0.65438
415 0.5175951 2.0073118 -2.2196074
2066 -0.57295036 0.39905176 -0.13165998
230 0.10233012 0.842595 -1.9613714
665 -1.4415623 1.4575465 0.75856817
940 -1.078105 -0.2180112 -1.3145747
814 -0.385617 3.1670213 0.3425317
2025 0.24120843 1.5770042 -0.82221675
1877 -2.320363 0.27362457 0.2081807
417 0.33037096 1.4001595 -1.8471879
1935 0.5542595 3.447212 -1.3070878
1991 0.4556964 3.0753303 -1.089352
323 -0.16167656 0.4694948 -2.1643376
1317 -4.1839905 -0.4874775 -0.81876236
2350 0.08364913 1.1573118 -0.3820734
1602 -0.2977098 0.5426796 -0.4684588
414 0.54156953 2.1445787 -2.159495
804 -0.5890109 2.4136121 0.5150535
1934 0.36051652 2.6643407 -0.93882763
1950 0.27338558 2.851561 -0.6563507
1528 -0.51052207 1.1267442 0.18062979
189 -1.16802 0.10028401 -4.3758755
843 -0.48689446 2.5647624 0.40923718
1148 -1.7153937 -0.4640935 -1.1243514
43 -0.8880113 -0.17670847 -1.8125839
2038 -0.5288907 0.2762368 -0.4168668
365 0.14594218 1.0122359 -2.1997755
330 0.021890236 0.94086546 -2.8720026
658 -0.8390504 0.91003174 0.34684938
442 0.42417648 1.7523825 -1.691314
1615 -0.33964485 0.36971232 -0.56696725
1841 -1.3059399 0.2553659 0.13046317
569 -1.5222958 1.419073 0.7787482
1070 -2.2820342 -0.75848913 -2.4899287
481 0.62668896 2.352743 -2.6281726
266 0.17158012 0.94601405 -1.5748763
1443 -0.33918223 0.67305106 -0.24989226
377 0.07665163 1.1022199 -3.1218088
626 -1.6904633 2.1953185 1.0554713
1379 -3.2327769 -0.4017708 -0.6721893
1739 -0.08272297 2.1695898 -0.05295305
2527 -1.2211658 0.08258783 -0.26450565
1141 -1.991044 -0.53165305 -1.2260358
727 -0.0410126 0.9309571 -0.2649192
836 -0.96230966 1.3313895 0.6401459
797 -0.60892534 2.8746428 0.5269062
922 -0.9053879 -0.1360717 -1.0475136
2081 -0.9215657 -0.12913251 -0.9801999
1134 -2.7503862 -0.86820865 -2.2597537
826 -0.67565954 0.7029205 0.32716626
258 -0.036443345 0.6270351 -1.904957
2086 -1.0544881 -0.13170175 -0.93901366
203 -0.019285163 0.5314489 -1.2178968
1607 -0.02537532 0.7985333 -0.7978975
1523 -0.15127705 1.0993956 -0.35869566
1856 -2.570436 0.67714554 0.5567087
964 -0.73111 -0.05784607 -0.5566534
2130 -0.3732653 0.35941884 -0.5193944
236 0.21957608 1.3210347 -2.9834676
1258 -1.1111987 0.9624028 0.45772406
2489 -0.7473548 0.2830757 -0.24522455
1132 -2.0024054 -0.6357305 -1.666624
1831 -1.0739411 0.19660741 0.01819545
1270 -2.113442 1.6203482 1.0109159
659 -2.2675188 2.6496146 1.3883519
689 -0.4281874 1.1453233 0.21633501
248 0.0989502 1.1574755 -3.1628969
1967 0.39094305 3.126091 -0.86141425
1306 -3.684934 -0.41244462 -0.62307054
935 -0.50498444 0.098577864 -0.966886
2647 -2.173077 -0.060789894 -0.26312873
677 -1.1114142 1.7112174 0.7204655
496 0.49856514 1.955409 -2.108451
730 0.13319992 2.9815395 -0.38909346
1139 -1.2505873 -0.16382423 -0.38722315
749 -0.6292105 2.3960705 0.52884454
693 -1.365835 1.8750226 0.8383511
688 -1.0570062 1.3737044 0.6231039
1362 -3.2286005 -0.55081075 -0.8914887
1332 -3.192383 -0.30858448 -0.49808234
1525 -0.12473639 1.0300347 -0.20403163
575 -2.3220425 2.9105675 1.4807682
406 0.2317615 1.2038834 -1.3045486
690 -0.5810058 1.1997335 0.31097034
353 0.20692827 1.3483535 -3.1154208
1649 -0.10116089 0.9786896 -0.38752985
2431 -0.16229442 0.54485226 -0.91339856
939 -1.1549548 -0.23956497 -0.93080086
363 0.18168469 1.0494548 -2.1374073
803 -0.49171004 1.3801682 0.31778717
2095 -0.98042256 -0.07708833 -0.8479876
428 0.29064694 1.3206636 -1.786287
2343 0.49700525 2.2753177 -1.456165
1938 0.50689816 3.046447 -1.1872185
802 -0.51572543 1.1848662 0.2796196
1797 -2.3454 0.46657494 0.43118837
412 0.24904741 1.2843982 -1.1558219
1336 -4.0894074 -0.4704149 -0.73065364
1467 -0.28910166 0.85135233 -0.20466791
1359 -2.8746862 -0.33930743 -0.5429262
469 0.18291327 1.0326374 -0.74261004
1102 -1.1209934 -0.18802182 -0.67935306
36 -0.30803186 0.2074613 -1.462104
102 -0.63666975 0.002521594 -1.1938822
1086 -2.0191128 -0.5104458 -1.0593542
361 0.15494798 1.0180963 -2.2316318
349 0.113069534 1.299557 -3.4228508
518 0.30440056 1.2802855 -2.077429
2278 -1.4202125 0.01415481 -0.29363602
2080 -0.990263 -0.11477049 -0.86453897
1311 -2.2800097 -0.3172974 -0.4860696
352 0.31492653 1.4058081 -2.6660213
825 -0.5896765 1.6857432 0.42281356
1265 -1.380746 1.2052253 0.6320404
1461 -0.2288748 0.9958329 -0.1726619
576 -1.7363448 2.0628655 1.0657117
895 -1.3992013 -0.34980613 -1.2018051
2172 -2.6652842 0.53506964 0.45508114
2218 -1.8088527 0.83012176 0.57647914
595 -2.6356206 3.059707 1.5979033
1873 -3.3143008 0.59509706 0.57284486
1120 -2.1457648 -0.6740394 -1.8565918
1506 -0.16635874 0.8780238 -0.41084138
1239 -1.8756857 1.4164406 0.85901195
847 0.004050657 1.6017258 -0.053107895
1414 -0.112270676 1.0260005 -0.3048591
555 -1.8794487 2.0043285 1.0883943
1439 -0.2186026 0.6023307 -0.55698663
300 0.20940864 1.4246587 -3.3234165
1259 -1.8516521 1.4474728 0.86696494
778 -0.40261376 2.24119 0.380632
1771 -0.24736889 1.425633 -0.0003175991
2353 0.43855253 3.0443478 -1.015876
997 -0.90532994 -0.14389452 -0.8966172
505 0.53715223 2.0363472 -1.9364439
750 -0.725108 2.6256454 0.6164191
2367 0.5606437 3.296214 -1.3409286
1503 -0.20255658 1.0105207 -0.34304595
1170 -1.8050286 0.4969405 0.37644824
277 0.31209597 1.6215957 -3.2968645
226 0.21477707 1.4540818 -3.3645194
63 -1.1344525 -0.3292349 -1.5374566
1378 -2.7350178 -0.3181453 -0.5411171
815 -0.34260815 2.660998 0.2467614
1522 -0.19460702 1.0374284 -0.36740375
2618 -0.59863573 0.5214737 -0.046044465
275 0.42962453 1.6105657 -2.4196641
808 -0.50506836 2.2009828 0.39812714
1772 -0.16602446 1.5792387 -0.030139703
1150 -2.3794684 -0.5736282 -1.1613333
679 -1.5004833 1.7111447 0.89041513
1035 -2.6000576 -0.75918585 -1.6506578
1294 -2.9895055 -0.43867883 -0.71196365
1280 -2.692248 1.9106419 1.2617805
1484 -0.2062131 1.007867 -0.13056552
1310 -3.668394 -0.6981558 -1.1371435
235 0.067990236 0.9319591 -2.538581
2314 -1.334597 0.16771603 -0.0982927
247 0.07651446 1.1964867 -3.3274891
97 -0.57496405 0.04433374 -0.90501624
407 0.4999821 2.0484736 -1.6192182
1242 -1.4441195 1.3335409 0.6692426
1248 -1.5651332 1.2581413 0.7137351
2231 -0.5834766 1.5345409 0.44427752
1389 -3.3221028 -0.6102506 -1.0761497
35 -0.3725418 0.11458815 -1.3237325
671 -2.128254 2.0154302 1.166317
2092 -0.7756362 0.0169207 -0.7635986
1653 0.17163213 1.308609 -0.98188245
1524 -0.09541572 0.9268948 -0.3634609
1386 -2.3342066 -0.36663675 -0.7153412
461 0.55119294 2.1293795 -2.1092982
244 0.1440297 1.1866896 -2.9860134
806 -0.3986313 2.3579128 0.3083251
795 -0.31176904 2.3011787 0.22245528
2022 0.29876918 2.4475167 -0.70496476
1055 -2.2979305 -0.73211557 -1.912133
1628 -0.37477517 0.73036945 -0.18446861
2449 -0.059216287 0.7208283 -0.7530932
1180 -1.9626602 1.0638508 0.710442
1883 -2.2908754 0.80419296 0.6167018
1275 -1.678065 1.3378836 0.7516484
311 0.067388766 1.0245253 -2.925265
1129 -2.5006638 -0.75267744 -1.8553278
798 -0.20563407 1.7677253 0.07281215
1952 0.02145706 1.3107003 -0.406975
1354 -2.9684837 -0.4187822 -0.6626027
495 0.6299895 2.3401115 -2.5932586
691 -0.6797429 0.9613167 0.30194342
1577 -0.33002105 0.3565008 -0.6101831
1383 -2.4340982 -0.43966922 -0.8063539
2119 -0.5127915 0.18926525 -0.6168476
336 0.18870363 1.3987192 -3.5658488
2023 0.37593696 1.9749876 -1.0963663
1151 -2.1888082 -0.5226505 -1.159525
1770 -0.36119676 0.40543035 -0.30240175
833 -0.6623215 1.8050015 0.5076461
866 -0.8747557 -0.10743952 -1.1492512
1471 -0.08323467 0.9659294 -0.42015666
2502 -0.9763452 0.3334314 -0.16559912
268 0.25511768 1.362371 -2.9819264
899 -1.5818706 -0.41318744 -1.3173966
1130 -2.4093606 -0.7681667 -2.0596874
463 0.50776875 2.0473003 -1.8660866
1057 -2.59233 -0.8452381 -2.4188669
809 -0.54906845 2.011553 0.42048892
337 -0.003350868 0.9949796 -3.3411112
932 -0.73597306 -0.049263254 -1.1832826
2492 -1.8228819 -0.05640201 -0.30422276
1617 -0.25227448 0.5813607 -0.68393904
1918 0.062190555 1.0425515 -0.3681713
440 0.545657 2.1268137 -1.9863023
1743 -0.32193106 2.117226 0.17373149
1421 -0.29158726 0.60347396 -0.3937778
570 -1.388618 1.3314252 0.76247126
1098 -1.8029567 -0.30031395 -0.5711818
1742 -0.27058217 2.326489 0.12778205
2336 0.33000737 2.243527 -0.858369
1489 0.009852311 1.0379217 -0.47379088
1266 -1.9245384 1.5644572 0.9128092
64 -1.0023785 -0.27250755 -1.650518
2037 -0.4168213 0.23875995 -1.1273998
58 -0.93318415 -0.25431085 -1.7263719
1160 -2.1258252 1.2454245 0.81462944
2117 -0.64742535 0.14550373 -0.48763725
1436 -0.26033887 0.83508253 -0.26151684
670 -1.7257767 1.8088744 0.9480515
1367 -3.6371498 -0.4686742 -0.7168885
744 -0.40659207 3.0306032 0.3681116
1291 -3.600738 -0.51343846 -0.8508177
218 0.01552266 0.66321635 -1.6380048
1497 0.05001786 0.95157456 -0.79514956
1618 -0.27606192 0.5532011 -0.5850767
1314 -4.215519 -0.6114737 -0.9863762
1122 -2.4929683 -0.74647033 -1.7941772
2466 0.12527126 0.88872534 -2.1070135
74 -0.49897093 0.026766866 -0.5973065
1050 -2.6480896 -0.82821786 -2.1423743
770 -0.24635701 2.7093773 0.2048612
2087 -1.1729316 -0.34072965 -1.2318964
1734 -0.03021578 2.36715 -0.107431106
2121 -0.6924279 0.09263948 -0.627243
249 0.04181059 0.94668406 -2.7608833
2582 -1.9766228 -0.2645506 -0.5454508
781 -0.61004984 1.6598948 0.46342802
563 -1.8838266 1.8704157 1.0347449
951 -0.6328744 0.09831578 -0.5170645
278 0.11864088 1.0862616 -2.7513936
2084 -1.0457683 -0.14812516 -0.9742985
779 -0.61519253 2.8588653 0.53266186
1749 -0.21176985 1.419004 -0.0047980016
834 -0.44007432 1.5643193 0.33879235
1071 -1.9009984 -0.6025121 -1.8646926
936 -1.0087279 -0.17845625 -1.3263537
2114 -1.116087 -0.23958571 -1.1611408
319 -0.3325737 0.14407872 -2.0502324
2113 -0.71597093 0.085929245 -0.5784025
1751 -0.18486941 1.3944608 -0.028460627
894 -1.7267741 -0.44450724 -1.1943234
2516 -1.0979904 0.5068981 0.18564151
877 -1.1424402 -0.25109124 -1.0137612
2282 -1.410457 0.18908376 -0.08258568
1334 -3.0600235 -0.31330934 -0.5224989
581 -1.9758036 1.875695 1.0793192
731 0.1675568 3.28268 -0.36612585
2085 -0.93762344 -0.12013787 -0.93467444
1269 -1.7332422 1.1880578 0.75725955
1337 -3.93695 -0.35877424 -0.54763997
2570 -2.246968 -0.22767904 -0.5160245
1096 -2.1754627 -0.6576429 -1.5733299
480 0.5928028 2.2945971 -2.256507
2160 -2.3140438 0.77942497 0.6465559
257 0.15532283 1.0043216 -2.090304
1083 -1.8437334 -0.6563908 -2.178004
1073 -1.4572569 -0.49761975 -1.8339802
1078 -1.6314179 -0.5282067 -1.8763108
2436 -0.30674556 0.3761428 -0.93366694
2479 -0.102643415 0.6427491 -0.99253106
57 -1.2150102 -0.35997045 -1.353073
423 0.3663273 1.5520176 -1.9333429
1241 -1.200127 1.2206753 0.5811789
1476 -0.23631002 0.92881787 -0.24168842
1500 -0.22905311 0.82506984 -0.28017798
308 0.042789117 1.0951352 -3.3585079
1724 -0.5060762 2.5833461 0.39326274
476 0.024943057 0.7017471 -0.31570435
1608 -0.18266885 0.69208527 -0.7593257
95 -0.47801793 0.16565642 -0.7489047
1255 -2.0614693 1.5382713 0.94443995
818 -0.20759298 2.1864514 0.10293197
67 -0.45970103 0.038884006 -1.0907567
800 -0.2729772 1.0181311 0.04050323
1641 -0.28627095 0.8739106 -0.023594229
1829 -1.1653059 0.24023424 0.043855987
602 -2.3970296 2.7582412 1.4394084
296 0.11065209 1.0381383 -2.6185486
1619 -0.16997364 0.8725395 -0.4937388
769 -0.36688226 2.914022 0.3193134
1244 -0.61645436 0.8112058 0.19393864
2165 -1.6960118 0.86360985 0.6013
2473 -0.18164508 0.5804731 -0.7505954
1708 -0.20926206 2.0093243 0.085429326
927 -1.3934073 -0.35811117 -1.4099598
1531 -0.342836 0.9874292 -0.09548675
2639 -1.1457361 0.054637536 -0.23907675
1737 -0.12786075 2.4789677 0.020836448
1486 -0.044873655 1.1887938 -0.29523104
1260 -1.4078913 1.2325046 0.67636335
1143 -1.9803832 -0.47161427 -1.0868417
2007 0.42883548 2.5449677 -0.9829753
1665 -0.097137235 1.6788744 -0.11997611
484 0.67323184 2.4606998 -2.654957
2056 -0.7153444 0.06685156 -0.7146529
1264 -1.5200983 1.260158 0.69202024
166 -1.150039 0.34121466 -5.244748
986 -0.46650705 0.39353302 -0.22627014
292 0.09904665 1.3005588 -3.6399753
2364 0.5694061 2.5909817 -1.5906138
243 0.2564086 1.1921824 -2.2726614
378 0.23882736 1.4876571 -3.5331213
216 -0.22048226 0.24965775 -1.2215807
746 -0.6600787 2.587712 0.5946505
1272 -2.119967 1.2596575 0.83465934
1872 -3.9790134 0.96499085 0.867139
1575 -0.48101318 0.16646755 -0.6917754
893 -0.8549025 -0.12963009 -0.94355434
1249 -1.9189045 1.4251263 0.85994506
641 -1.4923569 1.9359992 0.93827534
468 0.28300732 1.2623297 -1.0790215
369 0.1804856 1.114714 -2.476703
1348 -1.3167659 -0.17106172 -0.4788919
2522 -2.2199864 -0.1287311 -0.3724138
2386 0.40069094 1.6652567 -1.7320222
1135 -2.7747881 -0.87443674 -2.2137623
490 0.5936007 2.0904028 -2.2986007
990 -0.41341907 0.26813537 -0.67330813
734 -0.101450846 2.3187084 0.071809225
1760 -0.34105405 2.6434388 0.25242645
1339 -3.370061 -0.21790572 -0.32270733
2140 -2.355908 0.7529732 0.59528995
1304 -1.8748999 -0.25336394 -0.47993255
376 -0.049544007 0.904184 -2.9332006
668 -2.0813248 1.8532298 1.1197958
1929 0.20560336 1.8552618 -0.71304435
1975 0.43965453 3.5970159 -1.0134454
694 -0.78714186 1.3067026 0.42959678
453 0.46773958 1.7752079 -2.3011425
2046 -0.9438696 -0.11987336 -1.152798
780 -0.6840343 3.0812273 0.61692137
1800 -3.6326382 0.5855103 0.5637424
1483 -0.17465757 1.2377216 -0.18730555
2198 -2.3145816 0.85828334 0.67339593
841 -0.32636136 1.6555943 0.30030534
1723 -0.2714735 1.8508568 0.1596183
2189 -2.794717 0.9571052 0.78586197
2144 -2.5146377 0.23976742 0.21252027
1085 -2.551342 -0.7445996 -1.6997393
2082 -0.852802 -0.07079659 -0.8565868
882 -1.2187358 -0.3156141 -1.290935
342 0.105951145 0.826645 -1.9359505
1916 0.40759903 2.6988559 -1.0511926
995 -0.06543208 0.69093144 -0.58674103
1754 -0.032040715 0.82117146 -0.37684995
2073 -0.96532065 -0.088669695 -0.6328802
316 0.35049427 1.3913624 -2.2558315
1744 -0.37519622 1.5293237 0.1646861
1377 -2.7139485 -0.21238448 -0.33099517
1574 -0.49960235 0.19683634 -0.9240127
1176 -2.2044058 1.3466042 0.8767811
559 -1.6245289 1.6972159 0.9075904
2109 -0.31374648 0.3333197 -0.8132247
29 -0.35218346 0.18409288 -1.8127084
262 0.19108805 1.297395 -3.1147654
2163 -2.1705422 1.0839266 0.84275246
1423 -0.21776563 0.7988821 -0.46064898
1964 0.41962776 3.3211267 -0.9316677
532 -0.2943428 0.2239281 -0.79456204
1515 -0.119412325 1.1249167 -0.38002175
403 0.32908386 1.4736375 -1.4869316
2454 -0.24897069 0.7751667 -0.35248533
2475 -0.41375807 0.6226719 -0.033613395
424 0.39296907 1.6559347 -1.9382814
1282 -2.87324 1.9098905 1.296842
1177 -1.7616736 0.82071996 0.5399889
2465 0.1360912 0.93924236 -1.7789509
1105 -1.0623709 -0.21733515 -1.0266548
1327 -2.0939233 -0.37112144 -0.6719462
479 0.59095806 2.331188 -2.2782948
22 -0.6806816 -0.050130934 -1.2497175
1951 0.23547861 2.2065248 -0.6396143
1345 -2.5627484 -0.25866193 -0.40623415
2345 0.27062798 1.6696272 -0.86676234
2078 -0.9704476 -0.081993684 -0.88249
506 0.57336545 2.2542183 -2.1800597
2338 0.08546963 1.3565445 -0.25168517
227 0.24085876 1.2541726 -2.644174
2208 -2.654067 0.32060334 0.36885244
533 -0.1520056 0.40714583 -1.0478467
930 -0.88793886 -0.15483336 -0.84897375
69 -0.3816262 0.18184665 -1.2177958
772 -0.0676751 1.2871798 -0.117184795
427 0.4215049 1.6183795 -2.2553892
580 -1.835405 2.111314 1.0853143
2450 -0.01432382 0.78915983 -0.90363693
1650 -0.07555736 0.8558985 -0.534069
929 -1.0757157 -0.22893153 -1.2183079
2404 0.2935351 2.0025392 -0.6729646
982 -0.6988093 0.016363828 -0.89226526
108 -0.7325026 -0.061606508 -1.515137
2089 -0.8997792 -0.019608999 -0.49458972
864 -0.8942084 -0.18241288 -1.0736506
1597 -0.2781879 0.5814689 -0.50947624
2064 -0.73801816 -0.016879465 -0.4846995
1874 -3.6514223 0.6865034 0.66158724
1435 -0.22305225 1.133108 -0.21336208
2108 -0.21362525 0.5852405 -0.63167584
1604 -0.26976177 0.6070514 -0.5163995
1103 -0.95640475 -0.202472 -1.0018648
1996 0.121769585 0.89605004 -1.0427786
1302 -3.5542023 -0.6257767 -1.0584257
1084 -1.5101854 -0.5106066 -1.760168
246 0.06836362 0.9719656 -2.591079
438 0.2830063 1.3610141 -0.92402864
1412 -0.17018841 0.8145575 -0.51063406
2242 -0.9578638 0.05741911 -0.21806756
2387 0.25033757 1.27319 -1.1121944
1654 -0.06632755 0.98192257 -0.5477262
1868 -3.5579526 0.9947079 0.86950713
2622 -0.49918264 0.57907385 -0.14318535
1399 -3.011443 -0.15696135 -0.23168883
306 0.16934653 1.4123943 -3.5870116
13 0.0979836 0.7757151 -0.80978864
1056 -2.653471 -0.8564725 -2.5852437
1768 -0.2543668 0.4774441 -0.33527997
1715 -0.2919015 2.571587 0.22038889
1351 -3.438101 -0.27588165 -0.44347417
1726 -0.4811832 2.5743868 0.4223176
1219 -1.9310716 1.4959022 0.9019586
1792 -3.0076597 0.707538 0.6430276
1767 -0.23234972 1.2211171 -0.028676493
1116 -1.5068067 -0.5408891 -2.0570316
448 0.41212204 1.7555311 -1.582871
947 -0.82811725 -0.09119085 -1.1870284
2383 0.2776602 1.105825 -1.051145
748 -0.41858372 1.5068741 0.28782386
1820 -1.6970668 0.12843552 -0.0634768
2335 0.26382017 1.9549159 -0.71860486
2312 -1.5171101 -0.08029809 -0.3183716
2572 -2.5729508 -0.21632126 -0.44520742
1124 -2.5725217 -0.8339979 -2.3413885
1186 -1.9562423 1.236953 0.821569
2042 -0.734483 0.03689345 -0.6017696
889 -0.9735013 -0.12936804 -0.7015327
1138 -1.2252696 -0.30653962 -0.78420866
2106 -0.6936885 0.065805554 -0.7706115
1082 -2.0243337 -0.6822735 -1.9821228
764 -0.7623626 1.3656806 0.5184885
1955 0.3352085 2.2681644 -0.8431016
1664 -0.15995324 2.3621337 0.01206956
1331 -2.7406502 -0.25998673 -0.3890954
42 -0.99626386 -0.27515566 -1.7334309
2277 -1.8471041 0.051264066 -0.11297679
488 0.53706545 2.0372953 -2.499258
845 -0.032788094 0.57036173 -0.4536927
2424 -0.13473769 0.6244991 -0.5746551
926 -0.9217091 -0.2030795 -1.3572671
1824 -0.5735391 0.37306428 -0.052137118
615 -2.3804228 2.8263412 1.4803134
350 0.0014095026 0.7380882 -2.273327
816 -0.15290354 2.3540363 0.049660787
45 -0.81656635 -0.13753551 -1.4578136
1811 -2.6835961 1.1649177 0.9323232
1669 -0.20454566 1.7386974 0.016720576
256 0.041328397 1.0647887 -2.9674754
937 -1.4076267 -0.3650888 -1.4873831
1997 0.143401 1.0782988 -0.69078434
1832 -1.0299207 0.3581582 0.16544361
291 0.18433155 1.2766104 -3.100907
2444 -0.24841665 0.53451335 -0.6131119
90 -0.405527 0.16067584 -0.8386779
1230 -2.0387843 1.2753165 0.8549152
1024 -2.1167927 -0.6062106 -1.3664778
2524 -1.4543457 -0.097056136 -0.42626864
2264 -1.5965943 0.03981129 -0.19058257
1702 -0.28065857 1.950744 0.12315341
56 -1.0414808 -0.2301842 -1.972268
1512 -0.23050433 1.1128709 -0.18498144
638 -1.9746966 1.8453274 1.113751
1727 -0.4177979 2.4415493 0.33158457
977 -1.3115224 -0.33547705 -1.4511949
1149 -1.7436072 -0.48458695 -1.2683336
1034 -2.8703713 -0.46978495 -0.8120019
704 -0.32198754 1.5992504 0.22512348
1762 -0.112168774 2.11791 -0.058489952
272 0.017099144 0.8329968 -2.5274067
2229 -0.6057757 0.5026168 0.1538864
326 0.17079495 1.2571788 -3.209376
2584 -2.6359954 -0.22819714 -0.44649288
443 0.53593844 2.1375313 -2.0440512
1392 -2.9352965 -0.5168428 -0.9290894
1720 -0.41011128 2.7345574 0.29035848
302 0.15508956 0.97095054 -1.8805655
1115 -0.7792995 -0.2439443 -1.7936212
2289 -2.2818015 0.17697355 0.048706807
827 -0.89342064 1.5830499 0.61061394
77 -0.2753681 0.2471781 -0.8829793
1100 -1.7384882 -0.24580953 -0.49815565
1613 -0.36370537 0.4532494 -0.4622516
1054 -2.5186186 -0.8159936 -2.3516817
813 -0.33787447 2.9864583 0.27213234
820 -0.079492554 1.766369 -0.0059082555
370 0.1079222 1.0806499 -2.7099402
2123 -0.65343976 0.18499401 -0.49447557
717 -0.6109615 2.0138338 0.52475524
2267 -1.1587701 0.16322528 -0.13324296
656 -1.4688776 1.4774703 0.7730322
1188 -1.9505587 1.6203684 0.94116956
2122 -0.87025476 0.028164472 -0.6147592
740 -0.43965253 2.9459693 0.3760254
667 -2.4388366 2.1186202 1.2803031
546 -1.6487017 1.8027774 0.93282264
871 -2.1519775 -0.6143157 -1.3903792
1890 -3.767494 0.9074803 0.83102757
1651 -0.15270233 0.7750243 -0.3241613
471 0.42681032 1.659599 -2.1628842
2223 -2.3721476 0.18773161 0.13092418
409 0.25703558 1.2667519 -1.1592473
213 -0.15927628 0.53107834 -2.2751453
1445 -0.355288 0.6835606 -0.20484334
341 0.17509824 1.2356728 -3.1107464
1620 -0.18877995 1.064246 -0.24007536
271 0.06613094 0.8963905 -2.2884173
1079 -1.7938156 -0.5884824 -2.0216882
586 -2.156416 2.497203 1.3093565
2188 -2.599182 0.66660446 0.5857312
1165 -2.154812 1.3807529 0.9321486
1325 -2.9905558 -0.42617598 -0.7080179
1892 -3.7417803 0.84988207 0.7831819
2577 -1.9568326 -0.19823238 -0.54508203
1517 -0.06481137 1.3567971 -0.267171
2432 -0.030560747 0.73940474 -1.1157233
12 -0.23965302 0.23182076 -0.8441435
684 -0.95284814 1.3525152 0.55628383
747 -0.39820385 2.2748513 0.30040532
1765 -0.24315415 1.9681413 0.08068235
1025 -1.9194984 -0.6123027 -1.972495
593 -2.3914819 2.686836 1.4296873
1448 -0.46927962 0.58001536 -0.16760345
1189 -1.6074986 1.3002219 0.7388007
771 -0.34019703 1.8776145 0.2688446
1281 -2.7158396 1.9134718 1.2317646
210 0.37868288 1.4859167 -2.0985482
755 -0.4772673 3.4782128 0.4076324
1660 -0.4026126 0.7735567 -0.111186445
2398 0.25678572 1.311408 -1.1448847
741 -0.7720732 3.3628626 0.6997692
1925 0.08805258 1.2703785 -0.5054291
953 -0.4252839 0.251152 -0.43275106
2076 -1.111807 -0.14972693 -0.7948306
872 -1.6143317 -0.49482688 -1.4924259
742 -0.6513653 3.2365074 0.59008956
2238 -1.184328 0.12002847 -0.18189943
751 -0.7473779 1.950116 0.6239384
970 -1.0239935 -0.18456191 -1.03728
493 0.46095505 1.7861058 -2.1672792
2576 -1.3184259 -0.07817402 -0.4349727
2096 -0.887524 -0.15298115 -1.1756947
94 -0.5189848 0.08757603 -1.1334131
325 -0.07675434 0.7046749 -2.5593185
1415 -0.15034351 1.0085356 -0.35517097
1157 -2.4983242 1.7068911 1.1240597
2019 0.48378825 3.5617394 -1.0815588
568 -1.8641455 2.0126693 1.058196
590 -2.6453161 3.037072 1.5882729
2151 -1.2422408 1.141345 0.63450444
654 -1.2641551 1.4756464 0.7269055
567 -1.2991271 1.3243089 0.7088369
900 -2.1053462 -0.5361089 -1.327152
1632 -0.51566386 0.6481086 -0.056122582
733 0.15982999 3.215382 -0.40861827
2297 -1.229793 -0.2100614 -0.62256527
682 -1.661733 2.2065938 1.055262
478 0.6762553 2.51595 -2.4354048
472 0.34111643 1.3972287 -1.9082836
1278 -2.5962808 1.7786815 1.145297
2157 -2.001652 0.62141895 0.50158185
712 -0.18286416 1.9695613 0.074033566
1279 -2.6471877 1.6890454 1.1337595
1329 -2.555123 -0.06771213 -0.18126519
517 0.44126067 1.6453136 -2.6279712
1352 -3.036062 -0.2910827 -0.4585551
2407 0.48500517 3.3001266 -1.0431904
1954 0.35758206 2.556021 -0.8499443
1982 0.50222474 3.7876785 -1.1375839
1700 -0.28156286 1.8522444 0.071601726
1478 -0.05016637 0.92871827 -0.26109317
643 -1.1722474 1.6186069 0.74070954
892 -1.1953623 -0.22152513 -1.0204012
1382 -1.5862566 -0.2530441 -0.61833537
287 0.10105187 1.2602966 -3.5847008
467 0.13676777 0.82499576 -0.6039048
1474 -0.23004733 0.91377234 -0.16616979
1677 -0.052654475 1.5257524 -0.16766158
2362 0.14900953 1.5545005 -0.40353027
1179 -1.7988229 0.8838257 0.5749017
716 -0.4134926 2.538715 0.3374536
819 -0.32700986 2.5747907 0.27186483
962 -0.41583946 0.3748701 -0.53081053
1437 -0.15993083 0.80732065 -0.52291703
88 -0.7214841 -0.038272023 -1.5376433
2221 -2.535766 0.024505429 0.003002162
2159 -1.8089411 0.96147585 0.6445078
1237 -2.0673635 1.2028797 0.8420822
1693 -0.26131788 1.1977849 0.045951918
646 -1.287596 1.3799791 0.66610533
2474 -0.11827088 0.5767616 -0.698594
2638 -0.99069494 0.09934175 -0.2766015
946 -0.5167825 0.06474285 -0.9976913
2131 -0.5502936 0.282353 -0.4576452
2427 -0.055060767 0.81345445 -0.6174091
1614 -0.26031467 0.5755117 -0.70986617
2111 -0.6510595 0.012755643 -0.95497227
2017 0.42298773 3.0826762 -0.9749105
2245 -1.6809722 0.017977657 -0.20466565
328 0.19739008 1.4425209 -3.5463243
2521 -0.9034077 0.22560318 -0.09798154
497 0.4159939 1.6478394 -1.9090389
1308 -3.4983754 -0.34041917 -0.45136297
821 -0.076808274 3.0392168 0.01658725
1215 -0.5353816 0.79851806 0.17519806
1553 -0.22776294 0.4396457 -0.8691217
362 0.20991816 1.0710211 -1.8196703
832 -0.7202899 2.6114016 0.58601516
2125 -0.5769036 0.17420337 -0.6133568
640 -1.9252514 2.9549196 1.34061
523 0.24983707 1.0832896 -1.677493
2403 0.3822345 2.5862656 -0.93936914
2448 -0.027118074 0.73510456 -1.0503212
1936 0.46852842 3.2161644 -1.0976843
648 -1.6520939 2.1213465 1.045302
655 -1.7201861 1.5534467 0.8799068
1401 -3.463903 -0.4617483 -0.78134817
282 0.29065046 1.3953556 -2.795982
333 -0.010818172 1.1294789 -3.644
2435 -0.14711106 0.5208174 -0.9227735
1051 -2.1145399 -0.6755656 -1.8080951
1052 -2.604974 -0.8096089 -2.129836
2446 -0.53016645 0.05513184 -0.92355233
368 0.24932523 1.0901555 -1.7887189
767 -0.31794524 2.446877 0.28804696
2304 -2.4418292 0.271047 0.21371543
1341 -3.272801 -0.5316683 -0.8786241
455 0.3860916 1.549418 -1.7247363
621 -1.554279 1.4605336 0.81324446
1462 -0.14020927 0.9746809 -0.39093155
1962 0.38654584 2.1275995 -0.97208214
2451 0.10133905 0.97397614 -0.9373331
1689 -0.46656823 0.94251984 0.09584706
1610 -0.3104527 0.5386393 -0.47494632
549 -1.8853061 1.7171135 0.99757
1356 -3.425837 -0.36475912 -0.52728665
1507 -0.07677303 1.1386112 -0.37066564
2179 -2.585059 1.1606286 0.9038241
83 -0.90191674 -0.19290185 -1.5937102
1156 -2.147142 1.1724784 0.8259254
858 -1.2227774 -0.2369416 -0.9700703
413 0.3498613 1.5610938 -1.5579929
763 -0.57368016 1.212728 0.42804033
2162 -2.1863613 0.9854706 0.78951055
1804 -3.1618752 0.71769726 0.66364706
1735 -0.069207355 2.1066442 -0.041107856
2001 0.3627053 1.9462907 -1.0156486
1236 -1.9627125 1.7181151 1.0568337
1637 -0.45132646 0.45707226 -0.2000514
2445 -0.3808593 0.40226555 -0.5816815
299 -0.0054202005 0.78533787 -2.418358
344 0.16149907 1.3369206 -3.426431
1822 -0.74013954 0.47979867 0.0914637
1728 -0.41587096 2.3527946 0.28162977
1855 -3.3642948 0.97740215 0.8598554
2560 -2.2416337 -0.20289807 -0.47411245
1473 -0.10727949 1.2159132 -0.3806381
437 0.3855113 1.6651603 -1.4186244
2237 -1.3950701 0.334839 0.0700163
1089 -2.2663476 -0.6831638 -1.7178085
1815 -2.192779 0.788675 0.6215195
956 -0.64984107 0.03212572 -0.8243986
2615 -0.41875848 0.45508695 -0.23456031
231 -0.13456443 0.4351829 -1.3793994
630 -0.6422119 1.0110148 0.30163008
1338 -3.3329349 -0.22260645 -0.30772492
878 -0.5348537 0.11599228 -0.5681752
1433 -0.2160448 0.6223916 -0.53610134
1647 -0.16593023 1.2176694 -0.20420393
1557 -0.32247198 0.5200975 -0.6419292
470 0.40210328 1.5845348 -1.5628448
351 0.05842407 0.71270704 -1.6786921
1600 -0.28535774 0.47554496 -0.69606376
1960 0.39766577 2.9244373 -0.9119977
887 -1.8327844 -0.39266783 -1.0292504
785 -0.79595345 2.1381855 0.63588476
1695 -0.2467095 1.1816427 -0.043282956
1320 -3.0057743 -0.23583893 -0.41061282
672 -1.3094819 1.4855188 0.7349414
1518 -0.26469132 1.0264866 -0.13242169
2358 0.4060222 1.9484013 -1.2975748
941 -0.7770344 -0.115318224 -0.9832138
450 0.40899515 1.554198 -2.1810133
150 -1.1251599 0.27586928 -4.9176884
1343 -2.1308331 -0.16114844 -0.3361132
945 -0.7927847 -0.097640134 -1.1535646
1747 -0.32320482 0.99305254 0.0706349
477 0.34486952 1.5693521 -1.3252798
1220 -1.1201864 1.0233655 0.5231859
1775 -0.25659236 1.9798608 0.095584236
2244 -1.8190348 0.00015276599 -0.24836099
2597 -0.80955654 0.055214163 -0.51170915
2553 -2.4240158 -0.25154144 -0.4691332
1128 -2.2168865 -0.71371084 -2.0579028
732 0.19458081 3.2011297 -0.45984706
880 -0.5250893 0.056523092 -0.8967756
1629 -0.32988155 0.50259346 -0.37641326
1639 -0.25764254 0.9494885 -0.12778917
270 0.2679064 1.3936073 -2.9192007
1353 -3.666042 -0.5462731 -0.8535506
1388 -2.8900797 -0.59089845 -1.0554469
666 -1.8889039 1.7911122 1.0146074
1075 -1.7044638 -0.5752234 -2.0417693
870 -1.9602956 -0.53085375 -1.4412689
2440 -0.29317796 0.17644715 -1.0518997
2049 -1.0447074 -0.14795902 -0.98337704
976 -0.98744845 -0.21388623 -1.1267855
2317 -0.7402516 0.17044689 -0.3626638
2167 -1.8296695 0.7748175 0.5933091
2132 -0.32481495 0.52526176 -0.277867
603 -2.0747516 2.5533574 1.3012666
916 -0.699925 -0.0120962225 -0.9045343
1594 -0.33109477 0.5128608 -0.36732033
687 -1.1035727 1.5348011 0.7424103
2193 -1.5378278 0.45410824 0.22856683
1261 -1.4121475 1.3856734 0.6889313
943 -0.81626666 -0.09996633 -1.2610928
1469 -0.15245326 0.7636573 -0.46052736
1225 -1.7636062 1.4308871 0.8437272
1968 0.23826313 3.8507476 -0.57856476
1358 -2.3885622 -0.300099 -0.55300003
965 -0.8257685 -0.06619144 -0.9751666
1504 -0.21868119 0.8744377 -0.3915323
724 0.05358049 1.5070442 -0.30754364
2200 -2.3189497 0.69507074 0.57931197
2571 -2.6654973 -0.2915377 -0.531179
234 0.09500777 1.279914 -3.507099
1761 -0.18122101 1.9122258 0.032243602
2487 -1.3550733 -0.073987566 -0.5278019
499 0.46261403 1.7335789 -2.2072208
1889 -2.943494 0.69230384 0.63477373
1520 -0.1551002 1.123524 -0.31659946
1836 -3.2661986 0.6139503 0.5293759
840 -0.6221239 1.9779127 0.4600652
1297 -2.9075425 -0.5805403 -1.051535
1053 -2.2272468 -0.70979184 -2.0911162
101 -0.5865511 0.007029129 -0.9459461
1479 0.0046939165 1.5913253 -0.2061537
338 0.18805705 1.358068 -3.350642
678 -1.0026648 1.3076085 0.55942017
1505 -0.24042709 0.85131943 -0.34750155
735 -0.0032801318 2.224175 -0.10441586
1250 -1.131439 0.9423136 0.4524204
2531 -1.0775957 -0.04875066 -0.5771503
782 -0.7174622 2.0225425 0.5567399
1601 -0.2705839 0.53191537 -0.60684526
1870 -4.014416 1.0562972 0.94708186
2102 -0.43870592 0.19606179 -0.7543651
1267 -1.6989497 1.4442056 0.82501614
2537 -1.2328575 0.1485074 -0.25030422
2332 0.25086206 2.4899263 -0.58729255
1961 0.17452921 2.0104222 -0.44695166
2171 -1.9181385 0.47890267 0.3527247
84 -1.0567956 -0.29052323 -1.7074305
516 0.4358037 1.682351 -1.7446926
1360 -3.2433922 -0.5033906 -0.7541803
429 0.19340245 1.1026577 -1.8470248
420 0.092917845 0.8345987 -0.9855203
726 0.24441186 2.373137 -0.5784422
2094 -0.64711803 0.08457529 -0.60852724
1330 -3.1656857 -0.20876436 -0.34078315
1193 -1.9135118 1.2662474 0.77477133
1853 -2.299672 0.9722927 0.7543622
1247 -1.9775202 1.6136912 0.95996535
356 0.033689003 1.0074385 -3.0797844
2460 -0.005359782 0.56105584 -1.2466666
1932 0.40544435 3.159394 -0.96151066
364 0.12748796 1.0390548 -2.4627273
2009 0.44178653 2.5026443 -1.1705263
126 -1.0901217 -0.15545963 -2.9288182
1080 -2.2094078 -0.7232892 -2.4112284
2236 -1.284407 0.11959793 -0.18113479
1738 -0.047710743 2.0621412 -0.076545
2491 -0.64622533 0.2933754 -0.15687422
109 -1.0166508 -0.23339206 -1.8315064
1374 -3.243413 -0.41134658 -0.66247976
857 -1.1796768 -0.15096825 -0.6198026
2442 -0.27426195 0.34066862 -1.0239583
75 -0.31752515 0.2097856 -1.3469974
72 -0.57831496 0.06472712 -1.9153208
1167 -0.88494784 0.7347408 0.27345714
810 -0.56582505 2.3729174 0.46989787
2457 -0.17328137 0.535844 -0.6145093
1666 -0.13503411 1.2076461 -0.12162896
310 -0.0913651 0.59330696 -2.2828784
439 0.36513335 1.4883085 -1.3624952
2100 -0.449855 0.20880857 -0.9816052
343 0.19493283 1.4190688 -3.4687428
1729 -0.4195248 2.0874615 0.27311304
2057 -1.0067389 -0.12820457 -0.88825834
993 -0.44330013 0.2658925 -0.63574994
574 -1.4470681 2.0577195 0.94531107
1555 -0.30082193 0.35119686 -0.582519
561 -2.3559265 2.6347747 1.4120681
664 -1.8671461 2.1575084 1.1308692
1081 -2.4090276 -0.7559775 -2.2711716
967 -1.6268984 -0.4269054 -1.2921875
896 -1.28448 -0.2309186 -0.96933526
1835 -2.2408135 0.23137343 0.19628705
2437 -0.117579564 0.64861286 -0.97550076
1087 -2.3684132 -0.7589779 -2.0033839
1491 0.025688674 1.2213801 -0.5976789
2077 -1.1858793 -0.14258821 -0.8109237
1990 0.2545348 2.3749976 -0.6287351
80 -0.9665626 -0.10057156 -2.8333793
2173 -3.1542284 0.88369936 0.7872315
1113 -1.8745278 -0.59694004 -1.987664
2585 -3.0088005 -0.19785614 -0.37082
2613 -0.5953587 0.5968065 -0.060086373
1521 -0.20604672 1.167827 -0.25693157
2115 -0.7359573 0.14939089 -0.480034
2191 -2.0288587 0.82024467 0.5857242
494 0.6718197 2.5187743 -2.8128226
274 0.40602717 1.5228992 -2.203654
736 -0.0312102 2.545669 -0.041919388
1694 -0.40207604 1.2298237 0.12193185
1716 -0.20277983 2.020144 0.14184353
2315 -1.8994704 0.15564302 -0.053296793
974 -0.887264 -0.11556412 -0.8814059
1223 -1.405824 1.0680383 0.5834438
511 0.44660282 1.803134 -1.6160458
1447 -0.34343082 0.6599353 -0.31557012
89 -0.36946228 0.26575065 -0.94311136
1309 -3.3180606 -0.53383327 -0.8811325
980 -0.71735936 -0.05833894 -1.180632
855 -1.350457 -0.34617558 -1.2072392
1480 -0.15413308 1.0942163 -0.2601041
1145 -2.1197748 -0.35839957 -0.7365141
1074 -2.3636544 -0.76075566 -2.4847567
242 0.14393872 1.08087 -2.3280437
1451 -0.2919996 0.8785671 -0.28574964
2083 -0.8235063 -0.020625127 -0.8783771
1763 -0.0067216065 1.4247986 -0.26471838
332 0.09813013 1.2074596 -3.3539073
1340 -2.439094 -0.36696824 -0.57167345
1780 -0.44889516 2.5070214 0.3398477
928 -0.57041776 -0.049252603 -0.92184174
2068 -0.80777055 0.025448209 -0.71510065
2260 -1.257359 0.14199735 -0.18929395
2548 -2.7182539 -0.32759088 -0.51719695
2047 -0.87675935 -0.13719268 -1.2594792
1324 -2.4559388 -0.19449626 -0.3278847
1725 -0.4871745 2.4074354 0.3780219
1481 -0.14854799 1.2511418 -0.12377495
421 0.34380037 1.4252836 -1.6684966
765 -0.6576637 1.2014664 0.4807691
729 -0.09820278 1.7205069 -0.11687813
1292 -2.5296185 -0.3831848 -0.65990573
2190 -2.5468266 0.8112937 0.6744099
1963 0.52606446 2.9349403 -1.2874358
2530 -1.0093274 -0.08500657 -0.5363419
1764 -0.06011683 1.6917369 -0.15546033
1419 -0.17193373 0.9127384 -0.43236846
1201 -2.266814 1.7331034 1.078352
1168 -1.8040793 0.923512 0.5922069
2285 -2.281907 0.13954818 0.0840741
1238 -2.0417254 1.210613 0.84028757
898 -1.6045129 -0.40002522 -1.3461703
1211 -1.475109 1.2643881 0.6723211
1668 -0.2531945 0.962583 -0.15302889
1207 -2.2170758 1.4271744 0.9508232
2551 -2.73319 -0.23090632 -0.4337027
1319 -3.7496247 -0.26865998 -0.3998498
2494 -2.6740832 -0.30865574 -0.57142514
1498 0.03646018 0.96802783 -0.69902635
329 0.1489371 1.3183784 -3.4507606
824 -0.71639997 2.2174966 0.53805786
2575 -0.7110696 0.19690238 -0.20762295
331 0.009477575 1.0261717 -3.14232
1094 -1.7301084 -0.57070154 -2.0036476
2225 -1.8853018 0.17062551 0.01584691
263 0.17984071 1.3048563 -3.147519
1064 -1.7838393 -0.5736492 -2.0679266
2608 -0.43767673 0.3045994 -0.40033668
1195 -1.5623795 1.2071282 0.6977476
2418 0.59462774 2.5292175 -1.7471323
354 0.077814676 1.1414044 -3.1613874
1027 -1.9434391 -0.6391404 -1.7965599
2559 -2.1093235 -0.124644384 -0.37274113
1548 -0.40918764 0.24416706 -0.47981715
2594 -0.5275225 0.109852806 -0.453503
284 0.23986953 1.491937 -3.500499
1879 -1.9411159 0.5771008 0.39078465
762 -0.9696042 1.2582085 0.6408295
2351 0.4019755 2.4154325 -0.9406831
1560 -0.33715695 0.47019157 -0.555168
1817 -1.9595156 0.07220824 0.0054066703
304 0.15641722 1.4508444 -3.79203
2247 -2.3364685 0.066514984 -0.108700156
445 0.36623964 1.6313114 -1.3345572
40 -0.6055865 0.029166697 -1.8602121
760 -0.8510404 2.6430187 0.6982623
1511 -0.16772765 1.153423 -0.23819712
1328 -1.1377616 0.069007985 -0.0877936
1959 0.40475506 2.5437527 -0.97911423
241 0.2008951 1.0401123 -2.2095568
2161 -2.380866 0.88487875 0.7367798
1561 -0.43973348 0.30436468 -0.4655745
79 -0.5555864 0.07725283 -1.7708383
485 0.67851317 2.569257 -2.593293
232 -0.0817585 0.61506575 -1.8260311
2569 -1.8174736 -0.13588688 -0.43197486
2441 -0.31204388 0.27232295 -1.0281295
1586 0.009767185 0.76528674 -1.0583
2010 0.22526439 1.6822783 -0.69578743
1592 -0.38749623 0.514263 -0.39044473
2642 -0.7745353 0.13567525 -0.2789865
1722 -0.14808753 2.1667457 0.0633794
1550 -0.07810767 0.59404415 -1.0106322
1678 -0.16109037 2.0075421 -0.04304246
426 0.29984456 1.3802243 -1.9982772
2101 -0.6237035 0.09423507 -0.7166643
1895 -2.7293913 -0.010351628 -0.0076084333
2214 -1.5872817 1.0797746 0.6860855
636 -2.0702693 2.5232873 1.3046058
1271 -1.6237857 1.1990423 0.68450147
1731 -0.27552462 2.4174318 0.17817591
2488 -1.0495392 0.10677627 -0.36569875
1187 -2.1776576 1.3187569 0.9159294
1605 -0.20900832 0.6204622 -0.7393814
2112 -0.6718233 0.104980126 -0.68808705
623 -2.1918237 2.049463 1.2098447
2316 -1.6717914 0.1548599 -0.040755853
975 -0.58258104 -0.046746995 -1.089767
768 -0.561755 2.5026195 0.4925369
1707 -0.3059995 2.4504814 0.20458038
433 0.47452247 2.0023975 -1.8018067
1634 -0.5267102 0.55800694 -0.1594653
1834 -1.8097696 0.5508734 0.40758425
2156 -2.1653674 0.8217752 0.63628227
217 -0.21567243 0.24449193 -1.0288883
2371 0.17302231 2.40704 -0.46546417
209 0.30300906 1.3443791 -2.0704627
1696 -0.38863 1.4764074 0.11761865
794 -0.24236788 2.1075957 0.21254031
1887 -3.6219146 0.8034264 0.7317637
1268 -2.1652944 1.6647344 1.0324672
524 0.6088907 2.2642963 -2.5110765
1759 -0.27740657 2.6139152 0.18956958
547 -1.4425249 1.4729882 0.76731515
709 -0.5181195 0.8382231 0.2206424
15 -0.07696865 0.5970213 -0.7649816
2280 -1.3395418 0.4581833 0.16340366
757 -0.41280216 3.2430427 0.37567428
1642 -0.57627386 1.1766847 0.26071832
1766 -0.23239918 2.1312168 0.087232344
619 -2.3620288 2.9367158 1.4879811
435 0.4307121 1.8542532 -1.2733487
261 0.0456708 1.0984206 -3.3646398
1427 -0.2985827 0.635883 -0.48671675
2612 -0.43830794 0.8154321 -0.02634931
1730 -0.145626 1.3938177 -0.073286064
1563 -0.3575931 0.36668128 -0.5819697
1552 -0.23711765 0.47101077 -0.8019403
564 -1.5864819 1.63928 0.8699593
2003 0.5454401 2.7956817 -1.3335191
2184 -2.3914654 0.61114526 0.51653564
675 -1.9804522 2.3812177 1.1972077
885 -1.1824628 -0.2475207 -0.9526375
1842 -3.0781 0.6903972 0.63803774
743 -0.13903993 2.7162244 0.041589495
761 -0.45269382 1.2189415 0.31347075
584 -2.2572684 2.8629904 1.4228336
1277 -1.5790384 1.2408856 0.70986646
828 -0.64493173 1.7998077 0.5289865
1380 -2.5312734 -0.4088564 -0.7593858
2552 -2.9711099 -0.27539158 -0.5413321
596 -2.0474613 2.856953 1.350373
508 0.59331244 2.1575594 -2.3596232
2268 -1.9037955 0.2159208 0.105225176
1502 -0.342144 0.7492931 -0.11793411
2416 0.5496858 3.0952535 -1.3920337
2458 -0.04335052 0.589755 -1.0042014
2269 -2.7777245 0.17254372 0.06456429
1880 -1.7443645 0.6380348 0.4466168
2503 -1.0772986 0.26582232 -0.17137825
1590 -0.06954542 0.6080424 -1.0169532
799 -0.15366636 1.8659954 0.06702842
1933 0.4486271 3.012991 -1.0623404
738 -0.18671407 3.3765082 0.15488979
1926 -0.09368594 0.74997586 -0.5130125
617 -2.4888065 3.1509745 1.5702173
2382 0.46351135 2.0730207 -1.3579923
1118 -1.6855891 -0.53463334 -1.9498376
1881 -1.4746555 0.76611763 0.49520373
2169 -2.2320964 0.16955718 0.15851758
789 -0.2775243 1.4756726 0.20067242
1806 -2.4687262 0.6734627 0.58704156
2500 -1.0162714 0.23771408 -0.15884076
1403 -2.5511727 -0.34364516 -0.604525
1161 -2.0919359 1.1948035 0.78195286
1622 -0.19887196 0.96929747 -0.3294034
625 -2.1922176 2.5522373 1.3326933
2644 -0.98737454 -0.027521916 -0.48236918
2118 -0.59234995 0.2397755 -0.37772036
1627 -0.36628196 0.6718005 -0.14868617
288 0.41372812 1.6699556 -2.7846725
1826 -0.51520663 0.22164887 -0.26334935
1945 0.2016435 2.2130404 -0.52783453
2074 -0.7173252 -0.043431308 -0.8136197
1572 -0.64326936 0.07009739 -0.8699548
1581 -0.122985825 0.6046315 -0.7563035
915 -0.79374224 -0.14658794 -1.1308397
513 0.62839425 2.4147334 -2.2898717
994 -0.44965857 0.22696507 -0.72493416
681 -1.9968017 2.5109353 1.2465123
54 -0.8744297 -0.14342548 -1.9041862
1106 -0.734097 -0.1547587 -1.1357062
835 -0.7192229 2.447834 0.5808318
2469 0.23146726 1.1714408 -2.4694562
501 0.5136824 1.9440805 -1.962519
773 -0.3247194 2.052806 0.26184857
622 -1.6811494 1.1888307 0.7378974
2290 -2.0252736 0.12565504 -0.013628758
2634 -0.5958258 0.006303022 -0.5972423
2302 -2.8455608 0.045179754 -0.028758615
2439 0.05425456 0.83602035 -1.2552792
1450 -0.28560933 0.75811267 -0.2814826
1638 -0.472247 0.684353 -0.0758991
1229 -2.8237846 1.8310539 1.2218834
2105 -0.8844643 -0.011678692 -0.5247648
1828 -1.2608938 0.49693343 0.2437128
2026 0.33439946 2.2267249 -0.9038498
2099 -0.32674524 0.33613327 -0.7618404
1355 -3.6997888 -0.54021245 -0.87793785
1136 -2.0175822 -0.69370633 -2.3541434
1564 -0.12974462 0.6077249 -0.6775997
700 -0.25482148 0.93707776 0.012445203
17 -0.23239948 0.4074225 -0.9205526
25 -0.34338376 0.12950203 -1.0190613
2259 -1.6081387 0.31365418 0.12533891
1888 -3.11516 0.6221418 0.58860224
1878 -2.1506498 0.5467413 0.47203723
1335 -3.768007 -0.4446235 -0.7356776
1799 -3.9815052 0.88297856 0.8047133
1596 -0.18413952 0.7443561 -0.4925789
725 -0.066914596 0.71106046 -0.1843501
1778 -0.30115414 2.1894822 0.1731588
1465 -0.3115441 0.9657031 -0.09328264
1477 -0.14396778 1.1605965 -0.2948669
345 0.21862322 1.4196931 -3.4965122
1640 -0.78149366 0.97788924 0.29200044
21 -0.7953583 -0.15934682 -1.3002448
2413 0.40308884 1.8658513 -1.2016296
535 0.021646116 0.651927 -1.4072257
1494 -0.16098338 0.60517967 -0.5688735
1315 -3.9063761 -0.5893709 -0.9832471
491 0.63785607 2.4260626 -2.4632888
705 -0.28606248 2.0811217 0.2096441
2012 0.21439616 1.754324 -0.6943029
211 0.20287119 1.1405876 -2.4443958
2583 -2.3563 -0.20609662 -0.3956989
860 -1.0444368 -0.2721746 -1.6095767
1585 -0.14958027 0.48454547 -1.0420036
1565 -0.18275476 0.538958 -0.84094924
1107 -0.6770545 -0.08209913 -0.85499346
2365 0.6050734 2.300544 -2.1684332
334 0.14064676 1.2849141 -3.656357
973 -1.4039516 -0.34272796 -1.0851285
1995 0.32225204 2.692554 -0.8227451
839 -0.76827604 2.2145784 0.5861328
55 -0.9429363 -0.20521812 -1.838283
1893 -3.324452 0.7627529 0.7102552
2592 -1.6514199 0.1133136 -0.05742733
963 -0.4371087 0.21386667 -0.6324672
489 0.52947223 1.9125615 -2.1133554
1046 -2.342086 -0.7306037 -1.6983726
1709 -0.23995359 2.3571143 0.13200992
1774 -0.25155804 1.9371966 0.08801283
2228 -0.5417721 0.5334642 0.16899309
1197 -1.7986655 1.4199928 0.8791232
2625 -1.4531314 0.071961194 -0.27416307
1224 -1.6803803 1.4517672 0.8088943
1827 -0.78771645 0.46356168 0.09907048
1301 -3.242053 -0.46970597 -0.8312683
1178 -2.1066973 1.0636771 0.7525252
250 -0.013884676 0.7710092 -2.472089
222 -0.19611204 0.4903265 -2.180379
884 -1.4186981 -0.34500673 -1.2709566
1203 -2.4815955 1.7002492 1.1201409
23 -0.46926934 0.045063827 -1.5358489
1598 -0.29079074 0.48051074 -0.6319793
2419 0.30678126 1.4128755 -1.1165298
883 -1.5684243 -0.43173268 -1.4423815
1246 -1.3225728 1.3175561 0.6764385
1514 -0.29736546 1.1917137 -0.06011632
1721 -0.36794707 3.0756533 0.28373268
869 -1.219039 -0.29815504 -1.1771237
1123 -2.1772134 -0.7109634 -1.950073
3 -0.45505175 0.13006115 -1.5272722
59 -0.73939526 -0.15917091 -1.499477
776 -0.49494696 2.3962736 0.3768327
2355 0.5324762 2.9220216 -1.3759388
2127 -0.9484816 -0.023237111 -0.6464813
784 -0.84271616 2.9954202 0.73604876
1940 0.4015717 2.9636831 -0.9636561
753 -0.6425322 2.779769 0.5158696
2197 -2.23673 0.9225748 0.71685946
2054 -0.8458562 -0.06913258 -0.74395925
1365 -3.9835854 -0.653414 -1.0615478
1442 -0.31192827 0.5037372 -0.50688416
1312 -1.6954588 -0.23689605 -0.5025531
49 -0.6903757 -0.07044034 -1.4159033
2147 -2.8377562 0.791658 0.6745205
507 0.59779245 2.2869384 -2.4296014
6 -0.69958436 -0.054414753 -1.4081765
475 0.10879565 0.7679634 -0.67987186
846 0.13216856 1.2831851 -0.43171814
324 0.08525839 1.087112 -2.9491668
2334 0.23634702 2.8128893 -0.53239644
1485 -0.21342804 1.1196524 -0.16688788
1886 -3.127504 1.0039445 0.86331785
2205 -2.036569 1.3203665 0.9520102
1192 -2.3829596 1.623136 1.0624862
1305 -2.9224868 -0.5024372 -0.8878643
2137 -1.4170306 0.7949477 0.52291363
1718 -0.41247728 2.7231545 0.31526455
758 -0.8695497 3.204145 0.7564272
1026 -2.1578667 -0.726883 -2.2119985
1798 -3.4155774 0.68344945 0.65577865
1793 -2.0780048 0.6785259 0.51975614
1030 -2.6950362 -0.6883798 -1.2827243
853 -1.22127 -0.27689487 -1.0204839
399 0.4763042 1.8828032 -1.991223
430 0.319227 1.3596873 -2.03084
2241 -1.77463 -0.0055714757 -0.2349192
37 -0.24547012 0.26763692 -1.1348162
2366 0.6336475 3.3368328 -1.550881
2388 0.09522113 0.76822096 -0.8442594
702 -0.31476206 1.9541082 0.17253424
933 -0.4656261 0.13847587 -0.9086651
2039 -0.67477334 0.24610393 -0.40228203
1573 -0.5512746 0.12621717 -0.7555949
1750 -0.29267156 2.4514575 0.17491566
1781 -0.4020075 2.313465 0.27226168
2425 -0.21462497 0.69043165 -0.33697635
2281 -1.4371061 0.42555517 0.20225738
1644 -0.3165041 1.1276357 0.016246382
2321 -1.2027688 0.22929472 -0.021712687
996 -0.3777823 0.27304214 -0.5267179
948 -1.2382308 -0.29691753 -1.509819
71 -0.76654536 -0.1376362 -1.4425522
51 -0.46308324 0.12961583 -0.5353176
1612 -0.41824964 0.38947338 -0.5193592
2539 -1.7859967 0.0049934303 -0.25491172
1454 -0.2761454 0.54839605 -0.49979994
1631 -0.33189008 0.6179381 -0.40984347
914 -1.1295013 -0.27630028 -1.3255119
578 -1.5609671 2.3756335 1.0428435
1697 -0.4632159 0.9184395 0.0924304
7 -0.45758277 0.1906222 -1.0607342
112 -0.88985556 -0.050569378 -2.9352405
2141 -1.2356653 0.47594664 0.23156889
888 -1.7071731 -0.38535532 -0.8589391
457 0.37053692 1.5515807 -1.7781763
1131 -2.6248183 -0.7707104 -1.7646761
82 -1.063045 -0.26179367 -1.9874561
1971 0.0015107046 2.3688645 -0.13444741
1184 -1.6498142 0.9744512 0.6192356
2399 0.27108252 1.8810035 -0.8472998
692 -0.7997781 1.4636177 0.4453011
950 -0.66250396 0.1688422 -0.35004178
1110 -2.4102626 -0.77887064 -2.240152
788 -0.5166794 3.27785 0.46505734
1983 0.37766773 3.700154 -0.8876795
466 0.3715037 1.5800492 -1.597543
1551 -0.5202852 0.2190605 -0.6282705
434 0.36808375 1.6295875 -1.2593645
396 0.47268412 1.7352859 -2.2749991
1869 -4.0366554 1.188585 1.0466406
594 -2.6121302 3.107789 1.6251595
401 0.31827453 1.2945395 -1.5587627
1108 -0.7713411 -0.19719529 -1.059967
2204 -2.6354723 1.0590435 0.87330234
515 0.18682306 0.9050983 -1.6373099
2164 -2.2267203 1.215353 0.88861585
118 -0.5154104 0.15131122 -2.1743515
2529 -1.1225204 0.03037419 -0.34926274
822 -0.32937947 3.2755916 0.23033933
4 -0.515648 0.083477646 -1.0650004
2201 -2.7011445 0.4800461 0.48990133
1402 -2.564007 -0.35831398 -0.6193481
1005 -2.2615938 -0.71782 -1.9308102
662 -2.05108 2.0002415 1.1468832
942 -0.822547 -0.1019011 -1.3151811
1090 -1.5201272 -0.47695464 -1.7633926
2477 -0.29634956 0.5541709 -0.29693335
391 0.5909696 2.2370982 -1.9101635
1163 -1.6543934 1.0250136 0.6525663
2004 0.36869714 2.2039165 -0.96882635
1808 -3.444876 1.0290909 0.9140481
2036 -0.5908433 0.07124538 -1.0294259
2154 -2.370824 1.0681622 0.80763555
2379 0.5373975 2.420035 -1.5070163
1941 0.3811695 2.6204805 -0.9214244
1464 -0.23334311 0.7992429 -0.21337092
968 -1.4439105 -0.35722482 -1.282501
812 -0.36517078 2.92116 0.26365754
1674 -0.07187723 1.104954 -0.2557181
1384 -1.9198219 -0.27187786 -0.54281235
1227 -2.2493827 1.6817001 1.0384425
1452 -0.38083956 0.6982301 -0.21581346
2468 -0.019445792 0.6620889 -1.6917332
537 0.25830126 1.1549481 -1.8137602
1533 -0.16302975 1.0995277 -0.3121164
1652 0.17254455 1.2086354 -0.7869821
1706 0.08466255 1.122533 -0.39211428
2148 -2.8565035 0.6615087 0.5854372
2636 -0.89990646 0.083196394 -0.35952222
389 0.2576358 1.676105 -0.70368713
971 -1.2823436 -0.3396957 -1.4483552
591 -2.6483815 3.1350565 1.6273972
2296 -2.2462745 -0.017243057 -0.17040905
312 -0.1575533 0.24253924 -1.3248223
2150 -2.4920545 1.026691 0.82810307
1245 -0.8381169 0.8581689 0.35091117
2168 -1.6549174 0.5566607 0.41158852
2052 -0.9278669 -0.07319467 -0.72399753
960 -0.3101126 0.32447386 -0.81813645
1495 -0.04096909 0.75432754 -0.87424487
2472 -0.07389677 0.6348126 -1.1968825
2361 0.34182268 1.5972673 -0.9151636
1159 -2.2969038 1.3667734 0.91979903
2142 -1.0203785 0.44915757 0.19587894
1137 -1.7985016 -0.61405987 -2.1914024
2091 -0.5877228 0.08324438 -0.65010625
1468 -0.09655404 0.92076725 -0.5061919
2207 -2.6444783 0.6587302 0.61210686
462 0.5205999 2.0220907 -2.081187
631 -0.59941304 0.8597632 0.20762107
587 -2.8998015 3.550716 1.793159
881 -0.78670835 -0.1424786 -0.9620165
890 -1.1510601 -0.24051973 -1.1521864
608 -2.2908304 2.7602415 1.4286902
2045 -0.97926867 -0.14898144 -1.0629141
215 -0.07016598 0.7085929 -2.4546912
1069 -2.019297 -0.66542685 -2.4345832
579 -2.2298534 2.8341222 1.4100497
449 0.5146399 1.9662381 -1.9246697
2505 -1.1622359 0.24107999 -0.095060125
104 -0.39146903 0.28082255 -0.34456128
152 -1.0281724 0.1292444 -3.9965012
2327 -2.0677466 0.09859605 0.010170139
1857 -1.2408437 0.9428031 0.53953534
340 0.10539509 1.1771556 -3.1845074
2301 -2.6116927 0.14289224 0.10689113
162 -1.0699894 0.21249247 -4.4488845
1072 -2.3885431 -0.75796646 -2.3270063
1973 0.52628213 3.6976783 -1.1822504
1839 -2.6800647 0.3441478 0.31976297
355 0.069345094 0.8954586 -2.5750167
68 -0.37175846 0.22537424 -1.741061
1426 -0.28221384 0.67818165 -0.48313007
2196 -1.6092614 0.69824517 0.45511243
1633 -0.67178315 0.71845657 0.086395726
720 -0.015908293 1.720941 -0.15262866
379 0.140751 1.3558549 -3.511451
140 -0.7823068 0.15210603 -3.2894425
817 -0.43899426 2.111187 0.32983488
1611 -0.3287538 0.47433224 -0.6067272
2558 -1.7226362 -0.2029739 -0.4929941
1516 -0.05846719 1.2043059 -0.2959687
635 -1.2193594 1.6621984 0.7298417
1712 -0.2674818 2.6460547 0.15724845
754 -0.4674854 1.7761291 0.37468818
1966 0.3567643 2.9596634 -0.7944699
371 -0.035217565 0.79914385 -2.6179812
548 -1.311545 1.2460301 0.6470374
2176 -3.2243872 1.2347077 1.0252248
2178 -2.7647438 1.0805788 0.8647753
2566 -1.3845152 -0.16790941 -0.71549153
2075 -0.7326058 -0.03342468 -0.8355235
357 0.069798805 1.1965234 -3.448451
1692 -0.70997816 0.5646493 0.0067162625
483 0.5418061 2.0591133 -2.1363902
1953 0.29286858 2.5718498 -0.7655843
1350 -3.361722 -0.13327281 -0.16666032
923 -1.1356275 -0.25781345 -1.2504433
267 0.26367128 1.2433559 -1.8421102
1185 -2.143743 0.8070153 0.6546173
2307 -1.8068519 -0.07491328 -0.26711318
2226 -1.2912718 0.49213195 0.25181934
2396 0.3039433 1.374043 -1.357348
2573 -2.1239288 -0.074797474 -0.27746826
2581 -1.8272473 -0.29906994 -0.6493894
714 -0.29280505 1.6573238 0.10344194
544 -2.221139 2.4343984 1.3078244
650 -1.9343346 2.417393 1.2419105
34 -0.36405352 0.27368337 -1.6885383
132 -1.1833396 0.061279587 -4.1959476
1606 -0.080395125 0.7554932 -0.91406864
1169 -1.8950026 0.77788824 0.54769516
30 -0.5010496 0.123638205 -1.9212917
2402 0.09233934 1.5400788 -0.44049552
1779 -0.41604164 2.95505 0.30617765
1422 -0.16395018 0.6065808 -0.5846558
1028 -2.9116015 -0.89059484 -2.3939035
1222 -1.3047458 1.1075115 0.57687336
992 -0.5503332 0.27366793 -0.544633
245 -0.0004131982 1.0459547 -3.3634102
422 0.39152947 1.577521 -2.0460193
984 -0.56416386 0.30166408 -0.37424907
1717 -0.41479647 2.1444461 0.24787258
660 -1.8907983 1.7558556 1.0559152
460 0.635796 2.356698 -2.3560328
1002 -0.44897622 0.019964335 -0.8451331
487 0.6533661 2.43733 -2.7722373
1862 -3.3153012 0.7227629 0.6982487
1705 -0.17667581 0.9914289 -0.11754637
1746 -0.3831581 2.1314576 0.24283351
605 -1.674577 2.0234146 1.0224444
787 -0.48308763 2.8774436 0.40618822
2323 -1.8127137 -0.09012971 -0.25518832
1493 -0.03715069 0.7782189 -0.71264297
1182 -1.3865374 0.52458674 0.34166732
2011 -0.025991313 0.73515606 -0.50086576
2318 -0.9664552 0.30053642 -0.08117884
2170 -2.2290494 0.33920485 0.2777668
1655 -0.070577174 0.9609304 -0.55941963
589 -1.9170884 2.6449351 1.262612
315 0.15940125 0.8434443 -1.4620264
2149 -2.1383247 0.85279965 0.6384707
2175 -2.90647 0.9710292 0.82568294
577 -2.0593927 2.834885 1.3604109
1942 0.44352442 2.3301163 -1.0409434
1003 -0.87597084 -0.18047908 -0.95682395
949 -1.0843959 -0.2671467 -1.429481
2000 0.28682148 1.4891026 -1.0709107
2053 -0.790368 -0.008652569 -0.77163804
2271 -2.79237 0.1858903 0.1515375
1931 0.10796953 1.5008974 -0.5349371
1077 -1.2461131 -0.41335207 -1.4384992
1111 -1.7067469 -0.5893439 -2.1985977
107 -0.8320129 -0.10749562 -1.5521411
408 0.39792836 1.6089087 -1.6515315
1228 -2.7287772 1.8225704 1.1997898
2631 -1.0107579 0.33229634 -0.043583546
1058 -2.5819085 -0.83141255 -2.88294
1609 -0.18713336 0.7369604 -0.5347082
81 -1.0708145 -0.26675034 -2.160046
1741 -0.26490137 2.7524107 0.15744255
1235 -2.687188 1.815962 1.225554
2116 -0.59194624 0.39001548 -0.21019417
934 -0.47312263 0.112238444 -0.9617617
2637 -1.267655 0.08329198 -0.28293052
347 0.033294808 0.99512875 -2.9074183
1121 -2.5104396 -0.81084675 -2.2108912
1342 -2.6676733 -0.40705618 -0.67001766
1431 -0.27947146 0.6500103 -0.33714873
390 0.5455834 2.4509587 -1.6036493
317 0.20542938 1.2669905 -3.1324224
1998 0.26631066 1.4013712 -1.15008
294 0.2763787 1.4815507 -3.2536893
2283 -2.4655194 0.15992 0.045166668
2541 -1.4996921 0.0793416 -0.21931875
202 -0.55747396 -0.053773154 -0.53648025
545 -1.9516423 1.8009814 1.0545294
1181 -2.1868322 1.5318143 0.9772173
1438 -0.24920781 0.8345708 -0.3901934
2043 -1.2104573 -0.23783404 -0.9636121
1146 -0.9745779 -0.1906129 -0.8622485
1434 -0.19583005 0.93807966 -0.36537424
2381 0.59613985 2.5500245 -1.5578294
98 -0.5138416 0.112989716 -0.89950985
2139 -2.1040432 0.58992535 0.49754477
2284 -2.9425123 0.22574148 0.17340504
644 -1.8096827 2.3271558 1.1371051
31 -0.3147957 0.21302651 -1.8514396
1865 -3.7538903 0.9820255 0.8914727
1732 0.008642743 3.3028455 -0.14125799
1490 0.19230162 1.0958669 -0.85068583
298 0.030218555 1.109547 -3.3176248
944 -0.9089492 -0.1440051 -1.423665
921 -0.9179789 -0.13451357 -0.8488699
607 -2.2527707 2.6369069 1.352413
1713 -0.18859825 2.0965354 0.08220543
783 -0.79562604 3.298098 0.6848106
2079 -1.270798 -0.2619281 -1.063476
1400 -2.351221 -0.15348054 -0.27619758
2192 -1.9872485 0.7136397 0.5205462
844 0.010674406 1.001417 -0.23130636
1470 -0.19203976 0.92173576 -0.41702676
1984 0.33173433 3.2294512 -0.76552993
28 -0.7058983 -0.032501888 -2.2447681
2518 -1.3541445 0.0012379523 -0.35711727
394 0.48830956 1.8920462 -1.5663334
305 0.20003307 1.3448026 -3.3811588
474 0.206154 0.94525415 -1.0615162
458 0.46709558 1.748257 -2.0425832
2532 -1.7954655 -0.14170447 -0.46696192
1097 -2.3031445 -0.58256173 -1.2022696
1623 -0.21445347 0.7962505 -0.4655339
1667 -0.17757298 1.089243 -0.10582912
117 -1.1169567 0.17756239 -4.5203876
2051 -0.5956029 0.062348787 -0.79827726
157 -0.009133789 0.4362838 -0.9235919
585 -1.6214085 1.9109194 0.97554755
1076 -2.3809717 -0.779753 -2.335851
538 0.17688327 1.0210494 -1.8367815
2523 -2.3716278 -0.18662733 -0.44797766
76 -0.47374663 0.15118873 -1.371652
1927 0.046427105 1.0824457 -0.63837844
2374 0.2901723 2.6803358 -0.7424323
522 0.42879462 1.6274128 -2.118451
634 -1.2457757 1.8742589 0.813042
924 -0.993187 -0.22704583 -1.310887
1558 -0.23460707 0.5620066 -0.6378015
920 -0.79686797 -0.15608664 -1.3397299
1527 -0.23626728 1.0082663 -0.08845499
572 -1.7458282 1.8568534 0.9954311
2276 -1.7732488 0.15912496 -0.008270945
1417 0.123632155 1.1041636 -0.90733916
2199 -2.1997776 0.71407443 0.59221935
2024 0.4043806 1.6803374 -1.5152471
1424 -0.12335901 0.8332911 -0.49139524
1393 -4.0311136 -0.6655946 -1.133591
1257 -0.9509961 0.9539235 0.43654227
1216 -0.7427417 0.7950619 0.23968776
1104 -1.2850536 -0.3491435 -1.2534232
106 -0.5823792 0.02664858 -0.8957207
425 0.27275208 1.3521721 -1.8977877
521 0.25774074 1.2094151 -1.5016562
2535 -1.1444862 0.14728981 -0.19601943
2414 0.53945833 2.1944191 -1.6066297
2005 0.56211275 2.307315 -1.6582589
647 -1.8613875 2.1940207 1.1497296
2588 -1.8970037 0.18758139 0.07787612
713 -0.17439646 1.138832 -0.02243977
1825 -0.5792048 0.63295126 0.124756455
1101 -0.7066855 -0.12135557 -0.7229475
2262 -1.5409613 0.11763402 -0.13554943
240 0.20906588 1.2823333 -2.9735215
188 -0.99333453 0.2279977 -4.3243446
174 -0.86645424 -0.15518506 -2.3211772
293 0.21263483 1.5063063 -3.8253686
1719 -0.32186994 2.4923763 0.21082985
1859 -2.4736629 0.7850866 0.68058866
2426 -0.15682724 1.0893319 -0.084930286
805 -0.5504186 2.0196123 0.4456772
838 -0.46151423 1.9618484 0.3275802
2213 -1.6089094 1.0590366 0.6385772
2180 -2.5270329 0.84188896 0.6928251
598 -1.8403196 1.7982177 1.0200006
1293 -3.8982735 -0.49156886 -0.7993586
2619 -0.5076209 0.82251436 -0.010189567
1062 -1.8268151 -0.57767785 -2.0878696
283 0.2234539 1.5066154 -3.555679
2517 -1.4826717 -0.00068185455 -0.32790253
1733 -0.07170541 1.9784008 -0.08804442
1591 -0.28943938 0.51460165 -0.6464602
1326 -3.1249495 -0.32591167 -0.53303385
775 -0.44586495 2.2449348 0.30471045
1989 0.37702388 2.9676378 -0.90270823
1714 0.063010685 3.173608 -0.25238934
2373 0.24248476 2.5848367 -0.57991266
728 -0.0035729764 1.5795658 -0.2560808
24 -0.3293946 0.16790208 -1.1133641
2187 -1.7693092 0.45533136 0.35809922
1536 -0.2700068 0.76277465 -0.27911398
1513 -0.22679488 0.8796006 -0.26465553
1425 -0.203747 0.76895636 -0.5077522
1656 -0.059246235 1.0803796 -0.45819575
486 0.38765123 1.4573375 -1.7641788
454 0.5403317 1.9176795 -2.7307472
1363 -3.7615747 -0.6196615 -1.0228585
526 0.36700702 1.3980619 -1.7505226
402 0.4635318 1.8119068 -1.963877
121 -1.04042 0.25552338 -4.6843395
961 -0.36557874 0.33459973 -0.6462992
10 -0.17320602 0.45070326 -0.6130548
2565 -1.4086288 -0.15688448 -0.6812936
699 -0.24665414 0.6050621 -0.28595245
551 -2.1376371 1.6027583 1.024848
1194 -1.3785571 1.149065 0.60395265
2217 -1.4892379 0.97546947 0.5805251
2155 -2.3036616 0.9757011 0.7578656
2062 -1.1216327 -0.06445667 -0.71716535
1371 -1.9684993 -0.41865054 -0.87208647
793 -0.3100551 2.351613 0.24187514
2546 -2.203008 -0.13009186 -0.34714773
148 -1.1649998 0.09475452 -4.3550777
2586 -2.404676 -0.09733885 -0.2884524
2640 -1.9366337 0.24862202 0.13951135
452 0.49312586 1.8938997 -2.1971757
252 0.16678938 1.0470651 -2.2831054
1676 -0.1290467 1.3200518 -0.07227273
2257 -1.6436869 0.056210846 -0.2219511
1599 -0.3157209 0.43006077 -0.7129081
891 -1.2443143 -0.28323114 -1.2447743
14 -0.106174685 0.5049404 -1.1620152
703 -0.38844976 2.1367714 0.29757738
525 0.5854821 2.137564 -2.6071165
611 -2.5317492 2.9662385 1.5542332
629 -0.25565255 0.94989526 0.0054756957
1703 -0.2521643 1.8608785 0.02719972
1616 0.0984421 0.9422073 -1.0465013
1740 -0.17956394 2.2199714 0.06627625
359 0.16568454 1.190215 -2.9796982
583 -1.3812675 1.3947234 0.73026717
1318 -3.8939254 -0.2609474 -0.37895587
614 -2.868176 3.459439 1.7625672
657 -0.84527606 0.8251574 0.3232228
1860 -4.066681 1.0486339 0.9552223
2645 -1.4157695 0.07739018 -0.23685856
2145 -2.5680156 0.72817814 0.647172
1758 -0.18790653 1.4537148 0.025417237
2629 -0.89825886 0.15665665 -0.1643822
1099 -1.9010885 -0.29634959 -0.60433334
1675 -0.07555059 1.7320852 -0.16136499
628 -0.7347172 1.2800777 0.4341088
1205 -2.305772 1.6311901 1.0516161
633 -0.95119655 1.7218419 0.60816497
120 -0.73608905 0.41127616 -4.1000757
1958 0.3603289 3.212749 -0.81856555
669 -1.7011728 1.779447 0.9501076
2429 -0.09184271 0.71251345 -0.87469554
2227 -1.1865016 0.29250816 0.061708488
2412 0.45836034 2.3301966 -1.1603267
2433 -0.046818517 0.5718745 -1.203785
2060 -1.5170457 -0.18852594 -0.66890347
985 -0.5710401 0.31782296 -0.2695358
1243 -0.8938955 1.0679188 0.36185402
1791 -3.3398786 0.9186268 0.82571054
2405 0.47942117 2.9444714 -1.0666322
2632 -1.6282954 0.13050072 -0.16677369
2006 0.2923424 2.6819992 -0.70032597
2320 -1.8096095 0.15688701 -0.013198249
320 0.046761505 0.92852503 -2.5843022
1846 -1.7661304 -0.062414907 -0.18056022
398 0.4378005 1.7025987 -2.0859113
1162 -1.6181024 1.3257724 0.77197987
2501 -0.91191745 0.35757262 -0.09229623
2646 -1.9642613 0.00503976 -0.26407754
599 -2.2932408 2.2687643 1.2634519
2261 -0.7754462 0.06200358 -0.446136
1897 -3.3952258 0.83172935 0.7564555
1036 -0.9999816 -0.31179473 -1.2079108
61 -1.7562436 -0.5677858 -2.0597005
978 -0.7629558 -0.08585733 -1.3788818
969 -1.6810392 -0.44785342 -1.4270962
695 -1.4841748 1.6880339 0.8429345
1914 0.079077095 1.2180136 -0.53766817
1253 -1.8209018 1.4685719 0.8752426
983 -0.56489664 0.12883858 -0.7018194
2299 -2.4660106 -0.1596656 -0.24227005
161 -1.0470881 0.23332281 -4.478873
405 0.45040944 1.7915785 -1.8833117
2525 -1.3752112 0.05916548 -0.33032292
2020 0.45330265 3.7390084 -1.0510396
39 -0.15458393 0.4051876 -1.4999179
111 -0.91717625 -0.16207437 -2.0086803
2138 -1.4048414 0.99624825 0.6376947
264 0.18961821 1.2676387 -2.8783727
1538 -0.168823 0.8928321 -0.27231872
931 -1.2085887 -0.27443308 -1.3916191
2408 0.2355476 2.9322867 -0.64226127
238 0.22275567 1.077331 -2.1699402
1902 -2.6860158 0.8393815 0.72645414
759 -0.8742831 2.6397724 0.72953606
639 -1.8871996 2.2330425 1.2150629
1413 -0.12603159 0.8898728 -0.4411166
1049 -1.7988601 -0.47038776 -1.0403237
295 0.1386923 1.4900471 -3.9893236
2305 -2.088225 -0.019595368 -0.20783052
2470 0.11671173 0.9898232 -2.482516
62 -1.3492303 -0.43002072 -1.6716926
519 0.25408277 1.1811007 -1.9678745
1794 -1.8670931 0.39627984 0.2775446
1802 -2.5648832 0.27624694 0.2095461
1595 -0.28660852 0.59758496 -0.5467337
1899 -1.5615393 0.79453236 0.57875466
1812 -3.0206335 0.74523884 0.6369546
1965 0.33408898 2.4894176 -0.7911269
1333 -3.3407843 -0.4555772 -0.7214812
1891 -3.0479467 0.38278025 0.38425136
110 -0.98773634 -0.23606136 -1.9640582
1289 -4.253796 -0.5812132 -0.93125385
1635 -0.35137132 0.5013239 -0.4957431
1589 -0.19519587 0.39389712 -0.9599932
2300 -2.2470574 0.09632324 -0.021054722
2258 -1.6797618 0.21328089 -0.011271171
2476 -0.3616251 0.47217935 -0.36294216
1487 -0.2533173 0.8319814 -0.11219305
2628 -1.1018256 0.14966826 -0.16693191
2059 -1.2678797 -0.104270205 -0.6300858
2265 -2.366458 -0.15232874 -0.3812278
1349 -1.9837471 -0.075018495 -0.1958161
1091 -2.2901173 -0.71508735 -2.311398
1429 -0.20821607 0.7158432 -0.4941975
876 -1.8208985 -0.53086066 -1.5038388
1919 0.11486445 1.4474573 -0.49338582
2319 -1.0565807 0.16968618 -0.17316745
2605 -1.1098524 -0.014141575 -0.54525006
1630 -0.30343896 0.5717716 -0.54698926
91 -0.36562082 0.26961747 -0.97920126
2542 -2.070003 -0.0687058 -0.25210154
400 0.46118394 1.8854032 -1.9796919
348 0.029787656 0.61958134 -1.7031374
9 -0.44575188 0.11556219 -0.7816721
2211 -1.4205109 1.2326626 0.7640797
1688 -0.45439833 0.8150274 0.0023902021
952 -0.54640645 0.26112944 -0.556747
2624 -1.2922134 0.111816436 -0.32958883
897 -0.8927086 -0.08402337 -0.89291763
1556 -0.3603979 0.432982 -0.72248167
2526 -1.452078 0.021740627 -0.35790637
2311 -2.0636318 -0.41138458 -0.72907126
2027 0.36184192 2.5989864 -0.8921796
2246 -2.646894 0.05490222 -0.039604086
20 -0.5645905 -0.0009793863 -1.63909
2641 -0.7100348 0.026372207 -0.3830355
1158 -2.4365606 1.3839426 0.9835615
514 0.423794 1.7057533 -2.130301
2298 -2.7622104 0.0484988 -0.025984595
1530 -0.57459265 0.8423383 0.07195831
1196 -2.8822424 2.1906867 1.4071565
259 -0.1879657 0.26356572 -1.2220836
2390 0.35218602 1.9664834 -1.0138568
1801 -1.4159058 0.27916542 0.13864723
1803 -3.0076125 0.5888686 0.5071356
1459 -0.2120378 0.99353266 -0.34766153
1847 -2.7322447 -0.06586773 -0.11714599
1444 -0.26451692 0.73781747 -0.37497142
2021 0.43298906 3.459883 -1.0011985
786 -0.64790267 3.113402 0.5961437
2126 -0.83286446 0.063325495 -0.49394745
1854 -3.495842 1.2096392 1.0279993
1432 -0.22820005 0.8856333 -0.36593005
854 -1.6192652 -0.41699362 -1.281553
2540 -1.3833836 0.12889494 -0.13644877
863 -1.2185296 -0.31123406 -1.5848722
2504 -0.67434615 0.4405747 -0.09134204
2344 0.4123038 1.8607638 -1.2442129
186 -0.32360038 0.38697678 -2.4258509
60 -0.81660295 -0.15538526 -1.3811443
1570 -0.41010132 0.42309976 -0.71898776
1646 -0.16673735 1.0444627 -0.363951
1979 0.4209664 3.3031938 -0.9824777
1059 -2.6135125 -0.87459105 -2.5364316
1900 -2.2010713 1.2107471 0.9198916
456 0.2889028 1.2550713 -2.0401437
290 0.06368274 1.0679758 -3.1070855
44 -0.7233152 -0.058959156 -1.7012529
16 -0.09866862 0.55585307 -0.549824
1818 -2.0930855 -0.18855125 -0.34825075
2598 -1.4746605 -0.025748957 -0.35323286
99 -0.5662423 0.03423456 -1.198787
1569 -0.3156247 0.4489475 -0.61253816
2547 -3.2273934 -0.21965699 -0.3956636
2220 -3.0754027 0.41188672 0.4165973
1670 -0.1486437 1.0270463 -0.056833204
2349 0.5089764 2.671331 -1.240077
2090 -1.0823913 -0.16939288 -0.797954
192 -0.41766438 0.68720317 -4.1792164
2567 -1.9321771 -0.19990024 -0.56097114
2544 -2.0329452 0.108655244 -0.025016945
2194 -1.3767772 0.43923038 0.17044759
1840 -2.7057662 0.29108024 0.25158027
676 -1.3086289 1.4161277 0.6987598
865 -0.7480172 -0.027925348 -1.1020797
867 -1.2223146 -0.28556475 -1.4165345
447 0.09785395 0.9553038 -0.46062195
41 -0.8709845 -0.13476393 -2.3041198
901 -1.6623156 -0.20590954 -0.43992782
1823 -0.65093297 0.50348 0.08731101
2549 -2.8773806 -0.2527125 -0.5018208
1898 -2.0321114 1.0626974 0.75166386
1537 -0.3366619 1.1084915 -0.061017293
2253 -2.4157925 0.01983077 -0.1272588
1288 -3.8025427 -0.54902965 -0.9082311
1852 -1.7861128 0.19607203 0.11003294
910 -1.1898142 -0.30301154 -1.9945129
1690 -0.56788605 0.55867094 0.11043574
1369 -2.8398333 -0.38141182 -0.73127127
1199 -1.5273405 1.1677607 0.65418166
393 0.37817422 1.5210545 -1.6160079
737 0.010312691 3.3019788 -0.14400186
251 0.15202008 1.2769016 -3.2389433
2248 -2.1963806 0.13469361 -0.017823214
1063 -2.3143497 -0.7629346 -2.347675
1773 -0.14292195 1.8942591 -0.009479789
1501 -0.15044591 0.9817767 -0.38323322
436 0.47191036 1.9853837 -1.4357088
33 -0.3280379 0.31722397 -1.8493916
2621 -0.7876962 0.28213775 -0.22645274
680 -1.3193748 1.6271296 0.770683
2326 -2.2702162 0.08784419 -0.038967516
1745 -0.40179145 1.6236745 0.1958821
959 -0.63065827 0.056474634 -1.0431796
913 -0.69651103 -0.06430872 -1.4917619
220 -0.2745811 0.23059924 -1.4984287
1567 -0.32281098 0.44586468 -0.6984417
2072 -1.1166985 -0.12298328 -0.7397782
207 -0.035415757 0.5178148 -0.8720809
1917 0.4547606 2.7321765 -1.1245545
1175 -1.4643002 1.0227908 0.55663145
2243 -1.2122827 -0.08553512 -0.48578304
1316 -4.1305313 -0.61894226 -1.0321367
2391 0.35697088 2.5844398 -0.8700933
1499 -0.11510241 0.8694821 -0.48851892
1460 -0.23306867 0.88543814 -0.29469857
228 -0.025076931 0.87891525 -2.828867
1234 -2.3189595 2.0244029 1.1918572
1428 -0.23288698 0.7479181 -0.5137219
739 -0.29047808 3.3545141 0.24876808
1884 -1.9102249 0.5736247 0.4348344
502 0.6217639 2.3523767 -2.794138
1593 -0.5288337 0.67073596 -0.0351122
383 0.6264877 2.2506826 -2.39721
385 0.5999864 2.2612422 -2.1148877
1407 -2.9566984 -0.4030747 -0.73343664
715 -0.550184 1.8604589 0.36895525
2306 -1.356377 0.009867137 -0.2282528
1819 -2.017979 -0.10095223 -0.20797363
2185 -1.741745 0.2708842 0.21350218
163 -0.064335145 0.36563298 -1.3713657
165 -0.45203075 0.35462844 -2.7638571
26 -0.6719363 -0.07590374 -0.5751298
925 -1.2019024 -0.24445689 -1.4142263
367 0.5044491 1.8686064 -1.8274622
339 0.117341 1.3236686 -3.7009697
966 -1.0664858 -0.19314273 -0.99014425
100 -0.63256234 0.033748817 -1.382251
1796 -3.7417374 1.1453618 0.99149686
1876 -2.7098508 0.24137858 0.22532338
701 -0.24953982 0.9792088 0.040936034
52 -0.38871634 0.21824946 -1.0493844
1221 -1.6496954 1.5082382 0.84271723
1475 -0.19798617 1.1463935 -0.29892397
723 0.22421113 2.486085 -0.5279169
991 -0.31515712 0.36204433 -0.6436712
2590 -1.5984781 0.14360297 -0.03988702
1987 0.22533688 1.8920307 -0.57893485
534 -0.08883797 0.49513876 -1.2487788
1970 -0.03824399 3.3345647 -0.07966651
718 -0.3226165 2.5849783 0.34220898
431 0.49268243 1.8004942 -1.9470354
1545 -0.5343007 0.19419752 -0.79154414
1092 -1.6097056 -0.5062877 -1.4336834
2044 -0.7213667 -0.052661348 -0.974251
1924 0.39650187 3.3142233 -0.8431261
19 -0.65753716 -0.038093295 -1.576006
313 0.047821745 0.609411 -0.8640229
503 0.6062056 2.314623 -2.2014368
2342 0.6374996 3.2815914 -1.6675049
1549 -0.11335834 0.5373496 -0.91547084
2392 0.41821045 1.9639494 -1.1889344
2339 0.6162089 2.6488807 -1.7581168
276 0.08103598 0.9780004 -2.609512
168 0.10581924 1.0420195 -3.1182668
1397 -3.8281174 -0.40973008 -0.65814793
360 0.16747032 1.0430744 -2.188777
131 -0.9843997 0.19348837 -4.198957
223 -0.13909881 0.51991296 -2.0062556
2409 0.48175064 3.0558267 -1.1145843
1999 0.20825735 1.2853653 -1.0397899
642 -1.2075301 1.5872587 0.7388139
145 -0.98041916 -0.0012931164 -3.2440796
2216 -1.2553873 0.9415348 0.56423545
1711 -0.2172133 2.2337322 0.10703089
2224 -2.2432864 0.27119973 0.1810837
2275 -1.9018695 0.26056013 0.16637516
912 -1.0661857 -0.28104192 -2.0271752
2564 -1.0366794 -0.007011126 -0.5152448
1198 -2.0799525 1.5732479 1.0002363
2499 -1.1480118 0.3063297 0.03500432
874 -1.8577529 -0.48520988 -1.1751726
2286 -2.8212378 0.21323636 0.16392021
2550 -2.1733096 -0.12189146 -0.3525522
1648 -0.2573875 0.91129017 -0.23478901
1928 -0.060008366 0.78311753 -0.42891082
2536 -0.8856322 0.32118312 -0.10857765
1406 -1.975539 -0.16732718 -0.40148994
2587 -2.143888 0.021840392 -0.16589594
2384 0.34283134 1.5062927 -1.1843077
609 -1.755432 2.2580414 1.1294913
303 0.12063325 1.2515585 -3.2700126
93 -0.6026956 0.0540512 -1.3579937
1974 0.47613156 3.830901 -1.1579114
2595 -0.7703618 0.0693627 -0.40362164
2324 -2.3638732 0.1146556 -0.019381616
321 -0.028528588 0.6787563 -2.1621058
2580 -2.158617 -0.30179772 -0.5811241
1901 -1.5982867 0.7982282 0.5939893
861 -1.753973 -0.535381 -1.5930288
176 -1.1460507 0.10753023 -4.2768016
2359 0.19359037 1.7205166 -0.59764475
2110 -0.30357113 0.32440343 -0.79484385
1994 0.30781204 2.3216362 -0.84390205
1624 -0.1529776 0.86478174 -0.44280288
2158 -1.8084275 0.9130454 0.6675083
1387 -3.0119395 -0.66363525 -1.1944444
1673 -0.09703764 0.99204737 -0.27105907
2423 -0.25370243 0.41684833 -0.68968326
1583 0.16283612 0.98593974 -1.3185456
1147 -1.8315083 -0.41493332 -0.80472654
2614 -1.0085686 0.37372294 -0.052081354
2607 -0.63561887 0.30015713 -0.36110654
164 -0.23361282 0.46972483 -2.2727778
907 -1.2149545 -0.39881545 -1.8582282
556 -1.5883853 2.1629949 1.0265491
473 0.39540085 1.6577599 -2.0176911
2048 -0.8845759 -0.15701221 -1.179893
66 -0.599905 0.0152875185 -1.3861845
1472 -0.12052438 1.2525579 -0.30089992
1252 -2.1994243 1.8880736 1.1101402
2395 0.300249 1.309557 -1.3427312
528 0.30789748 1.3445591 -2.517149
1368 -3.5276601 -0.5800119 -0.97457856
1547 -0.27982295 0.33893925 -1.1445456
221 -0.083698645 0.80584854 -2.7799406
2240 -1.4088802 0.0054238006 -0.31616056
134 -0.8153034 -0.034253504 -2.7672498
2340 0.42985934 2.0067873 -1.2291657
706 -0.4681848 2.4151692 0.37614295
153 -0.14971498 0.26219344 -1.2021822
571 -1.2500519 1.4677521 0.70537734
1562 -0.3465118 0.27679813 -0.7102034
886 -1.4277123 -0.32166484 -1.0375761
1323 -2.6922424 -0.313328 -0.53834295
2263 -1.4609011 0.14286768 -0.13718916
552 -1.1117735 1.3808271 0.6483589
987 -0.5463309 0.22251278 -0.31959912
1430 -0.2553177 0.64682925 -0.47774342
529 0.3768953 1.533113 -2.4468932
627 -1.5106629 2.2117677 1.0153913
2556 -2.4494755 -0.0061680283 -0.12499883
2124 -0.70844275 0.15908897 -0.5905409
2186 -2.4197752 0.7567061 0.6555467
492 0.6396208 2.4260287 -2.6227794
129 -0.9390806 0.10333413 -3.6526558
1993 0.34280577 2.345506 -0.827817
123 -1.1770017 0.1051865 -4.444669
432 0.4307878 1.7410543 -1.8807135
2069 -1.1696155 -0.17648505 -0.7379465
553 -1.6310253 1.482717 0.88047343
1191 -1.7810223 1.6389439 0.94020593
1012 -1.3423212 -0.3730734 -1.2785368
254 0.08789862 1.0513593 -2.594741
253 0.034248795 0.8191213 -2.3032815
905 -1.7864488 -0.45450363 -1.2163683
1837 -3.6433072 0.873824 0.7926794
1375 -3.9108157 -0.50893795 -0.8587839
327 0.18792766 1.4473184 -3.6162984
1385 -2.7526622 -0.5360746 -0.9465691
1206 -1.8917055 0.9651211 0.73670745
903 -1.8096768 -0.45624453 -1.2798141
938 -0.9460799 -0.16438042 -1.2127248
482 0.76173526 2.8974352 -2.9180636
558 -1.8443419 2.1655045 1.0881063
1576 -0.49486804 0.15455733 -0.9239128
1394 -2.1075575 -0.28239146 -0.4983275
96 -0.5202744 0.056488965 -0.6761096
1986 0.11131271 1.7619185 -0.36957064
1295 -3.032598 -0.3683116 -0.5681014
2354 0.56754357 3.383088 -1.3564247
1923 0.28034312 1.9635649 -0.89114845
673 -0.8887889 0.8417685 0.36248618
1969 0.28314066 3.5617251 -0.62783647
1896 -3.125531 0.42039815 0.40002948
2250 -2.5959682 0.19777167 0.068663955
777 -0.38545448 2.7627552 0.3221486
38 -0.2638747 0.18206449 -1.0200591
78 -0.53877324 0.14396414 -2.08148
1509 0.099013075 1.6049318 -0.4957461
1636 -0.47341603 0.5140468 -0.32227626
281 0.04367284 0.8457491 -2.637942
397 0.52011055 1.9226704 -2.6287987
1370 -2.3454163 -0.38538322 -0.75713444
1672 -0.17790483 1.7146149 -0.06763002
1202 -1.6916785 1.3389952 0.80054414
588 -2.8976946 3.0976236 1.6959895
2643 -0.70403653 0.022982836 -0.59945965
444 0.65924054 2.4877396 -2.487001
2561 -2.2810876 -0.21616127 -0.47966644
1373 -3.0295067 -0.47124612 -0.78873944
1112 -1.6182834 -0.51322293 -1.9728918
2375 0.26178765 2.5544324 -0.66381735
2292 -2.040448 0.16662681 0.028197555
1396 -1.8732655 -0.13151814 -0.31977582
2356 0.47634944 2.573527 -1.1820846
1838 -3.4733007 0.3585997 0.36791387
1981 0.5556479 3.7445147 -1.2835821
1571 -0.38632995 0.36293632 -0.7224166
2538 -1.4686314 0.17935698 -0.052888285
1858 -3.1743543 1.0390526 0.88135684
683 -2.0955255 2.6469069 1.3311472
386 0.48349807 1.8378626 -1.9337275
902 -1.8074751 -0.47548634 -1.3762028
2447 -0.49988097 0.12976666 -0.8208335
1580 -0.26982182 0.48383355 -0.7698672
2328 -2.099321 0.22333205 0.08344742
214 -0.24855484 0.3367213 -1.6007575
2606 -0.537286 0.15456125 -0.6467126
1061 -2.6347528 -0.83492213 -2.9308581
1440 -0.45096356 0.24579118 -0.79831326
1404 -2.3651614 -0.16390318 -0.27279136
1458 -0.2725129 0.84931386 -0.31658086
2063 -1.1729031 -0.008191633 -0.541614
566 -0.78048295 0.6887048 0.22377604
2611 -0.62242794 0.4474197 -0.046306446
2174 -2.7611969 1.0005726 0.8470322
2093 -0.7499486 0.05714665 -0.6535703
632 -0.587701 1.0741552 0.26956636
1687 -0.3594066 0.69822294 -0.114456475
606 -2.6835945 3.2100005 1.6465883
2463 -0.07644165 0.5809258 -1.1357155
2434 -0.14043765 0.5920703 -1.1532421
1212 -0.16185194 0.67019886 -0.08024081
147 -1.2943227 0.08354914 -4.6419554
1813 -3.183227 1.1015717 0.90578616
1200 -0.9313943 0.8249588 0.3301403
756 -0.6089695 2.8822007 0.5454659
2372 0.33988172 3.1636598 -0.7364657
388 0.34471965 1.5757197 -1.1763753
239 0.20658526 1.29432 -3.0367756
830 -0.6802526 1.2779996 0.4233863
47 -0.33002663 0.109873936 -0.7509767
2058 -1.1687653 -0.0980559 -0.5142857
2266 -1.837811 -0.012073177 -0.25120792
190 -0.7869206 0.22781588 -3.8020108
2495 -2.4970613 -0.19695066 -0.40216982
1455 -0.32762024 0.7938524 -0.21206643
1164 -2.1577933 1.6905082 1.0446613
530 0.16822067 1.1685821 -2.6507056
1621 -0.28960735 0.9439353 -0.1304479
1814 -1.9746274 1.0045898 0.7618401
2456 -0.22846384 0.62054455 -0.539416
1659 -0.48279196 0.57557833 -0.15887038
2368 0.13599534 2.063825 -0.37363562
1456 -0.346742 0.45950112 -0.283114
2303 -3.2400088 0.29909557 0.2748091
859 -1.2937071 -0.36684117 -1.3732336
2357 0.26017642 1.3358582 -0.8087457
2545 -2.1277177 -0.022331884 -0.21686676
2256 -1.3245109 0.15624128 -0.08310979
879 -0.42721432 0.4914342 -0.0890564
1155 -1.3518603 0.9022899 0.4901727
1287 -4.2911887 -0.5879458 -0.9513896
265 0.12079327 1.3055042 -3.5316246
122 -1.2529829 0.24044243 -5.2246428
1449 -0.34031403 0.6580186 -0.19621707
2322 -2.4568555 0.049697798 -0.026505468
464 0.033911854 0.7221321 -0.4390722
2016 0.20622876 1.6169474 -0.62780744
2599 -1.0937415 0.09093905 -0.344693
1657 -0.46674222 0.7069878 -0.04963791
286 0.19473681 1.4854978 -3.6651576
2352 0.3858772 3.011055 -0.8944565
2041 -0.62418735 0.3453503 -0.27049568
1391 -2.1529737 -0.45034513 -0.99705803
988 -0.3615783 0.44274035 -0.48572406
387 0.41564572 1.8059721 -1.4157583
2563 -1.092413 -0.108343735 -0.5804839
649 -1.475321 2.7221365 1.1001306
2461 -0.039535366 0.63660175 -1.4423441
180 -0.66215235 0.419958 -3.8280437
1769 -0.38468805 0.45663324 -0.35663855
1922 0.1507218 1.3321928 -0.5501483
610 -1.7178762 1.6023512 0.9122175
1357 -2.8911686 -0.45090216 -0.73138744
560 -2.0712485 2.3273153 1.2175727
2203 -2.1512644 0.9788089 0.7573038
527 0.24152516 1.3270315 -3.0103152
2378 0.43641123 2.8245807 -1.0177219
2428 -0.17752036 0.6058621 -0.75409466
562 -2.4067874 2.846377 1.4598048
173 -0.23241912 0.45689115 -2.6312058
2061 -1.002448 -0.048003305 -0.6715856
2346 0.45142332 2.1728194 -1.3349112
1821 -1.2130297 0.4241147 0.20249641
1060 -1.9159018 -0.6252379 -2.036458
1671 -0.28036624 1.5470811 0.07458211
2519 -1.5057672 -0.031450085 -0.35194075
1704 -0.04481963 1.264262 -0.22494191
1398 -3.3237755 -0.34534875 -0.48684686
128 -1.270156 0.063478254 -4.629284
1584 -0.12682803 0.58347946 -0.9599856
1691 -0.36670926 1.01733 0.080283396
2333 0.1753451 2.3902128 -0.39352193
2182 -2.179672 0.58747745 0.44727084
1913 0.35829824 2.627299 -0.8811414
1047 -0.7683194 -0.18039726 -1.199047
2270 -2.817024 0.15433934 0.09097765
745 -0.62601876 2.9803944 0.5550676
637 -2.2432606 2.6582925 1.4162095
2515 -0.88439363 0.4156965 0.024797782
2478 -0.34490505 0.4551628 -0.46006227
721 -0.027740585 1.9106793 -0.10569768
919 -0.36082906 0.19133222 -0.49138746
1441 -0.68352294 0.007026722 -0.8973972
1361 -4.3717 -0.6528421 -1.082594
1011 -2.858611 -0.7580171 -1.559557
1776 -0.098068036 1.1648282 -0.12089254
2406 0.528532 3.0525715 -1.244116
419 0.118567385 1.1622183 -0.9179638
1256 -1.1342545 1.0250798 0.47338408
46 -0.6800901 -0.0052799922 -0.52633166
204 0.1013642 0.83358365 -1.6853291
972 -1.6967596 -0.5083641 -1.7290956
92 -0.5242038 0.13699242 -1.191023
1988 0.45372567 2.7772524 -1.1385587
1166 -1.742635 0.8769505 0.6334634
2254 -1.7421899 0.09039995 -0.13665366
2376 0.34014437 3.0046058 -0.7955377
565 -1.3238475 1.151685 0.62300605
2018 0.2931587 2.0098875 -0.82788765
2071 -1.2528739 -0.14055224 -0.6784035
2591 -2.163642 0.25264156 0.16057597
1643 -0.41574 1.0393019 0.16337326
2279 -0.64513105 0.17011137 -0.42178014
1976 0.4600583 3.9374363 -1.066126
752 -0.67431647 2.7991493 0.58326614
2377 0.43841764 2.1289482 -0.93485814
1254 -2.2023523 1.3492957 0.9290867
2543 -1.9683077 0.053593915 -0.21383035
1529 -0.5219357 1.0353514 0.19434617
2128 -0.6626137 0.1037853 -0.61294085
2616 -0.5497328 0.25314516 -0.36441246
1420 -0.06947478 0.74159676 -0.4826712
2033 -0.7064366 0.080013365 -0.6409886
1588 -0.1332026 0.6266292 -0.8468204
906 -1.3534886 -0.3538917 -1.3104422
2348 0.5647885 2.9867969 -1.3973969
346 0.19104935 1.3624271 -3.2938573
2309 -2.3309193 -0.26603383 -0.47356856
1298 -3.203771 -0.6684188 -1.2498583
2291 -2.6334844 0.18617731 0.11745817
711 -0.128489 2.837578 0.0055990736
1757 0.018971933 1.6167766 -0.20956264
543 -1.7104219 1.5569944 0.8694528
50 -0.6603811 -0.056757726 -1.4183018
2415 0.5420823 2.5176487 -1.4665407
411 0.17128249 1.1202432 -1.0508977
322 -0.22932853 0.26172322 -1.7388774
2255 -2.1930363 -0.0025316228 -0.16138755
904 -2.1819415 -0.60222846 -1.5890256
158 -0.029363401 0.6338868 -2.064294
2633 -1.0345057 0.07674842 -0.43997726
1699 -0.29619947 1.3992003 0.025868703
124 -1.3724602 0.1705683 -5.2029147
87 -0.8366489 -0.122808956 -1.4942709
392 0.6036712 2.2054954 -2.3711011
2462 -0.24239606 0.3555848 -0.7378045
2120 -0.53889966 0.2596347 -0.46382433
2579 -1.7970006 -0.21940754 -0.6004945
852 -0.6121188 -0.039462678 -0.611437
1943 0.3422343 2.7150147 -0.8432651
604 -2.8584547 3.3676667 1.738585
27 -0.7626346 -0.06623144 -2.1417997
1418 0.009187059 0.86809856 -0.759271
1579 -0.39764738 0.40738356 -0.3658475
73 -0.29563048 0.21213737 -1.3422757
2438 -0.035975333 0.6553117 -1.1321013
1231 -2.886019 1.7856467 1.2518346
2617 -0.61040235 0.38834596 -0.22778563
2050 -1.0294094 -0.23725191 -1.2988291
2153 -1.9398556 0.51322484 0.39345706
1488 -0.14881188 0.8479766 -0.3427777
149 -1.2328116 0.12455233 -4.6203747
2215 -1.4607096 1.0726464 0.65749085
1446 -0.22878428 0.84495234 -0.44389775
8 -0.6505422 0.017562771 -1.5155866
909 -1.9927142 -0.6462392 -2.2193787
651 -2.0766983 2.3965447 1.2762527
1029 -2.6171029 -0.7742675 -1.9366368
2609 -0.50220793 0.5805854 -0.117892876
115 -0.4163071 0.23478648 -2.2144506
2249 -2.359576 -0.027483908 -0.22237161
1364 -3.5383875 -0.58788145 -1.0199599
279 -0.08321525 0.5773022 -1.9496593
645 -1.1049072 1.2810582 0.5525843
1625 -0.39807838 0.9202958 -0.0109944055
2183 -0.93354374 0.4793296 0.25321713
2393 0.40584302 1.693856 -1.3581002
2295 -2.3134172 -0.1813372 -0.33781886
2369 -0.063127935 2.0008905 -0.0015620752
105 -0.6077297 0.04085175 -1.1950935
1582 -0.25961703 0.38651115 -0.91282374
1921 0.21382676 1.7156996 -0.70739424
2397 0.20779178 1.1087842 -1.1597099
2239 -1.6552255 0.0049605765 -0.28104752
792 -0.19083723 2.8106291 0.13258265
1790 -3.43676 0.7965858 0.70091933
309 0.08668583 1.1784127 -3.1912005
142 -0.9322551 0.2936061 -4.5237036
1068 -1.7934061 -0.5711141 -2.3668075
269 0.13849059 1.4611506 -3.7975402
1453 -0.23727247 0.66958326 -0.54013187
536 0.014310187 0.7063957 -1.6721168
2596 -0.9751996 0.18217655 -0.31164816
2493 -2.219429 -0.016712327 -0.15710284
601 -2.5382276 2.5094695 1.4270102
1816 -2.2265353 0.07135269 -0.02427646
1117 -1.323896 -0.43770182 -1.724004
1381 -2.664817 -0.54417175 -1.0562121
2401 0.10602779 1.4422959 -0.49942827
1218 -1.2906353 1.0562662 0.5388205
624 -2.084179 2.1732337 1.2204376
1114 -0.97302073 -0.31117794 -1.9004778
2528 -1.1753113 -0.21102457 -0.6439679
2411 0.41278595 2.466742 -1.0751562
1496 0.12620227 1.0555156 -0.93779814
1603 -0.3098171 0.5176621 -0.6113291
1885 -2.4851303 0.35419467 0.35880753
618 -2.2183096 2.842265 1.4553634
2410 0.40718198 3.0187368 -1.004078
206 -0.06639751 0.5504511 -1.4439733
372 -0.027933313 0.90021586 -2.9872859
1861 -4.0921426 1.0768088 0.9679739
1786 -1.510696 0.39769906 0.30979982
2219 -2.8119574 0.30380437 0.3327873
1416 -0.22119547 0.7171731 -0.41676873
981 -0.91103464 -0.13109702 -1.2700672
1554 -0.39642322 0.33779716 -0.7934199
801 -0.73297423 2.030107 0.5360991
1843 -2.8402753 0.7171878 0.6232295
151 -0.6919673 0.0670381 -2.617491
1871 -3.9849958 1.172086 1.0344626
1830 -1.4594117 0.019468412 -0.10277056
911 -1.2574062 -0.36103374 -2.1186764
1492 0.045131885 1.0504484 -0.5992682
1809 -2.177035 0.9800843 0.7693497
1701 -0.12882535 1.2450563 -0.15636665
1018 -1.678338 -0.47371376 -1.2950671
550 -1.538782 1.00928 0.66239715
954 -0.618131 0.13669476 -0.7732909
1093 -1.1582645 -0.39282435 -1.6360344
1645 -0.013782204 1.3354301 -0.34864637
823 -0.46357977 2.8759105 0.403442
1850 -3.2817397 0.8052104 0.6932747
531 0.15077722 1.1047727 -2.808437
465 0.5059341 1.9476304 -2.253609
1980 0.48958677 3.530801 -1.1478021
2098 -0.2511786 0.4039416 -0.9687388
2635 -0.90007836 0.0056594126 -0.50472337
2630 -0.39313406 0.16072117 -0.37296402
1894 -3.611917 0.94878876 0.8556966
1949 0.18332383 2.8526807 -0.38081604
32 -0.42952046 0.19707511 -1.7443186
2015 0.021282582 0.97804344 -0.5460057
1290 -2.5137568 -0.30470106 -0.59526604
2648 -2.1337776 -0.20336716 -0.47298145
2400 0.0005794139 1.1260744 -0.44285545
1810 -3.8871372 1.230398 1.0737547
1127 -2.202457 -0.74327475 -2.0887902
2555 -2.057255 -0.14587782 -0.40609393
2562 -1.6925267 -0.11351517 -0.3915949
1183 -2.0694666 1.0385209 0.722045
1067 -1.7695144 -0.5646412 -2.131661
2067 -0.7902794 0.19767201 -0.40318894
1864 -4.483476 1.1322495 1.0155764
1698 -0.2679178 1.3975489 0.028817257
2252 -2.2864015 0.074645 -0.089234926
2520 -1.4415777 0.12911388 -0.091552585
2294 -2.8585453 0.015628016 -0.04983511
1213 -1.3990641 1.6248227 0.7806105
219 -0.29483023 0.2740874 -1.8868183
1566 -0.36624065 0.30936137 -0.9045016
1482 -0.12381349 1.308673 -0.21956488
2133 -0.5496641 0.2233226 -0.5241391
143 -0.60449123 0.5363653 -4.2540455
1752 -0.08567505 0.70838696 -0.43299535
146 -1.1214542 0.18456529 -4.458509
103 -0.46459085 0.1496336 -0.52975434
1682 -0.12741934 2.1391954 -0.095373236
2152 -2.155097 1.137076 0.8441627
2212 -1.7415366 1.1725383 0.76586396
138 -0.44753158 0.19783162 -2.314776
237 0.028300598 0.77138263 -2.4166198
1088 -2.473958 -0.7883167 -2.1694567
441 0.6629109 2.4683454 -2.6609883
2467 0.07315677 0.7051365 -1.415019
156 -0.97142696 0.2672048 -4.3419466
1210 -2.6681604 2.0147927 1.2602545
1920 0.39446276 2.9409122 -0.9153739
178 -0.21484144 0.35000882 -1.4445004
829 -0.53370315 0.57370704 0.12933631
2600 -1.1212391 0.025193512 -0.319506
862 -1.2659824 -0.3605323 -1.6926126
182 -0.188007 0.33564582 -1.6374041
2498 -1.5958691 0.17662181 -0.17033398
2097 -0.70107156 -0.019100744 -0.9591623
612 -2.2013214 2.5560648 1.3442006
1508 -0.034000266 1.2404007 -0.33900324
1915 0.34264398 2.484042 -0.890068
1930 0.048065953 1.2323534 -0.5308886
137 -0.3898761 0.34919524 -2.7116106
1366 -3.9026966 -0.47871876 -0.7717015
1867 -4.31657 0.9327408 0.8761157
2593 -0.80869883 0.10320534 -0.50124145
1171 -2.8481574 0.9479426 0.80818015
1789 -3.128312 0.64959246 0.5891031
212 -0.007196958 0.99176854 -3.0234997
1372 -3.087553 -0.4949399 -0.79643184
2272 -1.6230173 0.1269895 -0.09841168
177 -0.6706316 0.14094153 -2.6695662
1686 -0.3482826 1.1325276 0.06666429
2557 -2.8264427 -0.16295823 -0.32556123
2308 -2.732719 -0.08597482 -0.24150287
48 -0.73233396 -0.10953378 -1.3287299
955 -0.6715233 0.03606945 -1.1032342
2210 -2.4895298 0.92627776 0.73711026
2574 -1.0239556 0.18430316 -0.2771439
1065 -1.062857 -0.34406155 -1.7933681
159 -0.65128934 0.31542754 -3.4830234
2554 -3.410679 -0.1171933 -0.18796755
1251 -1.9451108 1.3684946 0.857625
2360 0.3012465 2.4319754 -0.6757853
2065 -0.5807964 0.31455722 -0.35300696
1283 -2.7110052 1.6627561 1.1300988
613 -2.495567 2.837218 1.493617
2370 0.043405138 2.391775 -0.22320674
169 0.092496455 1.0501924 -3.0011964
1568 -0.4825808 0.22661261 -0.74639964
710 -0.45649597 1.2717823 0.26022834
2222 -2.876241 0.087769 0.018176336
2028 0.4078628 2.949356 -0.9193717
989 -0.6403619 0.076129854 -0.8148069
1957 0.27690732 2.9026325 -0.66511476
2337 0.47476855 3.0578184 -1.1493723
2455 -0.10893778 0.87263864 -0.4566275
1510 0.07329418 1.6339921 -0.4295455
181 -0.18910234 0.48641613 -2.2671635
663 -1.9398036 2.121371 1.122587
539 0.14971119 0.8786427 -1.7140621
1217 -1.2033025 1.1736692 0.49128494
133 -0.62465614 0.1295103 -2.5735648
2143 -2.1963952 0.23142736 0.17058465
167 -0.5525854 0.38491133 -3.4946406
2389 0.4430379 1.721648 -1.9613206
130 -1.0810078 0.06404127 -4.090269
1795 -2.7747972 0.5479876 0.5369554
194 -0.43534115 0.09251208 -1.2646717
1544 -0.87080747 -0.1455933 -1.2666904
1048 -2.833338 -0.8831251 -2.2255843
2070 -0.9681516 -0.0029989062 -0.61909026
335 0.19775276 1.4675511 -3.788937
1463 -0.28656498 0.9008355 -0.10801546
2008 0.45656338 2.0543811 -1.3215109
2103 -0.80300814 -0.003244393 -0.93980676
2589 -1.6233298 0.07913373 -0.111635424
2620 -0.51414263 0.63597155 -0.06370305
520 0.2829351 1.2498654 -1.5016309
1214 -0.46623957 0.56529117 0.070020534
557 -1.3401369 1.4098746 0.7456058
172 -0.23472892 0.5973835 -2.9339924
1190 -1.7332791 1.5782361 0.8823337
2443 -0.15984794 0.567721 -1.0209078
661 -1.9455553 2.594019 1.2686515
1866 -4.054769 0.6198459 0.62242955
191 -0.755762 0.56958383 -4.7840757
2578 -1.5335017 -0.07751016 -0.45252898
208 -0.31710592 0.13596109 -0.8762857
384 0.49605253 1.8586222 -2.5794282
1015 -1.63815 -0.46668497 -1.1174015
1912 0.37222123 2.5146434 -0.9761205
918 -0.379219 0.1852322 -0.5326585
53 -0.667087 -0.003778267 -1.4955583
2325 -2.5918338 0.165553 0.035454337
1543 -0.66131026 0.046648826 -0.9332691
958 -0.8267165 -0.07942897 -1.5463878
1526 -0.35695568 1.2516732 0.044881236
1956 0.30072892 2.334847 -0.7544369
1037 -1.8233777 -0.5591058 -1.6360493
193 -0.3170033 0.48138353 -3.0658326
160 -0.90145 0.30622438 -4.2637577
70 -0.7630315 -0.13891684 -1.1705738
908 -1.6851857 -0.5099365 -1.7988486
1204 -2.3674512 1.6610333 1.0804169
1736 0.22216402 2.1896155 -0.4727905
2177 -2.2378814 1.0760438 0.8824556
175 -1.1357172 -0.00061985827 -3.7871833
1985 0.45239368 3.3758397 -1.0360931
1755 -0.038295828 2.1821637 -0.1694454
1296 -2.3445585 -0.13152768 -0.23338866
136 -0.99781823 0.011089505 -3.6084745
2288 -3.7867308 0.4441368 0.42947116
183 -0.40936053 0.17002557 -1.643196
917 -1.04875 -0.21332672 -1.5319939
1978 0.42307115 2.6823258 -1.003489
1863 -3.939453 1.2014444 1.0561513
1658 -0.35758552 0.8766479 -0.10822559
1532 -0.22011949 1.1317163 -0.24754739
2417 0.5350292 2.5372608 -1.5745397
2274 -2.0878718 0.07001377 -0.103178374
722 0.18530062 2.1863005 -0.4689257
875 -2.2065358 -0.6143331 -1.5226772
135 -1.1070596 -0.003513212 -3.9003952
1805 -3.6506913 0.88901794 0.8085284
205 -0.14992695 0.43684065 -0.8736618
446 0.43273625 1.8822684 -1.8299847
451 0.4924753 1.8646783 -2.2138488
2013 0.35821053 2.059559 -1.0054542
1710 -0.20450781 2.5423687 0.07946361
848 -0.30720508 2.8330708 0.25300968
1578 -0.3586656 0.5381007 -0.4810493
170 0.16511302 1.2162893 -2.9396222
114 -0.6112188 0.30962244 -3.214973
11 -0.2568254 0.41939268 -0.55593234
708 -0.444427 0.8216338 0.15945563
2040 -0.5219674 0.5817256 -0.14324047
2273 -2.2153409 0.11108109 -0.049434442
127 -1.2178504 -0.0012322445 -4.2657866
2293 -2.6483355 0.0066751894 -0.08415108
2380 0.5793837 2.3752613 -1.5913494
171 0.032841243 1.0060582 -3.2048578
766 -0.9625808 1.3557003 0.66697377
2014 0.20334192 1.1197609 -0.8578944
2034 -0.46884283 0.21323311 -1.2526879
196 -0.61316085 0.011128984 -1.8886911
1126 -2.2377572 -0.75233126 -2.1971197
2341 0.6822639 3.5994306 -1.7425766
2623 -0.9386836 0.4169464 -0.117709965
856 -2.021954 -0.48306227 -1.1566595
1045 -2.0723462 -0.67043096 -1.8706437
1844 -1.7559599 0.5761475 0.42782053
998 -1.3870746 -0.26546708 -1.0071139
2347 0.45454958 2.5942092 -1.1797515
5 -0.69510144 -0.037229557 -1.6603812
868 -1.2992201 -0.31851673 -1.1651123
1788 -2.4737933 0.29533482 0.3291419
141 -1.0821198 0.15249693 -4.4045525
1992 0.44980118 3.3411934 -1.1271666
1944 0.19203864 1.5758858 -0.602925
842 -0.69194853 3.0112672 0.6148
195 -0.48388875 0.15412405 -2.0538332
2610 -0.34381112 0.6206107 -0.27134052
2202 -2.806092 0.99113595 0.84560895
592 -2.1786141 2.9107962 1.4084331
1109 -1.9578397 -0.56509316 -1.4003894
2195 -1.5714474 0.4980637 0.30748972
154 -0.21699782 0.34099606 -1.1639519
2206 -3.157749 0.7690991 0.7459791
1307 -3.5974555 -0.2866946 -0.41479367
1209 -2.5200858 1.8180827 1.16191
774 -0.37907872 2.285944 0.30185863
1546 -0.30782202 0.44230247 -0.9260418
280 -0.016918354 0.59175724 -1.2863575
1066 -2.2134206 -0.71920115 -2.2481437
125 -0.939851 0.41902325 -4.9186664
179 -0.6226228 0.41194853 -3.6137729
2287 -3.3228185 0.16585283 0.11982367
1019 -2.507824 -0.77993774 -2.1084003
2459 -0.12963393 0.5347394 -1.1079221
1321 -3.105839 -0.348763 -0.5261824
1756 -0.038356707 2.1248884 -0.15750934
155 -0.8881831 0.26844713 -3.9695508
139 -0.9601864 0.08241915 -3.751744
1303 -0.8047072 -0.17376548 -0.69872844
1013 -2.2908428 -0.73130816 -1.9156411
113 -1.0293739 0.24939524 -4.540245
2232 -0.56740105 0.9303851 0.31247604
2035 -0.3659442 0.27770463 -1.2558622
582 -2.0158644 1.8845326 1.1117415
1457 -0.42206907 0.3880449 -0.32936618
116 -0.101517454 0.742841 -2.7030263
2310 -1.1446301 -0.29102224 -0.74981827
2490 -1.152598 0.10623614 -0.2644819
187 -0.044841915 0.50609446 -0.98339623
1753 -0.012909096 0.83067626 -0.44191673
2496 -2.8973072 0.088029504 0.0763757
375 0.049556065 1.0952636 -3.132637
2497 -2.226531 -0.07701463 -0.2396095
685 -1.6348487 1.8538296 0.9916004
1851 -3.207089 0.70721275 0.6257291
1787 -2.2084458 0.5858426 0.5292547
2471 0.057172783 0.9337674 -2.3633595
1848 -2.8966415 -0.11178377 -0.18278173
1903 -1.7893496 1.0469692 0.78705335
18 -0.3645302 0.23639587 -1.1711696
1033 -2.745143 -0.56881315 -0.99425524
653 -1.2794689 2.2694192 0.99993014
1023 -2.5689507 -0.78575826 -1.9715562
1782 -0.49514183 2.8867621 0.3906235
1038 -1.2816948 -0.36903962 -1.4329536
2181 -2.611268 0.92674375 0.7389279
1016 -1.7979208 -0.50543 -1.4131846
2481 -0.011432947 0.767246 -1.2640433
686 -1.9183017 1.9282672 1.1212579
1845 -2.3027062 -0.44839686 -0.659162
2601 -0.8549145 0.20577359 -0.3640072
979 -1.1444212 -0.29058963 -1.6022972
652 -2.6988146 3.6130323 1.7685611
395 0.4969587 1.9632723 -1.8588058
1322 -3.1372159 -0.353528 -0.5721655
1875 -3.3309119 0.77835685 0.7171267
1004 -0.95540446 -0.1826289 -1.0008762
1017 -2.4166348 -0.7676059 -2.0147798
2251 -2.478388 0.058690146 -0.12405295
2533 -1.8114712 -0.10180868 -0.4231783
1833 -2.7486038 0.19977681 0.16068037
1208 -2.789314 1.8829901 1.2936138
2604 -1.4815323 -0.33674642 -1.210832
119 -0.99826854 0.12140316 -3.9513268
1009 -2.9798007 -0.90199584 -2.0441134
2626 -2.1323843 0.020597832 -0.28924248
1014 -1.9149665 -0.56851554 -1.6089157
600 -2.556232 2.8506181 1.5260385
1010 -2.3909702 -0.7545023 -1.8432059
2486 -1.3515306 0.17677307 -0.26588264
1031 -3.144447 4.169622 2.0368707
2029 0.33979124 2.7190785 -0.80884206
1174 -0.09186139 0.8713939 -0.14341947
1910 -0.3733411 0.3683299 -0.34882164
197 -1.2109114 0.26481095 -5.152943
1947 0.45043728 3.4336188 -1.0344152
185 -0.5183735 0.41374394 -3.3707943
2603 -1.4658114 -0.3642671 -1.4448055
1008 0.44033056 3.5621343 -0.9710689
2602 -1.5138305 -0.20381781 -0.9134683
1684 -0.3201148 2.532545 0.22082745
2534 -0.99975204 0.29859015 -0.14610447
2507 -3.1786823 -0.25277197 -0.3991026
184 -0.24652764 0.41956574 -2.0968795
1948 0.44498357 3.446653 -0.98950285
85 -0.80445373 -0.025665771 -1.8422505
1408 -3.3483708 -0.44689578 -0.6930892
1022 -1.4852469 -0.0929047 -0.44892517
707 -0.5363827 2.1257386 0.43727162
1777 0.13799773 1.5777818 -0.543095
1946 0.22239958 2.6344662 -0.53737706
2510 -3.662388 -0.5343713 -0.85185844
1006 -1.6306648 -0.49089515 -1.5112926
