2408 3
2163 -1.9623331 3.706133 -1.1337945
127 0.68524593 2.329278 0.32279846
1206 -1.4742758 1.2261252 -2.5314064
1417 -0.95790386 0.669592 -2.5177069
2194 -1.4221478 2.5368242 -0.87456036
2064 0.97599125 -0.12951894 -1.8768024
1448 0.16855763 -0.07410006 -2.534649
2129 0.69397414 0.24051322 -0.42976177
1960 -2.6598902 2.881727 -2.9012847
2335 2.3928862 -0.4371942 -5.2015476
2257 3.300063 1.1318359 -0.83692634
1542 0.1863429 0.023294786 -2.0272617
1713 -0.5489226 0.74071616 -1.0726329
2326 1.5359848 1.0596089 -0.077562235
2189 -0.8720263 1.856401 -0.63954717
2292 3.3917155 2.1026177 -0.19401911
1166 -0.18293273 0.13932228 -4.9425435
2243 2.9123335 -0.45846742 -5.7505507
1327 0.1684335 -0.077354334 -4.1547422
1941 -1.9015273 2.8012834 -1.5018508
1331 0.23616157 0.019822191 -1.8685687
1809 3.9608178 2.084362 -0.44362158
914 1.3819051 1.2794516 0.05198687
762 1.1083118 0.5930266 -0.31061736
94 0.6539611 3.459894 0.49392122
2099 2.3666928 0.81771857 -0.6934426
2609 -2.7439384 5.137551 -1.5723375
1654 2.0160255 2.3761141 0.30674607
1405 2.3091125 -0.18840669 -2.9201589
1931 -1.8481448 2.5293465 -1.6293097
1482 0.606483 -0.0021269422 -1.8739431
519 2.013629 0.124144495 -1.7647927
1617 1.854177 3.535605 0.6386477
76 -3.3278022 4.4166064 -2.8003793
1624 0.5899337 1.1870952 0.0770482
2285 3.2229176 2.0547106 -0.09031772
1452 0.07081147 0.027582815 -2.7413707
2427 -0.20326124 0.19182816 -2.3586433
1928 -1.5834548 2.0764296 -1.4299272
269 0.5058024 0.39306882 -0.29507044
1189 -1.2534585 0.94390714 -2.5827906
72 -1.1259838 2.204675 -0.66439724
1426 -1.3927126 1.1592339 -2.5843947
133 -0.0012408609 1.00391 -0.08927141
1165 -0.30213228 0.18604794 -3.970095
988 2.667921 3.5245328 0.59701025
744 -0.78830117 2.982434 -0.17792934
48 -3.151851 4.1156178 -2.688939
329 0.6199402 1.1912769 0.04509932
905 0.927695 1.1398497 0.09104356
1478 0.2798127 0.04734298 -2.161883
1486 1.1454222 -0.22740936 -3.231796
2042 2.595448 1.1345497 -0.5063261
2644 -1.2200084 1.2908051 -1.3299422
1138 -0.20315748 0.6823649 -0.5231488
510 3.7031488 0.60441434 -1.8790269
60 0.23071784 0.4910906 -0.33299455
1598 1.9435754 -0.41649035 -4.8095307
1893 3.2778685 1.5660609 -0.4566402
267 1.9097558 -0.034130108 -1.9574398
488 3.7840736 0.7149351 -1.6818614
2115 1.928853 0.061382405 -1.6663061
1643 2.2089968 2.2199724 0.2803026
1737 0.5323255 0.48763308 -0.38537633
1306 1.0498198 -0.30446377 -3.9017458
1765 0.13757762 1.0102264 -0.047341205
2407 3.5421953 -0.12297402 -3.8332405
1970 -1.3582826 1.9099889 -1.2467992
77 -2.919252 3.9196987 -2.4148192
2071 2.1010904 0.033180606 -1.8737777
324 0.760172 1.7675581 0.289882
714 -0.26978663 0.6450148 -0.5753485
1535 0.45306835 4.880016 0.57808256
1523 -0.21582979 4.7554092 0.30960906
888 0.1325656 0.35544893 -0.15154666
177 -0.24132454 4.1424623 0.2907585
1225 0.12250514 0.5498184 -0.416759
42 -1.420501 5.2975464 -0.3472986
2612 -2.6480637 5.0358768 -1.514394
2550 0.8048902 1.8540623 0.30869243
2466 -2.0344477 2.6211445 -1.8114696
1016 -3.1525812 3.0774655 -3.9933472
1288 -3.3281965 3.182362 -10.374053
2566 0.5166233 1.068322 0.06376379
19 0.16022131 0.45301792 -0.25662208
1131 -0.38545406 2.930784 0.046611346
405 3.6265395 1.0230762 -1.2478633
2325 3.1200187 1.6032842 -0.38879207
2428 -0.12309924 0.1740687 -1.6528796
1501 1.5368887 4.8004236 0.79895085
1702 -0.74082035 0.77246636 -1.5506546
940 3.2802935 2.3828466 0.025657233
132 -0.29427037 1.6318465 -0.22723217
2393 0.41739237 0.6537461 -0.141287
534 4.784274 0.7965509 -2.401302
756 -0.60668033 2.9009845 -0.16317052
1884 2.333301 1.6601754 -0.0058365604
1316 1.0686443 -0.31999943 -6.032222
1115 -0.3723976 1.2533209 -0.37593397
2263 2.0528567 0.13767195 -1.5346445
1475 0.17579159 0.05206202 -1.6321661
1282 0.68988085 0.24186261 -0.65450245
2057 1.7192192 -0.4447411 -4.9470367
443 -1.2650023 0.95292914 -2.310196
1402 -0.08924091 0.17638771 -1.789986
1413 0.26502618 -0.057827063 -1.85569
1895 1.5215791 0.9133826 -0.12681645
1102 -0.9096188 3.1758733 -0.2458036
889 0.24506098 -0.025851004 -2.4742064
2551 0.8664927 1.7314978 0.28546953
1989 -1.3406615 1.1938989 -1.9644195
8 -1.2944883 3.4624772 -0.49570408
645 0.88975626 -0.24634013 -3.3537674
2027 -0.45153677 0.3748107 -1.4835246
2314 1.6104693 2.606829 0.5113633
2546 1.6067853 2.8557982 0.5428982
969 3.7464097 3.9415436 0.5013418
1178 -0.5181238 0.4013317 -1.7451855
238 1.0685841 0.09814763 -1.0840575
833 3.7468727 2.479389 -0.09097184
1084 -1.2649697 4.7653155 -0.23826298
2211 -1.9167576 3.844155 -1.013375
360 0.48220623 1.8431985 0.25268173
2284 3.6724253 1.6345402 -0.6379643
807 1.0397519 0.43345 -0.48243716
1128 -0.35337657 1.7559887 -0.15649186
1759 0.56477064 1.0631543 -0.088599086
2537 1.1735059 2.8757591 0.57734156
1803 2.484416 1.5027608 -0.1730803
975 3.7946198 4.1851406 0.5998049
2151 -0.4811028 0.37485197 -4.0241065
2449 0.039088104 0.11104066 -1.5364233
1804 2.9692411 1.7646558 -0.2227462
480 2.9899135 0.5633732 -1.3995812
1477 0.27255094 -0.019107595 -1.9076804
1493 0.5725618 0.0343932 -1.4290553
970 3.0318446 2.942329 0.33369142
1857 3.2853732 0.6481072 -1.5205997
1027 -2.8440125 2.5279176 -4.1618147
2148 -1.1293273 2.1021984 -0.7368333
1123 -0.6622238 3.166278 -0.08078208
2198 -1.5311972 3.536318 -0.6918348
1012 -3.362617 2.8807664 -5.6224937
190 -0.33781266 5.7310805 0.35258737
1949 -2.86259 3.9411275 -2.339946
104 0.44112197 2.44715 0.27849862
2126 3.564729 1.8883867 -0.37425146
1969 -1.694543 2.3215535 -1.4457684
2096 3.34662 0.8533001 -1.3246918
10 -1.3524141 4.3155556 -0.3937485
266 1.8538194 -0.013706047 -1.8913411
1561 1.7735713 -0.42085293 -4.8945346
1484 0.87568295 -0.14929302 -2.8621156
1801 4.0683985 2.347391 -0.33790407
38 -1.3392875 3.5912936 -0.4928445
53 -2.0812922 3.0611646 -1.4471024
847 1.1981134 1.1876312 -0.0075574084
1277 1.8619777 0.040688425 -2.0414214
1223 -0.7960951 0.49159738 -4.6194963
1180 1.129793 1.1406461 -0.027598517
229 -1.5856616 1.2283373 -3.0839086
2544 2.6915226 4.4500775 0.81496775
2454 0.30423746 0.2514338 -1.0046307
212 -0.4141856 0.29270512 -3.693689
498 3.513188 0.6956152 -1.5638883
2299 4.2922225 2.326536 -0.42884034
526 4.003758 0.652446 -2.0089316
1338 1.6281713 -0.19606015 -2.532733
1372 0.13970368 0.09726589 -1.1249837
276 0.97896004 0.672236 -0.23145491
966 2.495638 2.7249224 0.3493356
2102 3.9343016 2.4405055 -0.19325793
1935 -2.4615793 3.0025206 -2.2883132
91 -0.15712306 0.8977303 -0.35841954
285 2.259414 0.044437796 -1.9818941
676 1.2246761 1.5299743 0.149856
135 0.49988234 2.0976949 0.26701057
2547 1.7679726 3.3524673 0.6472888
158 -1.3481598 3.3188777 -0.5630827
797 -1.3320307 4.5675635 -0.3732024
1382 1.2459165 0.08908945 -0.96117926
2023 -1.3952858 1.0470674 -3.1432807
2084 2.8306148 0.53126884 -1.37328
1258 0.1540917 0.06251025 -1.6387296
533 5.238846 0.9778751 -2.438069
2573 0.6262632 2.0815525 0.2896398
1961 -1.6817313 2.4579914 -1.4076204
282 1.2280257 0.37450156 -0.63868016
2580 -0.11223762 0.20902692 -2.3586266
2298 3.9081836 2.5271974 -0.114220895
328 0.08193594 0.519039 -0.42763153
794 -1.16261 4.429442 -0.24966842
1440 -0.2507915 0.11542721 -3.2462442
1245 1.2584894 -0.016603127 -1.4331082
1565 1.8692458 -0.46477354 -5.570551
1329 2.3860514 -0.3061266 -3.717677
631 0.1404152 3.4961145 0.34860668
532 5.187666 1.1092181 -2.2133162
1281 0.36917835 1.0813807 0.030504951
2103 4.1161833 1.5508263 -0.9752867
2581 0.2958297 0.03320907 -2.5060213
776 -1.2283541 5.660309 -0.18116304
1349 0.2881041 0.025928425 -1.7686812
128 0.8030163 2.7718308 0.36161792
1813 4.190025 2.2588725 -0.44459435
2383 3.4098628 0.14148714 -2.6593468
658 0.46363136 0.7487056 -0.21826366
1215 -0.97047526 0.6989631 -2.4855723
551 -1.3877993 1.1743685 -2.1282907
829 5.045965 1.2667649 -1.8657663
1247 1.2566686 -0.04355067 -1.5309957
2002 -0.41781482 1.2468272 -0.40996876
2090 3.6121156 0.6769385 -1.748827
1626 0.3904889 0.8450617 -0.1191142
2426 -0.12364236 0.11631629 -2.2036836
2165 -0.40723228 1.222925 -0.28650495
1588 0.40174735 0.57123345 -0.2601473
2186 -1.1065995 2.6660066 -0.5895514
399 4.0482826 1.0690928 -1.5224878
1589 0.57658374 0.45146516 -0.4893888
2182 -1.9317937 4.2799587 -0.94193
1429 -0.30782303 0.20026125 -1.2177097
391 -1.0930967 0.66114926 -6.313712
2578 -0.72247475 0.9699583 -0.8671929
857 0.20227334 -0.043644678 -4.046744
735 0.24427474 0.31807372 -0.44939664
2634 -2.3394473 3.3581226 -1.6990551
2424 -0.5692632 0.8523787 -0.66411465
407 0.89182884 0.48962286 -0.4031421
1991 -2.0561247 1.9563935 -2.6930017
1937 -2.2213058 2.2293558 -2.6600034
280 1.2610023 1.122692 0.052126285
2406 2.833971 -0.12223522 -3.400513
2270 0.7251622 1.4930533 0.24637574
1071 -0.8007257 3.4522715 -0.144545
134 0.6096062 2.3058507 0.32100064
1188 -1.3037412 1.0254194 -2.55171
2275 3.8071191 1.5868816 -0.7640897
1559 1.1124306 -0.2967651 -3.5232956
1622 0.32318845 0.93842167 -0.029546255
1005 -2.733477 2.8138156 -3.1126914
1858 4.064816 0.9085556 -1.7006055
1862 5.7857504 0.44043496 -4.2856774
366 0.5004212 0.53014827 -0.38276118
825 3.2557335 1.0089359 -0.9733204
878 0.40656543 -0.1358433 -4.121404
1089 -0.93911165 2.741889 -0.304945
2585 -1.6787502 5.0611825 -0.5569401
1085 -0.9518698 4.4379473 -0.094545625
2549 0.02974864 0.86710364 -0.12763502
2309 1.9337332 2.287715 0.36577344
2196 -1.145734 3.401217 -0.32824746
61 0.8704698 0.3014466 -0.6289371
1148 1.8594732 6.1675606 0.98541397
2162 -2.842028 4.5633297 -1.963811
671 -0.40887865 0.5194295 -1.1866006
1506 3.8217363 1.7900939 -0.7002581
2124 0.6918864 0.44059217 -0.48975915
2350 1.1507748 -0.21177721 -2.3345144
1594 0.66741955 0.37106854 -0.34901947
615 -2.9512553 2.969685 -3.666191
2545 2.1732924 3.688615 0.6915855
505 4.7438464 0.66684663 -2.6589575
2408 3.1712909 0.009515431 -2.8786523
2109 3.3205721 1.4228984 -0.69857275
2110 1.527159 0.5339477 -0.6572985
1497 1.539106 4.286241 0.73577327
1120 -1.2802947 3.7088523 -0.43849662
1888 3.568253 2.2194102 -0.19766629
1082 -1.576979 5.0296707 -0.4569842
2158 -1.9916868 3.9156718 -1.135137
1471 0.43321863 0.09516674 -1.3071544
2633 -2.0646253 2.349555 -2.0083272
1479 0.37501547 -0.018014152 -2.0061333
1332 0.3769822 -0.010412156 -1.9019554
1802 4.197388 2.6719565 -0.19646415
186 -0.4517388 4.357831 0.19832231
2595 -2.2376652 4.5124893 -1.216753
1242 1.6936748 -0.015964577 -1.7555448
1998 -1.3088816 1.6681848 -1.195406
1968 -1.7250305 1.6140164 -2.25475
2036 3.1745365 0.60593677 -1.5401069
1972 -0.6378655 0.8699277 -1.4444702
1641 0.7712933 0.72795784 -0.09266826
673 -1.3863916 2.0825632 -1.0596315
248 1.8954161 -0.2656876 -3.045666
1511 1.5079385 5.0734076 0.8458911
189 -0.82906795 6.1445007 0.15680125
1113 0.061868504 0.88379586 -0.19156902
337 2.462165 5.810586 1.0164775
2156 -0.55775213 1.702498 -0.24018642
992 2.1357834 1.3126882 -0.13758239
1259 0.84845793 0.04281025 -1.5439271
51 -3.336295 4.2777877 -2.8976247
1792 -0.06321298 0.46885282 -0.4568988
1940 -1.645463 2.2703357 -1.4383129
1250 0.21305147 0.19389263 -1.137112
41 -1.5270828 4.0946803 -0.5716688
1520 -0.24646232 3.86533 0.18849501
2242 3.1586642 -0.43712425 -6.0267644
283 1.1222674 0.18401922 -1.0843184
2291 2.2156482 1.1101358 -0.34611994
2111 1.1444256 0.23327255 -0.79720825
1347 0.33099478 0.06125698 -1.1374891
301 1.5078504 -0.0063805887 -1.9906695
1764 1.2381089 1.2754995 0.06598027
292 0.57337064 1.5974184 0.16668649
236 1.8194983 -0.12863712 -2.3918748
2123 1.4886284 0.27750376 -0.8612696
409 4.6935415 0.96565896 -2.1200457
2282 3.3755682 1.7538004 -0.40861633
1570 0.2559455 -0.06438326 -3.0517828
2300 4.0466475 2.5972962 -0.15029663
439 -3.890315 4.3695846 -4.2103796
1387 3.216981 -0.17407908 -3.7200992
1812 3.9589033 1.2262539 -1.2087147
1766 -0.4975177 1.8393147 -0.26710266
1081 -0.6198852 3.9973195 0.08905064
241 2.2736099 -0.08992133 -2.4514754
63 1.9590564 0.35929537 -1.0962245
2283 3.5745687 1.7074864 -0.5084148
1318 1.0867935 -0.3478366 -5.885569
1470 0.055758834 0.278708 -0.73599
1678 -2.6935885 2.309886 -4.309539
1534 1.0387723 7.5316267 0.98944914
1076 -1.5297086 2.7757654 -0.8211398
2619 -0.9235983 1.8868834 -0.60870576
2430 -0.25393218 0.20348556 -2.1917744
1821 4.115018 2.3756847 -0.28964296
358 1.1063677 2.5146978 0.4052953
783 0.18609464 0.23192883 -0.8186662
817 1.3231053 0.71814764 -0.39635664
1867 3.7397714 2.01163 -0.44451407
1176 0.24870172 -0.033422973 -4.9642324
2338 3.5322275 -0.5384666 -6.9437866
997 3.4363234 4.2843637 0.6770224
18 -2.9845219 3.547813 -2.6892252
2101 2.2312794 1.5196446 -0.03691306
1735 -0.8287434 1.6813161 -0.7647242
2557 1.2395387 -0.28447512 -7.98201
126 0.7874172 2.5350916 0.35210446
1837 4.145483 1.783027 -0.8071134
555 -1.7616539 1.3016231 -4.278247
701 -0.95122284 1.2824353 -1.1382065
1254 0.5805844 -0.039171454 -2.1646767
1610 1.5051429 5.846166 0.949315
260 1.0785289 0.3762162 -0.59482014
1216 -0.78546864 0.45523 -2.9207091
530 5.1816525 1.183074 -2.0717814
824 4.652261 1.3210697 -1.5459297
770 0.038620632 1.0981147 -0.10699827
2201 -1.5530587 3.59131 -0.74691
1015 -2.8071644 3.193999 -2.738605
1186 -1.0775648 0.8133724 -2.5120773
1269 2.5054054 0.0021036728 -2.3655183
1723 0.4845135 0.4622857 -0.44851956
414 0.7091079 -0.063941725 -2.158137
239 1.1172211 0.054833684 -1.1899933
2523 1.0815256 2.1807003 0.3617746
821 4.7579823 4.318449 -11.608091
507 8.529595 2.2574565 -9.591767
1322 5.9400973 6.0198517 -10.14979
69 6.1933503 3.0914345 -11.076338
2104 4.028281 1.3510969 -1.1435033
1159 -3.0309162 2.7726328 -10.616466
1674 -3.0976713 3.0543666 -4.022037
1122 -1.3033969 4.370695 -0.3546756
1175 0.11819943 -0.007125864 -2.829083
1856 5.06416 0.98513657 -2.450643
1097 -0.51181424 3.0456786 -0.019488672
739 2.7700374 1.5995952 -0.23252119
244 2.32417 -0.3116462 -3.5995188
1571 0.3569086 -0.13673918 -3.1728315
21 -0.36250436 0.9183462 -0.37295383
1095 -0.7255851 2.4345665 -0.28736818
361 0.7387813 1.5248605 0.2174033
1738 0.3399135 0.7441341 -0.27860978
691 -0.19313064 0.71307003 -0.54780203
2443 -0.66069245 0.42516732 -2.423683
2149 -2.374776 3.963308 -1.5346783
1855 4.575301 0.7449198 -2.4838722
438 -3.0709488 3.7851863 -2.9580178
2278 3.7468483 2.1928432 -0.28116283
781 0.030927904 0.325504 -0.7283288
1984 -0.57239485 1.22046 -0.8303019
1521 -0.05856699 5.817423 0.47707945
2216 -1.9830617 3.0368073 -1.3985472
1177 0.09436687 0.027019303 -5.127494
525 4.595126 0.6934798 -2.378872
2327 3.7232857 1.7468615 -0.59521013
2564 -0.07146026 0.6017407 -0.6234211
1747 -0.0479177 0.7911871 -0.40792844
1729 -1.0331722 0.9947558 -1.6840369
1357 -0.778987 0.48994157 -6.6582403
1483 0.66957366 0.03000643 -1.7680956
870 2.013094 -0.4483854 -4.8215003
1018 -1.9143254 1.4879348 -3.40647
822 3.8467553 1.977694 -0.43989408
558 -1.7923918 1.2268348 -5.604747
1003 -3.3102524 2.837621 -5.4944243
2392 0.7997399 0.33752027 -0.68041563
2092 2.6313128 0.5456268 -1.2344936
180 -0.5021463 6.4015746 0.33397967
923 3.392027 1.9685807 -0.22038835
2432 -1.4550043 1.3966459 -1.9894617
548 -1.4435581 1.1043054 -3.1189928
1036 -3.2949975 3.2068849 -4.229183
1073 -1.3207712 3.5746143 -0.45483267
986 2.4557407 3.0072043 0.47625706
390 -0.88429785 0.581167 -7.3259354
2143 -1.1172588 0.9056112 -5.273248
1160 -2.9567006 2.729684 -10.479948
47 -3.4757075 4.483685 -3.0047357
2365 2.8468442 -0.35559034 -4.909957
713 -1.06687 2.0597277 -0.71166635
1249 0.28658435 0.14980836 -1.6022872
495 3.4870534 0.6055701 -1.7023085
1229 0.2773041 -0.13596396 -3.8621273
1762 0.18294056 0.78722674 -0.27247855
1346 0.5297461 -0.08047837 -2.1272004
1407 0.64313406 -0.08655786 -1.4123609
2611 -2.6119554 5.0331783 -1.4301488
719 0.42517933 -0.074507244 -1.8870844
909 3.060983 1.7108142 -0.30667585
233 1.7008793 1.4522886 0.040865093
168 -0.0014739749 4.9440207 0.45525628
1644 2.1880531 2.8609595 0.47228497
352 2.5025256 3.0867512 0.39810264
1529 0.27062553 3.2042077 0.33185968
1106 -1.5791883 4.5953097 -0.5078522
901 1.3987283 2.4143207 0.49515033
1034 -2.6662595 2.7687552 -2.9867551
973 2.3085496 3.212208 0.54763454
1337 0.9487357 0.038461626 -1.181177
474 -1.5892574 2.3363316 -1.25623
871 0.84987044 -0.21310312 -4.2639246
1799 2.2107344 0.7312422 -0.80796385
1811 4.562362 2.6623883 -0.33683312
196 -0.29555655 5.7868958 0.37964502
1587 1.4195778 2.2202256 0.36163566
1226 -0.34070942 0.5697286 -0.89064586
830 3.8557324 1.6679294 -0.6908856
129 0.30811495 2.2717004 0.20103817
1441 -0.34870824 0.15846862 -4.0347924
1593 0.3923329 0.23601508 -0.72711325
191 -0.4131447 6.3346686 0.37617773
2442 -1.2740875 0.8353283 -3.7278206
2118 2.9158478 0.6595979 -1.2424259
1423 -0.79698074 0.81461245 -1.4419092
472 -2.3433824 3.1876025 -1.9153583
1155 -0.26315492 0.21413763 -3.1765957
1597 1.8560709 -0.4374075 -5.075992
195 -0.7537748 5.4979672 0.15215573
289 -0.051688265 0.2019691 -1.3085301
208 0.9262919 -0.21996215 -7.3274126
494 2.75208 0.419564 -1.5255485
1473 0.5489403 -0.03798459 -2.4044895
939 2.5816288 1.720288 -0.056389194
1193 -1.6450086 1.2312425 -3.8481233
160 0.05076804 6.889453 0.65195745
2063 3.0161552 -0.3046284 -4.256508
130 -0.1754342 1.3746632 -0.13253157
1320 0.5894357 -0.21795824 -5.8768325
2306 1.8522018 1.2642783 -0.06280401
2310 1.9479728 2.4050143 0.44179022
1384 1.9631144 -0.042796303 -2.0098083
466 -0.09666147 0.6389729 -0.5973424
2414 0.78475326 0.18972898 -0.8815626
182 1.5224943 4.1148496 0.7933403
1973 -1.599505 1.1279252 -4.814339
1577 0.4291993 -0.12318988 -3.1226344
1002 -3.0357275 2.711745 -4.649788
1692 1.2675076 -0.019698 -1.5470133
2448 0.1400334 0.07621498 -1.9307956
1874 3.7203126 0.2220373 -2.7263026
1069 -0.9350515 2.1772513 -0.44174942
2313 1.5644326 3.7725482 0.7534576
1460 -0.36178064 0.3457807 -2.3101134
1181 0.4369397 0.6302154 -0.32262427
1716 -0.030858278 0.4252215 -0.6077377
2398 1.631729 0.35541734 -0.7992517
2399 4.4017158 1.6155739 -1.116497
1616 2.2647762 4.257195 0.7654667
1614 2.1558206 4.8008413 0.8843674
1374 2.8665476 -0.042882603 -2.8388603
571 -3.5221992 4.146735 -3.5028303
1393 1.0608256 -0.17578702 -2.4752197
903 2.7467396 2.10351 0.033714347
218 0.09839871 0.31289604 -1.1659193
142 4.5917444 9.329662 -7.803886
1548 -0.36247894 0.52257437 -0.7710643
1578 1.4616175 -0.3601309 -4.030787
1268 2.446971 -0.038283907 -2.4234896
1579 1.0900216 -0.3048168 -3.7281654
1721 0.8104523 0.5274152 -0.22892933
121 0.5863152 3.4903316 0.44248345
728 0.51859707 0.7300723 -0.08758594
1788 -2.3371496 2.0704203 -3.301622
2003 -0.37115473 1.4021251 -0.22462562
648 0.78527504 1.4893378 0.19890094
432 0.78125095 0.15572153 -0.7709875
1585 0.051604178 0.3248933 -0.5353534
1899 1.8494446 1.0555367 -0.27468938
1326 0.69783086 -0.22494559 -3.3051498
1688 2.2162836 -0.4154954 -5.0991726
2305 3.2172446 1.9180961 -0.21800315
1454 -0.11336522 0.010975904 -1.3322515
81 -3.0042462 4.0616746 -2.4095583
290 1.0796703 1.0258095 -0.09719537
247 2.9839878 -0.33578104 -4.3207603
1880 3.2141216 0.7324626 -1.3667536
1574 0.42515153 -0.11311794 -3.967356
1854 3.951817 0.84564847 -1.7915354
2617 -2.029762 2.9943318 -1.4755027
1406 2.1278756 -0.16629189 -2.6652372
457 -0.84104866 1.8176874 -0.7457938
354 1.8899548 1.7713917 0.027490119
1555 1.2230015 -0.2850541 -3.0988324
270 0.5378409 0.3537702 -0.59277576
884 0.3599175 -0.062069874 -2.3271778
1312 1.1754438 -0.36097893 -5.4662266
2342 2.240629 -0.31520647 -4.0529413
300 -0.10124397 0.6335158 -0.24461085
1982 -0.9479843 1.5152544 -0.99647856
1443 -1.6797758 1.1955585 -4.014823
362 0.50336915 0.73812664 -0.1366496
1087 -0.8316514 3.6809015 -0.13221069
1472 0.6603282 -0.047403634 -2.5908575
860 -0.09848517 0.06333776 -3.4164867
1607 3.2451246 5.116566 0.87674725
2378 3.284458 0.882145 -1.1205597
897 4.841348 1.3388598 -1.6750674
760 2.3639255 2.418127 0.32252866
2026 -0.69099367 0.5057694 -2.9209473
977 3.7126238 4.375688 0.67529935
1859 3.765068 0.68114585 -1.7891879
1831 2.6347153 1.3462983 -0.33316052
108 0.49786755 4.111883 0.52332526
353 2.454636 2.6310282 0.25204077
1345 0.61402947 -0.1329654 -2.2403548
1983 -1.4378935 2.056303 -1.306802
2088 3.284367 0.8064985 -1.2641916
2352 2.2873442 -0.20732558 -3.03563
1822 3.480464 2.0629237 -0.20206937
226 -0.91826314 0.689016 -2.3359368
2268 3.2157495 1.7749507 -0.32060003
34 -1.5933427 3.342758 -0.8780296
1412 -0.42712936 0.22175868 -2.7520092
1572 0.5398296 -0.17807102 -4.684812
1404 1.3424871 -0.1620149 -2.138253
976 3.5299792 3.8153675 0.50927097
249 2.9272823 -0.29901013 -4.0123763
1669 2.5961204 -0.4884295 -6.31529
1132 0.06724101 2.3943233 0.23168461
775 -1.7574868 4.969052 -0.73231065
718 5.103582 3.731238 0.049459964
2038 4.319444 0.9060372 -1.9583348
1818 4.6138725 2.9074683 -0.21803474
1241 1.3959628 0.17695937 -0.9940805
1761 0.40228775 0.818394 -0.22430447
2576 -0.3580924 0.74331564 -0.58936805
1891 3.1233902 1.9060667 -0.1454799
1642 1.8051113 1.518147 0.088531576
1498 2.0405622 4.960684 0.86906064
818 1.7528412 0.67326033 -0.71130335
2117 2.553468 0.3634659 -1.4568429
1355 0.110764116 0.2733411 -0.8341116
2447 -0.03687299 0.123326406 -1.9293958
968 3.9665074 4.5715938 0.647281
1348 0.50311023 -0.0019824493 -1.6537377
167 0.3821603 5.9125156 0.6984946
2536 1.9187148 3.9870954 0.7793287
2221 -1.6835557 3.1800263 -0.95553994
278 1.5593531 1.21641 -0.057760254
39 -1.395213 4.5752034 -0.40407428
468 0.47528735 1.1191051 0.010607119
643 -2.0595148 2.1143274 -2.5410886
1576 0.23310384 -0.06172179 -3.6505985
1596 0.91263646 0.031166965 -1.2674067
2161 -2.3689861 4.2066593 -1.5042509
343 1.9392357 5.798446 0.9735129
1428 -1.6474394 1.4936612 -2.1983995
1150 0.20253085 2.6349795 0.25240824
1451 0.013619518 0.038244005 -2.6462646
1270 2.2299378 -0.05884772 -2.2766786
2217 -3.2856321 4.3257155 -2.7598035
984 2.888587 3.0115752 0.36362287
2542 1.6207672 2.8120544 0.523967
2072 2.0246713 0.1114918 -1.562307
883 0.05853229 0.019575916 -2.9461625
1926 -1.4136361 2.1129355 -1.1061727
102 0.37591624 0.59022933 -0.19664231
2159 -2.7431428 4.6898537 -1.7781109
2145 -1.2997106 0.8934711 -5.76173
879 0.7066362 -0.2562202 -4.229403
1350 0.29392868 0.021502621 -1.7254486
1615 1.5575006 3.0809472 0.5608579
2122 2.7969759 0.9094062 -0.874574
855 -0.20948395 0.30624577 -1.1051046
2190 -1.4495387 2.6032798 -0.9829182
1336 1.0386453 -0.26071516 -3.7725697
522 5.1267996 0.53116363 -3.2739263
145 0.7768273 6.276462 0.7346074
93 0.324297 1.8310583 0.114406124
230 -0.6840257 0.656257 -1.2736136
1816 3.6237688 2.1294992 -0.23700337
2024 -1.1815019 0.9204895 -2.735858
506 5.2006497 0.69963765 -2.9776237
137 1.0498972 2.5120864 0.40247652
2528 2.073401 3.2617562 0.58757913
237 2.2112682 -0.115290426 -2.5081053
2193 -1.442868 3.293861 -0.71390617
2574 0.10578839 1.4766736 0.04475308
412 3.7160501 0.93778276 -1.4178201
828 3.278008 0.89051896 -1.1201342
1389 1.534995 -0.25452116 -3.0795562
1462 -2.2913973 1.7247095 -5.5053554
40 -1.4656174 3.925557 -0.54743874
647 0.37579867 3.0578048 0.42772132
2596 -2.8242567 5.138063 -1.6662314
1111 0.27587643 0.5402311 -0.32845473
1945 -2.1346798 3.2581775 -1.5791959
1892 3.9802196 2.3187788 -0.27260035
2012 0.28208035 0.45144957 -0.39777794
1719 1.2314132 6.7488003 0.9685103
2620 -1.9892216 2.5170465 -1.7901338
122 0.8224051 3.7556481 0.560074
2361 2.9763932 0.003730151 -2.5867722
479 4.8870535 1.0576023 -2.078631
500 4.622514 0.6208049 -2.680879
30 -1.6027555 2.7578592 -1.0072334
2382 2.4125855 0.10774958 -1.8248847
1627 0.65773916 1.8018665 0.21174023
2105 3.692336 1.1132846 -1.2066617
1927 -1.3959453 2.031196 -1.2313333
1670 1.954943 -0.3736312 -5.18614
609 -0.23026161 7.171463 0.40871617
1100 -0.94477344 3.2463043 -0.24215323
1800 2.2497544 0.98734105 -0.45625886
531 5.2933803 1.1532661 -2.175832
240 2.6305816 -0.1462232 -2.9266322
1074 -1.3638668 4.285688 -0.3714081
2200 -1.1170235 2.787258 -0.53038573
447 3.064334 -0.52636755 -7.2928877
448 3.7460883 -0.6214445 -8.924377
401 2.85356 0.9095632 -0.9313313
1955 -0.53131485 1.0074201 -0.69413674
942 1.254722 0.05593305 -1.3178549
747 -1.0370789 1.5537401 -0.9827314
487 4.4694 1.0048476 -1.826459
2127 4.1354446 2.1025534 -0.51824665
71 -0.2150559 2.2527049 0.095330626
1108 -0.5022751 3.2874036 0.02065395
1210 0.6083898 0.10741136 -0.92579734
1573 0.67862743 -0.21156861 -4.393496
740 3.4437852 2.8435526 0.2254476
1127 -0.41587973 3.3660767 0.08001781
1611 1.0639948 5.288382 0.8207415
2525 0.7483985 1.3597084 0.12493722
763 0.40017468 1.1026437 0.041998446
1379 -0.85016435 0.4860583 -5.534988
2205 -1.3876915 2.9696958 -0.7189211
2290 3.1335826 1.5731395 -0.4357211
1370 1.7918829 -0.21542832 -2.8459976
153 0.9134961 2.8126087 0.4364664
925 3.1855907 0.97607666 -0.97675747
225 -0.27933228 0.25881648 -1.6997948
983 1.8949894 1.9192703 0.14670725
245 3.0336595 -0.34056035 -4.352534
2043 4.513072 1.2930046 -1.5315515
2231 -0.041762184 0.5359533 -0.6041495
2065 1.4782364 0.19144085 -1.0174026
368 0.77158386 0.49139574 -0.5503681
279 1.3523896 1.0255429 -0.07956872
2425 -0.05901152 0.6956633 -0.38747594
1805 4.8801565 3.165131 -0.15100724
841 2.7643034 2.391383 0.16304432
113 0.5056078 3.6179862 0.4834489
319 0.17330925 2.104894 0.15722445
749 2.6186318 2.9096422 0.43752584
2035 4.790639 1.0694848 -2.0795686
694 -0.09750043 0.5761392 -0.6345516
2083 3.4824343 0.97724456 -1.213208
594 1.941793 5.799256 0.8939708
1875 5.2397566 0.816448 -2.8876574
955 3.44557 2.3437753 -0.053662814
677 1.6179783 1.9571452 0.1942897
13 -1.3287759 3.3331566 -0.5514269
1119 -1.1753223 4.159924 -0.30396283
2000 -0.45490628 1.1312304 -0.55657876
768 0.15896526 3.9689577 0.500629
1550 -0.03192328 0.0631475 -2.5786102
2085 2.9468577 0.67275494 -1.234229
25 0.17276609 0.31405625 -0.7759866
1653 2.1998975 2.6323078 0.35303384
1613 1.2044063 4.044966 0.6715948
1362 3.0576572 -0.31224003 -4.879886
2396 0.551019 0.10991467 -0.6934454
854 -0.289511 0.52042085 -0.9081509
477 0.8287317 0.29499534 -0.6271967
1147 1.7756115 7.0062346 1.0707042
1315 1.0957817 -0.3264008 -4.9214907
141 4.322955 9.409543 -7.7102995
547 -1.3341035 1.0077201 -2.9525945
1105 -1.082617 4.226893 -0.20793186
1231 2.0151732 -0.29513133 -2.99033
1265 0.7987482 0.2899567 -0.5640916
1815 4.7770534 2.6578472 -0.43582338
320 0.7082871 3.2782786 0.4496736
685 0.49368784 0.54170156 -0.39778185
2078 3.1446412 1.1739242 -0.7853967
2264 0.9146819 -0.07787074 -1.4681709
1352 0.33468384 -0.002833456 -1.923652
2301 5.1767774 3.2659624 -0.24601696
1503 1.2165359 3.1625872 0.51711094
1481 0.14137909 0.11101074 -1.692078
2554 0.2007974 0.48591366 -0.342755
33 -1.7757993 3.3004165 -1.0584569
2125 1.5268269 0.5164546 -0.5374745
886 0.45631757 -0.06886325 -2.709447
1476 -0.20231347 0.20174314 -1.55944
961 3.8608205 4.146199 0.558975
587 -0.11561992 6.780083 0.47588286
1657 4.6904287 4.353785 0.3733743
679 0.23975857 0.56040907 -0.20050266
2324 3.274832 1.7071637 -0.4582559
1335 0.5261086 -0.08656105 -2.4702575
1751 0.39006263 1.2361884 -0.043419395
109 -0.24801558 0.9457965 -0.12501428
20 -0.668222 1.7380058 -0.32416904
565 1.1318383 4.1429586 0.63377076
1279 -1.4679317 2.9277158 -1.0354013
588 -1.3357836 1.2598089 -1.9016974
192 -0.15647389 6.031856 0.48099825
357 1.2216468 3.6497195 0.63609266
1612 0.9962161 3.4919424 0.57657427
904 2.5887098 2.4350612 0.24835758
2538 1.9023232 3.5450504 0.67498404
814 1.3914869 0.71989495 -0.31232098
921 4.0651827 3.5487673 0.30857956
2630 -0.113624826 2.9998553 0.20227045
1344 0.71947485 -0.21341695 -3.344447
1261 1.2025347 0.23563343 -1.2981874
2588 -2.39651 4.8723392 -1.287336
271 0.1941691 0.273897 -0.78754336
463 -0.21309845 0.64216197 -0.30684838
89 -1.0995972 1.4273466 -0.9845047
459 -1.4171051 2.1235542 -1.2968947
2160 -2.3994496 3.870054 -1.6370541
1467 -1.0125183 1.359613 -1.2406429
1445 -1.6216187 1.1707625 -3.8686934
2303 4.6160493 3.1590383 -0.088374875
2209 -1.1308955 2.1821077 -0.7546362
1996 -1.8705674 1.8970251 -2.2351773
1744 -0.02765761 0.790834 -0.3508823
2452 0.27513665 0.071075216 -1.19533
2213 -1.645926 2.5058897 -1.1912736
2172 0.47878128 0.6293576 -0.12872402
420 6.2817616 1.6488312 -2.3944273
2543 2.3373442 3.879186 0.73848706
334 3.1609788 7.6140127 1.2785107
181 0.9427988 4.9458313 0.84137934
2488 0.5125198 0.37298054 -0.42023492
44 -1.7270694 3.35483 -0.8747324
1863 5.1061645 0.6290862 -3.2118905
2212 -1.631574 3.2794437 -0.8685324
2214 -0.94098246 2.81396 -0.30476576
2444 -0.41934833 0.3299845 -1.8617156
799 -0.9746808 2.5585442 -0.5085897
15 -1.1308496 1.9601566 -0.7517776
1183 -2.843411 2.4234707 -4.7399826
1741 -0.044429604 3.2388809 0.25199035
2087 3.4318423 1.8954856 -0.3352172
1840 3.9285655 1.795151 -0.6406438
2589 -2.449902 5.061513 -1.282608
985 3.3665452 3.8456922 0.5682266
2462 0.7122414 0.14844643 -1.4397932
2610 -2.7616315 5.223755 -1.5923173
2302 4.855735 2.966083 -0.28531295
2316 1.7390201 1.0676286 -0.005833863
316 0.28655213 0.2550553 -0.2917248
2518 0.03849539 0.5750747 -0.32325554
1956 -1.5704325 1.7347331 -1.8224746
2333 3.0735245 -0.5143373 -6.634515
1019 -2.5492141 2.3151295 -3.5194535
1866 4.381511 2.310294 -0.5068265
738 2.973336 2.1651628 -0.0138457585
1993 -1.8523713 1.4758726 -3.3182046
2272 0.04145059 0.31265768 -0.42299563
2230 0.13820724 0.23904787 -0.6315167
535 4.1759543 0.6181973 -2.2378943
184 1.5257789 3.8495424 0.75764036
1636 0.61359733 0.55155385 -0.3858271
1817 4.3506107 2.6954691 -0.20985492
597 1.2147194 2.5393155 0.3584018
1990 -2.0860085 2.0407615 -2.6372843
1769 2.040763 8.458785 1.2351383
2553 0.22460301 0.2958879 -0.8649851
2046 6.5224085 1.8837806 -2.2670248
937 2.5833292 2.165357 0.14912719
1651 1.1496688 2.8525167 0.47428244
2503 0.17383413 0.6920917 -0.32513416
338 2.2419672 5.942819 1.0190098
922 3.822559 2.7991333 0.032934353
172 0.71708983 7.0936747 0.73572904
529 5.112946 1.0938138 -2.1649456
1605 -0.088240445 2.9012675 0.18362473
2522 1.3431892 2.4873085 0.4716487
2296 4.004863 2.0207853 -0.5009432
938 3.1043053 2.9697006 0.32417873
497 4.3890567 0.7273312 -2.1825364
2228 -1.140816 2.2085776 -0.8546758
410 4.1456203 0.8255736 -1.8868016
1146 1.0601386 4.7882366 0.72167355
753 -1.0515181 1.1412668 -1.4520278
1885 2.6230304 2.2125497 0.15900707
1872 3.0846932 -0.036526788 -2.9157097
575 -2.5540736 3.0773058 -2.2995563
2169 -1.9069248 3.674053 -1.0660979
1447 -1.1563817 0.7968923 -3.0352476
1647 1.5319312 1.8040801 0.2625526
228 -1.9591745 1.4939121 -3.8068914
1233 -0.7798643 1.0949123 -0.8241438
1053 -2.3192286 5.803517 -0.9651541
1049 -2.2938874 2.8221653 -1.9551656
608 -0.36082894 5.803072 0.28560624
1630 1.4431324 1.942683 0.26631546
1276 1.5170845 -0.027898388 -1.9785889
1656 0.6429653 0.50019103 -0.30169722
1201 -1.0190493 0.63794017 -4.597499
2600 -2.2333045 3.3862646 -1.5917327
593 0.68577725 3.1489155 0.44745207
1502 2.9214017 1.3206391 -0.56828445
74 -0.16902658 1.2982984 -0.09917389
2560 -0.0768282 0.11930404 -3.9353182
2323 3.1305177 1.692028 -0.38438514
2539 2.096775 3.249898 0.6054163
623 -0.71223295 6.005258 0.18766911
800 -1.5937226 4.0492473 -0.7410502
1079 -2.5200806 6.7806287 -0.9779364
552 -0.66643775 0.5134348 -1.8701885
2238 1.2754272 1.3525851 -0.053536545
124 -0.010656329 4.0294104 0.3497337
359 1.460861 2.1788747 0.3861939
1835 4.9690375 1.2401845 -1.9431032
795 -0.9728602 4.175202 -0.18774186
2598 -1.8574405 2.6942153 -1.391273
1703 -0.8826488 0.9695988 -1.5071507
1030 -3.4818525 3.5234668 -4.1603146
1055 -2.5707567 6.1186776 -1.1376344
1726 0.3321931 0.14066972 -0.9010304
227 -1.5729941 1.1943004 -3.226419
1200 -0.9718377 0.6315399 -3.647452
987 2.7884717 3.5730968 0.601202
2178 -1.3302875 2.055569 -1.0163964
1167 -0.14390448 0.16464587 -4.108705
1297 0.7395137 -0.23823532 -6.280329
1732 0.32085046 0.8931889 -0.20583971
1137 2.107186 4.458489 0.78819233
1545 2.8685882 1.3024695 -0.64500713
1887 2.3082106 2.524952 0.3586266
1397 2.809311 -0.26403964 -3.7714722
754 -0.5105409 0.5819808 -0.89405555
400 4.884173 1.0828152 -2.0618374
222 0.1584877 0.3546177 -0.73852414
204 1.0032877 -0.25259915 -3.9026062
1103 -1.4492843 4.5868263 -0.4212224
1072 -2.153128 5.2136874 -0.90582114
2277 3.4552298 1.7616253 -0.408392
306 4.873432 4.3556523 0.36736506
1400 3.2803643 -0.194713 -4.011489
1695 0.5017767 0.26899722 -0.5639865
1139 -0.13925467 0.5745733 -0.49798372
1224 0.20286739 1.5731019 0.056110345
882 -0.46345484 0.2325829 -2.7998872
1057 -2.3085656 4.9614744 -1.1431824
755 -1.0287622 1.3370944 -1.3076713
723 -0.8116439 1.2754471 -0.8655466
1971 -0.6871946 1.2338247 -1.0499302
752 -0.88133085 0.9323266 -1.3956972
2039 0.83189285 0.0053513255 -1.4485385
1050 -2.2589374 2.9715118 -1.7319107
1464 -3.1976492 2.7290998 -5.452107
1442 -0.8009101 0.42846248 -4.1297913
2073 2.6764576 0.022748373 -2.36911
1435 -0.28463498 0.5406782 -0.7895753
967 3.873416 4.46944 0.6344019
537 5.396308 0.62703484 -3.353855
2517 0.10170603 0.896032 -0.10240318
732 3.7985263 2.8883743 0.10572045
1436 -1.4897246 1.261105 -2.5286827
17 -3.4995975 4.6829476 -2.9061277
318 -1.285785 2.886812 -0.69380975
730 -0.2673032 1.5776194 -0.24051805
2311 2.3295767 2.8214552 0.4466445
1246 2.364689 -0.069505885 -2.4790857
2004 -0.3260611 3.4016662 0.16399208
2009 -1.5998482 2.6787095 -1.0480998
138 1.2750052 1.6962628 0.14125338
1465 -2.646604 2.1047544 -5.0866036
1560 2.023941 -0.4105431 -4.303515
1339 1.5393324 -0.23897244 -2.9424295
528 2.6202946 0.73490644 -0.89692086
784 -0.047146525 0.25071156 -1.3920182
1950 -2.4272592 3.7900894 -1.7054293
1795 2.3353255 1.525507 -0.08799718
512 4.3391666 0.5461292 -2.444047
1351 1.6944152 -0.26152468 -3.35694
1187 -1.2493987 0.8869111 -2.9494898
782 0.3530682 0.40797743 -0.5112085
2367 3.7550712 1.7256896 -0.61954474
2642 -1.2534059 1.0858696 -2.1165807
2093 3.7045958 0.8090461 -1.5944643
1985 -0.6504839 1.2839794 -0.9044955
2312 1.7853578 2.5567174 0.45989096
1458 -0.3325964 0.20839386 -3.5522788
415 1.6286228 -0.17022128 -2.7523675
2152 -0.07166955 0.17786302 -1.5697799
1712 -0.6982244 0.85979855 -0.9808904
1310 1.6911184 -0.41095534 -4.85317
178 -0.22640425 2.0700204 0.042643476
3 -1.5862675 3.4698474 -0.7781628
263 0.56752574 -0.011201745 -1.3367599
2532 2.0414066 4.02792 0.7900884
1772 -0.075479575 1.0006564 -0.20593375
1164 -0.29285872 0.19271497 -4.74025
2353 1.9222142 -0.28100008 -3.3775516
1842 3.9481082 1.117043 -1.2939062
1645 2.8153303 3.2137268 0.47721148
2415 1.8459572 -0.061499685 -1.9247092
2496 -0.1795603 1.7992573 -0.10184134
1125 -0.77035445 2.512633 -0.23455673
1086 -0.6201128 3.8722014 0.061378036
1240 1.2923852 0.03580703 -1.4068578
764 0.94261813 2.4644914 0.38361925
2476 -3.1879926 3.954147 -2.9382136
215 -0.2293514 0.21451682 -3.0127356
928 4.531991 0.35377923 -3.3338504
1037 -3.0666876 2.7384377 -4.5627074
1314 1.2114329 -0.3503213 -4.946866
1388 2.2074592 -0.33595303 -3.8390713
1395 1.9320018 -0.24723455 -3.1850317
1599 1.64233 -0.23369439 -2.8904352
2501 -0.6618836 2.535366 -0.26100653
861 -0.13770589 0.1011529 -3.6353137
1882 4.770374 1.0065145 -2.155373
326 3.9286084 2.287049 -0.26991478
1806 4.3498206 2.9834552 -0.06897292
2181 -2.1227684 4.513456 -1.1006086
29 -1.4472364 5.873916 -0.31436434
2571 0.3593686 1.4157189 -0.13592625
304 6.9475975 7.0342517 0.7699854
1704 -1.2288468 1.0999563 -2.1708653
517 2.2578883 0.049631044 -2.0715477
787 0.4745706 0.3560942 -0.48731926
120 0.75237006 3.2236676 0.43965778
2470 1.2703828 3.593141 0.55261946
209 0.2746315 -0.060009968 -3.9696038
1557 1.0310451 -0.08701228 -1.8424103
1308 0.90384686 -0.3008661 -4.346306
2116 2.5948312 0.2087389 -1.83173
1342 0.33924162 -0.06607721 -1.8967462
598 -1.9522629 1.5463485 -3.5730865
1439 -1.4028696 0.9195418 -3.85787
1304 -3.4922347 3.1160004 -5.2242255
1035 -3.5375721 3.6206293 -4.1504397
2601 -2.3530438 3.459134 -1.7163031
663 0.124276616 0.77727014 -0.21804094
2015 -0.6525953 1.1638367 -0.6407207
1169 -0.19441617 0.18268648 -4.83641
90 -0.608203 1.2156044 -0.56004643
963 4.0597734 3.9837084 0.39809638
579 -1.6697038 1.1966672 -4.390269
169 0.033975717 6.8088045 0.6483476
2441 -1.1915901 0.76615596 -3.8324466
655 -0.12856995 0.14858888 -2.0021834
2575 0.72598124 2.658355 0.3572811
949 2.693099 1.6121368 -0.15072635
1416 -1.3938135 0.9630374 -3.636217
601 -2.3901534 2.93576 -2.2453008
24 0.21321686 0.3147303 -0.902794
2456 -0.1404563 0.14827716 -3.5615053
444 -1.309418 0.7988777 -4.4898214
406 2.7922933 0.49228278 -1.3936586
1929 -0.61556876 1.2363319 -0.632813
1568 0.87094283 -0.0067133 -2.0869105
1203 -1.7932148 1.31215 -4.1394143
156 0.3936376 3.4540932 0.45681623
1787 -2.525285 2.4718404 -2.912035
32 -2.365702 3.9869447 -1.4683471
1791 -0.5642845 0.72078323 -0.99899644
1959 -2.7625678 3.1243322 -2.8497362
2495 -0.69010496 2.496115 -0.1956715
1734 0.25838557 0.47143337 -0.40608168
367 1.1392503 1.100208 -0.08841857
514 2.0634646 0.13317934 -1.8861517
346 2.1836154 6.1899443 1.0606921
1677 -2.6971235 2.3915238 -4.161552
2185 -0.8188077 2.5450397 -0.35069343
1896 2.2983747 1.3584882 -0.20015696
858 0.080252945 -0.0032660866 -4.531371
2079 4.5394425 1.3211129 -1.4787076
339 1.7410122 4.7688756 0.82927305
1062 -2.1411908 3.3098292 -1.3570127
349 3.1471252 2.7236238 0.1409952
1199 -0.46867785 0.2786914 -2.7317
564 -2.0306356 1.7532876 -2.9731576
2625 -1.5980214 3.802655 -0.7205829
2641 -1.9073492 1.8868583 -2.4649203
1581 1.6763357 -0.397431 -4.7514396
1925 -2.2937152 3.483403 -1.7941854
2220 -1.9662353 3.8320904 -1.0723801
1422 -0.31553143 0.56566775 -0.8029809
1328 2.637793 -0.2960937 -3.936625
926 3.581209 0.3864693 -2.2971213
2363 2.2397184 1.3006725 -0.31346148
1537 -0.33545682 2.2253082 0.0015813842
341 1.9006592 5.8060527 0.96984035
1075 -1.8230581 4.131918 -0.7876456
1962 -2.1487205 3.3906124 -1.7229828
476 -0.25143862 0.7734966 -0.3446317
845 1.7081604 1.4215888 0.014008171
1104 -1.4262483 4.636127 -0.40455377
2599 -2.2404616 3.5856485 -1.4880956
1391 1.7469974 -0.12169929 -2.161655
36 -1.6673149 3.91436 -0.7066305
1492 0.66183674 -0.035373528 -2.3718362
1819 4.6326637 3.026146 -0.14049107
2010 -0.1491102 0.6681649 -0.5071981
1474 0.47428876 -0.094522156 -2.257883
927 3.0827587 0.17069395 -2.4613378
1353 0.13822533 0.033601496 -1.9844719
1886 3.210853 3.3858154 0.4400934
2141 -1.2428914 1.0080789 -6.6307783
1051 -1.6973342 4.881751 -0.56488097
549 -1.1218925 0.76449966 -2.7149992
793 -1.4469123 5.2996297 -0.3572672
1126 -0.52974325 2.9032605 -0.02716013
421 4.26302 1.1182195 -1.6025974
1820 4.6815066 3.0170197 -0.15375492
1455 0.15950952 -0.040562253 -3.6630092
364 0.45938376 0.19357193 -0.8196998
467 0.1587422 1.1242336 -0.112183206
1381 2.399497 0.08235725 -2.0509953
1469 -0.35763383 0.22713467 -3.15184
1790 0.3380786 0.40308163 -0.1513512
481 2.064879 0.75428027 -0.5085887
686 0.8433979 0.44071093 -0.40899962
2636 -2.6095498 3.9071784 -1.8517472
1920 -1.3413303 1.8016703 -1.2664437
1415 -1.131722 0.6957416 -3.4106784
2446 -0.20230776 0.2794409 -1.298382
1218 -0.68723255 0.36289683 -3.398355
2006 -4.8505945 6.239946 -9.966383
2021 -4.765314 6.1749635 -10.029075
2348 -4.6500173 4.400975 -10.40559
2349 -4.7201223 4.4518933 -10.524401
264 -6.3543296 6.90772 -8.246541
265 -6.434011 6.9352007 -8.271379
1530 3.236577 -0.36466318 -4.6069026
945 -6.186108 6.926444 -9.120337
946 -6.2101603 7.0713778 -9.1244545
194 -0.12501287 2.3082817 0.1379365
171 -4.2588425 3.9639068 -11.309482
170 -4.2690496 3.9808733 -11.245806
1671 2.6671486 0.21510021 -12.184663
1255 2.4587085 0.30306366 -12.301206
1846 -3.7872052 3.493051 -10.813272
1845 -3.897411 3.6191492 -10.775876
1302 -4.789058 4.5401554 -10.804143
1303 -4.7555633 4.494188 -10.727127
1267 -5.1513076 6.14593 -9.712225
2341 -5.038387 6.056054 -9.718272
312 -5.664744 6.6154923 -9.392904
313 -5.640528 6.5161643 -9.343251
951 -3.2993977 2.7891936 -11.635438
950 -3.2523599 2.7026443 -11.603886
741 -1.6133192 4.9744263 -10.933266
759 -1.853431 5.2379656 -10.868772
205 -3.7457273 3.2067056 -12.7850685
207 -3.7940283 3.263974 -12.858696
1848 4.3098845 0.32239673 -11.426363
1847 4.6049247 -0.010314129 -11.147244
1698 -6.5057287 9.315597 -7.083669
1696 -6.5004807 9.3230505 -7.02681
2418 -3.0274255 4.8532057 -10.799752
2419 -3.0367017 4.9068627 -10.8353815
388 -5.0654254 5.034279 -9.941054
387 -4.886506 4.8469024 -9.924728
311 -4.264423 5.739464 -10.824853
310 -4.308085 5.635666 -10.826946
727 0.7333681 0.7491657 -0.04591297
846 1.5738875 1.8330315 0.20682646
1954 0.038890455 0.6309319 -0.52087116
1459 -0.55350405 0.41109854 -3.6748805
1333 0.17903422 -0.00669886 -2.3968825
2061 2.6302187 -0.31687462 -4.0918055
82 -1.8492996 3.0352736 -1.1719029
2251 4.8316607 1.4489437 -1.5696361
1564 1.6856675 -0.36564267 -4.5315924
1466 -0.73659295 0.9014583 -1.2201687
2587 -1.0965822 2.9906473 -0.39632112
880 -0.027650902 -0.018929858 -3.271706
2256 3.8546574 0.9975992 -1.4076937
95 3.5012662 1.5486066 -0.58234733
27 -1.1740217 1.2464919 -1.3775572
1889 3.848851 2.467548 -0.13199988
1450 0.07714303 0.018367128 -2.632576
2013 0.027962822 1.2822534 -0.025114194
2184 -0.5284586 0.3319315 -3.6333652
1958 -2.677538 2.2939985 -4.370404
150 -1.3171042 2.860026 -0.7405063
1144 -0.034626722 2.2609656 0.120745316
1919 -2.4586394 3.301153 -2.0787666
80 -3.2458158 4.3245654 -2.6824603
1932 -2.2131538 2.619553 -2.1656744
1386 3.2470622 -0.040280577 -3.1591141
2379 3.4583352 0.52630067 -1.7512932
610 -0.3919126 9.843419 0.51317155
2089 4.0029807 0.857572 -1.7541437
28 -1.082078 1.5408133 -0.9564504
1528 0.49911404 4.418484 0.55199325
242 1.9912255 -0.30224898 -3.2654514
684 -0.06402806 0.7147215 -0.41534898
1427 -2.446622 2.3323054 -3.1731808
1781 -2.6737928 1.9989092 -7.4007897
2505 0.20923679 1.2631565 -0.031369425
672 -0.2480084 0.5769616 -0.92050064
513 1.468597 0.19061327 -1.2295363
650 -0.54277635 4.9842844 0.2059496
651 0.8420614 -0.19425994 -2.5113058
1826 2.6874096 0.36660475 -1.6486355
305 6.066194 5.920377 0.6342293
856 -0.07516721 0.08170567 -3.095523
876 0.6335274 -0.1798379 -4.2341886
2224 -1.6309129 3.0286157 -1.0253698
1711 -0.7171428 1.2991753 -0.4782533
136 0.9409678 2.0141222 0.34092665
576 -2.488415 2.7705572 -2.5700805
1877 5.487166 1.0370057 -2.6875448
2561 0.11155379 0.13200338 -1.7957451
1547 0.80063695 0.7197123 -0.1302255
1717 -0.0989163 2.7481241 0.17465858
1419 -1.280674 0.8542335 -3.5133326
5 -2.0186749 4.2641883 -1.0401796
944 0.24033464 0.46619487 -0.5145387
964 3.076133 2.7609522 0.27446598
1313 1.1250242 -0.32991764 -5.0257964
1504 0.91525126 2.00104 0.29971036
2016 -1.0969515 1.1997528 -1.3267928
2138 -0.5784872 0.91931134 -0.82754844
331 0.55131555 1.2434821 0.042002276
580 -0.856704 0.64748716 -1.9560224
1088 -0.98896176 3.6211054 -0.22998711
2261 3.1358323 0.33942768 -1.9728765
2635 -2.7148938 4.155567 -1.9070498
1964 -1.7701536 2.0957086 -1.8270844
2218 -1.4634918 2.0600262 -1.166964
1625 0.83530104 0.9430584 -0.16281733
1431 0.0036038428 0.014183065 -3.7934136
221 -0.050122224 0.18927108 -1.1814181
1067 -1.2518752 1.8080689 -0.847646
2321 3.9084148 2.9212801 0.08000474
2500 -0.36833042 1.5414035 -0.30705747
274 0.62317276 0.706865 -0.22528654
2207 -1.3309911 2.9551234 -0.7005105
2411 1.5490345 0.07130231 -1.4039422
1755 -0.06908424 1.1947842 -0.11854321
1430 0.14929007 -0.04032744 -3.9739506
2372 1.9587443 0.67091286 -0.64264584
2265 0.16181366 0.024061928 -1.3679239
1129 -0.206112 1.3662157 -0.15271005
2113 1.9093214 -0.016484078 -1.8619179
1944 -2.0133836 2.8963234 -1.6101232
1890 4.189932 2.7378078 -0.113193095
2167 -0.82928234 2.0242767 -0.5943331
2541 1.051788 1.76918 0.2167775
1583 0.4860063 -0.040623378 -2.3094225
1161 -2.938783 2.678341 -10.343396
877 0.6226758 -0.2183473 -4.0174055
2465 -2.224024 2.9555898 -1.9272525
1936 -1.1331828 1.8989607 -0.8610802
163 0.670304 3.6765063 0.47366288
2037 1.7991363 0.2215305 -1.3007424
611 -0.2697631 8.434811 0.47274184
1243 2.1992106 -0.048282485 -2.2201302
1758 0.62811416 1.1567094 -0.11494674
2439 -0.41923356 0.2554503 -3.8673227
875 0.71139234 -0.1992335 -4.6883326
2121 2.357214 1.1008589 -0.48073092
936 1.9898084 1.1730419 -0.12848769
1836 2.946409 1.4685476 -0.45981318
819 2.7252276 0.87000734 -0.9537093
2177 -0.9867418 1.5293502 -1.0317943
690 -0.52656114 1.4575156 -0.30375674
1536 0.45524535 4.4832606 0.55534846
1633 0.52644247 0.9766937 -0.07670483
2086 3.974606 1.2678752 -1.197764
2377 4.551032 1.508517 -1.2933499
917 4.3464074 1.827019 -0.82675105
1794 1.7142617 1.3656762 0.013089446
1917 -1.5758398 1.984641 -1.3053722
683 0.5957593 2.642779 0.33625606
1850 1.7687483 2.0512927 0.33574712
2417 3.2391758 0.09041732 -2.589877
2328 4.529775 2.2190027 -0.68732965
2066 1.0566494 0.14928798 -0.86717457
1974 -1.6804104 1.1524662 -5.857533
2276 0.39485654 2.1529896 0.2900486
1553 0.5045565 -0.15870087 -3.3716967
993 0.9202308 1.0431639 0.04811599
293 1.2148634 2.6015844 0.44431052
2287 2.2166958 1.313088 -0.3014632
2520 0.3262558 0.3441745 -0.84394914
272 1.9646457 -0.063490584 -2.1789372
2047 5.0610766 1.7092758 -1.4680309
1914 -2.390783 3.7369971 -1.7535597
742 0.7722716 1.3209875 0.24183497
50 -1.8657024 2.5587084 -1.4634929
372 1.1838781 0.5565405 -0.6888362
2381 3.972383 0.81488603 -1.8227018
881 0.2501408 -0.06237383 -3.5049503
2120 2.661729 1.6799302 -0.14238505
1090 -0.9854107 3.0561752 -0.2684617
572 -2.6914055 2.6630335 -3.2310202
2628 -0.69178784 2.8992794 -0.12491577
924 3.1419442 1.2102262 -0.68799406
863 -0.19586295 0.22686458 -0.67910403
592 5.7224374 -0.26962388 -7.253504
2565 0.7374055 1.1326258 0.10255693
484 2.6976123 1.0791022 -0.5486785
2040 4.240547 0.8613003 -1.9509482
1232 -1.36404 1.2929225 -1.9496654
12 -1.6718566 4.482351 -0.6488269
1197 0.7527119 0.33942598 -0.45740217
836 4.6314526 3.2784839 -0.007552024
492 3.8292944 0.55916077 -2.026563
1868 4.6713023 2.5708985 -0.43814492
1606 2.7973366 4.298438 0.74873924
1244 1.7788273 -0.055392142 -2.0466466
2192 -0.952495 1.9332187 -0.59977317
2191 -0.44972003 0.7110143 -0.53385925
1623 0.4780402 0.4904343 -0.31734288
2059 2.1614485 -0.5156157 -6.0295386
844 1.6204326 1.7058592 0.11898729
1096 -0.647952 2.879633 -0.1469935
486 5.464175 1.3184533 -2.1073177
52 -2.0667627 2.9699242 -1.5493417
1214 0.71132815 -0.17620672 -6.3437843
1260 1.11432 0.18338364 -1.3323373
826 3.643887 1.4660716 -0.7484455
1266 0.51297295 0.40408278 -0.47155482
1551 0.21127948 -0.06757437 -2.9304714
2450 -0.31797332 0.31357476 -1.3085048
2614 -2.5230658 4.5396423 -1.5064405
935 0.060797762 1.7928175 0.044041414
695 -0.36909813 0.636811 -0.7508198
852 -0.12158763 0.43861213 -0.7516754
1518 -0.18386376 4.5594907 0.29978535
941 2.5172915 1.0706306 -0.44456038
31 -1.5093628 2.6076179 -0.99646926
2618 -1.7186968 3.2872314 -0.99720794
1283 1.1701547 -0.049070124 -1.4394232
1746 0.057538103 0.6693485 -0.42196855
2593 -1.9712628 5.181032 -0.76179546
1733 0.19350015 0.4873351 -0.59630865
1742 -0.08350584 0.7677838 -0.46092924
1648 1.7897384 2.5222516 0.45708317
11 -1.4195068 4.3328776 -0.45871994
258 1.218248 0.43784723 -0.5964324
125 0.35773858 3.1280293 0.38726172
2286 3.3296344 1.69593 -0.44026712
2288 0.66880035 0.444878 -0.34476706
1720 1.5732394 1.8202289 0.28032744
2058 2.3543026 -0.55460364 -6.683507
1797 4.747373 3.4054997 0.006100638
2293 3.609216 2.1190107 -0.224044
716 -0.0687369 0.28509638 -0.9125466
1424 -1.2185106 1.084548 -2.185061
2394 -0.06334546 1.4222772 -0.052634887
262 1.4103044 -0.12838843 -1.9738276
2147 -0.16983613 1.4397602 -0.1687897
1239 0.4579155 0.45130977 -0.51974005
1364 -0.4635666 0.28206745 -5.6461806
1767 -0.2698338 1.1010445 -0.28175864
1107 -0.48511237 2.9189606 -0.015247323
2295 4.148792 2.4070466 -0.3361549
1853 3.882958 1.617907 -0.77698594
2395 0.18342245 1.7426488 0.11681293
823 3.8327389 2.1068826 -0.3557063
2521 0.6370928 1.2105823 0.077029586
1358 -0.7764372 0.47305137 -6.1525664
1093 -0.6183878 2.1814756 -0.22808248
232 0.41267547 0.51947224 -0.16101913
62 1.2744255 0.6080092 -0.37325528
1976 4.2443895 6.7540216 1.1257355
58 -0.40914428 0.9329628 -0.5677105
1620 2.7648454 4.0862756 0.69991285
1773 -0.27469537 0.7634235 -0.58256143
2519 0.23398875 0.55040616 -0.28181764
761 0.12711704 0.96022844 0.058428206
64 0.8947897 0.30990028 -0.6160493
2297 4.307189 2.5479794 -0.29083514
960 3.3540912 3.275127 0.40244547
1446 -1.7378476 1.3203205 -3.934203
1975 4.566542 7.190188 1.1748883
2594 -2.664979 5.115596 -1.5083549
2154 0.62103546 0.11003757 -0.68954283
1753 1.2609998 0.46908358 -0.54935193
843 2.1690059 1.9947883 0.08484348
2091 5.557596 1.3562087 -2.2022812
1361 4.000115 -0.33569968 -5.9562526
2440 -0.7591041 0.42303103 -3.5220764
404 4.114382 1.2379442 -1.3476893
869 2.2046947 -0.5159247 -5.847387
816 1.1855861 0.7044568 -0.41271618
1134 0.15822875 0.84041554 -0.046728272
2455 0.030222042 0.20224492 -1.2310829
417 7.6533866 1.9972525 -3.0016458
962 4.036158 4.329787 0.58035547
2643 -1.1590497 1.1319249 -1.5062346
2022 -0.9007774 0.86307144 -1.8422599
1317 1.2693772 -0.4054654 -5.6890507
1980 -1.4401724 2.0389912 -1.3828887
183 0.908884 3.3389509 0.59184396
493 3.913569 0.67026085 -1.9898669
2155 -0.41672343 1.3827038 -0.30779934
2629 -0.5485995 2.5482352 -0.103725
979 3.203382 4.154474 0.6940908
155 0.30109572 1.9801863 0.171709
2567 0.55412996 0.70408565 -0.07079799
2531 2.3281636 4.200763 0.82046896
1995 -1.9652405 1.572352 -3.507279
915 1.9526252 1.5264689 0.036923252
257 1.0127833 0.3917609 -0.49866396
106 0.65284574 3.8290977 0.5155425
665 -2.1294265 2.8961382 -1.8296014
1398 4.4362307 0.045792896 -4.116864
802 -0.45662168 2.7360446 -0.05890033
932 0.7443879 2.347593 0.37270427
1646 1.0960349 0.75844187 -0.24044
250 1.6030741 0.03548809 -1.5663159
1774 -0.33113846 0.9293776 -0.654871
499 3.4766152 0.4371602 -2.0575957
1294 1.0002313 -0.2964177 -5.384401
1757 0.44808874 0.986558 -0.14395449
934 0.50238514 1.6032027 0.2012826
834 3.4138386 2.7237477 0.1444541
2590 -2.4902897 5.2102795 -1.260332
1760 0.5756607 1.1359957 -0.12601027
2474 -0.59074944 0.6898959 -0.9954118
2397 1.6153795 0.26654306 -1.0171398
2307 1.814007 2.2636492 0.35103002
1220 -1.7662203 1.167128 -7.613621
1359 4.786006 0.31132704 -3.5820994
1635 0.5078806 1.0823718 -0.018849995
919 3.0693126 2.160458 0.020877125
491 4.0623093 0.45193717 -2.4100175
1686 1.5244418 8.570916 1.2079582
867 1.7573843 -0.45054018 -5.1520147
255 0.66860723 0.5147608 -0.37792793
1628 0.89004827 2.1740727 0.34280285
243 2.2824512 -0.15366836 -2.683881
774 -1.5860783 5.0218887 -0.5518741
1058 -1.675686 2.5090284 -1.1095403
2607 -2.8502495 5.4738417 -1.63675
26 0.444071 0.3984269 -0.4869235
2128 3.0874383 1.6382265 -0.3685906
1543 0.6686083 0.3214349 -0.400484
772 -0.40751222 2.4816601 -0.042259328
1796 3.7507145 2.798762 0.07364057
2028 -0.8401326 0.7778556 -1.3423307
2308 2.0667942 1.2249976 -0.10607616
638 5.095802 -0.2913229 -6.5911593
2568 1.2588664 4.0409303 0.6596443
2322 3.0349457 1.5953913 -0.42197472
2605 -2.3206 3.9141798 -1.4903419
2075 2.983168 0.032811366 -2.665269
546 -1.881449 1.3825321 -4.2920933
356 1.0303665 3.2820506 0.5329665
445 -0.7978663 0.67551345 -1.4762348
1056 -0.12425426 0.36389533 -0.33158335
864 0.10537571 -0.011362642 -2.0979261
1668 6.1186295 0.15653327 -5.352928
2515 0.07755664 0.80018497 -0.32142025
2294 2.9386017 2.3111374 0.17807698
515 1.1283177 0.44871414 -0.49458924
2056 1.1267717 -0.30127615 -3.7891726
1851 3.4137132 1.1970419 -0.85635734
931 1.4010934 0.8061741 -0.32352966
2197 -1.8944988 4.0742188 -0.9551481
261 1.4619838 0.03584673 -1.509063
1047 -3.4859495 4.151808 -3.3467438
426 4.226177 -0.6392682 -9.204578
1434 -1.0925333 0.8579359 -3.3540554
1725 1.1019762 -0.17249864 -2.2659903
1978 3.2469013 5.040484 0.89231783
2048 6.9131613 1.792053 -2.7127671
1727 0.45976394 0.30247423 -0.51788217
2368 4.813032 2.1201992 -0.9072295
1748 0.035159044 0.8813676 -0.2606538
268 1.4704013 0.08279975 -1.3390439
1212 0.4674747 -0.09091334 -6.0100813
2369 5.494876 2.3750367 -1.1007576
2445 -0.7018741 0.57842225 -1.621562
460 -3.2778645 5.154931 -2.2921493
1639 1.087194 1.4954517 0.16065472
2174 0.27743965 0.96028996 -0.059297938
1194 -0.3209025 0.21569529 -2.302681
428 4.062673 -0.6267028 -8.822234
2069 8.602603 1.7816912 -4.0782456
2215 -1.9260371 3.2526782 -1.2368337
430 2.8850577 -0.5238682 -7.300223
682 1.3103517 0.25539264 -0.66738224
2007 -2.0531695 1.5122796 -5.5131445
2317 1.9649647 1.3510958 -0.01718005
1629 1.0116595 1.9366984 0.28926033
1508 5.405003 2.539686 -0.9176838
489 3.3686945 0.23264922 -2.3976417
188 -0.52218586 5.8750424 0.2656497
815 0.5924161 0.59467185 -0.25334376
256 0.95357484 0.42523175 -0.50120324
2516 0.13991112 1.0369973 -0.17531666
75 -3.4170663 4.5070395 -2.8904986
1017 -1.7036989 2.0633974 -1.521152
2146 -1.242236 0.8787798 -6.032493
1789 -1.6722833 1.4821004 -2.5919573
2171 0.34160346 0.62066615 -0.22114612
603 -3.011703 3.8525577 -2.848417
2074 2.7174218 0.03224433 -2.4032598
437 -0.50264823 0.6196848 -1.1829276
1631 0.6685749 1.3743035 0.17066662
2280 3.9441512 1.5400308 -0.868382
173 0.8171118 8.871124 0.8825983
524 4.0890527 0.53929394 -2.2749352
187 0.00987858 3.1234658 0.2495443
351 2.7470546 4.899525 0.72968
635 -4.300653 4.5716925 -5.01452
213 -0.5266735 0.33970124 -3.8635046
586 0.7342348 6.4121604 0.7834163
675 1.5660261 2.6764145 0.45036584
1024 -2.428835 2.4576364 -2.6418767
2244 2.184617 -0.45971647 -5.2900715
2112 0.7571212 -0.16738468 -2.0030487
1957 -2.5595315 3.088056 -2.4721797
2080 2.2672977 0.40284953 -1.1388875
1825 4.5390086 2.3651907 -0.5354233
554 -1.8870027 1.4157416 -4.148644
333 3.254079 7.692898 1.3002735
115 0.75828946 4.63835 0.5568323
1533 1.2857558 8.703118 1.1492302
1185 -2.1410298 1.7782328 -3.812484
483 2.607699 1.1691822 -0.43987268
2050 6.1639547 1.4855999 -2.583794
418 7.253528 1.9141446 -2.771156
1724 0.634331 0.44228297 -0.35593626
2250 1.817426 -0.19236596 -2.559688
1013 -3.568297 3.0880554 -5.9576406
2068 8.519384 1.8559217 -3.88541
1490 6.941678 3.2779582 -1.2213656
569 -4.0795474 4.7227826 -4.1592607
771 -0.01496043 0.93930626 -0.22591646
1221 -1.6424223 1.1231227 -6.923229
637 4.1010637 -0.25997585 -5.220146
1202 -1.3443804 0.9112431 -5.7824464
1824 3.9826021 2.1830797 -0.37991294
1916 -3.839909 5.644671 -2.9941077
1080 -2.5253744 6.375136 -1.04491
1252 0.4044333 0.14658938 -1.688807
595 1.6366339 6.452356 1.004058
1739 0.6326771 0.8026761 -0.23900199
2246 2.8114777 -0.3915892 -5.255726
1309 1.599956 -0.4369219 -5.7924423
2559 -0.030228917 0.06647949 -4.8017864
1273 3.7734444 -0.0009458299 -3.7117832
545 -1.9616556 1.4327998 -4.8910456
210 0.08725164 -0.0147705 -4.2885227
2144 -0.85026795 0.58598083 -5.058151
674 -1.9632242 4.4006343 -1.0748659
1487 4.0558877 0.47827843 -2.491121
442 -0.9045707 0.7377229 -2.0541735
1323 5.522541 5.3986626 -9.351589
618 2.173427 3.0101678 0.46095896
1064 -1.6948906 3.6713703 -0.90172374
567 1.4683472 4.0779223 0.6405561
1135 1.2877113 4.9714193 0.76125175
779 0.93961924 2.2939851 0.42970684
570 -4.013418 4.681569 -4.0982895
758 -0.0961882 0.17634477 -1.0114748
2319 4.000211 1.212031 -1.2828425
1590 0.034606688 0.5890403 -0.48465624
2239 2.7298274 2.9135952 0.14210466
254 0.59650195 0.27784643 -0.4624812
1691 -0.19001631 0.23193496 -1.996969
796 0.1089388 3.5338023 0.33539265
659 7.929521 2.1405566 -8.810041
1879 4.2835135 0.8201674 -2.0900555
206 0.90586776 -0.23529585 -5.5806575
2020 -1.7718334 1.3013159 -4.369665
2019 -1.394126 1.1615822 -2.5009353
2166 -0.49910983 0.65412986 -0.8345385
70 5.743228 2.7731361 -10.357512
2098 3.9951408 1.4386326 -0.97967535
2391 5.7826543 1.0987283 -2.8012874
1526 0.21756236 6.8373384 0.66814905
751 -1.554803 1.3901703 -2.4431295
1514 0.48464674 6.0525455 0.7074674
1655 0.9942659 0.8897375 -0.19475295
1525 -0.23575567 6.344779 0.44496596
2137 -3.6136706 4.172959 -3.7560372
117 0.59879273 2.0226252 0.085732
96 4.0908475 8.495916 -7.104429
1690 4.5651665 0.01056356 -4.392439
118 0.6541913 2.43009 0.23990613
729 0.08326874 0.99361837 -0.16120183
2237 0.18852141 1.631601 -0.033786427
1360 -0.32191166 0.21361868 -4.786511
948 3.3757186 2.015379 -0.21344021
2202 -1.8620243 5.405943 -0.66202563
1694 0.8655321 0.38375965 -0.6886014
1136 2.045602 5.6974425 0.9811829
1505 1.6632097 0.9299043 -0.3137193
363 1.893373 1.8051248 0.018424906
2423 -1.1636367 1.0762806 -1.6737872
2060 2.0594037 -0.30226842 -3.440379
411 4.5683975 1.0302585 -1.8930756
1992 -1.926454 1.63809 -3.044895
1621 0.4501466 3.5622015 0.46338746
811 2.0616663 0.6616843 -0.84696573
810 4.57929 3.6932132 -10.922091
2492 -3.9545858 5.23325 -3.5342853
1673 -3.0707197 3.198366 -3.6767602
2346 0.65466845 -0.23866862 -5.351137
607 -0.98720694 1.2098814 -1.4562582
2041 3.6398041 1.3903605 -0.86146694
1378 -0.42014292 0.26515695 -3.190866
1192 -2.559925 2.0943809 -4.7422943
1299 2.5777593 -0.56209415 -7.4276
197 -0.088442124 6.7961717 0.55814075
159 0.082543366 4.6759243 0.4705831
1602 0.044730917 0.8364936 -0.097609356
452 0.2315845 0.1522569 -1.4304528
453 0.01815757 0.49706206 -0.62111735
1873 2.7242231 0.052986242 -2.4084404
1675 -3.0748832 2.824817 -4.409035
371 4.30379 3.7693195 -10.584997
929 5.755974 0.42697126 -4.2798095
2362 -0.18517035 0.7366507 -0.36405742
1659 4.2672505 3.389164 0.12628038
211 -0.18747556 0.123951934 -4.0193157
1515 1.1158525 5.7301307 0.86555535
1556 0.64678276 0.3660156 -0.169136
1341 2.1068797 -0.26636606 -3.4775887
1841 3.1426282 0.86051947 -1.1373523
1275 -2.3442502 4.859452 -1.3472557
2631 -0.484304 0.4634514 -1.2362794
1829 3.8874347 2.1635497 -0.37198496
2067 7.6253943 1.6730605 -3.3771048
893 2.3527281 -0.5423356 -6.663958
1366 0.93117374 -0.15741442 -2.447048
1510 3.3892894 0.8368358 -1.3229932
1676 -2.8233414 2.457991 -4.577935
557 -2.1005595 1.4913679 -5.957134
720 0.84822196 -0.23859954 -4.128366
1179 -0.8660643 0.6408612 -2.1243603
1981 -0.0144954035 0.7971474 -0.27523056
1915 -3.6371024 5.5486445 -2.6937637
1728 -0.9829865 0.9895872 -1.7021343
157 -0.11605663 1.9630537 0.14084765
2259 2.5372362 -0.06496358 -2.5968173
1274 -1.9744412 4.039655 -1.1840434
2384 3.3607607 0.15581688 -2.5567138
335 3.0825946 7.2196903 1.2300332
2334 3.0630562 -0.4975773 -6.355171
2345 -0.23412584 0.1394878 -5.2187133
1112 -0.16716783 1.8838013 -0.057993673
2416 1.3817148 -0.060369313 -1.70942
1938 -2.1738176 2.3852322 -2.319858
35 -1.3965242 3.1239915 -0.7530428
1142 1.9849336 3.5308454 0.5971509
1191 -2.2868948 1.7483212 -4.780767
2017 -1.1352149 0.9211992 -2.256768
866 1.0899587 -0.33479384 -5.5153604
297 0.054455906 0.779408 -0.2061087
1861 6.3096104 0.43058494 -4.8817143
1118 -1.4566668 4.632812 -0.46942616
23 0.5491175 0.22025716 -0.85662997
801 -0.7737706 4.051063 -0.074810475
1026 -2.7656543 2.5188322 -4.0094767
1143 1.4553005 1.9651926 0.25132114
865 0.028186021 0.0003208836 -3.8941514
1544 2.0430126 0.7340508 -0.8257535
556 -2.1798184 1.6047616 -5.3679695
1562 1.8899019 -0.44474578 -4.916317
616 1.4200115 -0.3577061 -4.1308613
785 -0.023283368 0.6210211 -0.13667466
105 0.32465768 3.9859679 0.47123235
731 3.6947446 2.2536871 -0.18440223
1933 -2.5877306 3.7920117 -1.9557899
1828 3.5931332 1.5846325 -0.74069136
2195 -1.7607416 2.899779 -1.1761837
1918 -3.4189951 4.7415915 -2.8104672
1052 -1.5257181 4.6829786 -0.48024526
2582 1.4042295 3.09168 0.5654607
464 2.0317204 8.945345 1.2669638
67 5.7924957 2.7709205 -10.226466
1777 0.626112 1.578053 0.109209344
1195 0.96921825 0.950301 -0.1550172
896 2.5968032 -0.3793195 -4.9823184
1230 -0.5049981 0.23609628 -3.9302907
2491 -3.3636422 4.5955215 -2.878868
490 3.726482 -0.24433509 -4.5802894
1222 -1.2378876 0.80890137 -4.0863075
688 1.8908772 -0.4529084 -5.3339243
2570 1.0173364 -0.21382552 -8.118126
2223 7.8970985 2.1621163 -8.625043
2438 -0.16929437 0.14264232 -4.5216365
1457 -0.4567237 0.32180718 -4.186243
2577 -0.6609423 0.9812802 -0.8249603
202 0.056262776 0.27609733 -1.5052766
4 -0.17885816 0.704135 -0.3845419
954 3.9411438 2.5234463 -0.16843064
2457 -0.34269473 0.24787663 -5.7734356
1603 4.159717 6.12872 1.0028183
2467 -2.899456 3.6494043 -2.6003487
1700 0.7435266 0.575755 -0.5085593
1637 0.7889042 0.19901235 -1.00955
114 0.8222084 3.7263494 0.56820345
544 -2.080112 1.475923 -5.757147
574 -2.0813832 1.8500179 -3.0969195
2180 -2.2184796 4.5122714 -1.2012515
2366 1.9227897 0.97948587 -0.21628985
978 3.4523022 4.4449162 0.7488316
2347 1.4784626 -0.40606594 -4.7352433
2343 2.0804653 -0.2924274 -3.8864703
1293 5.6393213 5.347443 -9.223809
1705 -1.0572408 0.98784477 -1.978921
1718 0.64341086 4.9063063 0.6620049
1163 -0.3100621 0.18406716 -4.950782
1280 0.10032537 1.0125815 -0.14841214
911 3.8809588 -0.4575444 -6.4671917
902 -0.636861 0.8676051 -0.9505375
656 1.3221525 1.4283477 0.120681465
1527 0.6625808 7.638693 0.8715844
2480 -1.6383656 1.2333724 -3.3425548
667 -2.7818553 2.7907424 -3.4338994
1207 -1.6251233 1.2962058 -3.052908
2385 0.1191461 1.1352978 -0.20871489
73 -1.6097499 2.7695706 -0.989193
622 -0.8891858 5.6988916 0.0806615
2097 3.3711145 0.79868025 -1.4387809
2227 -1.4689529 3.1854298 -0.8907469
1296 0.7191007 -0.23076741 -6.394836
1580 1.4076968 -0.31937543 -3.3739283
1770 0.20223162 0.05515549 -2.8430805
2621 -2.2013276 2.5861976 -2.0758896
485 5.519222 1.3482475 -2.1281042
386 -3.3060915 2.891797 -5.3226953
1287 -2.9710102 2.811288 -8.981292
724 -0.8352534 2.272821 -0.4437917
43 -1.3757975 5.6616683 -0.27873573
2502 -0.3026901 1.7536316 -0.21571018
1291 -1.2123575 0.7328276 -5.621224
1516 0.7129603 6.689717 0.80777013
1343 2.15825 -0.18828213 -3.3336773
49 -2.3270173 3.6438649 -1.5921712
2358 2.9930372 -0.5269763 -6.4716167
323 1.0780244 1.263133 0.12461075
2008 -0.13134412 4.841904 0.35542616
1707 -0.17237698 0.66859835 -0.79976094
1117 -1.1815414 4.0330987 -0.32468063
327 0.26746756 0.34431452 -0.533581
2409 3.247004 0.08330024 -2.783197
1298 2.0665793 -0.46017888 -6.0892577
1356 1.1322548 -0.038093835 -1.8818506
1552 0.8048191 -0.21418293 -2.761016
116 0.9086345 3.056224 0.4290896
340 2.2023802 6.2658424 1.0772613
1999 -0.87792933 1.2403573 -0.91739094
1592 0.3350935 -0.007043202 -1.7961626
661 -1.4970376 4.106629 -0.63305795
2229 -1.7474087 1.7403905 -2.1491284
553 -2.861684 3.522006 -2.7238686
916 3.220895 2.845916 0.25433636
224 0.09100993 0.5528426 -0.48146453
2437 -1.2643654 0.85282505 -3.5049033
2540 0.992142 1.6660355 0.09088308
521 3.4455733 0.24528433 -2.5698583
2475 -3.0628939 3.837491 -2.7401428
79 -3.4688418 4.6832232 -2.8485658
2356 2.6824586 -0.4489987 -5.6992226
1321 -0.37400532 0.19791815 -4.9285073
308 4.3975587 3.3192549 0.06849671
1204 -1.7549937 1.3592734 -3.4792185
2106 5.894908 1.3961132 -2.3821084
2132 2.3548703 1.0765148 -0.42796016
1860 6.302097 0.41942152 -4.901009
2051 5.2603683 1.1805347 -2.3257425
22 -2.8603046 3.0470538 -3.0557556
2562 0.06653154 0.26400447 -1.2965944
1401 2.1239302 -0.13006565 -2.6317046
733 -0.43308124 1.8458599 -0.265063
1839 4.7137475 1.5853636 -1.3079754
162 -0.012958983 6.710605 0.60578954
2464 -2.4602592 3.1847057 -2.203435
2018 -1.3270092 1.2333596 -1.9692808
606 -1.2829717 1.5853184 -1.4371662
502 7.2724257 0.7974964 -4.72475
808 -0.50873137 2.271972 -0.14084843
2433 -1.5701938 1.3941103 -2.4280357
1182 -0.17174636 0.37212503 -0.7153376
1380 2.513517 0.1128797 -1.9709268
365 0.55350906 0.2843756 -0.75906754
2253 0.362781 0.07737868 -0.9034841
872 0.6985505 -0.1798823 -4.20564
581 -0.32385015 0.453353 -0.7718471
2260 2.9713635 0.3327534 -1.9123809
2318 2.646724 0.81150895 -0.92006016
501 6.0847 0.6534393 -3.9333982
201 0.16928475 0.17939901 -2.1823368
1934 -2.452906 2.7225823 -2.5238898
2081 2.6451907 1.1299998 -0.60743916
1591 0.94914985 -0.08098376 -1.7764816
2208 -1.3873434 3.0211606 -0.69390273
2458 -0.45327 0.34067234 -6.5910196
2188 -1.0678746 2.3471284 -0.66695744
630 -0.3044292 3.4772494 0.1678834
275 0.96859187 0.95663315 -0.10748959
2014 -0.47972903 1.2497522 -0.33499223
1425 -1.5411022 1.3545394 -2.504392
894 2.2814968 -0.5094372 -6.5028825
991 2.8821406 1.4975977 -0.3548835
2404 2.0052226 0.41739064 -0.9848034
2266 0.32522053 -0.063884564 -2.0222344
455 -1.2956797 2.2543442 -1.1561222
1843 2.7495158 0.33362612 -1.7029763
1365 0.31059578 0.023488909 -2.5010557
873 0.55394495 -0.14968136 -3.244521
895 2.6155348 -0.56893927 -7.287152
2624 -2.31831 3.4309177 -1.6624753
2376 3.9324648 1.1601378 -1.2487963
1584 0.13314702 0.07702237 -1.8410933
1808 5.5633564 3.8441904 -0.05173268
2375 5.03685 4.544352 0.40601808
2638 5.8595314 1.2433794 -2.5383136
1793 0.46582168 0.5759218 -0.14037505
2219 -2.3706558 4.1775947 -1.4668144
2527 0.916256 2.5753806 0.4039157
1865 4.6624656 2.5813527 -0.40132612
475 -0.11834135 1.2908646 -0.27072972
2371 3.7104735 1.2561716 -0.96645063
798 -1.82041 3.4789593 -0.9858284
792 -1.4786003 5.849361 -0.32779276
1830 0.6888519 0.5453451 -0.21667118
2119 3.5816877 0.70056856 -1.7222887
2359 2.7023923 -0.264233 -3.6743867
1485 1.0802242 -0.23682481 -3.3757284
1292 -0.76257426 0.42998227 -5.3933034
612 -3.3118858 3.3742623 -4.0845456
1235 1.715944 -0.071427785 -1.9835217
1827 2.9090667 0.43692777 -1.5817823
2479 -0.86783254 0.6021759 -2.5263748
687 -0.3103113 0.8619434 -0.6011859
642 1.2790216 -0.32775894 -4.164134
7 -1.3410889 4.068234 -0.43786928
1546 0.1082288 0.44936386 -0.37118843
2597 -2.8046546 4.638119 -1.7888064
1418 -1.3307098 0.91018724 -3.5995328
1392 1.3215814 -0.15379985 -2.0793009
906 2.3504844 1.8170108 0.0081961695
1524 -0.5330995 3.8751295 0.078358516
523 4.3747563 0.36490774 -3.0617335
123 0.7676075 4.035077 0.5820779
2583 0.5965635 1.8062183 0.23365901
1736 0.33197957 0.2189109 -0.6955472
2572 0.5757478 1.2415452 -0.11714457
46 -2.4323537 3.0860991 -2.0681167
2252 1.3945042 0.88200635 -0.3679615
1660 2.2715397 1.7028533 -0.016425606
632 0.025504665 2.0713484 0.099505104
2498 -0.21132249 1.6676052 -0.15038306
669 -0.5499844 0.8461201 -1.0103322
634 0.74848145 5.097574 0.7195595
1059 -2.2734504 4.1637964 -1.3104386
996 3.9801567 5.059917 0.8036376
112 -2.9755402 2.8191018 -9.146227
913 1.8575553 2.3028338 0.4330297
2267 3.7942424 1.6686853 -0.6937489
284 1.8119476 0.06077655 -1.6823153
424 2.6568341 0.5918475 -1.2254881
1334 0.43175322 -0.09361245 -2.7211359
748 2.1071153 2.582014 0.40432775
840 4.153759 3.0962017 0.053284567
2499 0.001972946 0.5931025 -0.48982522
2504 -0.061869718 1.0920321 -0.30036676
176 0.38709933 4.7953496 0.60826033
1196 -0.22063188 0.5739383 -0.51680166
1942 -2.8935132 4.322496 -2.1910641
1432 -0.10732713 0.053442817 -4.680733
1109 0.35179612 0.04998107 -0.94896895
1939 -0.82052517 1.4102476 -0.7352492
1390 0.5250405 -0.08534333 -2.0325572
629 0.37885267 3.0187716 0.3277791
848 0.73818994 0.80493367 -0.19067855
2387 5.4738946 1.0836234 -2.537414
454 5.0460815 1.1224909 -2.158741
806 1.508195 0.97993493 -0.2720514
908 3.7067266 4.64246 0.7527102
59 -0.14035472 0.6882089 -0.42972854
1650 2.1990433 3.6664913 0.65080905
1619 3.0171509 3.7297125 0.57974494
788 0.3535171 0.35583302 -0.67264485
981 1.0280179 1.7596799 0.30194777
2354 0.9829207 -0.2812319 -3.5790813
1468 -0.36627606 0.5813358 -1.0187758
633 0.38165373 4.2333302 0.5156505
6 -1.721745 4.2015753 -0.7341821
933 0.71618414 2.916294 0.469904
584 -0.5348385 0.82183933 -1.0194682
766 0.11488428 6.1727824 0.6059279
1453 0.05610054 0.0066559124 -3.4672844
2142 -1.0931355 0.9194227 -6.0556183
2357 2.9987462 -0.5307073 -6.6776705
1494 0.46114838 0.20504181 -1.2597227
9 -1.0875962 4.1326513 -0.23691261
2226 -1.6451124 3.5524232 -0.85261595
1509 0.011860154 0.06850385 -2.9425883
223 0.1902929 0.4190972 -0.4618771
1549 0.1474238 -0.0027236375 -3.4141386
568 -2.66523 2.7721205 -3.047484
1325 1.0167949 -0.3014058 -4.0374036
84 0.28987408 2.5175402 0.11696714
621 1.1658823 -0.27033442 -3.290975
149 -1.192119 2.5394769 -0.66967285
805 0.5197793 0.30404297 -0.6411836
462 -0.9432369 0.9766776 -1.3790398
693 -0.0955327 0.6672221 -0.52690154
736 0.46473593 0.38423175 -0.5495594
1295 0.7742277 -0.24181189 -6.3206396
295 1.909351 1.1588567 -0.3651947
1965 -1.5995989 2.2938094 -1.436263
1538 -0.72861016 3.4376693 -0.123739675
217 0.21886809 0.38118762 -0.767595
1217 -0.84042305 0.46282062 -3.3820298
2386 4.952165 1.0460576 -2.2187486
1632 1.8858742 1.4615202 -0.034341425
2210 -0.6151945 0.98538053 -0.7003751
1665 1.8353436 -0.06659593 -2.0452874
1491 0.4325102 0.022839077 -1.7961098
786 1.4419703 0.26023266 -1.0742404
518 1.9028608 0.14929798 -1.6670599
1396 2.0526989 -0.26355967 -3.151869
92 0.12657297 0.77605426 -0.35899383
203 0.55834955 -0.15042305 -5.4179444
1531 2.6979573 -0.35048357 -4.113867
234 1.8407586 2.76596 0.5113344
769 0.92896646 0.8926536 -0.15193975
2241 0.8445034 -0.27568159 -4.192659
930 0.6605213 0.49798524 -0.42774373
2586 -1.2256758 3.8457901 -0.40720105
536 4.7407627 0.5911854 -2.7657452
910 5.0887203 1.6993338 -1.4024112
626 2.2880313 -0.0128343515 -2.139075
559 -2.9421983 2.7902007 -8.879323
2179 -2.2849777 3.5652294 -1.6376296
1121 -1.4238487 4.7716064 -0.41352403
1227 -0.24143521 0.72034556 -0.79161483
345 2.217272 6.4921064 1.0785615
1114 -0.24030697 2.0986958 -0.04161344
307 3.142263 2.7453525 0.18548805
859 -0.022575703 0.047131706 -4.532006
2281 -0.06380685 2.076894 0.14009516
832 4.4971495 3.0840607 -0.064279504
2412 2.2203975 0.0041363253 -2.006145
765 0.6156719 0.7573398 -0.28404763
1438 -1.5048887 1.1084832 -3.1706421
726 -0.44621286 1.8163031 -0.15091662
140 3.8981714 8.37007 -6.7683716
330 0.6530303 1.497078 0.10933371
890 0.1862633 -0.020634638 -3.010248
2304 3.8154113 2.513739 -0.080768414
2494 -0.8490048 1.1721632 -0.8142472
680 -0.22291897 0.27306288 -0.7970448
2199 -1.2464881 2.628028 -0.6739776
1271 3.0340605 -0.051470075 -2.971834
773 -0.7855541 3.5337367 -0.1138444
789 -0.0930347 0.5002408 -0.7027505
1083 -0.8491405 4.3626547 -0.021893263
2168 -1.3752947 2.914045 -0.7950224
2615 -2.4597673 3.924301 -1.6137508
1098 -0.9524572 3.6093035 -0.21348624
2645 -1.3769054 1.3122693 -1.7380121
321 1.1335564 2.9320335 0.49917045
2529 1.9386665 2.56329 0.41979206
1517 0.2586633 5.599084 0.56230146
1618 2.2722847 4.6240263 0.8404248
1871 3.145571 2.1236084 -0.0970789
952 3.4419286 1.7488968 -0.4018554
273 0.7692818 0.16033696 -0.6994944
2164 -1.8021957 3.7684836 -0.9168851
614 -3.184603 3.196233 -4.032291
107 0.5437809 3.899035 0.5245383
2526 1.2906739 2.30613 0.36031425
2130 2.762862 0.7258458 -1.1286119
868 2.3437095 -0.4888962 -5.474127
1731 1.2980891 0.076889455 -1.1372432
1101 -0.71585524 3.3337724 -0.08439916
2591 -2.164101 5.47776 -0.8835409
2364 1.2527554 0.26923487 -1.0866323
252 2.212064 -0.0360486 -2.3223722
139 0.93489045 5.0648394 0.7083043
1814 4.981517 2.88315 -0.40769207
809 0.048595943 1.9148494 -0.048065826
1898 2.0759747 1.3393062 -0.092510335
704 -0.46592438 0.9967573 -0.88665366
1130 -0.21254423 1.7130517 -0.05494902
887 0.8231054 1.8341928 0.3128319
743 -0.006269337 1.4731556 0.17748575
1512 1.5233618 5.933409 0.9588971
1371 2.4271562 -0.22640887 -3.5968232
369 0.9759545 0.62867725 -0.5608922
2380 3.1709285 0.7421945 -1.3047397
2062 3.0904353 -0.29170528 -4.343388
812 1.4008768 0.8762981 -0.35675427
2351 1.8768686 -0.26421532 -3.1528811
286 3.0530908 0.08979732 -2.4511642
957 0.14525278 0.22047253 -0.48953992
1912 -0.17742397 0.12802346 -3.113203
504 5.236988 0.7321972 -2.9442222
1997 -2.3602953 2.390191 -2.768903
456 -1.1898229 1.9691744 -1.129388
1421 1.1167151 -0.16998465 -2.0840461
1563 1.3559167 -0.224177 -3.0586061
402 3.737201 1.132363 -1.2201471
1798 3.8364797 2.7098842 0.008278991
982 2.4151704 2.5008574 0.28526494
55 -0.37915128 1.1344349 -0.33303043
1489 0.51917064 0.33613893 -0.41781276
2173 -0.23624657 1.5681092 -0.094769865
827 4.845432 1.2438939 -1.7429911
2460 0.51610386 0.05997744 -1.5372971
1414 -0.38269868 0.13987838 -2.2630715
1595 1.2999824 -0.24606405 -2.9864857
2616 -2.400924 3.8807335 -1.5593911
1823 4.0987754 2.2186258 -0.43250397
259 1.3271663 0.43703845 -0.6365472
1238 0.71078724 0.2592359 -0.9093079
1262 1.234984 0.04517595 -1.778273
1894 2.6567423 1.3680365 -0.36528718
2176 -1.1960863 1.7202592 -1.1157658
1237 1.6405792 0.0065931836 -1.6522261
1864 5.189871 3.3576014 -0.19033691
1752 0.46300584 1.1664985 -0.10451217
1832 2.3031635 0.1290629 -1.7609729
2315 1.8612818 2.7602396 0.4805837
1715 0.029899124 0.11118468 -2.4166152
496 3.907583 0.65165746 -1.9646281
370 1.0577748 0.63498956 -0.57645106
1951 0.2306707 3.039997 0.34561992
2011 -0.10552769 0.34329122 -0.9604484
2613 -2.040285 3.5188496 -1.2828041
974 3.8531234 4.4683394 0.66696614
1234 0.058147755 0.7314765 -0.06643313
956 1.7263474 1.4734062 0.02039248
2157 0.19160284 0.8655605 -0.18753289
1977 4.464051 7.020304 1.161828
862 0.3252994 -0.117316894 -3.0567324
1070 -0.73858017 2.37913 -0.22039726
971 2.7601283 3.0469503 0.43536013
1967 -1.5357932 2.358225 -1.1974226
1763 2.2902575 2.0313866 0.16900207
2461 0.6950048 0.097446315 -1.4542444
2025 -0.9594831 0.6893491 -3.1346211
78 -3.5799274 4.6781216 -3.11075
509 4.364081 0.69647366 -2.2537131
16 -3.3655975 4.5425076 -2.7477005
287 3.1565604 0.037348203 -2.6961973
1756 0.5259777 0.6577276 -0.27668566
1987 -1.8958979 2.540516 -1.7246225
1149 -0.44008732 1.1864955 -0.27224767
1495 0.4386471 0.1536979 -1.3132948
837 3.450838 2.2738776 -0.05805005
599 -2.1085117 2.0761778 -2.755758
920 3.9125884 3.2386343 0.23018137
1706 0.37624484 0.08026224 -1.9166117
1897 2.4318535 1.3815261 -0.23911862
56 -1.1596417 2.2197773 -0.7522454
745 -0.55790627 0.99549514 -0.76113296
2175 0.4891883 0.53375596 -0.36589995
482 3.007059 1.6336652 -0.3098583
1780 -2.8077416 2.11778 -7.580391
1979 -0.7489128 1.3009571 -0.8345987
2524 1.3861998 2.5901794 0.4658676
1988 -1.6107591 1.527762 -2.175691
712 -1.4931754 2.8085625 -0.9617386
678 0.8327582 0.6492987 -0.4325938
1068 -1.0465237 2.0155349 -0.5606476
2623 0.072990134 3.6565742 0.3336767
1133 -0.17262886 1.5154554 -0.03421055
355 0.84924734 0.6526306 -0.4349032
1198 1.1513456 -0.25476858 -7.9210367
980 3.5240774 4.2998295 0.7053669
853 -0.28497934 0.5048286 -0.9546074
2477 -2.8733068 2.5581124 -9.723092
2269 1.7964888 2.2584062 0.37010527
1305 -3.8370576 3.4561331 -5.848847
1740 0.89318055 0.5405073 -0.3860273
2453 0.410322 0.3302125 -0.77947754
2431 -0.6797635 0.45458904 -2.5188506
1158 -2.5857697 2.4095056 -9.566091
803 -0.24211793 1.8966435 -0.088631466
148 -1.5025998 1.3303516 -2.432324
511 4.848273 0.520939 -2.9962418
711 -1.3840616 2.674473 -0.8799694
2100 3.5965006 1.2811548 -0.97375363
641 0.55424905 -0.18566017 -3.9099607
2320 2.514726 1.721606 -0.023755925
2131 3.9429355 1.8590354 -0.614813
294 6.66712 6.895323 0.7951867
14 -1.6760854 3.0144749 -1.0119803
2204 -0.89304835 3.444253 -0.15207705
2273 0.6505333 0.32905874 -0.34219143
2535 0.9011511 1.7411867 0.29532832
45 -1.0746187 2.5890882 -0.54983324
2592 -2.1616797 5.0551233 -0.97689646
600 -0.3778767 9.7239065 0.50458646
1638 0.6853638 1.237083 0.04950644
2556 1.2529211 -0.25495642 -8.319602
2049 6.0344615 1.8738194 -1.9634949
389 -1.0427488 0.6970314 -7.725285
644 0.6957959 -0.23878138 -3.6894705
591 5.5153265 -0.26529637 -7.0529943
2240 2.8993187 -0.45995745 -5.746243
702 -1.3145175 1.653211 -1.4988375
416 7.549779 2.0065124 -2.9479973
780 -2.0475843 5.511944 -0.87223256
1211 0.50821656 -0.11452552 -6.285663
1184 -2.0216463 1.390797 -7.8171268
1667 6.186074 0.13820833 -5.523321
393 -1.2777125 0.80026925 -6.546366
1367 4.4147134 -0.2949881 -5.952135
1689 2.696896 -0.500863 -6.0652246
604 -3.2896633 3.9756331 -3.2750452
2569 1.4724752 4.5300455 0.7378939
165 0.94836247 3.0068965 0.4257377
1994 -2.0592349 1.6606848 -3.7933486
1461 -2.3485348 1.7245392 -5.8660398
1463 -0.7537015 0.95718503 -1.850091
722 -0.6922717 3.331391 -0.21464512
596 2.2093005 6.200504 0.9868185
350 3.1691322 5.664942 0.8748661
425 3.8999813 -0.65519494 -8.825618
625 0.8595893 -0.18429099 -2.0184028
185 1.3802099 7.179357 1.0717487
640 2.66838 3.4908264 0.541438
1383 2.803829 -0.20295157 -3.5162108
566 1.0832435 4.3950186 0.6652138
2248 2.9178789 -0.45139468 -5.786327
636 -4.2798758 4.586477 -4.9689727
577 -2.675743 3.2381911 -2.501862
1033 -3.0831292 2.9394608 -4.009858
396 -2.938697 2.5535486 -4.6257644
1363 3.6840222 -0.26438063 -5.070126
1048 -3.5591552 4.144185 -3.5265362
1522 -0.09759066 6.2519884 0.48981306
214 -0.6322814 0.39571375 -4.3011327
689 1.4591647 8.439813 1.1647269
2082 8.23639 1.6991105 -3.9399858
2388 0.92711717 0.40438813 -0.72029305
429 3.896721 -0.61265284 -8.498716
461 -3.6681452 5.6100316 -2.6076865
1094 -1.4679544 4.535946 -0.45256728
1272 3.4014883 -0.072736815 -3.6242042
2203 -1.9779572 5.864724 -0.6332563
750 -1.364096 1.1819792 -2.1031399
1078 -2.3897426 6.6188684 -0.88962567
1658 5.1952662 4.7469606 0.3682256
2552 -0.13507569 0.67571163 -0.71620286
624 0.57229066 0.7489271 -0.24392724
1878 4.8886847 0.7787189 -2.7529576
2150 -0.4555176 0.3279573 -4.170965
2070 1.8915831 0.38426864 -1.0026628
1496 6.451014 3.1585932 -1.0424966
709 2.6975498 -0.45170403 -5.4040136
1170 -2.9915698 2.5930252 -4.758979
1330 0.30554396 -0.0061916527 -2.3133316
298 0.8098 8.338542 0.83261615
1174 -0.7097662 0.43144673 -4.790624
2429 -0.006715946 0.033636734 -2.567203
2225 2.1492147 -0.006127915 -2.607159
2044 6.529302 1.8216398 -2.3860326
543 0.205674 0.055954345 -2.6300046
419 7.1986513 1.9139144 -2.6913474
657 0.5106105 0.7232876 -0.23997548
1307 0.98897856 -0.3130785 -4.6973476
394 -2.9992373 2.6238708 -4.7555914
628 -0.7089927 6.2449822 0.23586369
2370 5.4415884 2.3398514 -1.073305
1575 0.4983063 -0.13421734 -4.6491175
1532 1.3967466 8.60679 1.1816683
1745 -0.7836826 3.478153 -0.22055718
1768 1.8229858 8.0425205 1.155668
2187 -1.0675842 2.2295635 -0.79682165
1063 -1.6422787 3.7055268 -0.8270987
2493 -3.980343 5.322264 -3.5589368
277 1.440638 0.8254556 -0.32567072
1300 2.4315379 -0.5260188 -7.1733136
2236 -3.2838812 3.386221 -3.56298
1065 -2.2829812 4.103316 -1.3178625
1029 -2.1488347 1.6789901 -4.2321267
1023 3.6044803 -0.32317522 -4.8455086
1116 -2.9233615 4.1021533 -2.3149629
1014 -3.136772 2.613841 -5.5575624
654 -1.8529091 4.6454263 -0.8022503
88 -1.6985544 4.235927 -0.7298315
433 -3.918652 4.38614 -4.304081
1253 -0.21085075 0.30073106 -1.5317289
692 1.9549965 6.4851804 1.0257454
1004 -3.2667978 2.7825484 -5.5531764
1604 4.1655154 6.3174343 1.05921
2434 0.13070977 0.06222775 -2.0025215
900 1.420858 3.049103 0.61089873
573 0.20460461 -0.07310835 -4.640533
874 0.43616456 -0.14405939 -4.450698
2005 -0.19013149 3.654932 0.22087112
2247 3.0981743 -0.4335185 -5.794826
2403 3.8833926 4.525286 0.656138
2497 0.8907734 -0.20281959 -7.539161
152 1.5905083 2.072581 0.2096775
1061 -2.284694 5.5523624 -0.97614175
1340 3.5019448 3.6990306 0.24713974
1586 1.8837227 3.052931 0.51832294
1456 0.13843036 -0.049845412 -4.2209125
1834 5.3449893 1.4207112 -1.967962
757 5.63752 4.2216477 0.084848344
1900 2.1946375 1.249285 -0.2723546
1480 4.0158963 1.9543067 -0.7105917
2402 6.0772085 0.4484734 -4.591747
1376 2.7576258 -0.20381184 -3.3488646
2627 -0.80349106 6.7917786 0.17876033
2400 4.790706 1.8335943 -1.12217
398 2.3442876 0.7645142 -0.92122096
1902 3.873895 3.8516538 0.48359776
347 -0.5760681 0.8260501 -0.85383534
660 -2.8766277 3.4837484 -2.6851926
1054 -2.4331338 5.6197596 -1.1316407
2337 3.1343758 -0.5377804 -6.7581506
478 3.6066766 -0.25534096 -4.6257896
413 1.1854118 -0.15506768 -3.5261118
1722 0.46934974 0.44292146 -0.532032
539 5.3789964 0.5926006 -3.416044
449 3.5238526 1.1732274 -1.0791975
179 -0.37916565 6.8779564 0.39995146
1301 0.7427563 -0.22467154 -6.440247
1319 1.4733738 -0.415019 -5.5384345
1499 1.4949702 4.9155703 0.8298797
2471 1.4194108 4.1642013 0.6756071
627 0.046738643 2.9844694 0.25466856
681 0.09604143 0.049684837 -2.8612573
1883 5.3014984 1.1028839 -2.421735
1924 -2.475305 3.4472716 -2.1346436
375 3.9029956 4.3947077 0.66093504
1569 1.1526387 -0.06037602 -2.513577
1140 0.972982 -0.21071213 -8.20505
562 -2.0988276 1.5607349 -5.030359
1437 -1.8991442 1.662264 -2.9582891
1251 0.36354104 0.15040147 -1.6536077
1213 -0.025432086 0.10392241 -3.93992
2604 -2.5253773 3.7822077 -1.7867708
2258 2.4734468 -0.10259892 -2.6876917
1714 -1.9751899 1.5348668 -3.840052
2390 6.2329698 1.2864764 -2.8561375
408 0.84708035 0.47705224 -0.45884386
1248 0.4154967 0.10120347 -2.2248893
1028 -2.1405764 1.727528 -3.817708
550 -1.6112735 1.4408938 -2.3388033
995 4.327379 5.339066 0.8505658
2140 -1.1272963 0.92576706 -6.1738324
37 -1.4877036 4.8507605 -0.42594633
1709 -0.74220175 0.898006 -1.4149071
1699 0.7975923 0.5732242 -0.52090186
469 0.5682805 1.3317425 0.036755692
1966 -0.056233224 0.7029541 -0.6465557
2579 -1.1719732 1.4414431 -1.4348739
721 1.0771388 -0.32222477 -5.180989
2473 -0.36151963 0.219916 -2.8652322
666 -2.0805125 1.6413267 -4.11176
2401 4.646088 1.2811651 -1.6096162
119 0.03246287 6.4238 0.639571
1145 1.1208189 5.102554 0.7476621
1519 -0.3061307 4.355342 0.20658918
2245 5.023711 1.0508544 -2.2722328
2481 4.8747997 2.3083985 -0.8113356
912 3.8804524 -0.45777497 -6.409769
892 1.4053122 0.1930671 -0.9505762
842 3.3984876 2.6809762 0.08035539
2222 -1.6347711 3.2993412 -0.9478685
1420 -1.5085375 0.9525961 -4.1876497
617 -2.879538 2.9253616 -3.642924
646 1.0687668 -0.27602586 -3.625993
151 -1.6049153 3.8884065 -0.66027635
1582 1.6113894 -0.37378502 -4.7992477
2478 -3.1869855 3.9256117 -2.9096105
1743 -0.19020043 0.85676205 -0.50158656
2563 -0.1367768 0.6991602 -0.7422698
1930 -2.2063563 3.5617778 -1.823559
2558 3.3605642 0.0013366446 -3.2106586
668 -2.6977024 2.7640114 -3.2793977
1156 -0.4399986 0.2901849 -3.9047859
299 1.918115 -0.09520773 -2.7287633
699 3.2341998 0.06703228 -2.7935956
1876 5.531594 0.35348704 -4.2784724
166 0.48875508 6.2254386 0.7327514
54 -2.4870026 4.2168703 -1.6021305
2530 2.538904 3.8118167 0.6879846
620 1.767117 -0.38819134 -4.689345
1779 -1.5554781 5.1327944 -0.46481207
1708 -0.1908799 0.79010916 -0.87004316
143 0.8753028 3.227569 0.47060692
2640 -2.7365816 4.017419 -1.9268011
2336 2.572355 -0.44526163 -5.3885365
325 0.9926292 3.42112 0.52760947
436 1.4092636 1.2214522 -0.07540517
385 -3.2741036 2.810027 -5.520525
336 3.0428057 7.484117 1.3028506
2374 3.941709 2.2221577 -0.41171885
1025 -3.0809536 2.8633382 -4.4125485
111 0.19245172 2.6138031 0.11221379
835 4.0785623 2.8944757 0.0099292565
465 1.671697 8.12028 1.0997069
1444 -1.837075 1.3403854 -4.332484
314 0.4805921 1.7714075 0.19553901
2405 3.2189488 -0.15757234 -3.8997178
1171 0.5760649 0.71817076 -0.34381709
2435 -1.9377002 1.5855869 -3.420166
1151 0.5388132 3.5373795 0.46877694
2373 5.325112 4.7781754 0.44536695
1558 1.2618457 -0.107501835 -2.2546563
101 -0.54886484 1.7918621 -0.38305435
303 1.3108212 1.2266786 -0.10090142
734 0.3080365 0.3746668 -0.5296516
1257 -0.1657398 0.17001723 -4.6811204
2626 -1.674543 4.0243926 -0.76042956
943 1.4489317 -0.015672134 -1.7523739
315 1.0916575 3.0517573 0.5128383
1807 0.48095456 -0.03421435 -2.7545831
2107 4.827696 1.273071 -1.759536
471 -2.8008523 3.7253025 -2.3322735
103 0.40087658 0.73131984 -0.16441064
446 -1.429068 0.8357683 -4.87634
344 1.6247288 4.956733 0.8378619
1190 -2.035711 1.5112416 -4.686381
1263 3.0303113 -0.14687458 -3.790487
161 -0.005395013 6.9837914 0.60081315
431 1.1447163 0.15793245 -1.0947355
2139 -1.4252656 2.0423472 -1.3713634
1786 -2.7399402 2.6021304 -3.3246062
899 3.4127939 5.203463 0.908886
2534 0.4817336 1.4716264 -0.18569043
291 0.15959287 0.54771996 -0.67606354
2548 0.06613916 1.1593863 -0.1281286
1634 0.5092111 0.5927968 -0.39545447
450 3.9013746 0.64274687 -2.0047195
578 -1.7821722 1.2766995 -4.658958
2274 0.3634054 -0.059328824 -5.2002378
376 4.6218057 2.3380413 -0.62234724
1009 -2.8975847 2.997041 -3.4000318
1449 -1.8801672 1.3818055 -4.0315876
348 3.0721273 2.5497339 0.09410894
2646 -2.3826382 2.4705071 -2.8623965
2637 6.194232 1.3179126 -2.7084932
83 -3.0419965 4.0899935 -2.5401978
246 3.2813675 -0.35678542 -4.7052546
1077 -1.1483649 4.7023296 -0.15354729
2339 3.237439 -0.30716777 -4.314891
441 -1.7059708 1.297368 -3.161886
2413 2.2772222 0.07001859 -1.8311502
1776 -0.7849298 5.8409166 0.12645726
2279 4.015473 2.3608155 -0.30105123
1162 -0.8052907 0.54576576 -3.3775773
2436 -1.8277087 1.4921567 -3.2404869
100 -0.44469568 1.7383552 -0.33322045
1219 -0.89524496 0.5445214 -3.1377373
154 1.2524824 2.6964395 0.4110198
146 0.8296205 6.296883 0.76660144
1566 1.6930996 2.7406993 0.479855
891 0.20160326 -0.0020400186 -2.9758646
2262 2.6486993 0.24814129 -1.7882388
898 5.256721 1.4901763 -1.8379756
767 -0.22068135 6.989178 0.5486645
1488 0.2808511 0.066009685 -2.502167
99 -0.45448518 1.7400707 -0.33544314
2451 -0.56752515 0.37662202 -6.6511993
508 2.0227883 0.14534535 -1.7667836
1046 -3.4785256 3.5818977 -4.119453
1953 -0.000864192 0.6611094 -0.6077769
231 -1.0250773 0.95780194 -1.600555
1986 -1.3015573 1.929712 -1.3084285
253 2.0327928 -0.036663897 -2.015099
703 -1.306963 1.6941653 -1.5037533
1377 -0.089644164 0.18924779 -2.2216623
2489 -1.0552702 1.417936 -0.97623175
2533 2.2877564 4.6859255 0.8800484
174 5.3934 3.4117124 -0.253316
959 4.0528927 3.9157424 0.45398307
332 2.3133502 1.36297 -0.20014861
1810 4.0281873 2.4590564 -0.24476297
296 2.3884063 1.2240574 -0.51206744
2632 -1.505183 1.5649072 -1.6863184
1507 2.3548105 5.709448 0.98618513
1750 0.39722958 1.2349385 -0.052825324
1324 1.5281036 -0.32922995 -3.6059601
2360 3.327848 0.010448419 -3.038706
639 1.9874684 0.18613943 -1.5844873
2469 1.4357448 3.9054058 0.6239118
989 2.7427711 3.929804 0.68543506
804 1.2695774 0.6285245 -0.51320875
2170 -2.0034742 3.0715988 -1.3859107
1943 -3.0974517 4.4165945 -2.4422638
2232 0.18622702 -0.0025673467 -2.68918
1852 3.6838028 1.7320782 -0.581852
662 2.5081103 1.9228334 -0.017756764
2206 -1.3511115 3.0862174 -0.67715895
1368 2.3466933 -0.23749614 -3.670436
1749 3.0878677 -0.3326997 -4.4240785
503 7.0701632 0.6847993 -4.731605
97 1.1485102 5.5135446 0.7959632
585 4.272918 2.391824 -0.36637855
397 5.1435423 3.9146352 0.112807155
715 -0.5980553 1.1906221 -0.99750143
1205 -1.8048953 1.460166 -3.1618216
2410 3.358653 0.13706346 -2.5018802
998 4.0750003 5.336299 0.866936
777 -1.238342 5.3527927 -0.191218
2487 0.58900017 0.38999817 -0.5606941
1771 -0.07387247 0.9226731 -0.3106461
1208 0.9021283 0.12536444 -1.0625905
281 1.442944 0.42580226 -0.73280597
1609 1.3341705 5.8344383 0.91830516
1038 -3.2620802 3.1733422 -4.2675843
235 2.1785293 -0.19543919 -2.792784
746 -0.9897926 1.5339224 -1.013653
1601 -0.25743467 5.093789 0.3269486
670 -0.50312155 0.6344393 -1.3432865
1278 4.0438576 4.798019 0.732545
725 -0.83622444 3.3914142 -0.16400228
458 -0.936686 1.9791793 -0.88178855
1710 -0.9602287 1.9572676 -0.5865259
737 3.4233232 2.587883 0.022979638
2153 0.5978722 0.22437575 -0.65491503
1870 4.8511586 2.5946357 -0.48441815
342 0.8832605 2.1309783 0.30828002
1385 3.441034 -0.06351461 -3.5718064
2249 2.1392298 -0.21363209 -3.1982949
2052 4.9914374 1.1005483 -2.1651833
1754 -0.22327839 0.6928901 -0.6138783
1060 -1.1207211 4.3795943 -0.21938731
605 4.000191 6.561336 1.1006179
302 1.7443379 -0.114517294 -2.5632722
374 1.4753256 0.41820303 -0.9437082
87 -3.8075318 5.005647 -3.325992
1652 2.628201 3.121011 0.4236577
602 -1.4415766 2.0409076 -1.3048602
1963 -2.3325229 3.7666955 -1.9292493
2095 3.8708572 2.5719392 -0.122319385
1264 1.4658834 0.1373825 -1.6939968
1913 -1.9994788 3.1821089 -1.4326696
2647 -1.4215713 1.4570891 -1.6460887
664 -2.1309006 2.8129346 -1.9058535
2584 -1.6334155 5.143867 -0.5179368
2255 1.0264702 0.3326804 -0.758363
2077 4.720809 1.3865507 -1.6112912
1701 4.166155 2.4493213 -0.2903019
2108 3.7234664 1.5705355 -0.74103266
470 0.16059646 4.5431876 0.48799953
2608 -2.6555674 4.8808203 -1.5699891
1775 -0.27687898 0.7285704 -0.6575558
520 1.6664994 0.037742972 -1.5209816
1640 1.0849749 0.8788801 -0.18145965
994 -1.9365805 2.8945515 -1.506205
1403 1.5955877 -0.22046316 -2.777802
65 2.6935284 0.46479672 -1.4153466
1433 -1.323681 0.92043465 -3.655901
1289 0.8331749 -0.2633709 -4.6949234
527 2.8717163 0.72603464 -1.1150634
2001 -0.4059666 1.0827768 -0.5055755
378 2.4456632 1.8163507 0.014992628
144 0.73771054 5.730905 0.6788681
322 0.8127697 3.8451567 0.5615823
965 2.8566742 3.1639972 0.43974176
193 -0.077102855 5.9021215 0.50386846
813 1.8706151 0.9396903 -0.35671917
2622 -0.026318291 4.38914 0.37117788
839 3.8072388 3.3162801 0.30718082
2555 0.29881108 0.25435314 -1.0174803
1952 0.37362403 3.928108 0.49976817
947 -0.13806377 0.68579483 -0.55849504
516 1.1495701 0.47176155 -0.49342117
2271 1.1358782 2.3749278 0.39160255
2463 0.8297206 0.11851289 -1.4436365
953 5.3880057 1.4556886 -1.864156
2606 -2.6048005 4.8549304 -1.4912817
972 2.545551 3.3627355 0.55715066
838 3.7821782 3.6558876 0.41724294
147 -1.9057611 1.6528687 -3.0505223
831 3.9746397 1.6917664 -0.75548756
57 -1.4431108 3.5293772 -0.76692855
110 -0.20516351 1.6677765 -0.13463762
