2556 3
1542 -0.71151227 -0.30552268 0.12078363
879 -0.7247866 -0.28416514 0.10036468
1734 -0.80584353 -1.3192704 -0.9603884
1669 -1.2076718 -0.57814384 -0.52083045
1962 0.41960147 -1.6004854 0.41102073
1764 -0.42251262 -2.0637383 -1.1251237
1731 -0.99823415 -1.3135775 -1.0558443
1085 -0.5319999 -0.33122548 0.4648015
669 0.022627547 -1.0288595 0.026872726
1775 -0.7939636 -2.3197336 -1.4798582
2272 -1.1725222 -0.24382138 -0.104882576
1677 -1.0513421 -1.3025237 -1.061949
1742 -0.46989027 -1.3791004 -0.7690617
2424 -0.74267566 -0.22582398 1.2613838
352 -0.32805002 -0.8417173 -0.18932724
1737 -1.5435159 -2.0880609 -1.7774292
1349 -0.5119909 -0.37513146 1.3894458
1761 -0.7331188 -1.6069701 -1.1009313
1029 -0.9623044 -0.435142 -0.11279989
1770 -0.5046821 -1.3889401 -0.8464943
1773 -0.38807207 -0.85205823 -0.32351926
1692 -1.2079505 -1.1904148 -1.0711331
2365 0.28812808 -1.0370032 0.47844544
1122 -0.03495252 -0.75782645 0.7563019
580 -1.1510853 -0.24568163 0.15238349
2095 -2.3921957 0.09832925 0.997029
1471 -0.11932097 -0.6874986 0.2842266
2073 -1.9670098 0.030712636 0.7337548
1736 -1.4869233 -2.2074533 -1.8326036
1051 -0.6245646 -0.31987637 0.2943683
2129 -0.43506286 -0.42212695 0.36590105
1765 -0.5585994 -1.8032253 -1.1404753
412 -1.1306696 -0.3530042 2.463664
2027 0.519926 -1.6733623 0.7498278
1535 0.16722824 -0.957256 0.5860831
1716 -1.581919 -1.6584249 -1.5294414
1090 -0.43094656 -0.46193275 0.42217928
1027 -0.50350416 -0.3827165 0.31262335
1733 -0.82694274 -1.4218009 -1.0302472
983 -0.8108751 -1.3054912 -0.920956
2452 -1.1248623 -0.1935789 2.032213
847 0.016955772 -0.96103895 0.16160777
1740 -0.6413183 -1.4909602 -0.988912
1721 -1.340089 -1.7634536 -1.4827904
501 0.8835908 -2.532161 0.7663787
1242 -0.74558926 -0.63912624 2.7759
1706 -1.7673491 -1.6499035 -1.5649949
2200 0.133657 -2.6903558 -0.85448056
826 0.2941869 -1.1492771 0.7970946
316 -0.42706114 -1.372511 -0.775184
1259 -0.3255492 -0.98858696 2.8090746
1361 -1.1784484 -0.10914947 1.581338
1262 -0.19331571 -0.8949393 2.3182821
1271 -0.21100864 -0.78721744 2.1839678
2190 0.030281559 -2.3778737 -0.8489055
229 -0.8891423 -0.42823052 -0.109013505
1229 -1.3553416 -0.33146772 2.7979028
1030 -0.68567073 -0.37401158 0.3453992
2003 0.7609191 -2.387193 0.6067678
236 -0.8847078 -0.30200967 0.1006227
293 -0.31642997 -1.0603083 -0.40997952
623 -0.7251892 -0.35642874 0.23169374
2478 -0.8785915 -0.21736935 0.42732358
973 -0.65159976 -1.2474042 -0.8232706
420 -1.1904519 -0.3148697 2.4857008
1991 0.46380845 -1.65913 0.58676845
74 -0.10723532 -0.822693 -0.04256817
1752 -0.946327 -1.9906199 -1.4642425
29 -2.2282307 -1.1494062 -1.3105394
2096 -2.1726284 0.03657012 0.8614323
1665 -1.6375544 -0.6980678 -0.8057657
1641 -0.63899344 -0.37374553 0.21602668
1935 -0.8945819 -0.12165321 1.0860145
1305 -1.0385644 -0.05421487 1.2124312
230 -1.0420547 -0.10337654 0.57601607
681 -0.68387073 -0.9174112 -0.6046484
1306 -1.7340498 0.02862373 1.7483636
269 -0.4021627 -0.6215811 -0.058170673
811 -0.17157096 -0.6089119 0.37865204
2263 -1.3702861 -0.33458197 -0.16629711
773 -0.32095042 -0.5615841 0.26916507
266 -0.54258215 -0.6625773 -0.21150485
1618 -0.40082708 -0.54137504 0.1543606
1200 -0.85564375 -0.28017163 1.9886823
512 0.86006665 -2.4534962 0.91452426
1771 -0.4505844 -0.86920506 -0.4682539
138 0.4031442 -1.6734046 0.13158765
1690 -1.0355973 -0.9933385 -0.8423717
1697 -1.249785 -1.4696013 -1.299488
2011 0.9752324 -2.642282 1.1681229
1664 -1.2870662 -0.82460153 -0.8348251
2553 -0.130229 -0.5546346 0.8994984
1089 -0.41782016 -0.45063123 0.3401035
730 -0.38840768 -0.42285034 0.8689238
2261 -0.78541785 -0.50978285 -0.17218828
779 -0.01087818 -0.82460165 0.43215033
1673 -1.5197101 -1.0055288 -1.0634401
477 0.8709473 -2.4467013 0.91744965
2299 -2.2256293 -0.3665382 -0.33392116
1768 -0.6514337 -1.7982609 -1.1799295
1776 -0.87793565 -1.4099584 -1.058074
1735 -1.0944945 -1.8288194 -1.4154754
838 0.20467371 -1.0121439 0.6583046
1693 -1.457523 -1.1980985 -1.1718296
1707 -1.588082 -1.1964433 -1.2101887
2619 0.4277796 -1.3727481 1.6578139
1328 -1.1117436 -0.037650153 0.90773255
415 -0.9508473 -0.24027967 1.8870791
425 -1.0159398 -0.20935471 1.8963274
1619 -0.6717519 -0.5229764 -0.04419255
1072 -0.20484209 -0.69261205 0.30833748
749 -1.3314216 -0.06140061 0.88384444
1832 -2.1946084 -0.10812515 0.1812724
1261 -0.27673733 -0.58252776 1.7293433
1353 -1.0416917 -0.1600543 1.7397463
962 -1.0734677 -0.778853 -0.665973
120 0.14224654 -1.387786 -0.12951972
226 -1.2232661 -0.2607406 0.026512615
438 0.58205426 -1.5060704 1.1228203
2169 0.12653252 -1.645702 -0.34653038
1674 -1.9217967 -1.5233496 -1.5366486
1136 0.07764069 -0.8803788 1.2290673
257 -0.5040815 -0.34109965 0.38915756
302 -0.17352825 -1.2656387 -0.42212856
292 -0.46216285 -1.057777 -0.52821875
1341 -0.3990337 -0.48745164 1.5687962
817 -0.059987433 -0.8035401 0.3556976
329 -0.12970543 -1.1143696 -0.32662088
941 -0.78100634 -0.65643233 -0.4443946
1738 -0.86384887 -1.5239307 -1.1143143
2260 -0.67531043 -0.45853102 -0.11604269
1260 -0.06503395 -0.8615086 1.9407947
1094 -0.4191221 -0.74760216 -0.12678432
1359 -1.4957007 0.026233409 1.3908651
1727 -1.3196149 -2.033528 -1.646934
1744 -0.754428 -2.1322803 -1.422616
1022 -0.11600582 -0.5381578 0.2522167
1392 -0.15850598 -0.47420454 0.9454713
616 -0.57157594 -0.5178151 -0.02005485
1224 -1.1190023 -0.31941503 2.4701598
2396 0.2675184 -1.7609724 -0.14900164
476 0.47569725 -1.4008384 0.89401805
678 -0.89571404 -0.25865993 0.23722579
1688 -1.446028 -1.491759 -1.3611653
1700 -1.2952393 -1.1857109 -1.1134001
71 -0.52558833 -0.818023 -0.5306015
1724 -1.3030095 -1.6505759 -1.4381447
537 1.0792711 -3.1308239 0.9390516
2042 -1.9560179 -0.4209453 -0.49441433
1974 0.3733001 -1.3770064 0.52583927
2106 -0.67100567 -0.23455527 0.7925918
750 -1.1826743 -0.13242812 0.5091857
2415 0.7904054 -2.4982586 0.409097
2502 -0.64072824 -0.24732304 0.6856162
2103 -1.3476413 -0.09541291 0.38981444
1281 -0.010069744 -0.59838736 1.0298429
2480 -0.96931684 -0.12185417 1.1134176
2094 -2.3524435 0.017807465 0.67977923
153 0.37645456 -2.276005 -0.30077255
2209 0.02913476 -1.9287001 -0.6472056
803 -0.057666242 -0.7202979 0.5165208
152 0.7346968 -2.7312958 0.07845821
814 0.12319887 -0.96381193 0.7328149
1525 -0.23288925 -0.6609148 0.058913022
1590 -0.5182971 -0.5225583 0.05549045
1451 -0.5371283 -0.31217697 1.2071753
1052 -1.0017287 -0.37913448 0.049766473
167 0.59072685 -2.2806416 0.10392721
134 0.25066593 -1.3216875 0.1299113
1125 -0.08538591 -0.65595883 0.5673397
1718 -2.0556173 -1.6948116 -1.7291194
188 0.7753533 -2.7201872 0.2566997
318 -0.46494803 -1.2419872 -0.6590464
60 -0.9373084 -0.345879 -0.09564267
1468 -0.59888494 -0.27474946 0.4963711
671 -0.4246153 -0.61427903 -0.08430465
129 0.23657447 -1.8106128 -0.28086835
663 0.0013685022 -1.0224667 -0.017092329
1766 -0.6180748 -1.2254394 -0.8192642
1337 -1.2244066 -0.07639864 1.5955681
1821 -2.659365 -0.0320746 0.41909102
1856 -2.349348 -0.05774269 0.3736355
1749 -0.7213667 -1.5109302 -1.0528622
1484 -0.25244433 -0.4837901 0.8012335
1826 -2.1811223 -0.11917771 0.16752079
356 -0.41933593 -1.1548953 -0.55768657
1187 -1.1584915 -0.11590056 1.8411489
1356 -0.71918297 -0.274943 1.5975288
1939 -0.2716819 -0.42728803 0.4096513
1493 0.088454865 -0.82031024 1.0655754
2201 0.08135304 -2.9423335 -1.0026838
1686 -1.1205447 -0.92318094 -0.8598741
410 -1.3250631 -0.21207194 2.409449
1672 -1.7902293 -1.2895662 -1.3296137
1614 -0.5138671 -0.5467034 -0.056552015
1746 -0.9124621 -1.8198218 -1.2997364
1404 -0.2828265 -0.4223238 1.0272233
1993 0.6204531 -1.9438992 0.5895047
1239 -0.38724336 -0.41862142 1.1846268
974 -0.6713734 -1.1051908 -0.7597759
597 -0.62423944 -0.6517202 -0.26524428
1830 -1.694358 -0.03667646 0.43521762
694 -0.6022968 -0.8349486 -0.51711076
719 -1.1928322 -0.10517233 0.7037297
343 -0.36320597 -0.9891464 -0.34145156
1374 -0.2648159 -0.40622592 0.85751134
1024 -0.4779948 -0.3325938 0.7864024
2527 -0.35275105 -0.3934045 0.96202815
2214 -0.02172504 -2.2340307 -0.82044905
1695 -1.6832075 -1.4800501 -1.4368266
1836 -2.1393101 -0.17757799 0.034168746
1461 -0.25215784 -0.5433371 1.2687415
2218 -0.17957416 -2.421645 -1.0226924
2363 -0.1657386 -0.79855293 -0.021636004
227 -1.0783136 -0.3386843 -0.049122375
1583 -0.51318747 -0.6883513 -0.12206256
2455 -1.0323145 -0.14773376 0.5730452
1767 -0.5314667 -1.0716181 -0.6163309
1741 -0.72533065 -1.2782536 -0.89168715
1634 -0.5982214 -0.5776442 -0.0783852
1124 -0.0262849 -0.71414495 0.55994475
2091 -2.4226143 0.016608993 0.6501653
921 -0.7927432 -0.78438145 -0.5412206
940 -0.8268885 -0.47142553 -0.25181377
1103 -0.35039973 -0.62905115 0.19680531
1675 -1.7369813 -1.5695764 -1.5325251
470 0.32066083 -1.0983434 1.2443142
2206 0.0046169003 -2.6683967 -1.0172168
1715 -1.7619709 -1.700255 -1.5921053
275 -0.7022798 -0.43173936 -0.05167873
1340 -0.6819223 -0.36570993 1.7494158
2565 0.02510634 -0.73901486 0.8588366
818 -0.16499029 -0.6833643 0.36639854
1646 -0.48727858 -0.86938703 -0.38949424
1950 -0.60352665 -0.3392737 0.31882975
2005 0.7879441 -2.370668 0.7561208
1415 -1.5382371 0.0076869396 1.0598739
1751 -1.5076995 -2.0118423 -1.7012361
655 -0.50920624 -0.6205059 -0.012553685
431 -0.7670618 -0.29678768 1.687822
2001 0.38058218 -1.5900037 0.22455862
223 -1.4828821 -0.2462201 -0.06584601
2056 -2.0734525 -0.054100595 0.40730155
1687 -1.3116988 -1.3365587 -1.2006028
246 -0.6705806 -0.37294534 0.11061516
2364 0.12263648 -0.7936088 0.724375
429 -1.4116173 -0.23084928 2.5639963
1055 -0.7423089 -0.40178537 0.15582228
2367 0.39694878 -1.6813561 0.07332344
1698 -1.7802877 -1.706752 -1.6146399
759 -0.4058282 -0.43740016 0.41915268
2366 0.48726964 -1.5050206 0.36602396
1108 -0.049375176 -0.8338915 0.37661403
1245 -0.20560168 -0.6921941 1.8508477
1936 -1.1184369 -0.14032118 0.5358911
1653 -0.439663 -0.7699038 -0.17651975
2463 -0.7293715 -0.22097234 1.0014951
724 -1.4860181 -0.061000623 0.8354828
108 -0.25061104 -0.6990649 -0.0039644823
271 -0.57596654 -0.3255558 0.4200899
440 0.5234529 -1.4159231 1.2943481
2221 -0.09055409 -1.7420454 -0.6288163
932 -0.7330113 -0.6576929 -0.44442716
2023 0.6198525 -1.8864945 0.8007789
1098 -0.043065235 -0.7262265 0.7404558
1668 -1.6566176 -0.93194157 -1.0030487
1712 -1.628486 -1.3439847 -1.3282523
1536 -0.049493127 -0.83009505 0.20419809
80 0.026654907 -1.544391 -0.37041527
133 0.37594864 -1.9644397 -0.047020048
1342 -0.4303351 -0.43229577 1.431407
403 -0.98929954 -0.30715153 2.2633762
1582 -0.6360855 -0.70587367 -0.25951418
1102 -0.36000514 -0.6075412 0.10532552
1243 -0.27450305 -0.5851224 1.7497858
335 -0.109247066 -1.309983 -0.41984344
1037 -0.74663115 -0.34345955 0.32788157
1238 -0.31483096 -0.61077374 1.8740871
2317 -1.7487808 -0.16205867 -0.018496154
1232 -1.0815169 -0.43176234 2.7396777
1847 -1.630241 -0.21926327 -0.05623597
1459 -0.4957733 -0.3467013 0.71134645
2130 -0.10071288 -0.80127645 0.070090935
2581 0.26941872 -1.2036396 1.7437873
1370 -0.6656454 -0.2848982 1.5469906
1155 -1.471948 0.011639644 1.3380119
416 -1.3939737 -0.27101734 2.7245595
1739 -0.4864437 -1.5300636 -0.9013921
1896 -1.4035369 -0.08279536 0.37544283
2012 0.56177634 -1.650558 0.9262629
1625 -0.0060958234 -0.88337 0.0454658
1725 -1.4293666 -1.6265956 -1.4882545
1926 -1.4948678 -0.008135627 0.6851301
2109 -0.74342465 -0.4296676 -0.02984316
1607 -0.053336795 -0.86577857 0.2319913
603 -0.83123034 -0.3544881 0.06818117
726 -0.8379026 -0.17951646 0.597695
1486 -0.1145707 -0.78175694 0.117672995
1925 -1.4782746 -0.039589543 0.5907151
1234 -0.5146375 -0.76679707 2.7923796
445 0.04611193 -0.8414874 1.6245519
1104 -0.34154302 -0.6545046 0.09823434
312 -0.48813218 -1.3705863 -0.74735594
1760 -0.7874787 -1.7631788 -1.2259357
937 -0.9892379 -0.9549373 -0.79908067
837 0.29738665 -1.2104789 0.7997671
10 -2.6394727 -0.94580936 -1.1759171
282 -0.29001 -0.6525464 0.11996773
1671 -1.3602567 -0.66105425 -0.66012526
2289 -2.2853959 -0.08196824 0.25380152
880 -1.2171723 -0.37661073 -0.07654357
468 0.02656308 -0.67436737 0.52826923
1711 -1.5012108 -1.3397298 -1.27424
1971 0.64954704 -2.0814192 0.7241524
1996 0.79746723 -2.3524644 0.71927637
1380 -0.19702062 -0.45003775 0.8447981
1241 -0.5638957 -0.41122264 1.8013321
291 -0.15993607 -0.93188816 -0.07717012
688 -0.31567657 -0.5490082 0.20480746
434 -0.044260677 -0.749675 1.6878206
155 0.65705264 -2.3817153 0.19606307
1952 -0.69150954 -0.3297612 0.15002698
1951 -0.50155777 -0.41944695 0.33869532
1206 -1.4417778 -0.19766769 2.5618165
931 -0.84461874 -1.0904632 -0.87438166
1175 -0.8100853 -0.22748478 1.5609466
583 -0.7706839 -0.39186212 0.07884232
344 -0.45463562 -0.86744523 -0.3255437
1838 -2.0910096 -0.065122545 0.32803252
1977 0.21707365 -1.1074029 0.414864
1694 -1.803315 -1.7622247 -1.6469643
905 -1.510949 -1.1404572 -1.1111333
1972 0.8125083 -2.4649312 0.75133014
1998 0.6877206 -2.1777985 0.6935791
1763 -0.58446735 -1.9323013 -1.1690027
1966 0.06764981 -0.8060015 0.5522711
437 0.525732 -1.5155009 1.644614
1096 -0.44219813 -0.60407823 0.10708258
1218 -1.5281206 -0.23652028 2.7435553
966 -1.294104 -0.92929393 -0.925099
1402 -0.049112093 -0.5639115 1.0022864
2128 -0.4519243 -0.40739977 0.3508836
2150 -0.026356623 -1.9761692 -0.6884395
154 0.5852336 -2.376513 -0.055811964
299 -0.48175275 -1.5643805 -0.8564082
1274 -0.39081648 -0.56140685 1.8376275
2259 -1.1454335 -0.49091947 -0.3209531
1762 -0.46386468 -1.3077277 -0.7254672
1633 -0.32026014 -0.74924856 -0.07106612
174 0.6538376 -2.8076048 -0.07864066
1643 -0.7088352 -0.7130742 -0.37023228
1202 -0.9937561 -0.32976753 2.416806
1129 -0.18912077 -0.63007236 0.6077121
769 -0.48784065 -0.49626794 0.188497
1978 0.49073878 -1.5475922 0.69778305
281 -0.23052076 -0.7171179 0.13200028
1611 -0.61846536 -0.576433 -0.089515656
2444 -0.97053933 -0.19021133 0.61574256
968 -0.85392106 -1.2082458 -0.9001947
673 -0.5663614 -0.36349714 0.27954504
2521 -1.0147673 -0.107803896 0.79976666
90 -1.2790266 -0.5411015 -0.36429375
350 -0.4102479 -1.6066604 -0.8078996
810 -0.047544606 -0.7500259 0.43937507
1429 -1.024405 -0.132503 0.85351205
1708 -1.107285 -1.2629416 -1.0720593
2007 0.73573875 -2.1453652 0.7298524
289 -0.30569866 -0.87503856 -0.19479814
319 -0.47043937 -1.3022666 -0.7117909
2090 -3.267032 0.04325458 0.7676249
165 0.6839472 -2.5315995 0.17602226
274 -0.60120696 -0.49505666 -0.016022827
840 0.1251227 -0.9984756 0.5035254
222 -1.1654524 -0.51664674 -0.33332837
387 -1.2142857 -0.110172085 1.6875807
1732 -1.059823 -1.6776509 -1.2836254
1489 -0.40927187 -0.6284897 -0.14433467
1079 -0.32699135 -0.5676434 0.32169172
785 -0.10127577 -0.7375452 0.16747189
1478 -0.18455781 -0.54958177 1.2651193
1937 -0.635916 -0.40369922 0.1691742
1494 0.10658239 -0.81550354 1.13235
1597 -0.50857043 -0.7176546 -0.14246102
488 0.8102235 -2.1513214 1.4239253
1774 -0.5946796 -1.5458195 -0.94799227
469 0.1636405 -0.84661174 0.7895464
1652 -0.25347912 -0.86027926 -0.20995134
2192 -0.13050987 -2.3999486 -1.0222461
351 -0.4883255 -1.1600249 -0.59921664
1967 0.09166028 -0.92752975 0.44993126
2443 -0.8937499 -0.22803245 0.46516445
1503 0.073319234 -0.92548764 1.6355833
831 -0.027261741 -0.73127353 0.5175564
1745 -1.3698064 -2.013071 -1.6369601
1362 -0.9014764 -0.11590904 1.0581789
725 -1.4919792 -0.048109747 0.86518234
328 -0.29182398 -1.3141915 -0.59390193
1916 -1.7872943 0.052811973 1.454154
1265 0.1540196 -0.9947711 1.671026
647 -0.31816828 -0.5958569 0.08479816
1941 -0.30829278 -0.42581916 0.6870116
1074 -0.059816282 -0.9273141 0.13296498
835 -0.10758068 -0.5751611 0.71559846
2537 -0.0012280355 -0.75566244 0.73526365
442 0.32085642 -1.0181211 1.2385083
1351 -1.441125 -0.04842788 1.6279083
872 -0.94281495 -0.46622097 -0.2396441
2361 -0.460215 -0.6578937 -0.15811819
99 -0.34966487 -0.93182015 -0.37189093
1120 0.03827978 -0.83990866 0.76570743
2257 -0.83212 -0.48425502 -0.09589117
268 -0.6789382 -0.9769495 -0.6727191
1458 -0.639495 -0.25833756 0.7274565
218 -1.1425974 -0.5297663 -0.40688673
1719 -2.1043975 -2.2527144 -2.069644
1391 -0.06838362 -0.5290319 0.5733712
2208 -0.0044472963 -2.5647473 -0.9469221
1960 -0.4813564 -0.87993664 -0.38271287
369 -0.6699501 -1.3588672 -0.8602132
961 -0.75517505 -0.68221724 -0.42390352
448 0.34566608 -1.4292588 2.140568
1898 -2.149254 -0.12251313 0.26456732
1428 -1.4285967 -0.056271877 0.5887715
1350 -0.6442888 -0.26540795 1.2684175
1596 -0.4957166 -0.7583519 -0.21765743
657 -0.30915895 -0.63489944 0.049728423
2307 -2.920094 -0.40468323 -0.35585585
487 0.4872847 -1.4484586 1.166927
2077 -2.585644 0.070393726 0.9478571
2024 0.3639126 -1.3803016 0.5954661
1655 -0.35328194 -0.54714113 0.21818134
186 0.5041797 -1.4548732 0.6491682
1568 -0.5081748 -0.73459387 -0.16536951
449 0.4372619 -1.4337488 1.8020979
985 -0.33543128 -0.7224191 -0.16611038
797 0.33577678 -1.3297088 0.66400295
315 -0.4215869 -1.8027656 -0.9383783
2101 -1.7770038 -0.09788321 0.24874668
1975 0.29320112 -1.3827649 0.27903047
1355 -0.98660195 -0.32273838 2.2102475
798 0.10490705 -0.973297 0.57187617
228 -0.5419108 -0.5381661 0.027911551
1134 0.1463669 -0.8505058 0.6496505
666 -0.036914352 -0.74886024 0.16759212
447 0.26059577 -1.264448 1.9490752
1891 -2.1267793 -0.083871536 0.3364488
1141 0.34112662 -1.1485654 0.9475075
2458 -0.70416534 -0.23102626 0.812182
1965 0.45958844 -1.5912219 0.62001956
1097 -0.21794766 -0.73227996 0.14630914
1071 -0.11092055 -0.771586 0.42397618
877 -0.98605436 -0.44626057 -0.22200306
1248 -0.36752966 -0.6076827 1.9837644
2271 -2.6015265 -0.3190365 -0.19977212
2395 0.055581 -1.2701004 -0.14734682
825 0.045987606 -0.7958825 0.46471173
1983 0.40892938 -1.3533809 0.8045231
2052 -3.0612826 0.04685458 0.7886167
1399 -0.1380637 -0.71347743 1.6522567
829 0.31261012 -1.272981 0.9739279
36 -0.8240553 -0.39783192 -0.063971356
405 -1.0415636 -0.20117123 2.132022
1201 -1.4916956 -0.22770466 2.7290263
2629 1.134328 -3.0038373 2.4454825
1580 -0.22746645 -0.8324788 -0.08791563
1308 -1.9439442 0.03462026 1.625622
21 -2.5435793 -0.6786648 -0.8596809
1053 -0.6187378 -0.412142 0.2986609
1169 -1.8964535 -0.16355528 2.9647832
841 0.17713496 -1.021489 0.5324536
806 -0.10914858 -0.6173065 0.6562015
2020 0.7173644 -2.1785898 0.6914312
241 -0.65266055 -0.5053077 -0.0090198275
1532 0.14650019 -0.84537745 0.76954067
398 -1.390055 -0.21088435 2.3769872
124 0.8405455 -3.5221868 -0.10425025
1722 -1.4681863 -1.6656097 -1.458346
130 0.45280653 -2.350946 -0.16575031
1128 0.056179635 -0.91775185 0.73160785
1115 0.008330601 -0.8479741 0.5162504
2543 0.08654971 -0.96734565 1.334381
1210 -1.4734524 -0.44651377 3.310811
320 -0.42372417 -1.5373116 -0.7725574
2080 -1.8194226 -0.022930205 0.42116722
2142 -0.2484753 -1.315008 -0.62555814
1497 0.14144017 -0.9151149 0.6350614
1407 -0.4028154 -0.62958 2.114107
189 0.74750656 -3.2556708 -0.10397184
137 0.042882264 -1.2876564 -0.17141911
1852 -1.9640446 -0.15448123 0.060921464
2104 -1.0177263 -0.22149754 0.26234275
1584 -0.5132808 -0.74265015 -0.11840986
1267 -0.2535915 -0.96742284 2.64491
1131 -0.062887415 -0.71529615 1.0780059
1588 -0.59362704 -0.54024297 -0.043181818
1426 -1.9841238 0.011780767 0.8659942
1640 -0.5121221 -0.51020217 0.09846315
1379 -0.25935876 -0.43535417 0.8449798
903 -1.3354068 -1.272661 -1.1527494
314 -0.29334816 -1.6800627 -0.80528516
1629 -0.61646974 -0.7424583 -0.3086251
2172 0.12701942 -1.2982615 -0.15078051
2572 0.089020796 -0.8982443 1.3369433
1755 -0.61620563 -1.8044068 -1.1861247
975 -0.58984905 -1.6553684 -1.0324489
737 -1.2053281 -0.04877431 0.70547265
75 -0.13401403 -0.9657551 -0.1634859
2296 -3.032405 -0.3000075 -0.17811364
97 -0.34548497 -1.0264137 -0.5137963
887 -0.87319785 -0.5849064 -0.2994613
317 -0.56286687 -0.7938436 -0.45097908
1714 -1.9143088 -1.6553591 -1.6580266
324 -0.3994451 -1.4602456 -0.71748054
518 0.93890864 -2.7250428 0.7232117
1266 -0.048351977 -0.87331957 1.9455073
747 -1.6318841 -0.002489132 1.3079022
497 0.9976158 -2.4809527 1.5958121
2008 0.84886754 -2.4923909 0.7284425
1932 -1.3852038 -0.052138686 1.5683284
1448 -0.5730324 -0.30485913 0.89374614
341 -0.4904463 -1.5741196 -0.8273641
1710 -1.1467905 -1.3518913 -1.1872251
131 0.33838755 -2.3411362 -0.40598243
1324 -1.9370414 0.058332965 1.2191715
1222 -1.7389168 -0.2723141 3.0925395
157 0.7905215 -3.2920015 -0.025399067
1310 -1.9865083 0.027385425 1.9492171
1084 -0.5231868 -0.40201658 0.41133097
168 0.75516486 -2.6705163 0.19549976
1545 -0.60242003 -0.53688604 -0.02178696
156 0.84013695 -3.585856 -0.10804608
37 -1.0255061 -0.5608249 -0.41859198
2000 0.21045336 -1.203791 0.36148354
1137 0.22308055 -1.0354819 1.2627159
1476 0.08148664 -0.76464385 0.9578869
2465 -0.7337102 -0.21111266 0.64103395
898 -1.2967123 -1.1845133 -1.0708226
1140 0.25980988 -1.1161784 0.892617
2562 -0.12158129 -0.72493213 1.5598569
1220 -1.9769903 -0.2949571 3.449711
172 0.597927 -2.5454137 -0.004681427
2010 0.803445 -2.488116 0.7125682
935 -0.80945385 -1.0917894 -0.79371506
1138 0.18238527 -0.94277775 0.9848043
2025 0.28500435 -1.2477318 0.63281715
250 -0.9340582 -0.25460598 0.27554542
73 -0.1204666 -0.7022542 -0.18544383
2447 -0.85644126 -0.20116447 0.61586845
342 -0.3334269 -1.3769228 -0.6189252
593 -0.5357385 -0.47793055 -0.0027645468
1772 -0.57259595 -0.8061014 -0.44245318
430 -1.1496651 -0.380591 2.712878
754 -0.44292733 -0.3063848 0.30064216
830 0.19058067 -1.0519168 0.72403634
1279 -0.28820616 -0.42874748 1.1830925
191 0.73304385 -2.7249079 0.10771937
1145 0.21577422 -1.0181936 1.1041608
891 -1.3385289 -0.9652205 -0.9378918
1221 -1.6989354 -0.2873769 3.1664462
2071 -1.4716047 0.07798325 0.9678071
524 0.96478164 -2.9660394 0.5846189
1647 -0.27995658 -1.0110253 -0.3818239
1147 0.065245084 -0.7771689 0.59711605
2341 -0.33749944 -0.53507924 0.3016967
2339 -0.5140399 -0.5241278 0.046310246
1809 -2.7739801 -0.23163658 -0.045877427
1780 -0.9996185 -2.377507 -1.6762985
2476 -0.78008443 -0.397463 -0.13589774
40 -0.67924076 -0.83006495 -0.5980171
573 -1.4372059 -0.13065225 0.3653219
1382 -0.5777188 -0.6013986 2.3479958
969 -0.74649346 -1.0960591 -0.7559226
1419 -1.3020577 -0.0381057 0.80788785
1523 0.22927003 -1.0118172 0.7388497
264 -0.9321806 -0.8209671 -0.6020508
1365 -0.64317024 -0.34628466 1.8010468
833 -0.1927575 -0.5692448 0.82524496
834 0.17126934 -0.93818563 0.7900977
1325 -1.5464717 0.011763693 0.8648778
733 -0.83733946 -0.2192645 0.7054027
502 0.7283988 -2.1067522 0.72520614
1143 0.35820818 -1.2250706 1.259556
1666 -1.5307741 -1.0244547 -1.0302999
496 0.78276145 -2.0307715 1.4341942
139 0.78549635 -2.7239661 0.23304617
1479 -0.27645388 -0.5740389 1.468535
1877 -2.0996253 -0.17082979 0.115791805
2591 0.6574384 -1.8729415 2.2375886
2212 -0.03853437 -1.208789 -0.3004407
753 -0.49539077 -0.31318513 0.48680976
2004 0.6413765 -2.0551693 0.5808234
1144 0.3766003 -1.3641696 1.7047256
2393 0.0384442 -1.1746469 -0.09251437
1713 -1.5911399 -1.8108625 -1.6479504
355 -0.24769 -1.0643638 -0.41276515
2608 0.600206 -1.8643534 2.2139444
311 -0.3613867 -1.1437151 -0.5148716
1942 -0.24659942 -0.4449096 0.5813352
182 0.25534356 -1.1408923 0.4706067
1702 -1.6702553 -1.506016 -1.4458525
871 -1.2499973 -0.39942846 -0.17681484
735 -0.99093497 -0.13333237 0.6756781
662 -0.17599188 -0.68753046 0.098870866
1250 -0.31363243 -0.7697708 2.3817382
1843 -2.7822158 -0.2437519 -0.016727122
927 -1.1604904 -1.5252978 -1.3163986
2352 -0.6443314 -0.7290289 -0.40306064
731 -0.56465256 -0.28824276 0.6231393
836 -0.007978904 -0.72581 0.6135029
2178 -0.16308323 -1.5502856 -0.6854087
1639 -0.62161005 -0.53125894 0.016586196
605 -0.51165277 -0.4894672 0.09362353
56 -1.4080536 -0.47126183 -0.44669724
1059 -0.46435857 -0.58659345 -0.024416309
180 0.56218827 -2.1789286 0.08982583
646 -0.7390098 -0.382168 0.07535541
443 0.02716434 -1.015854 2.1116195
1696 -1.5954455 -1.4052756 -1.3506676
873 -1.0042652 -0.36909047 -0.15603778
1386 -0.9047635 -0.48681378 2.6527667
677 -0.48244414 -0.48766157 0.04156604
772 -0.60061085 -0.3575753 0.10659574
235 -0.88700557 -0.37246764 -0.026964257
2580 0.5021635 -1.7093124 2.1872606
1390 -0.026507845 -0.4960189 0.5779263
995 -0.8488774 -1.3055304 -0.9684681
1230 -1.2374263 -0.12374525 1.9667469
1657 -0.5823867 -0.41252634 0.052041184
1933 -0.9342589 -0.09264646 1.0882407
409 -1.0655268 -0.24714935 2.1462286
598 -0.52296984 -0.96214026 -0.47078878
1012 -0.82323 -0.21539097 0.63843215
379 -0.36309496 -0.91294193 -0.4325084
2156 0.2546556 -1.8641335 -0.36330017
1531 0.23359986 -1.1210732 0.626364
1623 -0.530936 -0.78638667 -0.36682716
2074 -2.8029149 0.02723016 0.5616507
1343 -0.3585946 -0.43231627 1.2737648
383 -1.1544696 -0.23967664 2.081386
1510 0.18339837 -0.92969495 0.8487018
288 -0.40146974 -0.42955342 0.21824765
194 0.8115993 -2.6582336 0.320894
746 -1.601006 0.0015553132 1.3312256
2097 -2.5834773 0.06286398 0.7392726
267 -0.7515699 -0.84702176 -0.5455611
1815 -2.2150586 -0.24050704 -0.09407717
30 -1.7626096 -1.179415 -1.2635732
862 -1.113948 -0.3321454 0.010899175
727 -0.5516474 -0.322375 0.52868086
732 -0.6700321 -0.22934 1.1133426
2413 0.47578594 -1.9183482 0.08974036
232 -1.053877 -0.34741473 -0.14566904
684 -1.2234145 -1.3884157 -1.1951165
2362 -0.32035345 -0.7925436 -0.2915304
1555 -1.221102 -0.45398685 -0.25753114
1025 -0.52859855 -0.30537513 0.5262864
959 -0.8577791 -0.85554117 -0.6541014
1756 -0.76161724 -1.9982624 -1.284535
1433 -0.8352657 -0.18164635 0.78838205
1973 0.59232837 -1.971368 0.6284515
2392 -0.15886955 -0.99845344 -0.16985859
2149 -0.04224662 -2.079272 -0.7768282
1403 -0.14364073 -0.63563585 1.4947672
626 -0.6069702 -0.33879143 0.5965989
587 -0.5576561 -0.34682843 0.5562758
820 -0.14329076 -0.73446316 0.199863
1997 0.6926182 -2.2438858 0.46592796
1132 -0.23308535 -0.46836022 0.83191717
278 -0.5917024 -0.7553512 -0.31887192
1884 -1.7579925 -0.10609818 0.32950184
462 0.07829951 -1.200499 2.424541
2477 -0.56171685 -0.37501776 0.33612493
609 -0.86144817 -0.41079643 0.112205945
604 -0.6514302 -0.6105688 -0.18134116
757 -0.71752393 -0.253412 0.5339821
1961 -0.11865377 -0.76927555 0.12807792
574 -1.3935586 -0.20049687 0.3246138
1315 -1.424698 0.0056691044 1.0104445
453 0.41773275 -1.5167361 2.0743132
2078 -3.0831048 0.07274242 1.0484961
460 0.08922972 -1.2503545 2.5623279
54 -1.5261593 -0.6462788 -0.64611053
13 -1.8506131 -0.8623347 -0.95731956
986 -0.6264596 -1.2916836 -0.83785295
861 -1.2038454 -0.38459775 -0.099756114
589 -0.9652709 -0.27295992 0.25858447
1995 0.829554 -2.477347 0.751085
832 -0.16119409 -0.61430514 0.69928664
14 -1.6051136 -0.8153587 -0.90319145
435 0.17166615 -1.144757 2.0497036
1186 -1.5217435 -0.049826585 1.79963
939 -0.99658835 -0.9400312 -0.7667613
504 1.0153061 -2.8749595 0.99143606
2148 0.0621382 -2.0359552 -0.65757066
1495 0.14622705 -0.9458822 1.4571882
987 -0.37145147 -1.7494559 -0.91250724
151 0.9450929 -3.2493343 0.3185524
428 -1.0660325 -0.36514577 2.4694111
1375 -0.24127658 -0.48371935 1.3290066
1753 -0.8994949 -1.5996232 -1.1944426
300 -0.39727393 -1.1555425 -0.5667409
1840 -1.8078164 -0.14206548 0.22765596
2372 -0.04336087 -1.3402321 -0.36476076
1244 -0.1525058 -0.8438666 2.1734357
2100 -2.7983532 0.016702395 0.71505994
984 -0.36147514 -0.95512086 -0.42304906
2468 -0.43547514 -0.39290538 0.5699415
2222 -0.39191678 -2.0028818 -1.0788922
965 -1.4183354 -0.8892578 -0.9003793
1743 -1.0170882 -2.0578964 -1.5160223
2314 -2.6666954 -0.4206741 -0.37585795
1559 -0.058666974 -0.76078814 0.13496992
758 -0.53860426 -0.31997076 0.5393573
2466 -0.78592575 -0.25392202 0.6119855
1427 -1.6635594 0.0012290357 1.0333048
2561 -0.1195807 -0.6769868 1.3352809
6 -2.6188583 -0.96010727 -1.1773921
1157 -1.1165268 -0.13667908 1.8244237
1723 -1.1935673 -1.6506275 -1.3517959
471 0.8609812 -2.3151941 1.5449759
1189 -1.2107388 -0.19720976 2.1588776
1585 -0.45296314 -0.7827484 -0.12950596
1537 0.4889558 -1.4792652 0.9956967
2171 0.2521487 -1.7309138 -0.20856391
43 -1.3174869 -1.1933126 -1.1120611
1897 -1.6476096 -0.12270427 0.2501025
2610 0.6578415 -2.059863 2.4517334
901 -1.1104088 -1.0379032 -0.89679474
775 -0.08659044 -0.63913906 0.4225131
1028 -0.8796266 -0.3544596 0.056717817
1969 0.23065665 -1.0784637 0.62410945
951 -1.1809777 -0.41827664 -0.3137792
1475 -0.08402109 -0.6800397 1.2828827
878 -1.0781596 -0.24979304 0.11578701
1837 -1.7849458 -0.10631047 0.23625913
1273 -0.6026073 -0.7906592 2.9380014
1397 -0.10579552 -0.7996662 1.9084902
2055 -2.5244596 -0.24331804 -0.1536716
1876 -2.163788 -0.16345868 0.10909275
2205 -0.19404785 -3.1159596 -1.3608253
78 0.22991213 -1.9602906 -0.3413402
2470 -0.47719353 -0.35810724 0.42978176
704 -1.3777581 -0.023566868 1.0167217
1934 -0.93675685 -0.11236201 1.1650647
411 -1.0237273 -0.40577608 2.6673198
768 -0.4733543 -0.387087 0.4125387
1088 -0.54493207 -0.45108163 0.29479444
1730 -1.547167 -1.6152519 -1.5144104
179 1.0361493 -3.4096575 0.4314779
525 1.0349126 -3.120555 0.65004694
1589 -0.70885897 -0.57864124 -0.17709109
1421 -1.8277407 0.05276342 1.2141846
1121 -0.18079025 -0.6217574 0.5086542
804 -0.14786395 -0.6796244 0.3672238
1834 -2.285489 -0.1829167 -0.0019185132
2410 0.2349776 -2.2416065 -0.5637403
2460 -1.0203842 -0.13351661 0.58005065
366 -0.5432092 -1.1459582 -0.67163813
1179 -1.225942 -0.25490892 2.3998077
2368 0.22363207 -1.7228714 -0.28790852
346 -0.5155272 -1.3314642 -0.7274517
1219 -1.407742 -0.2557594 2.6906686
620 -0.60104674 -0.38599315 0.11436188
2119 -0.74383724 -0.4707682 -0.13622777
1701 -1.6191655 -1.5598918 -1.4624515
1501 -0.06421313 -0.7889211 1.5446635
2467 -0.4931712 -0.3711098 0.35992864
1893 -2.001504 -0.09533616 0.31533036
507 0.6151349 -1.7316242 0.7150806
1509 0.19308199 -0.9925275 1.3323219
1943 -0.31562674 -0.37705523 0.60589254
122 0.28878012 -2.0711584 -0.28652698
482 0.50550705 -1.5153368 0.7916033
788 0.24330954 -1.2376865 0.52468354
1018 -0.6048377 -0.36261258 0.28661856
1073 -0.20920071 -0.645882 0.18782161
1477 0.11465557 -1.0108942 1.7269526
761 -0.43069345 -0.5532728 0.21540138
51 -1.0581003 -0.95291764 -0.8231522
1606 0.3393048 -1.4861914 0.25615162
1593 -0.508056 -0.66015595 -0.12651728
515 0.98955303 -2.8059857 1.069559
680 -0.5629637 -0.91769904 -0.5097143
125 0.7557227 -3.0244625 -0.06954002
104 -0.97947764 -0.6864114 -0.52325726
303 -0.2466172 -0.98076767 -0.27348533
2386 0.42036498 -2.164769 -0.20268206
1207 -1.8157103 -0.1924954 2.9657888
491 1.0052602 -2.6251016 1.5187302
407 -0.93616205 -0.09924382 1.1221379
1797 -1.9339715 -0.116431355 0.19335067
113 0.18943405 -1.3139347 0.10866933
2122 -0.5910782 -0.47659484 -0.12677355
204 -1.0167189 -0.52781844 -0.2644663
2199 0.4188795 -3.0955775 -0.6516894
2053 -2.436495 -0.022355022 0.29365864
1979 0.48066455 -1.5648267 0.6609727
602 -0.8964786 -0.27792326 0.20594208
584 -0.7880685 -0.27452073 0.34103337
2416 0.62437165 -2.0913978 0.3442122
58 -1.2668631 -0.42820954 -0.30894375
1945 -0.26714027 -0.42616016 0.65676457
1892 -2.455906 -0.059526995 0.44721332
734 -1.3622907 -0.08718124 0.5583061
2140 -0.035220075 -1.4155314 -0.409847
1113 0.3146531 -1.333884 0.5218212
1705 -1.864978 -1.4938792 -1.5074979
1609 -0.33916274 -0.84454656 -0.16558939
100 -0.781094 -0.6389048 -0.34390494
2526 -0.86134005 -0.19787462 1.0531952
1367 -0.461845 -0.3818928 1.2990369
68 -1.2676481 -0.74637765 -0.7488587
2569 -0.34267122 -0.4492469 1.2693317
777 0.15139316 -1.0619079 0.278512
1846 -1.801077 -0.32604134 -0.27435547
1414 -1.9161638 0.051462937 1.1993363
1070 -0.14893846 -0.7593801 0.4391706
1759 -0.5010332 -1.4594717 -0.8557229
432 -0.6924859 -0.21815042 1.1629016
2536 -0.064771764 -0.7730812 1.2833207
295 -0.3985888 -1.2286999 -0.6331872
1502 0.07297818 -0.9150585 1.5960865
1704 -1.319709 -1.394442 -1.2738594
1253 -0.056960773 -0.6055214 1.44216
2153 -0.18536188 -1.9408002 -0.87238204
1989 0.42110616 -1.4573607 0.69611466
417 -1.0705545 -0.17278603 1.6578832
160 0.8851147 -3.1530268 0.18178432
2300 -3.2339666 -0.53377646 -0.5598578
1469 -0.69554603 -0.26595396 0.632104
65 -1.1696416 -0.79640406 -0.7504472
2641 0.92501915 -2.4319534 1.9875135
158 0.5637616 -2.177115 0.10207323
1170 -1.5799651 -0.17971827 2.6121528
2111 -0.5573039 -0.41558063 0.11248556
233 -1.1072367 -0.41684163 -0.21049145
1363 -0.6024931 -0.3313668 1.3747813
2184 -0.24374619 -1.392925 -0.6750276
2038 -1.6391945 -0.4044268 -0.42340258
2176 1.153451e-05 -2.4426107 -0.8879479
77 0.30683476 -2.2966416 -0.40370068
88 -0.73652977 -0.46373132 -0.14970762
1231 -1.136736 -0.34980816 2.6204166
1195 -1.5184984 -0.104775615 2.2732897
1095 -0.5229947 -0.56580335 0.11989627
159 0.6987699 -3.1271327 -0.15645266
333 -0.31169203 -1.7055843 -0.7889649
1968 0.15936314 -1.0972953 0.44065627
401 -0.9833987 -0.36863938 2.2499676
860 -1.1910583 -0.23361456 0.20629296
12 -1.4891418 -0.7136553 -0.7622535
256 -0.7160838 -0.37668455 -0.051139537
2531 -0.501197 -0.3818052 1.1507598
760 -0.36309674 -0.53977275 0.25177282
1963 0.6757575 -2.1838174 0.5409938
1050 -0.8024762 -0.37198654 0.15400255
1227 -1.3604438 -0.44130954 3.1993165
1196 -1.151504 -0.15547507 1.7837064
641 -0.61457556 -0.31189498 0.7998967
464 0.27556813 -1.1607548 1.8701501
465 0.28077558 -1.1059303 1.7305559
1443 -1.5083573 -0.02044266 0.73931515
796 0.30144563 -1.2526906 0.7583944
1566 -0.64342964 -0.7084393 -0.22001004
1101 -0.2880042 -0.64041364 0.2362239
964 -1.1586432 -0.81818736 -0.73793983
636 -0.6395844 -0.39344522 0.28738856
1970 0.3066178 -1.2834411 0.42220914
1119 0.052068472 -0.86544156 0.68412346
262 -0.83363944 -0.7991522 -0.54041684
2154 -0.22914223 -1.7110152 -0.7829876
2431 -1.3163074 -0.075581126 1.6428516
1748 -0.37488663 -0.88947874 -0.39565742
1081 -0.56968164 -0.50096625 0.16247986
1804 -1.5647223 -0.34174496 -0.31849653
2180 -0.53050524 -1.6314247 -1.0144352
1524 0.10936236 -0.96154046 0.45441228
2189 -0.24105608 -1.4916736 -0.7160972
1841 -2.259025 -0.17347148 0.09590556
1879 -1.8894545 -0.1899316 0.008819242
621 -0.6591382 -0.31674513 0.21034287
2389 0.17676196 -1.9387894 -0.37887552
514 1.147587 -3.2238686 1.298009
2457 -0.52557886 -0.32512215 0.8781172
2306 -2.7435458 -0.29692453 -0.19342025
364 -0.44755527 -1.0354241 -0.47997707
648 -0.3132503 -0.5806776 0.14473829
2170 0.32083252 -2.112721 -0.32629603
1579 -0.63804346 -0.7022225 -0.22607867
1357 -1.2020034 -0.07779227 1.6245779
402 -1.247095 -0.39498502 2.806678
1398 -0.06320023 -0.6698048 1.2855695
828 0.17413208 -1.0285778 0.6485481
2471 -0.41173434 -0.42359254 0.32479298
2177 0.095072195 -2.6538966 -0.85141283
2412 0.6386948 -2.387401 0.06289642
720 -1.0212829 -0.17075787 0.67095315
1758 -0.72103566 -1.4421062 -0.99808174
357 -0.45883635 -1.3905535 -0.72260046
2028 0.70987284 -2.028166 0.9232797
819 -0.22000363 -0.5445436 0.35535622
957 -0.7590101 -0.48631528 -0.19490136
1393 0.0383709 -0.75285184 1.2424195
1726 -1.2161294 -1.6981151 -1.4578574
763 -0.29207733 -0.65562665 0.037499793
195 0.6057089 -2.4461794 -0.032978933
672 -0.6165477 -0.49270242 -0.023046859
2167 0.08333504 -1.6315593 -0.42515722
1729 -1.6752943 -2.1954298 -1.9014865
2597 0.6394243 -1.9848175 1.9975625
2356 -0.19088411 -1.0240197 -0.18088827
770 -0.4471759 -0.5270707 0.054378845
1194 -1.2369969 -0.11848118 1.8368098
463 0.33121112 -1.3827437 2.0998175
163 0.36608055 -1.3164731 0.47394684
1544 -0.62519294 -0.5606493 -0.08293321
1928 -1.5974541 0.005075281 0.73181945
1990 0.5440324 -1.7398573 0.7908731
1709 -1.3920857 -1.4335457 -1.3215089
2426 -0.56345797 -0.24909374 1.0917767
2538 -0.10235666 -0.6764648 0.8845725
1754 -0.8096651 -1.7186751 -1.2221923
1626 -0.08919094 -1.087694 -0.28510928
1601 -0.23377317 -0.91932034 -0.1751273
1116 -0.14264703 -0.7283187 0.33061972
656 -0.4948925 -0.635472 -0.14884718
2019 0.5783233 -1.8668491 0.46265543
196 0.67357194 -2.7472382 -0.07108334
187 0.42822608 -1.4891007 0.29037678
162 0.35261494 -1.2563461 0.23504893
400 -1.3943808 -0.19098552 2.4658563
28 -2.3410966 -1.1023422 -1.3523139
1627 -0.40233418 -0.7568536 -0.25531512
474 0.35974547 -1.1833831 1.0317621
824 0.21923506 -1.0400589 0.6759839
399 -1.2488362 -0.154908 2.032601
2406 0.08348765 -1.035941 0.09604274
322 -0.47614205 -1.7742496 -0.98548913
1987 0.6044219 -1.8623464 0.6509045
1678 -1.2622421 -1.1488347 -1.0491283
1452 -0.34598348 -0.4119278 1.1279894
1383 -0.73704076 -0.5211537 2.3730972
1100 -0.07313813 -0.73579544 0.53774625
691 -0.97141266 -0.9057405 -0.6909673
1868 -2.3051894 -0.005418629 0.6474598
506 0.7063683 -2.119113 0.6290708
1334 -1.7230341 0.07705557 0.94923156
2013 0.35436967 -1.2018168 0.8164735
2404 0.06090998 -0.9879585 0.023345252
1999 0.25107023 -1.2353482 0.43793854
868 -0.9013624 -0.22150415 0.23685852
1347 -0.37056342 -0.54815465 1.6726248
618 -0.7329064 -0.32969543 0.20821947
1814 -1.6182415 -0.2008976 0.029038468
1117 0.07961315 -0.9345753 0.77447724
2637 0.6117028 -1.7456177 1.4459547
2590 0.3442397 -1.1529158 1.6290092
874 -1.1328778 -0.45985335 -0.23251842
1617 -0.2809981 -0.64220494 0.12709233
1298 -1.5475284 -0.0125912065 0.6502174
1519 0.13196597 -0.88482773 0.9740633
619 -0.3865151 -0.56633294 0.17092474
549 -1.0131352 -0.32750508 0.09966965
1812 -2.2603226 -0.22709566 -0.12830856
1808 -2.3659377 -0.16687241 0.023690091
2613 0.5711363 -1.7355107 1.8806976
911 -1.8051472 -1.5630436 -1.5306516
2417 0.91072524 -2.7342608 0.67826974
2158 0.09755794 -2.408926 -0.7812069
2398 0.3397291 -1.6608485 -0.002904724
958 -1.1424472 -0.6649775 -0.61191547
247 -0.8711969 -0.45929292 -0.11178062
1778 -0.8803599 -2.595538 -1.6962259
296 -0.3290929 -1.5021667 -0.6922897
1507 0.026405007 -0.7382204 1.1149244
765 -0.06481916 -0.8807188 0.21666673
956 -1.2361292 -0.54489744 -0.42625907
1781 -0.7573766 -2.1763158 -1.4057745
1982 0.8779551 -2.4552953 0.97297037
994 -0.6246115 -1.65093 -1.0430565
253 -0.8700542 -0.5498943 -0.14666201
723 -1.3063291 -0.08127272 1.1130936
1394 -0.14290111 -0.551676 1.1967297
1813 -1.9085664 -0.25326458 -0.12291284
1062 -0.43468204 -0.59611475 0.23327535
675 -0.54550403 -0.43903214 0.026401991
2425 -0.7595865 -0.24440108 0.8900516
2381 0.03298819 -1.8387825 -0.5628089
1927 -1.1038866 -0.09487264 0.44933507
2267 -1.197997 -0.46839705 -0.21076642
949 -1.1103588 -0.4472708 -0.27995616
304 -0.26665357 -1.2687384 -0.5211549
1599 -0.3189311 -0.5155331 0.20110719
1418 -1.5038184 0.022060987 1.355602
786 -0.17120893 -0.61202383 0.27491876
1624 -0.13752931 -0.9992558 -0.20500565
34 -1.2774283 -0.43184555 -0.3316482
1658 -0.36805278 -0.47050762 0.23912859
378 -0.18275236 -0.94632196 -0.22118196
1769 -1.0265025 -2.2906299 -1.5828058
1859 -2.2416592 -0.079708315 0.3328866
1610 -0.881078 -0.55670846 -0.1784102
693 -1.4404653 -1.1967019 -1.1595649
2442 -1.2981035 -0.02496363 0.8256267
933 -1.168946 -0.7327603 -0.6704928
1831 -1.9367429 -0.05523355 0.4408636
606 -0.8088356 -0.4490513 -0.009231909
1246 -0.3987114 -0.6889442 2.134626
1099 0.016676096 -0.81169593 0.8891334
480 1.1149598 -3.179504 1.0326523
896 -1.1209924 -0.4154987 -0.2315164
1078 -0.09809396 -0.7885695 0.36054313
360 -0.6189514 -1.1788694 -0.7109917
1747 -0.52728593 -1.1211045 -0.6495037
895 -1.3729959 -0.32868066 -0.13587143
1807 -1.392695 -0.33584756 -0.22197236
423 -1.2825745 -0.2174971 2.3274288
1109 0.0031959927 -0.7810587 0.67841125
2349 -0.011044085 -1.0730925 -0.058990736
517 0.6562633 -1.9404123 0.61460936
2231 -0.28219712 -2.090312 -1.0037299
305 -0.29516438 -1.7881346 -0.8560942
294 -0.4101959 -1.1514517 -0.5295852
2355 -0.44686297 -0.8059307 -0.24937856
1346 -0.4070045 -0.56214666 1.7904489
1087 -0.7894317 -0.43639576 0.17872076
1254 0.10870314 -0.71799475 0.7556588
365 -0.46390286 -0.9210896 -0.4106898
2586 0.5695163 -1.7007651 1.8305473
2081 -2.1586833 -0.036474578 0.42821229
107 -0.21030298 -0.8659208 -0.16289727
2630 1.022753 -2.7127683 2.0094278
2076 -2.197866 0.04149883 0.6559558
486 0.42837906 -1.3447489 1.746918
2378 0.17869137 -2.2376559 -0.58116484
2022 0.81101245 -2.3298137 0.8343016
946 -0.9648985 -0.6342308 -0.441916
1309 -1.4630858 0.024695644 1.2151805
1887 -1.7315907 -0.24077514 -0.04894847
579 -1.2828889 -0.2843133 0.14369816
2635 0.88562834 -2.5394294 2.467627
551 -0.9131776 -0.22582571 0.29481956
1127 0.06630972 -0.8846865 0.9104263
63 -1.1558446 -0.77341616 -0.74762255
729 -0.5826452 -0.3231448 0.7779954
1613 -0.55734336 -0.658454 -0.10314791
1571 -0.095121115 -1.0465817 -0.053830963
739 -1.6222708 0.028826218 1.2488788
57 -1.4117522 -0.45979416 -0.38264695
2118 -1.1787944 -0.17010483 0.33395255
321 -0.39353368 -1.7022253 -0.87107646
1543 -0.62941575 -0.64615554 -0.20492893
762 -0.15447423 -0.71622425 0.3587584
1994 0.94630843 -2.7925692 0.9083782
144 0.27924907 -2.3430161 -0.568389
42 -1.5578218 -1.1043284 -1.1509717
313 -0.43107668 -1.2481273 -0.60727495
1135 0.24183683 -1.1290977 1.4706488
508 0.7205609 -2.1400025 0.815471
116 0.2608804 -1.689904 -0.15182172
787 0.31937322 -1.353694 0.38014624
876 -1.310353 -0.3670126 -0.15941809
2448 -0.8089314 -0.206318 0.48565418
881 -1.1978127 -0.32861832 -0.08392356
1228 -1.3455884 -0.46872765 3.2703617
261 -0.75686854 -0.75133234 -0.44806173
140 0.19350147 -1.9515377 -0.49423146
1107 0.0015556883 -0.8876359 0.3094974
1275 -0.5510545 -0.7547964 2.6735365
823 0.06387628 -1.0178866 0.37767377
526 1.1395901 -3.3191729 0.933644
490 0.7477555 -2.112267 1.2926158
15 -1.9003536 -0.7106302 -0.80839884
422 -1.2059903 -0.300232 2.5076354
2318 -2.0348728 -0.21097387 -0.07975664
2449 -0.72904813 -0.237914 0.64974576
1335 -1.5743372 -0.096364565 2.138098
2018 0.17223038 -1.0564355 0.29603666
792 0.18954949 -1.0493091 0.6247892
1602 -0.18898672 -0.7829812 -0.013307329
1444 -1.2191268 -0.052396003 0.98237103
2479 -1.0201479 -0.18661278 0.43133092
2292 -2.418844 -0.24322474 -0.14990796
479 1.1357143 -3.31629 0.95622694
1699 -1.4085343 -1.7367169 -1.5193727
459 -0.062356953 -0.8957179 2.1356099
2132 -0.32244718 -0.6688903 -0.14678687
327 -0.26192412 -1.1880062 -0.4127501
2345 -0.28781018 -0.8360203 -0.23888566
943 -0.74853396 -0.32440972 -0.0910395
2582 0.20767163 -1.0103002 1.3290801
2220 -0.032035287 -2.134108 -0.7552712
251 -0.82086915 -0.41549087 0.054746527
2138 -0.20934743 -0.92472297 -0.23768622
1492 0.07518148 -0.8243174 0.7893909
955 -0.84266204 -0.73128915 -0.5065624
121 0.15952338 -1.6630249 -0.21914251
243 -0.5158814 -0.5478368 0.08882999
2633 1.0684935 -2.7052252 1.6637334
1820 -2.465861 -0.18802992 -0.002297534
2624 0.84484464 -2.1492615 1.4662673
1205 -1.8161167 -0.30538538 3.3045516
1264 -0.12944044 -1.0199771 2.684813
325 -0.51753074 -1.1218364 -0.6337185
69 -1.8122106 -1.0181812 -1.1110989
2488 -0.3115023 -0.4560638 1.1237726
2462 -0.6626234 -0.21763533 0.707251
2002 0.85533285 -2.6095665 0.6483449
177 0.69745076 -3.1135457 -0.137998
1389 -0.20496136 -0.3961285 0.6407325
1465 -0.21585023 -0.57762045 1.3370458
716 -1.1967766 -0.113862656 0.9982292
2009 0.7442167 -2.3237405 0.6809496
1779 -0.69338447 -2.0345438 -1.3344314
145 0.5212468 -2.447418 -0.23150016
916 -1.2807459 -1.1545526 -1.102683
1642 -0.85378724 -0.48881128 -0.09389314
231 -1.2270526 -0.08311583 0.5018918
989 -0.37547356 -1.4499785 -0.7833952
2277 -1.736621 -0.34599623 -0.2877986
2434 -0.991331 -0.1254081 1.0736477
2161 0.1798474 -2.7768488 -0.8362313
272 -0.5997258 -0.30567068 0.3980305
2589 0.21918179 -1.0198659 1.4685779
2162 -0.037486922 -2.632105 -1.0308224
1063 -0.49788564 -0.56208515 0.12457213
96 -0.5012155 -1.1768723 -0.7324935
1527 0.12746653 -0.89053506 0.83475333
2108 -0.8815218 -0.3279058 0.13475588
219 -1.2528936 -0.6769026 -0.60516864
1855 -2.5061643 -0.067292966 0.38458928
1608 -0.009706014 -1.0143108 0.079069816
1413 -1.2020992 -0.093693584 0.78273547
1964 0.49382955 -1.7691329 0.45403454
44 -1.4079553 -0.88976747 -0.9241579
1483 -0.047814727 -0.7152433 1.2659475
914 -1.708773 -1.3484411 -1.3737355
2579 0.45656273 -1.5958413 2.10564
2092 -2.1866672 0.0033977039 0.5988246
617 -0.5867415 -0.4536589 0.16375788
1976 0.59496796 -2.0046628 0.5584797
503 1.1194328 -3.1223257 1.1964289
800 -0.08242481 -0.7822259 0.34399265
1857 -1.4047437 -0.048708864 0.6040584
499 0.7471564 -2.2138956 0.7191306
1564 -0.5913694 -0.58883786 -0.16019017
2566 -0.031473424 -0.5579032 0.33508262
306 -0.37533867 -1.6710857 -0.84685427
2377 0.10349113 -1.8933586 -0.4874362
2313 -3.4174294 -0.49507725 -0.46622038
1654 -0.37240425 -0.7675334 -0.09637302
1560 -1.0365562 -0.48793498 -0.2497194
1529 0.33992293 -1.1845315 1.1285937
2563 -0.42274415 -0.37197816 0.92535895
170 0.6851982 -2.6182418 0.123783834
884 -1.2558888 -0.70705545 -0.6447571
991 -0.54103166 -1.4188375 -0.9001692
1076 0.09899653 -1.1614316 0.105839424
1691 -1.2609675 -1.4906052 -1.2765285
404 -0.65320635 -0.42781985 2.1507711
1703 -1.4982468 -0.8877747 -0.9847814
682 -0.9166279 -0.9052585 -0.7508281
2297 -2.4521058 -0.19729902 0.049042955
178 0.922122 -3.4904175 0.09713319
2441 -0.93586504 -0.15206106 0.7922945
1466 -0.037906986 -0.6605415 1.0494816
1251 -0.24727191 -0.88399583 2.4617317
859 -0.9288609 -0.25444227 0.25624174
1105 -0.12690207 -0.8296633 0.1769889
643 -0.50162196 -0.34057137 0.4051985
446 0.02981374 -0.7971085 1.6184486
1572 0.15795054 -1.2204461 0.1519583
2618 0.88608307 -2.386612 2.2778673
2371 0.0845601 -1.5542608 -0.3487193
1547 -0.27826765 -0.6833329 0.059831373
1565 -0.8454023 -0.5788404 -0.23631592
1817 -2.166729 -0.29084072 -0.1965606
2312 -2.361863 -0.3864743 -0.36174262
2423 -1.0803745 -0.08389419 1.166577
2117 -1.0790776 -0.40357652 -0.20258568
1518 0.32132244 -1.2543467 1.065091
436 0.3852401 -1.3905785 2.0142388
889 -1.2760009 -0.41494378 -0.23948689
1416 -1.8811147 0.02853664 1.0595366
110 0.24094164 -1.3745198 0.07053764
816 -0.034077514 -0.75958496 0.36715055
2474 -0.16372095 -0.6241271 0.4138409
285 -0.45598936 -0.4020942 0.16869052
2194 -0.028090639 -1.9786032 -0.73788965
689 -0.4609257 -0.829285 -0.30668214
2286 -2.9393187 -0.22605547 -0.004080166
1188 -1.5351222 -0.12326972 2.2605584
19 -1.9135939 -0.4694955 -0.5272155
2332 -0.18934882 -0.9387535 -0.22754313
1199 -1.2564244 -0.3344959 2.6928005
2093 -2.122225 -0.010857476 0.5977991
24 -2.1966434 -1.1077999 -1.2567244
1822 -2.687904 -0.0605046 0.3511764
1406 -0.46779183 -0.5385552 1.9027495
1573 -0.07197679 -0.92760515 0.013366237
2102 -1.5286942 -0.13400924 0.24445716
427 -0.8737491 -0.30776063 1.9911963
1003 -0.47271216 -0.3763509 0.67009276
1786 -2.5293696 -0.110122465 0.19076619
2146 0.053394176 -2.3494256 -0.8079245
936 -1.1281215 -1.3314941 -1.100365
2585 0.36939755 -1.2917814 1.1798716
1491 0.42112038 -1.3481249 0.91011745
644 -0.8052095 -0.23268504 0.84053504
1488 -0.21777616 -0.61859137 0.3044819
1395 -0.11792421 -0.56213605 0.51285547
915 -1.7954074 -1.642036 -1.6075268
2532 -0.27060413 -0.5893316 1.2718276
745 -1.5535582 0.0039121266 1.2788184
418 -1.4324644 -0.12559792 2.317277
2409 0.50072974 -1.9016949 0.080418125
1198 -1.3727297 -0.27074984 2.660195
1348 -0.6683534 -0.33679742 1.5846665
1249 -0.28282583 -0.80150026 2.3269744
2144 -0.020815734 -1.8719034 -0.6334943
2394 0.08653011 -1.1988199 -0.044721365
1656 -0.42908075 -0.38714182 0.38496363
370 -0.56267625 -1.5354208 -0.91188085
377 -0.59387726 -1.0543278 -0.6481207
857 -1.0804389 -0.19045359 0.23168343
631 -0.7700508 -0.39687207 0.20756626
2550 -0.40676597 -0.44256046 0.9824801
1842 -2.3086843 -0.22942522 -0.10319973
2588 0.34895554 -1.2434127 1.4951149
870 -1.0669267 -0.2908273 0.1278932
2414 0.58570445 -2.2849987 0.077337176
105 -0.9377706 -0.55790895 -0.4026838
1464 -0.25532 -0.5792887 1.2594635
2379 0.15465909 -2.2426112 -0.6090364
667 -0.5087253 -0.72148347 -0.2733774
1514 0.33869278 -1.1933386 1.1182761
2489 -0.20578524 -0.5948629 1.4200847
1498 0.085023254 -0.8033661 0.72891164
298 -0.5219303 -1.4328223 -0.8196507
2065 -0.6634776 -0.07734754 0.63692176
1442 -2.218271 0.07779102 1.3635466
2063 -1.8817191 -0.0127185825 0.5311571
258 -0.62113565 -0.68693334 -0.35216174
718 -1.3285505 -0.0568076 1.259293
433 -0.43932155 -0.39663556 1.392627
2451 -1.0329435 -0.10251551 1.1506758
41 -1.8100876 -1.1385343 -1.2284279
536 0.90667355 -2.7847686 0.64524174
953 -0.67896676 -0.9741652 -0.66465235
1534 0.39839488 -1.3694222 1.1121649
1329 -1.220378 -0.05230769 1.4077513
967 -0.87622565 -0.9798088 -0.7688256
146 0.68327683 -3.0598884 -0.15126555
1467 -0.46020052 -0.37739113 0.95163363
1648 -0.35752353 -1.1349714 -0.5401338
1068 -0.20614262 -0.5979715 0.39634985
290 -0.2286147 -0.95157284 -0.17562689
126 0.55657446 -2.8177862 -0.26730537
971 -0.9638934 -0.93865603 -0.81086165
2006 0.85205126 -2.5414379 0.7660746
485 0.25669584 -0.98683655 1.0714368
2636 0.5682112 -1.7051983 1.7848369
2326 -2.0910242 -0.10234423 0.22635505
249 -0.80751806 -0.34289518 0.21657309
1139 0.16279729 -0.9553164 0.96576446
2407 0.14005062 -1.2811157 -0.14219375
659 -0.25095102 -0.9924959 -0.29111564
2492 -0.446837 -0.42665493 1.3108083
93 -1.0216576 -0.75717694 -0.538396
1067 -0.0500292 -0.73467195 0.41287938
1330 -1.3482985 -0.05423975 1.8400213
1314 -1.3055599 -0.03178817 1.1719668
421 -0.8572749 -0.34296736 2.0940945
1061 -0.48411453 -0.6757857 -0.13776498
2453 -1.0279 -0.14665164 1.4744346
776 0.22745395 -1.091466 0.44837788
2262 -0.58449954 -0.44582227 0.07415697
245 -0.65588665 -0.4458284 0.1419827
1528 0.20370248 -1.0291113 0.91574097
1865 -2.75657 -0.038241822 0.58348966
2592 0.3176915 -1.1043383 1.5076474
2110 -0.7059257 -0.34222525 0.3191053
493 0.95346665 -2.4076788 1.6022252
1167 -1.8599201 -0.2236756 3.0828588
1621 -0.78245974 -0.617159 -0.25445572
1165 -1.4053549 -0.13270961 2.1387932
883 -1.3697735 -0.513263 -0.40876678
2057 -1.4035 -0.15722921 0.15823825
1791 -2.1986985 -0.20794341 -0.08951858
2370 0.20030285 -1.62735 -0.21901141
1792 -2.3660595 -0.28124493 -0.20311603
2072 -1.9868168 0.11448303 1.1072068
1183 -1.6252711 -0.14812176 2.540358
1878 -1.6011823 -0.181931 0.1757147
1069 -0.04217432 -0.8294319 0.52778625
2498 -0.49922362 -0.32223034 0.86120236
394 -0.9026863 -0.26294738 1.9635142
2088 -1.8551557 -0.4412065 -0.5729445
1499 0.20975702 -1.0614195 1.3498993
2160 -0.09017789 -2.2181795 -0.92007047
622 -0.8160709 -0.34372586 0.13139588
337 -0.42456898 -2.1221097 -1.1123831
519 0.75614476 -2.302627 0.5859537
866 -1.347433 -0.43183497 -0.2404699
1828 -2.13877 -0.070723325 0.3847691
1354 -0.7739233 -0.19343397 1.3526331
2175 0.26693496 -2.5905263 -0.65578204
2454 -1.2660191 -0.081784554 1.5576649
1288 -1.4379772 -0.010777211 0.62863576
559 -1.301143 -0.2990094 0.113822564
1575 -0.37915486 -0.81544936 -0.16271855
744 -1.3750255 -0.035764452 1.320388
766 -0.16588792 -0.7384855 0.2409823
926 -1.8224903 -1.5931157 -1.5579351
1257 0.15436198 -1.1161125 2.0165153
259 -0.65263945 -0.541009 -0.08449812
475 0.24861102 -1.0168623 1.0540621
990 -0.27819648 -1.2377449 -0.58658165
1938 -0.39979905 -0.50859845 0.21203114
920 -1.1710858 -0.6518165 -0.51167923
858 -1.0196031 -0.09118368 0.54618317
270 -0.39186817 -0.6625617 -0.022958444
2098 -2.6349003 0.024215583 0.64981526
1086 -0.6195888 -0.39778095 0.3186788
2202 -0.045307163 -2.4247913 -0.9127425
1075 -0.07672677 -0.9843616 -0.104766846
2040 -1.7483971 -0.31442985 -0.2064711
1992 0.48590913 -1.7247312 0.54681456
2568 0.028992493 -0.78741056 1.1873955
1504 0.25159645 -1.1739045 1.6908348
72 -0.06511779 -0.75750417 -0.053776603
1216 -1.3968328 -0.2728409 2.8052292
863 -1.1726599 -0.39058983 -0.15456887
1594 -0.40930778 -0.8031568 -0.15941325
1454 -0.76781493 -0.19343066 1.3801645
1270 -0.14969921 -1.2724977 3.069682
2609 0.5894946 -1.8316901 2.268848
55 -1.166778 -0.5043868 -0.4485358
2359 -0.37749085 -0.9101367 -0.30325755
1513 0.35260755 -1.2831362 1.2656559
1883 -1.4598279 -0.1987065 0.04439896
717 -1.056669 -0.116305284 0.8470522
1530 0.19101512 -0.9508139 0.80462873
2219 -0.17567876 -2.2173595 -0.9762896
2026 0.33825272 -1.401716 0.4892554
2281 -1.3708345 -0.29454488 -0.086102776
674 -0.36112836 -0.3863989 0.3544322
338 -0.4599212 -1.2584847 -0.7245703
208 -0.9710124 -0.4650988 -0.13324596
1164 -1.1077771 -0.16768456 1.8349398
1384 -0.5356143 -0.59797543 2.3527935
625 -0.69918454 -0.2946624 0.53992206
715 -1.1444288 -0.090260774 0.7933345
513 0.876493 -2.534472 1.0514001
1638 -0.46490103 -0.58900535 0.010104021
2456 -1.0406113 -0.08813433 0.96677804
2183 -0.543415 -1.3343102 -0.8201333
484 0.44207028 -1.4850742 2.0867677
1929 -1.5981051 0.029986443 1.1776885
1056 -0.40606835 -0.59145206 0.19241713
1720 -2.1923647 -2.3137345 -2.1144426
2112 -0.69947976 -0.32540917 0.063116275
2411 0.582515 -1.9195193 0.22191541
111 0.25717157 -1.7166456 -0.090945594
390 -0.674751 -0.37006295 1.8931481
70 -1.6582972 -0.97248745 -1.0706235
942 -1.2070419 -0.6245952 -0.5478119
2555 0.10379718 -0.9381996 1.4957819
2464 -0.70163625 -0.25008485 0.9655861
2070 -1.8716161 0.054743733 0.7840095
16 -2.2817357 -0.86079544 -1.0397751
2216 -0.26677188 -2.4390721 -1.152717
712 -1.4169556 -0.0489055 0.768427
397 -0.75451434 -0.36334974 2.1260047
1574 -0.23678218 -0.92931706 -0.13289958
1581 -0.19117671 -0.9239989 -0.052666627
455 0.2556859 -1.3421497 2.1446908
581 -0.82226676 -0.3715281 0.09653021
1352 -1.4713409 -0.083216034 1.9442365
183 0.48153096 -1.827278 0.302285
1441 -1.7724589 0.028344719 1.2689148
2147 0.13764374 -1.9639078 -0.4971612
650 -0.104989804 -0.63161784 0.045458272
2084 -2.3782146 0.079752274 0.8079764
2564 0.057146765 -0.79732907 0.91142535
1123 0.08374891 -0.90263253 0.8496306
1632 -0.4854829 -0.74628866 -0.28107682
642 -0.7057704 -0.24199536 0.83632725
897 -1.0875883 -0.9255139 -0.8138591
2017 0.084207974 -1.0574918 0.13581254
2493 -0.45409054 -0.34562144 1.112667
2445 -0.8741098 -0.20077184 0.58031505
2308 -3.0067208 -0.34768143 -0.23712075
899 -1.4579087 -1.265075 -1.203097
161 0.8526574 -2.623211 0.40847754
1598 -0.46077088 -0.64132375 -0.095226794
1405 -0.5970816 -0.43886548 1.8283709
2121 -0.9262144 -0.56960416 -0.3894027
570 -0.97857463 -0.28700417 0.05631166
511 1.1342335 -3.1365182 1.2037482
854 -0.8946996 -0.2489623 0.24120373
2195 0.19978824 -2.090244 -0.524866
171 0.6903522 -2.790892 -0.019173572
2275 -3.4235988 -0.30883527 -0.11289384
1368 -0.5356707 -0.35637754 1.2558625
1235 -0.66714185 -0.702137 2.7944055
1455 -0.39008224 -0.41502583 1.3531027
2124 -0.8051033 -0.5203685 -0.1899296
1035 -0.6788087 -0.4401297 0.2502605
33 -0.95493305 -0.7390322 -0.61034495
822 0.09008318 -1.0465113 0.33929372
2230 -0.21245939 -2.3793461 -1.0826641
169 0.8978743 -3.5106118 0.090652786
2016 0.5075858 -1.7686039 0.4471297
2606 0.72570384 -1.9587709 1.7777582
894 -1.1695099 -0.6498245 -0.52106756
461 0.108140685 -1.0741866 2.092962
101 -0.9860205 -0.5914614 -0.52164555
530 0.94642913 -2.7032979 0.85685456
2446 -1.0327533 -0.1382383 0.6471323
902 -1.0562932 -1.152435 -0.98430204
928 -1.2366477 -1.805367 -1.5110437
2390 0.03322448 -1.2916988 -0.18632263
2127 -0.71534526 -0.24950747 0.4711095
1313 -1.655619 0.010397859 1.7185662
1240 -0.7789184 -0.32083482 1.9035184
1149 0.034454394 -0.7347275 0.59739256
1263 -0.30267787 -1.1237533 3.1139557
1810 -2.721995 -0.1850706 0.050659202
1829 -2.5071855 -0.08337496 0.29654622
1880 -1.6203773 -0.14531389 0.1736985
521 1.1220089 -3.1859527 1.0650074
1853 -2.3485157 -0.15383151 0.06547661
1277 -0.15323016 -0.507368 1.1315233
1604 -0.14358863 -0.8489309 0.12109661
2204 -0.084707044 -3.0479748 -1.184086
2388 0.28991568 -2.3466766 -0.4995241
2611 0.5719337 -1.8500621 2.1608126
1806 -1.840421 -0.3839358 -0.41121873
2165 0.0060398234 -1.348178 -0.32122216
32 -1.2219927 -0.95168567 -0.92297417
128 -0.029281216 -1.2711282 -0.40972236
2238 -1.3381265 -0.38635942 -0.2434926
406 -1.0560788 -0.038004212 1.2255291
2113 -0.9207363 -0.17730996 0.23257822
789 0.15358447 -1.0316722 0.47602656
2397 0.6251336 -2.2646103 0.078556985
1320 -1.7572136 0.057314567 1.4094068
1505 0.315441 -1.2206469 1.6296288
668 -0.21016583 -0.827016 -0.004282824
812 -0.017265161 -0.7751124 0.8903649
1882 -1.3774267 -0.11575379 0.35521963
1636 -0.32736266 -0.49865076 0.16902299
977 -0.4593573 -0.92729366 -0.4506576
441 0.2098954 -1.0763484 1.7910166
910 -1.7274498 -1.2736135 -1.3126922
147 0.83233905 -3.5116882 -0.14724924
166 0.68845147 -2.439457 0.21285723
391 -0.36307847 -0.58877903 2.0719929
1280 0.07041999 -0.66790986 0.5899332
95 -0.75160795 -0.7560721 -0.53020513
981 -0.32056263 -1.1972044 -0.5725973
645 -0.76916444 -0.33753428 0.3418184
1649 -0.5046175 -1.1113217 -0.6110039
1447 -1.0395496 -0.12404943 0.75754756
751 -1.1323336 -0.090949185 0.73497474
276 -1.102195 -0.5152704 -0.37558568
2475 -0.4791435 -0.4804595 0.11462104
2516 -0.6719445 -0.28995284 0.8116239
976 -0.69765365 -0.9152145 -0.6190961
1637 -0.3155894 -0.5983076 0.1978163
1819 -2.294391 -0.16572724 0.06572342
755 -1.2968779 -0.04344601 0.9124572
649 -0.30226165 -0.4773275 0.34778062
234 -1.2732639 -0.31632963 -0.14508785
2224 -0.4215623 -2.8017554 -1.4186505
1577 -0.48353842 -0.78554624 -0.25633925
2551 -0.5361917 -0.3506364 1.1522559
2082 -2.317731 0.03895121 0.7399174
2126 -0.9275962 -0.20431821 0.40110338
1049 -0.3332364 -0.44698545 0.7805223
2625 0.83113176 -2.1891284 1.8335168
61 -1.6501336 -0.91181 -0.93506926
638 -0.6565384 -0.2982195 0.6732428
2193 -0.12422378 -2.4327774 -1.0259488
1312 -1.6478838 0.013621251 1.6612805
2021 0.8348111 -2.3704567 0.946585
2051 -3.3249066 0.039597563 0.90378505
419 -1.3405358 -0.23010093 2.4694772
2163 -0.039494805 -2.065345 -0.7649584
1432 -0.2774263 -0.40696877 0.76198685
1269 -0.27056915 -1.0368323 2.8550181
865 -1.4048496 -0.3661943 -0.1853563
255 -0.9881536 -0.2527702 0.15315995
534 0.5940721 -1.7856067 0.717439
2043 -1.8206359 -0.3029482 -0.34515998
2089 -2.275373 -0.16194744 -0.11547776
613 -0.6218712 -0.5856246 -0.07931679
813 0.102518044 -0.9783554 0.54975104
1794 -2.2216568 -0.24876177 -0.13199264
89 -0.86305225 -0.4392817 -0.14494963
1562 -1.0625486 -0.394833 -0.19211075
1168 -1.7957139 -0.11117553 2.6232228
347 -0.47924256 -1.5657654 -0.8222135
843 0.17678837 -0.99674004 0.5439002
2248 -1.904009 -0.30572087 -0.1730101
277 -0.6901827 -0.79798 -0.5022869
2087 -2.6306837 -0.18226334 -0.03958764
353 -0.35119268 -0.65599966 -0.08372165
2461 -0.9951616 -0.14807528 0.62052006
890 -1.2580533 -0.6405023 -0.5704762
690 -0.46366343 -0.63375866 -0.08894553
2617 0.6912004 -1.9836498 1.9920266
2436 -1.1299701 -0.09344175 0.85705787
2647 0.7558261 -1.9802676 1.4157662
1801 -1.8716878 -0.15171379 0.074030034
1873 -2.3813794 -0.22081143 -0.009651572
2182 0.008686888 -1.2427776 -0.4039918
963 -0.9029144 -0.86323583 -0.6772116
1569 -0.49426454 -0.71720785 -0.13147767
577 -1.065976 -0.26463026 0.26972678
2350 -0.39405313 -0.85895467 -0.28183022
1787 -2.1477375 -0.31004423 -0.25086492
2353 -0.27311882 -0.5999057 0.15366542
1332 -1.8904426 0.08582755 1.3540934
658 -0.31992373 -0.7604986 -0.1430614
1728 -1.701831 -2.008894 -1.7639352
345 -0.6083881 -1.3227233 -0.76625305
1204 -1.4275154 -0.20833924 2.4507928
1247 -0.4316665 -0.5009424 1.6653186
1526 0.08889657 -0.8563167 0.61750036
864 -1.3720961 -0.5745196 -0.4895934
1789 -2.628246 -0.15732326 0.105268344
301 -0.24002536 -1.1008307 -0.4139655
2099 -2.6941972 -0.029404659 0.4937193
555 -1.1872796 -0.25222167 0.3234612
2145 0.025298038 -2.021187 -0.6793879
1803 -2.077653 -0.32036847 -0.3388572
1659 -0.3039058 -0.7056205 0.105821855
1506 0.26301455 -1.2408764 1.8326919
1130 -0.18452375 -0.52472353 0.7616698
815 0.099389896 -0.9027075 0.6099686
2574 0.03299453 -0.7693791 0.8012821
224 -1.2401685 -0.27954516 -0.088609114
1612 -0.42374542 -0.6326022 -0.0056377524
821 -0.058823064 -0.898214 0.115273245
736 -0.96274906 -0.10341051 0.99329066
2383 0.35626876 -2.1458924 -0.29700434
565 -1.1225418 -0.4715864 -0.2917591
220 -1.193285 -0.46872115 -0.25899556
1689 -1.308273 -0.9695123 -0.9247448
1824 -3.3639557 -0.06200563 0.4371025
1233 -0.7485962 -0.7079603 3.0105526
467 0.10540613 -0.8022475 0.92514354
799 0.15938474 -1.0704317 0.61909485
586 -0.69266057 -0.26965132 0.59112036
2139 0.061018374 -0.97868884 0.005990054
2387 0.40589693 -2.2429333 -0.26929054
2374 0.25517866 -2.1902056 -0.44201672
2321 -1.9410489 -0.1616838 0.04355676
2265 -0.8008722 -0.44586325 -0.049940545
2075 -2.741709 0.0122269 0.6799551
1516 0.22938883 -1.0633636 0.57544225
2283 -3.12821 -0.5270397 -0.5010617
2213 0.048968423 -1.7491995 -0.5079287
2225 -0.4178232 -1.7819724 -0.93755186
886 -1.4543062 -0.6262392 -0.6235953
522 1.2101823 -3.5069854 1.1296425
1463 -0.15460417 -0.64478034 1.3486016
1401 -0.0035398938 -0.5881975 0.75878507
1016 -0.7156848 -0.3514877 0.29595202
408 -1.4085853 0.0069154906 1.6047207
2164 -0.15856765 -1.5374337 -0.6570113
240 -0.7918012 -0.53148305 -0.11389686
888 -1.3230278 -0.36536965 -0.2308965
535 0.9545712 -2.819734 0.7076708
2380 0.05102986 -2.0402973 -0.6473691
2290 -2.1701052 -0.48942292 -0.56407297
1190 -1.6215134 -0.11435464 2.3921602
882 -1.0443646 -0.3101599 0.041735258
1980 0.5660138 -1.7805835 0.7117855
1940 -0.17872699 -0.5465402 0.7220763
1890 -2.9478407 -0.09535533 0.377446
173 0.66683686 -2.5657923 0.05381535
1823 -3.1059906 -0.057070564 0.34814563
106 -0.5171696 -0.84628755 -0.4618201
495 1.1020255 -2.8906279 1.5253465
2418 0.84930396 -2.6599178 0.45509332
1869 -2.4125552 -0.039906878 0.4990567
2427 -1.2848879 -0.11527516 1.9223362
136 -0.28869373 -0.79705244 -0.11200355
2166 -0.025563868 -1.3720541 -0.2533535
590 -1.0099121 -0.29453018 0.21661876
562 -1.0721564 -0.4944605 -0.2559192
2304 -3.3431435 -0.3901953 -0.31513748
596 -0.7668213 -0.61184967 -0.32983094
1156 -1.3431796 -0.16837193 2.1748064
203 -1.0741366 -0.41765356 -0.10584913
1872 -2.4115975 -0.10770231 0.20797576
2114 -1.0529056 -0.23983136 0.123925336
2207 -0.10239877 -2.5676699 -1.0569954
952 -0.8699515 -0.68431604 -0.47185647
1297 -1.7156197 -0.019486323 0.6856301
2496 -0.5110841 -0.3109542 1.1071635
1586 -0.5505883 -0.7437265 -0.19636978
27 -2.6697028 -1.0897229 -1.3320724
2439 -1.2514712 -0.076562025 1.034929
633 -0.481342 -0.38418704 0.4239425
2278 -0.884502 -0.2540507 0.034726307
1605 -0.005030301 -1.0717261 0.13520466
62 -1.0048493 -0.6636187 -0.5803787
523 1.1935242 -3.5094244 1.0090048
665 -0.045895047 -1.4824411 -0.40627632
330 -0.092106156 -0.8888978 -0.035945624
2520 -0.52815473 -0.32577392 0.43192333
2105 -0.9140759 -0.21320748 0.38046128
1258 0.02518817 -1.2599225 2.6618433
2583 0.2874798 -1.1746649 1.2469984
627 -0.824758 -0.31299776 0.39443043
2408 0.33829832 -1.6888018 -0.1825217
595 -0.6802392 -0.7118991 -0.37650913
1600 -0.23205906 -0.9927084 -0.20703529
1457 -0.915732 -0.15147737 1.2082223
998 -0.57951045 -1.7164797 -1.0784141
2015 0.65266407 -1.9538023 0.79547614
389 -0.94290465 -0.23581001 1.6581471
2384 0.37385377 -2.210177 -0.3036785
426 -1.0083199 -0.29692787 2.170202
742 -1.2297542 -0.051683914 1.4656284
1133 -0.18274923 -0.46033728 0.68042064
1166 -1.741346 -0.20567286 2.9024444
2601 0.65816224 -2.0207634 2.2791548
801 -0.30826867 -0.4465433 0.39019406
2494 -0.40222627 -0.4507449 1.3389511
1645 -0.35947457 -0.8497851 -0.22690666
938 -1.1094745 -0.80669 -0.7395925
1496 0.30520856 -1.2091073 1.6295413
2358 -0.59383386 -0.85428476 -0.46706304
466 -0.06248193 -0.6901016 1.5101664
1211 -1.849421 -0.26074705 3.3140955
340 -0.40993133 -1.817575 -0.9281588
1304 -1.9808065 0.14157577 1.174967
1142 0.31081814 -1.2117194 1.5015993
929 -1.4838483 -1.572008 -1.4429629
2310 -2.730266 -0.32771292 -0.2294426
123 0.4423973 -2.524881 -0.31378078
2558 0.33670673 -1.482999 2.2723126
283 -0.47688273 -0.61229914 -0.07532954
1255 0.0016979547 -0.99994415 2.1427553
1578 -0.6318548 -0.73454696 -0.24414366
2595 0.79703397 -2.3462954 2.3631873
1378 -0.13298072 -0.5109554 1.04052
1110 0.16583581 -0.9786106 0.7715982
150 1.0092572 -3.5537288 0.25820163
2399 0.4612625 -2.245829 -0.15600109
2335 -0.18282959 -0.86178946 0.0185111
2469 -0.6374489 -0.2963699 0.3943257
454 0.51039225 -1.6261617 1.9720111
913 -1.4184015 -1.1470917 -1.1278031
1854 -2.3641818 -0.13625224 0.2203818
1850 -1.8835849 -0.12132899 0.24406722
132 0.44807804 -2.464224 -0.2732425
2197 0.7675023 -3.3436022 -0.25001195
1126 0.078584835 -0.93864995 0.7889766
1550 -0.6462022 -0.3547988 0.113375105
1757 -0.82654303 -2.2292967 -1.4747453
1538 0.40853515 -1.274042 0.97754234
2344 -0.5437657 -0.7885772 -0.35688204
1093 -0.21484944 -0.722118 0.28976804
2575 0.23531774 -1.058369 1.1884118
1106 -0.21063773 -1.0104247 -0.18274072
748 -1.4707074 -0.010985645 1.2690654
909 -1.4431623 -1.620414 -1.4496447
1338 -1.1190149 -0.15878062 1.756492
2301 -3.1729934 -0.48721847 -0.49278542
38 -0.981599 -0.7210597 -0.49331513
64 -1.275537 -0.9069563 -0.8277924
263 -0.74437016 -0.8111715 -0.46972314
594 -0.6672484 -0.481626 -0.043182135
457 0.21241423 -1.2507753 2.1933854
2472 -0.4687832 -0.3627413 0.52202857
439 0.6607495 -1.6202943 1.2668997
1293 -1.5224556 -0.051905178 0.64378
307 -0.40979645 -1.8431681 -0.9436755
947 -1.00261 -0.5394917 -0.39291584
1163 -1.0642283 -0.07591738 1.3891448
414 -1.3308678 -0.3124751 2.699643
510 0.95128393 -2.7637966 0.92125654
728 -0.7261249 -0.24451455 1.0350323
2247 -1.7275667 -0.33326337 -0.19776718
192 0.81710994 -2.5813897 0.34696084
1899 -2.8858385 -0.10987209 0.3054625
2229 -0.2388998 -2.5949893 -1.1744764
2438 -1.4856005 -0.0070339157 0.89840955
1424 -2.5644994 0.122398235 1.1990913
1276 -0.39237663 -0.58320993 1.8637831
348 -0.58145237 -1.4665985 -0.862143
1901 -1.8389045 -0.30619544 -0.25378498
308 -0.39709017 -1.8463242 -0.94005316
869 -0.6898921 -0.29794472 0.12400807
572 -1.5172204 -0.13371171 0.4070169
1553 -0.59490156 -0.5131083 -0.16158614
1930 -1.036074 -0.121079445 1.1527513
2187 -0.39787897 -1.181294 -0.6823596
1197 -1.4870102 -0.1424941 2.2053628
1533 0.24640578 -1.0385678 1.0180833
1344 -0.6352286 -0.43759003 1.9205015
1272 -0.64682144 -0.58104086 2.5169063
925 -1.7359753 -1.469938 -1.4782113
2131 0.16119151 -1.0662409 0.23175743
1988 0.4802098 -1.5342522 0.63911575
567 -1.5364197 -0.43906248 -0.40780693
1917 -2.311191 0.117533416 1.4237102
1981 0.71185464 -2.2477524 0.513468
2584 0.38772658 -1.3421173 1.3232483
334 -0.09362208 -1.1939152 -0.35806417
339 -0.34981468 -1.6226411 -0.78486115
193 0.7474478 -2.548336 0.1732441
1453 -0.29564148 -0.49468312 1.2521993
2191 -0.19107598 -2.1621604 -0.9392731
2376 0.062421076 -1.4675232 -0.26327434
481 1.073091 -2.9914 1.0708948
2638 0.39132732 -1.2654946 1.0331411
35 -0.85238844 -0.23733184 0.28320777
2369 0.12411186 -1.4732696 -0.20291927
2548 -0.45637572 -0.4336419 1.1087576
1387 -0.44509846 -0.40233898 1.325795
1217 -1.4030448 -0.0745762 1.9780366
2547 -0.19943474 -0.57744265 1.0996246
127 0.37067172 -2.577524 -0.45555374
1215 -1.6721977 -0.35663998 3.3329134
827 0.41026407 -1.3238263 0.87970155
2631 0.9882432 -2.5526183 1.9413089
2600 0.54586947 -1.6970284 1.8586454
774 0.029564044 -0.7869231 0.4914287
1511 0.31645712 -1.19251 1.5260457
1083 -0.40094003 -0.506868 0.41146863
473 0.58484125 -1.6830581 1.0188668
388 -0.9428039 -0.16715638 1.3608531
1460 -0.31900707 -0.45424336 0.8891756
1180 -1.4825151 -0.21809278 2.7275128
592 -0.8003532 -0.29288787 0.4113725
358 -0.63691866 -1.5284635 -0.93818957
2268 -1.4020482 -0.30151105 -0.11307257
1635 -0.29280213 -0.87454814 -0.1347941
395 -0.82106066 -0.30886352 1.9984642
2062 -2.524126 0.022289598 0.55178416
554 -1.196916 -0.220159 0.35153943
2116 -0.9212265 -0.36063275 -0.035363864
807 -0.11414993 -0.64777994 0.751842
1161 -1.3268212 -0.08502485 1.826136
1620 -0.83790016 -0.45710066 -0.1436974
1111 0.18369545 -1.0428542 0.56609356
908 -1.1592747 -1.0710363 -0.9655754
853 -0.5532826 -0.18803015 0.6835382
547 -1.0489298 -0.35056457 0.007863357
2041 -1.3745545 -0.35380015 -0.24835533
1825 -2.1628075 -0.04728697 0.40249497
2223 -0.31862295 -2.6699603 -1.2740568
2347 -0.31473526 -0.7493371 -0.22498895
2245 -1.7024506 -0.43149805 -0.3460799
780 0.29406014 -1.199942 0.5523362
1301 -1.3884757 -0.0046913205 0.62785524
1717 -1.6858294 -1.5328406 -1.5211084
2440 -1.2814224 -0.03250419 1.3221186
2125 -1.3078631 -0.3052948 -0.058965158
164 0.5981871 -1.824604 0.43852144
2539 -0.032694 -0.74198544 0.717261
2047 -2.4461954 0.06905227 0.81558055
2298 -2.5561118 -0.2750803 -0.17772806
367 -0.48244083 -1.3128723 -0.7411618
1431 -0.6090729 -0.2820562 0.91525716
1953 -0.518023 -0.46638566 0.21721356
599 -0.8875718 -0.5649506 -0.16552529
634 -0.58662975 -0.51145905 0.11247057
845 -0.094510674 -0.7352634 0.4713693
190 0.89143103 -2.9579 0.33741906
1360 -1.7637095 0.06470088 1.6405957
1616 -0.18029614 -0.6641959 0.20540838
2196 0.28974035 -2.4020195 -0.56078297
2391 -0.2522628 -0.7799313 -0.0007870821
483 0.3903772 -1.2584665 1.5797601
1900 -2.6024506 -0.06402005 0.3342829
1437 -1.1815696 -0.10166358 0.9290743
2323 -1.9797753 -0.17098479 0.113690786
1918 -2.122113 0.0933152 1.2131045
94 -0.86919874 -0.4855827 -0.35167181
2085 -2.450787 0.0139172515 0.61042506
509 0.5065747 -1.4954671 0.64154387
118 0.24049035 -1.9265308 -0.25515315
112 0.09633384 -1.4437587 -0.20965023
2198 0.54964393 -2.7459116 -0.24811494
784 -0.19543289 -0.5526953 0.59091324
2400 0.37439755 -1.9412587 -0.13386196
855 -0.9592178 -0.41052523 -0.03458634
2607 0.81990427 -2.2025485 1.9876041
1192 -1.6839788 -0.11668128 2.4561384
2342 -0.33922234 -0.8040727 -0.19400048
1327 -1.503651 -0.0020519262 0.7476762
242 -0.6558033 -0.47585908 0.07140767
2058 -1.4301925 -0.15757631 0.08394572
1881 -1.583333 -0.17868209 0.122150056
2556 0.10658352 -0.82107055 0.7176478
181 0.39240754 -1.4557503 0.30836076
2203 -0.057128124 -2.6936715 -1.0499868
578 -0.8940264 -0.24922174 0.35280517
1299 -1.7590185 0.05572573 0.9940366
1827 -2.4453974 -0.18427728 0.07465868
676 -0.5166968 -0.520466 -0.035071414
1931 -1.2445247 -0.0643267 1.3126309
297 -0.59616536 -1.3963741 -0.9056111
1915 -2.1220558 0.1274437 1.7507867
17 -1.7983029 -0.53433245 -0.64258724
2403 0.22269684 -1.3022045 0.18374452
1894 -1.5843036 -0.12093834 0.3565316
664 0.016254537 -1.0142947 0.016176771
687 -0.24273968 -0.8785775 -0.14990862
206 -0.9273441 -0.50612295 -0.15218914
1213 -1.868651 -0.29261923 3.4024704
2244 -1.5137609 -0.26884758 -0.053420592
2266 -0.8070008 -0.5200879 -0.09238061
1587 -0.38436642 -0.7537859 -0.03719178
114 0.25217226 -1.8510933 -0.24139239
1592 -0.65394676 -0.65131766 -0.1929599
710 -1.5965548 0.028675936 0.94422686
1080 -0.18478899 -0.6978281 0.5491281
2291 -2.1570306 -0.529526 -0.5654642
115 0.42192748 -2.3336163 -0.21558118
2276 -3.1672869 -0.38662812 -0.27063024
498 1.2096261 -3.3652916 1.3658853
1036 -0.4551068 -0.6124688 -0.021686591
2185 -0.53714037 -1.0545845 -0.70742124
1473 -0.003229177 -0.6702973 0.43552274
1091 -0.013361197 -0.9221149 0.099617325
2405 0.19439003 -1.4588678 -0.038552035
1570 -0.27835193 -0.84683126 -0.049453884
310 -0.257719 -1.228431 -0.49682152
1522 0.21023484 -1.0330927 0.50854343
2215 -0.1694487 -2.3925266 -1.0379747
1818 -2.081093 -0.11110137 0.25479865
1644 -0.65607816 -0.7417346 -0.34955966
568 -1.1892884 -0.27055007 0.06951251
2360 -0.46375912 -0.87983024 -0.37628898
1326 -1.3479278 -0.01840943 0.8152004
2226 -0.3488588 -2.2965164 -1.1575906
489 0.98175794 -2.6297972 1.5664872
608 -0.72731906 -0.49007753 -0.033115976
628 -0.72467697 -0.3923143 0.2370005
176 0.92484784 -3.6236246 0.0121407565
1603 -0.40199247 -0.6646537 -0.032490287
545 -1.2237618 -0.5504074 -0.50226283
2530 -0.941754 -0.18372382 1.1922674
2570 -0.15419498 -0.59500396 1.1068431
1358 -1.6753565 -0.028533453 1.9465452
2554 0.01927615 -0.9329923 1.7693682
1871 -2.7203457 -0.05058305 0.45509413
2593 0.6928473 -1.9669545 2.1236405
2402 0.43152025 -1.9593095 -0.05874197
375 -0.4834197 -1.6272445 -0.8890133
706 -1.3700879 -0.021635417 1.0235344
2107 -0.903709 -0.29706085 0.13300249
1282 -0.28083757 -0.43834266 1.3722655
1366 -0.46345308 -0.39326882 1.6268178
1434 -1.0737504 -0.16533343 0.56371146
2270 -2.2727416 -0.25160104 -0.13030438
451 0.3112444 -1.1581893 1.5780745
978 -0.34353647 -1.2242678 -0.53465974
1019 -0.48793155 -0.34921655 0.6394816
1864 -1.9649978 -0.08518278 0.3379929
2545 0.077201225 -0.8191062 0.7017931
1046 -0.63237405 -0.46431613 0.107365325
1317 -2.365202 0.09309372 1.8551848
2435 -1.297809 -0.03889567 1.4755188
1558 0.042891394 -1.0715907 0.062414635
2348 -0.11771224 -1.0912468 -0.37182528
1548 -0.33093548 -0.64463174 -0.04459869
846 -0.19682017 -0.7892125 0.09611145
368 -0.47566038 -1.3605964 -0.70658153
1472 0.007613514 -0.721001 0.7129286
2648 0.7235478 -1.9687455 1.6827776
2151 0.27555314 -1.9510651 -0.32671076
1146 0.17177126 -0.9256669 0.5079017
1236 -0.5254109 -0.79323596 2.7601838
607 -0.9728379 -0.39543092 0.024111694
1278 -0.13396035 -0.6147148 1.2564197
413 -1.433741 -0.2960687 2.814403
771 -0.6989641 -0.28396794 0.34954593
740 -1.1369462 -0.07519154 1.1538427
279 -0.7209476 -0.7422298 -0.3725792
2357 -0.4969667 -0.7031726 -0.14731921
2048 -2.5120583 0.113803014 1.0504045
359 -0.44198802 -1.3674217 -0.6890841
2123 -0.74869984 -0.56758195 -0.24352735
332 -0.13694228 -0.82956964 -0.12115176
1895 -1.6375883 -0.012182003 0.6172362
1435 -0.9941589 -0.13106419 0.74577343
2319 -2.2234924 -0.06834548 0.21532677
756 -0.79895717 -0.18096954 0.721391
802 -0.0052813548 -0.9201458 0.3147475
2242 -1.1150038 -0.38635918 -0.18015166
782 -0.0877085 -0.86267245 0.09378814
2066 -0.8142159 -0.26203987 0.14482144
764 -0.092627995 -0.72821987 0.36770847
2354 -0.23010303 -1.0394765 -0.23137909
2594 0.4902921 -1.514541 1.713081
970 -0.50644815 -1.1374847 -0.6787225
2211 -0.10425855 -0.76265323 -0.077108175
1118 -0.0033623201 -0.81126535 0.6825055
1805 -1.454282 -0.40407208 -0.35597676
867 -1.0723146 -0.2563821 0.082512096
2210 0.13337882 -1.454196 -0.22923817
149 0.6243526 -2.7390993 -0.118552886
922 -1.37057 -1.1718974 -1.1215135
2500 -0.6292438 -0.32165754 0.58246684
531 0.97865903 -2.8380625 0.8852355
705 -1.7742207 0.045150895 1.1603984
996 -0.47450423 -1.7975593 -1.0467107
1223 -1.9504772 -0.11151415 2.8463776
91 -1.1143094 -0.43636963 -0.21118137
1450 -0.6897028 -0.23488767 0.95116156
2573 0.34511113 -1.3398821 1.7317108
1628 -0.30387977 -0.81990916 -0.19221567
1212 -1.3728375 -0.3312012 2.9406817
988 -0.43602818 -1.540412 -0.85172844
1311 -2.029887 0.062743515 1.7395061
795 0.36187166 -1.342671 0.80081815
1015 -0.5066796 -0.39895695 0.288891
1591 -0.67472005 -0.67629105 -0.21445693
2645 0.71992797 -1.9061463 1.1797891
2599 0.6448502 -2.0603752 2.3697493
1682 -1.2092309 -1.56651 -1.271044
1048 -0.41888112 -0.32685512 0.4877308
1959 -0.25586426 -0.90390843 -0.1312687
2552 -0.43523672 -0.4489148 1.352533
1162 -1.102696 -0.11097521 1.5057579
396 -1.2887932 -0.22853231 2.3530774
4 -2.4826474 -0.9607848 -1.1487786
2560 0.08948077 -0.840325 1.0204133
2642 1.0166625 -2.6397474 1.736787
1924 -1.6309075 0.010441929 0.47247148
743 -1.2701867 -0.049392506 1.4099748
2644 1.0425372 -2.6509717 1.1828862
993 -0.47620493 -1.6480833 -0.9591306
2504 -0.50628173 -0.33223405 0.7502104
2039 -2.6047254 -0.28034377 -0.19499992
2115 -1.0727512 -0.33636096 -0.10790477
2643 1.0939225 -2.8376806 1.6169447
386 -0.8153128 -0.23037595 1.4735615
372 -0.50233275 -1.896392 -1.0768113
2524 -0.88961124 -0.2132448 1.2062218
371 -0.46382004 -1.9658108 -1.1142704
1203 -1.2445508 -0.38891077 2.9817064
1954 -0.32817385 -0.45777988 0.4899106
2295 -2.2994447 -0.11704073 0.22894177
2622 0.6693204 -1.7511171 1.2235255
1034 -0.89825124 -0.33653945 0.20138253
2264 -0.7781281 -0.4559072 0.025341555
615 -0.5353128 -0.70356476 -0.1507854
1867 -2.676129 -0.034598593 0.24984471
456 0.12891173 -1.094331 2.083212
1567 -0.56045437 -0.78351426 -0.20557877
209 -1.0449357 -0.4993266 -0.19516753
260 -0.74169356 -0.3823172 0.0123776365
2557 0.24631087 -1.1844325 1.9410957
1551 -1.3158958 -0.41033646 -0.23456159
1490 0.1549511 -0.9507794 0.53801376
2517 -0.56366616 -0.32944065 0.61386937
576 -1.118816 -0.23550497 0.18575872
982 -0.43430707 -1.3595972 -0.7547485
2605 0.9452075 -2.554947 2.2901435
184 0.7233493 -2.3495169 0.39126173
934 -0.8959241 -0.8222299 -0.6399865
1622 -0.5309446 -0.70748824 -0.1597974
309 -0.4585401 -1.356927 -0.76929146
1889 -2.8643553 -0.16782776 0.13201861
885 -0.6800993 -0.4038903 -0.11594167
1866 -2.8444736 -0.075331114 0.45885348
844 0.15644687 -1.1040033 0.4295458
1226 -0.8303237 -0.314992 1.9493715
1487 -0.19410262 -0.5640615 0.57626307
670 -0.19009581 -0.8072768 0.010259618
1440 -1.7635676 0.02055455 1.2339109
529 1.1921604 -3.4857883 1.0787371
1777 -1.2627499 -2.3619535 -1.7740718
700 -1.8547521 0.061855823 1.2510737
2522 -0.94460523 -0.16852671 1.1354983
904 -1.2881546 -1.2862549 -1.1487539
2269 -2.227717 -0.30390096 -0.25485215
2133 -0.01160441 -0.8107952 0.09697999
2515 -0.5541632 -0.32220897 1.0506097
528 1.1114835 -3.1733606 0.8973179
930 -1.1426642 -1.4707714 -1.2545567
1515 0.26423356 -1.1150109 0.37992015
362 -0.49233243 -1.2985005 -0.71319187
2578 0.45698544 -1.6705645 2.2474408
252 -1.0736227 -0.5133963 -0.32217088
478 1.1681697 -3.4380982 0.9130419
1485 0.0093998285 -0.83561605 0.43814787
805 -0.06931631 -0.7059813 0.58191365
954 -0.71780604 -0.7026283 -0.40703404
59 -1.3551221 -0.52236384 -0.4575051
692 -1.4169753 -1.3959931 -1.2966298
248 -0.7312179 -0.5100508 -0.005544658
778 0.011574382 -0.9035957 0.33094075
2079 -2.17394 -0.051094957 0.076485425
361 -0.30985957 -0.9400215 -0.3602917
2430 -0.70067936 -0.22028556 0.79489785
2549 -0.67129916 -0.31301498 1.1163783
81 0.022440892 -2.1438832 -0.75336593
1984 0.61376196 -1.8098612 0.7773518
1445 -1.1701077 -0.07764055 0.77745664
2045 -3.1406715 -0.015360133 0.53012764
1193 -1.4944496 -0.11687992 2.1982744
2287 -2.0500374 -0.12690243 0.09400541
2282 -2.5783699 -0.45098498 -0.46324235
2535 0.08148106 -0.97658753 1.5406258
492 0.5395447 -1.5247979 0.92661494
1307 -2.0214865 0.07058116 1.6684265
1256 -0.020351771 -1.056172 2.295721
2293 -3.514575 -0.29476643 -0.12352864
900 -0.68346584 -0.85637003 -0.5694986
376 -0.5759075 -1.4381187 -0.9487439
2385 0.42565215 -2.4079688 -0.26970726
2302 -3.5261154 -0.4446492 -0.33858702
960 -0.54506564 -1.2074262 -0.72337484
450 0.15634981 -1.0715322 1.9538858
892 -0.8498027 -0.55708253 -0.39140776
2528 -0.7070824 -0.2671402 1.0994967
2137 -0.6616233 -0.9009006 -0.6405311
505 0.83819073 -2.3077185 1.1065335
1176 -0.8665732 -0.2484472 1.7744211
520 0.61240596 -1.6168381 0.8865176
1949 -0.11095183 -0.75137556 0.3824613
560 -0.9364877 -0.30761155 0.20378034
660 0.03765428 -1.0355271 -0.033462357
1811 -2.5674024 -0.17851168 0.02252902
2083 -2.70462 0.02818664 0.686301
2382 0.16649018 -2.3322895 -0.61513484
31 -1.1226922 -0.6523396 -0.59933394
9 -1.4863415 -0.68177974 -0.7470532
2334 -0.20519242 -0.783086 -0.012146736
1425 -2.4464395 0.08278181 1.2345047
1839 -2.5541224 -0.010731805 0.5516624
2373 0.0594903 -2.0583591 -0.6612992
18 -1.7781751 -0.53678834 -0.61850476
944 -1.0088673 -0.7865962 -0.6037901
207 -0.916409 -0.4046816 -0.051961053
1252 -0.337132 -0.7097376 2.2413123
552 -0.7371416 -0.29306749 0.39857265
2322 -1.8794895 -0.22868869 -0.051420417
893 -1.3152132 -0.6671613 -0.5715084
1422 -2.539084 0.11852762 1.3081764
354 -0.4615931 -0.90042484 -0.3889087
948 -0.8041481 -0.3529032 -0.023617191
1339 -1.0455409 -0.10656221 1.4046173
2623 0.957751 -2.4766574 1.7838141
141 0.66494703 -3.125333 -0.22002527
2432 -1.4628451 -0.056497674 1.6816506
722 -1.4263885 -0.043629818 1.2064213
585 -0.7238753 -0.36431226 0.31893954
280 -0.5830584 -0.7517689 -0.29411137
1184 -1.5385915 -0.04126488 1.9393464
527 1.0540009 -3.356182 0.5749782
532 0.73454696 -2.1912117 0.87042475
2503 -0.18387413 -0.50110286 0.6408074
1371 -0.77138036 -0.3593563 2.008292
611 -0.6843386 -0.5414845 -0.045322374
2327 -1.3806814 -0.09680311 0.31996888
2060 -1.983775 -0.01316302 0.6042844
2546 -0.015390878 -0.8198143 1.195068
1316 -2.2526617 0.08354767 1.631557
1082 -0.38540757 -0.5290228 0.38092124
83 -0.25053212 -1.3567613 -0.5597819
1862 -2.5795865 -0.08816719 0.30430385
1114 0.0211907 -0.7498709 0.5167795
1225 -0.8492042 -0.30984747 1.9254127
2497 -0.6259591 -0.25574508 1.1978449
839 0.07485837 -0.9919334 0.4783305
109 0.15753904 -1.1099035 0.2078359
2544 0.10529671 -0.9137866 1.292563
1417 -1.3016014 -0.038972545 1.3160297
1148 -0.0133663425 -0.7201222 0.8531347
2061 -2.9090307 0.09373746 1.021417
2120 -1.0668043 -0.7238314 -0.6220714
561 -1.2176442 -0.3028791 0.08385165
265 -0.6825502 -0.55951685 -0.12135073
624 -0.7613081 -0.2647764 0.5255576
92 -1.0418876 -0.49167988 -0.30974513
210 -0.8013321 -0.46268395 -0.009782254
3 -2.3724089 -0.8204851 -0.9890584
1793 -2.756717 -0.2572905 -0.12636729
424 -1.3146055 -0.22504658 2.3869407
2616 0.6771089 -1.9208944 1.9400901
2311 -3.4497013 -0.38683742 -0.26144072
1481 -0.23379467 -0.52605915 1.0738881
950 -1.378295 -0.25687966 -0.031864773
1058 -0.54539376 -0.4875609 0.14249454
1470 -0.32257578 -0.550634 0.23984705
1331 -1.2400858 -0.015657965 0.9893995
1420 -1.9620895 0.06635542 1.2173007
1268 -0.2209668 -0.8743762 2.3914325
39 -0.92287916 -0.94914246 -0.7320141
550 -0.91747105 -0.21416716 0.2531898
556 -1.1437289 -0.29129615 0.21679206
701 -1.674287 0.03640051 1.1791489
2179 -0.35839978 -1.8085008 -0.9740691
2491 -0.68862873 -0.33763027 1.4609971
2632 0.90802646 -2.4110024 1.445822
1886 -1.6383865 -0.09828011 0.30562043
26 -2.742208 -1.1679099 -1.3988872
1423 -1.8841832 0.04823387 0.906575
738 -1.6681268 0.00954701 1.0526313
363 -0.30544809 -1.6508594 -0.77724105
1439 -1.5336846 0.02168204 1.1340564
25 -2.9412162 -0.8794051 -1.0964258
323 -0.46454284 -1.6902206 -0.9159494
1191 -1.513764 0.03124288 1.6218947
1396 -0.15237193 -0.61557215 1.4317545
637 -0.58479226 -0.43804556 0.24565208
741 -0.7766024 -0.19423968 1.1944274
1064 -0.29770726 -0.638812 0.34396526
752 -0.96885693 -0.19669278 0.56823385
1958 -0.089842856 -0.86513126 0.2523654
66 -1.3235146 -0.7243599 -0.7453475
2152 -0.19581406 -1.2939409 -0.57521176
1077 0.1464611 -1.210466 0.13196337
393 -1.0995125 -0.19661123 2.0754914
1178 -1.0109183 -0.20384401 1.8631752
711 -2.253199 0.055599064 1.0302352
992 -0.6686939 -1.5048054 -0.98398006
906 -1.3840802 -1.2363156 -1.1354768
793 0.3443364 -1.3372463 0.660196
1185 -1.3499787 -0.072426744 1.662852
2639 0.67108047 -1.9302613 1.8010132
326 -0.48300353 -1.2390895 -0.6696445
610 -0.6768803 -0.4129823 0.17129055
22 -2.3809066 -0.8252935 -0.9842931
907 -1.0605958 -1.0833427 -0.9369985
1521 0.20712301 -1.0088433 1.0550518
1482 -0.12901534 -0.6478932 1.3645669
1986 0.9433294 -2.6449082 0.94272834
1456 -0.6435127 -0.2989338 1.5235043
2473 -0.3917119 -0.43759918 0.51207525
2243 -1.4695758 -0.28809237 -0.09569044
635 -0.69390315 -0.54868174 -0.031228533
143 0.05463139 -1.7015125 -0.5552394
1676 -1.8870921 -1.7800438 -1.7004215
2615 0.48777544 -1.6473513 2.2330525
2540 0.058469325 -0.8452772 0.90884334
1449 -0.3891622 -0.35086834 0.8155707
683 -0.5341021 -0.75153434 -0.41673577
392 -0.8618747 -0.3062521 2.0501993
1364 -0.38959277 -0.51206094 1.7109566
2576 0.44850013 -1.5515301 1.9504212
2155 -0.08935717 -2.181747 -0.90023357
1956 -0.48155683 -0.39618358 0.41445577
1092 0.056198258 -1.0190638 0.0878128
1214 -1.9398795 -0.13236912 2.9701934
1319 -2.320393 0.08493517 2.224998
2227 -0.46960673 -2.7871997 -1.4707786
533 0.7745011 -2.147124 0.9401686
2333 -0.3078267 -0.89513975 -0.19439733
98 -0.74046165 -1.3317803 -0.9790767
1372 -0.91982424 -0.28174436 1.8408142
2280 -1.3033243 -0.38525662 -0.19657335
237 -0.73142344 -0.5907608 -0.119263805
612 -0.6996559 -0.49929282 0.066185825
2303 -2.7873626 -0.19898175 0.020151483
84 -0.07995363 -1.6435069 -0.56544435
202 -1.3879201 -0.3738532 -0.10616216
1296 -1.3453438 -0.03288914 0.9617399
214 -1.0937835 -0.25430155 0.1268514
912 -1.6306418 -1.4243778 -1.4149156
273 -0.5314226 -0.43048796 0.1497789
1885 -2.2710037 -0.042898387 0.50762796
458 0.093553774 -1.1358743 2.3763592
809 -0.053755306 -0.7439469 0.8005461
679 -0.65200996 -0.7236968 -0.39176604
384 -0.80616677 -0.24238458 1.2844459
2279 -1.7433758 -0.2748273 -0.059173685
1294 -1.8474618 0.041978706 1.025941
2596 0.78214157 -2.3794286 2.6288662
1630 -0.8341025 -0.57932514 -0.27303123
1480 -0.11051811 -0.6687028 1.353793
1660 -0.20677926 -0.8140563 0.10860055
1400 -0.017498761 -0.6286602 1.1025287
783 0.070974335 -1.0296326 0.34906572
563 -0.84464705 -0.45333236 -0.091678046
47 -1.5341568 -0.9069132 -0.9776991
2217 -0.19326751 -2.829382 -1.221414
244 -0.66577184 -0.5152333 0.009691487
651 -0.27723256 -0.75960994 -0.02087323
919 -1.2249672 -0.73295695 -0.68096995
1549 -0.5170774 -0.5830032 -0.1865661
1985 0.6667794 -1.9641151 0.87619454
564 -1.07766 -0.3600508 0.002920726
2157 0.031565245 -2.5235581 -0.87034875
8 -1.4254943 -0.5511719 -0.53988606
2037 -1.639627 -0.21859393 -0.04049361
2571 -0.07948689 -0.6720886 0.8428319
1377 -0.2787786 -0.5764825 1.5286779
1858 -1.4371196 0.0043759826 0.63525575
2450 -0.74034077 -0.2554292 1.0298594
2086 -2.7930374 0.01698694 0.6669181
2621 0.48432383 -1.511055 2.0327003
1150 0.051738247 -0.72198874 0.6284577
569 -1.202619 -0.3566245 -0.046982322
2068 -1.6225489 -0.056570645 0.28881684
1923 -1.2772883 -0.06631147 0.42944556
238 -0.67430544 -0.55232686 -0.045240834
1508 0.29072785 -1.2325729 1.7139955
1385 -0.9795958 -0.5263744 2.9831214
1802 -1.9156984 -0.15321116 0.057949565
699 -1.3934066 -0.014000559 0.9526844
45 -1.2244356 -1.0687016 -1.0442265
980 -0.2784472 -0.98922336 -0.38008875
331 -0.11187937 -0.97653013 -0.14811099
1438 -1.791697 0.023011476 0.9402312
1318 -2.4641688 0.1226069 1.6296431
2305 -2.6627967 -0.24627325 -0.028177526
212 -1.2600826 -0.48794758 -0.27841455
1552 -1.0685236 -0.43046921 -0.15337558
2141 -0.059335604 -1.8692669 -0.6353565
1667 -1.6091104 -0.9053746 -0.95616233
2375 0.055499863 -1.7807047 -0.50543875
2437 -1.167207 -0.10623631 0.7431384
117 0.45729747 -2.500431 -0.2713677
1955 -0.6519947 -0.4059062 0.34873644
1750 -1.3609805 -1.8606313 -1.5604955
2250 -2.0906892 -0.19321793 -0.058538765
1922 -1.2221482 -0.101397045 0.4523811
629 -0.634522 -0.38730267 0.3171911
2325 -1.367041 -0.072500095 0.32981777
2337 -0.31198224 -0.52217174 0.47256246
516 1.1919427 -3.3246415 1.2163619
452 0.23683648 -1.1130611 1.648379
539 0.98465556 -2.6882899 1.071734
349 -0.57976496 -1.7486728 -1.006505
385 -0.76222473 -0.28823754 1.5855047
2067 -0.75053465 -0.18397856 0.27511203
1474 -0.18651874 -0.53440446 0.5272144
103 -0.8245916 -0.6372784 -0.39444986
1060 -0.21573919 -0.71347684 0.13132037
2646 1.0008805 -2.5582654 1.7023875
703 -1.4156916 -0.009296222 1.1895239
48 -1.5466466 -0.85986847 -0.9198988
2044 -2.530518 -0.20583639 -0.08255994
472 0.75167406 -1.9950315 1.2676468
553 -1.0087585 -0.19590327 0.43121818
217 -1.1535501 -0.5027738 -0.39645287
1291 -1.9697679 0.037990414 0.7764909
1336 -0.7694641 -0.20300023 1.7085882
20 -2.7590306 -0.6441254 -0.8369919
2173 0.33828697 -2.2341747 -0.37112054
11 -2.2968452 -0.9087467 -1.0652603
2246 -1.894537 -0.45101428 -0.42233264
856 -0.7829038 -0.36746418 0.022080064
1412 -2.1306207 0.06472935 1.3436651
1002 -0.6397777 -0.35151762 0.48813775
23 -2.6681228 -0.78637785 -0.9913929
1159 -1.1490732 -0.10979262 1.5340557
2174 0.36860058 -2.5698953 -0.47516173
1844 -1.5859586 -0.25419173 -0.0033494276
2487 -0.21851249 -0.56039107 1.004193
2159 0.11824838 -2.8989534 -0.92349106
1160 -0.8746982 -0.16904187 1.0136523
714 -0.85426307 -0.20328899 0.8901206
2336 -0.27768996 -0.67216736 0.16644269
1369 -0.31520453 -0.4219197 0.9133673
148 0.84452945 -3.602102 -0.1246997
1345 -0.50283355 -0.57593954 2.158776
767 -0.31207553 -0.55919087 0.33285922
538 1.0044124 -2.8103771 0.8426451
543 -1.1209065 -0.23302598 0.30313286
286 -0.5815947 -0.2235758 0.4738004
2168 -0.17826869 -1.2333018 -0.45861414
1283 -0.09396835 -0.41798243 0.7576972
500 1.238645 -3.5480015 1.1491227
1557 -0.12901618 -0.8405162 0.018665334
1302 -2.2997553 0.072381906 0.94394207
808 0.026875468 -0.8530072 1.2255416
2525 -0.75681657 -0.2510694 1.1286837
254 -1.0475203 -0.441836 -0.21786286
2640 0.6417129 -1.8438575 1.6703389
2598 0.6588696 -2.0043669 2.0650237
2587 0.48134062 -1.6386895 1.9361563
713 -1.0587666 -0.12750378 0.5806896
2309 -3.3429246 -0.41096222 -0.3430686
2064 -1.5520985 0.06769196 1.0031075
5 -2.4860258 -0.70370525 -0.83560294
1295 -2.0547535 0.08018442 1.2322527
2338 -0.30103037 -0.74572206 -0.08670811
1381 -0.31822032 -0.49166134 1.3809226
1563 -0.9683599 -0.49203998 -0.24844138
2054 -3.0586076 -0.18448178 0.06611309
639 -0.38844773 -0.42851508 0.5218482
1237 -0.5907858 -0.85768175 3.0956638
654 -0.3175269 -0.5565602 0.22941135
2315 -2.2210596 -0.4275778 -0.45737624
87 -0.3128405 -0.7129919 -0.19015297
571 -1.525142 -0.24638106 0.09871292
1182 -1.1000532 -0.11585074 1.6004819
1321 -2.4441965 0.1283011 1.947154
1005 -0.5864711 -0.25280735 0.79623723
1670 -1.2452714 -0.55667603 -0.50184864
2429 -0.78750074 -0.18860132 0.5688399
1615 -0.3738815 -0.50619745 0.0751106
1631 -0.6608992 -0.61702085 -0.18345726
1798 -2.331033 -0.14093234 0.08575815
588 -0.6373153 -0.36530864 0.38023284
640 -0.5052873 -0.37181398 0.71673423
1446 -1.0230906 -0.097181454 0.8372864
1520 0.24667579 -1.109027 0.9178611
2014 0.5952576 -1.7389591 1.0844156
1595 -0.31741253 -0.9805228 -0.21983224
997 -0.41541094 -1.8709393 -0.99582493
1517 0.09202104 -0.903969 0.26900488
1436 -0.62319803 -0.29169014 0.57840693
1835 -2.2942626 -0.24292971 -0.121543095
1888 -1.4057442 -0.150003 0.13828383
721 -1.4269439 -0.07491389 0.8705205
2501 -0.43944204 -0.41221723 0.86629474
2284 -3.2711349 -0.45948458 -0.40259162
1874 -1.897952 -0.19050452 -0.0009111373
1576 -0.5246876 -0.75575787 -0.27365413
1373 -0.40345913 -0.4463728 1.4079822
1292 -1.5950649 -0.074648716 0.47742897
1047 -0.72938526 -0.4429111 0.15319175
67 -1.159152 -1.0390164 -0.9656402
2294 -3.2660856 -0.37069082 -0.22287178
1066 -0.029752448 -0.78301287 0.7082505
46 -2.1955128 -1.2662598 -1.4249593
1065 -0.2100979 -0.6131635 0.87283385
82 -0.37042218 -1.4061837 -0.7676259
79 0.110930875 -2.461885 -0.7627723
284 -0.63521993 -0.40566668 0.014334254
557 -0.9419263 -0.37637156 0.07591189
1181 -0.8142408 -0.29045215 1.968655
1914 -2.485713 0.14568007 1.542565
1795 -1.7547746 -0.19299968 0.040778533
2490 -0.66093206 -0.35600838 1.5316329
49 -0.91714865 -1.0540304 -0.9104208
2273 -2.9965827 -0.38288647 -0.32857746
239 -0.70259106 -0.64673084 -0.17390683
614 -0.5458153 -0.73174167 -0.20915766
546 -1.4951297 -0.33441922 -0.16299857
1177 -0.93784887 -0.28980017 1.9794108
924 -1.61694 -1.2643178 -1.2444141
1376 -0.35363474 -0.69943553 2.240403
591 -0.94998676 -0.30876642 0.20412032
2035 -2.2818444 -0.20261058 -0.0725915
2285 -3.0874746 -0.3993469 -0.3507924
1500 0.2585695 -1.1300428 1.4778867
336 -0.2795659 -2.0545952 -0.96818495
548 -1.0830173 -0.27509996 0.28068748
1289 -2.4271836 0.040875763 0.6535659
2523 -0.86696154 -0.20392919 1.2505711
1462 -0.14589266 -0.7401677 1.6693329
1921 -1.1972543 -0.089044735 0.3336262
2620 0.20904921 -0.9821503 1.4483689
632 -0.91423565 -0.24193344 0.5176023
287 -0.76255697 -0.3261229 0.26746854
1863 -2.281289 -0.020987723 0.5139355
1920 -1.3760785 0.0054829987 0.9141756
494 1.0729359 -3.0220985 0.8734971
52 -1.001917 -0.5791715 -0.42938408
1860 -1.6708971 -0.033490494 0.5717873
1023 -0.77738667 -0.43792796 0.09921574
2288 -3.4753015 -0.21225864 0.086438954
2577 0.33552495 -1.4150542 2.1180258
185 0.85493475 -2.7044766 0.47726032
2495 -0.4334756 -0.44696996 1.2690861
1851 -1.7082324 -0.15991418 0.13673915
1388 -0.015937578 -0.58587754 0.2933879
1944 -0.06161707 -0.57971 0.5313751
102 -1.2594885 -0.6863528 -0.5707927
1788 -1.5564528 -0.17529736 0.043543834
2481 -1.2440212 -0.06719987 1.4552358
1554 -0.7074763 -0.39113364 -0.08104926
1004 -0.97778773 -0.11000128 1.0211759
2050 -2.852498 0.063493185 0.8659748
2143 0.017042367 -1.9018586 -0.59362686
1875 -3.3968174 -0.078877896 0.4521748
781 0.332435 -1.2697918 0.4315411
2499 -0.43122575 -0.47433576 1.1624432
2343 -0.502207 -0.5136434 -0.0142438505
2428 -1.3170421 -0.05381199 1.5852581
1333 -1.8738949 0.075581804 1.2836521
1651 -0.45530507 -1.3116052 -0.7558696
1158 -1.2128012 -0.043991454 0.97467667
2634 1.0243629 -2.6799254 2.2112567
2316 -2.7933226 -0.44093844 -0.5095654
142 0.25730938 -2.239588 -0.53325063
2419 0.70452094 -2.4904556 0.22306283
1800 -2.2944086 -0.0677656 0.3332286
76 0.3130443 -2.62922 -0.5415201
945 -1.1826552 -0.8016755 -0.74055666
695 -0.46321318 -0.5694223 -0.044149444
2401 0.5234441 -2.3021455 -0.065264374
2612 0.6232527 -1.9199781 2.085216
1561 -0.97133654 -0.47759575 -0.23579316
1650 -0.25561094 -1.1164439 -0.45133317
2258 -0.975724 -0.44506967 -0.123769216
205 -0.5764017 -0.7078241 -0.23047109
918 -1.087976 -0.6592213 -0.58970463
709 -1.7816645 0.018801905 1.0592445
2036 -1.9074235 -0.20729814 0.09201122
1057 -0.38856876 -0.7303175 -0.080594584
972 -0.5945405 -1.6054429 -1.0107199
2519 -0.8605256 -0.18351571 0.6497601
1430 -0.5200466 -0.396196 0.4674021
1026 -0.40184018 -0.37966737 0.66013163
2351 -0.946933 -0.714971 -0.54692537
2324 -1.8564062 -0.18438683 0.088798106
2033 -2.0140977 0.007906048 0.55713665
2188 -0.38306198 -0.99922806 -0.4521236
2340 -0.488805 -0.5582336 0.18875374
875 -1.1396673 -0.49821496 -0.27268428
213 -1.0996418 -0.4894221 -0.21939042
53 -1.5740876 -0.60359436 -0.6023918
2529 -0.70784986 -0.27189258 1.0497241
1870 -2.2853675 -0.04448 0.553844
2567 0.30870658 -1.2247149 1.1978941
1919 -2.0278964 0.056277856 1.0095861
1546 -0.4917678 -0.6273515 0.01989855
2069 -1.3945975 0.05662335 1.0574664
2249 -1.9763204 -0.17632908 0.0642661
2253 -1.3623875 -0.13124779 0.039113086
2320 -1.2880204 -0.2738369 -0.13759881
2059 -2.0325873 0.02430919 0.52553856
1174 -0.8941987 -0.4549309 2.610915
1033 -0.8457014 -0.31435755 0.24376188
2559 0.18227965 -1.2103169 1.990828
852 -1.0849628 -0.10243372 0.6126009
2614 0.5942628 -1.8399473 2.2234592
2346 -0.27722448 -0.5126547 0.110968605
1902 -1.771873 -0.34602204 -0.29844686
1054 -0.610667 -0.45730886 0.33707756
135 0.09633252 -1.0285937 0.29562798
702 -2.269556 0.12660141 1.2843673
2255 -1.9771042 -0.22682726 -0.08024193
2628 1.2161721 -3.2253447 2.2220466
2505 -0.95878416 -0.15655273 0.71335727
7 -1.9470296 -0.8104961 -0.89282805
119 -0.027385516 -1.4706095 -0.39869487
2256 -0.7642168 -0.24820417 0.053301934
1957 -0.47916052 -0.47184166 0.28485227
216 -1.1634096 -0.2996572 0.049902517
2034 -1.9631882 -0.027769309 0.3052491
211 -1.2048426 -0.45177776 -0.19838677
1556 -0.6979767 -0.68716496 -0.30025557
2542 0.04826506 -0.79791564 0.95843536
221 -1.1305915 -0.30038396 -0.0835493
1796 -2.2153366 -0.36827654 -0.38438466
1300 -1.2875859 0.0043524513 0.99689984
566 -1.2072767 -0.41384175 -0.24856476
1512 0.37345403 -1.2642293 1.0197874
201 -1.7234511 -0.38062307 -0.29341063
175 0.81219584 -3.418715 -0.08024261
2274 -3.2200825 -0.3919735 -0.32879925
2237 -1.2199217 -0.38554072 -0.1618479
2228 -0.09106713 -2.0953827 -0.7891565
2518 -0.5415965 -0.38022506 0.36169913
2251 -2.6260333 -0.22636436 -0.034714222
708 -2.2390215 0.05080564 1.3633643
1790 -2.3233883 -0.11716981 0.23128815
653 -0.37668976 -0.6479954 0.047113765
2433 -1.4302802 -0.0069230483 1.4766899
1833 -3.0551627 -0.17802452 0.09956097
1287 -1.6098729 0.03540046 0.6632443
1848 -2.217948 -0.4832394 -0.5462868
1017 -0.66796446 -0.4414271 0.21964979
1013 -0.78536236 -0.36237812 0.1027546
225 -1.4734129 -0.15241085 0.24630818
575 -1.5312003 -0.17912331 0.2319706
2049 -2.231043 0.080520034 1.0696204
582 -0.61904895 -0.29875278 0.4630718
2541 -0.016805332 -0.74962485 0.9107394
2459 -0.89907867 -0.13081685 0.9967457
1112 -0.00516829 -0.85870314 0.6047294
794 0.40433934 -1.487093 0.75059956
544 -1.2660823 -0.34643856 0.00896434
1799 -2.734849 -0.15267965 0.092289604
2236 -1.5921206 -0.37203756 -0.29745778
2186 -0.269335 -1.0977353 -0.50188047
2181 -0.8478816 -1.9647459 -1.4238377
1323 -2.761349 0.13805021 2.2059336
1151 -0.068589665 -0.64782304 0.5312765
50 -1.4707144 -1.1270547 -1.0854079
1913 -2.3551564 0.117947616 1.4442202
1903 -2.613191 -0.23047419 -0.05840363
1782 -0.7872452 -2.1440916 -1.4155703
630 -0.97557807 -0.24162988 0.41468945
1322 -2.6837711 0.15219635 1.8093222
923 -1.6434107 -1.3529162 -1.3112608
661 -0.015631452 -1.8290138 -0.6005371
2046 -2.730291 0.042365327 0.72142917
1816 -2.7366593 -0.3188136 -0.25953722
1845 -2.8759513 -0.34551567 -0.25710145
979 -0.063428454 -0.7838811 0.066292696
1861 -2.8362713 -0.039938305 0.45714968
1045 -0.77619183 -0.36558756 0.19778576
2328 -1.367654 -0.04824646 0.53228784
842 0.32408312 -1.3865628 0.54326606
1912 -1.8469568 -0.12267933 0.17320205
601 -0.61530143 -0.44957745 0.14256126
652 -0.29591858 -0.6460526 0.0905688
1010 -0.6878348 -0.22238666 0.99057126
2241 -1.2642552 -0.4067957 -0.260831
558 -1.2088387 -0.28905806 0.17634355
2252 -1.9542536 -0.1849074 -0.02756239
444 0.25808325 -1.3118649 2.1945343
1171 -0.8999203 -0.1967586 1.9219588
1209 -1.5928131 -0.18001218 2.647483
2254 -2.0406122 -0.26386502 -0.19568652
2232 -0.27817822 -2.1897783 -1.0046531
1948 0.15559551 -1.0492617 0.47469708
1208 -0.4217465 -0.39946774 2.0046723
1031 -0.38167205 -0.32394758 0.7394271
917 -1.8150239 -1.2547941 -1.2887048
2029 0.8154527 -2.5387328 0.7634941
1303 -1.6661104 0.05038051 1.1916478
2533 -0.37558734 -0.5285601 1.3822813
848 0.22614473 -1.1558567 0.44582456
1290 -1.9742746 -0.095812805 0.08502663
2240 -1.5707122 -0.026636804 0.42634404
1011 -0.9340134 -0.18003179 0.9149522
215 -1.2429606 -0.313282 -0.0064346767
1014 -0.31289655 -0.458319 0.5319114
2534 0.15590234 -1.3006052 2.422358
1009 -0.61249465 -0.27356482 1.0480301
685 -0.5011896 -1.7357051 -1.0780386
1006 -0.058342945 -0.6399579 0.96671754
686 -0.42033896 -0.81802624 -0.2278538
197 0.67331886 -3.0818174 -0.21941201
1681 -1.3142493 -0.90960145 -0.8637922
1038 -0.7775479 -0.6673289 -0.18863314
2602 0.9406332 -2.636823 2.4821286
2239 -1.6854694 -0.4997219 -0.427373
707 -1.5317497 -0.00044120903 1.0146921
85 -0.5656224 -1.2093791 -0.885067
1680 -1.5248224 -1.2079139 -1.1898079
2626 0.8964663 -2.4017525 2.0511515
2507 -0.9487417 -0.26860112 1.4371686
1408 -0.5943334 -0.69604826 2.7136002
2486 -0.9861236 -0.15352535 1.0934461
1679 -1.2412575 -1.3951821 -1.2431052
2627 1.1663185 -3.0603194 2.2125447
2650 0.6298741 -1.8723344 1.8761525
2604 1.0961558 -2.8855548 2.0613337
2508 -0.853588 -0.23125301 1.6347721
2603 1.0958986 -2.8400354 2.0984406
1683 -1.7229005 -0.7551113 -0.778392
1032 -1.1181673 -0.16363218 0.6743316
1849 -1.7213209 -0.10944729 0.41681108
2506 0.047440574 -2.3205416 -0.8021914
