2536 3
1542 0.8600325 0.39557388 0.026218893
1342 1.0679045 0.24239738 1.3030903
1281 0.72426677 -0.16174124 0.8456737
1953 0.6311682 -1.0100806 0.6316359
1240 0.81588507 -1.0924054 0.8124447
328 1.7125634 -1.4534405 3.128925
1967 0.8031491 -1.0964017 0.9966748
1529 0.7609938 -1.1217147 0.1206567
1611 0.9174268 0.5822209 0.23550926
1267 0.5999598 -0.38529542 0.31626412
608 3.1668146 0.6122099 -2.244454
1853 2.599917 1.4076457 -1.1456028
760 3.7437267 3.1158023 0.73239005
1195 0.71778995 0.11489776 0.42730618
1245 0.72139144 -0.7783636 0.797824
1227 0.5921705 -0.54632825 0.26553217
648 1.4398291 0.3562326 -0.8113949
1246 0.64038175 -0.7025905 0.83290243
1392 1.7361836 0.66382927 2.2613041
1485 0.87892056 -0.8745209 1.2407262
1138 1.6579305 -1.7343849 -1.2034521
536 2.1932704 -1.8281467 -1.8549231
903 2.5392907 2.0243819 1.5648149
2466 0.6534179 -0.37839502 0.12945527
598 1.9431223 0.51197016 -1.2562897
2294 0.8641744 -0.49480134 -0.34604472
220 3.1176867 -2.3298948 5.6168227
1627 0.83285767 0.27888775 0.16167998
396 1.4636962 -1.4175532 -1.1513714
808 0.82358235 0.087309785 -0.19073673
1266 0.6703853 -0.3311068 0.63853395
1271 0.69651085 -0.4230134 0.53156114
1356 1.1292617 -0.08036416 1.8199254
1831 1.9728898 1.1724532 -0.7612943
1470 0.7625364 -0.67758507 1.0927451
1175 0.8224445 0.08811322 0.91580075
782 3.2834637 2.6998305 0.2745164
1810 2.1929877 1.6889739 -0.075407326
1800 2.4884412 1.8206525 -0.35610974
146 1.6498488 -2.8002286 -0.097501606
1234 0.8517544 -1.2273895 0.8151461
2352 0.7372558 -0.1395782 0.7768247
1473 1.0629407 -1.0110099 1.7412328
1280 0.8337987 -0.040194802 1.096867
130 0.93247104 -1.381712 0.85349405
320 1.6991397 -1.5190023 3.1318104
730 1.442854 0.9474194 -0.17812268
2043 2.5463085 -1.9635818 -2.2723236
192 0.63012755 -0.55053467 0.18060921
667 1.9113674 0.8570714 -0.8555179
462 2.0732443 -1.7368319 -1.7553941
1250 0.8240938 -1.1355424 0.85147005
1144 2.257429 -2.0311904 -1.8569932
1244 0.7139581 -0.83086014 0.84790736
2400 0.6845819 -0.32997632 0.7699981
1247 0.6205898 -0.6911895 0.5974564
432 2.3973978 -2.2769818 -1.884888
274 2.250558 -1.6717156 4.151851
1454 1.4136957 -1.2775276 2.476734
2403 0.70749384 -0.27041858 0.6239913
20 1.5899296 -2.8426511 0.35227263
2106 1.1410528 0.09415954 -0.6669377
173 0.71527237 -0.7307119 0.58517516
405 2.3451211 -2.884296 -1.5181218
1475 0.9384227 -1.3386742 1.1763805
819 1.1948351 0.85711837 0.38008896
1901 2.5678463 1.7269409 -0.6508911
1117 1.2249984 0.12354911 -0.7947824
1414 1.1356784 -1.3009309 1.901178
1765 1.4237485 -0.07065143 -1.0982176
383 1.7509867 -1.9195625 -1.2409667
1575 1.2063826 0.90055585 0.23832005
1886 3.4631293 1.7934912 -1.6079254
814 0.7290692 0.12619375 0.40848997
2314 0.8288095 -0.1402933 -0.3438628
1773 0.7820796 -0.3983567 -0.3449297
140 1.2098783 -2.19079 1.0201564
1264 0.63065326 -0.32381234 0.1777749
1722 1.2275132 -0.4103057 -1.0182585
2296 0.94070923 -0.38188705 -0.54044324
2359 0.6664975 -0.48428726 0.43277127
2621 1.7271113 -2.007676 -1.1807761
1543 1.1363025 0.73802465 -0.112716764
1568 2.1387227 1.2965878 -0.61859745
113 1.6093999 -2.5326006 -0.47559407
1829 2.1671855 1.6311866 -0.21359237
758 2.8059032 2.3187656 0.39914536
1164 0.8389285 -0.041358892 1.0271002
1642 2.1914213 1.7884855 0.89398426
877 2.2157583 1.7902502 1.208168
2382 0.81635326 -0.18079871 0.8398868
763 3.3442533 2.7603824 0.81853056
277 2.9539099 -2.5077438 5.3256936
1754 2.111496 -0.33782765 -1.8164698
196 1.2769669 -2.2360146 0.14536884
595 2.8865232 0.30856648 -2.2017846
2640 2.7971234 -2.3477397 -2.3868258
32 0.5731167 -0.36495072 0.42413577
985 2.2103179 1.8581659 0.6159463
437 1.3890469 -1.3347286 -1.0040784
1180 0.7312599 -0.29982954 0.7236117
720 0.8211014 0.29866675 0.12620634
2404 0.7122818 -0.21315807 0.365857
836 1.8444887 1.4544022 0.4590315
714 4.1797533 3.4333696 0.5193293
282 2.6050482 -2.03904 4.7253284
1199 1.0578772 0.3597411 1.2400974
1274 0.6799949 -0.42173913 0.4964425
1052 2.4473433 -1.5239658 -2.1576145
1277 0.6027076 -0.12615518 0.16107252
447 1.3133707 -1.5801961 -0.7293967
548 0.7376471 0.18147102 -0.13314669
944 2.8781457 2.3805232 1.3738769
2055 2.7473776 -0.97720194 -2.4699616
1196 0.59981096 -0.103935674 0.32874858
811 0.7003683 -0.06961642 0.16695471
336 1.4483069 -1.9455744 2.201555
465 1.7789593 -1.6484398 -1.3585001
551 0.9813935 0.38481396 -0.18591583
90 1.2997333 -2.249974 1.6202676
1628 0.80003256 -0.012526913 -0.09958749
1272 0.68416584 -0.29652947 0.5408165
2578 1.7841815 -1.6297827 -1.3912586
1051 1.1823865 -0.94720924 -0.8568551
191 0.72704935 -0.66033494 -0.21938992
887 3.1393085 2.658298 0.9170707
2367 0.7230472 -0.30088758 0.42255
1279 0.7884485 0.024915626 0.83929455
1625 1.1256802 0.65056384 -0.03033192
785 3.831424 3.0762405 0.10357121
962 2.7259777 2.164017 1.7274542
1502 1.0392988 -1.5104449 1.3610113
1166 0.8993531 0.086239085 0.9755492
897 2.606002 2.186175 1.220953
780 1.8631217 1.4949094 0.4640832
2304 1.0089297 -0.4316921 -0.5857745
1108 2.077922 -1.2272245 -1.7504678
2364 0.78044945 0.05372087 0.13956578
1129 2.067512 -1.5155859 -1.7220354
812 0.812203 0.03896985 -0.11440086
2292 1.0202966 -0.79320645 -0.6148411
2078 2.1046 -0.39026487 -1.7858799
451 0.80978894 -0.86774594 -0.32885784
1344 0.84651613 -0.0041150507 1.0274968
2397 0.78138995 0.32550666 0.5902537
1422 0.83749795 -0.7518934 1.2874651
1771 1.5250417 -0.82637143 -1.283756
1179 0.74696994 -0.021428563 0.7271534
358 2.578119 -2.55797 4.64107
1299 1.5627805 0.56437385 2.0514448
1097 1.3657563 0.31652018 -0.8530605
1238 0.6492892 -0.24491169 0.7871357
467 1.9740504 -1.1266688 -1.6785529
1991 1.6307849 -2.7017498 2.2451327
1258 0.79298514 -1.0492921 0.53271484
2203 3.3188167 2.038451 -1.2216598
1652 0.9568522 0.25120038 -0.22183464
1767 1.490952 -0.50396746 -1.1604265
1185 0.5734848 -0.54630244 0.40174437
1232 0.7157105 -0.85649973 0.4832771
1268 0.6476488 -0.670499 0.48393327
1655 1.249579 0.7469705 -0.20784731
2011 1.2226677 -1.8606836 1.7334245
1809 2.134381 1.7079741 0.1642839
1488 0.9967119 -1.1390806 1.5173635
516 1.7134537 -1.432021 -1.4208237
1248 0.7698147 -0.897925 0.7927207
1834 2.6167963 1.5355648 -1.0080279
1968 1.6253922 -2.5190818 2.4009838
1468 0.74004465 -0.865572 0.72318333
436 1.7622898 -1.7700634 -1.3176056
94 1.4757861 -2.1839325 2.3455117
1467 0.740914 -0.8560347 0.5088526
141 1.3259853 -2.4256546 0.6488786
378 1.232626 -1.8218507 1.8353475
1639 1.291921 0.92647964 0.3327745
1736 1.835905 -0.41235095 -1.5458809
948 2.9432714 2.3193867 1.9157428
1160 0.7531419 -0.7583191 -0.24104492
1558 1.544467 0.78801024 -0.5469603
1211 0.6036772 -0.39609557 0.3607767
2608 2.5185473 -2.423075 -2.07452
1060 2.8555238 -2.2931585 -2.4272697
607 3.8999145 0.76457924 -2.7476633
2473 0.7847098 -0.089206375 0.20984577
1584 0.8887387 0.22101046 -0.15967572
2157 2.3129134 1.4220543 -0.71002406
2566 2.0002072 -1.8371177 -1.5865604
974 2.6246505 2.0662253 1.6327116
2425 0.7434713 -0.05912638 -0.031834967
332 2.4556708 -2.920848 4.2768416
939 2.2706292 1.8417565 1.4642576
1984 1.6488463 -2.4572852 2.6051931
2067 1.428997 -0.22530064 -1.1586764
133 0.7771983 -1.0283954 0.5886213
1186 0.6629348 -0.23238742 0.50917923
1962 1.3069082 -2.051994 1.8884131
1994 1.8315297 -3.1643014 2.0809038
499 1.0588558 -1.3868393 -0.5225507
2565 2.9546504 -2.2414763 -2.58503
231 1.707064 -2.0475297 2.9400125
1078 2.0633109 -1.3856423 -1.7683358
1210 0.7232323 -0.829174 -0.025156664
1203 0.6444717 -0.13053338 0.19047679
1523 0.7459226 -0.96356255 -0.15301907
2406 0.6629493 -0.22158812 0.3152389
1077 3.5846689 -2.5245252 -3.1365957
879 2.437907 1.9855119 1.1904069
2463 0.66462636 -0.511318 0.1873959
1087 1.2421869 -0.50533754 -0.9848687
1332 1.0954789 0.44478035 1.2970566
1447 1.1277586 -0.45758882 1.8514059
524 2.4367495 -2.1381078 -1.9628721
450 1.4349213 -1.8366227 -0.7531534
2568 3.00127 -2.7628784 -2.4877632
1513 1.1011454 -1.918675 1.0639855
1929 0.9809388 -1.4113492 1.3989027
389 2.591111 -2.0930269 -2.2312405
2039 2.287618 -0.14877118 -1.8670164
194 0.8042221 0.07847323 -0.093097
291 2.2688682 -1.745255 4.152146
1483 1.1041725 -1.2395064 1.740535
2167 1.4093155 0.12871465 -0.96693957
2060 3.3895576 -0.36891875 -2.8764207
1331 1.1306578 0.2778136 1.5544969
459 2.5223508 -2.4437418 -2.0122886
1402 1.8104947 0.55654913 2.520132
340 1.9080135 -2.5456946 3.1573572
370 1.0518252 -1.2436954 1.6273283
2426 0.7400798 -0.017213332 0.065333076
2641 2.3455987 -1.9288406 -1.9410788
2312 0.9238236 -0.4606692 -0.5205794
1024 1.1254027 -0.85492563 -0.80392987
339 2.3121111 -2.9462214 3.8552127
2362 0.6960152 -0.064821035 0.22933887
624 1.9604715 0.8448684 -1.0518167
201 1.500774 -1.6661252 2.681836
1980 1.1376525 -1.8280956 1.5252767
1482 1.1903954 -1.6263407 1.7911669
1867 1.4098266 0.19143575 -1.0276979
163 1.4618896 -2.6835222 0.5218428
1273 0.5927615 -0.33021834 0.3921215
2083 2.145563 0.26245102 -1.6081407
208 1.4668697 -1.8786167 2.5368056
280 2.8982923 -2.2983181 5.248608
2108 1.4990743 0.36868623 -0.9446833
1640 0.8134516 0.34234923 -0.17452285
1046 0.67569655 -0.80607516 -0.13379127
946 3.179763 2.5685675 1.8121891
1586 1.5182246 0.9805518 -0.13057879
2349 0.8879711 0.31997484 0.86336374
738 2.8106472 2.3003888 0.3301356
1883 0.98923594 0.70908105 0.123281695
2263 1.4941447 0.033797827 -0.989188
2301 0.8346173 -0.4694487 -0.33083305
75 1.4398015 -2.297375 2.1721718
354 2.1209717 -2.0768678 3.8209412
2231 2.2881284 1.5020033 -0.6773618
1674 0.76825523 -0.77260816 -0.11156425
896 2.7044413 2.2794416 1.1110171
1304 1.198278 -0.59353536 2.1597018
2148 2.969193 2.2104442 -0.3879061
943 2.3595607 1.8752327 1.499544
776 4.0961742 3.3830872 0.6005042
1150 2.3085208 -1.8796405 -1.9452057
756 3.8402557 3.1847265 0.80167
2177 3.3781796 2.3352082 -0.8559521
2066 2.1586716 0.20106128 -1.6228878
1527 0.64808387 -0.850988 0.18238702
2262 0.8712427 -0.12512057 -0.29173973
931 1.949078 1.3274858 1.842275
1972 1.9871117 -3.1789649 2.6598577
1613 1.6262382 1.1315203 -0.031180719
2122 2.8514886 -0.84916514 -2.566819
152 1.3103259 -2.3363278 0.46131852
1178 0.69557136 -0.18503384 0.77700424
2620 1.7125945 -1.9987353 -1.1653503
687 1.0084264 0.16013332 -0.34404266
316 2.5556135 -2.4121723 4.6106853
2618 2.1246285 -1.5205312 -1.7975278
1187 0.67329425 -0.51179296 0.52147764
1781 1.9151645 0.36645755 -1.3994844
2248 0.99264604 0.31861255 -0.04092187
935 1.7763214 1.4232005 0.67319643
2027 1.9145458 -2.4532444 3.2501402
1214 0.60771346 -0.3965561 0.07396562
2140 3.0977898 2.4372897 -0.22748566
655 1.3957131 0.30875456 -0.77672964
211 1.7916387 -1.1721499 3.238011
1839 1.7735667 0.8522434 -0.8677397
1184 0.6830956 -0.64038396 0.52106476
1242 0.63761616 -0.6427371 0.53236604
2598 3.1121662 -2.2784853 -2.7599843
2224 2.157418 1.3218498 -0.703176
1879 1.7765437 0.35186267 -1.2124988
2358 0.5703473 -0.5421672 0.36394304
37 0.64539576 -0.7580697 0.5433832
43 0.70630693 -0.7921476 0.94719493
214 3.4315307 -2.1188478 6.1552906
225 1.7159696 -1.9108386 2.9685233
1132 1.5977923 -1.3200568 -1.2143238
226 1.9362736 -2.3990653 3.3114197
1239 0.70117116 0.057530534 0.35804924
1462 1.1467353 -1.4784616 1.6037759
2023 1.8389193 -3.0396209 2.489518
2065 1.0523971 0.14075506 -0.63421595
2443 0.72076774 -0.41727662 0.63648695
1226 0.8222038 -1.3363457 0.6789916
371 1.7471184 -2.1173587 2.9800365
752 2.9702456 2.437637 0.6183599
1260 0.67601985 -0.2686783 0.37607867
1516 0.9659744 -1.4820359 0.76340175
64 1.3624235 -2.5324225 0.55699915
921 3.019745 2.5014546 1.5606078
1757 2.3373523 -0.841829 -2.0928988
438 1.4008219 -1.5966715 -0.924958
2121 3.1127994 -0.59083045 -2.678254
2058 3.714351 -0.8947031 -3.2410116
846 2.154957 1.5983928 -0.15823069
2584 1.1113257 -0.6471128 -0.74402755
957 2.7227473 2.242433 1.5632043
971 1.5457379 1.246249 0.71879065
636 1.9661331 0.706127 -1.0539885
748 1.8637968 1.3012996 -0.3284071
1448 1.2787672 -0.513395 2.2024047
174 0.9993266 -1.7788272 0.36900595
2399 0.8365169 0.1150295 0.9636385
2204 2.082061 1.3784326 -0.699059
2401 0.5824282 -0.019439474 0.8073734
2274 0.99333185 -0.22137368 -0.58771294
969 2.0366888 1.6087323 1.211185
523 2.1878994 -1.8209628 -1.8363786
1257 1.0925448 -1.7841 1.1049412
2259 0.9797742 -0.1346664 -0.39234537
463 2.0044174 -1.8353593 -1.6363671
1243 0.7353248 -1.0726362 0.5855149
1177 0.79517275 -0.107180245 0.8542626
469 1.2229543 -0.47192013 -0.9509161
2347 0.6396404 -0.064967416 0.4177229
530 1.0717378 -0.7689085 -0.6716213
335 2.0371606 -2.4895499 3.4315116
1205 1.140024 0.7141148 0.07907648
641 1.7906042 0.47128406 -1.0688599
1222 0.8142254 -1.1767033 0.74276304
496 0.5904281 -0.4667434 -0.10486022
1276 0.85162294 -0.9625982 0.8877641
1161 0.56362855 -0.35279113 0.23027067
1231 0.6401267 -0.84120005 0.55921453
439 2.1969786 -2.5322998 -1.5086085
1206 0.6076806 -0.09671454 0.279334
2423 0.7387374 0.22144666 0.2505997
2636 1.4354938 -0.8613837 -1.1454389
1035 0.632663 -1.0167089 0.28411376
519 1.8172225 -1.8244841 -1.3911189
673 0.97220504 0.2869199 -0.2780019
1477 0.81790847 -1.020771 1.0076696
830 2.0253556 1.5501636 -0.080549985
2564 2.8113816 -2.0198576 -2.456485
2044 2.1779099 -1.4025098 -1.9853984
433 2.3706267 -2.3119082 -1.8485225
1894 1.4895222 0.93918943 -0.4973439
1605 1.9619758 1.5629408 0.2685999
1357 1.0811262 0.20991352 1.5600983
1259 0.77609724 -0.745862 0.65833956
1310 1.5360347 0.5147478 2.0873654
1198 0.7679216 0.038632818 0.63365763
1235 0.8993714 -1.3594042 0.8645108
445 1.080723 -1.3318353 -0.41154227
2195 2.042861 1.2334037 -0.6499417
1131 2.0814865 -1.8308599 -1.6662235
513 1.5019791 -1.1351672 -1.1980565
1531 0.8118517 -1.2888705 0.7104088
2102 3.0323756 -0.18817505 -2.4995568
99 0.6702937 -0.8158956 0.19078687
1812 1.8635793 1.2572033 -0.28642312
1016 0.77537525 -0.74080926 -0.29625735
1497 1.2334276 -2.1814432 1.0214778
1194 0.85291237 0.2996961 0.5071784
2282 1.1604615 -0.60384595 -0.74211013
2642 3.1443288 -2.559038 -2.6830573
762 3.1404896 2.59051 0.65645677
2197 3.5995808 2.3964188 -1.0098474
431 1.9225459 -1.9047322 -1.4553249
1500 1.3594784 -2.465239 1.208926
2521 2.362509 -1.8495566 -1.9594023
1386 1.8218831 0.76947254 2.3466506
821 2.1660874 1.7153758 0.3643997
1282 0.64484334 -0.5410666 0.43237627
1768 0.8733747 -0.33401272 -0.4640213
1230 0.706886 -0.6950651 0.48521945
2408 0.6263318 -0.23428056 0.3278957
2475 0.7020364 -0.080696635 0.5267921
1918 0.91810995 -1.3317633 1.0746468
1056 1.036121 -1.0733631 -0.6376788
1253 1.0159575 -1.6836843 0.9194281
764 3.376948 2.839378 0.87838405
2150 1.9700876 1.3647009 -0.43096027
298 2.33228 -1.8366662 4.2369676
980 1.7292538 1.3606346 0.15288982
2025 2.049466 -3.015592 3.1488283
810 0.6768568 -0.22806719 -0.07315348
180 0.83753896 -1.3275629 0.2986602
1261 0.73575383 -0.6372004 0.69167393
1741 1.7078129 -0.07954034 -1.3260982
480 0.6188899 -0.3359995 -0.11842414
904 2.4156613 1.9855629 1.2039698
996 2.549978 2.1475494 0.9855457
2365 0.7191144 -0.16447236 0.2320853
1743 1.1045995 -0.18986325 -0.68338215
2198 3.4725273 2.1893923 -1.187776
1404 1.2044041 1.0184495 0.5599334
937 2.7108743 2.2728894 1.2328885
2363 0.83886236 0.07026608 0.54881066
289 2.1633635 -2.2746131 3.8241873
2624 1.0524952 -0.9726529 -0.69441855
1098 1.397426 0.12272357 -0.9562152
452 2.1567788 -2.5589602 -1.4340377
783 2.9635992 2.4247146 0.26888266
48 2.149786 -3.7792728 0.3866282
1058 3.1917489 -2.259477 -2.7741551
147 1.5948036 -2.2786975 -0.8123652
326 1.7946092 -1.8918114 3.2197394
1265 0.54733145 -0.29437995 0.3076462
1449 1.6160114 -1.1577829 2.9623327
968 1.7081064 1.3577899 0.9264577
1251 0.9943456 -1.5268166 0.91446084
359 2.1411996 -2.2445 3.834604
1511 1.0120023 -1.7669067 0.7765575
533 0.9329842 -0.5004782 -0.52252686
178 0.7456165 -0.95003486 -0.08941555
2019 1.7025921 -2.6957197 2.4635568
1162 0.7222925 -0.14140125 0.6310423
1603 0.91272 0.21930964 -0.03816814
1874 1.2107795 0.16656823 -0.78281343
603 2.368369 0.18482882 -1.8076183
961 3.2984593 2.6445334 1.9919103
1096 1.0312136 -0.19481765 -0.7474853
167 0.7024385 -0.6889773 0.34654245
2398 1.2554338 0.72167295 1.28263
1899 2.1645782 1.5014653 -0.54859126
1237 0.83627135 -0.9942582 0.7041448
106 1.1232574 -2.0437956 0.7929821
1083 1.3030826 -0.45516527 -1.0294105
2395 0.9211933 0.1647742 1.002528
1862 2.6987052 1.4975358 -1.1551129
1343 1.1154292 0.121095605 1.4984906
295 2.2043972 -1.5806278 4.025413
120 0.90583175 -1.2875682 -0.30204782
2392 0.73456484 -0.97048163 0.5406003
2520 2.8006876 -2.232272 -2.3567362
2042 2.5975711 -0.9355871 -2.3630164
1082 1.5995274 -0.39251432 -1.3066276
1444 0.53006494 -0.63661045 0.50024545
267 2.2855194 -2.0314245 4.1762757
906 3.0794594 2.4464169 1.9624661
2464 0.7643012 -0.5471747 -0.002800107
497 1.3569436 -0.47045246 -1.1706145
1081 1.3128202 0.20501988 -0.7680412
311 1.9793746 -2.26811 3.4507596
537 1.3882711 -1.487663 -0.9350788
1212 0.67783576 -0.04137009 0.18192078
2159 2.2373874 1.3132153 -0.87090284
1570 1.7088443 0.84640104 -0.6959708
584 1.7614268 0.055305596 -1.2969414
1528 0.8436305 -0.9788001 -0.097079955
2468 0.7496655 -0.5609101 0.7847097
1171 0.89217407 0.5371365 0.48329115
2457 0.6978089 -0.20018134 0.29238296
638 1.2184043 0.42891437 -0.4113306
2261 0.73511213 -0.18133028 -0.2681157
1084 1.7334408 -0.49939764 -1.4509776
1855 2.07374 1.5146674 -0.28668118
1537 0.8777675 -1.3437873 0.016789937
424 1.9330262 -2.3763256 -1.2295147
1478 0.94470847 -1.0821775 1.3987606
268 1.2813214 -1.5140461 2.1992972
934 0.8795435 0.3418148 0.73331654
2158 2.466582 1.6432949 -0.67903477
2427 0.6854518 -0.14265399 0.16452308
1361 1.1469934 0.6856548 1.1749119
369 1.5487386 -1.3879948 2.7633812
929 2.856479 2.284962 1.8282299
1469 0.5850774 -0.61412555 0.5041268
2285 1.358501 -1.0926546 -0.89436775
2181 3.6589234 2.3097837 -1.2217189
377 1.3437375 -1.6713425 2.1901088
2310 1.2726517 0.04305709 -0.72138035
1269 0.60149246 -0.4042044 0.39900127
477 0.75476635 -0.34481633 -0.21654423
36 0.67133605 -1.0254866 0.33525553
2390 0.6090682 -0.38569802 0.39696407
343 2.3111088 -2.9881945 3.8927126
2219 3.8979099 2.281197 -1.5127413
573 2.7767591 0.75176394 -1.817401
2313 1.566492 -0.5394668 -1.1832155
902 2.975658 2.4104626 1.7065952
262 3.1257231 -2.3098269 5.661333
88 0.81817526 -1.0358909 0.9825784
1900 1.6443206 1.1959713 -0.18689299
2129 1.1105134 -0.026399555 -0.7535051
1236 0.7565527 -1.0242624 0.79406655
927 3.1474886 2.5835593 1.6536317
1460 0.89718443 -0.816301 1.3745172
771 3.3857212 2.8459752 0.8115487
1646 1.2065942 0.63599175 -0.06442041
2415 0.9992602 0.38167828 0.72398925
1436 1.1349202 -0.7415254 1.9980872
117 1.9680394 -3.0079558 -0.6163396
2196 2.879825 1.8648692 -0.82568383
1028 0.64933676 -0.4737756 -0.2631889
352 1.8141199 -2.0323312 3.1319044
956 2.234986 1.9420854 0.46093845
2381 0.7149394 -0.1245241 0.7741954
2216 1.6703742 0.7779011 -0.78491557
304 1.9584792 -1.4742616 3.5474064
1116 1.8905468 -0.8447406 -1.6283026
563 0.7719003 -0.459176 0.015871929
2315 1.1388686 -0.01796098 -0.54862064
1278 0.6966448 -0.15455738 0.61203194
838 1.3100619 0.9711744 0.31061858
615 1.0100791 0.18151137 -0.40260422
2144 2.331712 1.8358642 -0.1366451
2175 2.4690452 1.4527321 -1.0221022
1373 1.0961 -0.069355905 1.7496232
1191 0.6806674 -0.21911694 0.40116775
2114 1.690565 -0.5418799 -1.4632968
1891 1.8508945 1.1597515 -0.6273115
1936 1.1499327 -1.935154 1.5092745
1620 1.7795708 1.2081736 0.03217481
2595 2.1955104 -1.911344 -1.8267983
1885 3.10852 1.686188 -1.3345958
2146 2.7928889 1.9426451 -0.6706482
2412 1.356612 0.7826237 1.3036091
2572 1.7845982 -0.41530153 -1.5447704
1548 0.68847257 0.13802451 0.9836919
1326 1.1499414 -0.120968625 1.7617906
2342 0.65189594 -0.2671367 0.2734971
2139 1.9626806 1.1143395 -0.8502961
825 2.6581814 2.1414871 0.20841117
1165 0.7891487 -0.0034822554 0.8032271
1263 0.6950857 -0.7814241 0.52709836
767 3.6278772 2.9913063 0.8085718
912 4.075311 3.2665954 2.4225278
526 1.5181466 -0.9747545 -1.3449422
2335 0.70127994 -0.6368599 0.24694264
631 2.011329 0.15726615 -1.5255954
1689 0.7253392 0.085639484 0.40265292
997 2.9989312 2.4516563 1.6464326
495 0.89501566 0.2929015 -0.38168904
2575 2.3694265 -1.7729584 -2.0477796
599 1.5415623 0.4020581 -0.9305525
1608 1.2258964 0.82813233 0.080706045
204 1.7055027 -1.5716345 3.0508976
310 2.6510475 -2.1328166 4.7958336
39 0.85106635 -1.3576268 1.1625582
639 0.7983341 0.10938117 -0.048380412
1350 1.0068971 0.13908972 1.3569423
19 1.5326424 -2.6915054 0.27969328
385 1.8872435 -2.2688446 -1.2540126
2298 1.110986 -0.656435 -0.8355283
1651 1.2082313 0.5588929 -0.22146852
2389 0.50331736 -0.2893685 0.5068884
1207 0.7118914 -0.09051278 0.61148906
1384 1.3122352 0.767866 1.3745106
1654 0.9988914 0.40168247 -0.09504189
621 1.49111 0.50240344 -0.7974404
1752 2.2462397 -0.7027419 -1.9792356
2322 1.5419824 -0.7968163 -1.2844182
1481 1.413836 -2.4476917 1.6052761
660 1.4231634 0.84589076 -0.27725077
1562 1.960593 1.4466814 -0.18458183
2093 2.5791907 0.30816263 -2.00829
1632 1.179273 0.6210276 -0.091897875
2185 4.0054965 2.7883205 -0.97197354
885 3.155723 2.7138915 0.81832445
134 0.795865 -1.2457662 0.31107032
854 2.8290126 2.2267563 1.933073
954 3.3026416 2.7369323 1.5772842
2119 3.40702 -0.99301064 -3.0052042
1329 0.82003015 0.15761864 0.9674718
761 2.5779898 2.1170223 0.545598
2637 2.2001855 -0.9929638 -1.9322948
2138 2.1743011 1.4181625 -0.59644675
1147 0.8095711 -0.6980067 -0.4444971
952 3.0851882 2.4854493 1.6433946
1645 1.275936 0.884165 0.24861784
2013 1.8221895 -2.952002 2.5489378
1532 0.8253404 -1.2293487 0.093997866
1104 1.1060519 -0.56120765 -0.8428153
590 3.8298512 0.4306678 -2.878249
2607 2.1621747 -2.7402503 -1.4493576
2465 0.77770656 -0.2902919 -0.23902282
2547 0.8802042 -0.46821368 -0.58002144
2095 2.8369417 0.6021262 -2.033199
1445 1.2485071 -0.1985229 2.039247
222 3.1400948 -2.3351235 5.65745
1832 2.454241 1.5949961 -0.6584989
2125 2.7583177 -0.58075166 -2.398245
955 3.2965145 2.7423384 1.5989057
1791 2.6946735 2.2891097 0.9991814
2165 1.0757701 0.25179744 -0.5145098
121 1.2288667 -2.3028965 0.24791646
2343 0.7122764 -0.061810452 0.44533175
51 1.6667509 -2.9637916 0.13779934
266 2.8665457 -2.3902843 5.196146
644 0.6534502 -0.3334862 0.3135958
2321 1.094299 -0.28319332 -0.6755123
1074 2.0048265 -0.9228796 -1.7874388
338 1.9596437 -2.7636669 3.143108
2368 0.8276888 -0.12494818 0.9059534
1312 1.8657866 0.7000933 2.485601
234 2.9253366 -2.112903 5.297778
1224 0.73989826 -0.43760467 0.66501844
1353 1.2554151 0.29335043 1.7201849
964 1.7783566 1.4119202 0.9919287
1572 1.2927531 0.31139904 -0.6719139
1201 0.86205333 0.1236723 0.9035789
1978 2.0974014 -3.183968 3.1704626
2435 0.7956011 -0.491111 1.042867
2647 2.6934617 -2.1746347 -2.3032076
485 0.76449704 0.03326098 -0.21964549
1293 0.7917437 0.06668362 1.1307868
1545 1.2813184 0.76850736 -0.07029455
2638 2.900653 -2.143357 -2.5192385
1379 1.221276 0.6430518 1.3841348
449 1.8786472 -2.4330032 -1.0833001
618 2.2914302 0.73665637 -1.370148
1535 0.7146073 -0.5438883 -0.060198326
1073 1.4041842 -0.9491745 -1.151309
1959 0.70873845 -1.2065933 0.7142891
2056 3.4256396 -0.7201519 -3.000274
840 1.5819542 1.0237851 -0.2931697
426 1.1698233 -1.4271845 -0.58770365
166 0.7171141 -0.85288453 0.43668666
2622 1.6282983 -1.5121238 -1.3599036
547 0.76211315 0.087336496 -0.119609565
22 1.6432586 -3.0623891 0.55649215
2103 2.8043869 -0.41485432 -2.4143262
959 2.4154742 1.9373038 1.374422
256 3.036987 -2.087683 5.531621
2354 0.67539257 -0.43875268 0.7282478
13 1.3832877 -2.1255662 -0.47981733
976 3.678569 3.0079567 2.0621438
1346 0.84252864 -0.55186373 1.2645285
1486 0.762565 -0.59163916 1.068443
2372 0.81234914 -0.10666879 0.8491015
60 1.7839701 -3.2606046 0.46214396
647 1.8021077 0.46090108 -1.0851623
1865 2.5485814 0.9935529 -1.4494829
2153 2.684235 1.6338352 -0.9254588
580 2.156364 0.5003193 -1.4480829
2619 1.7733736 -1.5694679 -1.4307835
911 3.9136796 3.1769822 2.2295773
1270 0.6823439 -0.5411123 0.34258828
2375 0.7974642 0.041156814 0.9277874
768 2.9719388 2.4526799 0.88682044
136 0.53915244 -0.4535421 0.058813695
1897 1.8868719 1.0256742 -0.7736204
1571 1.8991327 1.275847 -0.23061687
994 2.9013598 2.4065704 0.26817527
1369 1.2306032 -0.24781533 2.1183643
798 2.473098 1.7519946 -0.43024597
1109 2.24688 -1.365473 -1.9578172
1514 0.7504573 -1.0096222 0.58840376
153 0.7020437 -0.98899806 0.23775926
1664 0.6472673 -0.2336008 0.19664404
49 1.965309 -3.5407991 0.54130864
2402 0.7733191 -0.05893051 0.73859835
1524 0.86244327 -1.1556674 -0.09000508
1071 2.080738 -1.4360924 -1.7732354
1256 0.8830966 -1.2174975 0.7786491
363 1.6877915 -2.049991 2.8734999
899 2.1374543 1.6767923 1.2706403
888 2.6897647 2.2561953 0.75732327
517 2.5998125 -2.563096 -2.046963
151 1.9502746 -3.3933785 0.19302396
2319 1.2928057 0.49251974 -0.62777674
1400 1.524272 0.3020253 2.2868357
634 2.2940042 0.6964582 -1.4153992
1934 1.6868834 -2.7786634 2.202939
2226 1.7964406 0.8704898 -0.8069723
2072 2.3156538 0.16209728 -1.8250656
1025 1.1056548 -0.7765891 -0.78825414
2089 2.77088 0.9158374 -1.7516325
1813 1.5028473 1.0124941 -0.06660243
1119 1.396341 -0.6658296 -1.1135238
156 0.7499727 -1.0547959 0.5180751
666 1.0571152 0.19401333 -0.53476965
525 1.5735816 -1.1202006 -1.3270634
1868 2.807573 1.583976 -1.1428033
1223 0.74301213 -0.8723734 0.5732767
2452 0.69175595 -0.08287176 0.36805704
341 2.1731267 -2.8507533 3.5651848
1034 0.6418949 -1.0079095 -0.015217399
1515 0.75671303 -1.0081702 0.52183115
766 3.6063578 2.9946113 0.8354692
1050 1.2861761 -0.45778713 -1.0499301
302 2.0400553 -1.5447304 3.682974
2048 3.6397672 -1.4552519 -3.2495291
1569 1.9177028 1.3004613 -0.29572737
25 1.4928603 -2.42483 -0.43446103
2217 3.4370983 2.0926518 -1.2133187
1340 1.2116632 0.6211051 1.4649019
181 0.6348584 -0.6658877 0.44796368
1711 1.587648 0.4317163 -0.9773105
1213 0.67071354 -0.45172584 -0.121850945
411 2.4494905 -1.5189844 -2.226788
2247 1.0279895 0.37994775 -0.056194805
2057 3.2539654 -0.5273296 -2.8277879
1183 0.7203515 -0.45580357 0.6306314
2229 2.6631832 1.6850973 -0.88054454
2519 2.3927667 -1.7504569 -2.0898607
1476 0.8543461 -1.0578929 1.0871073
1653 0.988416 -0.13583454 -0.47164577
357 2.3137054 -2.4721878 4.0695558
1824 0.59077454 0.35416675 0.26739436
1328 1.1687398 0.0917506 1.6675036
770 2.404876 1.9938511 1.1433486
293 2.4262109 -2.2040744 4.4031873
858 2.4174647 1.8907275 1.4821512
171 0.74000233 -0.98403805 0.44607332
481 0.73822033 0.11845145 0.46301702
2580 1.2680289 -0.6829719 -0.976583
797 1.4037613 0.8112135 -0.46766067
169 0.6879603 -0.56299555 0.03956027
230 1.690278 -1.4174931 3.0589664
1760 1.4072015 0.49555808 -0.6652422
1075 2.6636271 -1.7971073 -2.3520036
2633 2.2895834 -1.7080711 -1.9879822
1864 2.2639263 1.0836545 -1.1197072
732 2.1530504 1.5092404 -0.42148697
2536 1.2353815 -1.4060298 -0.75304985
1815 1.2739074 0.78785616 -0.14544837
829 3.5943975 2.8468525 -0.02809299
330 2.1785493 -2.2587967 3.877251
1896 2.1940513 1.0201924 -1.1677027
2350 1.0621151 0.22434574 1.3408345
898 1.6903942 1.266862 1.4095439
95 1.2591752 -2.2760842 1.0911176
1609 1.3411131 0.9115343 0.1765116
1769 1.4114552 -0.24537191 -1.0795561
425 2.3067892 -2.903329 -1.4057392
512 1.7209141 -0.68223023 -1.5474701
2267 0.7288878 -0.091009915 0.094902284
654 1.1116749 0.33232367 -0.3993771
664 1.5845711 0.9303858 -0.27500817
511 1.757163 -1.1192969 -1.4929478
2393 0.6033945 -0.56840664 0.24517363
1493 0.9114277 -1.3832232 1.1597667
1439 1.0473261 -1.119719 1.4312971
2527 1.4812901 -1.2274818 -1.1472857
901 2.6857178 2.2009196 1.5245476
1371 1.2305694 0.12627602 1.9062015
2061 3.2916253 -0.16170451 -2.742769
581 2.1687315 0.4438209 -1.5071491
2639 3.3440747 -2.550911 -2.8712628
1581 2.5060453 2.0058482 0.42551914
2428 0.6536587 -0.56651187 0.6079536
794 1.74061 1.468168 0.6749356
2132 2.223973 -0.00040209727 -1.8159375
1633 1.4538648 0.96408015 0.18815565
1494 0.92737246 -1.2260906 1.3934627
193 0.678532 -0.81719 0.14563341
79 1.4102572 -2.5162919 1.4740921
232 1.7450795 -1.9722768 3.0354347
229 1.352346 -0.98919016 2.3581781
1120 1.5060205 -1.1652614 -1.2295189
116 2.0661492 -3.1948724 -0.6970436
1504 0.8530517 -1.3808858 0.8883787
1368 1.5831718 -0.17214777 2.5862863
1533 0.9959298 -1.4173168 -0.095935255
1100 2.0547426 -0.4450785 -1.7223971
2176 1.7790118 1.2142345 -0.5533951
2120 2.8784487 -0.6723295 -2.5518334
1772 1.6747001 -1.049797 -1.3560008
674 0.66513675 0.009457467 0.1736114
518 2.3792803 -2.2462559 -1.9212928
627 1.1324937 0.4095666 -0.49383885
1118 1.0462799 -0.4424988 -0.7509743
127 2.1524932 -3.5906425 -0.19038041
2648 1.628184 -1.0676368 -1.439768
327 2.276214 -2.242453 4.105839
235 2.8790917 -2.2111418 5.217109
744 1.7489847 1.3473145 0.049409285
633 2.8202596 0.6723269 -1.950602
2200 1.7960018 1.3310691 -0.24568479
1438 1.1557719 -0.611844 1.9576924
2230 3.821652 2.4960155 -1.0870098
73 0.8224944 -1.2990248 0.6952959
772 3.9509358 3.275824 0.50785035
778 3.3984082 2.8023944 0.58033276
668 1.7888553 0.8589236 -0.7197971
2355 0.64159435 -0.18700013 0.6837371
1298 2.2361677 0.90519845 2.8896997
1101 1.0601774 -0.2812805 -0.82894903
1121 1.835927 -1.2108872 -1.504927
1249 0.6575244 -0.4763043 0.5386816
1716 1.0879257 0.10361342 -0.63752747
2053 3.631007 -1.4634087 -3.2475672
2213 3.498628 2.310987 -1.016477
1200 0.9138911 0.27258795 0.9979546
458 2.034841 -2.477947 -1.301044
1970 1.3196448 -2.1400847 1.8444027
2201 2.3031452 1.6788651 -0.47917128
2081 2.111153 -0.26096216 -1.7668262
2407 0.8035861 -0.017873075 0.8744326
2113 0.7998999 -0.25425804 -0.5646879
65 0.7058832 -1.1992072 0.55249673
303 1.3513271 -0.7612971 2.4372032
84 0.8757541 -1.4235103 0.86774784
832 2.178686 1.7085735 0.31253335
2582 1.5319769 -0.92012286 -1.2638416
2098 2.0646815 -0.3347702 -1.741747
2503 2.2143192 -1.4967921 -1.9409732
21 1.0210912 -1.83534 0.4746299
466 1.7830907 -1.5005102 -1.4600788
1847 2.2636685 1.3753483 -0.7430894
1202 0.73867005 -0.069108 0.7345798
1405 1.3897971 0.8954996 1.3855549
2006 0.84533703 -1.3853428 1.0414944
577 3.0790908 1.0263054 -1.9013098
2109 1.7463467 0.6330927 -0.9891118
1804 2.7482448 1.4131566 -1.2992616
1106 2.0643187 -1.4174802 -1.7422206
2616 2.1151502 -1.7935771 -1.7839403
1618 1.1473705 0.53308016 -0.2190265
1805 1.9550728 0.8682906 -0.9932878
413 2.0939379 -2.5365093 -1.3610504
1327 0.91980666 0.30853263 1.0543672
900 1.6625208 1.280004 1.1045575
1359 0.9996358 0.28906295 1.4198354
1377 1.7017138 -0.47005653 2.9927273
1370 0.6450874 -0.18039326 0.95482415
719 0.73539716 0.12251556 0.088062264
1761 1.6438383 0.4991509 -1.024179
2411 1.1794726 0.643391 1.0959072
1168 0.70931995 -0.1755217 0.4923539
9 1.6679864 -2.0544012 -1.0479726
2212 3.396728 2.3056958 -0.89156246
769 3.49204 2.903765 0.8739019
1607 1.3850381 0.8922598 -0.00038125276
1358 0.83280855 0.2200356 1.1201458
1723 1.8785694 -0.31607667 -1.5646709
1964 0.59124255 -0.7668308 0.43280402
1647 1.3625323 0.75255984 -0.14966801
509 1.5134937 -1.1966821 -1.2065495
2100 3.1861615 -0.2780108 -2.6528864
2567 3.0011854 -2.6210399 -2.51479
2268 0.7016485 0.09493508 -0.08842478
1648 1.3219669 0.8603453 0.11627055
1996 1.7783635 -3.1466594 2.044114
862 0.5143955 -0.25637412 0.66710794
818 0.7772876 0.25271153 0.5783367
2080 1.9362962 -0.078022115 -1.5904446
1880 1.9849696 0.9612811 -0.9404191
1793 1.5671965 1.2862949 0.4171828
1306 0.9053353 -0.44791728 1.4960816
777 2.8632514 2.347161 0.37187544
2017 1.7884225 -2.5396283 2.8717597
886 3.0461493 2.5471017 0.8298218
2147 3.0293343 2.0020545 -0.919223
1487 0.6473406 -0.67585665 0.6399799
867 2.8788853 2.3498325 1.35917
1378 1.1052482 -0.20695402 1.8863735
2085 2.0448456 0.36353382 -1.469729
2601 1.0410289 -1.0304494 -0.70840424
933 0.8410329 0.43678123 0.4577164
1080 1.3951545 -0.65945 -1.1007627
574 2.911467 0.7041494 -1.9664629
157 0.52910894 -0.42002073 0.4645807
2223 3.5758018 2.1218364 -1.3211443
612 2.208442 -0.1399521 -1.8325473
1842 1.1795132 0.92180365 0.23415098
731 2.9613788 2.370005 0.013266738
1629 1.1040207 0.575786 -0.08133
2552 0.8513868 -0.82681006 -0.5656446
2557 5.2906585 -2.2482755 -4.782265
824 3.4637 2.7166836 -0.0697212
1884 2.879472 1.4092308 -1.4353361
273 2.112609 -1.596974 3.8203478
1216 0.76517797 -0.355958 0.8400422
1828 2.256364 1.5846502 -0.4404622
596 2.2032406 0.41264197 -1.5460595
1167 1.0476913 0.33562872 1.1414386
1624 1.5066582 1.1839414 0.6912194
236 3.1789188 -2.252903 5.7094016
1128 1.8910902 -1.4632691 -1.485491
1573 1.3126298 0.72823656 -0.33547378
1673 0.7813237 -0.8245077 -0.27606305
1362 0.60412717 0.12927073 0.3033902
2467 0.74291265 -0.14487638 0.7476295
2115 2.871972 -0.57512313 -2.4903836
89 1.0934627 -1.4135804 1.7310401
2194 1.7916297 1.0777805 -0.5382661
1219 0.69687206 -0.384704 0.63052607
2024 1.9411782 -3.1014478 2.7333999
967 2.9248948 2.2838056 1.9516255
1820 1.9810897 1.6654913 0.4582782
1952 0.4859856 -0.83627963 0.20576434
2110 1.9956421 1.0745392 -0.8404265
1580 2.23026 1.835025 0.49369502
2170 1.8228705 0.69133645 -1.0667455
1297 1.7581648 0.5193391 2.446352
1872 1.5683311 0.62894386 -0.9003909
1325 1.0047092 0.33760244 1.1862441
1512 0.89097005 -1.481581 0.64976776
1507 0.78294873 -1.2973765 0.7311944
419 2.29046 -3.0864818 -1.2160169
1519 0.5963052 -0.48975384 0.02314965
2222 3.8702333 2.545613 -1.153614
228 1.2858176 -0.84522897 2.2647593
2062 2.756399 0.09439869 -2.2191114
1622 0.7573284 0.12531643 0.14888209
947 2.5292635 2.0695639 1.3720698
546 0.68967724 0.04904844 0.0023185962
337 2.3201053 -2.6269643 4.048006
883 3.651094 3.0864508 1.3789816
412 2.3316789 -2.9481363 -1.4677781
164 1.5117971 -2.7841003 0.62921923
442 1.1326152 -0.6991257 -0.83410484
1334 2.108633 0.8316987 2.7565763
579 2.3904455 0.63331723 -1.5450981
2609 2.8351746 -1.9733107 -2.5435157
941 2.8715892 2.3901827 1.321972
2172 1.306749 0.26456502 -0.8088849
97 0.98821634 -1.605971 0.9330481
1939 0.8137201 -1.1312891 0.87182856
1727 1.4061238 0.101314954 -0.9127709
1341 1.0541705 -0.023326889 1.6780592
1335 1.9628747 0.8382958 2.5055923
1394 1.2640578 0.2841055 1.7136619
1068 1.0483358 -2.112222 0.77127683
1643 1.1276679 0.7860983 0.36010316
2091 2.8667722 0.67902476 -2.0322223
1466 0.860032 -1.1269127 0.98793006
184 0.7043239 -0.33334607 0.6142472
491 0.9690459 0.33157644 -0.18556617
2499 1.9246341 -1.6654054 -1.6411269
2015 0.84937906 -1.0838097 1.3109368
154 0.99821603 -1.6455772 0.66475886
1634 1.3079913 0.8453188 0.013620364
1559 1.2885487 0.7412115 -0.15177391
2476 0.67854416 -0.18991607 0.121188596
2003 2.1377022 -3.2194839 3.3147137
1604 0.991156 0.38022587 -0.28079462
1553 0.586824 -0.23640016 0.48783588
559 1.0382291 0.21959731 -0.40657586
757 3.4794211 2.8747554 0.6322981
2297 1.3951353 -1.084795 -1.0595046
1979 2.0181441 -3.120615 2.908806
1157 1.0143303 -1.2356384 -0.484566
1126 1.6831528 -1.4217618 -1.2994163
2540 1.3704615 -1.2305248 -1.0686952
1220 0.79183555 -0.9844326 0.7826654
1614 2.8948476 2.31266 0.1712929
318 2.1398933 -2.3517036 3.9049916
2260 0.7140315 -0.38918754 -0.002942107
2127 1.9024404 -0.26048982 -1.5554641
2479 0.80520326 0.2677896 0.33589014
1142 1.0392455 -0.3135572 -0.6550177
12 1.7863147 -3.0645816 -0.1827058
617 1.5207134 0.6119366 -0.76572514
397 1.9915535 -2.3416355 -1.3133308
522 2.192622 -2.071798 -1.686537
503 2.2004626 -2.5769808 -1.4979988
989 1.9238921 1.6045616 0.9389927
1399 1.7734959 0.3561672 2.6409047
2409 0.6510016 -0.21597198 0.62194514
990 1.520807 1.1472565 0.43264642
1649 1.4773397 0.9461919 -0.017817328
2383 0.68259263 -0.13751386 0.5689563
2173 3.1187332 1.9676596 -1.0217282
2051 1.4159744 -0.84897757 -1.20145
1229 0.51986015 -0.23602715 0.3849002
993 3.1404202 2.5533676 0.21326524
657 1.3380306 0.76608384 -0.40091565
1882 1.6575356 0.5940572 -0.9119193
839 1.1341857 0.75825965 0.5425028
671 1.6619192 0.6747901 -0.7796283
464 2.3748884 -2.4879274 -1.7521266
2169 2.458338 1.0577176 -1.3748674
1192 0.7063563 -0.26665944 0.4796568
591 3.5345466 0.5449474 -2.5740862
203 1.7582431 -1.6294563 3.1771722
632 3.0299745 0.75305325 -2.0424397
645 0.59005105 -0.4380765 0.5014575
1156 0.89912343 -0.57858986 -0.49114174
2162 2.8838463 2.0886536 -0.5242151
1294 0.9270985 0.37111095 0.95080495
2360 0.6541132 -0.25347394 0.51878685
1550 0.75146365 0.13892454 0.7642835
2631 2.9118018 -2.0862713 -2.5608773
1977 1.0111195 -1.623849 1.2895669
1937 1.2581738 -2.1169703 1.4389821
2107 1.5601747 0.68879604 -0.7157223
828 2.600265 2.0626986 -0.05899791
2441 0.7732209 -0.6088774 0.8393369
724 0.6068938 -0.093410514 0.28109476
1982 1.4957758 -2.295185 2.2044673
813 0.6487298 -0.075277045 0.41440338
144 1.3461885 -2.416606 0.2673652
2040 2.5805993 -0.16680573 -2.1417565
2300 1.270274 -0.42022192 -0.8623853
23 1.6525944 -2.871667 -0.09417638
306 1.5720421 -1.4200767 2.7978554
367 1.7034838 -1.8937773 2.9980774
1396 1.3767467 0.55142814 1.7356893
515 1.8595332 -1.5738904 -1.5293581
1218 0.6901295 -0.48549297 0.545099
500 1.0600239 -1.2471198 -0.4926385
1061 3.4277298 -2.512163 -2.940526
1193 0.7853933 0.1821701 0.47491345
190 0.8497399 -0.90986943 -0.49149314
1966 0.79738563 -0.99401015 0.9919882
2451 0.78100556 -0.2737334 0.7589646
350 2.0823221 -2.2662518 3.6363127
162 1.3133934 -2.351268 0.9042622
364 1.4262202 -1.4103969 2.5875082
1774 1.141368 -0.4495854 -0.77712595
2581 1.1320941 -1.1329075 -0.75732106
2143 2.7344754 2.1087823 -0.24355617
1779 0.7644289 0.22661997 -0.3176458
2353 0.65305793 -0.5804704 0.27446985
2118 2.5476694 -0.6788376 -2.2170253
1217 0.6809575 -0.43379843 0.7124224
2405 0.6473984 -0.40048492 0.18515298
1714 1.3723493 0.5653523 -0.6681314
2123 2.7867692 -0.83019096 -2.4556043
1630 1.1239024 0.4999171 -0.06197532
1086 1.5596485 0.014676137 -1.1688387
1484 0.9232481 -0.72498435 1.4995887
629 2.924595 0.6691272 -2.0273824
1479 1.1359444 -1.6234944 1.5885677
2099 3.1149452 -0.3188392 -2.6225374
910 3.8735936 3.1182845 2.3516066
394 2.6362822 -2.7434728 -2.0591803
549 0.71804696 0.2545235 0.17783827
334 2.1757329 -1.856799 3.9915972
59 1.1541157 -2.1599514 0.72626984
1974 0.8893816 -1.5012186 0.88513106
800 1.2265337 0.7772887 -0.07951562
826 2.9242 2.253579 -0.053638633
297 2.6570673 -1.7011181 4.843686
2112 1.3648106 0.28533372 -0.7966618
689 0.8053971 -0.08082115 -0.10874504
317 2.0089664 -1.8106472 3.6351862
299 1.6137809 -1.6339748 2.871941
453 1.5367712 -1.8754284 -0.9049849
2079 2.7548435 -0.12171952 -2.2605915
765 3.5865228 3.0177429 0.96195364
831 2.4865458 1.9504558 -0.08726837
2145 2.6478279 2.0899677 -0.18878272
677 1.298124 0.5470106 -0.29031748
1755 2.5767114 -0.67542374 -2.2924583
2610 2.3282206 -2.3200023 -1.9231844
1321 1.5045512 0.25610617 2.2101586
1999 0.94326156 -1.6510545 0.9989369
430 0.97150487 -1.2344058 -0.48199484
44 0.73783 -1.1616647 0.467629
1354 1.2813157 0.50875247 1.5709124
1415 1.0544591 -0.80666727 1.766236
1691 0.7633219 -0.30982536 0.96150875
1137 1.6539178 -1.7583637 -1.1846858
2038 2.881179 -0.7546365 -2.5390608
1992 1.727908 -2.8632245 2.3142424
1846 1.6745615 0.9766402 -0.42439902
866 2.488665 1.9522882 1.636909
1072 1.8602738 -1.3172475 -1.5689534
1079 1.8729672 -1.7287921 -1.4971213
1951 0.8078498 -1.3891722 0.69673306
1623 0.6786643 -0.14002137 0.085359596
747 1.1399592 0.70209384 0.27278253
122 1.3486905 -2.5194855 0.3472364
1107 2.088652 -1.1379806 -1.8267792
1506 0.8829511 -1.383827 0.8748195
246 2.1765563 -2.8873827 3.6789062
2453 0.7448159 -0.23924157 0.6136218
1657 0.922981 0.4302716 0.41405165
2034 2.6136382 -1.4020953 -2.3661132
2071 2.6092725 -0.35200053 -2.2416213
1047 1.1841884 -1.4022319 -0.6962538
773 0.7590017 0.31794164 -0.017217813
137 0.8857701 -1.4112363 0.44052613
1110 2.6959808 -1.5315881 -2.3692265
2373 0.9038561 0.007810264 1.1662238
1638 1.4537967 1.1416607 0.5327049
217 3.0191987 -2.5269237 5.4438806
865 3.0549276 2.535748 1.5235333
1530 0.7862635 -1.1616031 0.5017322
2088 2.6603134 0.514409 -1.9138819
1763 1.3131094 -0.5067173 -1.092989
1520 0.9029672 -1.3181274 0.5849446
2050 3.1504104 -1.3855574 -2.8291056
710 4.1861877 3.426262 0.5294806
1376 1.1737107 0.28651085 1.9359366
2076 2.4270954 -0.08715399 -1.9548829
1228 0.7642014 -0.8517787 0.8760573
1893 2.7853045 1.4770286 -1.2545564
1902 2.4959998 1.6773162 -0.6013355
14 1.0339321 -1.7737337 0.5432968
123 1.2756091 -2.2859378 0.2548226
2250 0.9170029 -0.14457935 -0.2643961
562 0.9895157 -0.07075529 -0.4307221
1718 0.6324614 0.034233365 0.069952615
324 2.8123717 -1.6443852 5.0970206
1416 1.0865179 -1.3089652 1.736669
488 0.9255156 0.5285727 0.55326074
592 3.816728 0.08940171 -3.048029
568 1.0714626 0.19429685 -0.5736394
1958 0.5646218 -0.8151642 0.04635973
507 1.4188322 -0.69303185 -1.1648285
24 1.0184523 -1.5939182 0.055106554
2007 1.7695723 -2.8818955 2.3040085
2026 2.2154768 -3.1689048 3.547654
1637 1.1414692 0.7743278 0.56358874
1578 2.0527875 1.5004799 -0.19639312
1464 0.84091985 -0.8303105 1.0408623
775 3.6029694 3.0027838 0.72077394
294 2.7063518 -2.0160437 4.895907
1706 2.2339964 -0.62680453 -1.9396139
145 1.9980742 -3.6022563 0.49535012
1563 2.6263878 2.2136846 0.5516432
2442 0.7727405 -0.33003888 0.8498887
781 2.3247788 1.9295144 0.48654526
1012 0.8495317 -0.6174643 -0.50983214
105 1.2400216 -2.2450163 0.9425021
1861 1.9928674 1.223265 -0.68889207
2171 1.7158473 0.8868565 -0.7050793
1672 0.8063895 -0.5522523 -0.14023384
1089 2.057569 -1.0043838 -1.8265417
605 3.7027862 0.52068585 -2.7287242
486 0.5924562 -0.07734063 0.3947291
616 1.3041219 0.4603454 -0.7276814
468 1.3713456 -0.818797 -1.0414684
351 1.8036249 -1.7321253 3.20316
1099 1.0545852 -0.51852953 -0.821184
2356 0.63264155 -0.3542057 0.5358653
1590 0.66554296 0.072377905 0.05149985
2142 2.6332715 2.078581 -0.18290082
835 2.8227518 2.2993155 0.2929312
1852 3.1929913 1.5309784 -1.605603
2275 1.3080145 -0.45511103 -1.0206231
2117 1.5726051 -0.48004544 -1.3021317
474 0.8064331 0.12674414 0.015132447
2333 0.7590471 -0.47678342 -0.09162354
625 2.367464 1.3037113 -0.99685746
435 1.7690561 -2.0533478 -1.1965266
628 1.22787 0.24789426 -0.75853544
2182 3.2701025 2.322526 -0.7068994
816 0.61069316 0.0022711477 0.40022692
659 1.0388315 0.40340522 -0.12062027
1313 1.8463687 0.65666956 2.528513
1552 0.72299415 -0.075089596 0.5058654
248 2.6533124 -2.7621863 4.7458825
623 2.1031249 1.2880385 -0.735645
93 2.0620759 -2.459784 3.6187766
2063 2.027124 -0.22442178 -1.7125767
1817 1.1423436 0.77124465 0.69342184
1472 1.1285175 -1.504881 1.7156962
391 2.4693089 -2.6886 -1.8034828
1182 0.7433627 -0.5533366 0.84611005
2168 1.1794472 0.26616672 -0.6483192
2202 2.53115 1.2006679 -1.373675
1421 1.1766505 -1.206399 2.0039625
1432 1.3316488 -2.1857066 1.864424
1471 1.2578686 -1.5949403 1.978259
8 2.1424072 -3.575028 -0.27318594
72 1.0322095 -1.5313636 1.3687369
986 2.6823282 2.225709 1.2203546
260 2.682217 -1.3613775 4.851566
1986 1.3189945 -2.2703028 1.6856294
2474 0.73986137 -0.19451694 0.47018707
1287 1.2810395 0.38936785 1.7142878
942 3.3097649 2.7064774 1.7573678
713 2.0104935 1.6332949 0.252581
475 0.8404996 0.41453224 0.08264853
206 1.8988243 -2.1902118 3.2664628
1105 2.033351 -1.4259912 -1.7469261
786 3.47361 2.7764947 -0.008822244
269 1.2578855 -1.5891049 2.1648273
2141 3.0858958 2.1887941 -0.6863959
572 2.9025276 0.5632342 -2.0426586
1492 1.2534627 -1.5531151 1.9646872
1440 1.05852 -1.2412455 1.4396076
2279 0.8331287 0.0013044509 -0.10295501
847 1.211317 0.88956934 0.25873536
2410 1.1591012 0.4647413 1.3493962
958 3.4265382 2.778273 1.9759493
2218 2.9774075 1.8080231 -1.134262
2206 3.5700362 2.6315196 -0.5964171
1989 1.5042825 -2.5607803 1.9034638
649 1.1500334 0.37750393 -0.45278972
1712 1.461746 -0.13343044 -1.083604
1600 1.9647619 1.5574081 0.46206224
1635 1.002193 0.5968143 0.25199947
138 1.0846392 -1.8318383 0.81540304
1998 1.5541136 -2.6673431 1.8787713
597 2.472053 0.55016226 -1.6440301
928 3.4781988 2.7782345 2.1815896
2436 0.78614235 -0.5507556 0.97189397
1830 2.233811 1.5548693 -0.44370395
2215 2.7501957 1.6141868 -1.0718176
247 2.2168398 -2.639865 3.861593
209 1.8581421 -1.9029742 3.3579366
583 1.6150572 -0.02257291 -1.2687935
1825 1.890685 1.4523692 -0.11466542
1990 0.8630926 -1.6034896 1.0245551
322 2.8203146 -2.4805734 5.095461
679 1.2825164 0.6374553 -0.29745987
1596 1.3579074 0.88670504 0.14138854
569 1.2202389 0.3395575 -0.63302577
1189 0.72503704 -0.057554927 0.6182025
1836 2.169051 1.6010908 -0.2717717
261 3.3823795 -2.0213282 6.0854516
257 2.7100563 -2.46159 4.908968
421 2.2489305 -2.5354574 -1.6129978
1826 1.9837573 1.5585486 -0.0007240564
510 1.3642886 -0.88139606 -1.0574713
250 2.095032 -1.3401053 3.7571666
219 3.1042676 -2.3603978 5.547114
1544 0.78889513 0.28335616 0.16126317
2634 1.919873 -1.1391683 -1.6352642
1225 0.6597418 -0.65538704 0.44655752
1585 1.7487875 1.1417642 -0.25989044
143 1.200676 -2.2146447 0.30055064
1254 1.1297543 -1.9532315 0.94764036
889 1.5342085 1.1083974 1.2415648
1347 0.68405974 -0.0077863093 0.7287698
2258 0.9902587 -0.13329858 -0.4444477
809 0.68240976 -0.05672682 -0.05188692
2004 2.1442122 -3.3063266 3.140238
2124 3.1471279 -0.7591206 -2.7568028
168 0.71757674 -0.74675655 0.09485556
670 1.4858109 0.7766796 -0.43898627
1320 1.7721094 0.54171544 2.4908779
2371 0.7125 -0.19540234 0.5554641
128 1.4574257 -2.5831676 0.21531053
1389 1.2781099 0.43518 1.6770902
2413 1.7488948 1.2390238 1.4407481
2188 4.063366 3.0340793 -0.60928303
2037 3.1019523 -0.6693455 -2.6961613
2645 2.5254433 -1.8789625 -2.1426702
1374 0.8025888 0.51322746 1.1035147
1360 0.7189872 0.029714175 0.9910396
815 0.60498273 -0.046943862 0.3143523
703 0.79667836 0.4354101 0.16528247
479 1.2481109 -1.1499947 -0.82996136
857 3.2801797 2.5108452 2.4283772
1737 2.7442882 -0.86750543 -2.4463844
2087 2.4385297 0.5761166 -1.6819134
1724 0.9530459 0.10453945 -0.42303634
1305 0.69340134 -0.29014346 1.0608649
353 1.3501437 -1.2862779 2.3511658
487 0.6649558 -0.23196127 0.2741387
2074 2.6646516 -0.10014528 -2.1940503
534 0.763113 -0.2248712 -0.4184211
2008 1.66738 -2.5575013 2.5014956
2632 2.4217682 -1.4893308 -2.129499
2429 0.72968304 -0.3430954 0.86402756
1397 1.7162689 0.7724519 2.1501887
78 1.3396385 -2.4661922 0.9910931
1692 0.6731412 -0.14602329 0.0013554923
1789 2.2928436 1.9769998 0.7544309
139 1.0419248 -1.8821847 0.8137511
656 1.3750981 0.65274966 -0.41200864
2073 2.9175 0.008235614 -2.3493826
70 1.5222604 -2.6904273 0.2748651
979 2.2235749 1.8912841 0.37420154
1705 1.3806964 -0.30731988 -1.1044447
2450 0.72983676 -0.16819617 0.54708695
2539 1.5484339 -0.9465208 -1.1879679
1749 1.8413726 0.09140702 -1.3451496
2199 3.7360048 2.509949 -1.0239207
1762 1.633641 -0.25415647 -1.3697876
2010 1.7921793 -2.6053672 2.9042478
2394 0.65442425 -0.38769564 0.40168855
245 2.2298582 -2.6801436 3.8491397
2384 0.77688175 -0.000712525 1.0296474
520 1.8145854 -1.5454849 -1.4452038
2461 0.7922549 -0.107238576 -0.028922023
930 1.5648564 1.1515089 1.186664
2289 0.8127751 0.2704043 0.2326019
61 1.3519281 -2.446419 0.2828153
1606 1.206053 0.64765316 0.0785678
1597 1.5760335 0.8909075 -0.31075877
914 3.3712382 2.7452605 1.7907345
2522 2.9064255 -2.2947624 -2.4689546
1127 1.8300784 -1.4724568 -1.498523
953 3.0612586 2.5740118 1.4177201
1330 0.95800245 0.15250544 1.3787398
2593 0.56505513 -0.45182177 -0.10596152
38 0.7209158 -0.8592905 0.18630897
10 0.88176674 -1.6055151 0.5292293
1616 1.1572632 0.8310159 0.6589477
975 2.8869653 2.3776045 1.4560119
2293 0.86349785 -0.79812837 -0.3532265
1699 0.638867 -0.26298 -0.027278112
312 2.3416638 -2.2197437 4.235475
1816 0.911528 0.4916396 1.1696845
2378 0.9669324 0.36333823 1.0992872
2498 1.4414079 -1.2788423 -1.0673864
278 2.5600612 -2.2113733 4.6433682
1215 0.7852348 -0.36669862 0.82089764
2307 1.1569258 -1.0783615 -0.67707074
42 0.92523295 -1.4769398 1.2034922
1135 1.4017934 -1.6807933 -0.80266917
992 3.3241262 2.7281659 0.2577698
681 0.8463088 0.06905903 -0.002069396
92 1.8230807 -2.3405077 3.1069112
489 1.0086159 0.19892237 -0.33633873
1151 1.3273911 -0.8100633 -1.0016814
527 1.4171633 -1.3378198 -1.008044
2090 3.0498054 0.9043608 -2.0410008
501 1.9472072 -2.2785475 -1.3155572
998 3.2260444 2.5937703 1.8942803
483 0.93701077 -0.6245306 -0.5304237
1890 1.7911422 0.7283852 -0.99745435
2599 2.064243 -1.5160407 -1.7412735
395 2.2533703 -1.9596871 -1.8963132
1318 1.9598237 0.866816 2.4256961
1863 2.3426023 1.1475971 -1.1116529
270 2.0796962 -1.7912139 3.787212
529 1.384233 -1.1010908 -1.0015112
2075 3.2802653 -0.12248769 -2.7114968
2086 1.8523544 0.34283376 -1.3519939
272 2.3562126 -1.6310492 4.296091
938 3.3410418 2.7075732 1.8970587
2369 0.7382842 -0.33777884 0.7667644
460 1.339067 -1.7505909 -0.84180814
31 0.6423 -0.7234466 0.7388577
2576 2.2081165 -1.3126452 -1.9920112
221 3.1220765 -2.1876576 5.662121
418 1.9883301 -2.6295958 -1.1466553
2295 0.7865949 -0.14039315 -0.31644776
795 1.7948524 1.5126274 0.7985499
504 2.1638057 -2.8288586 -1.2322485
132 1.0231665 -1.6762291 0.6544017
1621 3.3887172 2.7968194 0.8159944
753 4.4856405 3.6988022 0.760953
401 2.873879 -2.6695938 -2.292106
1780 1.8102077 0.5708929 -1.12279
2538 1.7516087 -1.1302624 -1.4844898
1644 2.1502674 1.7725295 0.93744284
2253 0.7838502 0.05327034 0.36695817
471 0.7209655 -0.33053023 -0.24237339
535 1.6283901 -1.081711 -1.3810785
544 0.7067882 0.17607602 0.4892064
2574 1.7928315 -0.6849089 -1.5972328
315 2.2231448 -2.023199 4.009611
2155 2.7061462 1.4738504 -1.1194636
1501 0.94872016 -1.5611889 1.1407152
346 1.8958665 -2.3242128 3.2158446
1697 0.7835368 -1.1712632 0.24003233
531 1.1814948 -0.9218582 -0.70469385
1336 1.8360332 0.7405627 2.4157224
406 0.896719 -1.3833594 -0.19925323
2238 0.77349955 0.103764184 -0.03793269
2530 1.2303196 -1.0579969 -0.9566655
508 1.5764081 -0.78950155 -1.3681257
6 1.8162434 -2.9500074 -0.29477912
1252 0.84674037 -1.2530977 0.87119055
905 3.0456893 2.463188 1.7394651
244 2.2047427 -2.7537131 3.7827659
1892 2.1375158 1.0286089 -1.0291457
2611 2.8045313 -2.2696898 -2.3972254
1283 0.5653216 -0.3844307 0.04660737
1707 1.6176895 -0.06660949 -1.2340858
1895 2.3648007 1.718292 -0.4936284
1838 2.5970957 1.7832838 -0.68906343
2191 2.2262926 1.390753 -0.67214656
2462 0.5674314 -0.026358811 0.2630977
1665 0.6536753 -0.36448023 0.30869812
2156 3.1506293 1.9262602 -1.1227415
2163 3.9064336 2.7648687 -0.80693847
1696 0.67870444 -0.5141178 -0.025640566
1094 0.9073789 -0.40173173 -0.65442216
1671 0.7808537 -0.91992927 -0.054168135
1710 1.3927536 0.45603842 -0.7510315
1709 1.0610152 0.14047909 -0.5501567
347 1.8815553 -2.5398784 3.0495
2308 1.0215455 -0.12099901 -0.40719205
1403 1.116788 0.54390275 1.3579717
77 1.5717965 -2.9603314 1.3326507
2020 1.7370983 -2.8151288 2.4883547
1719 0.5868656 0.038066905 0.09053298
498 1.1073512 -0.7234583 -0.77561533
1390 1.5709126 0.6176382 2.0426462
853 3.3566003 2.6603446 2.100387
1898 2.144775 1.2579203 -0.78126943
1465 0.9099673 -1.0165067 1.1568044
1565 2.3602872 1.9778949 0.48795667
448 1.7736549 -1.9265307 -1.3139585
1159 0.69216174 0.10368738 0.27509865
1450 1.2889055 -0.8201833 2.2327437
2281 1.0229719 -0.33345354 -0.4422297
1169 0.6977292 -0.38932955 0.55913526
1599 1.3603332 0.83563083 -0.14840652
2306 0.82300407 -0.9161334 -0.12745452
182 0.5504964 -0.3063169 0.29627094
1155 0.8644041 -0.86649954 -0.30244157
1333 2.0004687 0.79657525 2.5602617
1102 1.1095538 -0.49558216 -0.79478633
532 1.0859162 -0.8136421 -0.674199
2338 0.76317215 -0.8706045 -0.07581197
2351 0.8561157 -0.14204946 1.0899733
700 2.447428 1.9809107 0.26604247
1262 0.75165707 -0.52821386 0.8436071
2430 0.73715216 0.0102342395 0.4689802
2518 2.2464695 -1.9497128 -1.8362048
622 2.1116397 0.83218145 -1.1675496
1181 0.7367814 -0.6224768 0.70258427
543 0.8826065 0.3752351 0.81894433
1255 1.1256521 -1.9974658 0.98420423
2005 1.6663622 -2.5129626 2.5544608
1093 1.7742087 -0.7569187 -1.5249553
1742 1.0515128 -0.18305042 -0.63972324
694 0.97912496 -1.1714827 -0.48253304
2130 1.6810313 -0.72041416 -1.5345584
2586 1.8347017 -0.5772411 -1.6204079
1241 0.86649585 -1.379389 0.5637679
1610 0.6674285 -0.1614704 0.07465641
729 3.1632888 2.564526 0.31905058
1295 0.9889691 0.3211897 1.2974957
376 1.5133286 -1.6880497 2.5412023
566 0.8669666 0.07436279 -0.2177756
2488 1.1602075 -0.42489097 -0.7197794
1731 1.0666773 -0.775406 -0.839813
1190 0.6922008 -0.3564518 0.5411621
2070 1.6515975 -0.004248687 -1.3133129
988 3.145755 2.556831 1.7950305
52 1.3929114 -2.4652374 0.23926854
614 1.129513 0.29961112 -0.6423698
2284 1.1592084 -0.2123794 -0.76473093
759 3.8420637 3.1939619 0.8212314
1739 0.8774021 -0.081096694 -0.45652458
2460 0.7430125 -0.08854175 0.16240864
1349 0.73673356 0.05750921 0.8203525
1598 1.6282727 0.7632397 -0.62936074
1961 1.1012282 -1.501968 1.6652995
1734 0.9008614 -0.42937696 -0.60065264
2385 0.96329683 0.009613348 1.3400973
1070 1.6786351 -1.0013523 -1.4159074
1933 1.534534 -2.312963 2.3126557
305 1.9482195 -1.4207608 3.5604796
2221 3.6833222 2.4233606 -1.055742
2541 1.1020713 -0.8367243 -0.6497922
2456 0.6625726 -0.035289947 0.38992092
415 1.1104451 -1.0590538 -0.87031543
1873 3.052331 1.575049 -1.4269539
493 0.84935075 0.12694485 -0.14717072
1577 1.8975718 1.4403082 0.27683926
925 2.78029 2.2377083 -0.10884078
2562 4.344048 -2.3939629 -3.92143
2187 2.785258 2.043294 -0.5347244
1889 0.553476 -0.11151867 -0.20671748
932 2.1031342 1.4500633 1.9418206
443 1.5544711 -1.6491354 -1.1100945
2494 1.4306885 -0.7426814 -1.0977943
2623 2.297803 -2.6106548 -1.6675521
388 2.62969 -2.9557621 -1.8668052
2012 1.7127984 -2.548144 2.799128
672 1.1242849 0.123544306 -0.7322517
1004 1.0410239 -1.4160954 -0.3686395
1457 0.9228221 -0.998782 1.2048633
1814 2.6647391 1.7423071 -0.7410823
688 0.88053083 0.055627756 0.15902764
1296 1.5590227 0.5532597 2.1069102
1759 1.8894721 -0.3156036 -1.5477304
2084 2.547567 0.35622978 -1.9086156
539 1.9322687 -1.8285357 -1.6055568
963 1.9984931 1.7184191 0.82516474
63 1.0859814 -2.048016 1.0691822
1538 0.9650627 -1.5311607 0.1764991
1881 1.0586368 0.52796274 -0.19796868
365 1.7155738 -1.8462042 3.0349991
2597 3.0971406 -1.3915131 -2.8509037
333 2.5838132 -2.816302 4.516998
15 1.0714588 -1.8781796 0.4826783
1069 0.471359 -0.67801535 -0.05124385
915 2.869922 2.3116565 1.6714103
223 2.3139033 -2.2980213 4.152119
1090 2.9813426 -1.6220698 -2.6663187
313 2.4375336 -2.540992 4.3431206
393 2.8486671 -3.273997 -2.0182528
265 2.5459542 -2.2894068 4.6052547
76 1.6259744 -3.0559313 1.265132
4 1.3620085 -2.4566133 0.3372323
29 1.5216839 -2.8159196 0.92231566
827 3.3447788 2.7044141 0.17712326
1407 1.1433734 0.4905848 1.2748585
575 3.0713854 1.1906459 -1.7718115
1965 1.4461273 -2.3609722 1.9320258
404 2.329035 -3.1053023 -1.2947739
2116 3.5727386 -0.9138688 -3.1217508
2489 1.3892416 -1.5300322 -0.8828966
802 2.5719993 1.9672453 -0.14936934
1011 0.805803 -1.3491821 0.10952116
1419 1.5126617 -1.4096526 2.690795
521 2.2477512 -1.861152 -1.8833656
1136 1.735733 -2.0128942 -1.1966443
321 2.6733172 -2.4896991 4.804723
1971 2.1481285 -3.3899198 3.000158
951 3.5017102 2.869776 1.7904125
717 2.2380717 1.6613858 -0.2210394
400 1.5596861 -1.8874432 -1.0109636
2220 4.3939962 2.704167 -1.4781693
2240 0.8246024 0.27483547 0.39833114
1453 1.2644172 -1.3027717 2.1805835
2266 1.4759418 0.38392478 -0.8013018
695 0.7940801 0.280089 0.39466852
170 0.7110512 -0.6629081 0.5002582
1401 1.7658079 0.21075082 2.749895
243 2.5056884 -2.660999 4.504028
319 2.7338934 -2.219904 4.9717026
1721 2.3024042 -0.37315965 -1.9438082
2280 0.90525913 -0.2883361 -0.27594966
54 1.405882 -2.5461175 0.22540568
1412 1.4508457 -1.9235421 2.4250996
1877 2.5070188 0.82980746 -1.560839
1935 1.6046813 -2.5678806 2.278214
1670 0.743109 -0.59974915 -0.02816473
2277 1.1337578 0.3585032 -0.49447912
640 1.3478816 0.36186755 -0.6803356
470 0.71761066 0.088688366 -0.16023539
2561 3.5673416 -2.6308992 -3.155088
606 4.024446 0.70113146 -2.8743956
1002 1.9550201 1.024637 -0.82688195
646 1.1692483 0.0802402 -0.75067794
1954 1.665724 -2.186973 2.778799
712 2.5301836 2.0771198 0.27556324
2045 3.038083 -1.238849 -2.7006466
1300 2.024603 0.55758554 2.7945788
514 1.8526798 -1.323625 -1.5773494
423 1.9539562 -2.385611 -1.1993748
613 1.8800116 0.100170575 -1.4445915
1955 2.087045 -2.9943154 3.3118794
2517 1.241292 -1.0229757 -0.92819893
2257 0.9589824 -0.09818473 -0.411705
87 0.5956449 -0.522604 0.65173393
329 2.396148 -1.8319821 4.3871894
926 2.9144282 2.484827 1.1004603
1053 2.7286139 -2.3361194 -2.2542589
2337 1.2050384 -1.7001787 -0.4361898
2041 2.6526883 -0.66297686 -2.296874
356 2.0690234 -2.0275643 3.7000718
1669 0.80274945 -0.098671384 -0.05110547
2316 1.4729408 -0.23942761 -1.0310222
1854 2.843372 1.2931194 -1.4596752
2242 0.8160899 -0.050545838 -0.010472446
779 3.3865018 2.7813952 0.66236496
1744 1.6934153 -0.18147366 -1.2931272
345 2.0142233 -2.448095 3.441643
2434 0.78947383 -0.41938522 1.0257715
1870 3.6958628 2.126836 -1.4505032
58 0.4540489 -0.49971667 0.38665703
2532 1.5446252 -0.6529954 -1.2950972
1111 1.9902147 -0.9639379 -1.6925402
1792 2.3614557 2.016075 0.75032794
2189 4.1904135 3.0609238 -0.7596338
1429 1.4002123 -2.3137562 1.8560828
62 1.9094905 -3.431746 0.29561847
804 2.242905 1.632289 -0.17590348
408 2.4045267 -2.3227856 -1.9200907
1149 2.6787024 -2.5219264 -2.1733923
2082 2.1591055 -0.25072366 -1.8280735
252 1.4703381 -1.8741436 2.4605355
2291 1.1321774 -0.84797585 -0.6285791
372 1.465854 -1.6611263 2.5216873
428 2.2299647 -3.0241213 -1.2655919
693 0.8737419 -0.69630665 -0.27722034
2241 0.9311515 0.28037703 0.048696466
323 2.7647848 -2.4049733 5.0122485
1557 0.66584736 -0.08228662 -0.11566526
1033 2.7005415 -2.176111 -2.305455
80 1.2702458 -2.0386715 1.6723056
1688 0.7378985 -0.05225682 0.27867174
2569 1.9996823 -2.008869 -1.5652666
399 1.108611 -1.1239991 -0.6813067
1931 1.8653601 -3.1461518 2.298717
2227 2.3176398 1.3910859 -0.77495044
936 2.4203339 1.9030867 1.4917425
1338 1.8173238 1.0527586 2.0043862
1798 2.0439112 1.6497756 0.17061135
1442 0.5649989 -0.93624026 0.28602612
1170 0.81218743 0.40533158 0.34781092
1576 1.2611934 0.76694894 0.15789394
1588 0.79528147 0.34314635 0.16802426
2324 1.0630631 -0.08395333 -0.6352287
1589 1.6927521 1.1393694 -0.13640119
2424 0.74616295 -0.2238662 0.15915613
1561 1.4672529 0.913134 -0.25115767
11 0.5964949 -0.75383484 0.5644576
1650 1.209056 0.46700892 -0.37017453
2346 0.81304485 -0.10809461 0.7891325
1458 0.9747093 -0.9712736 1.4520774
610 1.3892756 0.3748782 -0.6930143
711 1.7813501 1.2978894 0.072642066
259 2.942042 -1.6238424 5.3116345
104 1.0060726 -1.716511 0.30682135
111 1.10536 -1.8317958 0.08696978
833 2.292356 1.836929 0.43647385
1666 0.7618282 0.24745224 0.3685399
1291 0.52385986 -0.5775911 0.3256658
3 1.9597139 -3.392513 0.06758837
1425 1.2727659 -1.0598842 2.130177
2502 2.549474 -2.2722075 -2.1052744
1841 1.8544219 1.1884683 -0.47365406
528 1.4067775 -1.5206311 -0.87430245
2152 2.411226 1.2411214 -1.1019922
218 2.5789356 -2.294297 4.6676807
1619 1.5191711 0.6871803 -0.5457711
1659 0.65789396 -0.009243964 -0.08080117
1204 0.69577694 0.06577221 -0.12718873
1366 1.0661367 0.25020683 1.4491484
7 2.0330124 -3.2404342 -0.5674851
1387 1.2374524 0.3557245 1.6597308
1517 1.1414175 -1.9440637 0.7740207
1686 0.65332705 -0.17805393 0.300256
1536 0.87659156 -1.1549536 -0.103878155
1708 1.3671179 0.1226805 -0.8516067
124 1.6762795 -2.830841 -0.23692983
1446 1.2825065 -0.4020533 2.0948558
663 1.4277194 0.78706914 -0.3220115
1928 0.8043598 -1.3804668 0.7517602
843 1.0721177 0.5380201 -0.18392344
1925 0.7915207 -1.3466799 0.5812911
482 0.67920125 -0.1066028 0.4142323
774 3.0829337 2.5193596 0.46573627
1930 1.2975127 -1.97117 1.8362502
1406 1.5670568 1.0169854 1.6410851
1427 1.3683288 -0.5925141 2.4465005
1339 1.7281905 0.5984258 2.3478625
210 1.6824616 -0.9678627 3.0761015
1822 1.4563394 0.9840176 -0.22499919
362 2.0070624 -2.3629596 3.4407187
2149 3.013182 2.3979995 -0.18705022
960 3.0563955 2.3871655 2.175678
1316 1.8176343 1.0406424 2.0776932
550 0.85968924 0.1668947 -0.23718065
186 0.5623378 -0.26223138 0.44457597
864 1.309454 0.9073644 0.4204437
384 2.4923384 -3.0158305 -1.6115617
2059 4.004667 -0.7936397 -3.4520044
626 1.803388 0.99234253 -0.587415
1871 2.472162 1.3447967 -1.0922043
276 2.584243 -1.8309939 4.6637955
1913 0.75669646 -1.2847471 1.0186603
1367 1.3912723 0.37463316 1.9484186
81 1.2141107 -2.141004 1.0332229
155 0.6896367 -0.8633253 0.51551753
308 2.2747698 -2.6914816 3.9362803
2491 1.6043249 -0.25899082 -1.2494829
2000 1.8633113 -3.1735458 2.3552837
1547 1.0214577 0.584898 0.74552184
1799 1.3188024 0.9569264 0.31090975
2077 2.0248735 -0.3380811 -1.6409013
1114 2.1444747 -1.2353269 -1.8124744
422 1.3855374 -1.6953375 -0.85503143
895 3.0644288 2.5631049 1.5127687
1729 1.7634035 0.52374095 -1.1233479
882 3.0386426 2.5311708 1.5367116
1176 0.736879 -0.16068593 0.73091507
751 4.0202537 3.3486366 1.0554498
2344 0.9595716 0.06563258 1.1256084
692 0.9640871 -0.45759362 -0.43580678
189 0.76573455 -0.8649592 -0.295679
860 3.4866822 2.7310848 2.161224
1417 1.1665746 -1.2171522 1.8780228
1938 0.8770987 -1.4669919 0.8956215
2388 0.6436975 -0.40586734 0.77210873
1988 1.9749748 -3.2305417 2.7185228
281 2.587441 -2.3000202 4.7241044
1352 1.4199622 0.27305606 2.0620885
446 1.1745077 -1.3941375 -0.5801297
1091 2.6859467 -1.3121415 -2.3717303
207 1.8499724 -2.2599132 3.1861553
254 3.0886478 -1.7871702 5.5004344
185 0.6676399 -0.35607383 0.5151997
26 0.85350037 -1.3904773 0.017033346
440 1.4697586 -1.6316246 -0.92224413
183 0.8641005 -0.018464508 1.0725863
2243 1.0064363 0.2681506 -0.18648465
1807 1.5176247 1.0896175 -0.080831826
241 2.5043097 -2.411112 4.587931
594 2.1543622 -0.39884245 -1.8853688
880 3.248636 2.71348 1.5963256
1037 1.0546153 -1.3373464 -0.5816988
991 2.8294814 2.393918 0.5895071
407 1.641719 -1.918021 -1.0850612
2379 0.82389086 -0.15360095 0.76542264
2265 1.2715696 0.059548136 -0.77146816
2190 3.8414087 2.8737762 -0.59436893
1631 0.99772096 0.38550997 -0.23864685
2447 0.7269923 -0.15381694 0.5159002
1582 2.5626502 2.015207 0.02237468
1713 1.2618566 -0.14044416 -0.8543026
355 1.9962386 -1.9465092 3.5618393
604 3.024951 0.4080666 -2.2114866
2228 2.8793972 1.5419359 -1.3003763
1289 0.9230104 0.18055174 1.1522893
16 0.8038678 0.029977033 1.0113868
1700 0.62210673 -0.44955242 -0.10834032
484 0.71824807 -0.4459071 -0.18304041
2615 2.4918056 -1.6127635 -2.1945748
2416 0.90120393 0.3306876 0.6748541
803 1.9647247 1.3690093 -0.23431988
1740 2.876225 -0.57546663 -2.5125892
1770 1.0545325 -0.46451208 -0.67880875
1641 1.9675006 1.6218327 0.62487805
1806 2.3233213 1.3082912 -0.97645605
2096 2.9147217 0.87979364 -2.0077157
2094 2.642497 0.8514216 -1.7371585
74 1.525814 -2.3926046 2.2538745
2583 1.9932841 -1.5026165 -1.5712507
35 1.3279569 0.7548369 -0.19142036
1675 0.72628206 -0.6455703 -0.24213609
1811 1.5449951 1.0864403 -0.028632915
57 1.4944044 -2.3453805 -0.34999043
2588 1.4392484 -0.91815645 -1.1717919
1960 1.4889051 -2.4874473 1.8770586
1720 0.92581326 0.11719175 -0.33432668
2309 0.86946213 -0.26553497 -0.4328818
1317 1.6800522 0.61491925 2.2038689
1314 1.260614 0.4296206 1.8885276
1973 0.95035946 -1.6799159 0.78915614
1746 0.83659494 -0.114472106 -0.23554477
2193 2.525991 1.6646848 -0.60577923
2192 3.0536606 2.1565714 -0.60804397
2018 1.7834692 -2.3864498 2.9616728
361 1.701194 -1.9475381 2.8839784
33 0.64169645 -0.41063315 0.5057372
1426 1.2300495 -1.5076767 2.0414517
2577 2.5895693 -1.8567216 -2.300774
69 1.5873911 -2.8409116 0.45614704
2303 0.64958704 -0.42288175 0.020673793
2160 1.9372356 1.1439312 -0.6063484
2629 2.7990942 -1.9872143 -2.475213
331 2.1417453 -2.6581676 3.6417365
2131 1.9817979 -0.9982547 -1.7681273
96 0.8787663 -1.3222654 0.70283717
1424 1.3939209 -0.9262178 2.4574263
817 0.91154945 0.49460983 0.3676947
1345 1.0451074 -0.22295333 1.4828428
473 0.7804996 -0.2989444 -0.25128922
1751 0.9687863 0.3737779 0.25972694
2305 1.3043079 -0.93038344 -0.83427393
1579 2.2864907 1.8163769 0.30938816
47 2.2591376 -4.0167794 0.6149306
2523 2.8653724 -2.0892615 -2.5123336
1526 0.69099164 -1.0074253 0.35246032
1975 1.5315962 -2.57646 1.9524329
1940 0.69554543 -0.32979566 0.45292434
1927 0.8659717 -1.2278818 1.0838233
1594 0.8844419 0.13730247 -0.38100976
2302 0.8642242 -0.75393546 -0.31857616
1158 0.7629069 0.13410474 -0.22248873
945 2.8359847 2.3204327 1.2803673
1233 0.76299864 -1.030365 0.4057872
1308 1.7388148 0.35712373 2.4698398
2052 3.2311265 -1.6287997 -2.9070578
578 1.664236 0.28807694 -1.1432854
2299 1.0830579 -0.7951169 -0.6705252
301 1.7826116 -1.6967511 3.1835988
2209 2.9750035 2.5672412 0.24273081
1728 1.4068191 0.4395291 -0.73974293
213 3.217773 -1.7356513 5.701197
678 1.099046 0.12831819 -0.59903467
1660 1.0237134 0.58658946 0.5265756
325 1.9050441 -0.9703923 3.5456731
30 0.9937467 -1.9164219 0.720195
855 3.1157174 2.442671 2.0786445
2546 0.626899 -0.5284365 0.03980741
1860 1.1492399 0.5957904 -0.44356224
863 0.49724782 0.06471322 0.33052906
1859 2.142697 1.0270567 -1.0363325
195 0.6088377 -0.70330685 0.10822819
755 3.7800522 3.1573029 0.6844259
2001 1.5043638 -2.4425473 1.9595785
1489 0.9955342 -0.95127237 1.6220006
1976 1.0812385 -1.7674948 1.4278195
161 0.9889958 -1.6732272 0.6569426
554 0.63760096 0.122146726 0.13485858
1730 2.0489268 0.84360784 -1.1084188
1307 1.6607727 0.08324457 2.5370457
2311 1.2720965 -0.0665457 -0.71752715
2553 1.5002458 -0.5486425 -1.2459625
2612 2.8153532 -2.2409086 -2.4101708
505 1.6621361 -0.58841366 -1.4945129
2251 0.96844155 0.19829677 -0.04771273
2417 0.74245256 0.0534155 0.6693434
40 0.8349487 -1.3514019 0.14915542
1726 1.116578 0.33768293 -0.5641219
1944 1.1135306 -0.52792126 1.980245
708 4.0704956 3.2598295 0.2912361
1455 1.8929398 -1.2582884 3.4551258
2386 0.7194863 -0.4981458 0.2852057
1463 1.079694 -1.2810862 1.4344068
492 0.60635275 -0.09112244 0.47537774
2545 1.0456734 -0.8664561 -0.66980886
2151 2.5946374 1.6293979 -0.7814477
1015 1.0975188 -0.93954706 -0.6137227
1027 2.3047974 -1.5830553 -2.0222306
1459 0.47079867 -0.678086 0.45416626
1062 2.6936247 -1.6895366 -2.393167
2283 0.9751594 -0.07255811 -0.40123627
2478 0.88582575 -0.05819029 0.71812654
1322 1.2555503 0.46901897 1.659593
1496 0.6758799 -0.9398409 0.56730807
675 0.84645075 -0.42083433 -0.30813134
1431 1.3330805 -1.9939958 1.8834295
1725 1.425019 0.5514856 -0.7427059
2495 1.7829883 -2.2968454 -1.021167
2573 1.1604723 -0.09647193 -0.7398511
2161 1.9922091 1.1840875 -0.64840657
916 3.1601715 2.4568567 2.0842044
1796 1.445611 1.2104517 0.79635257
725 0.8154944 0.012469379 -0.070623845
983 1.2727871 0.92269033 0.19005376
587 2.6658354 0.21179622 -2.043138
2154 2.7042105 1.559213 -1.093384
1134 1.9168137 -2.0960898 -1.357905
67 0.9851495 -1.7159163 0.51291466
2630 3.0542095 -2.2866244 -2.6633663
420 1.954351 -2.6033375 -1.1011726
1145 1.8406756 -1.4413431 -1.5296335
784 3.022529 2.446827 0.15656868
56 1.4646136 -2.2449703 -0.48526785
2570 1.3333061 -1.6066198 -0.860754
2332 0.87664855 -0.72362566 -0.37036481
1985 2.0035791 -3.2779949 2.7252843
837 3.376802 2.7666547 0.7304362
2590 1.7113485 -0.9398063 -1.5287724
271 1.2588823 -1.0487598 2.3463678
91 1.6152254 -2.336692 2.5049229
723 0.91909194 -0.27003917 -0.15757264
820 1.4698317 1.0598158 0.22102393
2320 1.7593924 1.1156267 -0.3774285
2290 0.83773565 -0.22860815 -0.28637582
119 2.0509014 -3.3125055 -0.58208495
2550 0.5797026 -0.27095404 0.052755512
296 2.5007844 -2.1065905 4.543071
907 2.601334 2.1172478 1.5636613
2317 1.0024852 -0.23971698 -0.59882694
1615 2.741699 2.2300146 0.64991647
253 2.6256092 -2.0225883 4.766453
870 1.7199348 1.3408165 1.2548718
1288 1.2137239 0.46510848 1.4518293
1717 0.72042394 -0.24888448 -0.0586424
949 3.1002355 2.394381 2.1030438
1122 2.3062716 -1.3420167 -2.0197916
665 1.422899 0.87001145 -0.0080662165
1441 0.81018513 -0.84353715 1.0467653
238 3.3071265 -2.393504 5.8916903
118 1.7137213 -2.9582982 -0.056998007
642 1.6266376 0.41086245 -0.9492437
158 0.7719648 -1.0975595 0.74048305
1850 2.0623145 1.0594821 -0.88632137
2471 0.82674986 -0.15582865 0.5670504
1521 1.0020047 -1.5576962 0.6279679
2278 1.0643181 -0.0019902117 -0.5609151
290 2.3066442 -1.807735 4.201205
71 0.8458733 -1.3689485 0.68247086
28 1.0847486 -1.7998796 0.11298497
1141 2.101927 -1.6929023 -1.7332681
1433 2.1304774 -1.7255614 3.8461494
1735 2.259529 -0.281154 -1.8904676
1969 1.639258 -2.0523274 2.7618415
2374 0.7963136 0.14533693 0.71676534
2448 0.6812727 -0.0566597 0.29446977
2449 0.7535717 -0.14784354 0.608249
429 2.12534 -2.1244211 -1.6029592
892 2.8904386 2.4414456 1.2173623
796 0.6657173 0.3856475 0.20714661
1856 2.2715251 1.203396 -0.923539
1146 1.9079754 -1.5809208 -1.5631897
2047 3.82513 -1.3268398 -3.3976886
1503 0.965165 -1.5084318 1.1032416
1788 1.4168037 1.153504 1.1644313
1756 2.0191371 0.1230836 -1.6184745
409 2.5018857 -1.8954905 -2.1927068
1275 0.73589927 -0.024647046 0.4650962
1835 2.5201678 1.5935583 -0.8265826
1626 0.9716711 0.3495632 0.0655814
2643 2.7342813 -2.0098276 -2.3253477
1434 1.4539287 -1.2022998 2.4955602
1509 0.9020922 -1.7353866 0.6075573
1574 2.0478964 1.3896588 -0.37677425
1560 1.3851109 0.7497325 -0.4297924
456 0.64324623 -0.7860024 -0.09340769
1997 1.6351094 -2.8641045 1.938906
1583 1.923787 1.4831368 0.0764936
593 2.6970828 0.8064508 -1.7355729
1380 1.4764012 0.718934 1.7471336
1567 1.2388221 0.75975937 -0.27222642
561 0.84831303 -0.2585117 -0.32447362
2214 2.9573927 1.8799834 -0.92701685
149 0.99230826 -1.6300395 0.001035885
1452 1.7010823 -1.4105264 3.0985715
715 4.0710917 3.3412294 0.4668769
1956 1.719603 -2.1279247 2.8357084
684 1.0075892 0.3585352 -0.029463885
314 2.7385197 -2.8980162 4.847453
2605 2.787617 -2.6300752 -2.232577
1451 1.5071157 -1.0397147 2.6544194
2323 1.7016368 -0.4473797 -1.3769591
557 3.2734187 0.7792758 -2.240514
45 2.183432 -3.9170685 0.532413
891 2.86147 2.3991544 1.3841748
1943 0.7616132 -0.57272303 1.0353434
682 0.9290733 0.29147235 -0.00033232154
2345 0.8570304 -0.07603017 0.9488813
1017 1.2304605 -1.3646972 -0.75807047
1018 1.7265917 -1.475168 -1.3468108
417 1.203237 -0.5960757 -1.0005205
1088 1.689595 -0.08653654 -1.3448192
2036 3.2318168 -0.0008123421 -2.5900662
874 3.131211 2.4760027 1.9040202
2179 1.4734298 1.0442735 0.28363216
793 1.9724005 1.5809189 0.16609408
1355 1.0136056 -0.00395643 1.4407353
2537 1.3232994 -1.2272677 -0.8418608
2579 2.0003846 -1.2124693 -1.8280956
1480 1.2268163 -1.3840376 2.0381613
53 1.1218617 -2.147744 0.7583341
609 3.7459955 0.8457588 -2.5969894
387 1.9740076 -2.3680143 -1.327042
576 3.4238288 1.0503975 -2.1753519
552 0.67393196 0.22113815 0.22620825
255 2.7688022 -1.9558944 5.0054455
2469 0.7268919 -0.3656939 0.4915135
2361 0.7589244 -0.075021595 0.43136096
2635 2.2466967 -1.2841219 -1.9724014
923 2.9157515 2.4603841 0.65367645
917 1.6818738 1.2764852 1.2013909
1914 1.1210421 -1.7071794 1.5276347
2470 0.6630031 -0.37360847 0.27160746
309 2.5131414 -2.9976025 4.308863
1803 3.0409272 1.5149577 -1.514709
1420 0.8953428 -0.9808541 1.2622378
478 0.7945428 -0.40146798 -0.16184734
1435 1.6880088 -1.333687 3.0423439
1115 1.674719 -1.647318 -1.2527827
982 0.9970459 0.61535573 0.5019995
564 0.6616175 -0.32958865 0.1492205
344 2.1816146 -2.156262 3.947626
1113 1.1193353 -1.2852256 -0.5120413
844 1.877467 1.3899207 -0.15353602
1148 2.1912072 -1.7898394 -1.8239001
1522 1.0872469 -1.8183733 0.5177954
611 1.6420485 -0.02906788 -1.3486729
1139 1.8726374 -2.160181 -1.2407469
264 1.6255234 -1.4056065 2.9754095
258 1.8949833 -0.8594025 3.367797
392 2.7622619 -2.9405594 -2.1400232
165 0.8897661 -1.3648254 0.45327434
2097 2.705533 0.020903816 -2.1770935
27 2.2091763 -3.7729244 -0.003713656
2205 3.174284 1.7791283 -1.3183041
1055 0.9545493 -1.3401484 -0.32285866
1337 2.4236748 1.2536539 2.8545287
2544 1.3228986 -0.93138874 -1.0731279
1942 0.68393844 -0.3440725 0.57464457
360 1.8300017 -2.220576 3.1052938
1290 0.538348 -0.40737543 0.49869457
114 1.8830705 -3.0655816 -0.3580249
2646 2.7750764 -1.7070289 -2.4426227
1656 0.98242724 0.578986 0.006868641
1945 0.58714944 -0.5968667 0.4777042
187 1.0911629 -1.9420071 0.2693789
1474 1.1547534 -1.6007111 1.6462649
1510 1.0971979 -2.015593 0.18239409
476 0.9558214 0.45936796 -0.00614047
1601 1.7394284 1.3502753 0.5673034
1921 0.7212921 -1.171264 0.40032527
2249 0.85457563 -0.13335341 -0.1515343
823 2.1310337 1.5999737 -0.18610215
589 3.368875 0.07692751 -2.6770918
1188 0.82049215 -0.07986982 0.93564016
1499 1.2671618 -2.3286178 0.383942
2269 0.64696425 -0.6057692 0.4028545
2166 1.4430522 -0.27568543 -1.131617
716 3.3438609 2.7423685 0.41113377
586 3.1362462 0.7132172 -2.1567142
922 2.3774257 2.0123386 0.49223906
909 3.9388301 3.1556516 2.3736253
1840 2.7160175 1.7986991 -0.77602494
342 2.341542 -2.5938563 4.0152764
1309 1.2974039 0.24074371 1.8165318
1197 0.7668139 -0.037022594 0.7062045
202 2.0171762 -2.85291 3.244193
215 2.519965 -1.5518076 4.5503216
1413 1.0107007 -1.1644561 1.4816091
987 3.2217288 2.7273965 1.4575698
1819 1.1733776 0.7649525 0.23887956
398 2.0680401 -2.3122814 -1.4528855
1064 1.9646773 -1.0959824 -1.6570764
740 2.9046328 2.3898792 0.64063036
1385 1.2543986 0.6449467 1.4819317
159 1.13387 -2.1151597 1.0281374
410 3.0327654 -2.3132327 -2.6721945
588 3.0708053 0.019627554 -2.4486
1348 1.0724208 0.2596481 1.4244136
1112 1.6913372 -1.6104074 -1.2807034
1085 1.5002279 -0.7272073 -1.2321352
2528 1.4936011 -1.6431419 -1.1272001
1130 1.7623358 -1.2188 -1.4245766
2336 2.1257167 -3.0307682 -0.973357
2501 2.263972 -2.141533 -1.7955512
1843 1.0373518 0.64867395 0.32866192
100 0.51117736 -0.3535064 0.12580697
2092 2.7086313 0.1439822 -2.1643307
179 0.645419 -0.6300487 0.043257896
129 0.7481992 -1.0411663 0.68549275
288 0.75561666 -0.800069 1.0703136
1957 1.2049097 -0.80985385 -0.8861937
635 2.501395 0.7759249 -1.5683137
970 2.5476677 2.0729017 1.406384
1858 2.4886038 1.347281 -1.0270089
2334 0.73359215 -0.8528789 -0.24747431
283 2.2511678 -1.3247727 4.083188
1103 2.024072 -0.749021 -1.7010942
2515 1.8097495 -1.649555 -1.4028014
1026 0.7519012 -0.3232864 -0.30129907
227 2.180566 -2.7943065 3.7124727
2237 1.159464 -0.28210872 -0.5813105
1926 1.3116101 -1.8977457 2.0551085
2049 2.5917606 -1.3092786 -2.3527782
741 2.3508823 1.7777572 0.07440617
1323 1.6047218 0.53350437 2.1909347
2554 1.1767584 -0.5929122 -0.90959764
1764 0.806812 -0.026440535 -0.21508631
1398 1.6463125 0.56413937 2.1875863
2225 2.2107923 1.6633469 -0.20810416
502 1.8451129 -0.8558434 -1.6807603
461 2.8793576 -2.0280273 -2.531838
506 2.455384 -3.3446686 -1.2439566
2548 2.0424647 -1.7007511 -1.6865736
984 2.5989716 2.1740339 0.9351372
1678 1.058509 0.20574686 -0.40240777
1375 1.8666533 -0.70667404 3.3009646
1794 1.5748347 1.2953509 0.94428617
1887 1.8724595 0.6122492 -1.2974333
2186 3.6544561 2.7924588 -0.4674068
1498 1.2151191 -2.232705 0.93219966
1125 1.9815071 -2.0654404 -1.4803098
538 0.97085667 -0.78037846 -0.65524733
2454 0.6771565 -0.32363427 0.51355696
822 2.4491923 1.8884131 -0.06781688
2493 2.3837106 -1.4904104 -2.0659492
454 0.6586823 -0.060925145 0.83229184
1747 1.125612 -0.22650315 -0.77044404
150 1.6822821 -2.8574994 0.07017833
2431 0.7184344 -0.42134684 0.5859824
5 2.0254245 -3.2633684 -0.48755527
2419 0.79784065 -0.07643629 0.649012
1461 1.3997172 -1.1703205 2.403761
745 1.5996724 1.226758 0.35061526
965 1.7783589 1.369088 1.2300518
1766 0.9659309 -0.024706714 -0.51068187
1704 0.82568496 -0.1809764 -0.2777123
1123 1.7980906 -1.2704743 -1.506227
2370 0.67388994 -0.47682533 0.8010092
924 2.5115552 2.1414976 0.8641268
570 0.397358 -0.33112225 0.16426906
2644 2.7573202 -2.131446 -2.334009
1981 1.5717055 -2.543405 2.1653316
1437 1.4868152 -1.1375164 2.6277287
801 1.0495118 0.5962611 0.11450474
2439 0.66311264 -0.4117241 0.6401657
2014 2.0582101 -3.2152514 3.1073606
977 1.3996203 1.1061361 0.6338118
1693 0.67874175 -0.49812043 0.5313756
1821 1.5807778 1.3240807 0.8445493
2111 1.45363 0.73446125 -0.42369756
1818 1.15107 0.73951703 0.84103537
126 1.9679534 -3.41021 -0.120609365
2617 2.5679936 -2.3131413 -2.0688996
1593 0.5789172 -0.2834688 0.0315172
920 1.0809141 0.80989087 1.0030549
2101 3.024867 -0.24089922 -2.5639665
1866 2.747006 1.2439903 -1.4499831
872 2.883332 2.2904847 1.7721338
2244 0.8938432 -0.004908727 -0.09761742
115 1.9699757 -3.1954176 -0.36441484
83 1.0074704 -1.7377473 0.7862775
131 0.80038583 -1.4079722 0.5172029
287 1.3021591 -1.1804774 2.275814
2504 1.2598964 -0.4725783 -0.98751014
919 1.9003794 1.4807167 1.2372515
2245 1.0622241 0.26550254 -0.21581963
2418 0.8227874 0.0067777717 0.737708
1140 1.8278476 -2.0730832 -1.2464108
807 1.0009253 0.37551042 -0.1735906
1823 1.079058 0.564408 -0.068621956
251 1.9523492 -2.9062717 3.023388
1694 0.7033316 -0.5634085 0.1478622
676 0.80367666 0.06289784 -0.09028758
2625 2.66392 -2.522247 -2.1299074
940 2.8947282 2.2421348 1.9479587
1381 1.48866 0.37676832 2.1205273
112 1.7666187 -2.860911 -0.41086674
402 2.4819252 -3.043792 -1.6333524
792 1.9589273 1.3519037 -0.3265172
1534 0.8816459 -1.2376319 -0.041081704
884 2.8993943 2.4417758 1.2440872
637 1.4602532 0.28438133 -0.78802264
1676 0.81961435 -0.93262887 -0.014428958
871 2.6103568 2.0484848 1.6249523
1808 2.5776803 1.921856 -0.19886293
434 2.039412 -2.317519 -1.3929547
50 1.5493543 -2.4479299 -0.48899883
1993 1.5928768 -2.71625 2.0462797
2357 0.6659793 -0.7875814 0.5488967
1022 1.0044982 -0.18328959 -0.6897575
2543 2.3911295 -1.7511811 -2.059319
2613 2.4740777 -2.415817 -1.9910072
1995 1.3650756 -2.4962234 1.3380474
2028 1.8765082 -2.8669572 2.8248522
754 4.045322 3.349758 0.68083304
177 0.6568366 -0.7317491 0.22370689
1738 1.1066287 0.3193886 -0.4221804
284 2.8431363 -1.9143666 5.153274
1143 1.586726 -1.2066869 -1.281943
1915 1.3221395 -1.9715441 2.0698774
2437 1.2119944 -1.4476963 1.9785702
1505 1.1155708 -1.6041508 1.5447978
1775 1.3499317 0.0029744897 -0.82796115
2492 2.2064493 -1.1326846 -1.8869197
1617 1.2974924 0.60072964 -0.27627242
176 0.8431958 -0.7709321 -0.5508739
1005 1.5903465 -1.328002 -1.3005974
1315 1.7529632 0.6444742 2.3462017
1221 0.7583054 -0.7026181 0.756225
859 3.6001003 2.816564 2.2363472
950 3.3821948 2.76721 1.7865881
68 1.3907272 -2.5311875 0.4752901
1591 0.7075073 -0.43167716 -0.011295037
102 0.9385645 -1.3671242 0.7455916
2064 2.4759805 -0.2151805 -2.0598571
1797 2.4532692 1.9362054 -0.016406385
2589 0.9713287 -0.5301405 -0.68974984
1983 1.9499948 -3.0325553 2.8319104
2440 0.9078408 -1.2481993 0.85946244
981 1.845459 1.3829646 0.14291474
2326 1.4289281 -0.35141543 -1.0276171
2549 1.040224 -0.9957065 -0.61168754
242 2.2233436 -2.8362298 3.839577
1695 0.72054327 -0.5524903 0.034383055
1748 1.4671571 -0.16020916 -1.0737267
2591 0.7340871 -0.69757575 -0.2701466
585 1.6445903 0.120583504 -1.137522
1950 0.96936035 -1.6646254 0.58946913
2438 1.2627758 -1.344738 2.1592066
908 2.1179357 1.8658856 0.8153038
1423 1.0552672 -1.1506598 1.3665773
789 3.5421674 2.74961 -0.14794712
556 0.994884 0.54785216 0.9011759
2433 0.92986137 -0.41283616 1.286427
2560 3.193806 -2.3713222 -2.7539537
390 2.4133124 -2.13769 -1.9608581
2133 2.4633508 0.48724106 -1.7599286
490 1.3900139 0.61988825 -0.5367459
160 0.9683834 -1.670382 0.664685
690 0.88850904 -0.23109868 -0.55123156
787 3.46284 2.8708491 0.61383206
658 1.8542714 0.9861287 -0.6589114
1802 3.0548182 1.4649509 -1.5409114
2366 0.74069566 -0.06647745 0.39493877
683 0.9311067 0.18937911 0.021341465
2614 1.3504267 -2.177254 -0.17666945
845 2.0334442 1.2173498 -0.6395333
2592 1.6907171 -0.98774254 -1.4639944
873 3.1915643 2.5726812 1.8427918
1059 3.6376336 -2.6657264 -3.1664336
1092 2.4499063 -1.1361058 -2.194715
1658 1.2328275 0.8813262 0.4589808
1837 1.131787 0.8310044 -0.04275671
995 2.5235245 2.1032772 1.0658871
2628 2.874852 -2.6152072 -2.3520308
2183 4.0392013 2.3494222 -1.5602006
1715 1.6795511 0.98865527 -0.5679643
1875 3.1352906 1.6053864 -1.5078559
1065 0.7568947 -0.7781505 -0.47881895
1551 0.74658823 -0.25406405 0.59825045
734 3.3752203 2.7664628 0.5836899
973 2.4977684 2.0664744 1.4033048
680 1.1985877 0.5278284 -0.20767692
216 2.242699 -1.5000668 4.068805
1311 1.3570197 0.52335876 1.7567945
1029 0.70998013 0.0068543376 0.3002497
1636 1.9681371 1.4521706 1.3886923
1556 1.3771137 0.50112134 -0.6095072
733 3.5010333 2.8521383 0.15588695
788 2.880689 2.3101687 0.033562504
893 3.4988334 2.86775 1.8412763
455 2.0605931 -2.8863883 -1.0035875
1443 1.0561517 -1.287302 1.3166319
1587 0.64639455 0.3497742 0.24610946
2380 0.80316085 -0.37275767 0.6415865
2432 0.9252733 -0.4026133 1.2651646
875 3.1008692 2.470099 1.8926368
101 1.1343718 -1.9240364 0.8806299
571 1.5936182 0.35405335 -0.95575696
1987 0.51304704 -0.8037009 0.22302777
876 3.176959 2.6165311 1.6658868
1932 1.0191326 -1.5942025 1.4261566
1391 2.1085055 0.8245402 2.7798269
386 1.0962194 -1.4073409 -0.58304226
2396 0.8297332 0.07553825 0.742929
1382 1.0087073 0.37906426 1.0838561
2035 3.4117558 -0.046183452 -2.800984
2054 1.0850303 -0.4899031 -0.93095315
1393 0.9792695 0.052782975 1.4899952
553 0.9840281 0.0058694505 -0.5568314
669 1.518911 0.8735355 -0.5659502
2236 0.83596545 0.12054565 0.37081993
46 2.1911802 -3.905567 0.5790934
366 1.9510009 -2.1119032 3.4064915
1292 1.0120076 0.20332669 1.3482467
379 2.352791 -2.5132954 4.1338806
55 0.79890656 -1.1739343 -0.25521186
1564 2.8165538 2.3699443 0.6433266
368 0.7840865 -0.03441966 1.4811527
1365 1.2920647 0.43750432 1.6793272
82 0.7109465 -1.1296991 0.4812129
651 1.2573563 0.52724856 -0.43833247
737 3.4470239 2.853281 0.5426348
1324 1.6565775 0.8139414 1.9110848
349 1.7340062 -1.6919947 3.0677576
1491 0.9008198 -1.0054287 1.3161924
2606 2.572673 -2.6865916 -1.9795806
2184 3.3616066 2.1480348 -1.1478286
2446 0.840584 -0.06271536 0.922205
1702 1.4128484 -0.6575378 -1.0800298
1687 0.6004365 -0.54356045 0.39263725
2481 0.8086803 0.15061799 0.57790804
972 3.4031045 2.5986853 2.3776054
1372 1.1218889 -0.7611088 1.9629071
279 2.7207348 -2.74632 4.8738194
1787 2.5269678 2.1346145 0.8488046
1063 2.2505908 -1.2989914 -1.9805287
1010 1.5920421 -2.889323 0.43874687
2551 3.0543752 -2.4500737 -2.6409729
1790 2.7538736 2.26518 1.2453822
1508 0.9244553 -1.3644652 0.8588833
1301 2.2449124 0.83319116 2.962466
2555 6.1063824 -2.49475 -5.4743857
1917 0.68254924 -0.54478526 1.1634877
348 2.2389123 -2.965581 3.6867256
2318 1.3096465 0.5059359 -0.47626752
702 1.7467521 1.3349007 0.3780508
2174 2.8442178 1.4647211 -1.3411332
239 3.0486636 -2.7218223 5.4852242
2531 1.1405177 -0.5696803 -0.83026856
1745 1.7997574 -0.262948 -1.3876168
416 1.9728327 -2.5514376 -1.1814686
1036 1.2387295 -1.5803236 -0.6631333
2276 0.8535227 -0.84324324 -0.41563773
735 3.3460212 2.7464488 0.5956253
1801 2.7669153 1.8640229 -0.7414535
300 1.3999918 -1.6693588 2.4590158
142 1.3179412 -2.3440473 0.37591502
1668 0.9011505 -0.48796654 -0.46056107
172 1.2460588 -0.13917288 -0.85907495
1525 0.8857247 -1.285697 0.15284106
414 1.936039 -2.2540734 -1.3087281
1963 1.89336 -2.90298 2.7614348
2104 2.9783611 -0.061907075 -2.4478648
205 1.3713914 -1.7632445 2.3010523
2542 1.9793881 -1.3478296 -1.7337338
643 0.70451516 -0.13112907 -0.14213432
103 0.85018116 -1.153039 -0.34698346
1912 1.0127609 -1.4967135 1.3400733
878 2.6659625 2.2231567 1.2865285
1733 0.9403122 -1.2586023 -0.41307977
2033 1.4041295 0.30990553 -0.789333
1701 0.72574997 -0.50251096 -0.04970712
545 0.8449805 0.35056993 0.10342316
2339 0.7202341 -0.5223695 0.009069499
2232 3.6515293 2.2865763 -1.294978
2016 1.4416382 -2.3600037 1.9503993
2009 1.5080515 -1.820932 2.653688
212 2.1257372 -1.697332 3.8220387
718 1.4056913 1.0536355 0.17773291
1682 1.0341495 0.20382866 -0.42179763
2556 6.0565023 -2.4082599 -5.421935
175 1.0723448 -1.8281341 -0.028632738
2254 0.59211904 -0.39809906 0.0040399064
2046 2.3263023 -1.2049892 -2.105511
1546 1.389676 0.87807596 0.0075527127
1133 1.6994369 -1.7847426 -1.2327061
1319 1.6012243 0.24706781 2.5009863
275 2.5538476 -1.6954204 4.6860075
1388 1.4609815 0.43219557 1.9924278
966 1.915868 1.5242267 0.9675558
125 2.1525407 -3.4236073 -0.5386978
2208 1.1455734 0.6179954 0.36578035
1776 1.7418214 -0.08836048 -1.4219726
881 3.1558936 2.6514363 1.2759672
2525 1.091589 -0.2737954 -0.9480452
1941 0.76130134 -0.4372982 0.6564699
2105 1.7852768 -0.01283252 -1.332365
1758 1.289661 0.020500766 -0.82486945
2529 1.4733483 -1.8508698 -0.875046
861 1.3017167 0.3914458 1.6426442
1732 1.1073872 -1.3082811 -0.6464207
1364 2.0177453 1.1688532 2.309489
2137 0.7294044 0.46869573 0.009572277
1777 1.0824838 0.4217577 0.13975893
869 3.5176523 2.7753103 2.2631524
913 3.6540277 2.9850197 2.0794957
1351 1.6001494 0.36526147 2.2328463
894 2.8265 2.353315 1.4803239
2068 0.72273517 -0.044627126 -0.25996017
1703 1.5012839 -0.5608472 -1.206425
619 2.4981806 0.7599042 -1.5516595
727 3.6450732 2.9534886 0.42842665
1163 0.9907219 0.23419528 1.2187628
1602 1.1510844 0.47426254 -0.085758306
2414 0.8102632 0.23178688 0.2654936
728 2.7122889 2.1491303 0.105520934
2387 0.8030459 -0.3971687 1.2360364
2600 1.199232 -0.80933905 -0.83737874
726 0.78308684 -0.103316106 0.07130758
1566 1.9312657 1.210454 -0.4192703
2239 1.4146025 0.5950954 -0.39477453
1495 0.8756508 -1.0512805 1.1147186
706 3.292635 2.6084385 0.17711169
135 0.7445667 -0.6793815 0.3645742
457 1.4761261 -2.2738152 -0.53276134
240 2.783417 -2.6065886 4.959824
1922 0.7625555 -0.20850663 0.9777345
110 1.321818 -2.364951 0.19880864
1418 1.3182441 -1.339595 2.2002747
2391 0.7089123 -0.5000242 0.39506787
2207 0.7989384 0.1651303 0.5786563
2327 1.3107622 -0.1999021 -0.857678
1919 0.77008086 -0.5024795 0.80286235
1878 1.8124948 -0.9674716 -1.5164595
494 1.4372363 0.81327635 -0.4348126
705 3.768608 3.1040683 0.56965536
403 3.051729 -2.5931988 -2.6046033
1592 0.7654452 -0.0034755783 0.021230271
1698 0.8017122 -1.1029122 0.2154762
1057 1.9208468 -1.6531994 -1.575267
41 0.6736348 -0.7781666 0.2977574
1054 2.1893265 -2.060059 -1.7094096
1003 1.2038583 0.3030846 -0.62316626
2444 0.7634227 0.0035528436 0.58362335
2505 2.7438664 -2.2570431 -2.3405535
558 1.8673589 0.59682685 -1.0910426
2477 0.811171 -0.22426382 0.76516974
701 2.1911263 1.712319 0.2690141
2180 3.4200897 2.2458203 -1.0088669
1067 1.0755155 -1.6425956 -0.55603725
2585 2.2175212 -1.0816499 -1.9634061
2211 3.5830119 2.6430721 -0.5921582
1428 2.2621427 -1.6147542 4.0753493
1302 2.2344139 0.8651167 2.9258142
841 2.085737 1.222475 -0.67243373
1030 0.8969492 0.16128807 0.4726067
1395 1.5589048 0.5128292 2.1102343
292 2.802339 -1.7440276 5.100274
848 2.2002041 1.6766714 0.16670297
805 3.9746053 3.2544806 0.34786397
375 2.137951 -1.6670153 3.8627808
2021 1.9537439 -3.0556598 2.9364324
2472 0.8548437 -0.06516185 0.31294233
722 0.8617411 -0.45084625 -0.014036037
441 1.5667366 -1.4070628 -1.1796689
620 1.9514648 1.0154104 -0.90467227
263 2.9449492 -2.149752 5.397919
1209 0.92566025 -1.2937372 1.0308228
1490 1.38104 -1.6393389 2.2328796
148 1.8393481 -3.154831 0.006052827
2587 0.38229248 -0.22676617 -0.23040731
2458 0.7484392 -0.19022278 0.026894633
1869 3.5407124 2.057668 -1.3584712
1949 0.9003162 -1.5721804 0.7110481
18 1.8849773 -3.0042348 -0.42991668
852 2.491018 1.9539949 1.5743546
1019 1.3870355 -0.83468145 -0.93729043
601 3.4859087 1.1249015 -2.1782486
743 2.29963 1.7254151 0.05437987
2626 0.59628385 -0.81346184 -0.10189275
799 2.988163 2.2407136 -0.22371297
2255 0.6604391 -0.26860216 0.616319
721 0.63157535 -0.275866 0.13309631
653 1.8646239 1.0468893 -0.73920983
602 2.7983077 0.020293644 -2.2503858
307 1.6639549 -1.1389006 2.9975739
1554 0.41400927 -0.28483966 0.20100759
1667 0.96318954 -0.6246989 -0.47440705
1555 0.61977124 -0.81176406 0.5085812
1851 3.3935156 1.8549129 -1.4253869
842 1.7390418 1.077516 -0.41899234
2128 1.174147 -0.10987975 -0.67174685
1920 1.1408799 -1.9739509 1.608227
2445 1.075334 -1.4234881 1.6845101
34 1.8228093 -2.9112215 -0.5151967
1677 1.0031335 -1.5452703 0.28560555
856 2.8509142 2.2368302 1.670256
2535 2.8367307 -2.149981 -2.40771
2126 2.583459 -0.49782327 -2.2151303
224 2.0882506 -1.5839946 3.7832208
704 3.4403322 2.8190053 0.41833222
2272 0.63442683 -0.46127644 0.08797493
560 0.80107784 -0.2624937 -0.40981713
2273 1.3619181 -0.5760957 -1.0555383
249 0.9241552 -1.0910696 1.5646352
2563 3.8104951 -2.1927788 -3.427368
567 1.0969653 0.24742977 -0.42202017
2340 0.7819681 -0.2531774 0.56666327
2604 2.6514914 -2.0913458 -2.2554164
285 2.2648666 -1.7518665 4.115161
662 1.7471603 0.9369381 -0.6435388
1778 1.7134452 0.520761 -1.0602963
237 2.4572015 -1.3873482 4.4228115
2069 2.0570307 0.31676525 -1.4941205
918 2.4734704 1.9778789 1.5135719
746 2.0995412 1.6809441 0.45837718
1095 2.265005 -0.72036034 -1.9751312
2487 1.5758718 -0.5380695 -1.2636827
2377 2.3969264 1.9108711 1.5018194
1383 2.1777024 1.1281829 2.6573832
1690 0.8238231 0.18939435 0.56567645
107 0.796645 -1.1004169 0.65981185
630 2.2167287 0.80897844 -1.2631469
2571 3.3315 -2.9255817 -2.8287933
2002 1.9465125 -3.0342853 2.894735
2252 0.98894954 -0.040916193 -0.22839819
98 0.7651477 -0.33164638 -0.23687924
2288 1.6577098 -1.5686156 -1.2185217
739 2.6326072 1.9425596 -0.46104738
2287 1.2947469 -0.0139925005 -0.7472155
691 0.9262824 -0.7559912 -0.3057714
2164 1.5066725 0.15267934 -0.95297897
834 3.1282508 2.3536413 -0.26081273
699 2.1449566 1.5302097 -0.2938762
978 3.6581206 2.9228885 2.2170415
1038 0.75521183 -0.018304616 -0.39750892
650 0.7708764 -0.073556244 0.1011177
1013 0.8554481 -1.0711476 -0.31148025
736 3.050746 2.5166268 0.7898091
2022 1.8976704 -3.0109332 2.5882215
2480 0.7971951 0.114863686 0.3261593
1009 1.5588588 -2.9030418 0.6816202
108 0.8446407 -0.9971513 0.53335553
2500 2.189352 -2.447303 -1.5064508
1827 2.2584703 1.6905191 -0.25133413
1031 2.6410398 -2.3831198 -2.1123931
2496 1.5676289 -1.6756752 -1.0363522
1208 0.84962666 -0.028622545 0.88354594
1518 0.9851405 -1.5145702 0.34899744
233 2.5330622 -1.4220743 4.613637
1795 1.7904707 1.390012 1.1684848
709 4.8997035 3.9319842 0.32437584
2455 0.75014544 -0.3569011 0.80016106
1048 1.8394225 -1.0653064 -1.6119205
1124 2.1914885 -1.9896418 -1.7329187
1753 3.0185537 -0.41096616 -2.5756679
565 0.93413347 0.15271379 -0.35768604
2376 0.95631355 -1.3949955 0.48000857
2559 2.355702 -1.1867474 -2.0869994
2558 5.1656766 -2.0333068 -4.6377172
109 1.3384664 -2.5269186 0.8121548
286 1.3342613 -1.3618969 2.3374207
750 2.2993088 1.6163232 -0.33930573
2596 0.739661 -0.6356368 -0.12176003
1750 2.7198575 -0.9361024 -2.4140558
2594 2.6426728 -2.3091495 -2.1830895
66 1.1356487 0.48241252 -0.026217502
2490 2.3124385 -0.31090793 -1.8186927
1947 3.2476256 -1.5582359 5.726111
2256 1.1274103 0.14117125 -0.4303447
2516 1.5268372 -2.5978549 -0.05542468
1595 1.9396325 1.3440884 -0.120412834
197 2.5039406 -4.4519157 0.74099046
2246 0.7435783 0.056982964 0.40011728
1888 0.85063326 -0.16160409 -0.34948188
868 3.2541487 2.6516094 1.5575889
2508 2.0703228 -2.4740095 -1.3396153
1948 1.1562958 -2.122883 0.6082867
17 1.1059837 0.08121037 1.4603148
1833 2.0703955 0.9893415 -0.89187115
374 0.90682715 -1.5769811 0.61155206
555 4.2238765 1.0211018 -2.8572595
2210 3.494661 2.9480057 0.21623197
1076 3.7051387 -2.5014744 -3.2607481
2627 4.1122656 -2.1759815 -3.7371535
1876 3.298908 1.0754724 -1.9647981
1045 0.8243761 -0.9287302 -0.15888934
2270 2.3445373 -3.441863 -0.89532685
2271 0.76590085 -0.79329216 0.26787487
1430 2.9925127 2.5782902 1.296362
1066 1.7216967 -1.1533457 -1.4387784
1363 1.4910294 0.39837182 2.0819368
2513 1.2060372 -1.1388596 -0.8512064
2325 3.618018 -2.5051997 -3.2202597
1844 2.9186633 1.4853196 -1.3753307
582 1.8073645 1.0089169 -0.5722074
1786 2.7426157 2.3285012 0.93557084
890 2.672355 2.2718153 1.131561
1303 1.1573658 0.5039686 1.2058221
1845 3.1505227 1.571334 -1.4969786
1903 1.8972563 1.4121182 -0.16372716
686 1.202938 -1.6736465 -0.588892
2341 0.75288314 -0.60646856 0.76135564
2533 0.75223774 -0.6804536 0.27420586
2286 2.3868706 -0.8198572 -2.0830731
444 2.626428 -2.4358237 -2.18075
2526 2.6026843 -1.803007 -2.2950923
742 1.808463 1.2838783 1.5052125
2264 1.6600258 0.10453984 -1.0992254
472 1.5749208 -1.7500012 -0.98431844
1782 2.671246 0.5492082 -1.8885275
1549 2.1282763 1.1275659 -0.85861206
1014 3.275403 -1.6514914 -2.9034529
749 4.11323 3.427417 0.56071895
1946 0.94846714 -1.5750777 0.9768189
2328 2.1881573 0.5438057 -1.4099094
1612 1.5096265 1.0368806 0.4106383
1172 0.6576359 -0.21092866 0.41239738
1911 2.0625644 -2.9156897 3.3286035
1049 1.841452 -1.4099604 -1.466047
2348 0.7930324 -0.36358443 0.8948021
1916 1.4593425 -2.2003336 2.2268856
427 2.567988 -3.6634498 -1.2666136
2514 1.5468477 -1.3798505 -1.1427951
188 2.0226364 -3.1541946 -0.64621484
2178 4.142173 2.9264956 -0.96564937
600 1.3621628 0.38773403 -0.7437184
2029 2.049418 -3.0347376 3.11987
1924 1.5968784 -2.322422 2.4293582
1456 2.0574327 -1.2005018 3.791927
1857 2.3915374 1.3502214 -0.9520163
