bin1 bin2 count p_value
6 3082 42 1.7978392907267668e-79
7 3082 38 2.5888420761728708e-70
8 3082 39 1.3867821465576182e-72
9 3082 44 4.0189249676326937e-84
9 4996 25 4.433454728284143e-42
10 3082 31 8.611692387643213e-55
11 3082 35 1.4076747753565564e-63
12 3082 35 1.4076747753565564e-63
13 3082 29 1.7316373933075131e-50
14 3082 33 3.7212235737810144e-59
15 3082 19 4.877109766882907e-30
16 3082 22 5.766279611685282e-36
17 3082 21 5.735651342441553e-34
18 3082 24 5.060505424506613e-40
19 3082 36 8.253843417379081e-66
19 3234 19 4.877109766882907e-30
20 3082 36 8.253843417379081e-66
21 3082 29 1.7316373933075131e-50
22 3082 28 2.3233611823357037e-48
23 3082 18 4.149521796920395e-28
24 3082 19 4.877109766882907e-30
25 3082 24 5.060505424506613e-40
26 3082 35 1.4076747753565564e-63
27 3082 21 5.735651342441553e-34
28 3082 21 5.735651342441553e-34
29 1399 11 2.202310151614478e-15
29 3082 16 2.522096490509956e-24
30 3082 12 4.1877328281432735e-17
31 3082 19 4.877109766882907e-30
32 3082 12 4.1877328281432735e-17
33 1712 19 4.877109766882907e-30
33 2951 8 1.8043737269675016e-10
33 3082 21 5.735651342441553e-34
34 2951 12 4.1877328281432735e-17
34 3082 19 4.877109766882907e-30
35 2951 25 4.433454728284143e-42
35 3082 10 1.058608762414184e-13
36 3082 10 1.058608762414184e-13
36 3671 9 4.613039420570845e-12
37 3082 13 7.328796240839566e-19
38 3082 12 4.1877328281432735e-17
41 3082 11 2.202310151614478e-15
42 3082 16 2.522096490509956e-24
43 2375 18 4.149521796920395e-28
43 3082 21 5.735651342441553e-34
44 3082 17 3.33407434606454e-26
45 2814 9 4.613039420570845e-12
45 3082 19 4.877109766882907e-30
46 3082 12 4.1877328281432735e-17
47 3082 12 4.1877328281432735e-17
48 3082 16 2.522096490509956e-24
49 3082 10 1.058608762414184e-13
50 3082 20 5.428307731777517e-32
51 3082 13 7.328796240839566e-19
52 3082 10 1.058608762414184e-13
53 3082 10 1.058608762414184e-13
56 3082 17 3.33407434606454e-26
57 3082 10 1.058608762414184e-13
58 3082 8 1.8043737269675016e-10
60 3082 14 1.1873895513074875e-20
61 3082 18 4.149521796920395e-28
62 3082 9 4.613039420570845e-12
63 3082 8 1.8043737269675016e-10
64 1139 9 4.613039420570845e-12
65 3082 12 4.1877328281432735e-17
66 3082 11 2.202310151614478e-15
66 3123 10 1.058608762414184e-13
67 906 11 2.202310151614478e-15
67 3082 14 1.1873895513074875e-20
68 3082 19 4.877109766882907e-30
69 3082 11 2.202310151614478e-15
70 3082 22 5.766279611685282e-36
71 3082 18 4.149521796920395e-28
72 3082 16 2.522096490509956e-24
73 3082 12 4.1877328281432735e-17
74 3082 16 2.522096490509956e-24
75 3082 16 2.522096490509956e-24
76 3082 18 4.149521796920395e-28
77 3082 16 2.522096490509956e-24
78 3082 14 1.1873895513074875e-20
79 3082 16 2.522096490509956e-24
80 3082 10 1.058608762414184e-13
81 3082 14 1.1873895513074875e-20
82 3082 11 2.202310151614478e-15
84 3082 14 1.1873895513074875e-20
85 3082 9 4.613039420570845e-12
86 3082 13 7.328796240839566e-19
87 3082 11 2.202310151614478e-15
97 3138 15 1.7900421038037762e-22
99 911 12 4.1877328281432735e-17
100 3082 11 2.202310151614478e-15
102 3082 8 1.8043737269675016e-10
103 3082 9 4.613039420570845e-12
104 3082 17 3.33407434606454e-26
105 3082 9 4.613039420570845e-12
105 4358 10 1.058608762414184e-13
108 3082 10 1.058608762414184e-13
110 3082 9 4.613039420570845e-12
111 3082 9 4.613039420570845e-12
111 4916 37 4.692669974760828e-68
113 3880 14 1.1873895513074875e-20
115 3082 8 1.8043737269675016e-10
116 2504 16 2.522096490509956e-24
119 3082 9 4.613039420570845e-12
121 1208 9 4.613039420570845e-12
124 4925 8 1.8043737269675016e-10
130 2546 19 4.877109766882907e-30
130 3832 19 4.877109766882907e-30
132 2703 40 7.217855704520611e-75
132 2704 10 1.058608762414184e-13
133 481 8 1.8043737269675016e-10
134 1342 13 7.328796240839566e-19
139 585 8 1.8043737269675016e-10
141 1569 13 7.328796240839566e-19
148 3877 14 1.1873895513074875e-20
148 4635 8 1.8043737269675016e-10
160 4659 19 4.877109766882907e-30
167 584 9 4.613039420570845e-12
167 585 28 2.3233611823357037e-48
169 4870 14 1.1873895513074875e-20
179 871 13 7.328796240839566e-19
180 401 30 1.243431386610445e-52
180 402 25 4.433454728284143e-42
180 403 26 3.722448923973756e-44
180 404 13 7.328796240839566e-19
180 405 15 1.7900421038037762e-22
180 407 9 4.613039420570845e-12
180 409 10 1.058608762414184e-13
180 410 8 1.8043737269675016e-10
180 411 13 7.328796240839566e-19
180 414 9 4.613039420570845e-12
180 416 8 1.8043737269675016e-10
180 417 9 4.613039420570845e-12
180 427 9 4.613039420570845e-12
180 429 8 1.8043737269675016e-10
180 1085 15 1.7900421038037762e-22
180 1086 27 2.9997851887817998e-46
180 1087 9 4.613039420570845e-12
180 1088 9 4.613039420570845e-12
180 1089 11 2.202310151614478e-15
180 1090 8 1.8043737269675016e-10
180 1092 8 1.8043737269675016e-10
180 1094 8 1.8043737269675016e-10
180 1097 10 1.058608762414184e-13
180 1118 10 1.058608762414184e-13
180 3082 79 1.0024431245902174e-171
186 1127 15 1.7900421038037762e-22
195 1599 12 4.1877328281432735e-17
196 2255 10 1.058608762414184e-13
196 4855 8 1.8043737269675016e-10
197 2753 10 1.058608762414184e-13
210 703 19 4.877109766882907e-30
214 2714 21 5.735651342441553e-34
221 1928 11 2.202310151614478e-15
221 2137 17 3.33407434606454e-26
222 1928 56 6.367752159279988e-113
225 827 11 2.202310151614478e-15
225 2435 16 2.522096490509956e-24
233 4289 29 1.7316373933075131e-50
234 4149 8 1.8043737269675016e-10
236 1914 8 1.8043737269675016e-10
248 3690 12 4.1877328281432735e-17
251 1110 12 4.1877328281432735e-17
253 910 8 1.8043737269675016e-10
255 1747 16 2.522096490509956e-24
258 4137 8 1.8043737269675016e-10
260 1213 22 5.766279611685282e-36
270 3069 22 5.766279611685282e-36
273 2397 57 2.188189687711759e-115
274 2052 13 7.328796240839566e-19
276 1946 9 4.613039420570845e-12
277 3559 18 4.149521796920395e-28
277 3560 28 2.3233611823357037e-48
281 1906 11 2.202310151614478e-15
287 2829 15 1.7900421038037762e-22
294 3389 8 1.8043737269675016e-10
295 912 16 2.522096490509956e-24
298 1159 12 4.1877328281432735e-17
302 595 9 4.613039420570845e-12
304 3910 17 3.33407434606454e-26
308 2610 12 4.1877328281432735e-17
309 2610 18 4.149521796920395e-28
310 4514 15 1.7900421038037762e-22
311 4514 9 4.613039420570845e-12
318 1972 8 1.8043737269675016e-10
318 1973 14 1.1873895513074875e-20
318 3216 25 4.433454728284143e-42
322 1116 8 1.8043737269675016e-10
323 5040 25 4.433454728284143e-42
325 694 10 1.058608762414184e-13
326 1419 13 7.328796240839566e-19
327 2176 9 4.613039420570845e-12
328 3138 12 4.1877328281432735e-17
337 1126 14 1.1873895513074875e-20
343 4112 20 5.428307731777517e-32
347 3069 25 4.433454728284143e-42
347 4337 15 1.7900421038037762e-22
349 993 8 1.8043737269675016e-10
354 2465 11 2.202310151614478e-15
359 2377 20 5.428307731777517e-32
365 1064 15 1.7900421038037762e-22
382 2656 10 1.058608762414184e-13
383 3290 8 1.8043737269675016e-10
401 3082 52 3.675591921318122e-103
401 4609 14 1.1873895513074875e-20
402 3082 35 1.4076747753565564e-63
403 3082 39 1.3867821465576182e-72
404 3082 31 8.611692387643213e-55
405 3082 42 1.7978392907267668e-79
406 2495 24 5.060505424506613e-40
406 2496 9 4.613039420570845e-12
406 3082 46 8.096167619558848e-89
407 3082 28 2.3233611823357037e-48
408 3082 34 2.3261010037082886e-61
409 3082 24 5.060505424506613e-40
410 3082 19 4.877109766882907e-30
411 3082 14 1.1873895513074875e-20
412 3082 15 1.7900421038037762e-22
413 3082 16 2.522096490509956e-24
414 3082 22 5.766279611685282e-36
415 3082 17 3.33407434606454e-26
416 3082 19 4.877109766882907e-30
417 3082 26 3.722448923973756e-44
417 3640 16 2.522096490509956e-24
418 3082 23 5.527063077525862e-38
419 3082 29 1.7316373933075131e-50
419 3583 10 1.058608762414184e-13
420 3082 15 1.7900421038037762e-22
421 3082 15 1.7900421038037762e-22
422 3082 13 7.328796240839566e-19
423 2775 10 1.058608762414184e-13
423 3082 12 4.1877328281432735e-17
424 3082 14 1.1873895513074875e-20
425 1745 8 1.8043737269675016e-10
425 3082 18 4.149521796920395e-28
426 3082 16 2.522096490509956e-24
426 4532 8 1.8043737269675016e-10
427 3082 13 7.328796240839566e-19
428 3082 9 4.613039420570845e-12
429 3082 11 2.202310151614478e-15
430 3055 9 4.613039420570845e-12
430 3082 22 5.766279611685282e-36
431 3082 25 4.433454728284143e-42
432 3082 20 5.428307731777517e-32
433 3082 21 5.735651342441553e-34
434 3082 14 1.1873895513074875e-20
435 3082 17 3.33407434606454e-26
436 3082 14 1.1873895513074875e-20
437 3082 14 1.1873895513074875e-20
438 3082 8 1.8043737269675016e-10
439 3082 8 1.8043737269675016e-10
440 1166 11 2.202310151614478e-15
440 2432 14 1.1873895513074875e-20
440 3082 12 4.1877328281432735e-17
441 3082 8 1.8043737269675016e-10
442 2667 9 4.613039420570845e-12
442 3082 9 4.613039420570845e-12
444 3082 14 1.1873895513074875e-20
445 3082 9 4.613039420570845e-12
447 3082 10 1.058608762414184e-13
448 3082 13 7.328796240839566e-19
451 3082 10 1.058608762414184e-13
454 3082 8 1.8043737269675016e-10
457 3082 9 4.613039420570845e-12
457 4510 10 1.058608762414184e-13
459 1942 12 4.1877328281432735e-17
459 3058 8 1.8043737269675016e-10
460 3082 9 4.613039420570845e-12
461 3082 11 2.202310151614478e-15
462 1879 8 1.8043737269675016e-10
463 3082 10 1.058608762414184e-13
464 3082 8 1.8043737269675016e-10
469 3082 8 1.8043737269675016e-10
470 3082 11 2.202310151614478e-15
471 3082 11 2.202310151614478e-15
472 3082 16 2.522096490509956e-24
472 3131 9 4.613039420570845e-12
473 3082 8 1.8043737269675016e-10
476 3082 9 4.613039420570845e-12
477 4707 9 4.613039420570845e-12
478 3905 8 1.8043737269675016e-10
480 1113 10 1.058608762414184e-13
483 1887 28 2.3233611823357037e-48
483 3082 10 1.058608762414184e-13
484 4159 8 1.8043737269675016e-10
485 3173 8 1.8043737269675016e-10
485 3189 10 1.058608762414184e-13
487 3082 8 1.8043737269675016e-10
487 4017 34 2.3261010037082886e-61
489 1849 10 1.058608762414184e-13
490 1068 14 1.1873895513074875e-20
491 4194 10 1.058608762414184e-13
492 2859 8 1.8043737269675016e-10
499 3082 9 4.613039420570845e-12
499 3739 10 1.058608762414184e-13
501 3158 10 1.058608762414184e-13
507 2717 14 1.1873895513074875e-20
508 2717 51 9.580634765344316e-101
508 3797 10 1.058608762414184e-13
509 2717 16 2.522096490509956e-24
510 2717 10 1.058608762414184e-13
515 2438 19 4.877109766882907e-30
521 1120 20 5.428307731777517e-32
521 1121 27 2.9997851887817998e-46
530 4437 10 1.058608762414184e-13
532 3049 8 1.8043737269675016e-10
532 4527 8 1.8043737269675016e-10
534 1665 12 4.1877328281432735e-17
534 1666 49 6.0721545609035015e-96
534 1667 9 4.613039420570845e-12
534 3376 10 1.058608762414184e-13
542 1290 32 5.75842300255546e-57
542 1291 12 4.1877328281432735e-17
548 4171 8 1.8043737269675016e-10
561 2159 17 3.33407434606454e-26
562 2601 8 1.8043737269675016e-10
563 2127 13 7.328796240839566e-19
563 2128 8 1.8043737269675016e-10
578 3837 8 1.8043737269675016e-10
585 4473 8 1.8043737269675016e-10
592 3082 17 3.33407434606454e-26
592 4920 8 1.8043737269675016e-10
593 5141 34 2.3261010037082886e-61
594 2962 33 3.7212235737810144e-59
594 2963 11 2.202310151614478e-15
597 1052 19 4.877109766882907e-30
602 2845 11 2.202310151614478e-15
613 2127 11 2.202310151614478e-15
620 2141 20 5.428307731777517e-32
621 4076 15 1.7900421038037762e-22
621 4077 14 1.1873895513074875e-20
622 920 24 5.060505424506613e-40
623 5163 9 4.613039420570845e-12
626 2455 8 1.8043737269675016e-10
629 2270 11 2.202310151614478e-15
632 4844 22 5.766279611685282e-36
635 1014 10 1.058608762414184e-13
637 3766 19 4.877109766882907e-30
638 2326 26 3.722448923973756e-44
638 3307 12 4.1877328281432735e-17
639 2326 15 1.7900421038037762e-22
650 1269 10 1.058608762414184e-13
651 1269 29 1.7316373933075131e-50
654 2645 15 1.7900421038037762e-22
657 3999 30 1.243431386610445e-52
662 2184 10 1.058608762414184e-13
666 1478 8 1.8043737269675016e-10
667 1478 28 2.3233611823357037e-48
668 3612 8 1.8043737269675016e-10
673 1866 8 1.8043737269675016e-10
674 4011 36 8.253843417379081e-66
676 4700 9 4.613039420570845e-12
683 957 22 5.766279611685282e-36
684 1426 8 1.8043737269675016e-10
687 4635 12 4.1877328281432735e-17
692 2526 8 1.8043737269675016e-10
695 1203 11 2.202310151614478e-15
695 1204 9 4.613039420570845e-12
697 3641 8 1.8043737269675016e-10
700 4257 10 1.058608762414184e-13
702 2664 21 5.735651342441553e-34
702 3907 51 9.580634765344316e-101
703 3907 21 5.735651342441553e-34
704 1282 9 4.613039420570845e-12
704 2560 40 7.217855704520611e-75
704 2561 24 5.060505424506613e-40
709 2991 18 4.149521796920395e-28
710 2991 16 2.522096490509956e-24
711 5112 9 4.613039420570845e-12
716 4980 9 4.613039420570845e-12
717 3082 10 1.058608762414184e-13
719 3026 8 1.8043737269675016e-10
720 1203 33 3.7212235737810144e-59
724 1959 8 1.8043737269675016e-10
727 1382 8 1.8043737269675016e-10
729 1819 28 2.3233611823357037e-48
754 3827 8 1.8043737269675016e-10
754 4371 8 1.8043737269675016e-10
756 1389 10 1.058608762414184e-13
757 1388 8 1.8043737269675016e-10
757 1435 8 1.8043737269675016e-10
757 3318 8 1.8043737269675016e-10
758 775 9 4.613039420570845e-12
758 1389 8 1.8043737269675016e-10
758 3319 8 1.8043737269675016e-10
758 4538 23 5.527063077525862e-38
765 3082 24 5.060505424506613e-40
766 3082 29 1.7316373933075131e-50
767 3082 17 3.33407434606454e-26
768 3082 15 1.7900421038037762e-22
769 3082 18 4.149521796920395e-28
770 3082 14 1.1873895513074875e-20
770 3949 8 1.8043737269675016e-10
770 3950 14 1.1873895513074875e-20
771 3082 18 4.149521796920395e-28
772 3082 12 4.1877328281432735e-17
773 1244 8 1.8043737269675016e-10
773 3082 16 2.522096490509956e-24
774 3082 18 4.149521796920395e-28
775 3082 26 3.722448923973756e-44
775 4538 10 1.058608762414184e-13
776 3082 29 1.7316373933075131e-50
777 3082 29 1.7316373933075131e-50
778 3082 25 4.433454728284143e-42
779 3082 13 7.328796240839566e-19
780 3082 17 3.33407434606454e-26
781 3082 12 4.1877328281432735e-17
782 3082 8 1.8043737269675016e-10
783 3082 9 4.613039420570845e-12
785 3082 11 2.202310151614478e-15
787 2958 11 2.202310151614478e-15
788 3082 11 2.202310151614478e-15
789 3082 9 4.613039420570845e-12
790 4432 9 4.613039420570845e-12
791 3082 12 4.1877328281432735e-17
794 3082 15 1.7900421038037762e-22
795 3082 9 4.613039420570845e-12
796 3082 9 4.613039420570845e-12
797 1388 26 3.722448923973756e-44
797 3082 18 4.149521796920395e-28
798 3082 9 4.613039420570845e-12
799 3082 10 1.058608762414184e-13
802 3082 14 1.1873895513074875e-20
803 3082 13 7.328796240839566e-19
805 3082 12 4.1877328281432735e-17
806 3082 8 1.8043737269675016e-10
806 3614 8 1.8043737269675016e-10
806 5093 30 1.243431386610445e-52
807 3082 8 1.8043737269675016e-10
807 3797 19 4.877109766882907e-30
808 3082 9 4.613039420570845e-12
808 5241 9 4.613039420570845e-12
810 3082 8 1.8043737269675016e-10
810 3525 8 1.8043737269675016e-10
811 3082 8 1.8043737269675016e-10
812 3082 8 1.8043737269675016e-10
813 2577 8 1.8043737269675016e-10
813 3082 11 2.202310151614478e-15
814 3082 15 1.7900421038037762e-22
815 3082 11 2.202310151614478e-15
816 3082 12 4.1877328281432735e-17
817 3082 8 1.8043737269675016e-10
818 3082 11 2.202310151614478e-15
819 3082 9 4.613039420570845e-12
820 3082 17 3.33407434606454e-26
821 3082 10 1.058608762414184e-13
822 1419 12 4.1877328281432735e-17
822 3082 9 4.613039420570845e-12
823 1419 27 2.9997851887817998e-46
823 3082 8 1.8043737269675016e-10
824 3082 10 1.058608762414184e-13
825 3082 8 1.8043737269675016e-10
826 3693 8 1.8043737269675016e-10
827 3082 11 2.202310151614478e-15
828 3082 10 1.058608762414184e-13
830 3082 11 2.202310151614478e-15
830 3827 8 1.8043737269675016e-10
830 3828 26 3.722448923973756e-44
831 3082 14 1.1873895513074875e-20
832 1404 18 4.149521796920395e-28
832 3082 16 2.522096490509956e-24
832 3770 24 5.060505424506613e-40
833 3082 10 1.058608762414184e-13
834 3082 9 4.613039420570845e-12
835 3082 8 1.8043737269675016e-10
835 4690 9 4.613039420570845e-12
836 2372 9 4.613039420570845e-12
837 3219 14 1.1873895513074875e-20
838 3082 11 2.202310151614478e-15
839 3082 12 4.1877328281432735e-17
841 3082 10 1.058608762414184e-13
843 3082 8 1.8043737269675016e-10
849 3999 18 4.149521796920395e-28
861 3082 11 2.202310151614478e-15
861 3869 8 1.8043737269675016e-10
864 3082 9 4.613039420570845e-12
865 3082 13 7.328796240839566e-19
866 3082 9 4.613039420570845e-12
866 3453 8 1.8043737269675016e-10
866 4341 8 1.8043737269675016e-10
876 2869 15 1.7900421038037762e-22
876 3082 8 1.8043737269675016e-10
890 4550 13 7.328796240839566e-19
908 1455 15 1.7900421038037762e-22
911 3843 22 5.766279611685282e-36
911 4357 9 4.613039420570845e-12
917 3711 15 1.7900421038037762e-22
922 4183 9 4.613039420570845e-12
923 1848 10 1.058608762414184e-13
927 2026 12 4.1877328281432735e-17
928 2026 10 1.058608762414184e-13
930 2468 9 4.613039420570845e-12
931 1103 8 1.8043737269675016e-10
931 3082 8 1.8043737269675016e-10
931 4125 13 7.328796240839566e-19
931 4429 11 2.202310151614478e-15
932 4534 8 1.8043737269675016e-10
933 1714 25 4.433454728284143e-42
934 2412 21 5.735651342441553e-34
935 1344 12 4.1877328281432735e-17
935 2474 36 8.253843417379081e-66
941 2331 11 2.202310151614478e-15
945 3868 8 1.8043737269675016e-10
947 2197 12 4.1877328281432735e-17
949 3328 10 1.058608762414184e-13
951 4352 10 1.058608762414184e-13
957 4121 12 4.1877328281432735e-17
957 4122 38 2.5888420761728708e-70
957 4123 16 2.522096490509956e-24
960 4697 8 1.8043737269675016e-10
961 4530 14 1.1873895513074875e-20
967 4924 8 1.8043737269675016e-10
969 3743 18 4.149521796920395e-28
977 4178 9 4.613039420570845e-12
982 2193 22 5.766279611685282e-36
983 2107 8 1.8043737269675016e-10
990 3963 13 7.328796240839566e-19
1013 5096 14 1.1873895513074875e-20
1014 3411 12 4.1877328281432735e-17
1023 2455 19 4.877109766882907e-30
1032 3877 29 1.7316373933075131e-50
1034 3157 8 1.8043737269675016e-10
1035 1140 39 1.3867821465576182e-72
1035 1141 8 1.8043737269675016e-10
1040 1878 9 4.613039420570845e-12
1041 4011 9 4.613039420570845e-12
1048 4995 10 1.058608762414184e-13
1049 2678 8 1.8043737269675016e-10
1049 3436 20 5.428307731777517e-32
1050 2678 14 1.1873895513074875e-20
1051 2991 10 1.058608762414184e-13
1051 4351 10 1.058608762414184e-13
1070 3423 10 1.058608762414184e-13
1070 3612 9 4.613039420570845e-12
1085 1703 54 5.055711430909985e-108
1085 1704 18 4.149521796920395e-28
1085 1705 8 1.8043737269675016e-10
1085 1706 8 1.8043737269675016e-10
1085 2003 19 4.877109766882907e-30
1085 2309 60 7.832275015857855e-123
1085 2310 13 7.328796240839566e-19
1085 2311 8 1.8043737269675016e-10
1085 3082 26 3.722448923973756e-44
1085 3569 13 7.328796240839566e-19
1085 3570 9 4.613039420570845e-12
1085 4061 33 3.7212235737810144e-59
1086 1682 10 1.058608762414184e-13
1086 3082 41 3.652341967828e-77
1086 4268 12 4.1877328281432735e-17
1087 3082 25 4.433454728284143e-42
1088 3082 24 5.060505424506613e-40
1089 3082 17 3.33407434606454e-26
1090 3082 30 1.243431386610445e-52
1091 3082 24 5.060505424506613e-40
1092 3082 16 2.522096490509956e-24
1093 3082 22 5.766279611685282e-36
1094 3082 26 3.722448923973756e-44
1095 3082 24 5.060505424506613e-40
1096 3082 39 1.3867821465576182e-72
1097 3082 14 1.1873895513074875e-20
1098 3082 26 3.722448923973756e-44
1099 3082 16 2.522096490509956e-24
1100 3082 22 5.766279611685282e-36
1101 3082 33 3.7212235737810144e-59
1101 4851 17 3.33407434606454e-26
1102 3082 24 5.060505424506613e-40
1103 3082 12 4.1877328281432735e-17
1104 3082 10 1.058608762414184e-13
1105 3082 13 7.328796240839566e-19
1106 3082 17 3.33407434606454e-26
1107 3082 12 4.1877328281432735e-17
1108 3082 20 5.428307731777517e-32
1109 1433 10 1.058608762414184e-13
1109 3082 26 3.722448923973756e-44
1110 3082 18 4.149521796920395e-28
1110 3385 11 2.202310151614478e-15
1111 3082 9 4.613039420570845e-12
1112 3082 10 1.058608762414184e-13
1113 3082 14 1.1873895513074875e-20
1114 3082 13 7.328796240839566e-19
1115 3082 9 4.613039420570845e-12
1116 3082 12 4.1877328281432735e-17
1117 3082 16 2.522096490509956e-24
1117 4101 9 4.613039420570845e-12
1118 3082 12 4.1877328281432735e-17
1119 2474 12 4.1877328281432735e-17
1119 3082 11 2.202310151614478e-15
1120 3082 14 1.1873895513074875e-20
1121 3082 11 2.202310151614478e-15
1122 3082 11 2.202310151614478e-15
1123 3082 16 2.522096490509956e-24
1124 3082 13 7.328796240839566e-19
1125 3082 13 7.328796240839566e-19
1125 3673 9 4.613039420570845e-12
1126 3082 8 1.8043737269675016e-10
1127 3082 13 7.328796240839566e-19
1128 3082 11 2.202310151614478e-15
1129 3082 10 1.058608762414184e-13
1130 3082 11 2.202310151614478e-15
1131 3082 8 1.8043737269675016e-10
1132 3082 13 7.328796240839566e-19
1133 3082 12 4.1877328281432735e-17
1133 5108 8 1.8043737269675016e-10
1134 3082 8 1.8043737269675016e-10
1137 3082 11 2.202310151614478e-15
1140 3082 13 7.328796240839566e-19
1140 4669 9 4.613039420570845e-12
1142 3082 8 1.8043737269675016e-10
1143 3082 10 1.058608762414184e-13
1144 3082 9 4.613039420570845e-12
1145 1653 11 2.202310151614478e-15
1145 3082 14 1.1873895513074875e-20
1146 3082 18 4.149521796920395e-28
1147 3082 12 4.1877328281432735e-17
1148 3082 15 1.7900421038037762e-22
1149 3082 10 1.058608762414184e-13
1151 3082 9 4.613039420570845e-12
1153 3082 9 4.613039420570845e-12
1153 4749 8 1.8043737269675016e-10
1156 1720 8 1.8043737269675016e-10
1157 1720 17 3.33407434606454e-26
1158 3082 8 1.8043737269675016e-10
1158 3597 9 4.613039420570845e-12
1159 3082 8 1.8043737269675016e-10
1160 3082 17 3.33407434606454e-26
1161 3082 14 1.1873895513074875e-20
1161 4602 21 5.735651342441553e-34
1161 4603 8 1.8043737269675016e-10
1162 3082 8 1.8043737269675016e-10
1165 3028 10 1.058608762414184e-13
1165 3082 11 2.202310151614478e-15
1167 3082 9 4.613039420570845e-12
1168 3082 8 1.8043737269675016e-10
1169 4536 8 1.8043737269675016e-10
1172 3932 10 1.058608762414184e-13
1174 2424 9 4.613039420570845e-12
1176 3082 11 2.202310151614478e-15
1183 4913 10 1.058608762414184e-13
1186 2649 9 4.613039420570845e-12
1187 2385 8 1.8043737269675016e-10
1193 3082 8 1.8043737269675016e-10
1216 3394 17 3.33407434606454e-26
1218 3273 9 4.613039420570845e-12
1221 4850 11 2.202310151614478e-15
1221 4851 13 7.328796240839566e-19
1223 4483 9 4.613039420570845e-12
1228 3353 12 4.1877328281432735e-17
1229 3353 11 2.202310151614478e-15
1251 3680 8 1.8043737269675016e-10
1275 1522 10 1.058608762414184e-13
1276 5119 11 2.202310151614478e-15
1291 3468 11 2.202310151614478e-15
1296 2832 10 1.058608762414184e-13
1301 4172 12 4.1877328281432735e-17
1306 3165 14 1.1873895513074875e-20
1308 2698 22 5.766279611685282e-36
1311 2566 10 1.058608762414184e-13
1312 3428 13 7.328796240839566e-19
1312 4382 26 3.722448923973756e-44
1312 4571 15 1.7900421038037762e-22
1317 3195 11 2.202310151614478e-15
1319 4935 8 1.8043737269675016e-10
1324 3586 11 2.202310151614478e-15
1333 3082 8 1.8043737269675016e-10
1334 2197 14 1.1873895513074875e-20
1341 3920 9 4.613039420570845e-12
1342 3920 12 4.1877328281432735e-17
1343 4297 21 5.735651342441553e-34
1347 4508 9 4.613039420570845e-12
1349 4839 8 1.8043737269675016e-10
1353 1475 31 8.611692387643213e-55
1353 1476 33 3.7212235737810144e-59
1354 4403 8 1.8043737269675016e-10
1367 1942 11 2.202310151614478e-15
1367 4306 23 5.527063077525862e-38
1368 4306 8 1.8043737269675016e-10
1372 4536 10 1.058608762414184e-13
1374 3082 9 4.613039420570845e-12
1378 3082 8 1.8043737269675016e-10
1380 1629 8 1.8043737269675016e-10
1381 1627 8 1.8043737269675016e-10
1381 1628 10 1.058608762414184e-13
1382 1627 11 2.202310151614478e-15
1382 1628 11 2.202310151614478e-15
1386 4684 17 3.33407434606454e-26
1388 3082 8 1.8043737269675016e-10
1388 4008 18 4.149521796920395e-28
1388 4235 14 1.1873895513074875e-20
1388 4721 8 1.8043737269675016e-10
1389 4721 55 1.8138279923274235e-110
1397 3082 21 5.735651342441553e-34
1397 3326 14 1.1873895513074875e-20
1397 3569 16 2.522096490509956e-24
1397 4268 13 7.328796240839566e-19
1398 2454 29 1.7316373933075131e-50
1398 3082 23 5.527063077525862e-38
1399 3082 19 4.877109766882907e-30
1400 3082 15 1.7900421038037762e-22
1401 2431 8 1.8043737269675016e-10
1401 3082 21 5.735651342441553e-34
1402 3082 15 1.7900421038037762e-22
1403 3082 11 2.202310151614478e-15
1404 3082 15 1.7900421038037762e-22
1405 3082 11 2.202310151614478e-15
1406 2930 13 7.328796240839566e-19
1406 3082 8 1.8043737269675016e-10
1407 3082 16 2.522096490509956e-24
1408 3082 20 5.428307731777517e-32
1408 3798 8 1.8043737269675016e-10
1409 3082 13 7.328796240839566e-19
1410 3082 14 1.1873895513074875e-20
1411 3082 10 1.058608762414184e-13
1412 3082 8 1.8043737269675016e-10
1415 3082 10 1.058608762414184e-13
1416 3082 9 4.613039420570845e-12
1417 3082 13 7.328796240839566e-19
1418 3082 12 4.1877328281432735e-17
1419 3082 13 7.328796240839566e-19
1420 3082 12 4.1877328281432735e-17
1421 3082 11 2.202310151614478e-15
1422 3082 13 7.328796240839566e-19
1423 3082 9 4.613039420570845e-12
1424 3082 8 1.8043737269675016e-10
1425 3082 9 4.613039420570845e-12
1427 3082 14 1.1873895513074875e-20
1429 2642 10 1.058608762414184e-13
1429 3082 10 1.058608762414184e-13
1429 4877 17 3.33407434606454e-26
1430 3082 11 2.202310151614478e-15
1431 3082 15 1.7900421038037762e-22
1432 3082 12 4.1877328281432735e-17
1433 3082 8 1.8043737269675016e-10
1433 4043 15 1.7900421038037762e-22
1436 3082 8 1.8043737269675016e-10
1437 3082 12 4.1877328281432735e-17
1438 3082 12 4.1877328281432735e-17
1440 3082 9 4.613039420570845e-12
1441 3082 11 2.202310151614478e-15
1445 3082 10 1.058608762414184e-13
1447 3082 9 4.613039420570845e-12
1450 3082 9 4.613039420570845e-12
1450 3311 8 1.8043737269675016e-10
1451 3082 8 1.8043737269675016e-10
1453 3082 9 4.613039420570845e-12
1454 3082 13 7.328796240839566e-19
1455 3082 15 1.7900421038037762e-22
1456 3082 23 5.527063077525862e-38
1456 3743 9 4.613039420570845e-12
1457 3082 113 0.0
1458 3082 11 2.202310151614478e-15
1460 3082 13 7.328796240839566e-19
1461 3082 9 4.613039420570845e-12
1465 2007 23 5.527063077525862e-38
1465 3082 9 4.613039420570845e-12
1467 2983 9 4.613039420570845e-12
1467 3082 8 1.8043737269675016e-10
1469 4306 11 2.202310151614478e-15
1474 5115 19 4.877109766882907e-30
1478 2439 12 4.1877328281432735e-17
1480 3780 8 1.8043737269675016e-10
1485 2382 13 7.328796240839566e-19
1488 2493 16 2.522096490509956e-24
1492 1860 9 4.613039420570845e-12
1494 1836 9 4.613039420570845e-12
1498 3082 8 1.8043737269675016e-10
1502 4721 28 2.3233611823357037e-48
1540 3048 15 1.7900421038037762e-22
1541 3048 63 2.3356157942207973e-130
1541 3191 8 1.8043737269675016e-10
1542 3048 11 2.202310151614478e-15
1547 2330 8 1.8043737269675016e-10
1550 3843 11 2.202310151614478e-15
1550 3844 13 7.328796240839566e-19
1550 4268 22 5.766279611685282e-36
1551 1815 10 1.058608762414184e-13
1554 2456 11 2.202310151614478e-15
1560 4925 9 4.613039420570845e-12
1567 3526 15 1.7900421038037762e-22
1571 4277 11 2.202310151614478e-15
1572 2731 45 1.826996359110144e-86
1572 2732 13 7.328796240839566e-19
1576 4272 23 5.527063077525862e-38
1577 4272 14 1.1873895513074875e-20
1588 5266 8 1.8043737269675016e-10
1620 3221 12 4.1877328281432735e-17
1621 2140 10 1.058608762414184e-13
1621 3221 11 2.202310151614478e-15
1622 2140 9 4.613039420570845e-12
1624 4224 8 1.8043737269675016e-10
1634 3274 13 7.328796240839566e-19
1636 5225 8 1.8043737269675016e-10
1637 3252 10 1.058608762414184e-13
1646 4183 15 1.7900421038037762e-22
1650 2779 10 1.058608762414184e-13
1652 3873 33 3.7212235737810144e-59
1652 3874 10 1.058608762414184e-13
1652 3875 8 1.8043737269675016e-10
1652 4507 42 1.7978392907267668e-79
1652 4508 19 4.877109766882907e-30
1663 1705 16 2.522096490509956e-24
1668 1914 12 4.1877328281432735e-17
1668 4369 8 1.8043737269675016e-10
1679 3305 8 1.8043737269675016e-10
1682 2655 10 1.058608762414184e-13
1682 3548 8 1.8043737269675016e-10
1682 5091 11 2.202310151614478e-15
1685 2838 21 5.735651342441553e-34
1685 3293 12 4.1877328281432735e-17
1685 4538 88 7.948223151499415e-196
1690 2448 22 5.766279611685282e-36
1694 1995 8 1.8043737269675016e-10
1703 2309 8 1.8043737269675016e-10
1703 3082 41 3.652341967828e-77
1703 3293 9 4.613039420570845e-12
1703 3569 9 4.613039420570845e-12
1703 3570 12 4.1877328281432735e-17
1703 4254 8 1.8043737269675016e-10
1703 4268 24 5.060505424506613e-40
1703 4538 156 0.0
1703 4656 21 5.735651342441553e-34
1704 2708 13 7.328796240839566e-19
1704 3082 42 1.7978392907267668e-79
1704 4268 12 4.1877328281432735e-17
1705 3082 29 1.7316373933075131e-50
1705 4268 8 1.8043737269675016e-10
1706 3082 31 8.611692387643213e-55
1707 3082 32 5.75842300255546e-57
1708 3082 30 1.243431386610445e-52
1708 3676 13 7.328796240839566e-19
1709 3082 31 8.611692387643213e-55
1710 3082 20 5.428307731777517e-32
1711 3082 15 1.7900421038037762e-22
1711 4576 18 4.149521796920395e-28
1712 2647 12 4.1877328281432735e-17
1712 3082 16 2.522096490509956e-24
1713 3082 26 3.722448923973756e-44
1713 4157 11 2.202310151614478e-15
1714 3082 22 5.766279611685282e-36
1714 4299 13 7.328796240839566e-19
1715 3082 18 4.149521796920395e-28
1716 3082 25 4.433454728284143e-42
1717 3082 23 5.527063077525862e-38
1718 3082 14 1.1873895513074875e-20
1719 3082 17 3.33407434606454e-26
1720 2413 13 7.328796240839566e-19
1720 3082 15 1.7900421038037762e-22
1721 3082 19 4.877109766882907e-30
1722 3082 18 4.149521796920395e-28
1723 3082 13 7.328796240839566e-19
1724 3082 21 5.735651342441553e-34
1725 3082 9 4.613039420570845e-12
1726 3082 16 2.522096490509956e-24
1727 3082 11 2.202310151614478e-15
1728 3082 14 1.1873895513074875e-20
1728 3160 8 1.8043737269675016e-10
1729 3082 12 4.1877328281432735e-17
1730 3082 11 2.202310151614478e-15
1731 3082 25 4.433454728284143e-42
1732 2372 8 1.8043737269675016e-10
1732 2373 23 5.527063077525862e-38
1732 3082 21 5.735651342441553e-34
1733 3082 21 5.735651342441553e-34
1733 4755 17 3.33407434606454e-26
1734 3082 17 3.33407434606454e-26
1735 3082 8 1.8043737269675016e-10
1736 3082 10 1.058608762414184e-13
1736 5037 9 4.613039420570845e-12
1737 3082 13 7.328796240839566e-19
1738 3082 15 1.7900421038037762e-22
1739 3082 16 2.522096490509956e-24
1740 3082 11 2.202310151614478e-15
1741 3082 15 1.7900421038037762e-22
1742 3082 12 4.1877328281432735e-17
1743 3082 14 1.1873895513074875e-20
1744 3082 16 2.522096490509956e-24
1745 3082 13 7.328796240839566e-19
1746 3082 20 5.428307731777517e-32
1746 3410 8 1.8043737269675016e-10
1747 3082 12 4.1877328281432735e-17
1748 2364 9 4.613039420570845e-12
1748 3082 13 7.328796240839566e-19
1749 2364 32 5.75842300255546e-57
1749 3082 11 2.202310151614478e-15
1750 2364 17 3.33407434606454e-26
1750 3082 10 1.058608762414184e-13
1751 3082 10 1.058608762414184e-13
1752 3082 11 2.202310151614478e-15
1753 3082 14 1.1873895513074875e-20
1754 3082 23 5.527063077525862e-38
1755 3082 9 4.613039420570845e-12
1756 3082 10 1.058608762414184e-13
1757 3082 10 1.058608762414184e-13
1758 3082 20 5.428307731777517e-32
1758 4129 10 1.058608762414184e-13
1758 4254 10 1.058608762414184e-13
1758 4508 8 1.8043737269675016e-10
1758 4626 8 1.8043737269675016e-10
1758 4767 8 1.8043737269675016e-10
1759 3082 8 1.8043737269675016e-10
1760 3082 9 4.613039420570845e-12
1762 3082 12 4.1877328281432735e-17
1764 3082 15 1.7900421038037762e-22
1765 3082 12 4.1877328281432735e-17
1766 3082 12 4.1877328281432735e-17
1767 3082 22 5.766279611685282e-36
1768 3082 9 4.613039420570845e-12
1770 3082 10 1.058608762414184e-13
1771 3082 11 2.202310151614478e-15
1771 3374 13 7.328796240839566e-19
1771 3375 56 6.367752159279988e-113
1771 3376 8 1.8043737269675016e-10
1772 3082 9 4.613039420570845e-12
1773 3082 11 2.202310151614478e-15
1774 3082 8 1.8043737269675016e-10
1775 3082 8 1.8043737269675016e-10
1777 3082 12 4.1877328281432735e-17
1781 3082 13 7.328796240839566e-19
1784 3082 9 4.613039420570845e-12
1785 3082 8 1.8043737269675016e-10
1794 3082 8 1.8043737269675016e-10
1795 3082 9 4.613039420570845e-12
1796 3082 10 1.058608762414184e-13
1797 4566 18 4.149521796920395e-28
1800 3082 10 1.058608762414184e-13
1801 3082 11 2.202310151614478e-15
1804 3082 9 4.613039420570845e-12
1804 4948 15 1.7900421038037762e-22
1810 3082 8 1.8043737269675016e-10
1810 3660 28 2.3233611823357037e-48
1810 4325 19 4.877109766882907e-30
1811 4325 11 2.202310151614478e-15
1813 2258 19 4.877109766882907e-30
1824 2216 10 1.058608762414184e-13
1824 2824 8 1.8043737269675016e-10
1829 3168 46 8.096167619558848e-89
1829 3169 10 1.058608762414184e-13
1829 3984 8 1.8043737269675016e-10
1830 4831 15 1.7900421038037762e-22
1831 4831 40 7.217855704520611e-75
1832 4831 23 5.527063077525862e-38
1837 4886 18 4.149521796920395e-28
1837 4887 48 1.475350282433137e-93
1837 4888 16 2.522096490509956e-24
1841 2832 15 1.7900421038037762e-22
1849 4358 44 4.0189249676326937e-84
1850 2641 9 4.613039420570845e-12
1850 4358 12 4.1877328281432735e-17
1850 5162 11 2.202310151614478e-15
1851 2641 13 7.328796240839566e-19
1858 2812 11 2.202310151614478e-15
1868 2325 11 2.202310151614478e-15
1872 3082 8 1.8043737269675016e-10
1879 2206 21 5.735651342441553e-34
1880 4890 20 5.428307731777517e-32
1883 2906 8 1.8043737269675016e-10
1903 5160 10 1.058608762414184e-13
1909 4013 11 2.202310151614478e-15
1909 5034 13 7.328796240839566e-19
1910 5034 21 5.735651342441553e-34
1912 4849 10 1.058608762414184e-13
1914 4369 25 4.433454728284143e-42
1919 2387 9 4.613039420570845e-12
1920 3289 10 1.058608762414184e-13
1921 3289 17 3.33407434606454e-26
1926 3704 16 2.522096490509956e-24
1927 2870 10 1.058608762414184e-13
1927 4436 8 1.8043737269675016e-10
1927 5134 16 2.522096490509956e-24
1928 3765 8 1.8043737269675016e-10
1946 2743 8 1.8043737269675016e-10
1954 4587 12 4.1877328281432735e-17
1959 3858 9 4.613039420570845e-12
1963 2378 14 1.1873895513074875e-20
1963 2379 30 1.243431386610445e-52
1964 3676 12 4.1877328281432735e-17
1965 4815 12 4.1877328281432735e-17
1967 2432 8 1.8043737269675016e-10
1978 3729 12 4.1877328281432735e-17
1978 3879 16 2.522096490509956e-24
1990 4363 12 4.1877328281432735e-17
1991 2858 11 2.202310151614478e-15
1991 2990 39 1.3867821465576182e-72
1992 2990 8 1.8043737269675016e-10
1995 2967 8 1.8043737269675016e-10
2003 3082 87 4.033915814898492e-193
2003 4254 28 2.3233611823357037e-48
2004 3082 42 1.7978392907267668e-79
2005 3082 53 1.3785008166689107e-105
2006 3082 44 4.0189249676326937e-84
2006 4254 14 1.1873895513074875e-20
2007 3082 17 3.33407434606454e-26
2008 3082 17 3.33407434606454e-26
2009 3082 33 3.7212235737810144e-59
2009 4254 8 1.8043737269675016e-10
2010 3082 44 4.0189249676326937e-84
2010 4254 8 1.8043737269675016e-10
2011 2814 27 2.9997851887817998e-46
2011 3082 12 4.1877328281432735e-17
2011 5287 24 5.060505424506613e-40
2018 3082 12 4.1877328281432735e-17
2019 3082 9 4.613039420570845e-12
2021 3082 8 1.8043737269675016e-10
2021 4660 11 2.202310151614478e-15
2022 3082 14 1.1873895513074875e-20
2023 3082 15 1.7900421038037762e-22
2024 3082 17 3.33407434606454e-26
2025 3082 9 4.613039420570845e-12
2026 3082 11 2.202310151614478e-15
2030 2609 8 1.8043737269675016e-10
2030 3082 20 5.428307731777517e-32
2031 3082 24 5.060505424506613e-40
2031 3875 18 4.149521796920395e-28
2032 3082 17 3.33407434606454e-26
2034 3082 10 1.058608762414184e-13
2035 3082 9 4.613039420570845e-12
2036 3082 17 3.33407434606454e-26
2036 4409 11 2.202310151614478e-15
2037 3082 20 5.428307731777517e-32
2044 3082 15 1.7900421038037762e-22
2046 2391 13 7.328796240839566e-19
2046 2392 27 2.9997851887817998e-46
2047 3082 14 1.1873895513074875e-20
2048 3082 13 7.328796240839566e-19
2048 4508 8 1.8043737269675016e-10
2049 3082 9 4.613039420570845e-12
2050 3082 10 1.058608762414184e-13
2052 3082 10 1.058608762414184e-13
2053 3082 10 1.058608762414184e-13
2054 3082 21 5.735651342441553e-34
2055 2627 10 1.058608762414184e-13
2055 3082 12 4.1877328281432735e-17
2058 3082 11 2.202310151614478e-15
2058 4254 9 4.613039420570845e-12
2059 3082 11 2.202310151614478e-15
2059 4508 9 4.613039420570845e-12
2060 3479 8 1.8043737269675016e-10
2061 3479 11 2.202310151614478e-15
2066 3082 8 1.8043737269675016e-10
2066 3264 10 1.058608762414184e-13
2067 3082 10 1.058608762414184e-13
2068 3082 10 1.058608762414184e-13
2069 3082 13 7.328796240839566e-19
2070 3082 11 2.202310151614478e-15
2073 3082 9 4.613039420570845e-12
2074 3082 9 4.613039420570845e-12
2091 4986 11 2.202310151614478e-15
2096 3082 8 1.8043737269675016e-10
2113 3637 9 4.613039420570845e-12
2139 3082 8 1.8043737269675016e-10
2141 3391 8 1.8043737269675016e-10
2146 3082 10 1.058608762414184e-13
2163 4019 18 4.149521796920395e-28
2169 4913 11 2.202310151614478e-15
2170 4214 8 1.8043737269675016e-10
2171 5286 17 3.33407434606454e-26
2180 2522 11 2.202310151614478e-15
2183 4072 19 4.877109766882907e-30
2184 3951 30 1.243431386610445e-52
2189 2322 22 5.766279611685282e-36
2189 4647 39 1.3867821465576182e-72
2189 4648 9 4.613039420570845e-12
2196 3261 9 4.613039420570845e-12
2201 2426 14 1.1873895513074875e-20
2203 3847 10 1.058608762414184e-13
2204 4400 30 1.243431386610445e-52
2215 2661 27 2.9997851887817998e-46
2218 3360 15 1.7900421038037762e-22
2220 3560 21 5.735651342441553e-34
2220 4081 10 1.058608762414184e-13
2232 2917 11 2.202310151614478e-15
2239 2922 32 5.75842300255546e-57
2242 4532 11 2.202310151614478e-15
2255 2969 13 7.328796240839566e-19
2264 3679 11 2.202310151614478e-15
2266 2783 8 1.8043737269675016e-10
2268 4922 29 1.7316373933075131e-50
2271 4295 10 1.058608762414184e-13
2272 3438 16 2.522096490509956e-24
2294 4252 8 1.8043737269675016e-10
2309 3082 107 0.0
2309 4254 14 1.1873895513074875e-20
2310 3082 85 9.91428013653452e-188
2310 4254 9 4.613039420570845e-12
2310 4538 127 0.0
2311 2651 8 1.8043737269675016e-10
2311 2652 13 7.328796240839566e-19
2311 3082 64 6.96295379566013e-133
2311 4254 10 1.058608762414184e-13
2312 3082 42 1.7978392907267668e-79
2312 3569 11 2.202310151614478e-15
2312 4254 8 1.8043737269675016e-10
2313 3082 41 3.652341967828e-77
2314 3082 33 3.7212235737810144e-59
2314 3842 26 3.722448923973756e-44
2315 3082 31 8.611692387643213e-55
2316 3082 33 3.7212235737810144e-59
2316 4254 9 4.613039420570845e-12
2317 3016 8 1.8043737269675016e-10
2317 3082 34 2.3261010037082886e-61
2318 3082 22 5.766279611685282e-36
2318 3123 9 4.613039420570845e-12
2319 3082 31 8.611692387643213e-55
2320 3082 57 2.188189687711759e-115
2321 3082 44 4.0189249676326937e-84
2322 3082 37 4.692669974760828e-68
2323 3082 39 1.3867821465576182e-72
2323 3619 10 1.058608762414184e-13
2324 3082 31 8.611692387643213e-55
2324 5249 12 4.1877328281432735e-17
2325 3082 24 5.060505424506613e-40
2326 3082 25 4.433454728284143e-42
2326 4846 9 4.613039420570845e-12
2327 3082 28 2.3233611823357037e-48
2328 3082 22 5.766279611685282e-36
2329 3082 24 5.060505424506613e-40
2330 3082 24 5.060505424506613e-40
2331 3082 23 5.527063077525862e-38
2332 3082 20 5.428307731777517e-32
2333 3082 15 1.7900421038037762e-22
2334 3082 22 5.766279611685282e-36
2334 4062 8 1.8043737269675016e-10
2335 3082 15 1.7900421038037762e-22
2335 4691 10 1.058608762414184e-13
2336 3082 14 1.1873895513074875e-20
2337 3082 13 7.328796240839566e-19
2338 3082 22 5.766279611685282e-36
2339 3082 16 2.522096490509956e-24
2340 3082 21 5.735651342441553e-34
2341 3082 9 4.613039420570845e-12
2349 3082 17 3.33407434606454e-26
2349 4508 8 1.8043737269675016e-10
2350 3082 21 5.735651342441553e-34
2351 3082 16 2.522096490509956e-24
2352 3082 14 1.1873895513074875e-20
2353 3082 22 5.766279611685282e-36
2354 3082 13 7.328796240839566e-19
2355 3082 11 2.202310151614478e-15
2356 3082 17 3.33407434606454e-26
2357 3082 23 5.527063077525862e-38
2358 3082 11 2.202310151614478e-15
2359 3082 15 1.7900421038037762e-22
2359 3418 11 2.202310151614478e-15
2360 3082 12 4.1877328281432735e-17
2361 2720 10 1.058608762414184e-13
2361 2892 13 7.328796240839566e-19
2361 3082 9 4.613039420570845e-12
2362 3082 8 1.8043737269675016e-10
2363 3082 15 1.7900421038037762e-22
2365 3069 8 1.8043737269675016e-10
2366 3082 8 1.8043737269675016e-10
2367 3082 11 2.202310151614478e-15
2368 3082 9 4.613039420570845e-12
2370 3082 11 2.202310151614478e-15
2371 3082 8 1.8043737269675016e-10
2371 4190 8 1.8043737269675016e-10
2372 3082 15 1.7900421038037762e-22
2372 5252 12 4.1877328281432735e-17
2373 3082 12 4.1877328281432735e-17
2373 5252 17 3.33407434606454e-26
2375 3082 15 1.7900421038037762e-22
2376 3082 9 4.613039420570845e-12
2377 3082 13 7.328796240839566e-19
2378 3082 12 4.1877328281432735e-17
2380 3082 12 4.1877328281432735e-17
2381 3082 9 4.613039420570845e-12
2383 3082 15 1.7900421038037762e-22
2385 4389 11 2.202310151614478e-15
2386 3082 12 4.1877328281432735e-17
2387 3082 11 2.202310151614478e-15
2388 3584 8 1.8043737269675016e-10
2393 3082 8 1.8043737269675016e-10
2394 3082 10 1.058608762414184e-13
2398 3082 10 1.058608762414184e-13
2401 3082 9 4.613039420570845e-12
2401 3571 14 1.1873895513074875e-20
2406 3838 16 2.522096490509956e-24
2408 4672 13 7.328796240839566e-19
2420 3082 8 1.8043737269675016e-10
2422 3082 8 1.8043737269675016e-10
2434 4499 20 5.428307731777517e-32
2435 4141 14 1.1873895513074875e-20
2435 4499 9 4.613039420570845e-12
2437 4970 12 4.1877328281432735e-17
2441 2844 27 2.9997851887817998e-46
2446 3082 9 4.613039420570845e-12
2458 3907 24 5.060505424506613e-40
2459 4738 10 1.058608762414184e-13
2478 2677 31 8.611692387643213e-55
2481 5239 12 4.1877328281432735e-17
2488 4712 16 2.522096490509956e-24
2490 3082 8 1.8043737269675016e-10
2494 3214 22 5.766279611685282e-36
2503 3429 9 4.613039420570845e-12
2505 4787 12 4.1877328281432735e-17
2506 3906 10 1.058608762414184e-13
2510 3424 17 3.33407434606454e-26
2511 3329 8 1.8043737269675016e-10
2511 3424 36 8.253843417379081e-66
2511 5061 10 1.058608762414184e-13
2520 2929 16 2.522096490509956e-24
2520 2930 52 3.675591921318122e-103
2520 2931 149 0.0
2520 2932 12 4.1877328281432735e-17
2520 2934 9 4.613039420570845e-12
2521 5065 11 2.202310151614478e-15
2554 3329 30 1.243431386610445e-52
2563 3717 13 7.328796240839566e-19
2563 4649 12 4.1877328281432735e-17
2564 4649 13 7.328796240839566e-19
2565 4649 34 2.3261010037082886e-61
2565 4954 8 1.8043737269675016e-10
2566 4649 28 2.3233611823357037e-48
2566 4954 9 4.613039420570845e-12
2573 3082 46 8.096167619558848e-89
2574 3082 40 7.217855704520611e-75
2575 3082 31 8.611692387643213e-55
2576 3082 18 4.149521796920395e-28
2577 3082 29 1.7316373933075131e-50
2578 2930 12 4.1877328281432735e-17
2578 3082 24 5.060505424506613e-40
2578 3496 14 1.1873895513074875e-20
2578 3498 12 4.1877328281432735e-17
2578 5266 10 1.058608762414184e-13
2579 3082 18 4.149521796920395e-28
2580 3082 22 5.766279611685282e-36
2581 3082 25 4.433454728284143e-42
2582 3082 25 4.433454728284143e-42
2583 3082 19 4.877109766882907e-30
2584 3082 13 7.328796240839566e-19
2585 3082 18 4.149521796920395e-28
2586 3082 18 4.149521796920395e-28
2587 3082 33 3.7212235737810144e-59
2588 3082 13 7.328796240839566e-19
2589 3082 12 4.1877328281432735e-17
2590 3082 16 2.522096490509956e-24
2591 3082 19 4.877109766882907e-30
2592 3082 23 5.527063077525862e-38
2592 3327 8 1.8043737269675016e-10
2593 3082 19 4.877109766882907e-30
2594 3082 28 2.3233611823357037e-48
2595 3082 30 1.243431386610445e-52
2596 3082 23 5.527063077525862e-38
2597 3082 26 3.722448923973756e-44
2597 4270 9 4.613039420570845e-12
2598 3082 18 4.149521796920395e-28
2599 3082 16 2.522096490509956e-24
2600 3082 17 3.33407434606454e-26
2601 3082 13 7.328796240839566e-19
2602 3082 14 1.1873895513074875e-20
2603 3082 12 4.1877328281432735e-17
2604 3082 12 4.1877328281432735e-17
2604 4247 8 1.8043737269675016e-10
2605 3082 12 4.1877328281432735e-17
2605 5117 11 2.202310151614478e-15
2606 3082 15 1.7900421038037762e-22
2606 5117 9 4.613039420570845e-12
2607 3082 22 5.766279611685282e-36
2607 5117 8 1.8043737269675016e-10
2608 3082 19 4.877109766882907e-30
2608 4719 10 1.058608762414184e-13
2609 3082 25 4.433454728284143e-42
2610 3082 19 4.877109766882907e-30
2611 3082 15 1.7900421038037762e-22
2612 3082 10 1.058608762414184e-13
2613 3082 11 2.202310151614478e-15
2614 3082 13 7.328796240839566e-19
2615 3082 9 4.613039420570845e-12
2616 3082 14 1.1873895513074875e-20
2617 3082 9 4.613039420570845e-12
2618 3082 9 4.613039420570845e-12
2620 3082 9 4.613039420570845e-12
2620 4051 11 2.202310151614478e-15
2621 3082 9 4.613039420570845e-12
2623 3082 8 1.8043737269675016e-10
2627 3082 14 1.1873895513074875e-20
2628 3082 15 1.7900421038037762e-22
2629 3082 15 1.7900421038037762e-22
2630 3082 18 4.149521796920395e-28
2631 3082 10 1.058608762414184e-13
2632 3082 14 1.1873895513074875e-20
2633 3082 10 1.058608762414184e-13
2634 3082 9 4.613039420570845e-12
2635 3082 9 4.613039420570845e-12
2636 3082 8 1.8043737269675016e-10
2637 3082 16 2.522096490509956e-24
2640 3082 9 4.613039420570845e-12
2641 3082 12 4.1877328281432735e-17
2642 3082 10 1.058608762414184e-13
2643 3082 8 1.8043737269675016e-10
2645 3158 9 4.613039420570845e-12
2646 3082 12 4.1877328281432735e-17
2646 3102 8 1.8043737269675016e-10
2647 3082 16 2.522096490509956e-24
2647 4156 19 4.877109766882907e-30
2648 3082 10 1.058608762414184e-13
2650 3082 10 1.058608762414184e-13
2651 3082 9 4.613039420570845e-12
2652 3082 8 1.8043737269675016e-10
2654 3082 8 1.8043737269675016e-10
2657 4491 9 4.613039420570845e-12
2658 3082 12 4.1877328281432735e-17
2661 3082 12 4.1877328281432735e-17
2662 3082 8 1.8043737269675016e-10
2667 4220 15 1.7900421038037762e-22
2673 3082 8 1.8043737269675016e-10
2674 4319 11 2.202310151614478e-15
2676 3082 8 1.8043737269675016e-10
2677 3082 8 1.8043737269675016e-10
2678 3082 10 1.058608762414184e-13
2679 3082 8 1.8043737269675016e-10
2681 3082 10 1.058608762414184e-13
2681 3569 9 4.613039420570845e-12
2683 3082 9 4.613039420570845e-12
2688 3082 8 1.8043737269675016e-10
2693 3082 10 1.058608762414184e-13
2696 5220 21 5.735651342441553e-34
2697 3082 9 4.613039420570845e-12
2699 4087 11 2.202310151614478e-15
2702 4629 23 5.527063077525862e-38
2702 4630 8 1.8043737269675016e-10
2705 3082 8 1.8043737269675016e-10
2713 5149 13 7.328796240839566e-19
2718 4831 8 1.8043737269675016e-10
2720 5108 8 1.8043737269675016e-10
2724 3118 15 1.7900421038037762e-22
2729 4587 8 1.8043737269675016e-10
2732 3641 38 2.5888420761728708e-70
2742 4388 11 2.202310151614478e-15
2759 4773 8 1.8043737269675016e-10
2769 3771 8 1.8043737269675016e-10
2780 4353 21 5.735651342441553e-34
2803 4361 53 1.3785008166689107e-105
2803 4362 10 1.058608762414184e-13
2808 3728 14 1.1873895513074875e-20
2814 5287 15 1.7900421038037762e-22
2822 3082 17 3.33407434606454e-26
2822 3421 14 1.1873895513074875e-20
2822 3569 9 4.613039420570845e-12
2823 3082 13 7.328796240839566e-19
2824 3082 10 1.058608762414184e-13
2825 3082 26 3.722448923973756e-44
2826 3082 29 1.7316373933075131e-50
2827 3082 24 5.060505424506613e-40
2828 3082 38 2.5888420761728708e-70
2829 3082 35 1.4076747753565564e-63
2830 3082 22 5.766279611685282e-36
2831 3082 18 4.149521796920395e-28
2832 3082 17 3.33407434606454e-26
2833 3082 17 3.33407434606454e-26
2834 3082 13 7.328796240839566e-19
2835 3082 18 4.149521796920395e-28
2836 3082 13 7.328796240839566e-19
2837 3082 16 2.522096490509956e-24
2838 3082 8 1.8043737269675016e-10
2838 4538 8 1.8043737269675016e-10
2839 3082 16 2.522096490509956e-24
2840 3082 17 3.33407434606454e-26
2841 3082 23 5.527063077525862e-38
2842 3082 21 5.735651342441553e-34
2842 3512 10 1.058608762414184e-13
2843 3082 16 2.522096490509956e-24
2844 3082 13 7.328796240839566e-19
2845 3082 11 2.202310151614478e-15
2846 3082 11 2.202310151614478e-15
2847 3110 15 1.7900421038037762e-22
2848 3082 10 1.058608762414184e-13
2849 3082 16 2.522096490509956e-24
2850 3082 13 7.328796240839566e-19
2850 4905 9 4.613039420570845e-12
2851 3082 14 1.1873895513074875e-20
2851 4905 9 4.613039420570845e-12
2852 3082 22 5.766279611685282e-36
2853 3082 14 1.1873895513074875e-20
2854 3082 8 1.8043737269675016e-10
2855 3082 8 1.8043737269675016e-10
2857 3082 15 1.7900421038037762e-22
2858 3082 12 4.1877328281432735e-17
2859 3082 14 1.1873895513074875e-20
2859 3569 26 3.722448923973756e-44
2861 3082 9 4.613039420570845e-12
2863 3082 13 7.328796240839566e-19
2864 3082 14 1.1873895513074875e-20
2865 3082 13 7.328796240839566e-19
2866 3082 12 4.1877328281432735e-17
2867 3082 9 4.613039420570845e-12
2868 3082 8 1.8043737269675016e-10
2869 3082 9 4.613039420570845e-12
2869 3383 15 1.7900421038037762e-22
2871 3082 9 4.613039420570845e-12
2872 3082 10 1.058608762414184e-13
2873 3082 9 4.613039420570845e-12
2874 3082 8 1.8043737269675016e-10
2876 4806 10 1.058608762414184e-13
2876 4807 31 8.611692387643213e-55
2876 4808 12 4.1877328281432735e-17
2877 3082 9 4.613039420570845e-12
2883 3082 10 1.058608762414184e-13
2885 3082 8 1.8043737269675016e-10
2889 3082 10 1.058608762414184e-13
2890 3082 8 1.8043737269675016e-10
2891 4365 8 1.8043737269675016e-10
2893 3082 8 1.8043737269675016e-10
2894 3082 13 7.328796240839566e-19
2895 3082 10 1.058608762414184e-13
2898 3082 8 1.8043737269675016e-10
2900 3082 13 7.328796240839566e-19
2904 3082 14 1.1873895513074875e-20
2921 3605 9 4.613039420570845e-12
2935 4091 11 2.202310151614478e-15
2937 3082 8 1.8043737269675016e-10
2938 5161 10 1.058608762414184e-13
2940 3509 9 4.613039420570845e-12
2947 3574 19 4.877109766882907e-30
2948 3574 54 5.055711430909985e-108
2949 3574 10 1.058608762414184e-13
2950 3574 8 1.8043737269675016e-10
2971 4523 10 1.058608762414184e-13
2975 3082 9 4.613039420570845e-12
2979 3545 15 1.7900421038037762e-22
2992 4078 9 4.613039420570845e-12
3003 4337 12 4.1877328281432735e-17
3021 3302 19 4.877109766882907e-30
3021 5114 9 4.613039420570845e-12
3030 4606 18 4.149521796920395e-28
3045 4095 10 1.058608762414184e-13
3049 4527 12 4.1877328281432735e-17
3075 4954 21 5.735651342441553e-34
3082 3326 17 3.33407434606454e-26
3082 3327 13 7.328796240839566e-19
3082 3328 13 7.328796240839566e-19
3082 3329 15 1.7900421038037762e-22
3082 3330 14 1.1873895513074875e-20
3082 3332 8 1.8043737269675016e-10
3082 3333 11 2.202310151614478e-15
3082 3334 9 4.613039420570845e-12
3082 3335 9 4.613039420570845e-12
3082 3339 11 2.202310151614478e-15
3082 3342 11 2.202310151614478e-15
3082 3344 14 1.1873895513074875e-20
3082 3346 10 1.058608762414184e-13
3082 3347 8 1.8043737269675016e-10
3082 3350 9 4.613039420570845e-12
3082 3353 9 4.613039420570845e-12
3082 3370 8 1.8043737269675016e-10
3082 3371 9 4.613039420570845e-12
3082 3374 8 1.8043737269675016e-10
3082 3375 9 4.613039420570845e-12
3082 3379 8 1.8043737269675016e-10
3082 3384 8 1.8043737269675016e-10
3082 3385 9 4.613039420570845e-12
3082 3394 10 1.058608762414184e-13
3082 3415 9 4.613039420570845e-12
3082 3569 22 5.766279611685282e-36
3082 3570 55 1.8138279923274235e-110
3082 3571 38 2.5888420761728708e-70
3082 3572 23 5.527063077525862e-38
3082 3573 19 4.877109766882907e-30
3082 3574 36 8.253843417379081e-66
3082 3575 10 1.058608762414184e-13
3082 3576 25 4.433454728284143e-42
3082 3577 18 4.149521796920395e-28
3082 3578 22 5.766279611685282e-36
3082 3579 19 4.877109766882907e-30
3082 3580 24 5.060505424506613e-40
3082 3581 28 2.3233611823357037e-48
3082 3582 23 5.527063077525862e-38
3082 3583 16 2.522096490509956e-24
3082 3584 16 2.522096490509956e-24
3082 3585 18 4.149521796920395e-28
3082 3586 18 4.149521796920395e-28
3082 3587 19 4.877109766882907e-30
3082 3588 8 1.8043737269675016e-10
3082 3589 10 1.058608762414184e-13
3082 3590 13 7.328796240839566e-19
3082 3591 28 2.3233611823357037e-48
3082 3592 10 1.058608762414184e-13
3082 3593 14 1.1873895513074875e-20
3082 3594 13 7.328796240839566e-19
3082 3595 12 4.1877328281432735e-17
3082 3596 10 1.058608762414184e-13
3082 3597 17 3.33407434606454e-26
3082 3598 9 4.613039420570845e-12
3082 3599 18 4.149521796920395e-28
3082 3600 11 2.202310151614478e-15
3082 3601 18 4.149521796920395e-28
3082 3602 18 4.149521796920395e-28
3082 3603 13 7.328796240839566e-19
3082 3604 9 4.613039420570845e-12
3082 3605 16 2.522096490509956e-24
3082 3606 15 1.7900421038037762e-22
3082 3607 8 1.8043737269675016e-10
3082 3609 8 1.8043737269675016e-10
3082 3610 11 2.202310151614478e-15
3082 3611 11 2.202310151614478e-15
3082 3612 17 3.33407434606454e-26
3082 3613 9 4.613039420570845e-12
3082 3615 11 2.202310151614478e-15
3082 3618 8 1.8043737269675016e-10
3082 3619 12 4.1877328281432735e-17
3082 3620 12 4.1877328281432735e-17
3082 3621 12 4.1877328281432735e-17
3082 3622 10 1.058608762414184e-13
3082 3623 12 4.1877328281432735e-17
3082 3628 12 4.1877328281432735e-17
3082 3629 8 1.8043737269675016e-10
3082 3631 13 7.328796240839566e-19
3082 3634 8 1.8043737269675016e-10
3082 3635 10 1.058608762414184e-13
3082 3636 10 1.058608762414184e-13
3082 3638 9 4.613039420570845e-12
3082 3649 10 1.058608762414184e-13
3082 3650 9 4.613039420570845e-12
3082 3652 10 1.058608762414184e-13
3082 3660 8 1.8043737269675016e-10
3082 3661 10 1.058608762414184e-13
3082 3665 10 1.058608762414184e-13
3082 3679 56 6.367752159279988e-113
3082 3682 9 4.613039420570845e-12
3082 3692 8 1.8043737269675016e-10
3082 3698 9 4.613039420570845e-12
3082 3821 12 4.1877328281432735e-17
3082 3822 14 1.1873895513074875e-20
3082 3823 16 2.522096490509956e-24
3082 3824 9 4.613039420570845e-12
3082 3825 17 3.33407434606454e-26
3082 3827 18 4.149521796920395e-28
3082 3828 19 4.877109766882907e-30
3082 3829 27 2.9997851887817998e-46
3082 3830 20 5.428307731777517e-32
3082 3831 25 4.433454728284143e-42
3082 3832 21 5.735651342441553e-34
3082 3833 25 4.433454728284143e-42
3082 3834 19 4.877109766882907e-30
3082 3835 26 3.722448923973756e-44
3082 3836 19 4.877109766882907e-30
3082 3837 25 4.433454728284143e-42
3082 3838 29 1.7316373933075131e-50
3082 3839 23 5.527063077525862e-38
3082 3840 25 4.433454728284143e-42
3082 3841 29 1.7316373933075131e-50
3082 3842 59 2.4261351026094074e-120
3082 3843 46 8.096167619558848e-89
3082 3844 39 1.3867821465576182e-72
3082 3845 17 3.33407434606454e-26
3082 3846 19 4.877109766882907e-30
3082 3847 8 1.8043737269675016e-10
3082 3848 16 2.522096490509956e-24
3082 3849 16 2.522096490509956e-24
3082 3850 8 1.8043737269675016e-10
3082 3851 10 1.058608762414184e-13
3082 3852 13 7.328796240839566e-19
3082 3859 9 4.613039420570845e-12
3082 3860 13 7.328796240839566e-19
3082 3861 8 1.8043737269675016e-10
3082 3862 8 1.8043737269675016e-10
3082 3866 9 4.613039420570845e-12
3082 3867 11 2.202310151614478e-15
3082 3871 13 7.328796240839566e-19
3082 3873 8 1.8043737269675016e-10
3082 3874 8 1.8043737269675016e-10
3082 3875 9 4.613039420570845e-12
3082 3876 8 1.8043737269675016e-10
3082 3879 9 4.613039420570845e-12
3082 3881 8 1.8043737269675016e-10
3082 3887 8 1.8043737269675016e-10
3082 3895 8 1.8043737269675016e-10
3082 3902 8 1.8043737269675016e-10
3082 4061 29 1.7316373933075131e-50
3082 4062 28 2.3233611823357037e-48
3082 4063 23 5.527063077525862e-38
3082 4064 14 1.1873895513074875e-20
3082 4065 17 3.33407434606454e-26
3082 4066 22 5.766279611685282e-36
3082 4067 12 4.1877328281432735e-17
3082 4068 26 3.722448923973756e-44
3082 4069 24 5.060505424506613e-40
3082 4070 21 5.735651342441553e-34
3082 4071 23 5.527063077525862e-38
3082 4072 23 5.527063077525862e-38
3082 4073 13 7.328796240839566e-19
3082 4074 13 7.328796240839566e-19
3082 4075 15 1.7900421038037762e-22
3082 4076 18 4.149521796920395e-28
3082 4077 17 3.33407434606454e-26
3082 4078 20 5.428307731777517e-32
3082 4079 19 4.877109766882907e-30
3082 4080 25 4.433454728284143e-42
3082 4081 18 4.149521796920395e-28
3082 4082 8 1.8043737269675016e-10
3082 4083 18 4.149521796920395e-28
3082 4084 25 4.433454728284143e-42
3082 4085 17 3.33407434606454e-26
3082 4086 24 5.060505424506613e-40
3082 4087 17 3.33407434606454e-26
3082 4088 14 1.1873895513074875e-20
3082 4089 16 2.522096490509956e-24
3082 4090 14 1.1873895513074875e-20
3082 4091 13 7.328796240839566e-19
3082 4092 9 4.613039420570845e-12
3082 4093 17 3.33407434606454e-26
3082 4094 9 4.613039420570845e-12
3082 4095 19 4.877109766882907e-30
3082 4096 9 4.613039420570845e-12
3082 4097 8 1.8043737269675016e-10
3082 4098 17 3.33407434606454e-26
3082 4099 18 4.149521796920395e-28
3082 4100 15 1.7900421038037762e-22
3082 4101 11 2.202310151614478e-15
3082 4102 16 2.522096490509956e-24
3082 4103 10 1.058608762414184e-13
3082 4104 9 4.613039420570845e-12
3082 4105 12 4.1877328281432735e-17
3082 4106 13 7.328796240839566e-19
3082 4107 8 1.8043737269675016e-10
3082 4108 13 7.328796240839566e-19
3082 4109 13 7.328796240839566e-19
3082 4110 16 2.522096490509956e-24
3082 4111 12 4.1877328281432735e-17
3082 4114 11 2.202310151614478e-15
3082 4116 12 4.1877328281432735e-17
3082 4117 17 3.33407434606454e-26
3082 4123 13 7.328796240839566e-19
3082 4125 9 4.613039420570845e-12
3082 4126 16 2.522096490509956e-24
3082 4127 11 2.202310151614478e-15
3082 4128 10 1.058608762414184e-13
3082 4129 8 1.8043737269675016e-10
3082 4130 9 4.613039420570845e-12
3082 4131 12 4.1877328281432735e-17
3082 4132 13 7.328796240839566e-19
3082 4134 8 1.8043737269675016e-10
3082 4137 10 1.058608762414184e-13
3082 4156 8 1.8043737269675016e-10
3082 4160 8 1.8043737269675016e-10
3082 4165 9 4.613039420570845e-12
3082 4173 8 1.8043737269675016e-10
3082 4200 10 1.058608762414184e-13
3082 4201 9 4.613039420570845e-12
3082 4204 8 1.8043737269675016e-10
3082 4206 11 2.202310151614478e-15
3082 4214 8 1.8043737269675016e-10
3082 4215 8 1.8043737269675016e-10
3082 4217 10 1.058608762414184e-13
3082 4252 8 1.8043737269675016e-10
3082 4254 303 0.0
3082 4268 13 7.328796240839566e-19
3082 4269 32 5.75842300255546e-57
3082 4270 19 4.877109766882907e-30
3082 4271 25 4.433454728284143e-42
3082 4272 22 5.766279611685282e-36
3082 4273 18 4.149521796920395e-28
3082 4274 25 4.433454728284143e-42
3082 4275 23 5.527063077525862e-38
3082 4276 24 5.060505424506613e-40
3082 4277 16 2.522096490509956e-24
3082 4278 13 7.328796240839566e-19
3082 4279 16 2.522096490509956e-24
3082 4280 16 2.522096490509956e-24
3082 4281 20 5.428307731777517e-32
3082 4282 24 5.060505424506613e-40
3082 4283 16 2.522096490509956e-24
3082 4284 10 1.058608762414184e-13
3082 4285 24 5.060505424506613e-40
3082 4286 11 2.202310151614478e-15
3082 4287 16 2.522096490509956e-24
3082 4288 11 2.202310151614478e-15
3082 4289 12 4.1877328281432735e-17
3082 4291 9 4.613039420570845e-12
3082 4292 10 1.058608762414184e-13
3082 4293 13 7.328796240839566e-19
3082 4294 16 2.522096490509956e-24
3082 4295 12 4.1877328281432735e-17
3082 4296 8 1.8043737269675016e-10
3082 4298 9 4.613039420570845e-12
3082 4299 8 1.8043737269675016e-10
3082 4300 12 4.1877328281432735e-17
3082 4302 11 2.202310151614478e-15
3082 4306 10 1.058608762414184e-13
3082 4310 12 4.1877328281432735e-17
3082 4311 12 4.1877328281432735e-17
3082 4313 13 7.328796240839566e-19
3082 4315 11 2.202310151614478e-15
3082 4316 12 4.1877328281432735e-17
3082 4317 9 4.613039420570845e-12
3082 4319 11 2.202310151614478e-15
3082 4321 8 1.8043737269675016e-10
3082 4325 9 4.613039420570845e-12
3082 4328 9 4.613039420570845e-12
3082 4331 8 1.8043737269675016e-10
3082 4334 9 4.613039420570845e-12
3082 4341 8 1.8043737269675016e-10
3082 4465 50 2.440356071789475e-98
3082 4466 24 5.060505424506613e-40
3082 4467 29 1.7316373933075131e-50
3082 4468 28 2.3233611823357037e-48
3082 4469 27 2.9997851887817998e-46
3082 4470 18 4.149521796920395e-28
3082 4471 11 2.202310151614478e-15
3082 4472 8 1.8043737269675016e-10
3082 4474 9 4.613039420570845e-12
3082 4476 13 7.328796240839566e-19
3082 4477 15 1.7900421038037762e-22
3082 4478 14 1.1873895513074875e-20
3082 4479 10 1.058608762414184e-13
3082 4480 16 2.522096490509956e-24
3082 4481 10 1.058608762414184e-13
3082 4482 11 2.202310151614478e-15
3082 4483 18 4.149521796920395e-28
3082 4484 13 7.328796240839566e-19
3082 4486 14 1.1873895513074875e-20
3082 4487 13 7.328796240839566e-19
3082 4488 17 3.33407434606454e-26
3082 4489 14 1.1873895513074875e-20
3082 4490 23 5.527063077525862e-38
3082 4491 19 4.877109766882907e-30
3082 4492 14 1.1873895513074875e-20
3082 4493 17 3.33407434606454e-26
3082 4494 16 2.522096490509956e-24
3082 4495 16 2.522096490509956e-24
3082 4496 11 2.202310151614478e-15
3082 4497 8 1.8043737269675016e-10
3082 4498 12 4.1877328281432735e-17
3082 4499 12 4.1877328281432735e-17
3082 4500 10 1.058608762414184e-13
3082 4501 10 1.058608762414184e-13
3082 4502 16 2.522096490509956e-24
3082 4503 8 1.8043737269675016e-10
3082 4506 13 7.328796240839566e-19
3082 4507 14 1.1873895513074875e-20
3082 4508 16 2.522096490509956e-24
3082 4509 11 2.202310151614478e-15
3082 4510 8 1.8043737269675016e-10
3082 4511 8 1.8043737269675016e-10
3082 4512 8 1.8043737269675016e-10
3082 4513 12 4.1877328281432735e-17
3082 4514 14 1.1873895513074875e-20
3082 4516 10 1.058608762414184e-13
3082 4518 8 1.8043737269675016e-10
3082 4519 8 1.8043737269675016e-10
3082 4520 8 1.8043737269675016e-10
3082 4523 18 4.149521796920395e-28
3082 4527 10 1.058608762414184e-13
3082 4529 8 1.8043737269675016e-10
3082 4530 8 1.8043737269675016e-10
3082 4538 16 2.522096490509956e-24
3082 4546 9 4.613039420570845e-12
3082 4551 8 1.8043737269675016e-10
3082 4656 85 9.91428013653452e-188
3082 4657 10 1.058608762414184e-13
3082 4658 11 2.202310151614478e-15
3082 4660 9 4.613039420570845e-12
3082 4662 8 1.8043737269675016e-10
3082 4663 12 4.1877328281432735e-17
3082 4664 10 1.058608762414184e-13
3082 4666 16 2.522096490509956e-24
3082 4668 11 2.202310151614478e-15
3082 4669 11 2.202310151614478e-15
3082 4670 8 1.8043737269675016e-10
3082 4673 8 1.8043737269675016e-10
3082 4674 12 4.1877328281432735e-17
3082 4675 9 4.613039420570845e-12
3082 4676 9 4.613039420570845e-12
3082 4677 10 1.058608762414184e-13
3082 4679 16 2.522096490509956e-24
3082 4680 8 1.8043737269675016e-10
3082 4683 9 4.613039420570845e-12
3082 4684 12 4.1877328281432735e-17
3082 4685 11 2.202310151614478e-15
3082 4687 9 4.613039420570845e-12
3082 4688 8 1.8043737269675016e-10
3082 4689 10 1.058608762414184e-13
3082 4690 8 1.8043737269675016e-10
3082 4691 10 1.058608762414184e-13
3082 4692 9 4.613039420570845e-12
3082 4705 8 1.8043737269675016e-10
3082 4709 9 4.613039420570845e-12
3082 4728 8 1.8043737269675016e-10
3082 4839 10 1.058608762414184e-13
3082 4840 12 4.1877328281432735e-17
3082 4841 11 2.202310151614478e-15
3082 4844 8 1.8043737269675016e-10
3082 4846 10 1.058608762414184e-13
3082 4852 8 1.8043737269675016e-10
3082 4853 9 4.613039420570845e-12
3082 4855 9 4.613039420570845e-12
3082 4856 14 1.1873895513074875e-20
3082 4857 8 1.8043737269675016e-10
3082 4861 10 1.058608762414184e-13
3082 4864 14 1.1873895513074875e-20
3082 4865 8 1.8043737269675016e-10
3082 4866 9 4.613039420570845e-12
3082 4867 10 1.058608762414184e-13
3082 4873 11 2.202310151614478e-15
3082 4875 8 1.8043737269675016e-10
3082 4878 9 4.613039420570845e-12
3082 4880 10 1.058608762414184e-13
3082 4881 10 1.058608762414184e-13
3082 4882 8 1.8043737269675016e-10
3082 4886 8 1.8043737269675016e-10
3082 4891 10 1.058608762414184e-13
3082 4895 9 4.613039420570845e-12
3082 4896 14 1.1873895513074875e-20
3082 4900 8 1.8043737269675016e-10
3082 4904 9 4.613039420570845e-12
3082 4905 8 1.8043737269675016e-10
3082 4906 8 1.8043737269675016e-10
3082 4908 8 1.8043737269675016e-10
3082 4909 8 1.8043737269675016e-10
3082 4914 10 1.058608762414184e-13
3082 4966 12 4.1877328281432735e-17
3082 4967 8 1.8043737269675016e-10
3082 4968 14 1.1873895513074875e-20
3082 4969 18 4.149521796920395e-28
3082 4970 21 5.735651342441553e-34
3082 4973 13 7.328796240839566e-19
3082 4974 11 2.202310151614478e-15
3082 4975 14 1.1873895513074875e-20
3082 4976 12 4.1877328281432735e-17
3082 4977 20 5.428307731777517e-32
3082 4978 18 4.149521796920395e-28
3082 4979 14 1.1873895513074875e-20
3082 4980 11 2.202310151614478e-15
3082 4981 10 1.058608762414184e-13
3082 4983 8 1.8043737269675016e-10
3082 4987 10 1.058608762414184e-13
3082 4988 11 2.202310151614478e-15
3082 4990 8 1.8043737269675016e-10
3082 4995 9 4.613039420570845e-12
3082 4996 10 1.058608762414184e-13
3082 5001 10 1.058608762414184e-13
3082 5023 14 1.1873895513074875e-20
3082 5024 10 1.058608762414184e-13
3082 5025 12 4.1877328281432735e-17
3082 5026 8 1.8043737269675016e-10
3082 5027 9 4.613039420570845e-12
3082 5035 8 1.8043737269675016e-10
3082 5064 10 1.058608762414184e-13
3085 4326 17 3.33407434606454e-26
3095 5134 11 2.202310151614478e-15
3101 4849 10 1.058608762414184e-13
3108 3614 16 2.522096490509956e-24
3118 4566 10 1.058608762414184e-13
3134 4328 21 5.735651342441553e-34
3141 4109 13 7.328796240839566e-19
3141 4880 10 1.058608762414184e-13
3141 4881 35 1.4076747753565564e-63
3141 4882 31 8.611692387643213e-55
3152 4395 17 3.33407434606454e-26
3154 3458 11 2.202310151614478e-15
3159 3706 12 4.1877328281432735e-17
3160 3706 16 2.522096490509956e-24
3162 3934 13 7.328796240839566e-19
3167 4696 10 1.058608762414184e-13
3171 3722 8 1.8043737269675016e-10
3183 4787 8 1.8043737269675016e-10
3201 3702 23 5.527063077525862e-38
3201 4218 18 4.149521796920395e-28
3217 3330 8 1.8043737269675016e-10
3222 3528 9 4.613039420570845e-12
3231 4105 18 4.149521796920395e-28
3231 4106 62 7.682852235643999e-128
3231 4107 10 1.058608762414184e-13
3231 4174 13 7.328796240839566e-19
3242 3618 12 4.1877328281432735e-17
3242 3673 22 5.766279611685282e-36
3242 4126 11 2.202310151614478e-15
3243 3673 11 2.202310151614478e-15
3243 4126 20 5.428307731777517e-32
3263 4002 13 7.328796240839566e-19
3263 5087 21 5.735651342441553e-34
3267 3587 11 2.202310151614478e-15
3284 3462 19 4.877109766882907e-30
3293 4538 144 0.0
3293 4618 9 4.613039420570845e-12
3305 4902 39 1.3867821465576182e-72
3319 4948 8 1.8043737269675016e-10
3319 4949 10 1.058608762414184e-13
3319 4950 11 2.202310151614478e-15
3319 4952 16 2.522096490509956e-24
3319 4953 36 8.253843417379081e-66
3319 4954 43 8.61365012214008e-82
3326 4465 18 4.149521796920395e-28
3336 4560 30 1.243431386610445e-52
3336 4561 9 4.613039420570845e-12
3343 3648 19 4.877109766882907e-30
3348 4171 9 4.613039420570845e-12
3348 4946 9 4.613039420570845e-12
3353 4218 10 1.058608762414184e-13
3376 4748 8 1.8043737269675016e-10
3377 3715 21 5.735651342441553e-34
3389 4018 9 4.613039420570845e-12
3399 5123 21 5.735651342441553e-34
3400 5123 8 1.8043737269675016e-10
3415 5170 19 4.877109766882907e-30
3416 4300 8 1.8043737269675016e-10
3416 4744 14 1.1873895513074875e-20
3426 4241 9 4.613039420570845e-12
3442 5159 10 1.058608762414184e-13
3463 3803 10 1.058608762414184e-13
3519 3961 8 1.8043737269675016e-10
3540 3774 17 3.33407434606454e-26
3541 3774 42 1.7978392907267668e-79
3544 5248 21 5.735651342441553e-34
3549 5232 8 1.8043737269675016e-10
3550 4232 10 1.058608762414184e-13
3555 4087 14 1.1873895513074875e-20
3560 4379 11 2.202310151614478e-15
3569 4656 8 1.8043737269675016e-10
3597 3878 24 5.060505424506613e-40
3612 4861 8 1.8043737269675016e-10
3619 4515 12 4.1877328281432735e-17
3633 3949 12 4.1877328281432735e-17
3641 5234 8 1.8043737269675016e-10
3642 4667 16 2.522096490509956e-24
3644 4606 10 1.058608762414184e-13
3652 4514 9 4.613039420570845e-12
3679 4254 307 0.0
3689 4251 9 4.613039420570845e-12
3697 4988 23 5.527063077525862e-38
3700 4688 8 1.8043737269675016e-10
3715 4670 18 4.149521796920395e-28
3744 4868 12 4.1877328281432735e-17
3752 4508 13 7.328796240839566e-19
3754 4633 10 1.058608762414184e-13
3757 4875 12 4.1877328281432735e-17
3761 4379 23 5.527063077525862e-38
3766 4501 11 2.202310151614478e-15
3835 4254 8 1.8043737269675016e-10
3842 4912 11 2.202310151614478e-15
3849 5097 10 1.058608762414184e-13
3875 4065 12 4.1877328281432735e-17
3877 4711 8 1.8043737269675016e-10
3901 4809 10 1.058608762414184e-13
3913 4431 15 1.7900421038037762e-22
3917 4466 8 1.8043737269675016e-10
3930 5100 11 2.202310151614478e-15
3936 4323 12 4.1877328281432735e-17
3936 4324 8 1.8043737269675016e-10
3943 4931 8 1.8043737269675016e-10
3951 4258 14 1.1873895513074875e-20
3968 4373 10 1.058608762414184e-13
3974 4183 20 5.428307731777517e-32
3983 4924 10 1.058608762414184e-13
3993 5023 12 4.1877328281432735e-17
4031 4940 13 7.328796240839566e-19
4063 4828 22 5.766279611685282e-36
4092 4613 11 2.202310151614478e-15
4124 4611 9 4.613039420570845e-12
4124 5135 13 7.328796240839566e-19
4127 4510 11 2.202310151614478e-15
4128 4510 8 1.8043737269675016e-10
4179 5161 8 1.8043737269675016e-10
4218 4621 17 3.33407434606454e-26
4246 4739 13 7.328796240839566e-19
4254 4270 9 4.613039420570845e-12
4254 4271 9 4.613039420570845e-12
4254 4279 8 1.8043737269675016e-10
4254 4284 9 4.613039420570845e-12
4254 4292 9 4.613039420570845e-12
4254 4553 8 1.8043737269675016e-10
4254 4656 16 2.522096490509956e-24
4258 4381 11 2.202310151614478e-15
4268 4656 41 3.652341967828e-77
4268 4657 20 5.428307731777517e-32
4268 4658 9 4.613039420570845e-12
4268 4838 39 1.3867821465576182e-72
4268 4839 12 4.1877328281432735e-17
4268 4841 8 1.8043737269675016e-10
4268 4842 8 1.8043737269675016e-10
4268 4847 8 1.8043737269675016e-10
4268 4849 9 4.613039420570845e-12
4268 4852 8 1.8043737269675016e-10
4268 4854 8 1.8043737269675016e-10
4292 4704 14 1.1873895513074875e-20
4296 4548 17 3.33407434606454e-26
4296 4549 8 1.8043737269675016e-10
4303 5177 8 1.8043737269675016e-10
4306 4552 18 4.149521796920395e-28
4310 4516 8 1.8043737269675016e-10
4347 4620 12 4.1877328281432735e-17
4363 4918 21 5.735651342441553e-34
4376 4998 15 1.7900421038037762e-22
4377 4467 12 4.1877328281432735e-17
4382 4742 8 1.8043737269675016e-10
4382 4876 11 2.202310151614478e-15
4391 5277 10 1.058608762414184e-13
4436 5160 21 5.735651342441553e-34
4482 4950 23 5.527063077525862e-38
4527 4900 39 1.3867821465576182e-72
4538 4797 18 4.149521796920395e-28
4640 4689 8 1.8043737269675016e-10
4649 4954 18 4.149521796920395e-28
4684 4859 9 4.613039420570845e-12
4720 5070 9 4.613039420570845e-12
4734 5032 10 1.058608762414184e-13
4745 4953 9 4.613039420570845e-12
4749 5179 8 1.8043737269675016e-10
4908 5208 19 4.877109766882907e-30
4924 4973 21 5.735651342441553e-34
