bin1 bin2 count p_value
6 3082 24 6.425613390482504e-41
7 3082 13 2.5583816898701214e-19
8 3082 24 6.425613390482504e-41
9 3082 38 7.755756531049227e-72
9 4995 7 3.6333401908864394e-09
9 4996 30 8.695287089554803e-54
10 3082 25 5.108210256219332e-43
11 3082 25 5.108210256219332e-43
12 2882 7 3.6333401908864394e-09
12 3082 23 7.727216308217453e-39
13 3082 20 1.0076890422924905e-32
14 3082 21 9.695705764558695e-35
15 3082 10 4.7836205999182276e-14
16 3082 16 6.750766766904114e-25
17 3082 12 1.5945362532340347e-17
18 3082 11 9.138956071055273e-16
19 3082 17 8.154351474770821e-27
19 3234 11 9.138956071055273e-16
20 3082 11 9.138956071055273e-16
21 3082 19 9.933775585072831e-31
22 3082 15 5.2392068493066164e-23
23 3082 10 4.7836205999182276e-14
24 3082 11 9.138956071055273e-16
25 3082 22 8.868471616363756e-37
26 3082 10 4.7836205999182276e-14
27 3082 15 5.2392068493066164e-23
28 3082 15 5.2392068493066164e-23
29 3082 10 4.7836205999182276e-14
30 3082 10 4.7836205999182276e-14
31 3082 11 9.138956071055273e-16
32 3082 13 2.5583816898701214e-19
33 1712 16 6.750766766904114e-25
33 1713 7 3.6333401908864394e-09
33 3082 16 6.750766766904114e-25
34 3082 19 9.933775585072831e-31
35 2951 7 3.6333401908864394e-09
35 3082 10 4.7836205999182276e-14
36 3082 10 4.7836205999182276e-14
36 3671 8 9.644347272263725e-11
37 3082 11 9.138956071055273e-16
38 3082 8 9.644347272263725e-11
40 3082 9 2.268045096944943e-12
41 2823 8 9.644347272263725e-11
41 3082 11 9.138956071055273e-16
42 3082 13 2.5583816898701214e-19
43 2375 13 2.5583816898701214e-19
44 3082 8 9.644347272263725e-11
45 3082 8 9.644347272263725e-11
46 3082 7 3.6333401908864394e-09
47 3082 8 9.644347272263725e-11
48 3074 7 3.6333401908864394e-09
48 3082 12 1.5945362532340347e-17
51 3082 9 2.268045096944943e-12
53 3082 8 9.644347272263725e-11
54 3082 7 3.6333401908864394e-09
55 3082 7 3.6333401908864394e-09
56 3082 10 4.7836205999182276e-14
57 3082 9 2.268045096944943e-12
62 3082 7 3.6333401908864394e-09
66 3082 8 9.644347272263725e-11
66 3123 8 9.644347272263725e-11
67 3082 7 3.6333401908864394e-09
68 3082 7 3.6333401908864394e-09
70 3082 8 9.644347272263725e-11
72 1459 9 2.268045096944943e-12
72 3082 7 3.6333401908864394e-09
76 3082 8 9.644347272263725e-11
79 3082 7 3.6333401908864394e-09
80 3082 8 9.644347272263725e-11
85 3082 8 9.644347272263725e-11
87 3082 10 4.7836205999182276e-14
88 3082 9 2.268045096944943e-12
97 3138 10 4.7836205999182276e-14
103 3082 7 3.6333401908864394e-09
104 3082 7 3.6333401908864394e-09
106 3082 7 3.6333401908864394e-09
107 1906 7 3.6333401908864394e-09
109 3082 7 3.6333401908864394e-09
111 4916 39 3.720584550731132e-74
113 3880 7 3.6333401908864394e-09
117 930 10 4.7836205999182276e-14
117 3082 9 2.268045096944943e-12
119 3082 7 3.6333401908864394e-09
121 1208 8 9.644347272263725e-11
124 4925 7 3.6333401908864394e-09
129 724 7 3.6333401908864394e-09
130 2546 19 9.933775585072831e-31
130 3082 7 3.6333401908864394e-09
130 3832 8 9.644347272263725e-11
132 2703 15 5.2392068493066164e-23
132 2704 8 9.644347272263725e-11
133 1935 7 3.6333401908864394e-09
135 4649 8 9.644347272263725e-11
141 1569 7 3.6333401908864394e-09
148 3877 7 3.6333401908864394e-09
149 4517 7 3.6333401908864394e-09
160 4658 7 3.6333401908864394e-09
160 4659 10 4.7836205999182276e-14
167 584 8 9.644347272263725e-11
167 585 12 1.5945362532340347e-17
167 587 7 3.6333401908864394e-09
169 4870 10 4.7836205999182276e-14
179 871 15 5.2392068493066164e-23
180 401 21 9.695705764558695e-35
180 402 7 3.6333401908864394e-09
180 424 7 3.6333401908864394e-09
180 1085 13 2.5583816898701214e-19
180 1086 11 9.138956071055273e-16
180 1087 11 9.138956071055273e-16
180 1088 8 9.644347272263725e-11
180 3082 57 6.74037104954559e-118
186 1127 13 2.5583816898701214e-19
195 4181 7 3.6333401908864394e-09
196 2255 10 4.7836205999182276e-14
210 703 7 3.6333401908864394e-09
221 2137 8 9.644347272263725e-11
222 1928 31 5.434736934313406e-56
233 4289 17 8.154351474770821e-27
238 4047 7 3.6333401908864394e-09
255 1747 8 9.644347272263725e-11
260 1213 9 2.268045096944943e-12
269 3314 7 3.6333401908864394e-09
270 732 8 9.644347272263725e-11
270 3069 18 9.265448065243644e-29
271 3248 8 9.644347272263725e-11
272 1995 7 3.6333401908864394e-09
272 2397 7 3.6333401908864394e-09
273 2397 38 7.755756531049227e-72
274 2052 10 4.7836205999182276e-14
274 2397 8 9.644347272263725e-11
276 1946 10 4.7836205999182276e-14
277 660 10 4.7836205999182276e-14
277 3559 16 6.750766766904114e-25
277 3560 18 9.265448065243644e-29
287 2829 7 3.6333401908864394e-09
291 658 7 3.6333401908864394e-09
295 912 9 2.268045096944943e-12
298 1159 10 4.7836205999182276e-14
304 3910 20 1.0076890422924905e-32
308 2610 14 3.797012516459455e-21
309 2610 11 9.138956071055273e-16
309 3049 7 3.6333401908864394e-09
310 3071 7 3.6333401908864394e-09
310 4514 9 2.268045096944943e-12
318 1972 7 3.6333401908864394e-09
318 1973 10 4.7836205999182276e-14
318 3216 21 9.695705764558695e-35
325 694 7 3.6333401908864394e-09
327 2176 8 9.644347272263725e-11
328 3138 14 3.797012516459455e-21
343 4112 9 2.268045096944943e-12
347 3069 14 3.797012516459455e-21
347 4337 15 5.2392068493066164e-23
359 2377 12 1.5945362532340347e-17
365 724 7 3.6333401908864394e-09
365 1064 16 6.750766766904114e-25
365 3316 7 3.6333401908864394e-09
367 1378 7 3.6333401908864394e-09
367 3483 7 3.6333401908864394e-09
401 3082 40 1.7324577553049342e-76
401 4609 14 3.797012516459455e-21
402 3082 28 1.9893667372323313e-49
403 3082 23 7.727216308217453e-39
404 2070 7 3.6333401908864394e-09
404 3082 23 7.727216308217453e-39
404 4469 7 3.6333401908864394e-09
405 3082 24 6.425613390482504e-41
406 1101 8 9.644347272263725e-11
406 2048 7 3.6333401908864394e-09
406 2495 27 2.8382995103495003e-47
406 2496 7 3.6333401908864394e-09
406 3082 18 9.265448065243644e-29
407 3082 19 9.933775585072831e-31
408 3082 21 9.695705764558695e-35
409 3082 13 2.5583816898701214e-19
410 3082 8 9.644347272263725e-11
411 3082 12 1.5945362532340347e-17
413 3082 14 3.797012516459455e-21
414 3082 21 9.695705764558695e-35
415 3082 20 1.0076890422924905e-32
416 3082 19 9.933775585072831e-31
417 3082 20 1.0076890422924905e-32
417 3640 17 8.154351474770821e-27
418 3082 21 9.695705764558695e-35
419 3082 10 4.7836205999182276e-14
419 3583 7 3.6333401908864394e-09
420 3082 15 5.2392068493066164e-23
421 3082 11 9.138956071055273e-16
422 2607 12 1.5945362532340347e-17
422 3082 19 9.933775585072831e-31
423 3082 9 2.268045096944943e-12
424 3082 21 9.695705764558695e-35
424 3752 7 3.6333401908864394e-09
425 3082 11 9.138956071055273e-16
426 3082 16 6.750766766904114e-25
427 3082 7 3.6333401908864394e-09
428 3082 12 1.5945362532340347e-17
430 3055 10 4.7836205999182276e-14
430 3082 20 1.0076890422924905e-32
431 3082 16 6.750766766904114e-25
432 3082 19 9.933775585072831e-31
433 3082 20 1.0076890422924905e-32
435 3082 13 2.5583816898701214e-19
436 3082 16 6.750766766904114e-25
437 3082 9 2.268045096944943e-12
438 3082 7 3.6333401908864394e-09
440 3082 16 6.750766766904114e-25
441 3082 16 6.750766766904114e-25
442 2667 8 9.644347272263725e-11
443 3082 9 2.268045096944943e-12
444 3082 14 3.797012516459455e-21
444 3873 7 3.6333401908864394e-09
445 1454 7 3.6333401908864394e-09
445 3082 11 9.138956071055273e-16
445 3088 7 3.6333401908864394e-09
447 3082 8 9.644347272263725e-11
448 1168 7 3.6333401908864394e-09
449 1169 7 3.6333401908864394e-09
449 1450 7 3.6333401908864394e-09
449 2652 7 3.6333401908864394e-09
449 4511 7 3.6333401908864394e-09
451 4513 7 3.6333401908864394e-09
452 2657 7 3.6333401908864394e-09
452 4509 8 9.644347272263725e-11
452 4511 7 3.6333401908864394e-09
453 2695 7 3.6333401908864394e-09
455 2554 7 3.6333401908864394e-09
455 4215 7 3.6333401908864394e-09
455 4515 7 3.6333401908864394e-09
456 1339 8 9.644347272263725e-11
456 2691 7 3.6333401908864394e-09
456 4511 7 3.6333401908864394e-09
456 4513 9 2.268045096944943e-12
456 4514 8 9.644347272263725e-11
457 4514 10 4.7836205999182276e-14
457 4515 9 2.268045096944943e-12
457 4516 8 9.644347272263725e-11
458 4511 8 9.644347272263725e-11
458 4514 10 4.7836205999182276e-14
458 4515 8 9.644347272263725e-11
459 1942 9 2.268045096944943e-12
459 3058 7 3.6333401908864394e-09
459 4511 9 2.268045096944943e-12
459 4515 7 3.6333401908864394e-09
462 1879 9 2.268045096944943e-12
463 2656 7 3.6333401908864394e-09
465 3082 7 3.6333401908864394e-09
466 3082 9 2.268045096944943e-12
469 3082 7 3.6333401908864394e-09
472 3082 8 9.644347272263725e-11
483 1887 19 9.933775585072831e-31
487 4017 22 8.868471616363756e-37
492 2859 9 2.268045096944943e-12
493 2859 9 2.268045096944943e-12
499 3739 9 2.268045096944943e-12
507 2717 11 9.138956071055273e-16
508 2717 38 7.755756531049227e-72
508 3797 8 9.644347272263725e-11
509 2717 10 4.7836205999182276e-14
515 2438 9 2.268045096944943e-12
521 1119 7 3.6333401908864394e-09
521 1121 8 9.644347272263725e-11
532 4527 7 3.6333401908864394e-09
534 1665 18 9.265448065243644e-29
534 1666 45 2.4753442085334722e-88
534 1667 10 4.7836205999182276e-14
534 3376 7 3.6333401908864394e-09
542 1289 8 9.644347272263725e-11
542 1290 28 1.9893667372323313e-49
542 1291 13 2.5583816898701214e-19
548 4171 7 3.6333401908864394e-09
561 2159 8 9.644347272263725e-11
578 3837 10 4.7836205999182276e-14
592 3082 8 9.644347272263725e-11
593 5141 15 5.2392068493066164e-23
594 2962 21 9.695705764558695e-35
594 2963 8 9.644347272263725e-11
602 2845 12 1.5945362532340347e-17
620 2141 17 8.154351474770821e-27
622 920 21 9.695705764558695e-35
623 5163 9 2.268045096944943e-12
632 4844 18 9.265448065243644e-29
637 3766 12 1.5945362532340347e-17
638 2326 19 9.933775585072831e-31
638 3307 10 4.7836205999182276e-14
639 3307 8 9.644347272263725e-11
650 1269 12 1.5945362532340347e-17
651 1269 29 1.3405635792331993e-51
654 2645 14 3.797012516459455e-21
655 2100 8 9.644347272263725e-11
656 2211 7 3.6333401908864394e-09
656 3999 11 9.138956071055273e-16
657 3999 34 1.0728751088432057e-62
667 1478 18 9.265448065243644e-29
674 4011 16 6.750766766904114e-25
676 2176 7 3.6333401908864394e-09
683 957 22 8.868471616363756e-37
687 4635 14 3.797012516459455e-21
692 2526 9 2.268045096944943e-12
692 3477 7 3.6333401908864394e-09
695 1203 8 9.644347272263725e-11
700 4257 7 3.6333401908864394e-09
701 3305 7 3.6333401908864394e-09
702 2664 7 3.6333401908864394e-09
702 3907 25 5.108210256219332e-43
703 1668 8 9.644347272263725e-11
703 3907 20 1.0076890422924905e-32
704 1282 7 3.6333401908864394e-09
704 2560 26 3.888409282713764e-45
704 2561 20 1.0076890422924905e-32
704 3306 8 9.644347272263725e-11
707 3310 7 3.6333401908864394e-09
708 1689 8 9.644347272263725e-11
708 3311 10 4.7836205999182276e-14
709 2991 12 1.5945362532340347e-17
710 2991 13 2.5583816898701214e-19
711 3069 7 3.6333401908864394e-09
711 5112 7 3.6333401908864394e-09
716 4980 10 4.7836205999182276e-14
719 3026 10 4.7836205999182276e-14
720 1203 22 8.868471616363756e-37
724 3312 7 3.6333401908864394e-09
724 3315 7 3.6333401908864394e-09
726 3309 7 3.6333401908864394e-09
726 3310 7 3.6333401908864394e-09
726 3311 9 2.268045096944943e-12
728 3233 7 3.6333401908864394e-09
729 1642 7 3.6333401908864394e-09
729 1819 15 5.2392068493066164e-23
729 2551 7 3.6333401908864394e-09
729 3316 7 3.6333401908864394e-09
730 3314 7 3.6333401908864394e-09
730 3316 7 3.6333401908864394e-09
730 4214 8 9.644347272263725e-11
731 3310 8 9.644347272263725e-11
731 3314 8 9.644347272263725e-11
731 4248 7 3.6333401908864394e-09
732 1313 7 3.6333401908864394e-09
732 3314 7 3.6333401908864394e-09
734 2301 7 3.6333401908864394e-09
735 2299 9 2.268045096944943e-12
736 3760 8 9.644347272263725e-11
743 1384 7 3.6333401908864394e-09
754 1343 7 3.6333401908864394e-09
754 3318 7 3.6333401908864394e-09
756 3317 9 2.268045096944943e-12
756 3318 10 4.7836205999182276e-14
757 1389 10 4.7836205999182276e-14
757 1435 7 3.6333401908864394e-09
757 1995 7 3.6333401908864394e-09
757 2301 7 3.6333401908864394e-09
757 3316 9 2.268045096944943e-12
757 3317 9 2.268045096944943e-12
757 3318 15 5.2392068493066164e-23
757 3319 9 2.268045096944943e-12
758 775 13 2.5583816898701214e-19
758 1695 8 9.644347272263725e-11
758 2301 8 9.644347272263725e-11
758 3318 8 9.644347272263725e-11
758 3319 14 3.797012516459455e-21
758 4538 26 3.888409282713764e-45
765 3082 12 1.5945362532340347e-17
766 3082 18 9.265448065243644e-29
767 3082 14 3.797012516459455e-21
768 3082 15 5.2392068493066164e-23
769 3082 10 4.7836205999182276e-14
770 3082 10 4.7836205999182276e-14
770 3950 10 4.7836205999182276e-14
770 4538 8 9.644347272263725e-11
771 3082 11 9.138956071055273e-16
772 3082 9 2.268045096944943e-12
773 3082 15 5.2392068493066164e-23
774 3082 12 1.5945362532340347e-17
775 3082 19 9.933775585072831e-31
775 4538 9 2.268045096944943e-12
776 3082 15 5.2392068493066164e-23
777 3082 17 8.154351474770821e-27
778 3082 14 3.797012516459455e-21
779 3082 14 3.797012516459455e-21
780 3082 7 3.6333401908864394e-09
781 3082 11 9.138956071055273e-16
782 3082 8 9.644347272263725e-11
784 3744 8 9.644347272263725e-11
785 3082 8 9.644347272263725e-11
787 2958 7 3.6333401908864394e-09
787 3082 7 3.6333401908864394e-09
788 3082 11 9.138956071055273e-16
790 2749 8 9.644347272263725e-11
790 4432 10 4.7836205999182276e-14
791 3082 11 9.138956071055273e-16
792 3082 14 3.797012516459455e-21
794 3082 8 9.644347272263725e-11
795 3082 8 9.644347272263725e-11
796 3082 7 3.6333401908864394e-09
797 1388 27 2.8382995103495003e-47
797 3082 12 1.5945362532340347e-17
799 3082 8 9.644347272263725e-11
802 3082 12 1.5945362532340347e-17
805 3082 8 9.644347272263725e-11
806 5093 21 9.695705764558695e-35
807 3082 7 3.6333401908864394e-09
807 5093 7 3.6333401908864394e-09
808 3082 8 9.644347272263725e-11
810 3082 9 2.268045096944943e-12
811 3082 7 3.6333401908864394e-09
812 3082 11 9.138956071055273e-16
813 3082 9 2.268045096944943e-12
814 3082 13 2.5583816898701214e-19
814 3920 9 2.268045096944943e-12
815 3082 11 9.138956071055273e-16
816 3082 8 9.644347272263725e-11
818 3082 8 9.644347272263725e-11
819 3082 14 3.797012516459455e-21
820 3082 10 4.7836205999182276e-14
822 1419 10 4.7836205999182276e-14
822 3082 10 4.7836205999182276e-14
823 1419 23 7.727216308217453e-39
823 3082 16 6.750766766904114e-25
824 3082 7 3.6333401908864394e-09
826 3082 7 3.6333401908864394e-09
826 3692 7 3.6333401908864394e-09
826 3693 12 1.5945362532340347e-17
830 3828 29 1.3405635792331993e-51
832 1404 12 1.5945362532340347e-17
832 3082 7 3.6333401908864394e-09
832 3770 22 8.868471616363756e-37
834 3082 10 4.7836205999182276e-14
835 3082 7 3.6333401908864394e-09
836 2372 12 1.5945362532340347e-17
836 3082 7 3.6333401908864394e-09
837 3082 7 3.6333401908864394e-09
837 3219 7 3.6333401908864394e-09
839 3082 10 4.7836205999182276e-14
841 3082 7 3.6333401908864394e-09
845 3082 8 9.644347272263725e-11
849 3999 9 2.268045096944943e-12
859 3082 8 9.644347272263725e-11
861 3869 13 2.5583816898701214e-19
866 3082 7 3.6333401908864394e-09
867 3082 7 3.6333401908864394e-09
868 3082 8 9.644347272263725e-11
873 3082 7 3.6333401908864394e-09
875 3082 8 9.644347272263725e-11
875 3942 11 9.138956071055273e-16
876 2869 16 6.750766766904114e-25
876 3082 7 3.6333401908864394e-09
883 3082 8 9.644347272263725e-11
905 1611 10 4.7836205999182276e-14
908 1455 23 7.727216308217453e-39
911 3843 13 2.5583816898701214e-19
911 4357 7 3.6333401908864394e-09
912 3843 8 9.644347272263725e-11
917 3711 12 1.5945362532340347e-17
927 2026 24 6.425613390482504e-41
928 2026 13 2.5583816898701214e-19
931 4125 16 6.750766766904114e-25
931 4165 13 2.5583816898701214e-19
931 4429 13 2.5583816898701214e-19
932 4534 11 9.138956071055273e-16
933 1714 16 6.750766766904114e-25
934 2412 8 9.644347272263725e-11
935 1344 13 2.5583816898701214e-19
935 2474 24 6.425613390482504e-41
935 2782 7 3.6333401908864394e-09
935 3672 7 3.6333401908864394e-09
935 4516 8 9.644347272263725e-11
936 1637 7 3.6333401908864394e-09
936 2783 7 3.6333401908864394e-09
936 2784 9 2.268045096944943e-12
936 3664 7 3.6333401908864394e-09
937 2784 8 9.644347272263725e-11
937 3317 8 9.644347272263725e-11
938 1665 7 3.6333401908864394e-09
938 2784 7 3.6333401908864394e-09
941 2331 9 2.268045096944943e-12
950 1637 7 3.6333401908864394e-09
957 4121 7 3.6333401908864394e-09
957 4122 38 7.755756531049227e-72
957 4123 8 9.644347272263725e-11
961 4530 10 4.7836205999182276e-14
962 1760 7 3.6333401908864394e-09
962 4729 7 3.6333401908864394e-09
964 5098 7 3.6333401908864394e-09
967 4601 7 3.6333401908864394e-09
969 3743 8 9.644347272263725e-11
982 2193 7 3.6333401908864394e-09
990 3963 13 2.5583816898701214e-19
1013 5096 12 1.5945362532340347e-17
1023 2455 7 3.6333401908864394e-09
1032 3877 19 9.933775585072831e-31
1034 3157 7 3.6333401908864394e-09
1035 1140 27 2.8382995103495003e-47
1048 4995 11 9.138956071055273e-16
1049 2678 8 9.644347272263725e-11
1049 3436 15 5.2392068493066164e-23
1050 1652 9 2.268045096944943e-12
1050 2678 15 5.2392068493066164e-23
1051 2991 12 1.5945362532340347e-17
1060 2652 8 9.644347272263725e-11
1077 1695 8 9.644347272263725e-11
1078 1695 7 3.6333401908864394e-09
1085 1703 27 2.8382995103495003e-47
1085 2003 18 9.265448065243644e-29
1085 2309 50 1.8181888792077823e-100
1085 2310 12 1.5945362532340347e-17
1085 3082 10 4.7836205999182276e-14
1085 3569 13 2.5583816898701214e-19
1085 4061 9 2.268045096944943e-12
1086 1682 9 2.268045096944943e-12
1086 3082 27 2.8382995103495003e-47
1087 3082 18 9.265448065243644e-29
1088 3082 16 6.750766766904114e-25
1089 3082 16 6.750766766904114e-25
1090 3082 13 2.5583816898701214e-19
1091 3082 18 9.265448065243644e-29
1092 3082 17 8.154351474770821e-27
1093 3082 14 3.797012516459455e-21
1094 3082 15 5.2392068493066164e-23
1095 3082 17 8.154351474770821e-27
1096 3082 22 8.868471616363756e-37
1097 3082 13 2.5583816898701214e-19
1098 3082 16 6.750766766904114e-25
1099 3082 14 3.797012516459455e-21
1100 3082 14 3.797012516459455e-21
1101 3082 19 9.933775585072831e-31
1101 4851 15 5.2392068493066164e-23
1102 1709 7 3.6333401908864394e-09
1102 3082 15 5.2392068493066164e-23
1103 3082 11 9.138956071055273e-16
1105 3082 11 9.138956071055273e-16
1106 3082 12 1.5945362532340347e-17
1107 3082 8 9.644347272263725e-11
1108 3082 15 5.2392068493066164e-23
1109 1433 8 9.644347272263725e-11
1109 3082 13 2.5583816898701214e-19
1110 3082 8 9.644347272263725e-11
1111 3082 11 9.138956071055273e-16
1115 3082 8 9.644347272263725e-11
1116 3082 10 4.7836205999182276e-14
1117 3082 14 3.797012516459455e-21
1117 4101 7 3.6333401908864394e-09
1118 3082 14 3.797012516459455e-21
1119 2474 9 2.268045096944943e-12
1119 3082 7 3.6333401908864394e-09
1120 3082 10 4.7836205999182276e-14
1122 3082 15 5.2392068493066164e-23
1123 3082 7 3.6333401908864394e-09
1124 3082 8 9.644347272263725e-11
1125 3082 9 2.268045096944943e-12
1126 3082 10 4.7836205999182276e-14
1127 3082 9 2.268045096944943e-12
1130 3082 9 2.268045096944943e-12
1131 3082 8 9.644347272263725e-11
1140 3082 7 3.6333401908864394e-09
1140 4669 15 5.2392068493066164e-23
1141 3082 7 3.6333401908864394e-09
1144 3082 12 1.5945362532340347e-17
1144 4031 7 3.6333401908864394e-09
1145 1653 12 1.5945362532340347e-17
1146 3082 7 3.6333401908864394e-09
1147 3082 9 2.268045096944943e-12
1148 3082 12 1.5945362532340347e-17
1149 3082 8 9.644347272263725e-11
1155 3082 8 9.644347272263725e-11
1158 3597 7 3.6333401908864394e-09
1159 3082 9 2.268045096944943e-12
1161 3082 8 9.644347272263725e-11
1161 4602 15 5.2392068493066164e-23
1161 4603 7 3.6333401908864394e-09
1165 3028 12 1.5945362532340347e-17
1167 3082 11 9.138956071055273e-16
1167 4553 7 3.6333401908864394e-09
1168 1438 7 3.6333401908864394e-09
1168 3082 8 9.644347272263725e-11
1168 4721 7 3.6333401908864394e-09
1170 3082 7 3.6333401908864394e-09
1172 3309 7 3.6333401908864394e-09
1176 3082 7 3.6333401908864394e-09
1183 4913 10 4.7836205999182276e-14
1210 1491 7 3.6333401908864394e-09
1216 3394 8 9.644347272263725e-11
1217 3164 7 3.6333401908864394e-09
1218 3273 8 9.644347272263725e-11
1221 4850 17 8.154351474770821e-27
1221 4851 11 9.138956071055273e-16
1228 3353 7 3.6333401908864394e-09
1249 3258 8 9.644347272263725e-11
1275 1522 8 9.644347272263725e-11
1276 5119 12 1.5945362532340347e-17
1291 3468 10 4.7836205999182276e-14
1293 4328 7 3.6333401908864394e-09
1295 2832 7 3.6333401908864394e-09
1296 2832 7 3.6333401908864394e-09
1306 3165 8 9.644347272263725e-11
1308 2698 15 5.2392068493066164e-23
1311 2566 8 9.644347272263725e-11
1312 3428 8 9.644347272263725e-11
1312 4382 9 2.268045096944943e-12
1312 4571 7 3.6333401908864394e-09
1317 3195 15 5.2392068493066164e-23
1320 5150 7 3.6333401908864394e-09
1324 3586 8 9.644347272263725e-11
1325 4772 7 3.6333401908864394e-09
1328 2556 7 3.6333401908864394e-09
1328 2557 7 3.6333401908864394e-09
1329 2552 7 3.6333401908864394e-09
1330 2552 7 3.6333401908864394e-09
1330 2554 7 3.6333401908864394e-09
1335 3672 7 3.6333401908864394e-09
1336 3673 7 3.6333401908864394e-09
1337 1623 7 3.6333401908864394e-09
1337 4214 7 3.6333401908864394e-09
1339 3311 7 3.6333401908864394e-09
1341 3920 8 9.644347272263725e-11
1342 3661 7 3.6333401908864394e-09
1343 4297 16 6.750766766904114e-25
1345 4721 7 3.6333401908864394e-09
1348 2783 7 3.6333401908864394e-09
1349 4839 9 2.268045096944943e-12
1350 1622 7 3.6333401908864394e-09
1350 2554 7 3.6333401908864394e-09
1350 3314 7 3.6333401908864394e-09
1350 4513 7 3.6333401908864394e-09
1353 1475 17 8.154351474770821e-27
1353 1476 16 6.750766766904114e-25
1353 4519 8 9.644347272263725e-11
1356 1635 8 9.644347272263725e-11
1358 1622 7 3.6333401908864394e-09
1359 4212 8 9.644347272263725e-11
1360 2783 9 2.268045096944943e-12
1360 3082 9 2.268045096944943e-12
1361 2548 7 3.6333401908864394e-09
1367 1942 8 9.644347272263725e-11
1367 4306 28 1.9893667372323313e-49
1368 4306 10 4.7836205999182276e-14
1372 1814 8 9.644347272263725e-11
1372 3360 8 9.644347272263725e-11
1372 4536 8 9.644347272263725e-11
1374 4259 7 3.6333401908864394e-09
1375 1616 7 3.6333401908864394e-09
1376 1633 7 3.6333401908864394e-09
1376 4721 8 9.644347272263725e-11
1377 1619 8 9.644347272263725e-11
1377 1624 10 4.7836205999182276e-14
1377 2555 7 3.6333401908864394e-09
1378 1624 7 3.6333401908864394e-09
1378 1628 7 3.6333401908864394e-09
1378 2554 7 3.6333401908864394e-09
1378 2688 7 3.6333401908864394e-09
1381 1617 7 3.6333401908864394e-09
1381 1626 7 3.6333401908864394e-09
1381 1681 7 3.6333401908864394e-09
1381 2272 7 3.6333401908864394e-09
1382 1627 8 9.644347272263725e-11
1382 1628 8 9.644347272263725e-11
1387 4721 7 3.6333401908864394e-09
1388 3309 7 3.6333401908864394e-09
1388 4007 7 3.6333401908864394e-09
1388 4008 27 2.8382995103495003e-47
1388 4235 8 9.644347272263725e-11
1388 4721 10 4.7836205999182276e-14
1389 2301 7 3.6333401908864394e-09
1389 3317 7 3.6333401908864394e-09
1389 3318 9 2.268045096944943e-12
1389 4721 53 7.081382337372356e-108
1390 4721 7 3.6333401908864394e-09
1397 3082 19 9.933775585072831e-31
1397 3569 8 9.644347272263725e-11
1398 2454 17 8.154351474770821e-27
1398 3082 19 9.933775585072831e-31
1399 3082 11 9.138956071055273e-16
1400 3082 15 5.2392068493066164e-23
1402 3082 12 1.5945362532340347e-17
1403 3082 8 9.644347272263725e-11
1405 3082 9 2.268045096944943e-12
1406 2930 9 2.268045096944943e-12
1406 3082 10 4.7836205999182276e-14
1408 3082 11 9.138956071055273e-16
1409 3082 10 4.7836205999182276e-14
1410 3082 8 9.644347272263725e-11
1411 3082 8 9.644347272263725e-11
1416 3082 10 4.7836205999182276e-14
1417 3082 16 6.750766766904114e-25
1418 3082 8 9.644347272263725e-11
1419 3082 9 2.268045096944943e-12
1422 3082 13 2.5583816898701214e-19
1423 3082 12 1.5945362532340347e-17
1424 3082 16 6.750766766904114e-25
1425 3082 11 9.138956071055273e-16
1426 3082 8 9.644347272263725e-11
1427 3082 10 4.7836205999182276e-14
1428 3082 9 2.268045096944943e-12
1429 3082 9 2.268045096944943e-12
1431 3082 15 5.2392068493066164e-23
1433 3082 14 3.797012516459455e-21
1433 4043 11 9.138956071055273e-16
1434 3082 7 3.6333401908864394e-09
1435 3082 7 3.6333401908864394e-09
1436 3363 9 2.268045096944943e-12
1440 3082 9 2.268045096944943e-12
1447 3082 9 2.268045096944943e-12
1448 3082 12 1.5945362532340347e-17
1450 2991 7 3.6333401908864394e-09
1450 3082 9 2.268045096944943e-12
1450 3311 11 9.138956071055273e-16
1451 3082 7 3.6333401908864394e-09
1452 3082 9 2.268045096944943e-12
1453 2056 7 3.6333401908864394e-09
1454 3082 7 3.6333401908864394e-09
1454 4516 7 3.6333401908864394e-09
1456 3082 19 9.933775585072831e-31
1456 3743 15 5.2392068493066164e-23
1457 3082 65 2.1320295534255447e-138
1457 4254 8 9.644347272263725e-11
1458 3082 7 3.6333401908864394e-09
1459 3082 7 3.6333401908864394e-09
1460 3082 7 3.6333401908864394e-09
1462 2969 13 2.5583816898701214e-19
1465 2006 7 3.6333401908864394e-09
1465 2007 22 8.868471616363756e-37
1465 3082 9 2.268045096944943e-12
1467 2983 10 4.7836205999182276e-14
1469 4306 9 2.268045096944943e-12
1474 5115 9 2.268045096944943e-12
1475 3082 7 3.6333401908864394e-09
1478 2439 8 9.644347272263725e-11
1480 3780 9 2.268045096944943e-12
1488 2493 7 3.6333401908864394e-09
1492 1860 7 3.6333401908864394e-09
1494 1836 7 3.6333401908864394e-09
1502 4721 7 3.6333401908864394e-09
1540 3048 21 9.695705764558695e-35
1541 3048 57 6.74037104954559e-118
1541 3191 14 3.797012516459455e-21
1542 3048 12 1.5945362532340347e-17
1547 2330 12 1.5945362532340347e-17
1550 4268 11 9.138956071055273e-16
1554 2456 7 3.6333401908864394e-09
1555 4084 7 3.6333401908864394e-09
1567 3526 11 9.138956071055273e-16
1572 2731 17 8.154351474770821e-27
1572 2732 8 9.644347272263725e-11
1576 4272 25 5.108210256219332e-43
1584 5220 9 2.268045096944943e-12
1588 5266 7 3.6333401908864394e-09
1618 2783 7 3.6333401908864394e-09
1619 3311 7 3.6333401908864394e-09
1620 3221 7 3.6333401908864394e-09
1620 4253 7 3.6333401908864394e-09
1621 3221 12 1.5945362532340347e-17
1621 4333 7 3.6333401908864394e-09
1622 3266 7 3.6333401908864394e-09
1623 3278 7 3.6333401908864394e-09
1623 3314 7 3.6333401908864394e-09
1626 1990 7 3.6333401908864394e-09
1626 2686 8 9.644347272263725e-11
1626 4514 7 3.6333401908864394e-09
1628 3195 7 3.6333401908864394e-09
1632 2979 7 3.6333401908864394e-09
1632 4520 7 3.6333401908864394e-09
1633 2549 7 3.6333401908864394e-09
1634 3274 10 4.7836205999182276e-14
1636 4526 7 3.6333401908864394e-09
1646 4183 11 9.138956071055273e-16
1651 3547 7 3.6333401908864394e-09
1652 3873 30 8.695287089554803e-54
1652 3874 18 9.265448065243644e-29
1652 4507 34 1.0728751088432057e-62
1652 4508 8 9.644347272263725e-11
1655 1706 7 3.6333401908864394e-09
1663 1705 14 3.797012516459455e-21
1664 2209 8 9.644347272263725e-11
1664 3491 7 3.6333401908864394e-09
1668 1914 7 3.6333401908864394e-09
1668 4369 8 9.644347272263725e-11
1668 4721 7 3.6333401908864394e-09
1672 3491 7 3.6333401908864394e-09
1679 3492 7 3.6333401908864394e-09
1682 2655 8 9.644347272263725e-11
1682 5091 13 2.5583816898701214e-19
1684 2650 13 2.5583816898701214e-19
1685 2838 18 9.265448065243644e-29
1685 3293 15 5.2392068493066164e-23
1685 4531 7 3.6333401908864394e-09
1685 4538 91 9.745182711227139e-209
1689 3548 7 3.6333401908864394e-09
1690 2448 16 6.750766766904114e-25
1690 2528 8 9.644347272263725e-11
1691 2529 8 9.644347272263725e-11
1691 2557 7 3.6333401908864394e-09
1692 3290 8 9.644347272263725e-11
1693 3291 7 3.6333401908864394e-09
1693 3302 8 9.644347272263725e-11
1694 5280 7 3.6333401908864394e-09
1695 3075 10 4.7836205999182276e-14
1703 2309 8 9.644347272263725e-11
1703 3082 26 3.888409282713764e-45
1703 3293 10 4.7836205999182276e-14
1703 3569 8 9.644347272263725e-11
1703 4061 7 3.6333401908864394e-09
1703 4268 21 9.695705764558695e-35
1703 4538 127 0.0
1703 4656 12 1.5945362532340347e-17
1704 2708 13 2.5583816898701214e-19
1704 3082 26 3.888409282713764e-45
1704 4268 8 9.644347272263725e-11
1705 3082 20 1.0076890422924905e-32
1706 3082 16 6.750766766904114e-25
1707 3082 19 9.933775585072831e-31
1708 3082 12 1.5945362532340347e-17
1708 3676 12 1.5945362532340347e-17
1709 3082 16 6.750766766904114e-25
1710 3082 15 5.2392068493066164e-23
1710 4995 7 3.6333401908864394e-09
1711 3082 16 6.750766766904114e-25
1711 4576 12 1.5945362532340347e-17
1712 2647 7 3.6333401908864394e-09
1712 3082 14 3.797012516459455e-21
1713 3082 19 9.933775585072831e-31
1713 4157 10 4.7836205999182276e-14
1714 3082 15 5.2392068493066164e-23
1714 4299 11 9.138956071055273e-16
1715 3082 9 2.268045096944943e-12
1718 3082 9 2.268045096944943e-12
1719 3082 11 9.138956071055273e-16
1720 2413 7 3.6333401908864394e-09
1720 3082 16 6.750766766904114e-25
1721 3082 7 3.6333401908864394e-09
1722 3082 11 9.138956071055273e-16
1723 3082 8 9.644347272263725e-11
1724 3082 16 6.750766766904114e-25
1725 3082 11 9.138956071055273e-16
1726 3082 12 1.5945362532340347e-17
1727 3082 9 2.268045096944943e-12
1728 3082 10 4.7836205999182276e-14
1729 3082 12 1.5945362532340347e-17
1730 3082 12 1.5945362532340347e-17
1731 3082 11 9.138956071055273e-16
1732 2372 11 9.138956071055273e-16
1732 2373 11 9.138956071055273e-16
1732 3082 15 5.2392068493066164e-23
1733 3082 10 4.7836205999182276e-14
1733 4755 9 2.268045096944943e-12
1734 3082 11 9.138956071055273e-16
1736 3082 7 3.6333401908864394e-09
1736 5037 7 3.6333401908864394e-09
1738 3082 10 4.7836205999182276e-14
1739 3082 8 9.644347272263725e-11
1740 3082 16 6.750766766904114e-25
1741 3082 8 9.644347272263725e-11
1742 3082 9 2.268045096944943e-12
1743 3082 11 9.138956071055273e-16
1744 3082 8 9.644347272263725e-11
1745 3082 9 2.268045096944943e-12
1746 3082 10 4.7836205999182276e-14
1748 3082 15 5.2392068493066164e-23
1749 2364 11 9.138956071055273e-16
1750 2364 9 2.268045096944943e-12
1750 3082 8 9.644347272263725e-11
1751 3082 7 3.6333401908864394e-09
1753 3082 13 2.5583816898701214e-19
1754 3082 13 2.5583816898701214e-19
1755 3082 11 9.138956071055273e-16
1756 3082 8 9.644347272263725e-11
1757 3082 7 3.6333401908864394e-09
1757 3084 9 2.268045096944943e-12
1757 4517 9 2.268045096944943e-12
1758 2693 7 3.6333401908864394e-09
1758 3082 8 9.644347272263725e-11
1758 3292 7 3.6333401908864394e-09
1758 3846 7 3.6333401908864394e-09
1758 4079 7 3.6333401908864394e-09
1759 3082 8 9.644347272263725e-11
1762 3082 10 4.7836205999182276e-14
1763 3082 10 4.7836205999182276e-14
1763 3633 7 3.6333401908864394e-09
1764 3082 9 2.268045096944943e-12
1765 3082 9 2.268045096944943e-12
1766 3082 8 9.644347272263725e-11
1767 3082 9 2.268045096944943e-12
1768 3082 8 9.644347272263725e-11
1769 3082 7 3.6333401908864394e-09
1770 3082 8 9.644347272263725e-11
1771 3374 7 3.6333401908864394e-09
1771 3375 30 8.695287089554803e-54
1772 3082 8 9.644347272263725e-11
1773 3082 10 4.7836205999182276e-14
1774 3082 14 3.797012516459455e-21
1775 3082 11 9.138956071055273e-16
1793 3082 7 3.6333401908864394e-09
1797 4566 14 3.797012516459455e-21
1800 3082 9 2.268045096944943e-12
1801 3082 11 9.138956071055273e-16
1804 4948 22 8.868471616363756e-37
1810 3082 7 3.6333401908864394e-09
1810 3660 27 2.8382995103495003e-47
1810 4325 17 8.154351474770821e-27
1813 2258 9 2.268045096944943e-12
1829 3168 23 7.727216308217453e-39
1829 3169 8 9.644347272263725e-11
1830 4831 10 4.7836205999182276e-14
1831 4209 7 3.6333401908864394e-09
1831 4831 42 3.443468637261078e-81
1832 4831 16 6.750766766904114e-25
1837 4886 12 1.5945362532340347e-17
1837 4887 58 1.9899709762177364e-120
1837 4888 10 4.7836205999182276e-14
1839 3082 7 3.6333401908864394e-09
1841 2832 7 3.6333401908864394e-09
1843 3548 9 2.268045096944943e-12
1843 3549 7 3.6333401908864394e-09
1845 4078 10 4.7836205999182276e-14
1849 4358 11 9.138956071055273e-16
1851 2641 9 2.268045096944943e-12
1858 2812 8 9.644347272263725e-11
1866 3082 7 3.6333401908864394e-09
1868 2325 10 4.7836205999182276e-14
1879 2206 26 3.888409282713764e-45
1880 4890 18 9.265448065243644e-29
1910 5034 12 1.5945362532340347e-17
1914 4369 30 8.695287089554803e-54
1921 3289 12 1.5945362532340347e-17
1926 3532 7 3.6333401908864394e-09
1926 3704 13 2.5583816898701214e-19
1927 4436 7 3.6333401908864394e-09
1927 5134 14 3.797012516459455e-21
1938 3495 7 3.6333401908864394e-09
1939 3307 7 3.6333401908864394e-09
1946 2743 15 5.2392068493066164e-23
1953 2928 7 3.6333401908864394e-09
1954 4587 8 9.644347272263725e-11
1963 2378 13 2.5583816898701214e-19
1963 2379 19 9.933775585072831e-31
1971 3303 7 3.6333401908864394e-09
1978 3879 15 5.2392068493066164e-23
1988 3521 7 3.6333401908864394e-09
1991 2462 7 3.6333401908864394e-09
1991 2858 17 8.154351474770821e-27
1991 2990 36 3.074123550723011e-67
1995 2967 7 3.6333401908864394e-09
2003 3082 61 4.492704460399727e-128
2003 4254 10 4.7836205999182276e-14
2003 4465 8 9.644347272263725e-11
2004 3082 21 9.695705764558695e-35
2005 3082 21 9.695705764558695e-35
2006 3082 23 7.727216308217453e-39
2007 3082 16 6.750766766904114e-25
2008 3082 12 1.5945362532340347e-17
2009 3082 29 1.3405635792331993e-51
2010 3082 26 3.888409282713764e-45
2010 4254 7 3.6333401908864394e-09
2011 2814 21 9.695705764558695e-35
2011 3082 17 8.154351474770821e-27
2011 5287 18 9.265448065243644e-29
2019 3082 7 3.6333401908864394e-09
2021 3082 7 3.6333401908864394e-09
2022 3082 11 9.138956071055273e-16
2023 3082 22 8.868471616363756e-37
2024 3082 19 9.933775585072831e-31
2029 3082 8 9.644347272263725e-11
2030 3082 14 3.797012516459455e-21
2031 3049 9 2.268045096944943e-12
2031 3082 12 1.5945362532340347e-17
2031 3875 11 9.138956071055273e-16
2032 3082 12 1.5945362532340347e-17
2033 3082 8 9.644347272263725e-11
2034 3082 7 3.6333401908864394e-09
2036 3082 12 1.5945362532340347e-17
2044 3082 7 3.6333401908864394e-09
2044 3221 7 3.6333401908864394e-09
2046 2391 15 5.2392068493066164e-23
2046 2392 16 6.750766766904114e-25
2046 3082 9 2.268045096944943e-12
2047 3082 11 9.138956071055273e-16
2048 3082 8 9.644347272263725e-11
2049 3082 16 6.750766766904114e-25
2050 3082 9 2.268045096944943e-12
2052 3037 7 3.6333401908864394e-09
2052 3082 8 9.644347272263725e-11
2054 3082 8 9.644347272263725e-11
2055 2627 8 9.644347272263725e-11
2056 3084 7 3.6333401908864394e-09
2056 3085 7 3.6333401908864394e-09
2056 3353 10 4.7836205999182276e-14
2057 3082 10 4.7836205999182276e-14
2057 3084 8 9.644347272263725e-11
2057 3085 7 3.6333401908864394e-09
2058 2330 7 3.6333401908864394e-09
2058 3082 7 3.6333401908864394e-09
2060 3082 12 1.5945362532340347e-17
2066 3264 8 9.644347272263725e-11
2069 3082 8 9.644347272263725e-11
2091 4986 10 4.7836205999182276e-14
2097 4282 7 3.6333401908864394e-09
2098 3082 8 9.644347272263725e-11
2101 2976 8 9.644347272263725e-11
2101 2977 7 3.6333401908864394e-09
2101 4839 8 9.644347272263725e-11
2102 3082 7 3.6333401908864394e-09
2139 3914 9 2.268045096944943e-12
2158 3330 9 2.268045096944943e-12
2169 4913 7 3.6333401908864394e-09
2170 4214 11 9.138956071055273e-16
2171 5286 11 9.138956071055273e-16
2174 2871 12 1.5945362532340347e-17
2178 2409 9 2.268045096944943e-12
2183 3951 7 3.6333401908864394e-09
2183 4072 21 9.695705764558695e-35
2184 3951 15 5.2392068493066164e-23
2185 3951 7 3.6333401908864394e-09
2189 2322 16 6.750766766904114e-25
2189 4647 23 7.727216308217453e-39
2189 4648 7 3.6333401908864394e-09
2196 3261 15 5.2392068493066164e-23
2201 2426 11 9.138956071055273e-16
2204 4400 19 9.933775585072831e-31
2205 4875 9 2.268045096944943e-12
2215 2661 16 6.750766766904114e-25
2218 3360 8 9.644347272263725e-11
2220 3560 21 9.695705764558695e-35
2220 4081 8 9.644347272263725e-11
2229 3177 7 3.6333401908864394e-09
2232 2917 11 9.138956071055273e-16
2239 2922 33 1.9072523558492516e-60
2255 2969 11 9.138956071055273e-16
2264 3679 14 3.797012516459455e-21
2265 2449 7 3.6333401908864394e-09
2265 3316 7 3.6333401908864394e-09
2265 4259 7 3.6333401908864394e-09
2266 4254 7 3.6333401908864394e-09
2268 4922 33 1.9072523558492516e-60
2269 3278 12 1.5945362532340347e-17
2271 4295 11 9.138956071055273e-16
2293 4591 8 9.644347272263725e-11
2295 2552 7 3.6333401908864394e-09
2300 2562 7 3.6333401908864394e-09
2301 2806 8 9.644347272263725e-11
2301 3317 8 9.644347272263725e-11
2301 3318 9 2.268045096944943e-12
2301 4260 7 3.6333401908864394e-09
2301 4261 7 3.6333401908864394e-09
2301 4925 7 3.6333401908864394e-09
2309 3082 62 1.2166138569655334e-130
2309 4254 12 1.5945362532340347e-17
2310 3082 40 1.7324577553049342e-76
2310 4254 9 2.268045096944943e-12
2310 4538 110 0.0
2311 2651 7 3.6333401908864394e-09
2311 2652 17 8.154351474770821e-27
2311 3082 22 8.868471616363756e-37
2311 3860 12 1.5945362532340347e-17
2312 3082 26 3.888409282713764e-45
2312 3569 10 4.7836205999182276e-14
2313 3082 14 3.797012516459455e-21
2314 3082 14 3.797012516459455e-21
2314 3842 25 5.108210256219332e-43
2314 3843 7 3.6333401908864394e-09
2315 3082 14 3.797012516459455e-21
2316 3082 12 1.5945362532340347e-17
2317 3082 10 4.7836205999182276e-14
2318 3082 19 9.933775585072831e-31
2319 3082 18 9.265448065243644e-29
2320 3082 26 3.888409282713764e-45
2320 4254 9 2.268045096944943e-12
2321 3082 36 3.074123550723011e-67
2322 3082 19 9.933775585072831e-31
2323 3082 19 9.933775585072831e-31
2324 3082 20 1.0076890422924905e-32
2324 5249 7 3.6333401908864394e-09
2325 3082 18 9.265448065243644e-29
2326 3082 16 6.750766766904114e-25
2326 3084 7 3.6333401908864394e-09
2327 3082 13 2.5583816898701214e-19
2328 3082 13 2.5583816898701214e-19
2328 3088 7 3.6333401908864394e-09
2329 3082 12 1.5945362532340347e-17
2330 3082 15 5.2392068493066164e-23
2331 3082 19 9.933775585072831e-31
2332 3082 18 9.265448065243644e-29
2333 3082 12 1.5945362532340347e-17
2334 3082 12 1.5945362532340347e-17
2336 3082 10 4.7836205999182276e-14
2338 3082 10 4.7836205999182276e-14
2339 3082 15 5.2392068493066164e-23
2340 3082 16 6.750766766904114e-25
2341 3082 12 1.5945362532340347e-17
2349 3082 19 9.933775585072831e-31
2350 3082 16 6.750766766904114e-25
2351 3082 12 1.5945362532340347e-17
2352 3082 10 4.7836205999182276e-14
2353 3082 15 5.2392068493066164e-23
2354 3082 9 2.268045096944943e-12
2355 3082 12 1.5945362532340347e-17
2356 3082 10 4.7836205999182276e-14
2357 3082 14 3.797012516459455e-21
2358 3082 10 4.7836205999182276e-14
2359 3082 17 8.154351474770821e-27
2359 3418 8 9.644347272263725e-11
2360 3082 9 2.268045096944943e-12
2365 3082 8 9.644347272263725e-11
2367 3082 10 4.7836205999182276e-14
2369 3082 10 4.7836205999182276e-14
2371 3082 7 3.6333401908864394e-09
2372 3082 8 9.644347272263725e-11
2372 4190 8 9.644347272263725e-11
2373 3082 16 6.750766766904114e-25
2373 5252 16 6.750766766904114e-25
2374 3082 12 1.5945362532340347e-17
2375 3082 11 9.138956071055273e-16
2377 3082 9 2.268045096944943e-12
2378 3082 8 9.644347272263725e-11
2385 4389 9 2.268045096944943e-12
2386 3082 8 9.644347272263725e-11
2387 3082 10 4.7836205999182276e-14
2388 3585 7 3.6333401908864394e-09
2391 3082 8 9.644347272263725e-11
2395 3082 9 2.268045096944943e-12
2396 3082 10 4.7836205999182276e-14
2397 3082 7 3.6333401908864394e-09
2398 3082 7 3.6333401908864394e-09
2401 3082 10 4.7836205999182276e-14
2401 3571 13 2.5583816898701214e-19
2402 3082 9 2.268045096944943e-12
2408 4672 9 2.268045096944943e-12
2434 4499 10 4.7836205999182276e-14
2441 2844 11 9.138956071055273e-16
2450 4329 8 9.644347272263725e-11
2451 4778 9 2.268045096944943e-12
2458 3907 22 8.868471616363756e-37
2459 4738 7 3.6333401908864394e-09
2463 3562 7 3.6333401908864394e-09
2474 4516 7 3.6333401908864394e-09
2477 2677 9 2.268045096944943e-12
2478 2677 35 5.837204452428847e-65
2481 5239 7 3.6333401908864394e-09
2494 3214 18 9.265448065243644e-29
2503 3429 8 9.644347272263725e-11
2506 3906 9 2.268045096944943e-12
2510 3424 9 2.268045096944943e-12
2511 3424 18 9.265448065243644e-29
2520 2928 8 9.644347272263725e-11
2520 2930 31 5.434736934313406e-56
2520 2931 100 2.821221657993626e-234
2520 2932 11 9.138956071055273e-16
2520 4550 8 9.644347272263725e-11
2521 5065 10 4.7836205999182276e-14
2548 3228 7 3.6333401908864394e-09
2548 4554 8 9.644347272263725e-11
2549 2780 8 9.644347272263725e-11
2549 3306 7 3.6333401908864394e-09
2553 4214 7 3.6333401908864394e-09
2554 3329 25 5.108210256219332e-43
2557 3306 7 3.6333401908864394e-09
2559 3183 8 9.644347272263725e-11
2565 4649 24 6.425613390482504e-41
2566 3075 8 9.644347272263725e-11
2566 4649 42 3.443468637261078e-81
2566 4954 9 2.268045096944943e-12
2573 3082 28 1.9893667372323313e-49
2574 3082 22 8.868471616363756e-37
2574 4540 10 4.7836205999182276e-14
2575 3082 23 7.727216308217453e-39
2576 3082 12 1.5945362532340347e-17
2577 3082 16 6.750766766904114e-25
2578 3082 15 5.2392068493066164e-23
2578 3496 12 1.5945362532340347e-17
2578 3498 10 4.7836205999182276e-14
2579 3082 13 2.5583816898701214e-19
2580 3082 8 9.644347272263725e-11
2581 3082 18 9.265448065243644e-29
2582 3082 19 9.933775585072831e-31
2583 3082 24 6.425613390482504e-41
2584 3082 17 8.154351474770821e-27
2585 3082 17 8.154351474770821e-27
2586 3082 12 1.5945362532340347e-17
2587 3082 16 6.750766766904114e-25
2588 3082 13 2.5583816898701214e-19
2589 3082 17 8.154351474770821e-27
2590 3082 18 9.265448065243644e-29
2591 3082 16 6.750766766904114e-25
2592 3082 17 8.154351474770821e-27
2593 3082 21 9.695705764558695e-35
2594 3082 18 9.265448065243644e-29
2595 3082 13 2.5583816898701214e-19
2596 3082 9 2.268045096944943e-12
2597 3082 21 9.695705764558695e-35
2598 3082 10 4.7836205999182276e-14
2601 3082 15 5.2392068493066164e-23
2602 3082 14 3.797012516459455e-21
2603 3082 14 3.797012516459455e-21
2604 3082 8 9.644347272263725e-11
2604 4247 12 1.5945362532340347e-17
2605 3082 13 2.5583816898701214e-19
2605 5117 12 1.5945362532340347e-17
2606 3082 9 2.268045096944943e-12
2607 3082 19 9.933775585072831e-31
2608 3082 12 1.5945362532340347e-17
2608 4719 19 9.933775585072831e-31
2609 3082 7 3.6333401908864394e-09
2610 3082 14 3.797012516459455e-21
2610 4846 7 3.6333401908864394e-09
2611 3082 8 9.644347272263725e-11
2612 3082 10 4.7836205999182276e-14
2614 3466 7 3.6333401908864394e-09
2614 3554 7 3.6333401908864394e-09
2615 3082 9 2.268045096944943e-12
2617 3082 12 1.5945362532340347e-17
2618 3082 10 4.7836205999182276e-14
2620 3082 13 2.5583816898701214e-19
2624 3082 10 4.7836205999182276e-14
2625 3082 9 2.268045096944943e-12
2627 3082 11 9.138956071055273e-16
2628 2827 11 9.138956071055273e-16
2628 3082 8 9.644347272263725e-11
2629 3082 8 9.644347272263725e-11
2630 3082 8 9.644347272263725e-11
2632 3082 12 1.5945362532340347e-17
2633 3082 8 9.644347272263725e-11
2635 3082 9 2.268045096944943e-12
2636 3082 7 3.6333401908864394e-09
2637 3082 11 9.138956071055273e-16
2640 3082 9 2.268045096944943e-12
2641 3082 7 3.6333401908864394e-09
2645 3082 7 3.6333401908864394e-09
2646 3082 13 2.5583816898701214e-19
2647 3082 14 3.797012516459455e-21
2647 4155 7 3.6333401908864394e-09
2647 4156 17 8.154351474770821e-27
2648 3082 13 2.5583816898701214e-19
2648 4665 7 3.6333401908864394e-09
2649 3082 7 3.6333401908864394e-09
2658 3644 7 3.6333401908864394e-09
2659 3082 8 9.644347272263725e-11
2660 3082 7 3.6333401908864394e-09
2663 4677 7 3.6333401908864394e-09
2670 3082 7 3.6333401908864394e-09
2674 3082 8 9.644347272263725e-11
2676 4508 7 3.6333401908864394e-09
2681 2974 7 3.6333401908864394e-09
2681 3569 8 9.644347272263725e-11
2682 4328 7 3.6333401908864394e-09
2690 4511 7 3.6333401908864394e-09
2693 3082 7 3.6333401908864394e-09
2695 3280 7 3.6333401908864394e-09
2696 4841 7 3.6333401908864394e-09
2696 5220 19 9.933775585072831e-31
2697 4216 9 2.268045096944943e-12
2698 4839 7 3.6333401908864394e-09
2702 4629 17 8.154351474770821e-27
2706 4841 7 3.6333401908864394e-09
2708 4841 7 3.6333401908864394e-09
2713 5149 14 3.797012516459455e-21
2724 3118 12 1.5945362532340347e-17
2726 5149 9 2.268045096944943e-12
2729 4587 10 4.7836205999182276e-14
2732 3641 25 5.108210256219332e-43
2742 4388 18 9.265448065243644e-29
2756 2920 7 3.6333401908864394e-09
2777 3075 7 3.6333401908864394e-09
2780 4353 21 9.695705764558695e-35
2782 3270 8 9.644347272263725e-11
2784 4451 7 3.6333401908864394e-09
2795 3074 12 1.5945362532340347e-17
2803 4361 40 1.7324577553049342e-76
2803 4362 8 9.644347272263725e-11
2806 4634 7 3.6333401908864394e-09
2814 5287 13 2.5583816898701214e-19
2822 3082 12 1.5945362532340347e-17
2822 3421 11 9.138956071055273e-16
2822 3569 7 3.6333401908864394e-09
2823 3082 9 2.268045096944943e-12
2824 3082 11 9.138956071055273e-16
2825 3082 9 2.268045096944943e-12
2826 3082 11 9.138956071055273e-16
2827 3082 11 9.138956071055273e-16
2828 3082 20 1.0076890422924905e-32
2829 3082 30 8.695287089554803e-54
2830 3082 20 1.0076890422924905e-32
2831 3082 12 1.5945362532340347e-17
2832 3082 12 1.5945362532340347e-17
2833 3082 12 1.5945362532340347e-17
2835 3082 7 3.6333401908864394e-09
2836 3082 10 4.7836205999182276e-14
2837 3082 13 2.5583816898701214e-19
2838 3082 14 3.797012516459455e-21
2838 4538 9 2.268045096944943e-12
2840 3082 18 9.265448065243644e-29
2841 3082 15 5.2392068493066164e-23
2842 3082 16 6.750766766904114e-25
2842 3168 7 3.6333401908864394e-09
2842 3512 8 9.644347272263725e-11
2843 3082 16 6.750766766904114e-25
2844 3082 14 3.797012516459455e-21
2845 3082 8 9.644347272263725e-11
2847 3082 15 5.2392068493066164e-23
2847 3110 14 3.797012516459455e-21
2849 3082 11 9.138956071055273e-16
2850 3082 13 2.5583816898701214e-19
2850 4905 12 1.5945362532340347e-17
2851 3082 14 3.797012516459455e-21
2852 3082 12 1.5945362532340347e-17
2853 3082 11 9.138956071055273e-16
2854 3082 9 2.268045096944943e-12
2855 3082 10 4.7836205999182276e-14
2857 3082 8 9.644347272263725e-11
2859 3569 18 9.265448065243644e-29
2861 3082 8 9.644347272263725e-11
2863 3082 8 9.644347272263725e-11
2868 3082 10 4.7836205999182276e-14
2869 3082 7 3.6333401908864394e-09
2871 3082 10 4.7836205999182276e-14
2873 3082 7 3.6333401908864394e-09
2875 3082 9 2.268045096944943e-12
2876 3082 8 9.644347272263725e-11
2876 4807 18 9.265448065243644e-29
2878 3082 8 9.644347272263725e-11
2881 3082 10 4.7836205999182276e-14
2883 3082 9 2.268045096944943e-12
2884 3082 7 3.6333401908864394e-09
2898 4485 8 9.644347272263725e-11
2900 3082 7 3.6333401908864394e-09
2902 3082 8 9.644347272263725e-11
2904 3082 8 9.644347272263725e-11
2905 3180 9 2.268045096944943e-12
2921 3605 19 9.933775585072831e-31
2938 5161 8 9.644347272263725e-11
2947 3574 12 1.5945362532340347e-17
2948 3574 52 2.1396514355531192e-105
2948 5191 9 2.268045096944943e-12
2971 4523 13 2.5583816898701214e-19
2975 4254 7 3.6333401908864394e-09
2976 3281 7 3.6333401908864394e-09
2976 4843 7 3.6333401908864394e-09
2977 4843 7 3.6333401908864394e-09
2979 3545 9 2.268045096944943e-12
3021 3302 18 9.265448065243644e-29
3030 4606 18 9.265448065243644e-29
3043 5089 11 9.138956071055273e-16
3049 3544 8 9.644347272263725e-11
3075 4458 7 3.6333401908864394e-09
3075 4649 8 9.644347272263725e-11
3075 4831 9 2.268045096944943e-12
3075 4954 13 2.5583816898701214e-19
3082 3326 13 2.5583816898701214e-19
3082 3327 9 2.268045096944943e-12
3082 3328 11 9.138956071055273e-16
3082 3329 11 9.138956071055273e-16
3082 3330 9 2.268045096944943e-12
3082 3331 7 3.6333401908864394e-09
3082 3333 8 9.644347272263725e-11
3082 3334 7 3.6333401908864394e-09
3082 3335 9 2.268045096944943e-12
3082 3336 16 6.750766766904114e-25
3082 3337 8 9.644347272263725e-11
3082 3338 10 4.7836205999182276e-14
3082 3339 8 9.644347272263725e-11
3082 3340 8 9.644347272263725e-11
3082 3341 8 9.644347272263725e-11
3082 3344 9 2.268045096944943e-12
3082 3345 13 2.5583816898701214e-19
3082 3346 9 2.268045096944943e-12
3082 3347 11 9.138956071055273e-16
3082 3348 7 3.6333401908864394e-09
3082 3349 10 4.7836205999182276e-14
3082 3350 9 2.268045096944943e-12
3082 3379 7 3.6333401908864394e-09
3082 3381 7 3.6333401908864394e-09
3082 3399 7 3.6333401908864394e-09
3082 3569 14 3.797012516459455e-21
3082 3570 42 3.443468637261078e-81
3082 3571 25 5.108210256219332e-43
3082 3572 11 9.138956071055273e-16
3082 3573 10 4.7836205999182276e-14
3082 3574 17 8.154351474770821e-27
3082 3575 12 1.5945362532340347e-17
3082 3576 12 1.5945362532340347e-17
3082 3577 12 1.5945362532340347e-17
3082 3578 12 1.5945362532340347e-17
3082 3579 11 9.138956071055273e-16
3082 3580 21 9.695705764558695e-35
3082 3581 23 7.727216308217453e-39
3082 3582 16 6.750766766904114e-25
3082 3583 8 9.644347272263725e-11
3082 3585 10 4.7836205999182276e-14
3082 3586 19 9.933775585072831e-31
3082 3587 21 9.695705764558695e-35
3082 3588 12 1.5945362532340347e-17
3082 3590 11 9.138956071055273e-16
3082 3591 12 1.5945362532340347e-17
3082 3593 14 3.797012516459455e-21
3082 3594 17 8.154351474770821e-27
3082 3598 8 9.644347272263725e-11
3082 3599 9 2.268045096944943e-12
3082 3600 8 9.644347272263725e-11
3082 3601 13 2.5583816898701214e-19
3082 3602 10 4.7836205999182276e-14
3082 3603 11 9.138956071055273e-16
3082 3604 9 2.268045096944943e-12
3082 3605 8 9.644347272263725e-11
3082 3606 7 3.6333401908864394e-09
3082 3608 7 3.6333401908864394e-09
3082 3609 12 1.5945362532340347e-17
3082 3610 14 3.797012516459455e-21
3082 3611 9 2.268045096944943e-12
3082 3612 7 3.6333401908864394e-09
3082 3613 7 3.6333401908864394e-09
3082 3614 8 9.644347272263725e-11
3082 3620 10 4.7836205999182276e-14
3082 3621 7 3.6333401908864394e-09
3082 3623 9 2.268045096944943e-12
3082 3625 17 8.154351474770821e-27
3082 3626 8 9.644347272263725e-11
3082 3627 12 1.5945362532340347e-17
3082 3628 7 3.6333401908864394e-09
3082 3630 7 3.6333401908864394e-09
3082 3631 10 4.7836205999182276e-14
3082 3632 7 3.6333401908864394e-09
3082 3633 7 3.6333401908864394e-09
3082 3634 9 2.268045096944943e-12
3082 3635 7 3.6333401908864394e-09
3082 3637 8 9.644347272263725e-11
3082 3638 7 3.6333401908864394e-09
3082 3639 10 4.7836205999182276e-14
3082 3640 11 9.138956071055273e-16
3082 3652 7 3.6333401908864394e-09
3082 3653 8 9.644347272263725e-11
3082 3679 35 5.837204452428847e-65
3082 3690 7 3.6333401908864394e-09
3082 3821 11 9.138956071055273e-16
3082 3822 10 4.7836205999182276e-14
3082 3823 9 2.268045096944943e-12
3082 3824 8 9.644347272263725e-11
3082 3825 7 3.6333401908864394e-09
3082 3827 11 9.138956071055273e-16
3082 3828 17 8.154351474770821e-27
3082 3829 17 8.154351474770821e-27
3082 3830 9 2.268045096944943e-12
3082 3831 8 9.644347272263725e-11
3082 3832 14 3.797012516459455e-21
3082 3833 23 7.727216308217453e-39
3082 3834 7 3.6333401908864394e-09
3082 3835 16 6.750766766904114e-25
3082 3836 8 9.644347272263725e-11
3082 3837 13 2.5583816898701214e-19
3082 3838 15 5.2392068493066164e-23
3082 3839 11 9.138956071055273e-16
3082 3840 14 3.797012516459455e-21
3082 3841 15 5.2392068493066164e-23
3082 3842 45 2.4753442085334722e-88
3082 3843 41 7.835039009301502e-79
3082 3844 18 9.265448065243644e-29
3082 3845 7 3.6333401908864394e-09
3082 3846 11 9.138956071055273e-16
3082 3847 9 2.268045096944943e-12
3082 3848 12 1.5945362532340347e-17
3082 3849 13 2.5583816898701214e-19
3082 3850 10 4.7836205999182276e-14
3082 3853 7 3.6333401908864394e-09
3082 3858 7 3.6333401908864394e-09
3082 3859 14 3.797012516459455e-21
3082 3860 10 4.7836205999182276e-14
3082 3861 10 4.7836205999182276e-14
3082 3862 7 3.6333401908864394e-09
3082 3864 10 4.7836205999182276e-14
3082 3865 11 9.138956071055273e-16
3082 3867 7 3.6333401908864394e-09
3082 3868 8 9.644347272263725e-11
3082 3874 7 3.6333401908864394e-09
3082 3875 7 3.6333401908864394e-09
3082 3876 7 3.6333401908864394e-09
3082 3879 11 9.138956071055273e-16
3082 3887 7 3.6333401908864394e-09
3082 3896 9 2.268045096944943e-12
3082 3897 7 3.6333401908864394e-09
3082 3898 9 2.268045096944943e-12
3082 3903 8 9.644347272263725e-11
3082 3938 8 9.644347272263725e-11
3082 3939 7 3.6333401908864394e-09
3082 4061 18 9.265448065243644e-29
3082 4062 21 9.695705764558695e-35
3082 4063 17 8.154351474770821e-27
3082 4064 15 5.2392068493066164e-23
3082 4065 15 5.2392068493066164e-23
3082 4066 10 4.7836205999182276e-14
3082 4067 12 1.5945362532340347e-17
3082 4068 21 9.695705764558695e-35
3082 4069 15 5.2392068493066164e-23
3082 4070 9 2.268045096944943e-12
3082 4071 22 8.868471616363756e-37
3082 4072 25 5.108210256219332e-43
3082 4073 13 2.5583816898701214e-19
3082 4074 8 9.644347272263725e-11
3082 4075 15 5.2392068493066164e-23
3082 4076 13 2.5583816898701214e-19
3082 4077 17 8.154351474770821e-27
3082 4078 21 9.695705764558695e-35
3082 4079 11 9.138956071055273e-16
3082 4080 30 8.695287089554803e-54
3082 4081 10 4.7836205999182276e-14
3082 4082 7 3.6333401908864394e-09
3082 4083 10 4.7836205999182276e-14
3082 4084 14 3.797012516459455e-21
3082 4085 13 2.5583816898701214e-19
3082 4086 12 1.5945362532340347e-17
3082 4087 16 6.750766766904114e-25
3082 4088 12 1.5945362532340347e-17
3082 4089 10 4.7836205999182276e-14
3082 4090 7 3.6333401908864394e-09
3082 4091 7 3.6333401908864394e-09
3082 4092 7 3.6333401908864394e-09
3082 4093 11 9.138956071055273e-16
3082 4094 15 5.2392068493066164e-23
3082 4096 14 3.797012516459455e-21
3082 4097 14 3.797012516459455e-21
3082 4098 8 9.644347272263725e-11
3082 4099 10 4.7836205999182276e-14
3082 4100 10 4.7836205999182276e-14
3082 4101 8 9.644347272263725e-11
3082 4102 12 1.5945362532340347e-17
3082 4104 7 3.6333401908864394e-09
3082 4105 11 9.138956071055273e-16
3082 4106 17 8.154351474770821e-27
3082 4107 7 3.6333401908864394e-09
3082 4109 13 2.5583816898701214e-19
3082 4110 17 8.154351474770821e-27
3082 4115 9 2.268045096944943e-12
3082 4116 9 2.268045096944943e-12
3082 4117 10 4.7836205999182276e-14
3082 4122 8 9.644347272263725e-11
3082 4125 7 3.6333401908864394e-09
3082 4126 12 1.5945362532340347e-17
3082 4127 10 4.7836205999182276e-14
3082 4129 8 9.644347272263725e-11
3082 4130 13 2.5583816898701214e-19
3082 4131 14 3.797012516459455e-21
3082 4132 9 2.268045096944943e-12
3082 4133 10 4.7836205999182276e-14
3082 4136 7 3.6333401908864394e-09
3082 4156 8 9.644347272263725e-11
3082 4165 7 3.6333401908864394e-09
3082 4215 8 9.644347272263725e-11
3082 4216 7 3.6333401908864394e-09
3082 4240 7 3.6333401908864394e-09
3082 4254 234 0.0
3082 4261 8 9.644347272263725e-11
3082 4268 13 2.5583816898701214e-19
3082 4269 21 9.695705764558695e-35
3082 4270 17 8.154351474770821e-27
3082 4271 14 3.797012516459455e-21
3082 4272 15 5.2392068493066164e-23
3082 4274 10 4.7836205999182276e-14
3082 4275 8 9.644347272263725e-11
3082 4276 9 2.268045096944943e-12
3082 4277 10 4.7836205999182276e-14
3082 4278 12 1.5945362532340347e-17
3082 4279 9 2.268045096944943e-12
3082 4280 15 5.2392068493066164e-23
3082 4283 8 9.644347272263725e-11
3082 4284 15 5.2392068493066164e-23
3082 4285 11 9.138956071055273e-16
3082 4286 7 3.6333401908864394e-09
3082 4288 8 9.644347272263725e-11
3082 4290 8 9.644347272263725e-11
3082 4291 9 2.268045096944943e-12
3082 4296 10 4.7836205999182276e-14
3082 4298 7 3.6333401908864394e-09
3082 4299 14 3.797012516459455e-21
3082 4302 10 4.7836205999182276e-14
3082 4303 9 2.268045096944943e-12
3082 4308 8 9.644347272263725e-11
3082 4309 8 9.644347272263725e-11
3082 4312 13 2.5583816898701214e-19
3082 4313 7 3.6333401908864394e-09
3082 4314 8 9.644347272263725e-11
3082 4326 8 9.644347272263725e-11
3082 4328 8 9.644347272263725e-11
3082 4335 7 3.6333401908864394e-09
3082 4345 7 3.6333401908864394e-09
3082 4465 42 3.443468637261078e-81
3082 4466 26 3.888409282713764e-45
3082 4467 21 9.695705764558695e-35
3082 4468 17 8.154351474770821e-27
3082 4469 13 2.5583816898701214e-19
3082 4470 13 2.5583816898701214e-19
3082 4471 7 3.6333401908864394e-09
3082 4473 10 4.7836205999182276e-14
3082 4474 7 3.6333401908864394e-09
3082 4476 15 5.2392068493066164e-23
3082 4477 11 9.138956071055273e-16
3082 4478 19 9.933775585072831e-31
3082 4479 12 1.5945362532340347e-17
3082 4480 17 8.154351474770821e-27
3082 4481 9 2.268045096944943e-12
3082 4482 12 1.5945362532340347e-17
3082 4483 13 2.5583816898701214e-19
3082 4484 13 2.5583816898701214e-19
3082 4485 8 9.644347272263725e-11
3082 4487 11 9.138956071055273e-16
3082 4488 17 8.154351474770821e-27
3082 4490 19 9.933775585072831e-31
3082 4491 9 2.268045096944943e-12
3082 4492 13 2.5583816898701214e-19
3082 4493 12 1.5945362532340347e-17
3082 4494 16 6.750766766904114e-25
3082 4497 9 2.268045096944943e-12
3082 4498 10 4.7836205999182276e-14
3082 4500 10 4.7836205999182276e-14
3082 4501 7 3.6333401908864394e-09
3082 4502 15 5.2392068493066164e-23
3082 4503 9 2.268045096944943e-12
3082 4504 11 9.138956071055273e-16
3082 4505 8 9.644347272263725e-11
3082 4506 15 5.2392068493066164e-23
3082 4507 10 4.7836205999182276e-14
3082 4508 9 2.268045096944943e-12
3082 4523 18 9.265448065243644e-29
3082 4656 41 7.835039009301502e-79
3082 4669 7 3.6333401908864394e-09
3082 4671 7 3.6333401908864394e-09
3082 4674 9 2.268045096944943e-12
3082 4681 8 9.644347272263725e-11
3082 4684 7 3.6333401908864394e-09
3082 4691 8 9.644347272263725e-11
3082 4697 8 9.644347272263725e-11
3082 4698 8 9.644347272263725e-11
3082 4713 8 9.644347272263725e-11
3082 4839 8 9.644347272263725e-11
3082 4852 7 3.6333401908864394e-09
3082 4855 13 2.5583816898701214e-19
3082 4858 7 3.6333401908864394e-09
3082 4859 9 2.268045096944943e-12
3082 4861 8 9.644347272263725e-11
3082 4864 8 9.644347272263725e-11
3082 4869 13 2.5583816898701214e-19
3082 4874 8 9.644347272263725e-11
3082 4875 7 3.6333401908864394e-09
3082 4878 7 3.6333401908864394e-09
3082 4879 7 3.6333401908864394e-09
3082 4882 8 9.644347272263725e-11
3082 4883 7 3.6333401908864394e-09
3082 4896 12 1.5945362532340347e-17
3082 4909 8 9.644347272263725e-11
3082 4944 7 3.6333401908864394e-09
3082 4965 7 3.6333401908864394e-09
3082 4966 12 1.5945362532340347e-17
3082 4968 13 2.5583816898701214e-19
3082 4969 7 3.6333401908864394e-09
3082 4970 10 4.7836205999182276e-14
3082 4973 7 3.6333401908864394e-09
3082 4974 8 9.644347272263725e-11
3082 4975 8 9.644347272263725e-11
3082 4980 7 3.6333401908864394e-09
3082 4987 9 2.268045096944943e-12
3082 4989 8 9.644347272263725e-11
3082 4990 9 2.268045096944943e-12
3082 4991 8 9.644347272263725e-11
3082 4992 7 3.6333401908864394e-09
3082 4996 9 2.268045096944943e-12
3082 4997 7 3.6333401908864394e-09
3082 5001 7 3.6333401908864394e-09
3082 5022 7 3.6333401908864394e-09
3082 5034 7 3.6333401908864394e-09
3082 5045 7 3.6333401908864394e-09
3082 5046 7 3.6333401908864394e-09
3082 5054 9 2.268045096944943e-12
3082 5055 7 3.6333401908864394e-09
3082 5072 7 3.6333401908864394e-09
3084 4326 9 2.268045096944943e-12
3085 4326 20 1.0076890422924905e-32
3087 3846 7 3.6333401908864394e-09
3088 3846 8 9.644347272263725e-11
3108 3614 8 9.644347272263725e-11
3119 5281 8 9.644347272263725e-11
3134 4328 18 9.265448065243644e-29
3141 4109 13 2.5583816898701214e-19
3141 4110 7 3.6333401908864394e-09
3141 4881 30 8.695287089554803e-54
3141 4882 40 1.7324577553049342e-76
3152 4395 15 5.2392068493066164e-23
3154 3458 11 9.138956071055273e-16
3160 3706 13 2.5583816898701214e-19
3162 3934 15 5.2392068493066164e-23
3162 3935 7 3.6333401908864394e-09
3167 4696 7 3.6333401908864394e-09
3183 4787 10 4.7836205999182276e-14
3197 4842 8 9.644347272263725e-11
3199 3702 8 9.644347272263725e-11
3201 4218 13 2.5583816898701214e-19
3217 3330 7 3.6333401908864394e-09
3222 3528 7 3.6333401908864394e-09
3231 4106 36 3.074123550723011e-67
3231 4173 7 3.6333401908864394e-09
3231 4174 12 1.5945362532340347e-17
3242 3673 24 6.425613390482504e-41
3242 4126 12 1.5945362532340347e-17
3243 4126 14 3.797012516459455e-21
3248 4780 7 3.6333401908864394e-09
3251 3545 7 3.6333401908864394e-09
3253 4636 9 2.268045096944943e-12
3263 4002 10 4.7836205999182276e-14
3263 5087 19 9.933775585072831e-31
3266 3533 7 3.6333401908864394e-09
3266 4639 8 9.644347272263725e-11
3267 3587 9 2.268045096944943e-12
3267 3914 7 3.6333401908864394e-09
3268 4919 7 3.6333401908864394e-09
3278 4254 7 3.6333401908864394e-09
3279 4553 7 3.6333401908864394e-09
3280 4252 9 2.268045096944943e-12
3284 3462 8 9.644347272263725e-11
3288 5217 7 3.6333401908864394e-09
3290 4634 7 3.6333401908864394e-09
3293 4225 10 4.7836205999182276e-14
3293 4538 118 0.0
3304 4902 8 9.644347272263725e-11
3305 4902 21 9.695705764558695e-35
3319 4458 9 2.268045096944943e-12
3319 4953 28 1.9893667372323313e-49
3319 4954 46 9.7534494515911e-91
3326 4465 16 6.750766766904114e-25
3336 4560 24 6.425613390482504e-41
3343 3648 11 9.138956071055273e-16
3343 5250 7 3.6333401908864394e-09
3348 4171 8 9.644347272263725e-11
3353 4218 16 6.750766766904114e-25
3377 3715 15 5.2392068493066164e-23
3395 4347 11 9.138956071055273e-16
3399 5123 9 2.268045096944943e-12
3410 4576 7 3.6333401908864394e-09
3415 5170 10 4.7836205999182276e-14
3425 4707 8 9.644347272263725e-11
3426 4241 9 2.268045096944943e-12
3463 3803 10 4.7836205999182276e-14
3473 4244 7 3.6333401908864394e-09
3540 3774 12 1.5945362532340347e-17
3541 3774 27 2.8382995103495003e-47
3542 4526 7 3.6333401908864394e-09
3544 5248 14 3.797012516459455e-21
3550 4232 14 3.797012516459455e-21
3555 4087 7 3.6333401908864394e-09
3560 3920 9 2.268045096944943e-12
3569 4268 8 9.644347272263725e-11
3569 4538 7 3.6333401908864394e-09
3597 3878 11 9.138956071055273e-16
3612 4861 13 2.5583816898701214e-19
3619 4515 7 3.6333401908864394e-09
3642 4667 9 2.268045096944943e-12
3652 4514 7 3.6333401908864394e-09
3671 4508 7 3.6333401908864394e-09
3672 4211 7 3.6333401908864394e-09
3672 4328 7 3.6333401908864394e-09
3672 4508 7 3.6333401908864394e-09
3673 4840 7 3.6333401908864394e-09
3679 4254 241 0.0
3697 4988 16 6.750766766904114e-25
3715 4670 9 2.268045096944943e-12
3744 4868 8 9.644347272263725e-11
3752 4508 10 4.7836205999182276e-14
3754 4633 11 9.138956071055273e-16
3757 4875 8 9.644347272263725e-11
3761 4379 14 3.797012516459455e-21
3762 4308 8 9.644347272263725e-11
3766 4501 15 5.2392068493066164e-23
3845 4839 7 3.6333401908864394e-09
3877 4711 9 2.268045096944943e-12
3905 4968 7 3.6333401908864394e-09
3913 4431 11 9.138956071055273e-16
3915 4280 7 3.6333401908864394e-09
3928 4213 7 3.6333401908864394e-09
3930 5100 9 2.268045096944943e-12
3932 4329 7 3.6333401908864394e-09
3936 4323 17 8.154351474770821e-27
3936 4324 10 4.7836205999182276e-14
3956 5095 8 9.644347272263725e-11
3968 4373 7 3.6333401908864394e-09
3974 4183 20 1.0076890422924905e-32
3983 4924 7 3.6333401908864394e-09
3993 5023 11 9.138956071055273e-16
4025 5239 7 3.6333401908864394e-09
4031 4940 11 9.138956071055273e-16
4063 4828 22 8.868471616363756e-37
4124 4611 7 3.6333401908864394e-09
4124 5135 7 3.6333401908864394e-09
4127 4510 10 4.7836205999182276e-14
4165 4722 10 4.7836205999182276e-14
4179 5161 7 3.6333401908864394e-09
4212 4843 7 3.6333401908864394e-09
4217 5152 7 3.6333401908864394e-09
4218 4621 23 7.727216308217453e-39
4222 4520 7 3.6333401908864394e-09
4246 4739 8 9.644347272263725e-11
4247 4739 8 9.644347272263725e-11
4251 4922 7 3.6333401908864394e-09
4252 4516 7 3.6333401908864394e-09
4252 4843 7 3.6333401908864394e-09
4254 4269 8 9.644347272263725e-11
4254 4272 8 9.644347272263725e-11
4254 4280 8 9.644347272263725e-11
4254 4288 7 3.6333401908864394e-09
4268 4656 22 8.868471616363756e-37
4268 4838 14 3.797012516459455e-21
4284 4538 13 2.5583816898701214e-19
4292 4704 7 3.6333401908864394e-09
4296 4548 15 5.2392068493066164e-23
4297 4506 7 3.6333401908864394e-09
4303 4508 7 3.6333401908864394e-09
4306 4552 11 9.138956071055273e-16
4347 4620 11 9.138956071055273e-16
4348 4858 7 3.6333401908864394e-09
4363 4918 14 3.797012516459455e-21
4376 4998 10 4.7836205999182276e-14
4380 4856 8 9.644347272263725e-11
4436 4987 8 9.644347272263725e-11
4436 5160 10 4.7836205999182276e-14
4457 4953 7 3.6333401908864394e-09
4467 5121 9 2.268045096944943e-12
4482 4950 14 3.797012516459455e-21
4484 4656 7 3.6333401908864394e-09
4508 4840 8 9.644347272263725e-11
4508 4841 7 3.6333401908864394e-09
4508 4844 9 2.268045096944943e-12
4508 4845 7 3.6333401908864394e-09
4509 4844 7 3.6333401908864394e-09
4510 4844 8 9.644347272263725e-11
4527 4900 23 7.727216308217453e-39
4527 4901 8 9.644347272263725e-11
4538 4797 17 8.154351474770821e-27
4550 5253 12 1.5945362532340347e-17
4554 4916 7 3.6333401908864394e-09
4649 4954 13 2.5583816898701214e-19
4847 4969 7 3.6333401908864394e-09
4908 5208 21 9.695705764558695e-35
4924 4973 21 9.695705764558695e-35
