bin1 bin2 count p_value
3 1303 10 6.602669426362752e-09
3 1542 68 2.5861708276678557e-109
3 2256 12 2.5875646620628598e-11
4 1161 10 6.602669426362752e-09
4 1542 66 3.3311021969956134e-105
4 2502 31 1.6149966120609107e-39
5 1542 54 2.9184615133945213e-81
6 1542 61 4.490562910300102e-95
7 1542 48 8.571388458877642e-70
8 1542 38 1.5214227658767585e-51
9 1542 52 2.1262500504724098e-77
9 1618 23 1.0495588766083284e-26
10 1542 56 3.6682036899564413e-85
11 1542 40 4.231634153288774e-55
12 1542 38 1.5214227658767585e-51
13 1542 46 4.714031078612285e-66
14 700 16 1.537834364319045e-16
14 1542 35 2.62586982426198e-46
15 1542 28 1.383819093506712e-34
16 856 21 1.0932729458968716e-23
16 1542 30 7.384401965119247e-38
17 1476 36 4.862684193794855e-48
17 1542 27 5.65867735049335e-33
18 1542 20 3.278615886402252e-22
19 1542 17 6.411832634234445e-18
20 1542 14 7.283401613264801e-14
21 1188 21 1.0932729458968716e-23
21 1542 32 3.4102828345501084e-41
22 1542 30 7.384401965119247e-38
23 1542 23 1.0495588766083284e-26
24 1538 10 6.602669426362752e-09
24 1542 25 8.389913731678529e-30
25 1542 30 7.384401965119247e-38
26 1542 17 6.411832634234445e-18
27 1542 15 3.4613795245231998e-15
28 1542 20 3.278615886402252e-22
29 1542 15 3.4613795245231998e-15
30 1542 29 3.256689918361335e-36
31 1542 17 6.411832634234445e-18
32 570 11 4.3220059971467206e-10
32 1542 14 7.283401613264801e-14
33 453 12 2.5875646620628598e-11
33 1542 25 8.389913731678529e-30
33 1562 13 1.4264982837723015e-12
34 1542 28 1.383819093506712e-34
35 1542 38 1.5214227658767585e-51
36 879 11 4.3220059971467206e-10
36 1542 29 3.256689918361335e-36
36 2424 12 2.5875646620628598e-11
37 1542 27 5.65867735049335e-33
38 1542 27 5.65867735049335e-33
39 1542 25 8.389913731678529e-30
40 1542 28 1.383819093506712e-34
41 1542 16 1.537834364319045e-16
42 1542 20 3.278615886402252e-22
43 1542 23 1.0495588766083284e-26
47 1542 11 4.3220059971467206e-10
48 1570 17 6.411832634234445e-18
49 456 17 6.411832634234445e-18
50 1542 15 3.4613795245231998e-15
51 1542 16 1.537834364319045e-16
52 1542 23 1.0495588766083284e-26
52 2182 13 1.4264982837723015e-12
53 1542 10 6.602669426362752e-09
54 1542 15 3.4613795245231998e-15
55 1542 17 6.411832634234445e-18
55 2462 38 1.5214227658767585e-51
56 1942 17 6.411832634234445e-18
57 1542 14 7.283401613264801e-14
58 1252 17 6.411832634234445e-18
59 879 11 4.3220059971467206e-10
59 1542 15 3.4613795245231998e-15
60 604 10 6.602669426362752e-09
60 1542 11 4.3220059971467206e-10
63 1261 10 6.602669426362752e-09
63 1542 10 6.602669426362752e-09
65 1273 22 3.469009785506029e-25
65 1918 20 3.278615886402252e-22
66 1352 50 1.4147114106693284e-73
67 671 14 7.283401613264801e-14
70 785 13 1.4264982837723015e-12
71 1542 11 4.3220059971467206e-10
74 1542 10 6.602669426362752e-09
74 1940 15 3.4613795245231998e-15
75 1542 10 6.602669426362752e-09
80 2333 23 1.0495588766083284e-26
83 292 10 6.602669426362752e-09
83 293 32 3.4102828345501084e-41
84 2439 16 1.537834364319045e-16
88 1542 11 4.3220059971467206e-10
89 436 16 1.537834364319045e-16
90 201 44 2.345294564222733e-62
90 202 35 2.62586982426198e-46
90 203 23 1.0495588766083284e-26
90 204 15 3.4613795245231998e-15
90 205 16 1.537834364319045e-16
90 206 15 3.4613795245231998e-15
90 207 11 4.3220059971467206e-10
90 208 13 1.4264982837723015e-12
90 209 14 7.283401613264801e-14
90 211 10 6.602669426362752e-09
90 212 13 1.4264982837723015e-12
90 214 12 2.5875646620628598e-11
90 215 10 6.602669426362752e-09
90 543 37 8.731682120736433e-50
90 544 17 6.411832634234445e-18
90 545 17 6.411832634234445e-18
90 546 11 4.3220059971467206e-10
90 547 15 3.4613795245231998e-15
90 548 10 6.602669426362752e-09
90 549 12 2.5875646620628598e-11
90 555 13 1.4264982837723015e-12
90 559 12 2.5875646620628598e-11
90 1542 82 6.0213046104696885e-139
93 564 18 2.5173612649503173e-19
97 800 14 7.283401613264801e-14
98 1128 11 4.3220059971467206e-10
98 1377 12 2.5875646620628598e-11
98 2431 10 6.602669426362752e-09
105 352 20 3.278615886402252e-22
107 1357 23 1.0495588766083284e-26
110 964 14 7.283401613264801e-14
110 1069 18 2.5173612649503173e-19
111 964 62 4.3987753989329316e-97
112 414 11 4.3220059971467206e-10
112 1218 16 1.537834364319045e-16
116 2147 32 3.4102828345501084e-41
117 2077 10 6.602669426362752e-09
124 1846 14 7.283401613264801e-14
125 555 13 1.4264982837723015e-12
127 874 18 2.5173612649503173e-19
129 2071 11 4.3220059971467206e-10
130 607 27 5.65867735049335e-33
134 1488 10 6.602669426362752e-09
135 1535 26 2.224010868142942e-31
136 1199 62 4.3987753989329316e-97
137 1026 16 1.537834364319045e-16
137 1645 10 6.602669426362752e-09
138 973 14 7.283401613264801e-14
138 1780 24 3.033491142064131e-28
138 1781 30 7.384401965119247e-38
140 953 12 2.5875646620628598e-11
143 1415 18 2.5173612649503173e-19
147 456 21 1.0932729458968716e-23
147 1695 11 4.3220059971467206e-10
149 580 14 7.283401613264801e-14
152 1957 17 6.411832634234445e-18
154 1305 28 1.383819093506712e-34
155 2260 23 1.0495588766083284e-26
159 986 12 2.5875646620628598e-11
159 987 15 3.4613795245231998e-15
159 1609 29 3.256689918361335e-36
161 558 10 6.602669426362752e-09
161 2524 32 3.4102828345501084e-41
162 347 16 1.537834364319045e-16
163 710 18 2.5173612649503173e-19
163 1088 10 6.602669426362752e-09
164 1570 14 7.283401613264801e-14
168 563 15 3.4613795245231998e-15
171 2058 23 1.0495588766083284e-26
173 1535 26 2.224010868142942e-31
173 2171 15 3.4613795245231998e-15
177 1233 12 2.5875646620628598e-11
179 1189 21 1.0932729458968716e-23
182 364 10 6.602669426362752e-09
182 532 18 2.5173612649503173e-19
183 1261 11 4.3220059971467206e-10
183 2443 10 6.602669426362752e-09
190 1951 11 4.3220059971467206e-10
191 1328 10 6.602669426362752e-09
191 1646 10 6.602669426362752e-09
192 1623 10 6.602669426362752e-09
193 983 10 6.602669426362752e-09
193 1653 10 6.602669426362752e-09
194 1653 11 4.3220059971467206e-10
196 1650 10 6.602669426362752e-09
201 1542 71 1.5410941453996203e-115
201 2308 15 3.4613795245231998e-15
202 1542 64 3.978619266348601e-101
202 2430 10 6.602669426362752e-09
203 1248 33 6.959678684284734e-43
203 1542 75 6.019768161846457e-124
204 1542 50 1.4147114106693284e-73
205 1542 37 8.731682120736433e-50
206 1542 29 3.256689918361335e-36
207 1542 33 6.959678684284734e-43
208 1542 34 1.3739164843851982e-44
209 1542 40 4.231634153288774e-55
209 1821 19 9.335116913774724e-21
210 1542 37 8.731682120736433e-50
210 1793 13 1.4264982837723015e-12
211 1542 29 3.256689918361335e-36
212 1388 11 4.3220059971467206e-10
212 1542 26 2.224010868142942e-31
213 873 10 6.602669426362752e-09
213 1542 28 1.383819093506712e-34
214 1542 18 2.5173612649503173e-19
215 1542 33 6.959678684284734e-43
216 1542 44 2.345294564222733e-62
217 1542 30 7.384401965119247e-38
218 1176 11 4.3220059971467206e-10
218 1542 31 1.6149966120609107e-39
219 1542 20 3.278615886402252e-22
220 583 11 4.3220059971467206e-10
220 1216 16 1.537834364319045e-16
220 1542 18 2.5173612649503173e-19
221 1334 11 4.3220059971467206e-10
221 1542 17 6.411832634234445e-18
222 1542 19 9.335116913774724e-21
222 2257 10 6.602669426362752e-09
223 1542 15 3.4613795245231998e-15
223 1935 11 4.3220059971467206e-10
223 2257 11 4.3220059971467206e-10
224 1542 21 1.0932729458968716e-23
224 2257 10 6.602669426362752e-09
225 1542 14 7.283401613264801e-14
226 1542 14 7.283401613264801e-14
227 583 10 6.602669426362752e-09
227 1542 15 3.4613795245231998e-15
227 2257 10 6.602669426362752e-09
228 1542 11 4.3220059971467206e-10
228 1640 10 6.602669426362752e-09
228 2259 10 6.602669426362752e-09
228 2260 11 4.3220059971467206e-10
228 2424 14 7.283401613264801e-14
228 2425 12 2.5875646620628598e-11
229 1542 14 7.283401613264801e-14
229 2258 11 4.3220059971467206e-10
230 879 11 4.3220059971467206e-10
230 971 12 2.5875646620628598e-11
230 1276 10 6.602669426362752e-09
230 1530 10 6.602669426362752e-09
230 1542 16 1.537834364319045e-16
230 1837 10 6.602669426362752e-09
230 1959 10 6.602669426362752e-09
230 2129 10 6.602669426362752e-09
230 2257 11 4.3220059971467206e-10
231 940 10 6.602669426362752e-09
231 1542 15 3.4613795245231998e-15
232 1542 19 9.335116913774724e-21
233 1542 11 4.3220059971467206e-10
234 1542 12 2.5875646620628598e-11
235 1542 19 9.335116913774724e-21
236 1542 27 5.65867735049335e-33
236 1566 11 4.3220059971467206e-10
237 1542 10 6.602669426362752e-09
238 1542 13 1.4264982837723015e-12
239 1542 10 6.602669426362752e-09
239 2357 13 1.4264982837723015e-12
240 557 16 1.537834364319045e-16
242 944 32 3.4102828345501084e-41
242 1542 15 3.4613795245231998e-15
243 1587 12 2.5875646620628598e-11
243 1595 12 2.5875646620628598e-11
244 1542 11 4.3220059971467206e-10
244 2010 35 2.62586982426198e-46
245 534 14 7.283401613264801e-14
245 925 12 2.5875646620628598e-11
245 1542 10 6.602669426362752e-09
246 1430 10 6.602669426362752e-09
246 1542 12 2.5875646620628598e-11
246 2099 13 1.4264982837723015e-12
247 1542 14 7.283401613264801e-14
248 1542 12 2.5875646620628598e-11
249 1542 10 6.602669426362752e-09
250 1542 12 2.5875646620628598e-11
250 1871 12 2.5875646620628598e-11
251 1580 11 4.3220059971467206e-10
254 1359 63 4.224493301270016e-99
254 1900 12 2.5875646620628598e-11
255 1359 25 8.389913731678529e-30
258 1219 21 1.0932729458968716e-23
261 560 26 2.224010868142942e-31
261 561 29 3.256689918361335e-36
265 2221 10 6.602669426362752e-09
267 832 10 6.602669426362752e-09
267 833 59 4.405992931958922e-91
267 834 12 2.5875646620628598e-11
267 1689 16 1.537834364319045e-16
271 645 36 4.862684193794855e-48
271 646 16 1.537834364319045e-16
274 2088 13 1.4264982837723015e-12
281 1080 18 2.5173612649503173e-19
282 1064 21 1.0932729458968716e-23
289 1625 10 6.602669426362752e-09
293 2240 10 6.602669426362752e-09
296 1542 18 2.5173612649503173e-19
297 1482 41 6.763311339462704e-57
297 2575 36 4.862684193794855e-48
299 526 20 3.278615886402252e-22
301 1423 13 1.4264982837723015e-12
307 1064 13 1.4264982837723015e-12
310 1071 22 3.469009785506029e-25
311 460 27 5.65867735049335e-33
311 2040 15 3.4613795245231998e-15
311 2041 17 6.411832634234445e-18
312 2586 10 6.602669426362752e-09
315 1135 14 7.283401613264801e-14
316 2426 27 5.65867735049335e-33
318 507 13 1.4264982837723015e-12
319 1163 27 5.65867735049335e-33
319 1654 18 2.5173612649503173e-19
319 1884 25 8.389913731678529e-30
319 1885 11 4.3220059971467206e-10
320 1163 16 1.537834364319045e-16
325 635 12 2.5875646620628598e-11
326 635 30 7.384401965119247e-38
327 1323 16 1.537834364319045e-16
329 2001 37 8.731682120736433e-50
331 1092 13 1.4264982837723015e-12
333 739 15 3.4613795245231998e-15
334 739 28 1.383819093506712e-34
337 2007 42 1.0515575139454886e-58
342 479 27 5.65867735049335e-33
344 2321 14 7.283401613264801e-14
346 1263 11 4.3220059971467206e-10
348 602 19 9.335116913774724e-21
350 2131 14 7.283401613264801e-14
351 1332 23 1.0495588766083284e-26
351 1955 53 2.519039355806033e-79
352 641 12 2.5875646620628598e-11
352 1280 45 3.367716753853762e-64
352 1281 31 1.6149966120609107e-39
352 1955 24 3.033491142064131e-28
353 1275 10 6.602669426362752e-09
355 1496 33 6.959678684284734e-43
359 1542 13 1.4264982837723015e-12
360 602 35 2.62586982426198e-46
361 1774 11 4.3220059971467206e-10
362 980 12 2.5875646620628598e-11
362 1404 11 4.3220059971467206e-10
362 1405 11 4.3220059971467206e-10
362 1747 10 6.602669426362752e-09
362 1770 10 6.602669426362752e-09
362 1773 10 6.602669426362752e-09
363 1489 10 6.602669426362752e-09
363 1656 10 6.602669426362752e-09
364 690 11 4.3220059971467206e-10
364 691 11 4.3220059971467206e-10
364 810 10 6.602669426362752e-09
364 1636 12 2.5875646620628598e-11
364 1640 11 4.3220059971467206e-10
365 910 32 3.4102828345501084e-41
365 1277 10 6.602669426362752e-09
365 1635 11 4.3220059971467206e-10
365 1636 10 6.602669426362752e-09
377 845 11 4.3220059971467206e-10
377 879 10 6.602669426362752e-09
377 2188 12 2.5875646620628598e-11
378 678 10 6.602669426362752e-09
378 680 12 2.5875646620628598e-11
378 694 12 2.5875646620628598e-11
378 695 13 1.4264982837723015e-12
378 1147 10 6.602669426362752e-09
378 1636 11 4.3220059971467206e-10
378 1660 10 6.602669426362752e-09
379 388 12 2.5875646620628598e-11
379 694 10 6.602669426362752e-09
379 695 12 2.5875646620628598e-11
379 718 12 2.5875646620628598e-11
379 1660 12 2.5875646620628598e-11
379 2272 24 3.033491142064131e-28
383 1542 46 4.714031078612285e-66
384 1542 28 1.383819093506712e-34
385 1542 28 1.383819093506712e-34
385 1977 16 1.537834364319045e-16
386 1542 26 2.224010868142942e-31
387 622 10 6.602669426362752e-09
387 1542 27 5.65867735049335e-33
388 1542 49 1.1143621133423118e-71
388 2272 10 6.602669426362752e-09
389 1542 47 6.435279447812373e-68
390 1542 24 3.033491142064131e-28
391 1542 18 2.5173612649503173e-19
392 1542 17 6.411832634234445e-18
393 1542 17 6.411832634234445e-18
394 1480 12 2.5875646620628598e-11
394 1542 16 1.537834364319045e-16
395 1542 11 4.3220059971467206e-10
395 2219 15 3.4613795245231998e-15
396 1542 17 6.411832634234445e-18
397 1542 22 3.469009785506029e-25
398 1542 15 3.4613795245231998e-15
399 694 26 2.224010868142942e-31
399 1542 26 2.224010868142942e-31
400 1542 16 1.537834364319045e-16
401 1542 19 9.335116913774724e-21
402 1542 20 3.278615886402252e-22
403 1542 17 6.411832634234445e-18
403 1808 12 2.5875646620628598e-11
403 2551 30 7.384401965119247e-38
404 1542 15 3.4613795245231998e-15
404 1900 20 3.278615886402252e-22
405 1542 15 3.4613795245231998e-15
406 1542 16 1.537834364319045e-16
407 1289 10 6.602669426362752e-09
407 1542 24 3.033491142064131e-28
408 1542 21 1.0932729458968716e-23
409 1542 17 6.411832634234445e-18
410 1542 24 3.033491142064131e-28
411 710 17 6.411832634234445e-18
411 1542 18 2.5173612649503173e-19
412 710 29 3.256689918361335e-36
412 1542 19 9.335116913774724e-21
413 1542 14 7.283401613264801e-14
414 1542 19 9.335116913774724e-21
415 1542 16 1.537834364319045e-16
415 1916 31 1.6149966120609107e-39
416 702 23 1.0495588766083284e-26
416 1542 26 2.224010868142942e-31
416 1886 30 7.384401965119247e-38
417 1542 16 1.537834364319045e-16
418 1186 11 4.3220059971467206e-10
418 2349 10 6.602669426362752e-09
419 1542 13 1.4264982837723015e-12
419 1610 17 6.411832634234445e-18
420 1542 15 3.4613795245231998e-15
421 1542 13 1.4264982837723015e-12
425 2001 20 3.278615886402252e-22
430 1542 10 6.602669426362752e-09
431 1542 15 3.4613795245231998e-15
431 1936 12 2.5875646620628598e-11
432 1542 11 4.3220059971467206e-10
433 1542 21 1.0932729458968716e-23
433 1727 12 2.5875646620628598e-11
433 2173 11 4.3220059971467206e-10
434 1542 12 2.5875646620628598e-11
435 1542 10 6.602669426362752e-09
438 1435 17 6.411832634234445e-18
438 1542 10 6.602669426362752e-09
445 1542 12 2.5875646620628598e-11
445 2278 14 7.283401613264801e-14
446 1140 10 6.602669426362752e-09
454 728 16 1.537834364319045e-16
455 1923 11 4.3220059971467206e-10
456 1923 24 3.033491142064131e-28
456 2181 12 2.5875646620628598e-11
459 1857 17 6.411832634234445e-18
461 2094 10 6.602669426362752e-09
462 924 12 2.5875646620628598e-11
464 1013 22 3.469009785506029e-25
465 1234 10 6.602669426362752e-09
466 1542 12 2.5875646620628598e-11
466 2065 17 6.411832634234445e-18
466 2217 13 1.4264982837723015e-12
467 857 27 5.65867735049335e-33
467 879 10 6.602669426362752e-09
467 1206 24 3.033491142064131e-28
467 2111 10 6.602669426362752e-09
468 672 16 1.537834364319045e-16
468 1237 39 2.5741081480193363e-53
468 1542 10 6.602669426362752e-09
469 1261 10 6.602669426362752e-09
471 1166 14 7.283401613264801e-14
472 2288 13 1.4264982837723015e-12
474 1099 12 2.5875646620628598e-11
475 1260 13 1.4264982837723015e-12
475 1665 11 4.3220059971467206e-10
476 2179 10 6.602669426362752e-09
479 2063 49 1.1143621133423118e-71
479 2064 18 2.5173612649503173e-19
481 2268 14 7.283401613264801e-14
484 2466 13 1.4264982837723015e-12
485 1873 18 2.5173612649503173e-19
489 2091 11 4.3220059971467206e-10
491 1097 23 1.0495588766083284e-26
492 1054 11 4.3220059971467206e-10
495 1983 15 3.4613795245231998e-15
507 1706 13 1.4264982837723015e-12
507 2552 16 1.537834364319045e-16
512 1228 21 1.0932729458968716e-23
516 1940 33 6.959678684284734e-43
518 570 44 2.345294564222733e-62
520 939 10 6.602669426362752e-09
521 2007 12 2.5875646620628598e-11
524 2502 14 7.283401613264801e-14
525 1339 21 1.0932729458968716e-23
525 1653 10 6.602669426362752e-09
525 1719 25 8.389913731678529e-30
526 1496 11 4.3220059971467206e-10
526 2178 13 1.4264982837723015e-12
533 841 12 2.5875646620628598e-11
535 1712 11 4.3220059971467206e-10
543 841 11 4.3220059971467206e-10
543 852 64 3.978619266348601e-101
543 853 14 7.283401613264801e-14
543 1002 23 1.0495588766083284e-26
543 1155 77 3.390786373460237e-128
543 1156 15 3.4613795245231998e-15
543 1542 61 4.490562910300102e-95
543 1786 27 5.65867735049335e-33
543 2033 37 8.731682120736433e-50
543 2137 24 3.033491142064131e-28
543 2236 10 6.602669426362752e-09
543 2332 12 2.5875646620628598e-11
544 1542 45 3.367716753853762e-64
545 1542 40 4.231634153288774e-55
546 1542 37 8.731682120736433e-50
547 1542 42 1.0515575139454886e-58
548 1542 54 2.9184615133945213e-81
549 1542 40 4.231634153288774e-55
550 1542 35 2.62586982426198e-46
551 1542 51 1.7544601834912173e-75
551 2429 21 1.0932729458968716e-23
552 1542 21 1.0932729458968716e-23
553 1542 26 2.224010868142942e-31
554 1542 29 3.256689918361335e-36
555 717 12 2.5875646620628598e-11
555 1542 39 2.5741081480193363e-53
555 1693 12 2.5875646620628598e-11
556 1542 18 2.5173612649503173e-19
557 1542 25 8.389913731678529e-30
558 1542 20 3.278615886402252e-22
559 1542 24 3.033491142064131e-28
559 2053 11 4.3220059971467206e-10
560 1237 12 2.5875646620628598e-11
560 1542 24 3.033491142064131e-28
561 1542 21 1.0932729458968716e-23
562 1542 28 1.383819093506712e-34
563 1542 19 9.335116913774724e-21
564 1542 23 1.0495588766083284e-26
565 1542 22 3.469009785506029e-25
566 1542 20 3.278615886402252e-22
567 1542 17 6.411832634234445e-18
568 1542 10 6.602669426362752e-09
569 1542 17 6.411832634234445e-18
570 1542 14 7.283401613264801e-14
571 1542 12 2.5875646620628598e-11
572 1542 20 3.278615886402252e-22
573 827 11 4.3220059971467206e-10
573 1542 28 1.383819093506712e-34
574 1542 27 5.65867735049335e-33
575 1542 13 1.4264982837723015e-12
576 1542 13 1.4264982837723015e-12
577 1542 13 1.4264982837723015e-12
578 860 11 4.3220059971467206e-10
579 860 19 9.335116913774724e-21
579 1542 13 1.4264982837723015e-12
579 1800 13 1.4264982837723015e-12
580 1542 19 9.335116913774724e-21
581 1542 21 1.0932729458968716e-23
581 2304 22 3.469009785506029e-25
581 2584 11 4.3220059971467206e-10
583 1515 10 6.602669426362752e-09
583 1542 17 6.411832634234445e-18
584 1542 17 6.411832634234445e-18
585 2271 13 1.4264982837723015e-12
586 1655 10 6.602669426362752e-09
586 1968 12 2.5875646620628598e-11
587 1212 10 6.602669426362752e-09
588 1542 17 6.411832634234445e-18
591 1542 10 6.602669426362752e-09
592 2460 11 4.3220059971467206e-10
593 1325 13 1.4264982837723015e-12
593 1542 10 6.602669426362752e-09
594 1542 10 6.602669426362752e-09
596 1542 12 2.5875646620628598e-11
599 1542 10 6.602669426362752e-09
608 1698 17 6.411832634234445e-18
609 1637 10 6.602669426362752e-09
611 2429 24 3.033491142064131e-28
612 2245 10 6.602669426362752e-09
614 1677 15 3.4613795245231998e-15
615 1677 15 3.4613795245231998e-15
624 1542 12 2.5875646620628598e-11
625 1542 10 6.602669426362752e-09
636 2541 10 6.602669426362752e-09
638 761 12 2.5875646620628598e-11
638 2564 11 4.3220059971467206e-10
646 1735 13 1.4264982837723015e-12
648 1417 12 2.5875646620628598e-11
651 2088 15 3.4613795245231998e-15
653 1583 15 3.4613795245231998e-15
654 1349 30 7.384401965119247e-38
656 1283 14 7.283401613264801e-14
656 1715 15 3.4613795245231998e-15
656 2193 10 6.602669426362752e-09
656 2194 30 7.384401965119247e-38
656 2289 17 6.411832634234445e-18
659 1598 12 2.5875646620628598e-11
662 1794 12 2.5875646620628598e-11
663 2390 12 2.5875646620628598e-11
665 2480 10 6.602669426362752e-09
667 1099 15 3.4613795245231998e-15
667 1542 10 6.602669426362752e-09
669 1656 11 4.3220059971467206e-10
669 2280 10 6.602669426362752e-09
671 1962 22 3.469009785506029e-25
672 969 11 4.3220059971467206e-10
672 2151 23 1.0495588766083284e-26
672 2263 10 6.602669426362752e-09
673 1655 12 2.5875646620628598e-11
673 2129 10 6.602669426362752e-09
673 2260 15 3.4613795245231998e-15
673 2261 10 6.602669426362752e-09
674 2257 11 4.3220059971467206e-10
675 1658 11 4.3220059971467206e-10
677 738 62 4.3987753989329316e-97
677 1277 10 6.602669426362752e-09
678 812 11 4.3220059971467206e-10
678 2110 10 6.602669426362752e-09
681 846 13 1.4264982837723015e-12
682 843 10 6.602669426362752e-09
684 971 13 1.4264982837723015e-12
684 2156 28 1.383819093506712e-34
686 2271 14 7.283401613264801e-14
687 1542 12 2.5875646620628598e-11
688 814 11 4.3220059971467206e-10
688 815 12 2.5875646620628598e-11
689 815 11 4.3220059971467206e-10
689 816 10 6.602669426362752e-09
689 819 11 4.3220059971467206e-10
689 1278 12 2.5875646620628598e-11
689 1279 12 2.5875646620628598e-11
689 1542 11 4.3220059971467206e-10
690 811 10 6.602669426362752e-09
690 814 12 2.5875646620628598e-11
690 1773 10 6.602669426362752e-09
691 814 21 1.0932729458968716e-23
691 815 11 4.3220059971467206e-10
691 820 10 6.602669426362752e-09
691 1276 13 1.4264982837723015e-12
693 1276 10 6.602669426362752e-09
693 2346 18 2.5173612649503173e-19
694 1262 10 6.602669426362752e-09
694 1542 10 6.602669426362752e-09
694 2006 21 1.0932729458968716e-23
694 2120 18 2.5173612649503173e-19
694 2364 14 7.283401613264801e-14
695 1659 12 2.5875646620628598e-11
695 2364 59 4.405992931958922e-91
699 1227 33 6.959678684284734e-43
699 1542 46 4.714031078612285e-66
699 1664 17 6.411832634234445e-18
699 1786 23 1.0495588766083284e-26
699 2137 20 3.278615886402252e-22
699 2332 11 4.3220059971467206e-10
700 1542 29 3.256689918361335e-36
701 1216 13 1.4264982837723015e-12
701 1542 34 1.3739164843851982e-44
702 1542 24 3.033491142064131e-28
703 1466 14 7.283401613264801e-14
703 1542 20 3.278615886402252e-22
704 1542 31 1.6149966120609107e-39
705 1542 26 2.224010868142942e-31
706 1542 17 6.411832634234445e-18
708 1542 20 3.278615886402252e-22
709 1542 22 3.469009785506029e-25
710 1542 25 8.389913731678529e-30
711 1542 23 1.0495588766083284e-26
712 1542 17 6.411832634234445e-18
713 1542 13 1.4264982837723015e-12
714 1542 18 2.5173612649503173e-19
715 1321 11 4.3220059971467206e-10
715 1542 20 3.278615886402252e-22
715 2442 23 1.0495588766083284e-26
716 1542 27 5.65867735049335e-33
717 1542 13 1.4264982837723015e-12
717 2023 16 1.537834364319045e-16
718 1542 12 2.5875646620628598e-11
719 1542 23 1.0495588766083284e-26
720 1542 17 6.411832634234445e-18
721 1542 11 4.3220059971467206e-10
723 1542 15 3.4613795245231998e-15
724 1542 13 1.4264982837723015e-12
725 1542 16 1.537834364319045e-16
726 1542 18 2.5173612649503173e-19
727 1542 22 3.469009785506029e-25
728 1542 39 2.5741081480193363e-53
728 1873 10 6.602669426362752e-09
729 1542 126 0.0
730 1542 18 2.5173612649503173e-19
731 1542 14 7.283401613264801e-14
732 879 10 6.602669426362752e-09
732 2263 11 4.3220059971467206e-10
733 1004 24 3.033491142064131e-28
733 1542 15 3.4613795245231998e-15
734 1492 11 4.3220059971467206e-10
734 1542 10 6.602669426362752e-09
735 1542 10 6.602669426362752e-09
735 2156 11 4.3220059971467206e-10
737 2562 19 9.335116913774724e-21
739 1220 15 3.4613795245231998e-15
740 1891 12 2.5875646620628598e-11
743 1191 14 7.283401613264801e-14
744 1247 19 9.335116913774724e-21
746 930 11 4.3220059971467206e-10
747 918 10 6.602669426362752e-09
749 1542 10 6.602669426362752e-09
751 2364 31 1.6149966120609107e-39
762 1022 10 6.602669426362752e-09
770 1525 19 9.335116913774724e-21
771 1525 72 1.2509368134485706e-117
771 1596 10 6.602669426362752e-09
773 1542 17 6.411832634234445e-18
774 1165 13 1.4264982837723015e-12
775 1923 15 3.4613795245231998e-15
775 1924 13 1.4264982837723015e-12
775 2137 23 1.0495588766083284e-26
776 908 11 4.3220059971467206e-10
777 1228 15 3.4613795245231998e-15
778 2044 10 6.602669426362752e-09
784 1764 20 3.278615886402252e-22
786 1366 55 3.3076100055508806e-83
786 2141 11 4.3220059971467206e-10
788 2139 25 8.389913731678529e-30
789 2139 14 7.283401613264801e-14
794 2637 11 4.3220059971467206e-10
808 1640 10 6.602669426362752e-09
810 1611 15 3.4613795245231998e-15
810 1636 11 4.3220059971467206e-10
810 1637 12 2.5875646620628598e-11
810 1656 10 6.602669426362752e-09
810 1659 10 6.602669426362752e-09
811 1070 18 2.5173612649503173e-19
811 1611 15 3.4613795245231998e-15
811 1637 10 6.602669426362752e-09
811 1656 10 6.602669426362752e-09
811 1659 11 4.3220059971467206e-10
811 2477 10 6.602669426362752e-09
812 1028 10 6.602669426362752e-09
812 1469 10 6.602669426362752e-09
817 1638 15 3.4613795245231998e-15
818 2617 14 7.283401613264801e-14
819 1274 10 6.602669426362752e-09
819 1627 10 6.602669426362752e-09
819 1641 12 2.5875646620628598e-11
819 1656 10 6.602669426362752e-09
819 1658 11 4.3220059971467206e-10
819 2425 10 6.602669426362752e-09
819 2426 10 6.602669426362752e-09
823 2094 16 1.537834364319045e-16
825 1390 14 7.283401613264801e-14
826 1938 36 4.862684193794855e-48
826 1939 18 2.5173612649503173e-19
826 2257 60 4.493398528812031e-93
830 1022 10 6.602669426362752e-09
832 853 18 2.5173612649503173e-19
834 957 14 7.283401613264801e-14
837 1542 10 6.602669426362752e-09
840 1653 11 4.3220059971467206e-10
841 1328 14 7.283401613264801e-14
841 2550 13 1.4264982837723015e-12
843 1420 21 1.0932729458968716e-23
843 1647 14 7.283401613264801e-14
843 1652 11 4.3220059971467206e-10
843 2272 88 4.437630294460584e-152
845 1052 10 6.602669426362752e-09
845 1224 24 3.033491142064131e-28
845 1653 13 1.4264982837723015e-12
847 998 12 2.5875646620628598e-11
852 1155 12 2.5875646620628598e-11
852 1354 15 3.4613795245231998e-15
852 1542 75 6.019768161846457e-124
852 1647 10 6.602669426362752e-09
852 1786 24 3.033491142064131e-28
852 2033 12 2.5875646620628598e-11
852 2137 36 4.862684193794855e-48
852 2272 156 0.0
852 2332 26 2.224010868142942e-31
853 1542 57 3.9820234097881144e-87
853 2137 12 2.5875646620628598e-11
854 1542 57 3.9820234097881144e-87
854 1839 15 3.4613795245231998e-15
855 1542 46 4.714031078612285e-66
856 1324 13 1.4264982837723015e-12
856 1542 32 3.4102828345501084e-41
856 2291 21 1.0932729458968716e-23
857 1542 42 1.0515575139454886e-58
857 2081 14 7.283401613264801e-14
857 2152 16 1.537834364319045e-16
858 1542 41 6.763311339462704e-57
859 1542 35 2.62586982426198e-46
860 1207 20 3.278615886402252e-22
860 1542 30 7.384401965119247e-38
861 1542 31 1.6149966120609107e-39
862 1542 29 3.256689918361335e-36
863 1542 23 1.0495588766083284e-26
864 1542 23 1.0495588766083284e-26
865 1542 19 9.335116913774724e-21
866 1187 24 3.033491142064131e-28
866 1542 41 6.763311339462704e-57
867 1542 33 6.959678684284734e-43
867 2381 17 6.411832634234445e-18
868 1542 16 1.537834364319045e-16
868 2523 12 2.5875646620628598e-11
869 1542 26 2.224010868142942e-31
870 1542 24 3.033491142064131e-28
871 1542 22 3.469009785506029e-25
872 1542 27 5.65867735049335e-33
873 1542 28 1.383819093506712e-34
873 1706 10 6.602669426362752e-09
874 1182 13 1.4264982837723015e-12
874 1542 23 1.0495588766083284e-26
875 1182 44 2.345294564222733e-62
875 1542 20 3.278615886402252e-22
876 1542 21 1.0932729458968716e-23
877 1542 34 1.3739164843851982e-44
878 1542 20 3.278615886402252e-22
879 1029 10 6.602669426362752e-09
879 1163 11 4.3220059971467206e-10
879 1165 11 4.3220059971467206e-10
879 1166 15 3.4613795245231998e-15
879 1180 10 6.602669426362752e-09
879 1299 11 4.3220059971467206e-10
879 1345 10 6.602669426362752e-09
879 1402 11 4.3220059971467206e-10
879 1405 12 2.5875646620628598e-11
879 1448 11 4.3220059971467206e-10
879 1451 10 6.602669426362752e-09
879 1542 30 7.384401965119247e-38
879 1598 10 6.602669426362752e-09
879 1617 10 6.602669426362752e-09
879 1925 10 6.602669426362752e-09
879 2040 10 6.602669426362752e-09
879 2067 13 1.4264982837723015e-12
879 2129 15 3.4613795245231998e-15
879 2238 12 2.5875646620628598e-11
879 2240 13 1.4264982837723015e-12
879 2257 17 6.411832634234445e-18
879 2264 11 4.3220059971467206e-10
879 2277 11 4.3220059971467206e-10
879 2387 10 6.602669426362752e-09
879 2430 12 2.5875646620628598e-11
880 1542 17 6.411832634234445e-18
881 1542 18 2.5173612649503173e-19
882 1542 20 3.278615886402252e-22
882 2244 10 6.602669426362752e-09
883 1542 25 8.389913731678529e-30
884 1542 29 3.256689918361335e-36
885 1542 15 3.4613795245231998e-15
886 1542 20 3.278615886402252e-22
886 1688 65 3.675400771452043e-103
887 1542 19 9.335116913774724e-21
888 1542 13 1.4264982837723015e-12
889 1542 15 3.4613795245231998e-15
891 1542 16 1.537834364319045e-16
892 1542 11 4.3220059971467206e-10
893 1542 13 1.4264982837723015e-12
898 1542 18 2.5173612649503173e-19
899 1542 15 3.4613795245231998e-15
899 2286 22 3.469009785506029e-25
900 1542 15 3.4613795245231998e-15
901 1542 15 3.4613795245231998e-15
902 1542 13 1.4264982837723015e-12
902 2478 16 1.537834364319045e-16
905 1542 11 4.3220059971467206e-10
905 1610 14 7.283401613264801e-14
905 1831 31 1.6149966120609107e-39
905 2165 22 3.469009785506029e-25
906 1542 10 6.602669426362752e-09
906 2165 13 1.4264982837723015e-12
907 1129 23 1.0495588766083284e-26
907 1542 10 6.602669426362752e-09
908 1542 10 6.602669426362752e-09
912 1108 12 2.5875646620628598e-11
915 1585 55 3.3076100055508806e-83
915 2419 19 9.335116913774724e-21
916 2419 57 3.9820234097881144e-87
919 2447 62 4.3987753989329316e-97
919 2448 22 3.469009785506029e-25
921 1417 18 2.5173612649503173e-19
921 1542 10 6.602669426362752e-09
925 1321 12 2.5875646620628598e-11
925 2182 55 3.3076100055508806e-83
925 2585 13 1.4264982837723015e-12
926 1321 14 7.283401613264801e-14
929 1406 13 1.4264982837723015e-12
934 1163 15 3.4613795245231998e-15
934 1542 10 6.602669426362752e-09
935 1542 10 6.602669426362752e-09
935 2464 11 4.3220059971467206e-10
936 1542 11 4.3220059971467206e-10
940 1103 26 2.224010868142942e-31
940 2449 23 1.0495588766083284e-26
942 1454 10 6.602669426362752e-09
952 2584 13 1.4264982837723015e-12
955 2008 11 4.3220059971467206e-10
955 2521 36 4.862684193794855e-48
956 2428 10 6.602669426362752e-09
957 2187 26 2.224010868142942e-31
960 1194 11 4.3220059971467206e-10
960 1628 10 6.602669426362752e-09
960 1645 10 6.602669426362752e-09
961 1645 18 2.5173612649503173e-19
963 1853 21 1.0932729458968716e-23
964 1436 11 4.3220059971467206e-10
964 1884 11 4.3220059971467206e-10
964 2221 10 6.602669426362752e-09
964 2571 16 1.537834364319045e-16
965 1542 10 6.602669426362752e-09
969 1655 10 6.602669426362752e-09
972 2111 11 4.3220059971467206e-10
977 2297 13 1.4264982837723015e-12
982 1189 18 2.5173612649503173e-19
982 1190 31 1.6149966120609107e-39
982 1839 15 3.4613795245231998e-15
983 1652 10 6.602669426362752e-09
983 1653 10 6.602669426362752e-09
983 2411 12 2.5875646620628598e-11
989 1866 19 9.335116913774724e-21
989 1941 21 1.0932729458968716e-23
995 2184 12 2.5875646620628598e-11
996 1231 11 4.3220059971467206e-10
996 1430 14 7.283401613264801e-14
996 1496 48 8.571388458877642e-70
997 1121 11 4.3220059971467206e-10
1002 1542 110 3.0861829615409506e-202
1002 2129 35 2.62586982426198e-46
1003 1542 81 8.79276723293052e-137
1003 2129 18 2.5173612649503173e-19
1004 1542 34 1.3739164843851982e-44
1005 1542 67 2.962616110012612e-107
1005 2129 18 2.5173612649503173e-19
1006 1407 31 1.6149966120609107e-39
1006 1542 12 2.5875646620628598e-11
1006 2648 24 3.033491142064131e-28
1009 1542 12 2.5875646620628598e-11
1010 1542 11 4.3220059971467206e-10
1011 1542 20 3.278615886402252e-22
1011 2334 15 3.4613795245231998e-15
1012 1542 30 7.384401965119247e-38
1013 1542 19 9.335116913774724e-21
1015 1542 25 8.389913731678529e-30
1016 1542 36 4.862684193794855e-48
1016 1939 18 2.5173612649503173e-19
1017 1542 15 3.4613795245231998e-15
1018 1542 23 1.0495588766083284e-26
1018 2207 11 4.3220059971467206e-10
1019 1542 26 2.224010868142942e-31
1022 1264 10 6.602669426362752e-09
1022 1273 11 4.3220059971467206e-10
1022 1280 10 6.602669426362752e-09
1022 1542 17 6.411832634234445e-18
1023 1196 40 4.231634153288774e-55
1023 1197 11 4.3220059971467206e-10
1023 1542 12 2.5875646620628598e-11
1024 1304 11 4.3220059971467206e-10
1024 1542 25 8.389913731678529e-30
1024 2257 11 4.3220059971467206e-10
1025 1542 21 1.0932729458968716e-23
1026 1542 16 1.537834364319045e-16
1027 1306 10 6.602669426362752e-09
1027 1542 28 1.383819093506712e-34
1027 2129 11 4.3220059971467206e-10
1028 1305 10 6.602669426362752e-09
1028 1314 17 6.411832634234445e-18
1028 1542 17 6.411832634234445e-18
1028 2258 10 6.602669426362752e-09
1028 2267 10 6.602669426362752e-09
1029 1164 10 6.602669426362752e-09
1029 1542 16 1.537834364319045e-16
1029 2129 13 1.4264982837723015e-12
1030 1542 21 1.0932729458968716e-23
1030 2257 10 6.602669426362752e-09
1031 1740 11 4.3220059971467206e-10
1033 1542 11 4.3220059971467206e-10
1033 1633 11 4.3220059971467206e-10
1034 1542 20 3.278615886402252e-22
1035 1542 20 3.278615886402252e-22
1036 1542 12 2.5875646620628598e-11
1036 1545 10 6.602669426362752e-09
1037 1542 17 6.411832634234445e-18
1046 2497 12 2.5875646620628598e-11
1048 1542 14 7.283401613264801e-14
1049 1542 11 4.3220059971467206e-10
1050 1542 13 1.4264982837723015e-12
1051 1305 10 6.602669426362752e-09
1051 1542 11 4.3220059971467206e-10
1055 1542 12 2.5875646620628598e-11
1056 1542 10 6.602669426362752e-09
1057 1542 10 6.602669426362752e-09
1057 1820 11 4.3220059971467206e-10
1073 1542 10 6.602669426362752e-09
1077 1542 11 4.3220059971467206e-10
1082 2011 18 2.5173612649503173e-19
1085 2109 11 4.3220059971467206e-10
1085 2460 14 7.283401613264801e-14
1086 1404 10 6.602669426362752e-09
1086 2647 19 9.335116913774724e-21
1090 1261 11 4.3220059971467206e-10
1092 1977 34 1.3739164843851982e-44
1092 2038 20 3.278615886402252e-22
1095 1161 24 3.033491142064131e-28
1095 2326 12 2.5875646620628598e-11
1095 2327 46 4.714031078612285e-66
1098 1631 17 6.411832634234445e-18
1101 1213 15 3.4613795245231998e-15
1102 1925 10 6.602669426362752e-09
1102 2203 33 6.959678684284734e-43
1108 1331 33 6.959678684284734e-43
1109 1681 20 3.278615886402252e-22
1110 1781 23 1.0495588766083284e-26
1110 2043 15 3.4613795245231998e-15
1116 1459 14 7.283401613264801e-14
1120 1462 33 6.959678684284734e-43
1121 2269 16 1.537834364319045e-16
1128 1485 16 1.537834364319045e-16
1132 1840 10 6.602669426362752e-09
1132 1841 13 1.4264982837723015e-12
1133 1392 11 4.3220059971467206e-10
1133 1489 10 6.602669426362752e-09
1133 1659 10 6.602669426362752e-09
1133 2108 10 6.602669426362752e-09
1133 2265 10 6.602669426362752e-09
1134 2465 36 4.862684193794855e-48
1135 1640 10 6.602669426362752e-09
1136 1720 16 1.537834364319045e-16
1136 2150 15 3.4613795245231998e-15
1149 1542 10 6.602669426362752e-09
1150 1583 14 7.283401613264801e-14
1151 2109 10 6.602669426362752e-09
1155 1542 148 0.0
1155 2129 19 9.335116913774724e-21
1155 2272 127 0.0
1156 1326 22 3.469009785506029e-25
1156 1542 90 1.641666417842747e-156
1156 1786 15 3.4613795245231998e-15
1156 2129 18 2.5173612649503173e-19
1157 1542 63 4.224493301270016e-99
1157 1923 30 7.384401965119247e-38
1157 2129 12 2.5875646620628598e-11
1158 1542 54 2.9184615133945213e-81
1158 2129 15 3.4613795245231998e-15
1159 1542 45 3.367716753853762e-64
1159 1562 13 1.4264982837723015e-12
1160 1542 80 1.263176077722024e-134
1161 1542 66 3.3311021969956134e-105
1161 2129 11 4.3220059971467206e-10
1162 1542 60 4.493398528812031e-93
1162 1811 11 4.3220059971467206e-10
1162 2129 10 6.602669426362752e-09
1162 2629 14 7.283401613264801e-14
1163 1542 47 6.435279447812373e-68
1163 2423 10 6.602669426362752e-09
1164 1542 41 6.763311339462704e-57
1164 2238 11 4.3220059971467206e-10
1164 2257 10 6.602669426362752e-09
1165 1542 45 3.367716753853762e-64
1165 1543 12 2.5875646620628598e-11
1165 1926 10 6.602669426362752e-09
1166 1542 38 1.5214227658767585e-51
1166 2129 12 2.5875646620628598e-11
1167 1542 33 6.959678684284734e-43
1167 2033 11 4.3220059971467206e-10
1168 1542 25 8.389913731678529e-30
1168 2349 11 4.3220059971467206e-10
1169 1542 31 1.6149966120609107e-39
1170 1542 33 6.959678684284734e-43
1171 1542 15 3.4613795245231998e-15
1175 1542 35 2.62586982426198e-46
1175 2257 11 4.3220059971467206e-10
1176 1542 28 1.383819093506712e-34
1176 2257 10 6.602669426362752e-09
1177 1542 34 1.3739164843851982e-44
1178 1542 27 5.65867735049335e-33
1178 2364 11 4.3220059971467206e-10
1179 1542 30 7.384401965119247e-38
1179 2257 11 4.3220059971467206e-10
1180 1542 27 5.65867735049335e-33
1180 1710 11 4.3220059971467206e-10
1181 1360 11 4.3220059971467206e-10
1181 1447 16 1.537834364319045e-16
1181 1542 15 3.4613795245231998e-15
1182 1542 19 9.335116913774724e-21
1183 1535 10 6.602669426362752e-09
1183 1542 15 3.4613795245231998e-15
1184 1542 19 9.335116913774724e-21
1185 1542 16 1.537834364319045e-16
1186 1542 19 9.335116913774724e-21
1186 2097 15 3.4613795245231998e-15
1186 2630 12 2.5875646620628598e-11
1187 1542 18 2.5173612649503173e-19
1187 2630 17 6.411832634234445e-18
1188 1542 23 1.0495588766083284e-26
1189 1542 21 1.0932729458968716e-23
1190 1542 17 6.411832634234445e-18
1191 1542 15 3.4613795245231998e-15
1192 1542 15 3.4613795245231998e-15
1193 1542 19 9.335116913774724e-21
1193 2197 12 2.5875646620628598e-11
1194 1542 19 9.335116913774724e-21
1195 1542 10 6.602669426362752e-09
1197 1542 18 2.5173612649503173e-19
1199 1542 13 1.4264982837723015e-12
1200 1542 14 7.283401613264801e-14
1201 1542 14 7.283401613264801e-14
1201 1787 15 3.4613795245231998e-15
1201 2494 11 4.3220059971467206e-10
1203 1921 18 2.5173612649503173e-19
1204 2340 14 7.283401613264801e-14
1206 1542 12 2.5875646620628598e-11
1207 1542 10 6.602669426362752e-09
1211 1542 11 4.3220059971467206e-10
1212 1542 10 6.602669426362752e-09
1215 1542 12 2.5875646620628598e-11
1217 2253 23 1.0495588766083284e-26
1218 2073 14 7.283401613264801e-14
1218 2253 11 4.3220059971467206e-10
1219 2489 14 7.283401613264801e-14
1221 1423 30 7.384401965119247e-38
1223 1542 12 2.5875646620628598e-11
1224 2105 12 2.5875646620628598e-11
1225 1542 11 4.3220059971467206e-10
1229 1955 27 5.65867735049335e-33
1230 2373 14 7.283401613264801e-14
1232 1542 10 6.602669426362752e-09
1232 1782 10 6.602669426362752e-09
1237 2261 11 4.3220059971467206e-10
1239 1339 35 2.62586982426198e-46
1239 2424 10 6.602669426362752e-09
1240 1339 11 4.3220059971467206e-10
1241 2624 14 7.283401613264801e-14
1244 2360 18 2.5173612649503173e-19
1247 1608 30 7.384401965119247e-38
1253 1955 13 1.4264982837723015e-12
1253 2397 14 7.283401613264801e-14
1255 1713 23 1.0495588766083284e-26
1256 1713 42 1.0515575139454886e-58
1256 2535 10 6.602669426362752e-09
1260 1465 19 9.335116913774724e-21
1260 1466 173 0.0
1260 1467 19 9.335116913774724e-21
1260 1468 14 7.283401613264801e-14
1260 1535 11 4.3220059971467206e-10
1260 1542 10 6.602669426362752e-09
1261 1347 10 6.602669426362752e-09
1261 1637 10 6.602669426362752e-09
1261 2537 13 1.4264982837723015e-12
1271 1542 11 4.3220059971467206e-10
1275 1542 10 6.602669426362752e-09
1277 1665 35 2.62586982426198e-46
1277 2129 10 6.602669426362752e-09
1279 1542 10 6.602669426362752e-09
1281 1659 10 6.602669426362752e-09
1281 1660 10 6.602669426362752e-09
1281 2212 11 4.3220059971467206e-10
1281 2328 10 6.602669426362752e-09
1282 1860 14 7.283401613264801e-14
1282 2328 25 8.389913731678529e-30
1283 1538 12 2.5875646620628598e-11
1283 2328 62 4.3987753989329316e-97
1283 2419 13 1.4264982837723015e-12
1283 2481 15 3.4613795245231998e-15
1287 1542 78 2.480920848081689e-130
1288 1542 46 4.714031078612285e-66
1289 1466 12 2.5875646620628598e-11
1289 1542 45 3.367716753853762e-64
1289 1749 14 7.283401613264801e-14
1289 1750 15 3.4613795245231998e-15
1289 2637 11 4.3220059971467206e-10
1290 1542 35 2.62586982426198e-46
1291 1542 47 6.435279447812373e-68
1292 1542 33 6.959678684284734e-43
1293 1542 37 8.731682120736433e-50
1294 1542 40 4.231634153288774e-55
1295 1542 27 5.65867735049335e-33
1296 1542 36 4.862684193794855e-48
1297 1542 39 2.5741081480193363e-53
1298 1542 48 8.571388458877642e-70
1299 1542 38 1.5214227658767585e-51
1299 2138 11 4.3220059971467206e-10
1300 1542 29 3.256689918361335e-36
1301 1542 25 8.389913731678529e-30
1302 1542 25 8.389913731678529e-30
1302 2126 10 6.602669426362752e-09
1303 1542 25 8.389913731678529e-30
1303 2563 18 2.5173612649503173e-19
1304 1542 39 2.5741081480193363e-53
1304 2363 11 4.3220059971467206e-10
1304 2563 11 4.3220059971467206e-10
1305 1542 42 1.0515575139454886e-58
1305 1543 10 6.602669426362752e-09
1306 1542 23 1.0495588766083284e-26
1307 1542 21 1.0932729458968716e-23
1308 1542 22 3.469009785506029e-25
1309 1542 16 1.537834364319045e-16
1310 1542 10 6.602669426362752e-09
1310 2027 13 1.4264982837723015e-12
1311 1542 11 4.3220059971467206e-10
1313 1542 11 4.3220059971467206e-10
1314 1542 28 1.383819093506712e-34
1315 1542 31 1.6149966120609107e-39
1316 1542 22 3.469009785506029e-25
1317 1542 15 3.4613795245231998e-15
1318 1542 14 7.283401613264801e-14
1319 1542 19 9.335116913774724e-21
1320 1542 14 7.283401613264801e-14
1321 1542 19 9.335116913774724e-21
1322 1542 14 7.283401613264801e-14
1323 1542 15 3.4613795245231998e-15
1323 1580 11 4.3220059971467206e-10
1324 1542 21 1.0932729458968716e-23
1324 2080 21 1.0932729458968716e-23
1324 2081 11 4.3220059971467206e-10
1325 1542 16 1.537834364319045e-16
1326 1542 16 1.537834364319045e-16
1327 1542 13 1.4264982837723015e-12
1327 2257 11 4.3220059971467206e-10
1328 2260 10 6.602669426362752e-09
1328 2263 11 4.3220059971467206e-10
1329 1542 16 1.537834364319045e-16
1330 1542 13 1.4264982837723015e-12
1331 1542 19 9.335116913774724e-21
1331 1961 11 4.3220059971467206e-10
1332 1542 11 4.3220059971467206e-10
1334 1542 12 2.5875646620628598e-11
1334 2112 16 1.537834364319045e-16
1336 1542 10 6.602669426362752e-09
1337 1542 15 3.4613795245231998e-15
1337 2162 14 7.283401613264801e-14
1338 1542 13 1.4264982837723015e-12
1339 1542 17 6.411832634234445e-18
1340 1542 14 7.283401613264801e-14
1341 1542 11 4.3220059971467206e-10
1341 1786 12 2.5875646620628598e-11
1342 1542 14 7.283401613264801e-14
1343 1542 12 2.5875646620628598e-11
1344 1542 12 2.5875646620628598e-11
1345 1542 12 2.5875646620628598e-11
1347 1542 17 6.411832634234445e-18
1348 1542 13 1.4264982837723015e-12
1348 2263 10 6.602669426362752e-09
1348 2614 21 1.0932729458968716e-23
1349 1542 15 3.4613795245231998e-15
1349 1838 10 6.602669426362752e-09
1350 1542 10 6.602669426362752e-09
1350 2046 11 4.3220059971467206e-10
1351 2318 31 1.6149966120609107e-39
1353 1542 15 3.4613795245231998e-15
1356 1542 12 2.5875646620628598e-11
1357 2579 15 3.4613795245231998e-15
1360 2558 10 6.602669426362752e-09
1362 1560 17 6.411832634234445e-18
1365 2297 10 6.602669426362752e-09
1366 1822 39 2.5741081480193363e-53
1371 2197 13 1.4264982837723015e-12
1385 1887 10 6.602669426362752e-09
1390 1542 11 4.3220059971467206e-10
1390 2179 25 8.389913731678529e-30
1391 1636 10 6.602669426362752e-09
1391 1655 10 6.602669426362752e-09
1391 1659 11 4.3220059971467206e-10
1391 1660 11 4.3220059971467206e-10
1391 1774 12 2.5875646620628598e-11
1392 1542 11 4.3220059971467206e-10
1392 1654 11 4.3220059971467206e-10
1392 1655 15 3.4613795245231998e-15
1394 1626 10 6.602669426362752e-09
1402 2183 59 4.405992931958922e-91
1402 2184 14 7.283401613264801e-14
1403 1641 10 6.602669426362752e-09
1404 1865 14 7.283401613264801e-14
1407 2648 15 3.4613795245231998e-15
1412 1542 27 5.65867735049335e-33
1412 1711 16 1.537834364319045e-16
1412 1786 10 6.602669426362752e-09
1413 1542 32 3.4102828345501084e-41
1414 1542 43 1.5913634196832594e-60
1415 1542 66 3.3311021969956134e-105
1416 1542 39 2.5741081480193363e-53
1417 1542 31 1.6149966120609107e-39
1418 1542 33 6.959678684284734e-43
1419 1542 26 2.224010868142942e-31
1420 1542 23 1.0495588766083284e-26
1421 1542 38 1.5214227658767585e-51
1422 1542 30 7.384401965119247e-38
1422 1757 14 7.283401613264801e-14
1423 1542 22 3.469009785506029e-25
1424 1542 18 2.5173612649503173e-19
1424 1556 18 2.5173612649503173e-19
1425 1542 26 2.224010868142942e-31
1425 1556 11 4.3220059971467206e-10
1426 1542 25 8.389913731678529e-30
1426 2456 17 6.411832634234445e-18
1427 1542 33 6.959678684284734e-43
1428 1542 17 6.411832634234445e-18
1429 1542 20 3.278615886402252e-22
1430 1542 24 3.033491142064131e-28
1430 1786 29 3.256689918361335e-36
1431 1542 14 7.283401613264801e-14
1432 1542 16 1.537834364319045e-16
1433 1542 23 1.0495588766083284e-26
1434 1542 20 3.278615886402252e-22
1435 1542 16 1.537834364319045e-16
1435 1692 17 6.411832634234445e-18
1436 1542 15 3.4613795245231998e-15
1437 1542 20 3.278615886402252e-22
1438 1542 14 7.283401613264801e-14
1439 1542 13 1.4264982837723015e-12
1439 2407 39 2.5741081480193363e-53
1439 2408 13 1.4264982837723015e-12
1440 1542 12 2.5875646620628598e-11
1442 1542 16 1.537834364319045e-16
1443 1542 14 7.283401613264801e-14
1445 1542 16 1.537834364319045e-16
1446 1542 12 2.5875646620628598e-11
1448 1542 20 3.278615886402252e-22
1449 1542 12 2.5875646620628598e-11
1450 1542 15 3.4613795245231998e-15
1451 1542 20 3.278615886402252e-22
1452 1542 14 7.283401613264801e-14
1453 1542 17 6.411832634234445e-18
1461 1804 11 4.3220059971467206e-10
1465 1542 10 6.602669426362752e-09
1468 1542 11 4.3220059971467206e-10
1468 2048 11 4.3220059971467206e-10
1469 1542 13 1.4264982837723015e-12
1470 2585 10 6.602669426362752e-09
1471 1542 11 4.3220059971467206e-10
1474 1788 21 1.0932729458968716e-23
1475 1788 63 4.224493301270016e-99
1476 1788 10 6.602669426362752e-09
1486 2265 16 1.537834364319045e-16
1488 1542 11 4.3220059971467206e-10
1488 2466 12 2.5875646620628598e-11
1489 1640 11 4.3220059971467206e-10
1489 1656 11 4.3220059971467206e-10
1489 1657 11 4.3220059971467206e-10
1489 1658 11 4.3220059971467206e-10
1489 2279 10 6.602669426362752e-09
1489 2280 12 2.5875646620628598e-11
1490 1773 16 1.537834364319045e-16
1497 2041 10 6.602669426362752e-09
1502 2171 13 1.4264982837723015e-12
1511 1652 19 9.335116913774724e-21
1511 2561 10 6.602669426362752e-09
1516 2306 23 1.0495588766083284e-26
1523 2050 11 4.3220059971467206e-10
1525 2267 12 2.5875646620628598e-11
1530 1773 10 6.602669426362752e-09
1537 2641 10 6.602669426362752e-09
1538 2481 21 1.0932729458968716e-23
1542 1664 28 1.383819093506712e-34
1542 1665 26 2.224010868142942e-31
1542 1666 18 2.5173612649503173e-19
1542 1667 18 2.5173612649503173e-19
1542 1668 16 1.537834364319045e-16
1542 1669 11 4.3220059971467206e-10
1542 1670 15 3.4613795245231998e-15
1542 1672 15 3.4613795245231998e-15
1542 1673 20 3.278615886402252e-22
1542 1674 15 3.4613795245231998e-15
1542 1675 13 1.4264982837723015e-12
1542 1676 14 7.283401613264801e-14
1542 1677 14 7.283401613264801e-14
1542 1678 10 6.602669426362752e-09
1542 1686 17 6.411832634234445e-18
1542 1688 17 6.411832634234445e-18
1542 1689 11 4.3220059971467206e-10
1542 1690 12 2.5875646620628598e-11
1542 1692 12 2.5875646620628598e-11
1542 1693 15 3.4613795245231998e-15
1542 1694 10 6.602669426362752e-09
1542 1695 10 6.602669426362752e-09
1542 1696 10 6.602669426362752e-09
1542 1698 14 7.283401613264801e-14
1542 1699 11 4.3220059971467206e-10
1542 1700 11 4.3220059971467206e-10
1542 1701 10 6.602669426362752e-09
1542 1702 11 4.3220059971467206e-10
1542 1708 12 2.5875646620628598e-11
1542 1734 14 7.283401613264801e-14
1542 1735 10 6.602669426362752e-09
1542 1786 71 1.5410941453996203e-115
1542 1787 55 3.3076100055508806e-83
1542 1788 46 4.714031078612285e-66
1542 1789 35 2.62586982426198e-46
1542 1790 38 1.5214227658767585e-51
1542 1791 41 6.763311339462704e-57
1542 1792 44 2.345294564222733e-62
1542 1793 28 1.383819093506712e-34
1542 1794 33 6.959678684284734e-43
1542 1795 25 8.389913731678529e-30
1542 1796 22 3.469009785506029e-25
1542 1797 36 4.862684193794855e-48
1542 1798 25 8.389913731678529e-30
1542 1799 18 2.5173612649503173e-19
1542 1800 27 5.65867735049335e-33
1542 1801 27 5.65867735049335e-33
1542 1802 32 3.4102828345501084e-41
1542 1803 22 3.469009785506029e-25
1542 1804 28 1.383819093506712e-34
1542 1805 12 2.5875646620628598e-11
1542 1806 19 9.335116913774724e-21
1542 1807 25 8.389913731678529e-30
1542 1808 14 7.283401613264801e-14
1542 1809 15 3.4613795245231998e-15
1542 1810 14 7.283401613264801e-14
1542 1811 19 9.335116913774724e-21
1542 1812 20 3.278615886402252e-22
1542 1813 18 2.5173612649503173e-19
1542 1814 11 4.3220059971467206e-10
1542 1815 16 1.537834364319045e-16
1542 1816 10 6.602669426362752e-09
1542 1817 18 2.5173612649503173e-19
1542 1818 13 1.4264982837723015e-12
1542 1819 19 9.335116913774724e-21
1542 1820 15 3.4613795245231998e-15
1542 1821 15 3.4613795245231998e-15
1542 1823 11 4.3220059971467206e-10
1542 1824 10 6.602669426362752e-09
1542 1826 16 1.537834364319045e-16
1542 1827 15 3.4613795245231998e-15
1542 1828 15 3.4613795245231998e-15
1542 1829 10 6.602669426362752e-09
1542 1831 12 2.5875646620628598e-11
1542 1832 15 3.4613795245231998e-15
1542 1834 15 3.4613795245231998e-15
1542 1835 12 2.5875646620628598e-11
1542 1836 10 6.602669426362752e-09
1542 1837 13 1.4264982837723015e-12
1542 1839 11 4.3220059971467206e-10
1542 1841 60 4.493398528812031e-93
1542 1842 14 7.283401613264801e-14
1542 1846 11 4.3220059971467206e-10
1542 1847 13 1.4264982837723015e-12
1542 1850 12 2.5875646620628598e-11
1542 1864 10 6.602669426362752e-09
1542 1912 12 2.5875646620628598e-11
1542 1913 26 2.224010868142942e-31
1542 1914 25 8.389913731678529e-30
1542 1915 23 1.0495588766083284e-26
1542 1916 41 6.763311339462704e-57
1542 1917 39 2.5741081480193363e-53
1542 1918 41 6.763311339462704e-57
1542 1919 37 8.731682120736433e-50
1542 1920 40 4.231634153288774e-55
1542 1921 47 6.435279447812373e-68
1542 1922 52 2.1262500504724098e-77
1542 1923 93 3.294856153326771e-163
1542 1924 53 2.519039355806033e-79
1542 1925 25 8.389913731678529e-30
1542 1926 28 1.383819093506712e-34
1542 1927 18 2.5173612649503173e-19
1542 1928 18 2.5173612649503173e-19
1542 1929 11 4.3220059971467206e-10
1542 1930 12 2.5875646620628598e-11
1542 1931 15 3.4613795245231998e-15
1542 1932 21 1.0932729458968716e-23
1542 1933 12 2.5875646620628598e-11
1542 1935 19 9.335116913774724e-21
1542 1936 13 1.4264982837723015e-12
1542 1937 17 6.411832634234445e-18
1542 1938 15 3.4613795245231998e-15
1542 1939 17 6.411832634234445e-18
1542 1940 14 7.283401613264801e-14
1542 1941 13 1.4264982837723015e-12
1542 1942 11 4.3220059971467206e-10
1542 1944 11 4.3220059971467206e-10
1542 1945 14 7.283401613264801e-14
1542 1949 10 6.602669426362752e-09
1542 1950 12 2.5875646620628598e-11
1542 1953 11 4.3220059971467206e-10
1542 1955 11 4.3220059971467206e-10
1542 1966 12 2.5875646620628598e-11
1542 1972 10 6.602669426362752e-09
1542 2033 49 1.1143621133423118e-71
1542 2034 34 1.3739164843851982e-44
1542 2035 35 2.62586982426198e-46
1542 2036 34 1.3739164843851982e-44
1542 2037 40 4.231634153288774e-55
1542 2038 42 1.0515575139454886e-58
1542 2039 25 8.389913731678529e-30
1542 2040 30 7.384401965119247e-38
1542 2041 33 6.959678684284734e-43
1542 2042 38 1.5214227658767585e-51
1542 2043 21 1.0932729458968716e-23
1542 2044 39 2.5741081480193363e-53
1542 2045 37 8.731682120736433e-50
1542 2046 32 3.4102828345501084e-41
1542 2047 27 5.65867735049335e-33
1542 2048 20 3.278615886402252e-22
1542 2049 24 3.033491142064131e-28
1542 2050 29 3.256689918361335e-36
1542 2051 24 3.033491142064131e-28
1542 2052 27 5.65867735049335e-33
1542 2053 24 3.033491142064131e-28
1542 2054 16 1.537834364319045e-16
1542 2055 25 8.389913731678529e-30
1542 2056 18 2.5173612649503173e-19
1542 2057 27 5.65867735049335e-33
1542 2058 14 7.283401613264801e-14
1542 2059 14 7.283401613264801e-14
1542 2060 15 3.4613795245231998e-15
1542 2061 22 3.469009785506029e-25
1542 2063 13 1.4264982837723015e-12
1542 2064 19 9.335116913774724e-21
1542 2065 23 1.0495588766083284e-26
1542 2066 17 6.411832634234445e-18
1542 2067 16 1.537834364319045e-16
1542 2068 21 1.0932729458968716e-23
1542 2069 10 6.602669426362752e-09
1542 2071 16 1.537834364319045e-16
1542 2077 10 6.602669426362752e-09
1542 2080 14 7.283401613264801e-14
1542 2081 10 6.602669426362752e-09
1542 2082 10 6.602669426362752e-09
1542 2085 10 6.602669426362752e-09
1542 2088 10 6.602669426362752e-09
1542 2089 13 1.4264982837723015e-12
1542 2102 13 1.4264982837723015e-12
1542 2103 13 1.4264982837723015e-12
1542 2104 12 2.5875646620628598e-11
1542 2105 13 1.4264982837723015e-12
1542 2106 12 2.5875646620628598e-11
1542 2107 12 2.5875646620628598e-11
1542 2108 12 2.5875646620628598e-11
1542 2109 16 1.537834364319045e-16
1542 2110 13 1.4264982837723015e-12
1542 2111 18 2.5173612649503173e-19
1542 2112 10 6.602669426362752e-09
1542 2123 12 2.5875646620628598e-11
1542 2124 11 4.3220059971467206e-10
1542 2128 11 4.3220059971467206e-10
1542 2129 303 0.0
1542 2137 44 2.345294564222733e-62
1542 2138 38 1.5214227658767585e-51
1542 2139 34 1.3739164843851982e-44
1542 2140 40 4.231634153288774e-55
1542 2141 36 4.862684193794855e-48
1542 2142 29 3.256689918361335e-36
1542 2143 32 3.4102828345501084e-41
1542 2144 37 8.731682120736433e-50
1542 2145 31 1.6149966120609107e-39
1542 2146 24 3.033491142064131e-28
1542 2147 26 2.224010868142942e-31
1542 2148 13 1.4264982837723015e-12
1542 2149 23 1.0495588766083284e-26
1542 2150 25 8.389913731678529e-30
1542 2151 14 7.283401613264801e-14
1542 2152 18 2.5173612649503173e-19
1542 2153 13 1.4264982837723015e-12
1542 2154 16 1.537834364319045e-16
1542 2155 12 2.5875646620628598e-11
1542 2156 13 1.4264982837723015e-12
1542 2158 21 1.0932729458968716e-23
1542 2159 18 2.5173612649503173e-19
1542 2160 16 1.537834364319045e-16
1542 2161 19 9.335116913774724e-21
1542 2162 13 1.4264982837723015e-12
1542 2163 12 2.5875646620628598e-11
1542 2164 10 6.602669426362752e-09
1542 2165 15 3.4613795245231998e-15
1542 2166 10 6.602669426362752e-09
1542 2167 12 2.5875646620628598e-11
1542 2168 11 4.3220059971467206e-10
1542 2169 11 4.3220059971467206e-10
1542 2170 12 2.5875646620628598e-11
1542 2173 11 4.3220059971467206e-10
1542 2236 68 2.5861708276678557e-109
1542 2237 51 1.7544601834912173e-75
1542 2238 46 4.714031078612285e-66
1542 2239 22 3.469009785506029e-25
1542 2240 18 2.5173612649503173e-19
1542 2241 19 9.335116913774724e-21
1542 2242 27 5.65867735049335e-33
1542 2243 27 5.65867735049335e-33
1542 2244 21 1.0932729458968716e-23
1542 2245 27 5.65867735049335e-33
1542 2246 20 3.278615886402252e-22
1542 2247 29 3.256689918361335e-36
1542 2248 34 1.3739164843851982e-44
1542 2249 30 7.384401965119247e-38
1542 2250 30 7.384401965119247e-38
1542 2251 23 1.0495588766083284e-26
1542 2252 17 6.411832634234445e-18
1542 2253 22 3.469009785506029e-25
1542 2254 25 8.389913731678529e-30
1542 2255 15 3.4613795245231998e-15
1542 2256 16 1.537834364319045e-16
1542 2257 27 5.65867735049335e-33
1542 2258 16 1.537834364319045e-16
1542 2259 16 1.537834364319045e-16
1542 2260 25 8.389913731678529e-30
1542 2261 11 4.3220059971467206e-10
1542 2262 13 1.4264982837723015e-12
1542 2263 16 1.537834364319045e-16
1542 2265 25 8.389913731678529e-30
1542 2266 12 2.5875646620628598e-11
1542 2267 18 2.5173612649503173e-19
1542 2268 17 6.411832634234445e-18
1542 2271 12 2.5875646620628598e-11
1542 2272 21 1.0932729458968716e-23
1542 2276 16 1.537834364319045e-16
1542 2278 13 1.4264982837723015e-12
1542 2279 11 4.3220059971467206e-10
1542 2280 10 6.602669426362752e-09
1542 2282 10 6.602669426362752e-09
1542 2304 12 2.5875646620628598e-11
1542 2332 89 2.719932472168318e-154
1542 2333 17 6.411832634234445e-18
1542 2334 16 1.537834364319045e-16
1542 2335 19 9.335116913774724e-21
1542 2336 16 1.537834364319045e-16
1542 2337 17 6.411832634234445e-18
1542 2338 23 1.0495588766083284e-26
1542 2339 12 2.5875646620628598e-11
1542 2340 13 1.4264982837723015e-12
1542 2341 18 2.5173612649503173e-19
1542 2342 20 3.278615886402252e-22
1542 2343 19 9.335116913774724e-21
1542 2344 13 1.4264982837723015e-12
1542 2345 14 7.283401613264801e-14
1542 2346 22 3.469009785506029e-25
1542 2347 14 7.283401613264801e-14
1542 2348 15 3.4613795245231998e-15
1542 2349 18 2.5173612649503173e-19
1542 2350 10 6.602669426362752e-09
1542 2351 10 6.602669426362752e-09
1542 2352 10 6.602669426362752e-09
1542 2354 10 6.602669426362752e-09
1542 2357 10 6.602669426362752e-09
1542 2359 10 6.602669426362752e-09
1542 2363 12 2.5875646620628598e-11
1542 2364 14 7.283401613264801e-14
1542 2423 15 3.4613795245231998e-15
1542 2424 19 9.335116913774724e-21
1542 2425 12 2.5875646620628598e-11
1542 2426 11 4.3220059971467206e-10
1542 2427 15 3.4613795245231998e-15
1542 2429 12 2.5875646620628598e-11
1542 2430 16 1.537834364319045e-16
1542 2431 17 6.411832634234445e-18
1542 2432 20 3.278615886402252e-22
1542 2433 11 4.3220059971467206e-10
1542 2434 17 6.411832634234445e-18
1542 2435 11 4.3220059971467206e-10
1542 2436 19 9.335116913774724e-21
1542 2437 17 6.411832634234445e-18
1542 2439 14 7.283401613264801e-14
1542 2440 16 1.537834364319045e-16
1542 2441 14 7.283401613264801e-14
1542 2442 13 1.4264982837723015e-12
1542 2443 15 3.4613795245231998e-15
1542 2444 18 2.5173612649503173e-19
1542 2447 13 1.4264982837723015e-12
1542 2449 16 1.537834364319045e-16
1542 2450 11 4.3220059971467206e-10
1542 2451 15 3.4613795245231998e-15
1542 2452 21 1.0932729458968716e-23
1542 2454 10 6.602669426362752e-09
1542 2456 14 7.283401613264801e-14
1542 2457 14 7.283401613264801e-14
1542 2458 15 3.4613795245231998e-15
1542 2460 11 4.3220059971467206e-10
1542 2461 13 1.4264982837723015e-12
1542 2462 10 6.602669426362752e-09
1542 2465 12 2.5875646620628598e-11
1542 2467 11 4.3220059971467206e-10
1542 2473 10 6.602669426362752e-09
1542 2479 12 2.5875646620628598e-11
1542 2480 12 2.5875646620628598e-11
1542 2487 19 9.335116913774724e-21
1542 2488 19 9.335116913774724e-21
1542 2489 31 1.6149966120609107e-39
1542 2490 12 2.5875646620628598e-11
1542 2491 21 1.0932729458968716e-23
1542 2492 21 1.0932729458968716e-23
1542 2493 33 6.959678684284734e-43
1542 2494 22 3.469009785506029e-25
1542 2495 16 1.537834364319045e-16
1542 2496 12 2.5875646620628598e-11
1542 2498 20 3.278615886402252e-22
1542 2499 15 3.4613795245231998e-15
1542 2500 10 6.602669426362752e-09
1542 2502 18 2.5173612649503173e-19
1542 2503 11 4.3220059971467206e-10
1542 2504 12 2.5875646620628598e-11
1542 2505 12 2.5875646620628598e-11
1542 2516 21 1.0932729458968716e-23
1542 2517 18 2.5173612649503173e-19
1542 2518 11 4.3220059971467206e-10
1542 2520 10 6.602669426362752e-09
1542 2521 13 1.4264982837723015e-12
1542 2522 14 7.283401613264801e-14
1542 2523 10 6.602669426362752e-09
1542 2527 10 6.602669426362752e-09
1542 2531 15 3.4613795245231998e-15
1542 2532 10 6.602669426362752e-09
1542 2536 14 7.283401613264801e-14
1542 2552 12 2.5875646620628598e-11
1543 2166 18 2.5173612649503173e-19
1544 1926 10 6.602669426362752e-09
1545 2424 11 4.3220059971467206e-10
1548 2571 11 4.3220059971467206e-10
1551 2428 11 4.3220059971467206e-10
1555 1808 21 1.0932729458968716e-23
1559 1838 10 6.602669426362752e-09
1559 2129 10 6.602669426362752e-09
1560 2286 10 6.602669426362752e-09
1568 2167 21 1.0932729458968716e-23
1571 2057 26 2.224010868142942e-31
1571 2444 45 3.367716753853762e-64
1571 2445 37 8.731682120736433e-50
1577 2200 18 2.5173612649503173e-19
1578 1730 12 2.5875646620628598e-11
1580 1854 13 1.4264982837723015e-12
1581 1854 18 2.5173612649503173e-19
1582 1969 17 6.411832634234445e-18
1584 2352 10 6.602669426362752e-09
1592 2397 10 6.602669426362752e-09
1593 1952 11 4.3220059971467206e-10
1596 1712 10 6.602669426362752e-09
1601 1852 28 1.383819093506712e-34
1601 2111 20 3.278615886402252e-22
1609 1666 10 6.602669426362752e-09
1612 1765 11 4.3220059971467206e-10
1616 2055 79 1.7850343140732788e-132
1616 2056 14 7.283401613264801e-14
1616 2089 16 1.537834364319045e-16
1622 1810 15 3.4613795245231998e-15
1622 1838 34 1.3739164843851982e-44
1622 2065 30 7.384401965119247e-38
1625 1746 10 6.602669426362752e-09
1632 2003 14 7.283401613264801e-14
1632 2548 21 1.0932729458968716e-23
1634 1795 12 2.5875646620628598e-11
1634 2323 10 6.602669426362752e-09
1639 2129 11 4.3220059971467206e-10
1640 1772 10 6.602669426362752e-09
1641 1778 10 6.602669426362752e-09
1643 1732 19 9.335116913774724e-21
1647 2272 144 0.0
1652 1774 10 6.602669426362752e-09
1653 2455 45 3.367716753853762e-64
1654 1773 11 4.3220059971467206e-10
1654 2466 10 6.602669426362752e-09
1655 2280 10 6.602669426362752e-09
1656 2464 10 6.602669426362752e-09
1657 2464 14 7.283401613264801e-14
1658 2464 11 4.3220059971467206e-10
1658 2465 10 6.602669426362752e-09
1659 2130 10 6.602669426362752e-09
1660 2466 10 6.602669426362752e-09
1660 2476 10 6.602669426362752e-09
1660 2478 15 3.4613795245231998e-15
1660 2479 19 9.335116913774724e-21
1660 2480 50 1.4147114106693284e-73
1660 2481 43 1.5913634196832594e-60
1664 2236 22 3.469009785506029e-25
1665 2444 11 4.3220059971467206e-10
1669 2283 37 8.731682120736433e-50
1669 2284 13 1.4264982837723015e-12
1672 1825 23 1.0495588766083284e-26
1677 2111 18 2.5173612649503173e-19
1689 1859 23 1.0495588766083284e-26
1695 2011 11 4.3220059971467206e-10
1698 2176 10 6.602669426362752e-09
1700 2566 26 2.224010868142942e-31
1701 2566 10 6.602669426362752e-09
1708 2589 22 3.469009785506029e-25
1709 2376 17 6.411832634234445e-18
1713 2357 10 6.602669426362752e-09
1714 2123 10 6.602669426362752e-09
1722 2584 11 4.3220059971467206e-10
1732 1903 13 1.4264982837723015e-12
1771 1888 56 3.6682036899564413e-85
1773 2628 23 1.0495588766083284e-26
1775 2620 10 6.602669426362752e-09
1776 2118 12 2.5875646620628598e-11
1778 2046 15 3.4613795245231998e-15
1780 2087 10 6.602669426362752e-09
1781 2192 15 3.4613795245231998e-15
1786 2137 12 2.5875646620628598e-11
1786 2332 11 4.3220059971467206e-10
1787 2137 10 6.602669426362752e-09
1800 1941 26 2.224010868142942e-31
1807 2434 11 4.3220059971467206e-10
1811 2261 18 2.5173612649503173e-19
1818 1976 12 2.5875646620628598e-11
1822 2337 21 1.0932729458968716e-23
1823 2306 10 6.602669426362752e-09
1827 2260 13 1.4264982837723015e-12
1838 2113 12 2.5875646620628598e-11
1838 2262 11 4.3220059971467206e-10
1841 2129 307 0.0
1844 2350 10 6.602669426362752e-09
1846 2128 13 1.4264982837723015e-12
1850 2498 28 1.383819093506712e-34
1859 2339 19 9.335116913774724e-21
1873 2438 15 3.4613795245231998e-15
1877 2257 17 6.411832634234445e-18
1878 2320 14 7.283401613264801e-14
1880 2441 13 1.4264982837723015e-12
1882 2192 26 2.224010868142942e-31
1884 2254 11 4.3220059971467206e-10
1919 2129 10 6.602669426362752e-09
1923 2460 12 2.5875646620628598e-11
1926 2553 11 4.3220059971467206e-10
1939 2035 12 2.5875646620628598e-11
1940 2359 10 6.602669426362752e-09
1952 2408 15 3.4613795245231998e-15
1958 2218 18 2.5173612649503173e-19
1959 2257 10 6.602669426362752e-09
1967 2554 12 2.5875646620628598e-11
1970 2164 14 7.283401613264801e-14
1970 2165 10 6.602669426362752e-09
1977 2131 15 3.4613795245231998e-15
1980 2552 11 4.3220059971467206e-10
1982 2562 10 6.602669426362752e-09
1986 2189 12 2.5875646620628598e-11
1989 2094 20 3.278615886402252e-22
1993 2466 12 2.5875646620628598e-11
1998 2516 12 2.5875646620628598e-11
2017 2474 15 3.4613795245231998e-15
2034 2418 28 1.383819093506712e-34
2048 2310 11 4.3220059971467206e-10
2064 2572 14 7.283401613264801e-14
2066 2258 19 9.335116913774724e-21
2066 2262 10 6.602669426362752e-09
2082 2504 10 6.602669426362752e-09
2106 2259 10 6.602669426362752e-09
2106 2424 13 1.4264982837723015e-12
2111 2261 13 1.4264982837723015e-12
2111 2314 18 2.5173612649503173e-19
2118 2257 10 6.602669426362752e-09
2125 2373 18 2.5173612649503173e-19
2129 2138 19 9.335116913774724e-21
2129 2139 10 6.602669426362752e-09
2129 2144 10 6.602669426362752e-09
2129 2145 12 2.5875646620628598e-11
2129 2148 11 4.3220059971467206e-10
2129 2149 13 1.4264982837723015e-12
2129 2154 10 6.602669426362752e-09
2129 2165 10 6.602669426362752e-09
2129 2257 13 1.4264982837723015e-12
2129 2280 11 4.3220059971467206e-10
2129 2332 17 6.411832634234445e-18
2131 2193 15 3.4613795245231998e-15
2137 2332 57 3.9820234097881144e-87
2137 2333 17 6.411832634234445e-18
2137 2423 49 1.1143621133423118e-71
2137 2424 17 6.411832634234445e-18
2137 2425 11 4.3220059971467206e-10
2137 2427 11 4.3220059971467206e-10
2137 2428 11 4.3220059971467206e-10
2137 2430 13 1.4264982837723015e-12
2137 2431 16 1.537834364319045e-16
2137 2433 11 4.3220059971467206e-10
2137 2434 12 2.5875646620628598e-11
2137 2451 10 6.602669426362752e-09
2149 2356 18 2.5173612649503173e-19
2151 2277 25 8.389913731678529e-30
2151 2278 11 4.3220059971467206e-10
2152 2426 10 6.602669426362752e-09
2154 2593 12 2.5875646620628598e-11
2156 2279 24 3.033491142064131e-28
2158 2261 13 1.4264982837723015e-12
2171 2257 10 6.602669426362752e-09
2176 2313 16 1.537834364319045e-16
2184 2463 25 8.389913731678529e-30
2191 2237 16 1.537834364319045e-16
2191 2503 16 1.537834364319045e-16
2194 2442 12 2.5875646620628598e-11
2198 2643 11 4.3220059971467206e-10
2221 2584 23 1.0495588766083284e-26
2244 2479 25 8.389913731678529e-30
2257 2423 11 4.3220059971467206e-10
2257 2466 11 4.3220059971467206e-10
2257 2489 10 6.602669426362752e-09
2260 2425 12 2.5875646620628598e-11
2261 2424 10 6.602669426362752e-09
2261 2426 10 6.602669426362752e-09
2267 2454 45 3.367716753853762e-64
2272 2332 10 6.602669426362752e-09
2272 2402 18 2.5173612649503173e-19
2278 2631 10 6.602669426362752e-09
2323 2348 15 3.4613795245231998e-15
2328 2481 18 2.5173612649503173e-19
2346 2433 11 4.3220059971467206e-10
2363 2465 11 4.3220059971467206e-10
2364 2539 10 6.602669426362752e-09
2371 2520 11 4.3220059971467206e-10
2376 2480 11 4.3220059971467206e-10
2458 2608 21 1.0932729458968716e-23
2466 2491 24 3.033491142064131e-28
