1 90100000 90599999 3 2600000 3099999
1 196600000 197099999 18 13100000 13599999
2 5100000 5599999 3 5600000 6099999
2 44600000 45099999 5 86100000 86599999
2 181600000 181748086 3 8100000 8599999
2 181600000 181748086 15 74600000 75099999
3 2600000 3099999 4 2600000 3099999
3 2600000 3099999 17 2600000 3099999
3 3100000 3599999 9 3100000 3599999
3 3100000 3599999 18 2600000 3099999
3 5600000 6099999 16 17100000 17599999
3 8100000 8599999 4 34600000 35099999
4 2600000 3099999 17 2600000 3099999
4 2600000 3099999 18 2600000 3099999
4 3100000 3599999 5 77600000 78099999
4 28100000 28599999 X 73600000 74099999
4 146600000 147099999 6 58100000 58599999
4 146600000 147099999 6 67600000 68099999
5 32600000 33099999 11 2600000 3099999
5 32600000 33099999 17 2600000 3099999
5 79600000 80099999 16 3100000 3599999
6 3100000 3599999 17 39600000 40099999
7 71100000 71599999 17 2600000 3099999
8 3600000 4099999 17 39600000 40099999
8 131100000 131599999 17 95100000 95272650
10 21600000 22099999 13 3100000 3599999
10 80600000 81099999 11 2600000 3099999
10 129600000 129993254 19 61100000 61342429
11 2600000 3099999 17 2600000 3099999
11 2600000 3099999 18 2600000 3099999
11 2600000 3099999 X 109100000 109599999
11 105600000 106099999 17 39600000 40099999
13 3100000 3599999 18 2600000 3099999
15 74600000 75099999 18 2600000 3099999
16 3100000 3599999 18 2600000 3099999
17 2600000 3099999 18 2600000 3099999
17 95100000 95272650 19 61100000 61342429
18 2600000 3099999 19 3100000 3599999
