1 52200000 52699999 12 29200000 29699999
1 105700000 106199999 11 101700000 102199999
1 161200000 161699999 4 118200000 118699999
1 196200000 196699999 14 41700000 42199999
2 46700000 47199999 8 58700000 59199999
2 139200000 139699999 14 78700000 79199999
2 152200000 152699999 4 150700000 151199999
2 163700000 164199999 5 69200000 69699999
2 181200000 181699999 3 8200000 8699999
2 181200000 181699999 17 39700000 40199999
3 2700000 3199999 17 2700000 3199999
3 2700000 3199999 18 2700000 3199999
3 4700000 5199999 14 71200000 71699999
3 25700000 26199999 10 128700000 129199999
3 34700000 35199999 12 30200000 30699999
3 146700000 147199999 15 66200000 66699999
4 2700000 3199999 17 2700000 3199999
4 2700000 3199999 18 2700000 3199999
4 20200000 20699999 9 27700000 28199999
4 43200000 43699999 17 7700000 8199999
4 58200000 58699999 19 12700000 13199999
4 101700000 102199999 9 64700000 65199999
4 146700000 147199999 6 58200000 58699999
5 3200000 3699999 11 2700000 3199999
5 32700000 33199999 11 2700000 3199999
5 32700000 33199999 17 2700000 3199999
5 77700000 78199999 19 58200000 58699999
5 79700000 80199999 16 3200000 3699999
6 27200000 27699999 13 54200000 54699999
6 95200000 95699999 11 101700000 102199999
7 121200000 121699999 12 11200000 11699999
7 121200000 121699999 13 29700000 30199999
7 130200000 130699999 9 51200000 51699999
8 16700000 17199999 18 63700000 64199999
9 94200000 94699999 11 13700000 14199999
10 80200000 80699999 11 2700000 3199999
10 112200000 112699999 17 33700000 34199999
10 112200000 112699999 17 56700000 57199999
10 123700000 124199999 12 65700000 66199999
11 2700000 3199999 17 2700000 3199999
11 2700000 3199999 18 2700000 3199999
11 2700000 3199999 X 109200000 109699999
11 53700000 54199999 15 74700000 75199999
11 80700000 81199999 12 98700000 99199999
12 38200000 38699999 16 16200000 16699999
14 114200000 114699999 15 28700000 29199999
15 74700000 75199999 18 2700000 3199999
17 37700000 38199999 19 12200000 12699999
