1 3100000 3599999 17 23100000 23599999
1 5600000 6099999 17 23100000 23599999
1 7100000 7599999 17 2600000 3099999
1 90100000 90599999 3 2600000 3099999
1 90100000 90599999 17 2600000 3099999
1 90100000 90599999 17 23100000 23599999
1 90100000 90599999 17 23600000 24099999
1 196600000 197099999 18 13100000 13599999
2 5100000 5599999 3 5600000 6099999
2 5100000 5599999 16 17100000 17599999
2 138100000 138599999 11 2600000 3099999
2 181600000 181748086 3 8100000 8599999
2 181600000 181748086 15 74600000 75099999
2 181600000 181748086 17 39600000 40099999
2 181600000 181748086 18 2600000 3099999
2 181600000 181748086 19 61100000 61342429
3 2600000 3099999 4 2600000 3099999
3 2600000 3099999 7 71100000 71599999
3 2600000 3099999 17 2600000 3099999
3 2600000 3099999 18 2600000 3099999
3 3100000 3599999 9 3100000 3599999
3 3100000 3599999 18 2600000 3099999
3 5600000 6099999 16 17100000 17599999
3 5600000 6099999 17 50100000 50599999
3 8100000 8599999 4 34600000 35099999
4 2600000 3099999 7 71100000 71599999
4 2600000 3099999 17 2600000 3099999
4 2600000 3099999 18 2600000 3099999
4 3100000 3599999 5 77600000 78099999
4 28100000 28599999 X 73600000 74099999
4 146600000 147099999 6 58100000 58599999
4 146600000 147099999 6 67600000 68099999
5 3100000 3599999 11 2600000 3099999
5 32600000 33099999 11 2600000 3099999
5 32600000 33099999 17 2600000 3099999
5 79600000 80099999 16 3100000 3599999
5 110100000 110599999 19 61100000 61342429
5 113600000 114099999 11 2600000 3099999
5 146600000 147099999 17 36100000 36599999
6 2600000 3099999 11 2600000 3099999
6 2600000 3099999 18 2600000 3099999
6 3100000 3599999 17 39600000 40099999
7 3100000 3599999 11 2600000 3099999
7 3100000 3599999 14 58100000 58599999
7 71100000 71599999 17 2600000 3099999
8 3100000 3599999 11 2600000 3099999
8 3600000 4099999 17 39600000 40099999
8 6100000 6599999 11 2600000 3099999
8 131600000 131738870 17 95100000 95272650
10 6600000 7099999 11 2600000 3099999
10 21600000 22099999 13 3100000 3599999
10 80600000 81099999 11 2600000 3099999
10 112600000 113099999 17 23600000 24099999
10 129600000 129993254 17 95100000 95272650
10 129600000 129993254 19 61100000 61342429
11 2600000 3099999 12 3100000 3599999
11 2600000 3099999 13 116100000 116599999
11 2600000 3099999 14 19600000 20099999
11 2600000 3099999 17 2600000 3099999
11 2600000 3099999 18 2600000 3099999
11 2600000 3099999 18 3100000 3599999
11 2600000 3099999 X 109100000 109599999
11 53600000 54099999 15 74600000 75099999
11 105600000 106099999 17 39600000 40099999
11 108600000 109099999 13 54100000 54599999
11 108600000 109099999 13 97600000 98099999
11 121600000 121843855 19 61100000 61342429
13 3100000 3599999 16 3100000 3599999
14 51600000 52099999 X 121100000 121599999
15 74600000 75099999 16 3100000 3599999
15 74600000 75099999 18 2600000 3099999
16 3100000 3599999 18 2600000 3099999
16 3100000 3599999 18 3100000 3599999
16 3100000 3599999 18 3600000 4099999
16 3100000 3599999 18 4100000 4599999
17 39600000 40099999 18 73600000 74099999
17 95100000 95272650 19 61100000 61342429
18 2600000 3099999 19 3100000 3599999
18 40100000 40599999 19 45600000 46099999
