1 52400000 52899999 12 29400000 29899999
1 105400000 105899999 11 101400000 101899999
1 161400000 161899999 4 118400000 118899999
1 195900000 196399999 14 41400000 41899999
2 9900000 10399999 5 47400000 47899999
2 46900000 47399999 8 58400000 58899999
2 138900000 139399999 14 78900000 79399999
2 151900000 152399999 4 150900000 151399999
2 163900000 164399999 5 69400000 69899999
2 181400000 181748086 3 7900000 8399999
2 181400000 181748086 17 39900000 40399999
3 2900000 3399999 17 2900000 3399999
3 2900000 3399999 18 2900000 3399999
3 4900000 5399999 14 71400000 71899999
3 34400000 34899999 12 30400000 30899999
4 2900000 3399999 17 2900000 3399999
4 2900000 3399999 18 2900000 3399999
4 42900000 43399999 17 7400000 7899999
4 57900000 58399999 19 12400000 12899999
4 101400000 101899999 9 64400000 64899999
4 146400000 146899999 6 58400000 58899999
5 2900000 3399999 11 2900000 3399999
5 32900000 33399999 11 2900000 3399999
5 32900000 33399999 17 2900000 3399999
5 77400000 77899999 19 58400000 58899999
5 79400000 79899999 16 2900000 3399999
6 27400000 27899999 13 54400000 54899999
6 94900000 95399999 11 101400000 101899999
7 120900000 121399999 12 11400000 11899999
7 120900000 121399999 13 29400000 29899999
7 130400000 130899999 9 51400000 51899999
8 16900000 17399999 18 63900000 64399999
9 94400000 94899999 11 13900000 14399999
10 80400000 80899999 11 2900000 3399999
10 111900000 112399999 17 33400000 33899999
10 111900000 112399999 17 56900000 57399999
10 123900000 124399999 12 65400000 65899999
11 2900000 3399999 17 2900000 3399999
11 2900000 3399999 18 2900000 3399999
11 2900000 3399999 X 109400000 109899999
11 53900000 54399999 15 74900000 75399999
11 80400000 80899999 12 98400000 98899999
12 38400000 38899999 16 16400000 16899999
12 68400000 68899999 14 86900000 87399999
14 113900000 114399999 15 28900000 29399999
15 74900000 75399999 16 2900000 3399999
15 74900000 75399999 18 2900000 3399999
16 2900000 3399999 18 2900000 3399999
17 37400000 37899999 19 12400000 12899999
