1 2700000 3199999 17 23200000 23699999
1 3200000 3699999 17 23200000 23699999
1 5700000 6199999 17 23200000 23699999
1 7200000 7699999 17 2700000 3199999
1 58200000 58699999 2 181200000 181699999
1 89700000 90199999 3 2700000 3199999
1 89700000 90199999 17 2700000 3199999
1 89700000 90199999 17 23200000 23699999
1 196700000 197195431 18 12700000 13199999
2 5200000 5699999 3 5700000 6199999
2 5200000 5699999 16 17200000 17699999
2 22200000 22699999 19 45700000 46199999
2 138200000 138699999 11 2700000 3199999
2 181200000 181699999 3 8200000 8699999
2 181200000 181699999 15 74700000 75199999
2 181200000 181699999 17 39700000 40199999
2 181200000 181699999 18 2700000 3199999
2 181200000 181699999 19 61200000 61342429
3 2700000 3199999 4 2700000 3199999
3 2700000 3199999 7 71200000 71699999
3 2700000 3199999 9 3200000 3699999
3 2700000 3199999 11 2700000 3199999
3 2700000 3199999 17 2700000 3199999
3 2700000 3199999 18 2700000 3199999
3 3200000 3699999 9 3200000 3699999
3 3200000 3699999 18 2700000 3199999
3 5700000 6199999 16 17200000 17699999
3 5700000 6199999 17 50200000 50699999
3 8200000 8699999 4 34700000 35199999
4 2700000 3199999 5 77700000 78199999
4 2700000 3199999 7 71200000 71699999
4 2700000 3199999 17 2700000 3199999
4 2700000 3199999 18 2700000 3199999
4 27700000 28199999 X 73700000 74199999
4 146700000 147199999 6 58200000 58699999
4 146700000 147199999 6 67200000 67699999
5 3200000 3699999 11 2700000 3199999
5 32700000 33199999 11 2700000 3199999
5 32700000 33199999 17 2700000 3199999
5 79700000 80199999 16 3200000 3699999
5 110200000 110699999 19 61200000 61342429
5 113200000 113699999 11 2700000 3199999
5 146700000 147199999 17 36200000 36699999
6 2700000 3199999 11 2700000 3199999
6 2700000 3199999 17 39700000 40199999
6 2700000 3199999 18 2700000 3199999
7 3200000 3699999 11 2700000 3199999
7 3200000 3699999 14 57700000 58199999
7 71200000 71699999 17 2700000 3199999
8 3200000 3699999 11 2700000 3199999
8 3700000 4199999 17 39700000 40199999
8 131200000 131699999 17 95200000 95272650
10 6700000 7199999 11 2700000 3199999
10 21700000 22199999 13 3200000 3699999
10 80200000 80699999 11 2700000 3199999
10 112200000 112699999 17 23200000 23699999
10 129700000 129993254 17 95200000 95272650
11 2700000 3199999 13 116200000 116699999
11 2700000 3199999 14 19700000 20199999
11 2700000 3199999 17 2700000 3199999
11 2700000 3199999 18 2700000 3199999
11 2700000 3199999 18 3200000 3699999
11 2700000 3199999 X 109200000 109699999
11 53700000 54199999 15 74700000 75199999
11 105700000 106199999 17 39700000 40199999
11 108700000 109199999 13 54200000 54699999
11 108700000 109199999 13 97700000 98199999
11 121700000 121843855 19 60700000 61199999
11 121700000 121843855 19 61200000 61342429
13 3200000 3699999 16 3200000 3699999
13 3200000 3699999 18 2700000 3199999
13 74200000 74699999 17 95200000 95272650
14 51700000 52199999 X 121200000 121699999
15 74700000 75199999 16 2700000 3199999
15 74700000 75199999 16 3200000 3699999
15 74700000 75199999 18 2700000 3199999
16 3200000 3699999 18 2700000 3199999
16 3200000 3699999 18 3200000 3699999
16 3200000 3699999 18 3700000 4199999
17 39700000 40199999 18 73200000 73699999
17 95200000 95272650 19 61200000 61342429
18 2700000 3199999 19 2700000 3199999
18 40200000 40699999 19 45700000 46199999
