1 89900000 90399999 3 2900000 3399999
1 89900000 90399999 17 23400000 23899999
1 196900000 197195431 18 12900000 13399999
2 4900000 5399999 3 5400000 5899999
2 44400000 44899999 5 86400000 86899999
2 181400000 181748086 3 7900000 8399999
2 181400000 181748086 15 74900000 75399999
3 2900000 3399999 4 2900000 3399999
3 2900000 3399999 9 2900000 3399999
3 2900000 3399999 17 2900000 3399999
3 2900000 3399999 18 2900000 3399999
3 5400000 5899999 16 16900000 17399999
3 7900000 8399999 4 34400000 34899999
4 2900000 3399999 5 77400000 77899999
4 2900000 3399999 17 2900000 3399999
4 2900000 3399999 18 2900000 3399999
4 27900000 28399999 X 73400000 73899999
4 146400000 146899999 6 58400000 58899999
4 146400000 146899999 6 67400000 67899999
5 32900000 33399999 11 2900000 3399999
5 32900000 33399999 17 2900000 3399999
5 79400000 79899999 16 2900000 3399999
6 2900000 3399999 17 39900000 40399999
7 70900000 71399999 17 2900000 3399999
8 3400000 3899999 17 39900000 40399999
10 21400000 21899999 13 2900000 3399999
10 80400000 80899999 11 2900000 3399999
10 129900000 129993254 19 60900000 61342429
11 2900000 3399999 17 2900000 3399999
11 2900000 3399999 18 2900000 3399999
11 2900000 3399999 X 109400000 109899999
11 105900000 106399999 17 39900000 40399999
13 2900000 3399999 18 2900000 3399999
13 119900000 120284311 X 166400000 166650295
15 74900000 75399999 18 2900000 3399999
16 2900000 3399999 18 2900000 3399999
17 2900000 3399999 18 2900000 3399999
17 94900000 95272650 19 60900000 61342429
18 2900000 3399999 19 2900000 3399999
