1 52300000 52799999 12 29300000 29799999
1 105800000 106299999 11 101300000 101799999
1 161300000 161799999 4 118300000 118799999
1 195800000 196299999 14 41800000 42299999
2 9800000 10299999 5 47300000 47799999
2 46800000 47299999 8 58300000 58799999
2 46800000 47299999 8 58800000 59299999
2 138800000 139299999 14 78800000 79299999
2 152300000 152799999 4 150800000 151299999
2 163800000 164299999 5 69300000 69799999
2 181300000 181748086 3 7800000 8299999
2 181300000 181748086 17 39800000 40299999
3 2800000 3299999 17 2800000 3299999
3 2800000 3299999 18 2800000 3299999
3 4800000 5299999 14 71300000 71799999
3 34300000 34799999 12 30300000 30799999
3 146300000 146799999 15 66300000 66799999
4 2800000 3299999 17 2800000 3299999
4 2800000 3299999 18 2800000 3299999
4 42800000 43299999 17 7300000 7799999
4 57800000 58299999 19 12300000 12799999
4 57800000 58299999 19 12800000 13299999
4 101300000 101799999 9 64300000 64799999
4 146300000 146799999 6 58300000 58799999
4 146800000 147299999 6 58300000 58799999
5 3300000 3799999 11 2800000 3299999
5 32800000 33299999 11 2800000 3299999
5 32800000 33299999 17 2800000 3299999
5 77300000 77799999 19 58300000 58799999
5 79800000 80299999 16 2800000 3299999
6 27300000 27799999 13 54300000 54799999
6 95300000 95799999 11 101800000 102299999
7 121300000 121799999 12 11300000 11799999
7 121300000 121799999 13 29300000 29799999
7 130300000 130799999 9 51300000 51799999
8 16800000 17299999 18 63800000 64299999
9 94300000 94799999 11 13800000 14299999
10 80300000 80799999 11 2800000 3299999
10 111800000 112299999 17 33800000 34299999
10 111800000 112299999 17 56800000 57299999
10 123800000 124299999 12 65300000 65799999
11 2800000 3299999 17 2800000 3299999
11 2800000 3299999 18 2800000 3299999
11 2800000 3299999 X 109300000 109799999
11 53800000 54299999 15 74800000 75299999
11 80300000 80799999 12 98300000 98799999
12 38300000 38799999 16 16300000 16799999
14 113800000 114299999 15 28800000 29299999
15 74800000 75299999 18 2800000 3299999
17 37300000 37799999 19 12300000 12799999
