1 90000000 90499999 3 3000000 3499999
2 5000000 5499999 3 5500000 5999999
2 181500000 181748086 3 8000000 8499999
3 3000000 3499999 4 3000000 3499999
3 3000000 3499999 7 71000000 71499999
3 3000000 3499999 17 3000000 3499999
3 3000000 3499999 18 3000000 3499999
3 5500000 5999999 16 17000000 17499999
3 70000000 70499999 10 41500000 41999999
3 135000000 135499999 11 121000000 121499999
3 145000000 145499999 X 136000000 136499999
4 3000000 3499999 17 3000000 3499999
4 9500000 9999999 13 115000000 115499999
4 110000000 110499999 5 34000000 34499999
4 146500000 146999999 6 58500000 58999999
4 146500000 146999999 6 67500000 67999999
4 146500000 146999999 12 20000000 20499999
5 33000000 33499999 11 3000000 3499999
5 72500000 72999999 11 15500000 15999999
5 79500000 79999999 16 3000000 3499999
6 3000000 3499999 18 3000000 3499999
8 126000000 126499999 18 51500000 51999999
9 21500000 21999999 12 48500000 48999999
9 28000000 28499999 12 17000000 17499999
10 80500000 80999999 11 3000000 3499999
11 3000000 3499999 17 3000000 3499999
11 3000000 3499999 18 3000000 3499999
11 3000000 3499999 X 109000000 109499999
14 16500000 16999999 X 137000000 137499999
14 40500000 40999999 X 137000000 137499999
15 74500000 74999999 16 3000000 3499999
15 74500000 74999999 18 3000000 3499999
17 95000000 95272650 19 61000000 61342429
