2 5200000 5699999 3 5700000 6199999
2 181200000 181699999 3 8200000 8699999
3 2700000 3199999 4 2700000 3199999
3 2700000 3199999 7 71200000 71699999
3 2700000 3199999 17 2700000 3199999
3 2700000 3199999 18 2700000 3199999
3 5700000 6199999 16 17200000 17699999
3 70200000 70699999 10 41700000 42199999
3 134700000 135199999 11 120700000 121199999
3 144700000 145199999 X 136200000 136699999
4 2700000 3199999 17 2700000 3199999
4 9200000 9699999 13 114700000 115199999
4 109700000 110199999 5 34200000 34699999
4 146700000 147199999 6 58200000 58699999
4 146700000 147199999 6 67200000 67699999
4 146700000 147199999 12 20200000 20699999
5 32700000 33199999 11 2700000 3199999
5 72200000 72699999 11 15700000 16199999
5 79700000 80199999 16 3200000 3699999
6 145200000 145699999 17 62200000 62699999
8 126200000 126699999 18 51200000 51699999
9 21200000 21699999 12 48700000 49199999
9 27700000 28199999 12 17200000 17699999
10 80200000 80699999 11 2700000 3199999
11 2700000 3199999 17 2700000 3199999
11 2700000 3199999 18 2700000 3199999
11 2700000 3199999 X 109200000 109699999
14 16200000 16699999 X 137200000 137699999
14 40700000 41199999 X 137200000 137699999
15 74700000 75199999 16 3200000 3699999
15 74700000 75199999 18 2700000 3199999
17 95200000 95272650 19 61200000 61342429
