1 3000000 3499999 11 3000000 3499999
1 3500000 3999999 11 3000000 3499999
1 4000000 4499999 11 3000000 3499999
1 4500000 4999999 11 3000000 3499999
1 4500000 4999999 X 20500000 20999999
1 5000000 5499999 11 3000000 3499999
1 5500000 5999999 11 3000000 3499999
1 6000000 6499999 11 3000000 3499999
1 6500000 6999999 11 3000000 3499999
1 7000000 7499999 11 3000000 3499999
1 7500000 7999999 11 3000000 3499999
1 8000000 8499999 11 3000000 3499999
1 8500000 8999999 11 3000000 3499999
1 9000000 9499999 11 3000000 3499999
1 9500000 9999999 11 3000000 3499999
1 10000000 10499999 11 3000000 3499999
1 10500000 10999999 11 3000000 3499999
1 11000000 11499999 11 3000000 3499999
1 11500000 11999999 11 3000000 3499999
1 12000000 12499999 11 3000000 3499999
1 12500000 12999999 11 3000000 3499999
1 13000000 13499999 11 3000000 3499999
1 13500000 13999999 11 3000000 3499999
1 14000000 14499999 11 3000000 3499999
1 14500000 14999999 11 3000000 3499999
1 15000000 15499999 11 3000000 3499999
1 15500000 15999999 11 3000000 3499999
1 16000000 16499999 11 3000000 3499999
1 16500000 16999999 6 7500000 7999999
1 16500000 16999999 11 3000000 3499999
1 17000000 17499999 11 3000000 3499999
1 17500000 17999999 10 67500000 67999999
1 17500000 17999999 11 3000000 3499999
1 18000000 18499999 11 3000000 3499999
1 18500000 18999999 11 3000000 3499999
1 19000000 19499999 11 3000000 3499999
1 19500000 19999999 11 3000000 3499999
1 20000000 20499999 11 3000000 3499999
1 20500000 20999999 11 3000000 3499999
1 21000000 21499999 11 3000000 3499999
1 21500000 21999999 11 3000000 3499999
1 22000000 22499999 11 3000000 3499999
1 22500000 22999999 11 3000000 3499999
1 23000000 23499999 11 3000000 3499999
1 23500000 23999999 11 3000000 3499999
1 24000000 24499999 11 3000000 3499999
1 24500000 24999999 11 3000000 3499999
1 25000000 25499999 11 3000000 3499999
1 25500000 25999999 11 3000000 3499999
1 26000000 26499999 11 3000000 3499999
1 26500000 26999999 11 3000000 3499999
1 27500000 27999999 11 3000000 3499999
1 28000000 28499999 11 3000000 3499999
1 28500000 28999999 11 3000000 3499999
1 29000000 29499999 11 3000000 3499999
1 29500000 29999999 11 3000000 3499999
1 30000000 30499999 11 3000000 3499999
1 30500000 30999999 11 3000000 3499999
1 31000000 31499999 11 3000000 3499999
1 31500000 31999999 11 3000000 3499999
1 32000000 32499999 11 3000000 3499999
1 33500000 33999999 11 3000000 3499999
1 34000000 34499999 11 3000000 3499999
1 34500000 34999999 11 3000000 3499999
1 35000000 35499999 11 3000000 3499999
1 35500000 35999999 11 3000000 3499999
1 36000000 36499999 11 3000000 3499999
1 36500000 36999999 11 3000000 3499999
1 37000000 37499999 11 3000000 3499999
1 37500000 37999999 11 3000000 3499999
1 38000000 38499999 11 3000000 3499999
1 39000000 39499999 11 3000000 3499999
1 40000000 40499999 11 3000000 3499999
1 40500000 40999999 11 3000000 3499999
1 43500000 43999999 11 3000000 3499999
1 47000000 47499999 11 3000000 3499999
1 53000000 53499999 11 3000000 3499999
1 55000000 55499999 11 3000000 3499999
1 55500000 55999999 19 42000000 42499999
1 65000000 65499999 14 14000000 14499999
1 66000000 66499999 9 68000000 68499999
1 80000000 80499999 18 4500000 4999999
1 83500000 83999999 2 95000000 95499999
1 90000000 90499999 2 3000000 3499999
1 90000000 90499999 2 4000000 4499999
1 90000000 90499999 2 5000000 5499999
1 90000000 90499999 2 7000000 7499999
1 90000000 90499999 2 8500000 8999999
1 90000000 90499999 2 9000000 9499999
1 90000000 90499999 2 9500000 9999999
1 90000000 90499999 2 10000000 10499999
1 90000000 90499999 2 11000000 11499999
1 90000000 90499999 2 12000000 12499999
1 90000000 90499999 2 13000000 13499999
1 90000000 90499999 2 13500000 13999999
1 90000000 90499999 2 14500000 14999999
1 90000000 90499999 2 16500000 16999999
1 90000000 90499999 2 17000000 17499999
1 90000000 90499999 4 3500000 3999999
1 90000000 90499999 11 3000000 3499999
1 111000000 111499999 6 115500000 115999999
1 112500000 112999999 8 66000000 66499999
1 116500000 116999999 16 13500000 13999999
1 125500000 125999999 4 15500000 15999999
1 127500000 127999999 6 25000000 25499999
1 130000000 130499999 4 67000000 67499999
1 135000000 135499999 10 126500000 126999999
1 136500000 136999999 8 47000000 47499999
1 138500000 138999999 12 119500000 119999999
1 143500000 143999999 10 6500000 6999999
1 147500000 147999999 3 76500000 76999999
1 152000000 152499999 14 53000000 53499999
1 154000000 154499999 9 21500000 21999999
1 159000000 159499999 6 138000000 138499999
1 159000000 159499999 11 70000000 70499999
1 164000000 164499999 11 31000000 31499999
1 168500000 168999999 4 23500000 23999999
1 171500000 171999999 15 28500000 28999999
1 173500000 173999999 10 126500000 126999999
1 173500000 173999999 16 37500000 37999999
1 179500000 179999999 8 37000000 37499999
1 182500000 182999999 3 152500000 152999999
2 3000000 3499999 11 3000000 3499999
2 3000000 3499999 17 75000000 75499999
2 3500000 3999999 11 3000000 3499999
2 4000000 4499999 11 3000000 3499999
2 4500000 4999999 11 3000000 3499999
2 5000000 5499999 11 3000000 3499999
2 5500000 5999999 8 96000000 96499999
2 5500000 5999999 11 3000000 3499999
2 6000000 6499999 11 3000000 3499999
2 6500000 6999999 11 3000000 3499999
2 7000000 7499999 11 3000000 3499999
2 7500000 7999999 11 3000000 3499999
2 8000000 8499999 11 3000000 3499999
2 8500000 8999999 11 3000000 3499999
2 9000000 9499999 11 3000000 3499999
2 9500000 9999999 11 3000000 3499999
2 10000000 10499999 11 3000000 3499999
2 10500000 10999999 11 3000000 3499999
2 11000000 11499999 11 3000000 3499999
2 11500000 11999999 11 3000000 3499999
2 12000000 12499999 11 3000000 3499999
2 12500000 12999999 11 3000000 3499999
2 13000000 13499999 11 3000000 3499999
2 13500000 13999999 11 3000000 3499999
2 14000000 14499999 11 3000000 3499999
2 14500000 14999999 11 3000000 3499999
2 15000000 15499999 11 3000000 3499999
2 15500000 15999999 11 3000000 3499999
2 16000000 16499999 11 3000000 3499999
2 16500000 16999999 11 3000000 3499999
2 17000000 17499999 11 3000000 3499999
2 17500000 17999999 11 3000000 3499999
2 18000000 18499999 11 3000000 3499999
2 18500000 18999999 11 3000000 3499999
2 19000000 19499999 11 3000000 3499999
2 19500000 19999999 11 3000000 3499999
2 20000000 20499999 11 3000000 3499999
2 20500000 20999999 11 3000000 3499999
2 21000000 21499999 11 3000000 3499999
2 22000000 22499999 11 3000000 3499999
2 22500000 22999999 11 3000000 3499999
2 23000000 23499999 11 3000000 3499999
2 23500000 23999999 11 3000000 3499999
2 24000000 24499999 11 3000000 3499999
2 24500000 24999999 11 3000000 3499999
2 25000000 25499999 11 3000000 3499999
2 25500000 25999999 11 3000000 3499999
2 26500000 26999999 11 3000000 3499999
2 27000000 27499999 11 3000000 3499999
2 29000000 29499999 11 3000000 3499999
2 30500000 30999999 11 3000000 3499999
2 35000000 35499999 11 3000000 3499999
2 35500000 35999999 11 3000000 3499999
2 36000000 36499999 11 3000000 3499999
2 40500000 40999999 11 3000000 3499999
2 44000000 44499999 6 95000000 95499999
2 46000000 46499999 14 106500000 106999999
2 56500000 56999999 9 75000000 75499999
2 63000000 63499999 4 21000000 21499999
2 69500000 69999999 5 137000000 137499999
2 69500000 69999999 5 137500000 137999999
2 73500000 73999999 4 105500000 105999999
2 83000000 83499999 7 81000000 81499999
2 84000000 84499999 7 65000000 65499999
2 99500000 99999999 10 73000000 73499999
2 101000000 101499999 3 146500000 146999999
2 112500000 112999999 7 72000000 72499999
2 113500000 113999999 3 80500000 80999999
2 114000000 114499999 X 104000000 104499999
2 118500000 118999999 19 6000000 6499999
2 121000000 121499999 13 101500000 101999999
2 121500000 121999999 8 11500000 11999999
2 121500000 121999999 11 115500000 115999999
2 128000000 128499999 4 95000000 95499999
2 131000000 131499999 14 97500000 97999999
2 136000000 136499999 5 43500000 43999999
2 139500000 139999999 14 103500000 103999999
2 146000000 146499999 17 88000000 88499999
2 153500000 153999999 14 51500000 51999999
2 154500000 154999999 8 128500000 128999999
2 157500000 157999999 10 87500000 87999999
2 162500000 162999999 4 62000000 62499999
2 179500000 179999999 14 11500000 11999999
2 181500000 181748086 17 39500000 39999999
3 3000000 3499999 11 3000000 3499999
3 3500000 3999999 11 3000000 3499999
3 4000000 4499999 11 3000000 3499999
3 4500000 4999999 11 3000000 3499999
3 5000000 5499999 11 3000000 3499999
3 5500000 5999999 11 3000000 3499999
3 6000000 6499999 11 3000000 3499999
3 6500000 6999999 11 3000000 3499999
3 7000000 7499999 11 3000000 3499999
3 7500000 7999999 11 3000000 3499999
3 8000000 8499999 11 3000000 3499999
3 8500000 8999999 11 3000000 3499999
3 9000000 9499999 11 3000000 3499999
3 9500000 9999999 11 3000000 3499999
3 10000000 10499999 11 3000000 3499999
3 11000000 11499999 11 3000000 3499999
3 11500000 11999999 11 3000000 3499999
3 12000000 12499999 11 3000000 3499999
3 12500000 12999999 11 3000000 3499999
3 13000000 13499999 11 3000000 3499999
3 13500000 13999999 11 3000000 3499999
3 14000000 14499999 11 3000000 3499999
3 14500000 14999999 11 3000000 3499999
3 15000000 15499999 11 3000000 3499999
3 17000000 17499999 11 3000000 3499999
3 17500000 17999999 11 3000000 3499999
3 19000000 19499999 4 154500000 154999999
3 19000000 19499999 11 3000000 3499999
3 19500000 19999999 11 3000000 3499999
3 21000000 21499999 11 3000000 3499999
3 23500000 23999999 X 69000000 69499999
3 24500000 24999999 11 3000000 3499999
3 26000000 26499999 11 3000000 3499999
3 27500000 27999999 11 3000000 3499999
3 35500000 35999999 14 12000000 12499999
3 36500000 36999999 13 103500000 103999999
3 39500000 39999999 17 92500000 92999999
3 45000000 45499999 14 97500000 97999999
3 58500000 58999999 10 26500000 26999999
3 68500000 68999999 11 3000000 3499999
3 74500000 74999999 5 32000000 32499999
3 76000000 76499999 14 19500000 19999999
3 79000000 79499999 13 74000000 74499999
3 82000000 82499999 6 75500000 75999999
3 84000000 84499999 7 14500000 14999999
3 99000000 99499999 15 33500000 33999999
3 136500000 136999999 14 36500000 36999999
3 138000000 138499999 4 30500000 30999999
3 145500000 145999999 9 55500000 55999999
3 155500000 155999999 12 51500000 51999999
3 155500000 155999999 13 24500000 24999999
4 3000000 3499999 6 3000000 3499999
4 3000000 3499999 7 3000000 3499999
4 3000000 3499999 8 3000000 3499999
4 3000000 3499999 11 3000000 3499999
4 3500000 3999999 11 3000000 3499999
4 4500000 4999999 11 3000000 3499999
4 5000000 5499999 11 3000000 3499999
4 5500000 5999999 11 3000000 3499999
4 6000000 6499999 11 3000000 3499999
4 6500000 6999999 11 3000000 3499999
4 7000000 7499999 11 3000000 3499999
4 7500000 7999999 11 3000000 3499999
4 8000000 8499999 11 3000000 3499999
4 8500000 8999999 11 3000000 3499999
4 9000000 9499999 11 3000000 3499999
4 9500000 9999999 11 3000000 3499999
4 10000000 10499999 11 3000000 3499999
4 10500000 10999999 11 3000000 3499999
4 11000000 11499999 11 3000000 3499999
4 11500000 11999999 11 3000000 3499999
4 12000000 12499999 11 3000000 3499999
4 12500000 12999999 11 3000000 3499999
4 13000000 13499999 11 3000000 3499999
4 13500000 13999999 11 3000000 3499999
4 14000000 14499999 11 3000000 3499999
4 14500000 14999999 11 3000000 3499999
4 15000000 15499999 11 3000000 3499999
4 15500000 15999999 11 3000000 3499999
4 16000000 16499999 11 3000000 3499999
4 16500000 16999999 11 3000000 3499999
4 17000000 17499999 11 3000000 3499999
4 17500000 17999999 11 3000000 3499999
4 18000000 18499999 11 3000000 3499999
4 18500000 18999999 11 3000000 3499999
4 19000000 19499999 11 3000000 3499999
4 19500000 19999999 11 3000000 3499999
4 20000000 20499999 11 3000000 3499999
4 20500000 20999999 11 3000000 3499999
4 21500000 21999999 11 3000000 3499999
4 22000000 22499999 11 3000000 3499999
4 22500000 22999999 11 3000000 3499999
4 23000000 23499999 11 3000000 3499999
4 24000000 24499999 11 3000000 3499999
4 26000000 26499999 11 3000000 3499999
4 27000000 27499999 11 3000000 3499999
4 28000000 28499999 11 3000000 3499999
4 28500000 28999999 11 3000000 3499999
4 29500000 29999999 11 3000000 3499999
4 33000000 33499999 11 3000000 3499999
4 33500000 33999999 11 3000000 3499999
4 39000000 39499999 6 11500000 11999999
4 41000000 41499999 17 71500000 71999999
4 45500000 45999999 11 3000000 3499999
4 116500000 116999999 16 60000000 60499999
4 119000000 119499999 11 59500000 59999999
4 137000000 137499999 5 42000000 42499999
4 137000000 137499999 5 42500000 42999999
4 144000000 144499999 16 22000000 22499999
4 146500000 146999999 17 38500000 38999999
4 151500000 151999999 5 118500000 118999999
4 153500000 153999999 18 17000000 17499999
4 154500000 154999999 14 102000000 102499999
4 155000000 155499999 18 35500000 35999999
5 3000000 3499999 11 3000000 3499999
5 3500000 3999999 8 75500000 75999999
5 3500000 3999999 11 3000000 3499999
5 4500000 4999999 11 3000000 3499999
5 5000000 5499999 11 3000000 3499999
5 5500000 5999999 11 3000000 3499999
5 8000000 8499999 11 3000000 3499999
5 8500000 8999999 11 3000000 3499999
5 9000000 9499999 11 3000000 3499999
5 9500000 9999999 11 3000000 3499999
5 10000000 10499999 11 3000000 3499999
5 12500000 12999999 11 3000000 3499999
5 13000000 13499999 11 3000000 3499999
5 14000000 14499999 11 3000000 3499999
5 15500000 15999999 11 3000000 3499999
5 16000000 16499999 11 3000000 3499999
5 19000000 19499999 19 22500000 22999999
5 22000000 22499999 11 3000000 3499999
5 22500000 22999999 11 3000000 3499999
5 23000000 23499999 11 3000000 3499999
5 30500000 30999999 11 3000000 3499999
5 32000000 32499999 11 3000000 3499999
5 32500000 32999999 11 3000000 3499999
5 33000000 33499999 11 3000000 3499999
5 33500000 33999999 11 3000000 3499999
5 34000000 34499999 11 3000000 3499999
5 55500000 55999999 18 35500000 35999999
5 74500000 74999999 10 116000000 116499999
5 75000000 75499999 10 116000000 116499999
5 81500000 81999999 8 76500000 76999999
5 88000000 88499999 12 103000000 103499999
5 90500000 90999999 9 82000000 82499999
5 130500000 130999999 14 34500000 34999999
5 130500000 130999999 14 35000000 35499999
5 130500000 130999999 17 24000000 24499999
5 136000000 136499999 6 4000000 4499999
5 145500000 145999999 X 68000000 68499999
5 147000000 147499999 10 11000000 11499999
5 147000000 147499999 11 108500000 108999999
5 147000000 147499999 17 39500000 39999999
5 149500000 149999999 8 72500000 72999999
6 3000000 3499999 11 3000000 3499999
6 3000000 3499999 17 39500000 39999999
6 3500000 3999999 11 3000000 3499999
6 4000000 4499999 11 3000000 3499999
6 4500000 4999999 11 3000000 3499999
6 5000000 5499999 11 3000000 3499999
6 5500000 5999999 11 3000000 3499999
6 6000000 6499999 11 3000000 3499999
6 6500000 6999999 11 3000000 3499999
6 7000000 7499999 11 3000000 3499999
6 7500000 7999999 11 3000000 3499999
6 8000000 8499999 11 3000000 3499999
6 8500000 8999999 11 3000000 3499999
6 8500000 8999999 16 18500000 18999999
6 9500000 9999999 11 3000000 3499999
6 10000000 10499999 11 3000000 3499999
6 10500000 10999999 11 3000000 3499999
6 11500000 11999999 11 3000000 3499999
6 12000000 12499999 11 3000000 3499999
6 12500000 12999999 11 3000000 3499999
6 13000000 13499999 11 3000000 3499999
6 13500000 13999999 11 3000000 3499999
6 14000000 14499999 11 3000000 3499999
6 14500000 14999999 11 3000000 3499999
6 15000000 15499999 11 3000000 3499999
6 15500000 15999999 11 3000000 3499999
6 16000000 16499999 11 3000000 3499999
6 16500000 16999999 11 3000000 3499999
6 17000000 17499999 11 3000000 3499999
6 17500000 17999999 11 3000000 3499999
6 18000000 18499999 11 3000000 3499999
6 18500000 18999999 11 3000000 3499999
6 19000000 19499999 11 3000000 3499999
6 19500000 19999999 11 3000000 3499999
6 20000000 20499999 11 3000000 3499999
6 20500000 20999999 11 3000000 3499999
6 21000000 21499999 11 3000000 3499999
6 21500000 21999999 11 3000000 3499999
6 22000000 22499999 11 3000000 3499999
6 22500000 22999999 11 3000000 3499999
6 23000000 23499999 11 3000000 3499999
6 23500000 23999999 11 3000000 3499999
6 24000000 24499999 11 3000000 3499999
6 24500000 24999999 11 3000000 3499999
6 25000000 25499999 11 3000000 3499999
6 26000000 26499999 8 30500000 30999999
6 26000000 26499999 11 3000000 3499999
6 26500000 26999999 11 3000000 3499999
6 27000000 27499999 11 3000000 3499999
6 27500000 27999999 11 3000000 3499999
6 28000000 28499999 11 3000000 3499999
6 29000000 29499999 11 3000000 3499999
6 29500000 29999999 11 3000000 3499999
6 30000000 30499999 11 3000000 3499999
6 30500000 30999999 11 3000000 3499999
6 31000000 31499999 11 3000000 3499999
6 31500000 31999999 11 3000000 3499999
6 33500000 33999999 11 3000000 3499999
6 34500000 34999999 11 3000000 3499999
6 37000000 37499999 12 27500000 27999999
6 37500000 37999999 11 3000000 3499999
6 41500000 41999999 11 3000000 3499999
6 56500000 56999999 13 48500000 48999999
6 66000000 66499999 11 46000000 46499999
6 67000000 67499999 18 90500000 90772030
6 70000000 70499999 19 27500000 27999999
6 74000000 74499999 15 11500000 11999999
6 76000000 76499999 16 48000000 48499999
6 80500000 80999999 9 122500000 122999999
6 91000000 91499999 7 104500000 104999999
6 91500000 91999999 19 29000000 29499999
6 108500000 108999999 16 53500000 53999999
6 115000000 115499999 X 89500000 89999999
6 133000000 133499999 8 38000000 38499999
6 140500000 140999999 14 37500000 37999999
6 147000000 147499999 10 87000000 87499999
7 3000000 3499999 11 3000000 3499999
7 3000000 3499999 15 99500000 99999999
7 3500000 3999999 11 3000000 3499999
7 4000000 4499999 11 3000000 3499999
7 4500000 4999999 11 3000000 3499999
7 4500000 4999999 15 99500000 99999999
7 5000000 5499999 11 3000000 3499999
7 5500000 5999999 11 3000000 3499999
7 6000000 6499999 11 3000000 3499999
7 6500000 6999999 11 3000000 3499999
7 7000000 7499999 9 123500000 123999999
7 7000000 7499999 11 3000000 3499999
7 7000000 7499999 X 166000000 166499999
7 10500000 10999999 11 3000000 3499999
7 12000000 12499999 11 3000000 3499999
7 12500000 12999999 11 3000000 3499999
7 13000000 13499999 11 3000000 3499999
7 13500000 13999999 11 3000000 3499999
7 14000000 14499999 11 3000000 3499999
7 14500000 14999999 11 3000000 3499999
7 15000000 15499999 11 3000000 3499999
7 16000000 16499999 11 3000000 3499999
7 16500000 16999999 11 3000000 3499999
7 17000000 17499999 11 3000000 3499999
7 17500000 17999999 11 3000000 3499999
7 18500000 18999999 11 3000000 3499999
7 19000000 19499999 11 3000000 3499999
7 19500000 19999999 11 3000000 3499999
7 20000000 20499999 11 3000000 3499999
7 20500000 20999999 11 3000000 3499999
7 24000000 24499999 11 3000000 3499999
7 24500000 24999999 8 44500000 44999999
7 24500000 24999999 11 3000000 3499999
7 25000000 25499999 11 3000000 3499999
7 25500000 25999999 11 3000000 3499999
7 26000000 26499999 11 3000000 3499999
7 26500000 26999999 11 3000000 3499999
7 27500000 27999999 11 3000000 3499999
7 28500000 28999999 11 3000000 3499999
7 29000000 29499999 11 3000000 3499999
7 29500000 29999999 11 3000000 3499999
7 30000000 30499999 11 3000000 3499999
7 30500000 30999999 11 3000000 3499999
7 31500000 31999999 11 3000000 3499999
7 35000000 35499999 11 3000000 3499999
7 35500000 35999999 11 3000000 3499999
7 37500000 37999999 11 3000000 3499999
7 38000000 38499999 11 3000000 3499999
7 46500000 46999999 11 3000000 3499999
7 47000000 47499999 11 3000000 3499999
7 50500000 50999999 11 3000000 3499999
7 52000000 52499999 11 3000000 3499999
7 96000000 96499999 8 9500000 9999999
7 96000000 96499999 17 94000000 94499999
7 103500000 103999999 16 69000000 69499999
7 109000000 109499999 9 47000000 47499999
7 111500000 111999999 12 120000000 120499999
7 121000000 121499999 10 53000000 53499999
7 135500000 135999999 19 45000000 45499999
7 137000000 137499999 16 16500000 16999999
8 3000000 3499999 11 3000000 3499999
8 3000000 3499999 15 99500000 99999999
8 3500000 3999999 11 3000000 3499999
8 3500000 3999999 17 39500000 39999999
8 4000000 4499999 9 42500000 42999999
8 4000000 4499999 11 3000000 3499999
8 4000000 4499999 15 99500000 99999999
8 4500000 4999999 11 3000000 3499999
8 5000000 5499999 11 3000000 3499999
8 5500000 5999999 11 3000000 3499999
8 6000000 6499999 11 3000000 3499999
8 6500000 6999999 11 3000000 3499999
8 7000000 7499999 11 3000000 3499999
8 7500000 7999999 11 3000000 3499999
8 8000000 8499999 11 3000000 3499999
8 8500000 8999999 11 3000000 3499999
8 9000000 9499999 11 3000000 3499999
8 9500000 9999999 11 3000000 3499999
8 10000000 10499999 11 3000000 3499999
8 10500000 10999999 11 3000000 3499999
8 11000000 11499999 11 3000000 3499999
8 11500000 11999999 11 3000000 3499999
8 12000000 12499999 11 3000000 3499999
8 12500000 12999999 11 3000000 3499999
8 13000000 13499999 11 3000000 3499999
8 13500000 13999999 11 3000000 3499999
8 14000000 14499999 11 3000000 3499999
8 14500000 14999999 11 3000000 3499999
8 15000000 15499999 11 3000000 3499999
8 15500000 15999999 11 3000000 3499999
8 16000000 16499999 11 3000000 3499999
8 16500000 16999999 11 3000000 3499999
8 17000000 17499999 11 3000000 3499999
8 17500000 17999999 11 3000000 3499999
8 18000000 18499999 11 3000000 3499999
8 18500000 18999999 11 3000000 3499999
8 19000000 19499999 11 3000000 3499999
8 23000000 23499999 11 3000000 3499999
8 23500000 23999999 11 3000000 3499999
8 24000000 24499999 11 3000000 3499999
8 24500000 24999999 11 3000000 3499999
8 25000000 25499999 11 3000000 3499999
8 25500000 25999999 11 3000000 3499999
8 26000000 26499999 11 3000000 3499999
8 26500000 26999999 11 3000000 3499999
8 27000000 27499999 11 3000000 3499999
8 27500000 27999999 11 3000000 3499999
8 28000000 28499999 11 3000000 3499999
8 28500000 28999999 11 3000000 3499999
8 29500000 29999999 11 3000000 3499999
8 30000000 30499999 11 3000000 3499999
8 30500000 30999999 11 3000000 3499999
8 31000000 31499999 11 3000000 3499999
8 31500000 31999999 11 3000000 3499999
8 33000000 33499999 11 3000000 3499999
8 34500000 34999999 11 3000000 3499999
8 35000000 35499999 11 3000000 3499999
8 35500000 35999999 11 3000000 3499999
8 36500000 36999999 11 3000000 3499999
8 37500000 37999999 11 3000000 3499999
8 40000000 40499999 11 3000000 3499999
8 45000000 45499999 11 3000000 3499999
8 45500000 45999999 11 3000000 3499999
8 47000000 47499999 11 3000000 3499999
8 47500000 47999999 11 3000000 3499999
8 48000000 48499999 11 3000000 3499999
8 49000000 49499999 13 4000000 4499999
8 60000000 60499999 11 3000000 3499999
8 65500000 65999999 17 20000000 20499999
8 69000000 69499999 10 14000000 14499999
8 75000000 75499999 11 3000000 3499999
8 87500000 87999999 9 55000000 55499999
8 95500000 95999999 11 69000000 69499999
8 103500000 103999999 12 52000000 52499999
8 104000000 104499999 12 52000000 52499999
8 108500000 108999999 10 57000000 57499999
8 108500000 108999999 10 57500000 57999999
8 125500000 125999999 12 4500000 4999999
8 131000000 131499999 17 95000000 95272650
8 131500000 131738870 17 95000000 95272650
9 3000000 3499999 11 3000000 3499999
9 3500000 3999999 11 3000000 3499999
9 4000000 4499999 11 3000000 3499999
9 4500000 4999999 11 3000000 3499999
9 5000000 5499999 11 3000000 3499999
9 5500000 5999999 10 57000000 57499999
9 5500000 5999999 11 3000000 3499999
9 6000000 6499999 11 3000000 3499999
9 6500000 6999999 11 3000000 3499999
9 7000000 7499999 11 3000000 3499999
9 7500000 7999999 11 3000000 3499999
9 8000000 8499999 11 3000000 3499999
9 8500000 8999999 11 3000000 3499999
9 9000000 9499999 11 3000000 3499999
9 9500000 9999999 11 3000000 3499999
9 10000000 10499999 11 3000000 3499999
9 10500000 10999999 11 3000000 3499999
9 11000000 11499999 11 3000000 3499999
9 11500000 11999999 11 3000000 3499999
9 12000000 12499999 11 3000000 3499999
9 12500000 12999999 11 3000000 3499999
9 13000000 13499999 11 3000000 3499999
9 13500000 13999999 11 3000000 3499999
9 14000000 14499999 11 3000000 3499999
9 14500000 14999999 11 3000000 3499999
9 15000000 15499999 11 3000000 3499999
9 15500000 15999999 11 3000000 3499999
9 16000000 16499999 11 3000000 3499999
9 16500000 16999999 11 3000000 3499999
9 17000000 17499999 11 3000000 3499999
9 17500000 17999999 11 3000000 3499999
9 18000000 18499999 11 3000000 3499999
9 18500000 18999999 11 3000000 3499999
9 20000000 20499999 11 3000000 3499999
9 20500000 20999999 11 3000000 3499999
9 21000000 21499999 11 3000000 3499999
9 21500000 21999999 11 3000000 3499999
9 22000000 22499999 11 3000000 3499999
9 22500000 22999999 11 3000000 3499999
9 23000000 23499999 11 3000000 3499999
9 26500000 26999999 11 3000000 3499999
9 29000000 29499999 11 3000000 3499999
9 30000000 30499999 11 3000000 3499999
9 30500000 30999999 11 3000000 3499999
9 31000000 31499999 11 3000000 3499999
9 31500000 31999999 11 3000000 3499999
9 32500000 32999999 11 3000000 3499999
9 34000000 34499999 11 3000000 3499999
9 35000000 35499999 11 3000000 3499999
9 37000000 37499999 11 3000000 3499999
9 37500000 37999999 11 3000000 3499999
9 39500000 39999999 11 3000000 3499999
9 55000000 55499999 11 3000000 3499999
9 64500000 64999999 X 132500000 132999999
9 67500000 67999999 17 85000000 85499999
9 73000000 73499999 X 97000000 97499999
9 78500000 78999999 11 21000000 21499999
9 82500000 82999999 13 39000000 39499999
9 87500000 87999999 16 63000000 63499999
9 106500000 106999999 16 45500000 45999999
9 118000000 118499999 16 49500000 49999999
10 3000000 3499999 11 3000000 3499999
10 3500000 3999999 11 3000000 3499999
10 4000000 4499999 11 3000000 3499999
10 4500000 4999999 11 3000000 3499999
10 5000000 5499999 11 3000000 3499999
10 5500000 5999999 11 3000000 3499999
10 6000000 6499999 11 3000000 3499999
10 6500000 6999999 11 3000000 3499999
10 7000000 7499999 11 3000000 3499999
10 7500000 7999999 11 3000000 3499999
10 8000000 8499999 11 3000000 3499999
10 8500000 8999999 11 3000000 3499999
10 9000000 9499999 11 3000000 3499999
10 9500000 9999999 11 3000000 3499999
10 10000000 10499999 11 3000000 3499999
10 10500000 10999999 11 3000000 3499999
10 11000000 11499999 11 3000000 3499999
10 11500000 11999999 11 3000000 3499999
10 12000000 12499999 11 3000000 3499999
10 12500000 12999999 11 3000000 3499999
10 13000000 13499999 11 3000000 3499999
10 13500000 13999999 11 3000000 3499999
10 14000000 14499999 11 3000000 3499999
10 14500000 14999999 11 3000000 3499999
10 15000000 15499999 11 3000000 3499999
10 15500000 15999999 11 3000000 3499999
10 16500000 16999999 11 3000000 3499999
10 17000000 17499999 11 3000000 3499999
10 17000000 17499999 19 36500000 36999999
10 17500000 17999999 11 3000000 3499999
10 18000000 18499999 11 3000000 3499999
10 18500000 18999999 11 3000000 3499999
10 19000000 19499999 11 3000000 3499999
10 19500000 19999999 11 3000000 3499999
10 20000000 20499999 11 3000000 3499999
10 20500000 20999999 11 3000000 3499999
10 21500000 21999999 11 3000000 3499999
10 22000000 22499999 11 3000000 3499999
10 22500000 22999999 11 3000000 3499999
10 23000000 23499999 11 3000000 3499999
10 24000000 24499999 11 3000000 3499999
10 25000000 25499999 11 3000000 3499999
10 25500000 25999999 11 3000000 3499999
10 26000000 26499999 11 3000000 3499999
10 26500000 26999999 11 3000000 3499999
10 27500000 27999999 11 3000000 3499999
10 30000000 30499999 11 3000000 3499999
10 30000000 30499999 18 78500000 78999999
10 66000000 66499999 13 5500000 5999999
10 88000000 88499999 15 11500000 11999999
10 107000000 107499999 17 73500000 73999999
11 3000000 3499999 12 3000000 3499999
11 3000000 3499999 12 4500000 4999999
11 3000000 3499999 12 5000000 5499999
11 3000000 3499999 12 6000000 6499999
11 3000000 3499999 12 6500000 6999999
11 3000000 3499999 12 7000000 7499999
11 3000000 3499999 12 7500000 7999999
11 3000000 3499999 12 8000000 8499999
11 3000000 3499999 12 9500000 9999999
11 3000000 3499999 12 11500000 11999999
11 3000000 3499999 12 12500000 12999999
11 3000000 3499999 13 3000000 3499999
11 3000000 3499999 13 3500000 3999999
11 3000000 3499999 13 4000000 4499999
11 3000000 3499999 13 4500000 4999999
11 3000000 3499999 13 5000000 5499999
11 3000000 3499999 13 5500000 5999999
11 3000000 3499999 13 6000000 6499999
11 3000000 3499999 13 6500000 6999999
11 3000000 3499999 13 7000000 7499999
11 3000000 3499999 13 7500000 7999999
11 3000000 3499999 13 8000000 8499999
11 3000000 3499999 13 8500000 8999999
11 3000000 3499999 13 9000000 9499999
11 3000000 3499999 13 9500000 9999999
11 3000000 3499999 13 10000000 10499999
11 3000000 3499999 13 10500000 10999999
11 3000000 3499999 13 11000000 11499999
11 3000000 3499999 13 11500000 11999999
11 3000000 3499999 13 12000000 12499999
11 3000000 3499999 13 12500000 12999999
11 3000000 3499999 13 13500000 13999999
11 3000000 3499999 13 14000000 14499999
11 3000000 3499999 13 14500000 14999999
11 3000000 3499999 13 15000000 15499999
11 3000000 3499999 13 15500000 15999999
11 3000000 3499999 13 16000000 16499999
11 3000000 3499999 13 16500000 16999999
11 3000000 3499999 13 17000000 17499999
11 3000000 3499999 13 17500000 17999999
11 3000000 3499999 13 18000000 18499999
11 3000000 3499999 13 18500000 18999999
11 3000000 3499999 13 19000000 19499999
11 3000000 3499999 13 19500000 19999999
11 3000000 3499999 13 20000000 20499999
11 3000000 3499999 13 20500000 20999999
11 3000000 3499999 13 21000000 21499999
11 3000000 3499999 13 21500000 21999999
11 3000000 3499999 13 22000000 22499999
11 3000000 3499999 13 23000000 23499999
11 3000000 3499999 13 23500000 23999999
11 3000000 3499999 13 24000000 24499999
11 3000000 3499999 13 24500000 24999999
11 3000000 3499999 13 28500000 28999999
11 3000000 3499999 13 38000000 38499999
11 3000000 3499999 13 42500000 42999999
11 3000000 3499999 13 58000000 58499999
11 3000000 3499999 14 8500000 8999999
11 3000000 3499999 14 9000000 9499999
11 3000000 3499999 14 9500000 9999999
11 3000000 3499999 14 10000000 10499999
11 3000000 3499999 14 10500000 10999999
11 3000000 3499999 14 11000000 11499999
11 3000000 3499999 14 11500000 11999999
11 3000000 3499999 14 12000000 12499999
11 3000000 3499999 14 12500000 12999999
11 3000000 3499999 14 13000000 13499999
11 3000000 3499999 14 13500000 13999999
11 3000000 3499999 14 14000000 14499999
11 3000000 3499999 14 14500000 14999999
11 3000000 3499999 14 15000000 15499999
11 3000000 3499999 14 15500000 15999999
11 3000000 3499999 14 16000000 16499999
11 3000000 3499999 14 16500000 16999999
11 3000000 3499999 14 17000000 17499999
11 3000000 3499999 14 17500000 17999999
11 3000000 3499999 14 18000000 18499999
11 3000000 3499999 14 18500000 18999999
11 3000000 3499999 14 19000000 19499999
11 3000000 3499999 14 19500000 19999999
11 3000000 3499999 14 20000000 20499999
11 3000000 3499999 14 21000000 21499999
11 3000000 3499999 14 21500000 21999999
11 3000000 3499999 14 22000000 22499999
11 3000000 3499999 14 22500000 22999999
11 3000000 3499999 14 23000000 23499999
11 3000000 3499999 14 27500000 27999999
11 3000000 3499999 14 28000000 28499999
11 3000000 3499999 14 30000000 30499999
11 3000000 3499999 14 31000000 31499999
11 3000000 3499999 14 34500000 34999999
11 3000000 3499999 15 3000000 3499999
11 3000000 3499999 15 3500000 3999999
11 3000000 3499999 15 4000000 4499999
11 3000000 3499999 15 4500000 4999999
11 3000000 3499999 15 5000000 5499999
11 3000000 3499999 15 5500000 5999999
11 3000000 3499999 15 6000000 6499999
11 3000000 3499999 15 6500000 6999999
11 3000000 3499999 15 7000000 7499999
11 3000000 3499999 15 7500000 7999999
11 3000000 3499999 15 8000000 8499999
11 3000000 3499999 15 8500000 8999999
11 3000000 3499999 15 9000000 9499999
11 3000000 3499999 15 9500000 9999999
11 3000000 3499999 15 10000000 10499999
11 3000000 3499999 15 10500000 10999999
11 3000000 3499999 15 11000000 11499999
11 3000000 3499999 15 11500000 11999999
11 3000000 3499999 15 12000000 12499999
11 3000000 3499999 15 12500000 12999999
11 3000000 3499999 15 13000000 13499999
11 3000000 3499999 15 13500000 13999999
11 3000000 3499999 15 14000000 14499999
11 3000000 3499999 15 14500000 14999999
11 3000000 3499999 15 15000000 15499999
11 3000000 3499999 15 15500000 15999999
11 3000000 3499999 15 16000000 16499999
11 3000000 3499999 15 16500000 16999999
11 3000000 3499999 15 17000000 17499999
11 3000000 3499999 15 17500000 17999999
11 3000000 3499999 15 18000000 18499999
11 3000000 3499999 15 18500000 18999999
11 3000000 3499999 15 19000000 19499999
11 3000000 3499999 15 19500000 19999999
11 3000000 3499999 15 20000000 20499999
11 3000000 3499999 15 20500000 20999999
11 3000000 3499999 15 21000000 21499999
11 3000000 3499999 15 21500000 21999999
11 3000000 3499999 15 22000000 22499999
11 3000000 3499999 15 22500000 22999999
11 3000000 3499999 15 23000000 23499999
11 3000000 3499999 15 23500000 23999999
11 3000000 3499999 15 24000000 24499999
11 3000000 3499999 15 24500000 24999999
11 3000000 3499999 15 26500000 26999999
11 3000000 3499999 15 27000000 27499999
11 3000000 3499999 15 27500000 27999999
11 3000000 3499999 15 28000000 28499999
11 3000000 3499999 15 30000000 30499999
11 3000000 3499999 15 30500000 30999999
11 3000000 3499999 15 32000000 32499999
11 3000000 3499999 15 32500000 32999999
11 3000000 3499999 15 34000000 34499999
11 3000000 3499999 15 35500000 35999999
11 3000000 3499999 15 36000000 36499999
11 3000000 3499999 15 36500000 36999999
11 3000000 3499999 15 37000000 37499999
11 3000000 3499999 15 38000000 38499999
11 3000000 3499999 15 38500000 38999999
11 3000000 3499999 15 41000000 41499999
11 3000000 3499999 15 99500000 99999999
11 3000000 3499999 16 3000000 3499999
11 3000000 3499999 16 3500000 3999999
11 3000000 3499999 16 4000000 4499999
11 3000000 3499999 16 4500000 4999999
11 3000000 3499999 16 5000000 5499999
11 3000000 3499999 16 5500000 5999999
11 3000000 3499999 16 6000000 6499999
11 3000000 3499999 16 6500000 6999999
11 3000000 3499999 16 7000000 7499999
11 3000000 3499999 16 7500000 7999999
11 3000000 3499999 16 8000000 8499999
11 3000000 3499999 16 8500000 8999999
11 3000000 3499999 16 9000000 9499999
11 3000000 3499999 16 9500000 9999999
11 3000000 3499999 16 10000000 10499999
11 3000000 3499999 16 11000000 11499999
11 3000000 3499999 16 12000000 12499999
11 3000000 3499999 16 12500000 12999999
11 3000000 3499999 16 13000000 13499999
11 3000000 3499999 16 13500000 13999999
11 3000000 3499999 16 14000000 14499999
11 3000000 3499999 16 14500000 14999999
11 3000000 3499999 16 15500000 15999999
11 3000000 3499999 16 16000000 16499999
11 3000000 3499999 16 16500000 16999999
11 3000000 3499999 16 17000000 17499999
11 3000000 3499999 16 17500000 17999999
11 3000000 3499999 16 18000000 18499999
11 3000000 3499999 16 19000000 19499999
11 3000000 3499999 16 19500000 19999999
11 3000000 3499999 16 20500000 20999999
11 3000000 3499999 16 21000000 21499999
11 3000000 3499999 16 21500000 21999999
11 3000000 3499999 16 30500000 30999999
11 3000000 3499999 16 32000000 32499999
11 3000000 3499999 16 36000000 36499999
11 3000000 3499999 17 3000000 3499999
11 3000000 3499999 17 3500000 3999999
11 3000000 3499999 17 4000000 4499999
11 3000000 3499999 17 4500000 4999999
11 3000000 3499999 17 5000000 5499999
11 3000000 3499999 17 5500000 5999999
11 3000000 3499999 17 6000000 6499999
11 3000000 3499999 17 7500000 7999999
11 3000000 3499999 17 8500000 8999999
11 3000000 3499999 17 9000000 9499999
11 3000000 3499999 17 9500000 9999999
11 3000000 3499999 17 10000000 10499999
11 3000000 3499999 17 10500000 10999999
11 3000000 3499999 17 11000000 11499999
11 3000000 3499999 17 11500000 11999999
11 3000000 3499999 17 12000000 12499999
11 3000000 3499999 17 12500000 12999999
11 3000000 3499999 17 13500000 13999999
11 3000000 3499999 17 14000000 14499999
11 3000000 3499999 17 14500000 14999999
11 3000000 3499999 17 15000000 15499999
11 3000000 3499999 17 15500000 15999999
11 3000000 3499999 17 16000000 16499999
11 3000000 3499999 17 16500000 16999999
11 3000000 3499999 17 17000000 17499999
11 3000000 3499999 17 17500000 17999999
11 3000000 3499999 17 18000000 18499999
11 3000000 3499999 17 19000000 19499999
11 3000000 3499999 17 19500000 19999999
11 3000000 3499999 17 20000000 20499999
11 3000000 3499999 17 21500000 21999999
11 3000000 3499999 17 23500000 23999999
11 3000000 3499999 17 24000000 24499999
11 3000000 3499999 17 27000000 27499999
11 3000000 3499999 17 30000000 30499999
11 3000000 3499999 17 31000000 31499999
11 3000000 3499999 17 32000000 32499999
11 3000000 3499999 18 3000000 3499999
11 3000000 3499999 18 4500000 4999999
11 3000000 3499999 19 3500000 3999999
11 3000000 3499999 19 4500000 4999999
11 3000000 3499999 19 6000000 6499999
11 3000000 3499999 19 13000000 13499999
11 3000000 3499999 19 13500000 13999999
11 3000000 3499999 19 19000000 19499999
11 3000000 3499999 19 19500000 19999999
11 3000000 3499999 X 5500000 5999999
11 3000000 3499999 X 6000000 6499999
11 3000000 3499999 X 6500000 6999999
11 3000000 3499999 X 8500000 8999999
11 3000000 3499999 X 9000000 9499999
11 3000000 3499999 X 9500000 9999999
11 3000000 3499999 X 10500000 10999999
11 3000000 3499999 X 11000000 11499999
11 3000000 3499999 X 11500000 11999999
11 16000000 16499999 13 25500000 25999999
11 21000000 21499999 17 53500000 53999999
11 29000000 29499999 16 33000000 33499999
11 32500000 32999999 19 24500000 24999999
11 32500000 32999999 19 25000000 25499999
11 38000000 38499999 16 66500000 66999999
11 62500000 62999999 13 69500000 69999999
11 62500000 62999999 15 81500000 81999999
11 77500000 77999999 15 25500000 25999999
11 83000000 83499999 13 55000000 55499999
11 93500000 93999999 X 66000000 66499999
11 104000000 104499999 12 71000000 71499999
11 108500000 108999999 17 39500000 39999999
11 114500000 114999999 19 35000000 35499999
11 121500000 121843855 19 60500000 60999999
11 121500000 121843855 19 61000000 61342429
12 8000000 8499999 17 50500000 50999999
12 28500000 28999999 13 76000000 76499999
12 39500000 39999999 X 84000000 84499999
12 47500000 47999999 X 107500000 107999999
12 48000000 48499999 16 19000000 19499999
12 110500000 110999999 13 105500000 105999999
12 112000000 112499999 X 146500000 146999999
13 39500000 39999999 18 8500000 8999999
13 58000000 58499999 15 99500000 99999999
13 67000000 67499999 X 16500000 16999999
13 76000000 76499999 18 10000000 10499999
13 99000000 99499999 16 58500000 58999999
14 50500000 50999999 X 6500000 6999999
14 113500000 113999999 19 54000000 54499999
15 81500000 81999999 17 81000000 81499999
15 95500000 95999999 18 44500000 44999999
15 99500000 99999999 16 4500000 4999999
15 99500000 99999999 16 5000000 5499999
15 99500000 99999999 16 14500000 14999999
15 99500000 99999999 16 17000000 17499999
15 99500000 99999999 18 3000000 3499999
16 3000000 3499999 18 3000000 3499999
16 3000000 3499999 19 3000000 3499999
16 3000000 3499999 19 14000000 14499999
17 11500000 11999999 19 59000000 59499999
17 34000000 34499999 19 34000000 34499999
17 39500000 39999999 18 73500000 73999999
19 38000000 38499999 X 126500000 126999999
