1 3000000 3999999 11 3000000 3999999
1 3000000 3999999 17 23000000 23999999
1 4000000 4999999 11 3000000 3999999
1 4000000 4999999 X 20000000 20999999
1 5000000 5999999 11 3000000 3999999
1 6000000 6999999 11 3000000 3999999
1 7000000 7999999 11 3000000 3999999
1 8000000 8999999 11 3000000 3999999
1 9000000 9999999 11 3000000 3999999
1 10000000 10999999 11 3000000 3999999
1 11000000 11999999 11 3000000 3999999
1 12000000 12999999 11 3000000 3999999
1 13000000 13999999 11 3000000 3999999
1 14000000 14999999 11 3000000 3999999
1 15000000 15999999 11 3000000 3999999
1 16000000 16999999 6 7000000 7999999
1 16000000 16999999 11 3000000 3999999
1 17000000 17999999 10 67000000 67999999
1 17000000 17999999 11 3000000 3999999
1 18000000 18999999 11 3000000 3999999
1 19000000 19999999 11 3000000 3999999
1 20000000 20999999 11 3000000 3999999
1 21000000 21999999 11 3000000 3999999
1 22000000 22999999 11 3000000 3999999
1 23000000 23999999 11 3000000 3999999
1 24000000 24999999 11 3000000 3999999
1 25000000 25999999 11 3000000 3999999
1 27000000 27999999 11 3000000 3999999
1 28000000 28999999 11 3000000 3999999
1 29000000 29999999 11 3000000 3999999
1 30000000 30999999 11 3000000 3999999
1 32000000 32999999 11 3000000 3999999
1 33000000 33999999 11 3000000 3999999
1 34000000 34999999 11 3000000 3999999
1 35000000 35999999 11 3000000 3999999
1 36000000 36999999 11 3000000 3999999
1 36000000 36999999 17 30000000 30999999
1 37000000 37999999 11 3000000 3999999
1 38000000 38999999 11 3000000 3999999
1 39000000 39999999 11 3000000 3999999
1 42000000 42999999 11 3000000 3999999
1 43000000 43999999 11 3000000 3999999
1 44000000 44999999 11 3000000 3999999
1 51000000 51999999 11 3000000 3999999
1 52000000 52999999 11 3000000 3999999
1 53000000 53999999 6 104000000 104999999
1 55000000 55999999 11 3000000 3999999
1 55000000 55999999 19 42000000 42999999
1 56000000 56999999 14 38000000 38999999
1 62000000 62999999 19 46000000 46999999
1 63000000 63999999 8 109000000 109999999
1 65000000 65999999 14 14000000 14999999
1 66000000 66999999 9 68000000 68999999
1 74000000 74999999 2 32000000 32999999
1 83000000 83999999 2 95000000 95999999
1 89000000 89999999 3 56000000 56999999
1 90000000 90999999 2 3000000 3999999
1 90000000 90999999 2 4000000 4999999
1 90000000 90999999 2 12000000 12999999
1 90000000 90999999 4 3000000 3999999
1 90000000 90999999 4 4000000 4999999
1 90000000 90999999 4 6000000 6999999
1 90000000 90999999 11 3000000 3999999
1 107000000 107999999 9 73000000 73999999
1 111000000 111999999 6 115000000 115999999
1 116000000 116999999 16 13000000 13999999
1 130000000 130999999 4 67000000 67999999
1 134000000 134999999 2 166000000 166999999
1 134000000 134999999 4 132000000 132999999
1 134000000 134999999 9 107000000 107999999
1 135000000 135999999 2 155000000 155999999
1 135000000 135999999 2 168000000 168999999
1 135000000 135999999 4 132000000 132999999
1 135000000 135999999 4 133000000 133999999
1 135000000 135999999 10 126000000 126999999
1 135000000 135999999 10 127000000 127999999
1 135000000 135999999 11 117000000 117999999
1 135000000 135999999 18 36000000 36999999
1 136000000 136999999 8 47000000 47999999
1 136000000 136999999 8 125000000 125999999
1 138000000 138999999 6 124000000 124999999
1 138000000 138999999 12 119000000 119999999
1 138000000 138999999 12 120000000 120999999
1 147000000 147999999 3 76000000 76999999
1 149000000 149999999 4 40000000 40999999
1 152000000 152999999 14 53000000 53999999
1 154000000 154999999 9 21000000 21999999
1 159000000 159999999 6 138000000 138999999
1 159000000 159999999 11 70000000 70999999
1 161000000 161999999 X 42000000 42999999
1 163000000 163999999 5 14000000 14999999
1 168000000 168999999 4 23000000 23999999
1 171000000 171999999 15 28000000 28999999
1 173000000 173999999 10 126000000 126999999
1 173000000 173999999 16 37000000 37999999
1 182000000 182999999 2 167000000 167999999
1 182000000 182999999 2 168000000 168999999
1 182000000 182999999 4 141000000 141999999
1 182000000 182999999 11 106000000 106999999
2 3000000 3999999 11 3000000 3999999
2 3000000 3999999 17 75000000 75999999
2 4000000 4999999 11 3000000 3999999
2 5000000 5999999 8 96000000 96999999
2 5000000 5999999 11 3000000 3999999
2 6000000 6999999 11 3000000 3999999
2 7000000 7999999 11 3000000 3999999
2 8000000 8999999 11 3000000 3999999
2 9000000 9999999 11 3000000 3999999
2 10000000 10999999 11 3000000 3999999
2 11000000 11999999 11 3000000 3999999
2 12000000 12999999 11 3000000 3999999
2 13000000 13999999 11 3000000 3999999
2 14000000 14999999 11 3000000 3999999
2 15000000 15999999 11 3000000 3999999
2 16000000 16999999 11 3000000 3999999
2 17000000 17999999 10 119000000 119999999
2 17000000 17999999 11 3000000 3999999
2 18000000 18999999 11 3000000 3999999
2 19000000 19999999 11 3000000 3999999
2 20000000 20999999 11 3000000 3999999
2 21000000 21999999 11 3000000 3999999
2 22000000 22999999 11 3000000 3999999
2 23000000 23999999 11 3000000 3999999
2 24000000 24999999 11 3000000 3999999
2 25000000 25999999 11 3000000 3999999
2 25000000 25999999 15 78000000 78999999
2 25000000 25999999 17 24000000 24999999
2 26000000 26999999 13 55000000 55999999
2 26000000 26999999 19 5000000 5999999
2 28000000 28999999 9 44000000 44999999
2 28000000 28999999 9 59000000 59999999
2 28000000 28999999 10 59000000 59999999
2 29000000 29999999 4 129000000 129999999
2 29000000 29999999 4 132000000 132999999
2 29000000 29999999 5 115000000 115999999
2 29000000 29999999 5 123000000 123999999
2 29000000 29999999 9 57000000 57999999
2 29000000 29999999 11 3000000 3999999
2 29000000 29999999 11 97000000 97999999
2 29000000 29999999 15 76000000 76999999
2 29000000 29999999 15 81000000 81999999
2 29000000 29999999 17 24000000 24999999
2 29000000 29999999 17 27000000 27999999
2 29000000 29999999 19 4000000 4999999
2 29000000 29999999 19 5000000 5999999
2 30000000 30999999 4 129000000 129999999
2 30000000 30999999 4 131000000 131999999
2 30000000 30999999 4 132000000 132999999
2 30000000 30999999 4 133000000 133999999
2 30000000 30999999 4 135000000 135999999
2 30000000 30999999 5 113000000 113999999
2 30000000 30999999 5 114000000 114999999
2 30000000 30999999 5 115000000 115999999
2 30000000 30999999 5 121000000 121999999
2 30000000 30999999 5 122000000 122999999
2 30000000 30999999 7 30000000 30999999
2 30000000 30999999 8 87000000 87999999
2 30000000 30999999 11 5000000 5999999
2 30000000 30999999 11 97000000 97999999
2 30000000 30999999 11 98000000 98999999
2 30000000 30999999 11 100000000 100999999
2 30000000 30999999 11 120000000 120999999
2 30000000 30999999 13 55000000 55999999
2 30000000 30999999 15 76000000 76999999
2 30000000 30999999 15 78000000 78999999
2 30000000 30999999 15 81000000 81999999
2 30000000 30999999 15 99000000 99999999
2 30000000 30999999 17 28000000 28999999
2 30000000 30999999 17 32000000 32999999
2 30000000 30999999 19 3000000 3999999
2 30000000 30999999 19 4000000 4999999
2 30000000 30999999 19 5000000 5999999
2 31000000 31999999 4 133000000 133999999
2 31000000 31999999 4 135000000 135999999
2 31000000 31999999 5 31000000 31999999
2 31000000 31999999 5 115000000 115999999
2 31000000 31999999 5 122000000 122999999
2 31000000 31999999 5 123000000 123999999
2 31000000 31999999 7 29000000 29999999
2 31000000 31999999 9 59000000 59999999
2 31000000 31999999 11 75000000 75999999
2 31000000 31999999 13 55000000 55999999
2 31000000 31999999 15 78000000 78999999
2 31000000 31999999 15 99000000 99999999
2 31000000 31999999 15 100000000 100999999
2 31000000 31999999 17 24000000 24999999
2 31000000 31999999 17 26000000 26999999
2 31000000 31999999 17 28000000 28999999
2 31000000 31999999 17 29000000 29999999
2 31000000 31999999 19 4000000 4999999
2 32000000 32999999 4 132000000 132999999
2 32000000 32999999 4 133000000 133999999
2 32000000 32999999 5 31000000 31999999
2 32000000 32999999 5 114000000 114999999
2 32000000 32999999 7 29000000 29999999
2 32000000 32999999 8 125000000 125999999
2 32000000 32999999 11 3000000 3999999
2 32000000 32999999 11 69000000 69999999
2 32000000 32999999 11 120000000 120999999
2 32000000 32999999 12 112000000 112999999
2 32000000 32999999 15 76000000 76999999
2 32000000 32999999 15 78000000 78999999
2 32000000 32999999 15 99000000 99999999
2 32000000 32999999 15 100000000 100999999
2 32000000 32999999 17 24000000 24999999
2 32000000 32999999 17 25000000 25999999
2 32000000 32999999 17 27000000 27999999
2 32000000 32999999 17 28000000 28999999
2 32000000 32999999 17 29000000 29999999
2 32000000 32999999 17 35000000 35999999
2 32000000 32999999 19 4000000 4999999
2 32000000 32999999 19 5000000 5999999
2 32000000 32999999 19 6000000 6999999
2 33000000 33999999 11 3000000 3999999
2 33000000 33999999 17 30000000 30999999
2 34000000 34999999 11 3000000 3999999
2 35000000 35999999 11 3000000 3999999
2 37000000 37999999 11 3000000 3999999
2 38000000 38999999 11 3000000 3999999
2 39000000 39999999 11 3000000 3999999
2 44000000 44999999 6 95000000 95999999
2 46000000 46999999 14 106000000 106999999
2 52000000 52999999 11 3000000 3999999
2 56000000 56999999 9 75000000 75999999
2 63000000 63999999 4 21000000 21999999
2 69000000 69999999 5 137000000 137999999
2 69000000 69999999 12 28000000 28999999
2 73000000 73999999 4 105000000 105999999
2 84000000 84999999 7 65000000 65999999
2 99000000 99999999 10 73000000 73999999
2 99000000 99999999 X 93000000 93999999
2 113000000 113999999 3 80000000 80999999
2 120000000 120999999 12 112000000 112999999
2 121000000 121999999 4 108000000 108999999
2 121000000 121999999 8 11000000 11999999
2 128000000 128999999 4 95000000 95999999
2 131000000 131999999 14 97000000 97999999
2 136000000 136999999 5 43000000 43999999
2 139000000 139999999 14 103000000 103999999
2 144000000 144999999 3 99000000 99999999
2 146000000 146999999 17 88000000 88999999
2 153000000 153999999 14 51000000 51999999
2 154000000 154999999 4 101000000 101999999
2 154000000 154999999 8 128000000 128999999
2 154000000 154999999 8 129000000 129999999
2 155000000 155999999 4 125000000 125999999
2 155000000 155999999 4 135000000 135999999
2 155000000 155999999 4 138000000 138999999
2 155000000 155999999 4 148000000 148999999
2 155000000 155999999 4 149000000 149999999
2 155000000 155999999 7 134000000 134999999
2 155000000 155999999 11 102000000 102999999
2 155000000 155999999 11 115000000 115999999
2 155000000 155999999 11 116000000 116999999
2 155000000 155999999 11 117000000 117999999
2 155000000 155999999 11 120000000 120999999
2 156000000 156999999 3 95000000 95999999
2 156000000 156999999 4 138000000 138999999
2 156000000 156999999 4 139000000 139999999
2 156000000 156999999 4 140000000 140999999
2 156000000 156999999 7 134000000 134999999
2 156000000 156999999 8 125000000 125999999
2 156000000 156999999 8 126000000 126999999
2 156000000 156999999 10 80000000 80999999
2 156000000 156999999 11 116000000 116999999
2 157000000 157999999 10 87000000 87999999
2 162000000 162999999 4 62000000 62999999
2 165000000 165999999 4 138000000 138999999
2 165000000 165999999 4 139000000 139999999
2 165000000 165999999 4 140000000 140999999
2 165000000 165999999 4 141000000 141999999
2 165000000 165999999 4 149000000 149999999
2 165000000 165999999 5 113000000 113999999
2 165000000 165999999 5 114000000 114999999
2 165000000 165999999 5 115000000 115999999
2 165000000 165999999 10 80000000 80999999
2 165000000 165999999 10 127000000 127999999
2 165000000 165999999 11 96000000 96999999
2 166000000 166999999 3 88000000 88999999
2 166000000 166999999 4 125000000 125999999
2 166000000 166999999 4 126000000 126999999
2 166000000 166999999 4 132000000 132999999
2 166000000 166999999 4 133000000 133999999
2 166000000 166999999 4 136000000 136999999
2 166000000 166999999 4 138000000 138999999
2 166000000 166999999 4 140000000 140999999
2 166000000 166999999 4 147000000 147999999
2 166000000 166999999 4 148000000 148999999
2 166000000 166999999 4 149000000 149999999
2 166000000 166999999 5 114000000 114999999
2 166000000 166999999 5 115000000 115999999
2 166000000 166999999 5 116000000 116999999
2 166000000 166999999 10 80000000 80999999
2 166000000 166999999 11 97000000 97999999
2 166000000 166999999 11 101000000 101999999
2 166000000 166999999 11 115000000 115999999
2 167000000 167999999 4 135000000 135999999
2 167000000 167999999 4 136000000 136999999
2 167000000 167999999 4 137000000 137999999
2 167000000 167999999 4 139000000 139999999
2 167000000 167999999 4 140000000 140999999
2 167000000 167999999 5 114000000 114999999
2 167000000 167999999 5 121000000 121999999
2 167000000 167999999 5 136000000 136999999
2 167000000 167999999 5 137000000 137999999
2 167000000 167999999 10 80000000 80999999
2 167000000 167999999 11 115000000 115999999
2 167000000 167999999 12 85000000 85999999
2 167000000 167999999 17 28000000 28999999
2 167000000 167999999 17 29000000 29999999
2 168000000 168999999 8 125000000 125999999
2 179000000 179999999 14 11000000 11999999
2 181000000 181748086 3 8000000 8999999
2 181000000 181748086 4 155000000 155630119
2 181000000 181748086 11 3000000 3999999
2 181000000 181748086 11 121000000 121843855
2 181000000 181748086 17 39000000 39999999
3 3000000 3999999 11 3000000 3999999
3 4000000 4999999 11 3000000 3999999
3 5000000 5999999 11 3000000 3999999
3 6000000 6999999 11 3000000 3999999
3 7000000 7999999 11 3000000 3999999
3 8000000 8999999 11 3000000 3999999
3 8000000 8999999 17 39000000 39999999
3 9000000 9999999 11 3000000 3999999
3 10000000 10999999 11 3000000 3999999
3 11000000 11999999 11 3000000 3999999
3 12000000 12999999 11 3000000 3999999
3 13000000 13999999 11 3000000 3999999
3 14000000 14999999 11 3000000 3999999
3 16000000 16999999 11 3000000 3999999
3 17000000 17999999 11 3000000 3999999
3 18000000 18999999 11 3000000 3999999
3 19000000 19999999 4 154000000 154999999
3 19000000 19999999 11 3000000 3999999
3 20000000 20999999 11 3000000 3999999
3 21000000 21999999 11 3000000 3999999
3 22000000 22999999 11 3000000 3999999
3 23000000 23999999 11 3000000 3999999
3 23000000 23999999 X 69000000 69999999
3 24000000 24999999 11 3000000 3999999
3 25000000 25999999 11 3000000 3999999
3 27000000 27999999 11 3000000 3999999
3 28000000 28999999 11 3000000 3999999
3 30000000 30999999 11 3000000 3999999
3 31000000 31999999 11 3000000 3999999
3 32000000 32999999 5 14000000 14999999
3 32000000 32999999 11 3000000 3999999
3 34000000 34999999 11 3000000 3999999
3 35000000 35999999 14 12000000 12999999
3 36000000 36999999 11 3000000 3999999
3 36000000 36999999 13 103000000 103999999
3 41000000 41999999 11 3000000 3999999
3 51000000 51999999 11 3000000 3999999
3 51000000 51999999 14 32000000 32999999
3 53000000 53999999 11 3000000 3999999
3 54000000 54999999 11 3000000 3999999
3 74000000 74999999 5 32000000 32999999
3 76000000 76999999 14 19000000 19999999
3 84000000 84999999 7 14000000 14999999
3 86000000 86999999 11 3000000 3999999
3 86000000 86999999 15 35000000 35999999
3 87000000 87999999 11 3000000 3999999
3 88000000 88999999 4 129000000 129999999
3 88000000 88999999 4 132000000 132999999
3 88000000 88999999 4 140000000 140999999
3 88000000 88999999 4 147000000 147999999
3 88000000 88999999 5 31000000 31999999
3 88000000 88999999 5 122000000 122999999
3 88000000 88999999 5 123000000 123999999
3 88000000 88999999 5 124000000 124999999
3 88000000 88999999 7 134000000 134999999
3 88000000 88999999 8 85000000 85999999
3 88000000 88999999 8 108000000 108999999
3 88000000 88999999 10 80000000 80999999
3 88000000 88999999 11 95000000 95999999
3 88000000 88999999 11 96000000 96999999
3 88000000 88999999 11 97000000 97999999
3 88000000 88999999 11 98000000 98999999
3 88000000 88999999 11 100000000 100999999
3 88000000 88999999 11 102000000 102999999
3 88000000 88999999 11 115000000 115999999
3 88000000 88999999 11 116000000 116999999
3 88000000 88999999 11 119000000 119999999
3 88000000 88999999 11 120000000 120999999
3 88000000 88999999 15 79000000 79999999
3 88000000 88999999 15 99000000 99999999
3 88000000 88999999 17 47000000 47999999
3 88000000 88999999 19 45000000 45999999
3 89000000 89999999 4 140000000 140999999
3 89000000 89999999 5 122000000 122999999
3 89000000 89999999 7 134000000 134999999
3 89000000 89999999 8 125000000 125999999
3 89000000 89999999 9 107000000 107999999
3 89000000 89999999 9 108000000 108999999
3 89000000 89999999 10 61000000 61999999
3 89000000 89999999 10 79000000 79999999
3 89000000 89999999 11 96000000 96999999
3 89000000 89999999 11 97000000 97999999
3 89000000 89999999 11 98000000 98999999
3 89000000 89999999 11 116000000 116999999
3 89000000 89999999 11 119000000 119999999
3 95000000 95999999 4 138000000 138999999
3 95000000 95999999 4 140000000 140999999
3 95000000 95999999 7 134000000 134999999
3 95000000 95999999 10 80000000 80999999
3 95000000 95999999 11 87000000 87999999
3 95000000 95999999 11 97000000 97999999
3 95000000 95999999 11 116000000 116999999
3 95000000 95999999 11 119000000 119999999
3 95000000 95999999 18 35000000 35999999
3 96000000 96999999 11 87000000 87999999
3 96000000 96999999 11 102000000 102999999
3 96000000 96999999 15 81000000 81999999
3 96000000 96999999 15 98000000 98999999
3 99000000 99999999 15 33000000 33999999
3 101000000 101999999 17 35000000 35999999
3 136000000 136999999 14 36000000 36999999
3 138000000 138999999 4 30000000 30999999
3 145000000 145999999 12 58000000 58999999
4 3000000 3999999 6 3000000 3999999
4 3000000 3999999 8 3000000 3999999
4 3000000 3999999 11 3000000 3999999
4 3000000 3999999 13 3000000 3999999
4 3000000 3999999 15 3000000 3999999
4 3000000 3999999 18 3000000 3999999
4 4000000 4999999 11 3000000 3999999
4 5000000 5999999 11 3000000 3999999
4 6000000 6999999 11 3000000 3999999
4 7000000 7999999 11 3000000 3999999
4 8000000 8999999 11 3000000 3999999
4 9000000 9999999 11 3000000 3999999
4 10000000 10999999 11 3000000 3999999
4 11000000 11999999 11 3000000 3999999
4 11000000 11999999 19 9000000 9999999
4 12000000 12999999 11 3000000 3999999
4 13000000 13999999 11 3000000 3999999
4 14000000 14999999 11 3000000 3999999
4 15000000 15999999 11 3000000 3999999
4 16000000 16999999 11 3000000 3999999
4 17000000 17999999 11 3000000 3999999
4 18000000 18999999 11 3000000 3999999
4 19000000 19999999 11 3000000 3999999
4 19000000 19999999 15 23000000 23999999
4 20000000 20999999 11 3000000 3999999
4 21000000 21999999 11 3000000 3999999
4 22000000 22999999 11 3000000 3999999
4 23000000 23999999 11 3000000 3999999
4 23000000 23999999 13 55000000 55999999
4 24000000 24999999 11 3000000 3999999
4 26000000 26999999 11 3000000 3999999
4 27000000 27999999 11 3000000 3999999
4 28000000 28999999 11 3000000 3999999
4 30000000 30999999 11 3000000 3999999
4 32000000 32999999 11 3000000 3999999
4 33000000 33999999 11 3000000 3999999
4 34000000 34999999 11 3000000 3999999
4 39000000 39999999 6 11000000 11999999
4 40000000 40999999 11 3000000 3999999
4 41000000 41999999 11 3000000 3999999
4 41000000 41999999 17 71000000 71999999
4 44000000 44999999 11 3000000 3999999
4 45000000 45999999 11 3000000 3999999
4 48000000 48999999 11 3000000 3999999
4 55000000 55999999 11 3000000 3999999
4 71000000 71999999 19 9000000 9999999
4 106000000 106999999 12 74000000 74999999
4 116000000 116999999 8 125000000 125999999
4 116000000 116999999 12 54000000 54999999
4 116000000 116999999 17 56000000 56999999
4 119000000 119999999 11 59000000 59999999
4 123000000 123999999 10 127000000 127999999
4 125000000 125999999 17 31000000 31999999
4 126000000 126999999 5 115000000 115999999
4 129000000 129999999 5 115000000 115999999
4 129000000 129999999 9 65000000 65999999
4 129000000 129999999 11 76000000 76999999
4 129000000 129999999 11 77000000 77999999
4 129000000 129999999 11 97000000 97999999
4 130000000 130999999 11 77000000 77999999
4 131000000 131999999 5 114000000 114999999
4 131000000 131999999 5 115000000 115999999
4 131000000 131999999 14 58000000 58999999
4 131000000 131999999 15 81000000 81999999
4 131000000 131999999 19 5000000 5999999
4 132000000 132999999 5 114000000 114999999
4 132000000 132999999 5 115000000 115999999
4 132000000 132999999 5 121000000 121999999
4 132000000 132999999 5 122000000 122999999
4 132000000 132999999 9 64000000 64999999
4 132000000 132999999 11 97000000 97999999
4 132000000 132999999 15 76000000 76999999
4 132000000 132999999 15 78000000 78999999
4 132000000 132999999 15 79000000 79999999
4 132000000 132999999 15 81000000 81999999
4 132000000 132999999 15 82000000 82999999
4 132000000 132999999 16 17000000 17999999
4 132000000 132999999 17 26000000 26999999
4 132000000 132999999 17 28000000 28999999
4 132000000 132999999 17 31000000 31999999
4 132000000 132999999 19 5000000 5999999
4 132000000 132999999 19 6000000 6999999
4 132000000 132999999 19 45000000 45999999
4 133000000 133999999 5 114000000 114999999
4 133000000 133999999 5 115000000 115999999
4 133000000 133999999 5 121000000 121999999
4 133000000 133999999 5 122000000 122999999
4 133000000 133999999 7 52000000 52999999
4 133000000 133999999 9 65000000 65999999
4 133000000 133999999 10 80000000 80999999
4 133000000 133999999 11 77000000 77999999
4 133000000 133999999 11 95000000 95999999
4 133000000 133999999 11 101000000 101999999
4 133000000 133999999 11 102000000 102999999
4 133000000 133999999 11 117000000 117999999
4 133000000 133999999 11 119000000 119999999
4 133000000 133999999 15 78000000 78999999
4 133000000 133999999 15 79000000 79999999
4 133000000 133999999 17 28000000 28999999
4 133000000 133999999 17 29000000 29999999
4 133000000 133999999 17 30000000 30999999
4 133000000 133999999 19 4000000 4999999
4 133000000 133999999 19 5000000 5999999
4 133000000 133999999 19 44000000 44999999
4 134000000 134999999 5 121000000 121999999
4 134000000 134999999 5 122000000 122999999
4 134000000 134999999 10 80000000 80999999
4 134000000 134999999 11 96000000 96999999
4 134000000 134999999 11 101000000 101999999
4 134000000 134999999 11 102000000 102999999
4 134000000 134999999 15 76000000 76999999
4 134000000 134999999 15 79000000 79999999
4 134000000 134999999 15 81000000 81999999
4 134000000 134999999 17 29000000 29999999
4 134000000 134999999 17 31000000 31999999
4 134000000 134999999 17 46000000 46999999
4 135000000 135999999 5 114000000 114999999
4 135000000 135999999 5 115000000 115999999
4 135000000 135999999 5 118000000 118999999
4 135000000 135999999 5 122000000 122999999
4 135000000 135999999 5 123000000 123999999
4 135000000 135999999 5 135000000 135999999
4 135000000 135999999 10 79000000 79999999
4 135000000 135999999 10 80000000 80999999
4 135000000 135999999 11 102000000 102999999
4 135000000 135999999 15 79000000 79999999
4 135000000 135999999 15 99000000 99999999
4 135000000 135999999 15 100000000 100999999
4 135000000 135999999 17 28000000 28999999
4 135000000 135999999 17 29000000 29999999
4 135000000 135999999 17 31000000 31999999
4 135000000 135999999 17 34000000 34999999
4 135000000 135999999 19 3000000 3999999
4 135000000 135999999 19 5000000 5999999
4 137000000 137999999 5 42000000 42999999
4 137000000 137999999 5 114000000 114999999
4 137000000 137999999 5 115000000 115999999
4 137000000 137999999 5 122000000 122999999
4 137000000 137999999 5 123000000 123999999
4 137000000 137999999 11 101000000 101999999
4 137000000 137999999 17 26000000 26999999
4 137000000 137999999 17 29000000 29999999
4 138000000 138999999 5 122000000 122999999
4 138000000 138999999 5 123000000 123999999
4 138000000 138999999 7 134000000 134999999
4 138000000 138999999 11 101000000 101999999
4 138000000 138999999 11 117000000 117999999
4 138000000 138999999 11 118000000 118999999
4 138000000 138999999 12 111000000 111999999
4 138000000 138999999 17 26000000 26999999
4 138000000 138999999 17 47000000 47999999
4 139000000 139999999 5 121000000 121999999
4 139000000 139999999 8 124000000 124999999
4 139000000 139999999 11 102000000 102999999
4 139000000 139999999 11 118000000 118999999
4 140000000 140999999 5 121000000 121999999
4 140000000 140999999 5 123000000 123999999
4 140000000 140999999 5 124000000 124999999
4 140000000 140999999 5 137000000 137999999
4 140000000 140999999 5 144000000 144999999
4 140000000 140999999 7 134000000 134999999
4 140000000 140999999 8 126000000 126999999
4 140000000 140999999 10 79000000 79999999
4 140000000 140999999 10 80000000 80999999
4 140000000 140999999 11 97000000 97999999
4 140000000 140999999 11 115000000 115999999
4 140000000 140999999 11 116000000 116999999
4 140000000 140999999 11 119000000 119999999
4 140000000 140999999 12 86000000 86999999
4 141000000 141999999 5 143000000 143999999
4 144000000 144999999 16 22000000 22999999
4 146000000 146999999 17 38000000 38999999
4 147000000 147999999 5 114000000 114999999
4 147000000 147999999 5 123000000 123999999
4 147000000 147999999 5 124000000 124999999
4 147000000 147999999 17 28000000 28999999
4 147000000 147999999 18 36000000 36999999
4 148000000 148999999 5 114000000 114999999
4 148000000 148999999 5 115000000 115999999
4 148000000 148999999 5 122000000 122999999
4 148000000 148999999 5 123000000 123999999
4 148000000 148999999 5 124000000 124999999
4 148000000 148999999 5 137000000 137999999
4 148000000 148999999 9 107000000 107999999
4 148000000 148999999 10 79000000 79999999
4 148000000 148999999 11 95000000 95999999
4 148000000 148999999 11 98000000 98999999
4 148000000 148999999 11 117000000 117999999
4 148000000 148999999 11 119000000 119999999
4 148000000 148999999 11 120000000 120999999
4 148000000 148999999 15 79000000 79999999
4 148000000 148999999 17 26000000 26999999
4 148000000 148999999 17 28000000 28999999
4 149000000 149999999 5 114000000 114999999
4 149000000 149999999 5 115000000 115999999
4 149000000 149999999 5 116000000 116999999
4 149000000 149999999 5 121000000 121999999
4 149000000 149999999 5 122000000 122999999
4 149000000 149999999 5 123000000 123999999
4 149000000 149999999 5 124000000 124999999
4 149000000 149999999 5 144000000 144999999
4 149000000 149999999 8 125000000 125999999
4 149000000 149999999 9 108000000 108999999
4 149000000 149999999 10 80000000 80999999
4 149000000 149999999 11 77000000 77999999
4 149000000 149999999 11 78000000 78999999
4 149000000 149999999 11 97000000 97999999
4 149000000 149999999 11 98000000 98999999
4 149000000 149999999 11 100000000 100999999
4 149000000 149999999 11 120000000 120999999
4 149000000 149999999 12 112000000 112999999
4 149000000 149999999 17 28000000 28999999
4 150000000 150999999 5 144000000 144999999
4 150000000 150999999 8 124000000 124999999
4 150000000 150999999 8 125000000 125999999
4 151000000 151999999 5 118000000 118999999
4 151000000 151999999 5 119000000 119999999
4 151000000 151999999 5 122000000 122999999
4 151000000 151999999 5 123000000 123999999
4 151000000 151999999 8 123000000 123999999
4 151000000 151999999 10 79000000 79999999
4 151000000 151999999 10 80000000 80999999
4 151000000 151999999 11 98000000 98999999
4 151000000 151999999 11 118000000 118999999
4 151000000 151999999 11 120000000 120999999
4 153000000 153999999 6 87000000 87999999
4 153000000 153999999 18 17000000 17999999
4 154000000 154999999 5 137000000 137999999
4 154000000 154999999 8 124000000 124999999
4 154000000 154999999 8 125000000 125999999
4 154000000 154999999 11 100000000 100999999
4 154000000 154999999 11 120000000 120999999
4 154000000 154999999 14 102000000 102999999
4 154000000 154999999 15 90000000 90999999
4 154000000 154999999 15 98000000 98999999
4 155000000 155630119 7 134000000 134999999
4 155000000 155630119 18 35000000 35999999
5 3000000 3999999 8 75000000 75999999
5 3000000 3999999 11 3000000 3999999
5 4000000 4999999 11 3000000 3999999
5 5000000 5999999 11 3000000 3999999
5 6000000 6999999 11 3000000 3999999
5 7000000 7999999 11 3000000 3999999
5 8000000 8999999 11 3000000 3999999
5 9000000 9999999 11 3000000 3999999
5 10000000 10999999 11 3000000 3999999
5 12000000 12999999 11 3000000 3999999
5 13000000 13999999 11 3000000 3999999
5 14000000 14999999 11 3000000 3999999
5 15000000 15999999 11 3000000 3999999
5 16000000 16999999 11 3000000 3999999
5 17000000 17999999 11 3000000 3999999
5 18000000 18999999 11 3000000 3999999
5 19000000 19999999 11 3000000 3999999
5 20000000 20999999 11 3000000 3999999
5 21000000 21999999 11 3000000 3999999
5 22000000 22999999 11 3000000 3999999
5 22000000 22999999 12 21000000 21999999
5 23000000 23999999 11 3000000 3999999
5 23000000 23999999 11 4000000 4999999
5 24000000 24999999 11 3000000 3999999
5 27000000 27999999 11 3000000 3999999
5 28000000 28999999 11 3000000 3999999
5 29000000 29999999 11 3000000 3999999
5 29000000 29999999 11 117000000 117999999
5 30000000 30999999 11 3000000 3999999
5 31000000 31999999 11 3000000 3999999
5 31000000 31999999 11 4000000 4999999
5 31000000 31999999 17 24000000 24999999
5 32000000 32999999 11 3000000 3999999
5 33000000 33999999 11 3000000 3999999
5 33000000 33999999 14 21000000 21999999
5 33000000 33999999 15 76000000 76999999
5 34000000 34999999 11 3000000 3999999
5 37000000 37999999 7 5000000 5999999
5 37000000 37999999 11 3000000 3999999
5 38000000 38999999 11 3000000 3999999
5 39000000 39999999 11 3000000 3999999
5 43000000 43999999 8 68000000 68999999
5 74000000 74999999 10 116000000 116999999
5 75000000 75999999 10 116000000 116999999
5 77000000 77999999 11 3000000 3999999
5 78000000 78999999 8 13000000 13999999
5 88000000 88999999 12 103000000 103999999
5 90000000 90999999 9 82000000 82999999
5 92000000 92999999 16 5000000 5999999
5 114000000 114999999 8 87000000 87999999
5 114000000 114999999 11 98000000 98999999
5 114000000 114999999 11 102000000 102999999
5 114000000 114999999 11 117000000 117999999
5 114000000 114999999 15 76000000 76999999
5 114000000 114999999 17 25000000 25999999
5 114000000 114999999 18 35000000 35999999
5 115000000 115999999 7 71000000 71999999
5 115000000 115999999 8 109000000 109999999
5 115000000 115999999 8 125000000 125999999
5 115000000 115999999 10 80000000 80999999
5 115000000 115999999 11 3000000 3999999
5 115000000 115999999 11 72000000 72999999
5 115000000 115999999 11 97000000 97999999
5 115000000 115999999 11 98000000 98999999
5 115000000 115999999 11 101000000 101999999
5 115000000 115999999 11 102000000 102999999
5 115000000 115999999 11 117000000 117999999
5 115000000 115999999 15 78000000 78999999
5 115000000 115999999 15 79000000 79999999
5 115000000 115999999 16 35000000 35999999
5 115000000 115999999 17 27000000 27999999
5 115000000 115999999 17 28000000 28999999
5 115000000 115999999 17 29000000 29999999
5 115000000 115999999 17 31000000 31999999
5 115000000 115999999 19 5000000 5999999
5 115000000 115999999 19 45000000 45999999
5 116000000 116999999 8 109000000 109999999
5 116000000 116999999 8 126000000 126999999
5 116000000 116999999 10 79000000 79999999
5 116000000 116999999 11 101000000 101999999
5 116000000 116999999 11 102000000 102999999
5 118000000 118999999 9 58000000 58999999
5 121000000 121999999 7 135000000 135999999
5 121000000 121999999 10 79000000 79999999
5 121000000 121999999 10 80000000 80999999
5 121000000 121999999 11 78000000 78999999
5 121000000 121999999 11 96000000 96999999
5 121000000 121999999 11 99000000 99999999
5 121000000 121999999 11 117000000 117999999
5 121000000 121999999 11 120000000 120999999
5 121000000 121999999 15 81000000 81999999
5 122000000 122999999 8 109000000 109999999
5 122000000 122999999 10 61000000 61999999
5 122000000 122999999 10 80000000 80999999
5 122000000 122999999 11 79000000 79999999
5 122000000 122999999 11 97000000 97999999
5 122000000 122999999 11 100000000 100999999
5 122000000 122999999 11 115000000 115999999
5 122000000 122999999 11 117000000 117999999
5 122000000 122999999 15 81000000 81999999
5 122000000 122999999 15 99000000 99999999
5 122000000 122999999 17 24000000 24999999
5 122000000 122999999 17 26000000 26999999
5 122000000 122999999 17 28000000 28999999
5 122000000 122999999 19 4000000 4999999
5 123000000 123999999 8 109000000 109999999
5 123000000 123999999 10 75000000 75999999
5 123000000 123999999 11 97000000 97999999
5 123000000 123999999 11 101000000 101999999
5 123000000 123999999 11 102000000 102999999
5 124000000 124999999 7 134000000 134999999
5 124000000 124999999 10 79000000 79999999
5 124000000 124999999 10 80000000 80999999
5 124000000 124999999 11 78000000 78999999
5 124000000 124999999 11 97000000 97999999
5 124000000 124999999 11 119000000 119999999
5 124000000 124999999 15 78000000 78999999
5 124000000 124999999 17 28000000 28999999
5 125000000 125999999 10 127000000 127999999
5 127000000 127999999 15 64000000 64999999
5 130000000 130999999 14 34000000 34999999
5 130000000 130999999 17 24000000 24999999
5 136000000 136999999 6 4000000 4999999
5 136000000 136999999 7 148000000 148999999
5 136000000 136999999 8 86000000 86999999
5 136000000 136999999 17 30000000 30999999
5 136000000 136999999 17 31000000 31999999
5 137000000 137999999 11 102000000 102999999
5 147000000 147999999 10 11000000 11999999
5 147000000 147999999 17 39000000 39999999
5 149000000 149999999 8 72000000 72999999
6 3000000 3999999 9 70000000 70999999
6 3000000 3999999 11 3000000 3999999
6 3000000 3999999 17 39000000 39999999
6 3000000 3999999 18 3000000 3999999
6 4000000 4999999 11 3000000 3999999
6 5000000 5999999 11 3000000 3999999
6 6000000 6999999 11 3000000 3999999
6 7000000 7999999 11 3000000 3999999
6 7000000 7999999 17 58000000 58999999
6 8000000 8999999 11 3000000 3999999
6 9000000 9999999 11 3000000 3999999
6 10000000 10999999 11 3000000 3999999
6 11000000 11999999 11 3000000 3999999
6 12000000 12999999 11 3000000 3999999
6 13000000 13999999 11 3000000 3999999
6 14000000 14999999 11 3000000 3999999
6 15000000 15999999 11 3000000 3999999
6 16000000 16999999 11 3000000 3999999
6 17000000 17999999 11 3000000 3999999
6 18000000 18999999 11 3000000 3999999
6 19000000 19999999 11 3000000 3999999
6 20000000 20999999 11 3000000 3999999
6 21000000 21999999 11 3000000 3999999
6 22000000 22999999 11 3000000 3999999
6 23000000 23999999 11 3000000 3999999
6 24000000 24999999 11 3000000 3999999
6 25000000 25999999 11 3000000 3999999
6 26000000 26999999 8 30000000 30999999
6 26000000 26999999 11 3000000 3999999
6 27000000 27999999 11 3000000 3999999
6 28000000 28999999 11 3000000 3999999
6 29000000 29999999 11 3000000 3999999
6 30000000 30999999 9 72000000 72999999
6 30000000 30999999 11 3000000 3999999
6 30000000 30999999 17 24000000 24999999
6 31000000 31999999 11 3000000 3999999
6 33000000 33999999 11 3000000 3999999
6 34000000 34999999 11 3000000 3999999
6 35000000 35999999 11 3000000 3999999
6 36000000 36999999 11 3000000 3999999
6 37000000 37999999 11 3000000 3999999
6 37000000 37999999 12 27000000 27999999
6 38000000 38999999 11 3000000 3999999
6 39000000 39999999 11 3000000 3999999
6 45000000 45999999 11 3000000 3999999
6 47000000 47999999 11 3000000 3999999
6 48000000 48999999 11 3000000 3999999
6 49000000 49999999 11 3000000 3999999
6 50000000 50999999 17 53000000 53999999
6 52000000 52999999 11 3000000 3999999
6 53000000 53999999 19 58000000 58999999
6 54000000 54999999 11 3000000 3999999
6 56000000 56999999 13 48000000 48999999
6 66000000 66999999 11 46000000 46999999
6 67000000 67999999 18 90000000 90772030
6 70000000 70999999 19 27000000 27999999
6 76000000 76999999 16 48000000 48999999
6 85000000 85999999 8 11000000 11999999
6 86000000 86999999 17 29000000 29999999
6 91000000 91999999 7 104000000 104999999
6 106000000 106999999 X 39000000 39999999
6 108000000 108999999 16 53000000 53999999
6 115000000 115999999 X 89000000 89999999
6 120000000 120999999 8 108000000 108999999
6 133000000 133999999 8 37000000 37999999
6 133000000 133999999 8 38000000 38999999
6 140000000 140999999 14 37000000 37999999
6 147000000 147999999 10 87000000 87999999
7 3000000 3999999 11 3000000 3999999
7 3000000 3999999 15 99000000 99999999
7 4000000 4999999 9 21000000 21999999
7 4000000 4999999 11 3000000 3999999
7 4000000 4999999 15 99000000 99999999
7 5000000 5999999 11 3000000 3999999
7 6000000 6999999 11 3000000 3999999
7 7000000 7999999 9 123000000 123999999
7 7000000 7999999 X 166000000 166650295
7 11000000 11999999 11 3000000 3999999
7 12000000 12999999 11 3000000 3999999
7 13000000 13999999 11 3000000 3999999
7 14000000 14999999 11 3000000 3999999
7 16000000 16999999 11 3000000 3999999
7 17000000 17999999 11 3000000 3999999
7 17000000 17999999 14 35000000 35999999
7 18000000 18999999 11 3000000 3999999
7 19000000 19999999 11 3000000 3999999
7 20000000 20999999 11 3000000 3999999
7 24000000 24999999 8 44000000 44999999
7 24000000 24999999 11 3000000 3999999
7 25000000 25999999 11 3000000 3999999
7 26000000 26999999 11 3000000 3999999
7 27000000 27999999 11 3000000 3999999
7 28000000 28999999 11 3000000 3999999
7 28000000 28999999 17 24000000 24999999
7 28000000 28999999 19 4000000 4999999
7 28000000 28999999 19 5000000 5999999
7 29000000 29999999 9 21000000 21999999
7 29000000 29999999 9 30000000 30999999
7 29000000 29999999 9 44000000 44999999
7 29000000 29999999 11 3000000 3999999
7 29000000 29999999 11 4000000 4999999
7 29000000 29999999 11 77000000 77999999
7 29000000 29999999 17 24000000 24999999
7 29000000 29999999 17 25000000 25999999
7 29000000 29999999 17 26000000 26999999
7 29000000 29999999 17 27000000 27999999
7 29000000 29999999 17 28000000 28999999
7 29000000 29999999 17 29000000 29999999
7 29000000 29999999 19 5000000 5999999
7 29000000 29999999 19 6000000 6999999
7 30000000 30999999 11 3000000 3999999
7 30000000 30999999 17 24000000 24999999
7 30000000 30999999 19 5000000 5999999
7 31000000 31999999 9 21000000 21999999
7 31000000 31999999 11 3000000 3999999
7 35000000 35999999 11 3000000 3999999
7 36000000 36999999 11 3000000 3999999
7 38000000 38999999 11 3000000 3999999
7 49000000 49999999 11 3000000 3999999
7 50000000 50999999 11 3000000 3999999
7 51000000 51999999 11 3000000 3999999
7 51000000 51999999 17 24000000 24999999
7 52000000 52999999 9 21000000 21999999
7 52000000 52999999 10 79000000 79999999
7 52000000 52999999 11 97000000 97999999
7 52000000 52999999 11 115000000 115999999
7 52000000 52999999 15 99000000 99999999
7 52000000 52999999 17 24000000 24999999
7 52000000 52999999 17 29000000 29999999
7 52000000 52999999 17 30000000 30999999
7 52000000 52999999 19 5000000 5999999
7 52000000 52999999 19 6000000 6999999
7 86000000 86999999 15 79000000 79999999
7 87000000 87999999 11 115000000 115999999
7 93000000 93999999 14 73000000 73999999
7 93000000 93999999 15 8000000 8999999
7 96000000 96999999 8 9000000 9999999
7 96000000 96999999 17 94000000 94999999
7 103000000 103999999 16 69000000 69999999
7 107000000 107999999 11 102000000 102999999
7 109000000 109999999 9 47000000 47999999
7 111000000 111999999 12 120000000 120999999
7 117000000 117999999 10 50000000 50999999
7 121000000 121999999 10 53000000 53999999
7 133000000 133999999 11 117000000 117999999
7 133000000 133999999 13 58000000 58999999
7 134000000 134999999 9 107000000 107999999
7 134000000 134999999 9 108000000 108999999
7 134000000 134999999 10 80000000 80999999
7 134000000 134999999 10 127000000 127999999
7 134000000 134999999 11 97000000 97999999
7 134000000 134999999 11 115000000 115999999
7 134000000 134999999 11 116000000 116999999
7 134000000 134999999 11 119000000 119999999
7 134000000 134999999 15 98000000 98999999
7 135000000 135999999 19 45000000 45999999
7 137000000 137999999 12 59000000 59999999
8 3000000 3999999 11 3000000 3999999
8 3000000 3999999 15 99000000 99999999
8 3000000 3999999 17 39000000 39999999
8 4000000 4999999 9 42000000 42999999
8 4000000 4999999 11 3000000 3999999
8 5000000 5999999 11 3000000 3999999
8 5000000 5999999 14 19000000 19999999
8 6000000 6999999 11 3000000 3999999
8 7000000 7999999 11 3000000 3999999
8 8000000 8999999 11 3000000 3999999
8 9000000 9999999 11 3000000 3999999
8 10000000 10999999 11 3000000 3999999
8 11000000 11999999 11 3000000 3999999
8 11000000 11999999 19 7000000 7999999
8 12000000 12999999 11 3000000 3999999
8 13000000 13999999 11 3000000 3999999
8 14000000 14999999 11 3000000 3999999
8 15000000 15999999 11 3000000 3999999
8 16000000 16999999 11 3000000 3999999
8 17000000 17999999 11 3000000 3999999
8 18000000 18999999 11 3000000 3999999
8 19000000 19999999 11 3000000 3999999
8 23000000 23999999 11 3000000 3999999
8 24000000 24999999 11 3000000 3999999
8 25000000 25999999 11 3000000 3999999
8 26000000 26999999 11 3000000 3999999
8 27000000 27999999 11 3000000 3999999
8 28000000 28999999 11 3000000 3999999
8 29000000 29999999 11 3000000 3999999
8 31000000 31999999 11 3000000 3999999
8 32000000 32999999 11 3000000 3999999
8 33000000 33999999 11 3000000 3999999
8 34000000 34999999 11 3000000 3999999
8 34000000 34999999 15 67000000 67999999
8 35000000 35999999 11 3000000 3999999
8 37000000 37999999 11 3000000 3999999
8 38000000 38999999 11 3000000 3999999
8 39000000 39999999 11 3000000 3999999
8 42000000 42999999 11 3000000 3999999
8 43000000 43999999 11 3000000 3999999
8 44000000 44999999 11 3000000 3999999
8 45000000 45999999 11 3000000 3999999
8 47000000 47999999 11 3000000 3999999
8 48000000 48999999 11 3000000 3999999
8 49000000 49999999 11 3000000 3999999
8 49000000 49999999 13 4000000 4999999
8 51000000 51999999 14 17000000 17999999
8 65000000 65999999 17 20000000 20999999
8 67000000 67999999 11 3000000 3999999
8 67000000 67999999 X 7000000 7999999
8 77000000 77999999 14 51000000 51999999
8 87000000 87999999 9 55000000 55999999
8 87000000 87999999 11 120000000 120999999
8 95000000 95999999 11 69000000 69999999
8 100000000 100999999 12 54000000 54999999
8 101000000 101999999 14 51000000 51999999
8 103000000 103999999 12 52000000 52999999
8 104000000 104999999 12 52000000 52999999
8 108000000 108999999 9 108000000 108999999
8 108000000 108999999 10 57000000 57999999
8 109000000 109999999 18 35000000 35999999
8 109000000 109999999 X 55000000 55999999
8 125000000 125999999 9 107000000 107999999
8 125000000 125999999 9 108000000 108999999
8 125000000 125999999 10 79000000 79999999
8 125000000 125999999 10 80000000 80999999
8 125000000 125999999 11 77000000 77999999
8 125000000 125999999 11 97000000 97999999
8 125000000 125999999 11 102000000 102999999
8 125000000 125999999 11 119000000 119999999
8 125000000 125999999 11 120000000 120999999
8 125000000 125999999 12 4000000 4999999
8 125000000 125999999 14 56000000 56999999
8 125000000 125999999 15 81000000 81999999
8 125000000 125999999 15 98000000 98999999
8 125000000 125999999 15 99000000 99999999
8 126000000 126999999 11 96000000 96999999
8 126000000 126999999 11 97000000 97999999
8 126000000 126999999 11 119000000 119999999
8 131000000 131738870 17 95000000 95272650
8 131000000 131738870 19 61000000 61342429
9 3000000 3999999 11 3000000 3999999
9 4000000 4999999 11 3000000 3999999
9 5000000 5999999 11 3000000 3999999
9 5000000 5999999 12 89000000 89999999
9 6000000 6999999 11 3000000 3999999
9 7000000 7999999 11 3000000 3999999
9 8000000 8999999 11 3000000 3999999
9 9000000 9999999 11 3000000 3999999
9 10000000 10999999 11 3000000 3999999
9 11000000 11999999 11 3000000 3999999
9 12000000 12999999 11 3000000 3999999
9 13000000 13999999 11 3000000 3999999
9 14000000 14999999 11 3000000 3999999
9 15000000 15999999 11 3000000 3999999
9 16000000 16999999 11 3000000 3999999
9 17000000 17999999 11 3000000 3999999
9 18000000 18999999 11 3000000 3999999
9 19000000 19999999 11 3000000 3999999
9 19000000 19999999 X 81000000 81999999
9 20000000 20999999 11 3000000 3999999
9 20000000 20999999 18 34000000 34999999
9 20000000 20999999 19 3000000 3999999
9 21000000 21999999 11 3000000 3999999
9 21000000 21999999 11 4000000 4999999
9 21000000 21999999 11 6000000 6999999
9 21000000 21999999 14 32000000 32999999
9 21000000 21999999 17 24000000 24999999
9 21000000 21999999 19 3000000 3999999
9 21000000 21999999 19 4000000 4999999
9 21000000 21999999 19 6000000 6999999
9 22000000 22999999 11 3000000 3999999
9 23000000 23999999 11 3000000 3999999
9 24000000 24999999 11 3000000 3999999
9 25000000 25999999 11 3000000 3999999
9 26000000 26999999 11 3000000 3999999
9 27000000 27999999 11 3000000 3999999
9 28000000 28999999 11 3000000 3999999
9 29000000 29999999 11 3000000 3999999
9 30000000 30999999 11 3000000 3999999
9 31000000 31999999 11 3000000 3999999
9 32000000 32999999 11 3000000 3999999
9 34000000 34999999 11 3000000 3999999
9 35000000 35999999 11 3000000 3999999
9 36000000 36999999 11 3000000 3999999
9 37000000 37999999 11 3000000 3999999
9 38000000 38999999 11 3000000 3999999
9 39000000 39999999 11 3000000 3999999
9 40000000 40999999 11 3000000 3999999
9 40000000 40999999 15 50000000 50999999
9 41000000 41999999 11 3000000 3999999
9 42000000 42999999 11 3000000 3999999
9 43000000 43999999 11 3000000 3999999
9 44000000 44999999 11 3000000 3999999
9 44000000 44999999 11 4000000 4999999
9 44000000 44999999 17 24000000 24999999
9 44000000 44999999 17 25000000 25999999
9 44000000 44999999 17 26000000 26999999
9 44000000 44999999 17 27000000 27999999
9 44000000 44999999 17 28000000 28999999
9 44000000 44999999 17 35000000 35999999
9 44000000 44999999 19 4000000 4999999
9 44000000 44999999 19 5000000 5999999
9 45000000 45999999 17 26000000 26999999
9 45000000 45999999 17 30000000 30999999
9 47000000 47999999 11 3000000 3999999
9 48000000 48999999 11 3000000 3999999
9 50000000 50999999 11 3000000 3999999
9 51000000 51999999 11 3000000 3999999
9 53000000 53999999 11 3000000 3999999
9 54000000 54999999 11 3000000 3999999
9 56000000 56999999 11 3000000 3999999
9 56000000 56999999 15 81000000 81999999
9 57000000 57999999 11 3000000 3999999
9 57000000 57999999 17 26000000 26999999
9 57000000 57999999 17 29000000 29999999
9 58000000 58999999 17 29000000 29999999
9 59000000 59999999 11 3000000 3999999
9 59000000 59999999 15 81000000 81999999
9 59000000 59999999 17 29000000 29999999
9 61000000 61999999 15 76000000 76999999
9 61000000 61999999 17 30000000 30999999
9 62000000 62999999 15 76000000 76999999
9 62000000 62999999 17 27000000 27999999
9 62000000 62999999 17 28000000 28999999
9 63000000 63999999 11 3000000 3999999
9 64000000 64999999 11 101000000 101999999
9 64000000 64999999 15 81000000 81999999
9 64000000 64999999 17 28000000 28999999
9 64000000 64999999 17 29000000 29999999
9 64000000 64999999 17 31000000 31999999
9 64000000 64999999 19 45000000 45999999
9 64000000 64999999 X 132000000 132999999
9 65000000 65999999 11 77000000 77999999
9 65000000 65999999 11 97000000 97999999
9 65000000 65999999 17 27000000 27999999
9 65000000 65999999 19 4000000 4999999
9 67000000 67999999 17 85000000 85999999
9 72000000 72999999 11 3000000 3999999
9 73000000 73999999 X 97000000 97999999
9 81000000 81999999 17 64000000 64999999
9 82000000 82999999 13 39000000 39999999
9 87000000 87999999 16 63000000 63999999
9 106000000 106999999 16 45000000 45999999
9 107000000 107999999 11 120000000 120999999
9 107000000 107999999 12 112000000 112999999
9 107000000 107999999 17 29000000 29999999
9 107000000 107999999 19 45000000 45999999
9 108000000 108999999 10 80000000 80999999
9 108000000 108999999 11 119000000 119999999
9 108000000 108999999 12 111000000 111999999
9 108000000 108999999 12 112000000 112999999
9 108000000 108999999 15 76000000 76999999
9 108000000 108999999 15 99000000 99999999
9 108000000 108999999 19 46000000 46999999
9 118000000 118999999 16 49000000 49999999
9 123000000 123999999 X 166000000 166650295
10 3000000 3999999 11 3000000 3999999
10 4000000 4999999 11 3000000 3999999
10 5000000 5999999 11 3000000 3999999
10 6000000 6999999 11 3000000 3999999
10 7000000 7999999 11 3000000 3999999
10 8000000 8999999 11 3000000 3999999
10 9000000 9999999 11 3000000 3999999
10 10000000 10999999 11 3000000 3999999
10 11000000 11999999 11 3000000 3999999
10 12000000 12999999 11 3000000 3999999
10 13000000 13999999 11 3000000 3999999
10 14000000 14999999 11 3000000 3999999
10 15000000 15999999 11 3000000 3999999
10 15000000 15999999 11 17000000 17999999
10 16000000 16999999 11 3000000 3999999
10 17000000 17999999 11 3000000 3999999
10 17000000 17999999 19 36000000 36999999
10 18000000 18999999 11 3000000 3999999
10 19000000 19999999 11 3000000 3999999
10 20000000 20999999 11 3000000 3999999
10 21000000 21999999 11 3000000 3999999
10 21000000 21999999 13 3000000 3999999
10 23000000 23999999 11 3000000 3999999
10 24000000 24999999 11 3000000 3999999
10 25000000 25999999 11 3000000 3999999
10 26000000 26999999 11 3000000 3999999
10 27000000 27999999 11 3000000 3999999
10 29000000 29999999 11 3000000 3999999
10 30000000 30999999 11 3000000 3999999
10 30000000 30999999 18 78000000 78999999
10 31000000 31999999 11 3000000 3999999
10 32000000 32999999 11 3000000 3999999
10 33000000 33999999 11 3000000 3999999
10 34000000 34999999 11 3000000 3999999
10 36000000 36999999 11 3000000 3999999
10 37000000 37999999 11 3000000 3999999
10 39000000 39999999 11 3000000 3999999
10 40000000 40999999 11 3000000 3999999
10 42000000 42999999 11 3000000 3999999
10 57000000 57999999 11 3000000 3999999
10 61000000 61999999 12 85000000 85999999
10 61000000 61999999 15 99000000 99999999
10 66000000 66999999 13 5000000 5999999
10 79000000 79999999 11 97000000 97999999
10 79000000 79999999 11 98000000 98999999
10 79000000 79999999 11 115000000 115999999
10 79000000 79999999 11 116000000 116999999
10 79000000 79999999 11 119000000 119999999
10 79000000 79999999 11 120000000 120999999
10 79000000 79999999 15 99000000 99999999
10 79000000 79999999 19 5000000 5999999
10 80000000 80999999 11 96000000 96999999
10 80000000 80999999 11 97000000 97999999
10 80000000 80999999 11 102000000 102999999
10 80000000 80999999 11 116000000 116999999
10 80000000 80999999 11 117000000 117999999
10 80000000 80999999 11 120000000 120999999
10 80000000 80999999 15 78000000 78999999
10 80000000 80999999 15 79000000 79999999
10 80000000 80999999 15 81000000 81999999
10 80000000 80999999 19 5000000 5999999
10 80000000 80999999 19 45000000 45999999
10 102000000 102999999 11 113000000 113999999
10 127000000 127999999 11 102000000 102999999
10 127000000 127999999 11 115000000 115999999
10 127000000 127999999 11 120000000 120999999
10 129000000 129993254 19 61000000 61342429
11 3000000 3999999 12 3000000 3999999
11 3000000 3999999 12 4000000 4999999
11 3000000 3999999 12 12000000 12999999
11 3000000 3999999 12 14000000 14999999
11 3000000 3999999 12 15000000 15999999
11 3000000 3999999 12 17000000 17999999
11 3000000 3999999 12 30000000 30999999
11 3000000 3999999 12 32000000 32999999
11 3000000 3999999 12 34000000 34999999
11 3000000 3999999 12 36000000 36999999
11 3000000 3999999 12 39000000 39999999
11 3000000 3999999 13 3000000 3999999
11 3000000 3999999 13 4000000 4999999
11 3000000 3999999 13 5000000 5999999
11 3000000 3999999 13 6000000 6999999
11 3000000 3999999 13 7000000 7999999
11 3000000 3999999 13 8000000 8999999
11 3000000 3999999 13 9000000 9999999
11 3000000 3999999 13 10000000 10999999
11 3000000 3999999 13 11000000 11999999
11 3000000 3999999 13 12000000 12999999
11 3000000 3999999 13 13000000 13999999
11 3000000 3999999 13 14000000 14999999
11 3000000 3999999 13 15000000 15999999
11 3000000 3999999 13 16000000 16999999
11 3000000 3999999 13 17000000 17999999
11 3000000 3999999 13 18000000 18999999
11 3000000 3999999 13 19000000 19999999
11 3000000 3999999 13 20000000 20999999
11 3000000 3999999 13 21000000 21999999
11 3000000 3999999 13 22000000 22999999
11 3000000 3999999 13 23000000 23999999
11 3000000 3999999 13 24000000 24999999
11 3000000 3999999 13 25000000 25999999
11 3000000 3999999 13 26000000 26999999
11 3000000 3999999 13 27000000 27999999
11 3000000 3999999 13 29000000 29999999
11 3000000 3999999 13 30000000 30999999
11 3000000 3999999 13 31000000 31999999
11 3000000 3999999 13 32000000 32999999
11 3000000 3999999 13 33000000 33999999
11 3000000 3999999 13 34000000 34999999
11 3000000 3999999 13 35000000 35999999
11 3000000 3999999 13 38000000 38999999
11 3000000 3999999 13 41000000 41999999
11 3000000 3999999 13 42000000 42999999
11 3000000 3999999 13 43000000 43999999
11 3000000 3999999 13 48000000 48999999
11 3000000 3999999 13 49000000 49999999
11 3000000 3999999 13 54000000 54999999
11 3000000 3999999 13 58000000 58999999
11 3000000 3999999 14 8000000 8999999
11 3000000 3999999 14 9000000 9999999
11 3000000 3999999 14 10000000 10999999
11 3000000 3999999 14 11000000 11999999
11 3000000 3999999 14 12000000 12999999
11 3000000 3999999 14 13000000 13999999
11 3000000 3999999 14 14000000 14999999
11 3000000 3999999 14 15000000 15999999
11 3000000 3999999 14 16000000 16999999
11 3000000 3999999 14 17000000 17999999
11 3000000 3999999 14 18000000 18999999
11 3000000 3999999 14 19000000 19999999
11 3000000 3999999 14 20000000 20999999
11 3000000 3999999 14 21000000 21999999
11 3000000 3999999 14 22000000 22999999
11 3000000 3999999 14 23000000 23999999
11 3000000 3999999 14 26000000 26999999
11 3000000 3999999 14 27000000 27999999
11 3000000 3999999 14 28000000 28999999
11 3000000 3999999 14 31000000 31999999
11 3000000 3999999 14 32000000 32999999
11 3000000 3999999 14 33000000 33999999
11 3000000 3999999 14 34000000 34999999
11 3000000 3999999 14 35000000 35999999
11 3000000 3999999 14 40000000 40999999
11 3000000 3999999 14 41000000 41999999
11 3000000 3999999 14 47000000 47999999
11 3000000 3999999 14 48000000 48999999
11 3000000 3999999 15 3000000 3999999
11 3000000 3999999 15 4000000 4999999
11 3000000 3999999 15 5000000 5999999
11 3000000 3999999 15 6000000 6999999
11 3000000 3999999 15 7000000 7999999
11 3000000 3999999 15 8000000 8999999
11 3000000 3999999 15 9000000 9999999
11 3000000 3999999 15 10000000 10999999
11 3000000 3999999 15 11000000 11999999
11 3000000 3999999 15 12000000 12999999
11 3000000 3999999 15 13000000 13999999
11 3000000 3999999 15 14000000 14999999
11 3000000 3999999 15 15000000 15999999
11 3000000 3999999 15 16000000 16999999
11 3000000 3999999 15 17000000 17999999
11 3000000 3999999 15 18000000 18999999
11 3000000 3999999 15 19000000 19999999
11 3000000 3999999 15 20000000 20999999
11 3000000 3999999 15 21000000 21999999
11 3000000 3999999 15 22000000 22999999
11 3000000 3999999 15 23000000 23999999
11 3000000 3999999 15 24000000 24999999
11 3000000 3999999 15 25000000 25999999
11 3000000 3999999 15 26000000 26999999
11 3000000 3999999 15 27000000 27999999
11 3000000 3999999 15 28000000 28999999
11 3000000 3999999 15 29000000 29999999
11 3000000 3999999 15 31000000 31999999
11 3000000 3999999 15 32000000 32999999
11 3000000 3999999 15 33000000 33999999
11 3000000 3999999 15 34000000 34999999
11 3000000 3999999 15 35000000 35999999
11 3000000 3999999 15 36000000 36999999
11 3000000 3999999 15 37000000 37999999
11 3000000 3999999 15 38000000 38999999
11 3000000 3999999 15 39000000 39999999
11 3000000 3999999 15 40000000 40999999
11 3000000 3999999 15 42000000 42999999
11 3000000 3999999 15 43000000 43999999
11 3000000 3999999 15 52000000 52999999
11 3000000 3999999 15 57000000 57999999
11 3000000 3999999 15 58000000 58999999
11 3000000 3999999 15 73000000 73999999
11 3000000 3999999 15 74000000 74999999
11 3000000 3999999 15 79000000 79999999
11 3000000 3999999 15 99000000 99999999
11 3000000 3999999 16 3000000 3999999
11 3000000 3999999 16 4000000 4999999
11 3000000 3999999 16 5000000 5999999
11 3000000 3999999 16 6000000 6999999
11 3000000 3999999 16 7000000 7999999
11 3000000 3999999 16 8000000 8999999
11 3000000 3999999 16 9000000 9999999
11 3000000 3999999 16 10000000 10999999
11 3000000 3999999 16 11000000 11999999
11 3000000 3999999 16 12000000 12999999
11 3000000 3999999 16 13000000 13999999
11 3000000 3999999 16 14000000 14999999
11 3000000 3999999 16 15000000 15999999
11 3000000 3999999 16 16000000 16999999
11 3000000 3999999 16 17000000 17999999
11 3000000 3999999 16 18000000 18999999
11 3000000 3999999 16 19000000 19999999
11 3000000 3999999 16 20000000 20999999
11 3000000 3999999 16 22000000 22999999
11 3000000 3999999 16 23000000 23999999
11 3000000 3999999 16 24000000 24999999
11 3000000 3999999 16 25000000 25999999
11 3000000 3999999 16 26000000 26999999
11 3000000 3999999 16 28000000 28999999
11 3000000 3999999 16 29000000 29999999
11 3000000 3999999 16 30000000 30999999
11 3000000 3999999 16 40000000 40999999
11 3000000 3999999 17 3000000 3999999
11 3000000 3999999 17 4000000 4999999
11 3000000 3999999 17 5000000 5999999
11 3000000 3999999 17 6000000 6999999
11 3000000 3999999 17 7000000 7999999
11 3000000 3999999 17 8000000 8999999
11 3000000 3999999 17 9000000 9999999
11 3000000 3999999 17 10000000 10999999
11 3000000 3999999 17 11000000 11999999
11 3000000 3999999 17 12000000 12999999
11 3000000 3999999 17 13000000 13999999
11 3000000 3999999 17 14000000 14999999
11 3000000 3999999 17 15000000 15999999
11 3000000 3999999 17 16000000 16999999
11 3000000 3999999 17 17000000 17999999
11 3000000 3999999 17 18000000 18999999
11 3000000 3999999 17 19000000 19999999
11 3000000 3999999 17 20000000 20999999
11 3000000 3999999 17 21000000 21999999
11 3000000 3999999 17 22000000 22999999
11 3000000 3999999 17 23000000 23999999
11 3000000 3999999 17 24000000 24999999
11 3000000 3999999 17 25000000 25999999
11 3000000 3999999 17 26000000 26999999
11 3000000 3999999 17 27000000 27999999
11 3000000 3999999 17 29000000 29999999
11 3000000 3999999 17 30000000 30999999
11 3000000 3999999 17 32000000 32999999
11 3000000 3999999 17 33000000 33999999
11 3000000 3999999 17 35000000 35999999
11 3000000 3999999 17 56000000 56999999
11 3000000 3999999 18 3000000 3999999
11 3000000 3999999 18 8000000 8999999
11 3000000 3999999 18 10000000 10999999
11 3000000 3999999 18 17000000 17999999
11 3000000 3999999 18 20000000 20999999
11 3000000 3999999 18 21000000 21999999
11 3000000 3999999 18 24000000 24999999
11 3000000 3999999 19 3000000 3999999
11 3000000 3999999 19 4000000 4999999
11 3000000 3999999 19 7000000 7999999
11 3000000 3999999 19 10000000 10999999
11 3000000 3999999 19 11000000 11999999
11 3000000 3999999 19 13000000 13999999
11 3000000 3999999 19 14000000 14999999
11 3000000 3999999 19 16000000 16999999
11 3000000 3999999 19 17000000 17999999
11 3000000 3999999 19 18000000 18999999
11 3000000 3999999 19 20000000 20999999
11 3000000 3999999 19 21000000 21999999
11 3000000 3999999 19 22000000 22999999
11 3000000 3999999 19 23000000 23999999
11 3000000 3999999 19 24000000 24999999
11 3000000 3999999 19 25000000 25999999
11 3000000 3999999 19 27000000 27999999
11 3000000 3999999 19 28000000 28999999
11 3000000 3999999 19 29000000 29999999
11 3000000 3999999 19 32000000 32999999
11 3000000 3999999 19 33000000 33999999
11 3000000 3999999 19 35000000 35999999
11 3000000 3999999 19 36000000 36999999
11 3000000 3999999 19 38000000 38999999
11 3000000 3999999 19 41000000 41999999
11 3000000 3999999 19 42000000 42999999
11 3000000 3999999 19 44000000 44999999
11 3000000 3999999 19 45000000 45999999
11 3000000 3999999 19 47000000 47999999
11 3000000 3999999 19 55000000 55999999
11 3000000 3999999 19 56000000 56999999
11 3000000 3999999 19 59000000 59999999
11 3000000 3999999 19 60000000 60999999
11 3000000 3999999 X 5000000 5999999
11 3000000 3999999 X 6000000 6999999
11 3000000 3999999 X 7000000 7999999
11 3000000 3999999 X 9000000 9999999
11 3000000 3999999 X 10000000 10999999
11 3000000 3999999 X 11000000 11999999
11 3000000 3999999 X 12000000 12999999
11 3000000 3999999 X 14000000 14999999
11 3000000 3999999 X 16000000 16999999
11 3000000 3999999 X 17000000 17999999
11 3000000 3999999 X 18000000 18999999
11 3000000 3999999 X 19000000 19999999
11 3000000 3999999 X 20000000 20999999
11 3000000 3999999 X 22000000 22999999
11 3000000 3999999 X 23000000 23999999
11 3000000 3999999 X 34000000 34999999
11 4000000 4999999 15 99000000 99999999
11 4000000 4999999 16 32000000 32999999
11 4000000 4999999 17 24000000 24999999
11 4000000 4999999 17 27000000 27999999
11 4000000 4999999 19 3000000 3999999
11 5000000 5999999 17 24000000 24999999
11 5000000 5999999 19 5000000 5999999
11 6000000 6999999 17 24000000 24999999
11 20000000 20999999 16 17000000 17999999
11 29000000 29999999 16 33000000 33999999
11 32000000 32999999 15 27000000 27999999
11 32000000 32999999 19 24000000 24999999
11 32000000 32999999 19 25000000 25999999
11 38000000 38999999 16 66000000 66999999
11 43000000 43999999 14 65000000 65999999
11 54000000 54999999 19 4000000 4999999
11 61000000 61999999 18 34000000 34999999
11 62000000 62999999 13 69000000 69999999
11 69000000 69999999 15 76000000 76999999
11 69000000 69999999 19 4000000 4999999
11 69000000 69999999 19 5000000 5999999
11 76000000 76999999 19 4000000 4999999
11 77000000 77999999 15 25000000 25999999
11 77000000 77999999 15 59000000 59999999
11 77000000 77999999 15 81000000 81999999
11 77000000 77999999 18 35000000 35999999
11 78000000 78999999 17 25000000 25999999
11 78000000 78999999 18 35000000 35999999
11 79000000 79999999 15 81000000 81999999
11 83000000 83999999 13 55000000 55999999
11 83000000 83999999 15 35000000 35999999
11 93000000 93999999 14 99000000 99999999
11 93000000 93999999 X 66000000 66999999
11 95000000 95999999 13 12000000 12999999
11 95000000 95999999 14 55000000 55999999
11 95000000 95999999 19 46000000 46999999
11 96000000 96999999 12 112000000 112999999
11 96000000 96999999 19 5000000 5999999
11 97000000 97999999 12 112000000 112999999
11 97000000 97999999 15 79000000 79999999
11 97000000 97999999 15 98000000 98999999
11 97000000 97999999 15 99000000 99999999
11 97000000 97999999 15 100000000 100999999
11 97000000 97999999 15 102000000 102999999
11 97000000 97999999 16 17000000 17999999
11 97000000 97999999 16 32000000 32999999
11 97000000 97999999 17 25000000 25999999
11 97000000 97999999 17 26000000 26999999
11 97000000 97999999 17 28000000 28999999
11 97000000 97999999 19 5000000 5999999
11 97000000 97999999 19 6000000 6999999
11 98000000 98999999 15 98000000 98999999
11 98000000 98999999 17 28000000 28999999
11 100000000 100999999 15 79000000 79999999
11 101000000 101999999 12 112000000 112999999
11 101000000 101999999 15 100000000 100999999
11 102000000 102999999 12 112000000 112999999
11 104000000 104999999 12 71000000 71999999
11 108000000 108999999 15 85000000 85999999
11 108000000 108999999 17 39000000 39999999
11 114000000 114999999 19 35000000 35999999
11 116000000 116999999 15 98000000 98999999
11 116000000 116999999 15 99000000 99999999
11 116000000 116999999 17 27000000 27999999
11 116000000 116999999 17 35000000 35999999
11 116000000 116999999 19 5000000 5999999
11 117000000 117999999 12 85000000 85999999
11 117000000 117999999 12 112000000 112999999
11 117000000 117999999 15 98000000 98999999
11 117000000 117999999 15 99000000 99999999
11 117000000 117999999 17 25000000 25999999
11 117000000 117999999 17 26000000 26999999
11 117000000 117999999 17 27000000 27999999
11 117000000 117999999 17 28000000 28999999
11 117000000 117999999 17 30000000 30999999
11 117000000 117999999 17 35000000 35999999
11 118000000 118999999 15 83000000 83999999
11 119000000 119999999 12 112000000 112999999
11 119000000 119999999 15 79000000 79999999
11 119000000 119999999 15 98000000 98999999
11 119000000 119999999 15 99000000 99999999
11 119000000 119999999 17 25000000 25999999
11 119000000 119999999 17 26000000 26999999
11 119000000 119999999 17 27000000 27999999
11 119000000 119999999 17 28000000 28999999
11 119000000 119999999 17 29000000 29999999
11 120000000 120999999 12 111000000 111999999
11 120000000 120999999 12 112000000 112999999
11 120000000 120999999 15 79000000 79999999
11 120000000 120999999 15 81000000 81999999
11 120000000 120999999 15 98000000 98999999
11 120000000 120999999 17 26000000 26999999
11 120000000 120999999 17 27000000 27999999
11 120000000 120999999 17 35000000 35999999
11 121000000 121843855 19 61000000 61342429
12 8000000 8999999 17 50000000 50999999
12 16000000 16999999 15 81000000 81999999
12 28000000 28999999 13 76000000 76999999
12 39000000 39999999 X 84000000 84999999
12 47000000 47999999 X 107000000 107999999
12 48000000 48999999 18 47000000 47999999
12 110000000 110999999 13 105000000 105999999
12 112000000 112999999 19 45000000 45999999
12 112000000 112999999 X 146000000 146999999
12 115000000 115999999 15 88000000 88999999
13 17000000 17999999 14 37000000 37999999
13 34000000 34999999 16 42000000 42999999
13 39000000 39999999 18 8000000 8999999
13 55000000 55999999 15 99000000 99999999
13 55000000 55999999 15 100000000 100999999
13 55000000 55999999 17 26000000 26999999
13 55000000 55999999 17 46000000 46999999
13 58000000 58999999 15 99000000 99999999
13 67000000 67999999 X 16000000 16999999
13 99000000 99999999 16 58000000 58999999
14 21000000 21999999 17 29000000 29999999
14 55000000 55999999 19 5000000 5999999
14 56000000 56999999 17 28000000 28999999
14 66000000 66999999 16 30000000 30999999
14 66000000 66999999 16 31000000 31999999
15 4000000 4999999 18 89000000 89999999
15 36000000 36999999 17 25000000 25999999
15 76000000 76999999 17 24000000 24999999
15 76000000 76999999 17 26000000 26999999
15 76000000 76999999 17 28000000 28999999
15 76000000 76999999 19 6000000 6999999
15 76000000 76999999 19 45000000 45999999
15 78000000 78999999 19 5000000 5999999
15 79000000 79999999 17 25000000 25999999
15 79000000 79999999 17 26000000 26999999
15 79000000 79999999 17 27000000 27999999
15 79000000 79999999 17 28000000 28999999
15 79000000 79999999 17 29000000 29999999
15 79000000 79999999 17 30000000 30999999
15 79000000 79999999 17 32000000 32999999
15 79000000 79999999 18 35000000 35999999
15 79000000 79999999 19 5000000 5999999
15 79000000 79999999 19 6000000 6999999
15 80000000 80999999 16 17000000 17999999
15 80000000 80999999 17 28000000 28999999
15 80000000 80999999 17 30000000 30999999
15 81000000 81999999 17 25000000 25999999
15 81000000 81999999 17 26000000 26999999
15 81000000 81999999 17 27000000 27999999
15 81000000 81999999 17 28000000 28999999
15 81000000 81999999 17 29000000 29999999
15 81000000 81999999 17 47000000 47999999
15 81000000 81999999 17 81000000 81999999
15 81000000 81999999 19 4000000 4999999
15 81000000 81999999 19 46000000 46999999
15 85000000 85999999 17 39000000 39999999
15 98000000 98999999 17 25000000 25999999
15 98000000 98999999 17 28000000 28999999
15 98000000 98999999 17 34000000 34999999
15 99000000 99999999 16 3000000 3999999
15 99000000 99999999 16 4000000 4999999
15 99000000 99999999 16 16000000 16999999
15 99000000 99999999 16 17000000 17999999
15 99000000 99999999 16 18000000 18999999
15 99000000 99999999 16 37000000 37999999
15 99000000 99999999 17 25000000 25999999
15 99000000 99999999 17 27000000 27999999
15 99000000 99999999 17 28000000 28999999
15 99000000 99999999 17 29000000 29999999
15 99000000 99999999 17 35000000 35999999
15 99000000 99999999 17 46000000 46999999
15 99000000 99999999 17 47000000 47999999
15 99000000 99999999 18 3000000 3999999
15 99000000 99999999 18 35000000 35999999
15 99000000 99999999 19 46000000 46999999
15 100000000 100999999 17 28000000 28999999
15 100000000 100999999 17 29000000 29999999
15 102000000 102999999 17 24000000 24999999
15 102000000 102999999 17 26000000 26999999
16 3000000 3999999 19 3000000 3999999
16 4000000 4999999 17 24000000 24999999
16 17000000 17999999 17 24000000 24999999
16 17000000 17999999 19 5000000 5999999
16 18000000 18999999 17 28000000 28999999
16 20000000 20999999 17 28000000 28999999
16 22000000 22999999 17 46000000 46999999
16 32000000 32999999 17 28000000 28999999
16 32000000 32999999 17 29000000 29999999
16 33000000 33999999 17 31000000 31999999
17 11000000 11999999 19 59000000 59999999
17 24000000 24999999 19 4000000 4999999
17 24000000 24999999 19 5000000 5999999
17 24000000 24999999 19 7000000 7999999
17 24000000 24999999 19 46000000 46999999
17 24000000 24999999 X 45000000 45999999
17 25000000 25999999 19 4000000 4999999
17 25000000 25999999 19 5000000 5999999
17 26000000 26999999 19 4000000 4999999
17 26000000 26999999 19 5000000 5999999
17 26000000 26999999 19 6000000 6999999
17 27000000 27999999 19 5000000 5999999
17 28000000 28999999 19 5000000 5999999
17 28000000 28999999 19 44000000 44999999
17 28000000 28999999 19 45000000 45999999
17 29000000 29999999 19 5000000 5999999
17 32000000 32999999 19 4000000 4999999
17 32000000 32999999 19 5000000 5999999
17 33000000 33999999 19 4000000 4999999
17 34000000 34999999 19 34000000 34999999
17 35000000 35999999 19 5000000 5999999
17 35000000 35999999 19 6000000 6999999
17 35000000 35999999 19 44000000 44999999
17 35000000 35999999 19 45000000 45999999
17 39000000 39999999 18 3000000 3999999
17 39000000 39999999 18 73000000 73999999
17 46000000 46999999 19 44000000 44999999
17 46000000 46999999 19 45000000 45999999
17 46000000 46999999 19 46000000 46999999
17 95000000 95272650 19 61000000 61342429
18 35000000 35999999 19 5000000 5999999
18 35000000 35999999 19 45000000 45999999
19 38000000 38999999 X 126000000 126999999
