1 2800000 3299999 11 2800000 3299999
1 3300000 3799999 11 2800000 3299999
1 3800000 4299999 11 2800000 3299999
1 4300000 4799999 11 2800000 3299999
1 4800000 5299999 11 2800000 3299999
1 4800000 5299999 X 20800000 21299999
1 5300000 5799999 11 2800000 3299999
1 5800000 6299999 11 2800000 3299999
1 6300000 6799999 11 2800000 3299999
1 6800000 7299999 11 2800000 3299999
1 7300000 7799999 11 2800000 3299999
1 7800000 8299999 11 2800000 3299999
1 8300000 8799999 11 2800000 3299999
1 8800000 9299999 11 2800000 3299999
1 9300000 9799999 11 2800000 3299999
1 9800000 10299999 11 2800000 3299999
1 10300000 10799999 11 2800000 3299999
1 10800000 11299999 11 2800000 3299999
1 11300000 11799999 11 2800000 3299999
1 11800000 12299999 11 2800000 3299999
1 12300000 12799999 11 2800000 3299999
1 12800000 13299999 11 2800000 3299999
1 13300000 13799999 11 2800000 3299999
1 13800000 14299999 11 2800000 3299999
1 14300000 14799999 11 2800000 3299999
1 15300000 15799999 11 2800000 3299999
1 15800000 16299999 11 2800000 3299999
1 16300000 16799999 11 2800000 3299999
1 16800000 17299999 11 2800000 3299999
1 17300000 17799999 10 67300000 67799999
1 17300000 17799999 11 2800000 3299999
1 17800000 18299999 11 2800000 3299999
1 18300000 18799999 11 2800000 3299999
1 18800000 19299999 11 2800000 3299999
1 19300000 19799999 11 2800000 3299999
1 19800000 20299999 11 2800000 3299999
1 20800000 21299999 11 2800000 3299999
1 21300000 21799999 11 2800000 3299999
1 22300000 22799999 11 2800000 3299999
1 22800000 23299999 11 2800000 3299999
1 23800000 24299999 11 2800000 3299999
1 25800000 26299999 11 2800000 3299999
1 27300000 27799999 11 2800000 3299999
1 29300000 29799999 11 2800000 3299999
1 29800000 30299999 11 2800000 3299999
1 30300000 30799999 11 2800000 3299999
1 30800000 31299999 11 2800000 3299999
1 31800000 32299999 11 2800000 3299999
1 32800000 33299999 11 2800000 3299999
1 33300000 33799999 11 2800000 3299999
1 33800000 34299999 11 2800000 3299999
1 34300000 34799999 11 2800000 3299999
1 35300000 35799999 11 2800000 3299999
1 35800000 36299999 11 2800000 3299999
1 36300000 36799999 11 2800000 3299999
1 36800000 37299999 11 2800000 3299999
1 37300000 37799999 11 2800000 3299999
1 37800000 38299999 11 2800000 3299999
1 38800000 39299999 11 2800000 3299999
1 39300000 39799999 11 2800000 3299999
1 40800000 41299999 11 2800000 3299999
1 42300000 42799999 11 2800000 3299999
1 43800000 44299999 11 2800000 3299999
1 44300000 44799999 11 2800000 3299999
1 48300000 48799999 11 2800000 3299999
1 51300000 51799999 11 2800000 3299999
1 51800000 52299999 11 2800000 3299999
1 53800000 54299999 6 104300000 104799999
1 55300000 55799999 19 41800000 42299999
1 56300000 56799999 14 38300000 38799999
1 61800000 62299999 19 46800000 47299999
1 66300000 66799999 9 67800000 68299999
1 66300000 66799999 9 68300000 68799999
1 83800000 84299999 2 94800000 95299999
1 83800000 84299999 2 95300000 95799999
1 89300000 89799999 3 55800000 56299999
1 89800000 90299999 2 2800000 3299999
1 89800000 90299999 2 3300000 3799999
1 89800000 90299999 2 3800000 4299999
1 89800000 90299999 2 4300000 4799999
1 89800000 90299999 2 17300000 17799999
1 89800000 90299999 4 3300000 3799999
1 89800000 90299999 4 3800000 4299999
1 89800000 90299999 4 4800000 5299999
1 89800000 90299999 4 5800000 6299999
1 89800000 90299999 4 6300000 6799999
1 89800000 90299999 11 2800000 3299999
1 92800000 93299999 4 23800000 24299999
1 104800000 105299999 2 154300000 154799999
1 106800000 107299999 9 73800000 74299999
1 110800000 111299999 6 115800000 116299999
1 129800000 130299999 4 67300000 67799999
1 133800000 134299999 9 107300000 107799999
1 134800000 135299999 5 105300000 105799999
1 135300000 135799999 10 126300000 126799999
1 136300000 136799999 8 46800000 47299999
1 138300000 138799999 6 124300000 124799999
1 138300000 138799999 12 119800000 120299999
1 147300000 147799999 3 76300000 76799999
1 149300000 149799999 4 39800000 40299999
1 151800000 152299999 14 52800000 53299999
1 154300000 154799999 9 21800000 22299999
1 158800000 159299999 11 70300000 70799999
1 159300000 159799999 6 137800000 138299999
1 161300000 161799999 X 42300000 42799999
1 162800000 163299999 5 14300000 14799999
1 168300000 168799999 4 23300000 23799999
1 171800000 172299999 15 28300000 28799999
1 172800000 173299999 11 106800000 107299999
1 173300000 173799999 10 126300000 126799999
1 173800000 174299999 16 37300000 37799999
1 182300000 182799999 2 167800000 168299999
2 2800000 3299999 11 2800000 3299999
2 3300000 3799999 11 2800000 3299999
2 3300000 3799999 17 75300000 75799999
2 3800000 4299999 11 2800000 3299999
2 4300000 4799999 11 2800000 3299999
2 4800000 5299999 11 2800000 3299999
2 5300000 5799999 11 2800000 3299999
2 5800000 6299999 8 96300000 96799999
2 5800000 6299999 11 2800000 3299999
2 6300000 6799999 11 2800000 3299999
2 6800000 7299999 11 2800000 3299999
2 7300000 7799999 11 2800000 3299999
2 7800000 8299999 11 2800000 3299999
2 8300000 8799999 11 2800000 3299999
2 8800000 9299999 11 2800000 3299999
2 9300000 9799999 11 2800000 3299999
2 9800000 10299999 11 2800000 3299999
2 10300000 10799999 11 2800000 3299999
2 10800000 11299999 11 2800000 3299999
2 11300000 11799999 11 2800000 3299999
2 11800000 12299999 11 2800000 3299999
2 12300000 12799999 11 2800000 3299999
2 12800000 13299999 11 2800000 3299999
2 13300000 13799999 11 2800000 3299999
2 13800000 14299999 11 2800000 3299999
2 14300000 14799999 11 2800000 3299999
2 14800000 15299999 6 23800000 24299999
2 14800000 15299999 11 2800000 3299999
2 15300000 15799999 11 2800000 3299999
2 16300000 16799999 11 2800000 3299999
2 16800000 17299999 11 2800000 3299999
2 17300000 17799999 10 119300000 119799999
2 17300000 17799999 11 2800000 3299999
2 17800000 18299999 11 2800000 3299999
2 18300000 18799999 11 2800000 3299999
2 18800000 19299999 11 2800000 3299999
2 19300000 19799999 11 2800000 3299999
2 19800000 20299999 11 2800000 3299999
2 20300000 20799999 11 2800000 3299999
2 20800000 21299999 11 2800000 3299999
2 21300000 21799999 11 2800000 3299999
2 22300000 22799999 11 2800000 3299999
2 22800000 23299999 11 2800000 3299999
2 23300000 23799999 11 2800000 3299999
2 23800000 24299999 11 2800000 3299999
2 24300000 24799999 11 2800000 3299999
2 24800000 25299999 11 2800000 3299999
2 26300000 26799999 13 55300000 55799999
2 29800000 30299999 5 121800000 122299999
2 29800000 30299999 5 123300000 123799999
2 29800000 30299999 11 97300000 97799999
2 29800000 30299999 15 98800000 99299999
2 29800000 30299999 17 27800000 28299999
2 29800000 30299999 17 31800000 32299999
2 29800000 30299999 19 3800000 4299999
2 29800000 30299999 19 5300000 5799999
2 30300000 30799999 4 132300000 132799999
2 30300000 30799999 19 3800000 4299999
2 30800000 31299999 4 131800000 132299999
2 30800000 31299999 11 77800000 78299999
2 30800000 31299999 15 99800000 100299999
2 30800000 31299999 17 28300000 28799999
2 31300000 31799999 5 115300000 115799999
2 31800000 32299999 6 122300000 122799999
2 32300000 32799999 4 131800000 132299999
2 32300000 32799999 15 99300000 99799999
2 32300000 32799999 17 28800000 29299999
2 35300000 35799999 11 2800000 3299999
2 37300000 37799999 11 2800000 3299999
2 37800000 38299999 11 2800000 3299999
2 38300000 38799999 11 2800000 3299999
2 39800000 40299999 11 2800000 3299999
2 43800000 44299999 6 94800000 95299999
2 45800000 46299999 14 106300000 106799999
2 48800000 49299999 10 21800000 22299999
2 52300000 52799999 11 2800000 3299999
2 56300000 56799999 9 74800000 75299999
2 56800000 57299999 9 74800000 75299999
2 62800000 63299999 4 20800000 21299999
2 69300000 69799999 5 137300000 137799999
2 69300000 69799999 5 137800000 138299999
2 69300000 69799999 12 28300000 28799999
2 73300000 73799999 4 105800000 106299999
2 83300000 83799999 7 80800000 81299999
2 84300000 84799999 7 65300000 65799999
2 91300000 91799999 14 16300000 16799999
2 98300000 98799999 11 2800000 3299999
2 98800000 99299999 X 92800000 93299999
2 99300000 99799999 10 73300000 73799999
2 113300000 113799999 3 80300000 80799999
2 113800000 114299999 3 80300000 80799999
2 118300000 118799999 19 5800000 6299999
2 120800000 121299999 13 101800000 102299999
2 121800000 122299999 8 11300000 11799999
2 127800000 128299999 4 94800000 95299999
2 130800000 131299999 14 97300000 97799999
2 135800000 136299999 5 43300000 43799999
2 139300000 139799999 14 103300000 103799999
2 143800000 144299999 3 98800000 99299999
2 145800000 146299999 17 87800000 88299999
2 153800000 154299999 14 51800000 52299999
2 154300000 154799999 4 101300000 101799999
2 154800000 155299999 8 128800000 129299999
2 155300000 155799999 4 138300000 138799999
2 155800000 156299999 4 138300000 138799999
2 155800000 156299999 11 118800000 119299999
2 156800000 157299999 4 140800000 141299999
2 157300000 157799999 10 87800000 88299999
2 162300000 162799999 4 61800000 62299999
2 165800000 166299999 4 140300000 140799999
2 165800000 166299999 4 140800000 141299999
2 166300000 166799999 4 140300000 140799999
2 166300000 166799999 10 79800000 80299999
2 166300000 166799999 10 80300000 80799999
2 166800000 167299999 4 139800000 140299999
2 167300000 167799999 4 139300000 139799999
2 167300000 167799999 5 136300000 136799999
2 167300000 167799999 6 61300000 61799999
2 181300000 181748086 3 7800000 8299999
2 181300000 181748086 4 155300000 155630119
2 181300000 181748086 11 2800000 3299999
2 181300000 181748086 11 121300000 121799999
2 181300000 181748086 17 39800000 40299999
3 2800000 3299999 11 2800000 3299999
3 3300000 3799999 11 2800000 3299999
3 3800000 4299999 11 2800000 3299999
3 4300000 4799999 11 2800000 3299999
3 4800000 5299999 11 2800000 3299999
3 5300000 5799999 11 2800000 3299999
3 5800000 6299999 11 2800000 3299999
3 6800000 7299999 11 2800000 3299999
3 7300000 7799999 11 2800000 3299999
3 7800000 8299999 11 2800000 3299999
3 7800000 8299999 17 39800000 40299999
3 8300000 8799999 11 2800000 3299999
3 8800000 9299999 11 2800000 3299999
3 9300000 9799999 11 2800000 3299999
3 9800000 10299999 11 2800000 3299999
3 10300000 10799999 11 2800000 3299999
3 10800000 11299999 11 2800000 3299999
3 11300000 11799999 11 2800000 3299999
3 11800000 12299999 11 2800000 3299999
3 12800000 13299999 11 2800000 3299999
3 13300000 13799999 11 2800000 3299999
3 14300000 14799999 11 2800000 3299999
3 17800000 18299999 11 2800000 3299999
3 18300000 18799999 11 2800000 3299999
3 18800000 19299999 4 154800000 155299999
3 19300000 19799999 11 2800000 3299999
3 21300000 21799999 11 2800000 3299999
3 21800000 22299999 11 2800000 3299999
3 22800000 23299999 11 2800000 3299999
3 23800000 24299999 X 69300000 69799999
3 25800000 26299999 11 2800000 3299999
3 26800000 27299999 11 2800000 3299999
3 27300000 27799999 11 2800000 3299999
3 28300000 28799999 11 2800000 3299999
3 29800000 30299999 11 2800000 3299999
3 30300000 30799999 11 2800000 3299999
3 31800000 32299999 5 13800000 14299999
3 31800000 32299999 11 2800000 3299999
3 32300000 32799999 11 2800000 3299999
3 35800000 36299999 14 11800000 12299999
3 36800000 37299999 13 103300000 103799999
3 38800000 39299999 8 34300000 34799999
3 40800000 41299999 11 2800000 3299999
3 50800000 51299999 11 2800000 3299999
3 74300000 74799999 5 31800000 32299999
3 75800000 76299999 14 19800000 20299999
3 84300000 84799999 7 14800000 15299999
3 85800000 86299999 15 34800000 35299999
3 86800000 87299999 6 8300000 8799999
3 87800000 88299999 4 132800000 133299999
3 87800000 88299999 8 85300000 85799999
3 87800000 88299999 11 96800000 97299999
3 87800000 88299999 11 115800000 116299999
3 88300000 88799999 11 96300000 96799999
3 88300000 88799999 11 96800000 97299999
3 88300000 88799999 11 102300000 102799999
3 88800000 89299999 9 107800000 108299999
3 88800000 89299999 11 96300000 96799999
3 88800000 89299999 11 98300000 98799999
3 88800000 89299999 11 116300000 116799999
3 95800000 96299999 11 101300000 101799999
3 98800000 99299999 15 33300000 33799999
3 98800000 99299999 15 33800000 34299999
3 101300000 101799999 17 35800000 36299999
3 102800000 103299999 X 71300000 71799999
3 108800000 109299999 15 61300000 61799999
3 111300000 111799999 7 98300000 98799999
3 115300000 115799999 14 79800000 80299999
3 126800000 127299999 X 70300000 70799999
3 136800000 137299999 14 36800000 37299999
3 137800000 138299999 4 30300000 30799999
3 137800000 138299999 11 40800000 41299999
3 140300000 140799999 6 90800000 91299999
3 145300000 145799999 12 57800000 58299999
3 150800000 151299999 9 42300000 42799999
3 155300000 155799999 12 51800000 52299999
4 2800000 3299999 6 2800000 3299999
4 2800000 3299999 6 3300000 3799999
4 2800000 3299999 8 2800000 3299999
4 2800000 3299999 8 3300000 3799999
4 2800000 3299999 11 2800000 3299999
4 3300000 3799999 11 2800000 3299999
4 3300000 3799999 18 2800000 3299999
4 3800000 4299999 11 2800000 3299999
4 4300000 4799999 11 2800000 3299999
4 4800000 5299999 11 2800000 3299999
4 5300000 5799999 11 2800000 3299999
4 5800000 6299999 11 2800000 3299999
4 6300000 6799999 11 2800000 3299999
4 6800000 7299999 11 2800000 3299999
4 7300000 7799999 11 2800000 3299999
4 7800000 8299999 11 2800000 3299999
4 8300000 8799999 11 2800000 3299999
4 8800000 9299999 11 2800000 3299999
4 9300000 9799999 11 2800000 3299999
4 9800000 10299999 11 2800000 3299999
4 10300000 10799999 11 2800000 3299999
4 10800000 11299999 11 2800000 3299999
4 10800000 11299999 19 9300000 9799999
4 11300000 11799999 11 2800000 3299999
4 11800000 12299999 11 2800000 3299999
4 12300000 12799999 11 2800000 3299999
4 12800000 13299999 11 2800000 3299999
4 13300000 13799999 11 2800000 3299999
4 14300000 14799999 11 2800000 3299999
4 14800000 15299999 11 2800000 3299999
4 15800000 16299999 11 2800000 3299999
4 16300000 16799999 11 2800000 3299999
4 16800000 17299999 11 2800000 3299999
4 17800000 18299999 11 2800000 3299999
4 18300000 18799999 11 2800000 3299999
4 18800000 19299999 11 2800000 3299999
4 19300000 19799999 15 22800000 23299999
4 19800000 20299999 11 2800000 3299999
4 21800000 22299999 11 2800000 3299999
4 22800000 23299999 11 2800000 3299999
4 23300000 23799999 11 2800000 3299999
4 23800000 24299999 11 2800000 3299999
4 24300000 24799999 11 2800000 3299999
4 24800000 25299999 11 2800000 3299999
4 26800000 27299999 11 2800000 3299999
4 28300000 28799999 11 2800000 3299999
4 28800000 29299999 11 2800000 3299999
4 30300000 30799999 11 2800000 3299999
4 30800000 31299999 11 2800000 3299999
4 33300000 33799999 5 130800000 131299999
4 33300000 33799999 11 2800000 3299999
4 33800000 34299999 11 2800000 3299999
4 34300000 34799999 11 2800000 3299999
4 38800000 39299999 6 11800000 12299999
4 40800000 41299999 11 2800000 3299999
4 40800000 41299999 17 71800000 72299999
4 44800000 45299999 11 2800000 3299999
4 48300000 48799999 11 2800000 3299999
4 98300000 98799999 5 65800000 66299999
4 105800000 106299999 12 73800000 74299999
4 110800000 111299999 15 58300000 58799999
4 114800000 115299999 9 65300000 65799999
4 115800000 116299999 18 34300000 34799999
4 116800000 117299999 12 53800000 54299999
4 116800000 117299999 17 55800000 56299999
4 118800000 119299999 11 59800000 60299999
4 125300000 125799999 19 59800000 60299999
4 128800000 129299999 11 120300000 120799999
4 129800000 130299999 11 77300000 77799999
4 131300000 131799999 14 58300000 58799999
4 131800000 132299999 5 114300000 114799999
4 131800000 132299999 5 114800000 115299999
4 132300000 132799999 15 78800000 79299999
4 132300000 132799999 16 17300000 17799999
4 132800000 133299999 5 121800000 122299999
4 132800000 133299999 7 51800000 52299999
4 132800000 133299999 15 80800000 81299999
4 133300000 133799999 9 59300000 59799999
4 134300000 134799999 11 100800000 101299999
4 134300000 134799999 15 78800000 79299999
4 134800000 135299999 5 114800000 115299999
4 134800000 135299999 5 123300000 123799999
4 134800000 135299999 9 63800000 64299999
4 135300000 135799999 5 123300000 123799999
4 135300000 135799999 10 79800000 80299999
4 135300000 135799999 17 31300000 31799999
4 136800000 137299999 5 42300000 42799999
4 137300000 137799999 5 114800000 115299999
4 138800000 139299999 17 47300000 47799999
4 144300000 144799999 16 21800000 22299999
4 146800000 147299999 17 38300000 38799999
4 146800000 147299999 18 36300000 36799999
4 147800000 148299999 5 122800000 123299999
4 147800000 148299999 17 28300000 28799999
4 148300000 148799999 5 122300000 122799999
4 148300000 148799999 5 123300000 123799999
4 148300000 148799999 11 117800000 118299999
4 148300000 148799999 11 118800000 119299999
4 148800000 149299999 5 121800000 122299999
4 148800000 149299999 5 123300000 123799999
4 148800000 149299999 5 123800000 124299999
4 149300000 149799999 5 123300000 123799999
4 149300000 149799999 8 124800000 125299999
4 149300000 149799999 12 111800000 112299999
4 150800000 151299999 8 124300000 124799999
4 151300000 151799999 5 118300000 118799999
4 151300000 151799999 5 122300000 122799999
4 153300000 153799999 6 86800000 87299999
4 153300000 153799999 18 16800000 17299999
4 154300000 154799999 15 90300000 90799999
4 154800000 155299999 11 101300000 101799999
4 154800000 155299999 14 101800000 102299999
4 154800000 155299999 18 35300000 35799999
4 155300000 155630119 18 35300000 35799999
5 3300000 3799999 8 75300000 75799999
5 3300000 3799999 11 2800000 3299999
5 3800000 4299999 11 2800000 3299999
5 4300000 4799999 11 2800000 3299999
5 4800000 5299999 11 2800000 3299999
5 5300000 5799999 11 2800000 3299999
5 5800000 6299999 11 2800000 3299999
5 6300000 6799999 11 2800000 3299999
5 6800000 7299999 11 2800000 3299999
5 7300000 7799999 11 2800000 3299999
5 7800000 8299999 11 2800000 3299999
5 8300000 8799999 11 2800000 3299999
5 8800000 9299999 11 2800000 3299999
5 9300000 9799999 11 2800000 3299999
5 9800000 10299999 11 2800000 3299999
5 10300000 10799999 11 2800000 3299999
5 12300000 12799999 11 2800000 3299999
5 12800000 13299999 11 2800000 3299999
5 13300000 13799999 11 2800000 3299999
5 13800000 14299999 11 2800000 3299999
5 14300000 14799999 11 2800000 3299999
5 14800000 15299999 11 2800000 3299999
5 15300000 15799999 11 2800000 3299999
5 15800000 16299999 11 2800000 3299999
5 17800000 18299999 11 2800000 3299999
5 18300000 18799999 11 2800000 3299999
5 18800000 19299999 11 2800000 3299999
5 19300000 19799999 19 22300000 22799999
5 19800000 20299999 11 2800000 3299999
5 20300000 20799999 11 2800000 3299999
5 20800000 21299999 11 2800000 3299999
5 22300000 22799999 11 2800000 3299999
5 22800000 23299999 11 2800000 3299999
5 22800000 23299999 12 21300000 21799999
5 27800000 28299999 11 2800000 3299999
5 29300000 29799999 11 2800000 3299999
5 29300000 29799999 11 117300000 117799999
5 30800000 31299999 11 2800000 3299999
5 32800000 33299999 11 2800000 3299999
5 32800000 33299999 15 99300000 99799999
5 33300000 33799999 11 2800000 3299999
5 37300000 37799999 7 4800000 5299999
5 37300000 37799999 11 2800000 3299999
5 38300000 38799999 11 2800000 3299999
5 38800000 39299999 11 2800000 3299999
5 43300000 43799999 8 67800000 68299999
5 74800000 75299999 10 116300000 116799999
5 75300000 75799999 10 116300000 116799999
5 77800000 78299999 8 13800000 14299999
5 79800000 80299999 14 19800000 20299999
5 79800000 80299999 16 2800000 3299999
5 87800000 88299999 12 103300000 103799999
5 90300000 90799999 9 82300000 82799999
5 92800000 93299999 16 4800000 5299999
5 109800000 110299999 11 30800000 31299999
5 114800000 115299999 10 80300000 80799999
5 114800000 115299999 11 72300000 72799999
5 115300000 115799999 7 71300000 71799999
5 115300000 115799999 11 101800000 102299999
5 115300000 115799999 16 35300000 35799999
5 121800000 122299999 11 98800000 99299999
5 121800000 122299999 11 117300000 117799999
5 121800000 122299999 16 31800000 32299999
5 127300000 127799999 15 63800000 64299999
5 129800000 130299999 11 40300000 40799999
5 130300000 130799999 14 34800000 35299999
5 130300000 130799999 17 24300000 24799999
5 135800000 136299999 6 3800000 4299999
5 146800000 147299999 10 10800000 11299999
5 146800000 147299999 11 108800000 109299999
5 146800000 147299999 17 39800000 40299999
5 149300000 149799999 8 72300000 72799999
6 2800000 3299999 11 2800000 3299999
6 2800000 3299999 11 108800000 109299999
6 2800000 3299999 17 39800000 40299999
6 3300000 3799999 11 2800000 3299999
6 3800000 4299999 9 70300000 70799999
6 3800000 4299999 11 2800000 3299999
6 4300000 4799999 11 2800000 3299999
6 4800000 5299999 11 2800000 3299999
6 5300000 5799999 11 2800000 3299999
6 5800000 6299999 11 2800000 3299999
6 6300000 6799999 11 2800000 3299999
6 6800000 7299999 11 2800000 3299999
6 6800000 7299999 17 58300000 58799999
6 7300000 7799999 11 2800000 3299999
6 7800000 8299999 11 2800000 3299999
6 8300000 8799999 11 2800000 3299999
6 8300000 8799999 16 18800000 19299999
6 8800000 9299999 11 2800000 3299999
6 9300000 9799999 11 2800000 3299999
6 9800000 10299999 11 2800000 3299999
6 10800000 11299999 11 2800000 3299999
6 11300000 11799999 8 55300000 55799999
6 11300000 11799999 11 2800000 3299999
6 11800000 12299999 11 2800000 3299999
6 12300000 12799999 11 2800000 3299999
6 12800000 13299999 11 2800000 3299999
6 13300000 13799999 11 2800000 3299999
6 14300000 14799999 11 2800000 3299999
6 14800000 15299999 11 2800000 3299999
6 15300000 15799999 11 2800000 3299999
6 15800000 16299999 11 2800000 3299999
6 16300000 16799999 11 2800000 3299999
6 16800000 17299999 11 2800000 3299999
6 17300000 17799999 8 34800000 35299999
6 17300000 17799999 11 2800000 3299999
6 17800000 18299999 11 2800000 3299999
6 18300000 18799999 11 2800000 3299999
6 18800000 19299999 11 2800000 3299999
6 19300000 19799999 11 2800000 3299999
6 19800000 20299999 11 2800000 3299999
6 20300000 20799999 11 2800000 3299999
6 20800000 21299999 11 2800000 3299999
6 21300000 21799999 11 2800000 3299999
6 21800000 22299999 11 2800000 3299999
6 22300000 22799999 11 2800000 3299999
6 22800000 23299999 11 2800000 3299999
6 23300000 23799999 11 2800000 3299999
6 23800000 24299999 11 2800000 3299999
6 24300000 24799999 11 2800000 3299999
6 25300000 25799999 11 2800000 3299999
6 25800000 26299999 8 30300000 30799999
6 25800000 26299999 11 2800000 3299999
6 26300000 26799999 8 30300000 30799999
6 26300000 26799999 11 2800000 3299999
6 26800000 27299999 8 30300000 30799999
6 26800000 27299999 11 2800000 3299999
6 27800000 28299999 11 2800000 3299999
6 28300000 28799999 11 2800000 3299999
6 28800000 29299999 11 2800000 3299999
6 29300000 29799999 11 2800000 3299999
6 29800000 30299999 11 2800000 3299999
6 30300000 30799999 11 2800000 3299999
6 30800000 31299999 11 2800000 3299999
6 31300000 31799999 11 2800000 3299999
6 32800000 33299999 11 2800000 3299999
6 33300000 33799999 11 2800000 3299999
6 33800000 34299999 11 2800000 3299999
6 34300000 34799999 11 2800000 3299999
6 34800000 35299999 11 2800000 3299999
6 35300000 35799999 11 2800000 3299999
6 36300000 36799999 11 2800000 3299999
6 36800000 37299999 11 2800000 3299999
6 36800000 37299999 12 27300000 27799999
6 37300000 37799999 11 2800000 3299999
6 37300000 37799999 12 27300000 27799999
6 37800000 38299999 11 2800000 3299999
6 39300000 39799999 11 2800000 3299999
6 48800000 49299999 11 2800000 3299999
6 49800000 50299999 17 53800000 54299999
6 52300000 52799999 11 2800000 3299999
6 53800000 54299999 19 57800000 58299999
6 56300000 56799999 13 48300000 48799999
6 66300000 66799999 11 46300000 46799999
6 66800000 67299999 18 90300000 90772030
6 67300000 67799999 18 90300000 90772030
6 69800000 70299999 19 27300000 27799999
6 76300000 76799999 16 48300000 48799999
6 76800000 77299999 9 36800000 37299999
6 85300000 85799999 8 10800000 11299999
6 91300000 91799999 7 104800000 105299999
6 91800000 92299999 19 29300000 29799999
6 106300000 106799999 X 39800000 40299999
6 108800000 109299999 16 53800000 54299999
6 111800000 112299999 11 106300000 106799999
6 124800000 125299999 9 87800000 88299999
6 132800000 133299999 8 37300000 37799999
6 132800000 133299999 8 37800000 38299999
6 134300000 134799999 18 82800000 83299999
6 140300000 140799999 14 37800000 38299999
6 146800000 147299999 10 86800000 87299999
6 148800000 149299999 7 152300000 152524552
7 2800000 3299999 11 2800000 3299999
7 2800000 3299999 15 99300000 99799999
7 3300000 3799999 11 2800000 3299999
7 3300000 3799999 15 99300000 99799999
7 3800000 4299999 11 2800000 3299999
7 4300000 4799999 11 2800000 3299999
7 4800000 5299999 11 2800000 3299999
7 5300000 5799999 11 2800000 3299999
7 5800000 6299999 11 2800000 3299999
7 6300000 6799999 11 2800000 3299999
7 6800000 7299999 9 123800000 124076171
7 6800000 7299999 11 2800000 3299999
7 6800000 7299999 X 166300000 166650295
7 10800000 11299999 11 2800000 3299999
7 12300000 12799999 11 2800000 3299999
7 12800000 13299999 11 2800000 3299999
7 13300000 13799999 11 2800000 3299999
7 13800000 14299999 11 2800000 3299999
7 14800000 15299999 11 2800000 3299999
7 16300000 16799999 11 2800000 3299999
7 16800000 17299999 11 2800000 3299999
7 17300000 17799999 11 2800000 3299999
7 17300000 17799999 14 35300000 35799999
7 18300000 18799999 11 2800000 3299999
7 19300000 19799999 11 2800000 3299999
7 19800000 20299999 11 2800000 3299999
7 24300000 24799999 11 2800000 3299999
7 24800000 25299999 8 44800000 45299999
7 24800000 25299999 11 2800000 3299999
7 25300000 25799999 11 2800000 3299999
7 25800000 26299999 11 2800000 3299999
7 26300000 26799999 11 2800000 3299999
7 27300000 27799999 11 2800000 3299999
7 27800000 28299999 11 2800000 3299999
7 28300000 28799999 11 2800000 3299999
7 28800000 29299999 11 2800000 3299999
7 28800000 29299999 17 24800000 25299999
7 29300000 29799999 9 30300000 30799999
7 29300000 29799999 17 24300000 24799999
7 29300000 29799999 17 28800000 29299999
7 29300000 29799999 19 5300000 5799999
7 29800000 30299999 11 2800000 3299999
7 29800000 30299999 17 28800000 29299999
7 30300000 30799999 11 2800000 3299999
7 30800000 31299999 11 2800000 3299999
7 30800000 31299999 19 5800000 6299999
7 30800000 31299999 19 6300000 6799999
7 31300000 31799999 11 2800000 3299999
7 31800000 32299999 12 79300000 79799999
7 34800000 35299999 11 2800000 3299999
7 35300000 35799999 11 2800000 3299999
7 38800000 39299999 11 2800000 3299999
7 46800000 47299999 11 2800000 3299999
7 47800000 48299999 11 2800000 3299999
7 49300000 49799999 11 2800000 3299999
7 50800000 51299999 11 2800000 3299999
7 51300000 51799999 17 24300000 24799999
7 86800000 87299999 15 79800000 80299999
7 87300000 87799999 X 165800000 166299999
7 90300000 90799999 8 52800000 53299999
7 93300000 93799999 14 73800000 74299999
7 93300000 93799999 15 8300000 8799999
7 95800000 96299999 17 93800000 94299999
7 96300000 96799999 8 9800000 10299999
7 96300000 96799999 17 93800000 94299999
7 101800000 102299999 8 61800000 62299999
7 103300000 103799999 16 68800000 69299999
7 108800000 109299999 9 47300000 47799999
7 111300000 111799999 12 120300000 120799999
7 117300000 117799999 10 50300000 50799999
7 120800000 121299999 10 52800000 53299999
7 133300000 133799999 13 57800000 58299999
7 133800000 134299999 11 115300000 115799999
7 135300000 135799999 19 45300000 45799999
7 137300000 137799999 12 58800000 59299999
8 2800000 3299999 11 2800000 3299999
8 3300000 3799999 11 2800000 3299999
8 3300000 3799999 15 99300000 99799999
8 3300000 3799999 17 39800000 40299999
8 3800000 4299999 9 42300000 42799999
8 3800000 4299999 11 2800000 3299999
8 3800000 4299999 14 28300000 28799999
8 4300000 4799999 11 2800000 3299999
8 4300000 4799999 13 3300000 3799999
8 4800000 5299999 11 2800000 3299999
8 5300000 5799999 11 2800000 3299999
8 5300000 5799999 14 18800000 19299999
8 5800000 6299999 11 2800000 3299999
8 6300000 6799999 11 2800000 3299999
8 6800000 7299999 11 2800000 3299999
8 7300000 7799999 11 2800000 3299999
8 7800000 8299999 11 2800000 3299999
8 8300000 8799999 11 2800000 3299999
8 8800000 9299999 11 2800000 3299999
8 9300000 9799999 11 2800000 3299999
8 9800000 10299999 11 2800000 3299999
8 10300000 10799999 11 2800000 3299999
8 10800000 11299999 11 2800000 3299999
8 11300000 11799999 11 2800000 3299999
8 11300000 11799999 19 7300000 7799999
8 11800000 12299999 11 2800000 3299999
8 12300000 12799999 11 2800000 3299999
8 12800000 13299999 11 2800000 3299999
8 13300000 13799999 11 2800000 3299999
8 13800000 14299999 11 2800000 3299999
8 14300000 14799999 11 2800000 3299999
8 14800000 15299999 11 2800000 3299999
8 15800000 16299999 11 2800000 3299999
8 16300000 16799999 11 2800000 3299999
8 16800000 17299999 11 2800000 3299999
8 17300000 17799999 11 2800000 3299999
8 17800000 18299999 11 2800000 3299999
8 18300000 18799999 11 2800000 3299999
8 18800000 19299999 11 2800000 3299999
8 19300000 19799999 11 2800000 3299999
8 22800000 23299999 11 2800000 3299999
8 23300000 23799999 11 2800000 3299999
8 23800000 24299999 11 2800000 3299999
8 24300000 24799999 11 2800000 3299999
8 24800000 25299999 11 2800000 3299999
8 25300000 25799999 11 2800000 3299999
8 25800000 26299999 11 2800000 3299999
8 26300000 26799999 11 2800000 3299999
8 26800000 27299999 11 2800000 3299999
8 27300000 27799999 11 2800000 3299999
8 27800000 28299999 11 2800000 3299999
8 28300000 28799999 11 2800000 3299999
8 28800000 29299999 10 37800000 38299999
8 30800000 31299999 11 2800000 3299999
8 31800000 32299999 11 2800000 3299999
8 32800000 33299999 11 2800000 3299999
8 33300000 33799999 11 2800000 3299999
8 33800000 34299999 11 2800000 3299999
8 34300000 34799999 11 2800000 3299999
8 34300000 34799999 15 67800000 68299999
8 34800000 35299999 11 2800000 3299999
8 34800000 35299999 X 148300000 148799999
8 35300000 35799999 11 2800000 3299999
8 35800000 36299999 11 2800000 3299999
8 37800000 38299999 11 2800000 3299999
8 42800000 43299999 11 2800000 3299999
8 44300000 44799999 11 2800000 3299999
8 45300000 45799999 11 2800000 3299999
8 47300000 47799999 11 2800000 3299999
8 48300000 48799999 11 2800000 3299999
8 48800000 49299999 11 2800000 3299999
8 48800000 49299999 13 3800000 4299999
8 51800000 52299999 14 16800000 17299999
8 65800000 66299999 17 19800000 20299999
8 66800000 67299999 X 7800000 8299999
8 87300000 87799999 9 54800000 55299999
8 95800000 96299999 11 68800000 69299999
8 99800000 100299999 12 54800000 55299999
8 101300000 101799999 14 50800000 51299999
8 103800000 104299999 12 52300000 52799999
8 108300000 108799999 10 56800000 57299999
8 108300000 108799999 10 57300000 57799999
8 125300000 125799999 15 98800000 99299999
8 125800000 126299999 9 107800000 108299999
8 125800000 126299999 12 4800000 5299999
8 130800000 131299999 17 94800000 95272650
8 131300000 131738870 17 94800000 95272650
8 131300000 131738870 19 60800000 61299999
9 2800000 3299999 11 2800000 3299999
9 3300000 3799999 11 2800000 3299999
9 3800000 4299999 11 2800000 3299999
9 4300000 4799999 11 2800000 3299999
9 4800000 5299999 11 2800000 3299999
9 5300000 5799999 11 2800000 3299999
9 5800000 6299999 11 2800000 3299999
9 5800000 6299999 12 89300000 89799999
9 6300000 6799999 11 2800000 3299999
9 6800000 7299999 11 2800000 3299999
9 7300000 7799999 11 2800000 3299999
9 7800000 8299999 11 2800000 3299999
9 8300000 8799999 11 2800000 3299999
9 8800000 9299999 11 2800000 3299999
9 9300000 9799999 11 2800000 3299999
9 10300000 10799999 11 2800000 3299999
9 10800000 11299999 11 2800000 3299999
9 11300000 11799999 11 2800000 3299999
9 11800000 12299999 11 2800000 3299999
9 12300000 12799999 11 2800000 3299999
9 12800000 13299999 11 2800000 3299999
9 13300000 13799999 11 2800000 3299999
9 13800000 14299999 11 2800000 3299999
9 14300000 14799999 11 2800000 3299999
9 14800000 15299999 11 2800000 3299999
9 15300000 15799999 11 2800000 3299999
9 15800000 16299999 11 2800000 3299999
9 16300000 16799999 11 2800000 3299999
9 16800000 17299999 11 2800000 3299999
9 17300000 17799999 11 2800000 3299999
9 17800000 18299999 11 2800000 3299999
9 18300000 18799999 11 2800000 3299999
9 18800000 19299999 11 2800000 3299999
9 18800000 19299999 X 81300000 81799999
9 19800000 20299999 11 2800000 3299999
9 20300000 20799999 11 2800000 3299999
9 20800000 21299999 11 2800000 3299999
9 20800000 21299999 11 5800000 6299999
9 20800000 21299999 18 34300000 34799999
9 21300000 21799999 17 24800000 25299999
9 21800000 22299999 11 2800000 3299999
9 22300000 22799999 11 2800000 3299999
9 22800000 23299999 11 2800000 3299999
9 23800000 24299999 11 2800000 3299999
9 24300000 24799999 11 2800000 3299999
9 24800000 25299999 11 2800000 3299999
9 25300000 25799999 11 2800000 3299999
9 26300000 26799999 11 2800000 3299999
9 26800000 27299999 11 2800000 3299999
9 28300000 28799999 11 2800000 3299999
9 29300000 29799999 11 2800000 3299999
9 30800000 31299999 10 5800000 6299999
9 30800000 31299999 11 2800000 3299999
9 31300000 31799999 11 2800000 3299999
9 31800000 32299999 11 2800000 3299999
9 34800000 35299999 11 2800000 3299999
9 37300000 37799999 11 2800000 3299999
9 37800000 38299999 11 2800000 3299999
9 39800000 40299999 11 2800000 3299999
9 39800000 40299999 15 50800000 51299999
9 40800000 41299999 11 2800000 3299999
9 41800000 42299999 11 2800000 3299999
9 42300000 42799999 11 2800000 3299999
9 43800000 44299999 11 4800000 5299999
9 44800000 45299999 17 15800000 16299999
9 46800000 47299999 11 2800000 3299999
9 47300000 47799999 11 2800000 3299999
9 47800000 48299999 18 13300000 13799999
9 48300000 48799999 11 2800000 3299999
9 53800000 54299999 11 2800000 3299999
9 56300000 56799999 11 2800000 3299999
9 57300000 57799999 17 28800000 29299999
9 57300000 57799999 17 29300000 29799999
9 59300000 59799999 11 2800000 3299999
9 59300000 59799999 15 80800000 81299999
9 63300000 63799999 11 2800000 3299999
9 64800000 65299999 17 25800000 26299999
9 64800000 65299999 X 132300000 132799999
9 67300000 67799999 17 84800000 85299999
9 73300000 73799999 X 96800000 97299999
9 81300000 81799999 17 63800000 64299999
9 82300000 82799999 13 38800000 39299999
9 87800000 88299999 16 62800000 63299999
9 87800000 88299999 16 63300000 63799999
9 106800000 107299999 16 45800000 46299999
9 118300000 118799999 16 49800000 50299999
9 123800000 124076171 X 166300000 166650295
10 2800000 3299999 11 2800000 3299999
10 3300000 3799999 11 2800000 3299999
10 3800000 4299999 11 2800000 3299999
10 4300000 4799999 11 2800000 3299999
10 4800000 5299999 11 2800000 3299999
10 5800000 6299999 11 2800000 3299999
10 6300000 6799999 11 2800000 3299999
10 6800000 7299999 11 2800000 3299999
10 7300000 7799999 11 2800000 3299999
10 7800000 8299999 11 2800000 3299999
10 8300000 8799999 11 2800000 3299999
10 8800000 9299999 11 2800000 3299999
10 9300000 9799999 11 2800000 3299999
10 10800000 11299999 11 2800000 3299999
10 11800000 12299999 11 2800000 3299999
10 14300000 14799999 11 2800000 3299999
10 14800000 15299999 11 2800000 3299999
10 15300000 15799999 11 2800000 3299999
10 15800000 16299999 11 16800000 17299999
10 16800000 17299999 11 2800000 3299999
10 17300000 17799999 11 2800000 3299999
10 17300000 17799999 19 36800000 37299999
10 17800000 18299999 11 2800000 3299999
10 18300000 18799999 11 2800000 3299999
10 19300000 19799999 11 2800000 3299999
10 20800000 21299999 11 2800000 3299999
10 21300000 21799999 11 2800000 3299999
10 21800000 22299999 13 3300000 3799999
10 23300000 23799999 11 2800000 3299999
10 24300000 24799999 11 2800000 3299999
10 24800000 25299999 11 2800000 3299999
10 25300000 25799999 11 2800000 3299999
10 25800000 26299999 11 2800000 3299999
10 26800000 27299999 12 31300000 31799999
10 27300000 27799999 11 2800000 3299999
10 30300000 30799999 18 78300000 78799999
10 30800000 31299999 11 2800000 3299999
10 32300000 32799999 11 2800000 3299999
10 33300000 33799999 11 2800000 3299999
10 39800000 40299999 11 2800000 3299999
10 60800000 61299999 X 102800000 103299999
10 65800000 66299999 13 5800000 6299999
10 77800000 78299999 17 31800000 32299999
10 79300000 79799999 11 97300000 97799999
10 79300000 79799999 11 115300000 115799999
10 79300000 79799999 15 78800000 79299999
10 79800000 80299999 11 120300000 120799999
10 79800000 80299999 19 5300000 5799999
10 80300000 80799999 11 102800000 103299999
10 80300000 80799999 11 119800000 120299999
10 80300000 80799999 15 78800000 79299999
10 80300000 80799999 19 5300000 5799999
10 102800000 103299999 11 112800000 113299999
10 107300000 107799999 17 73300000 73799999
10 114300000 114799999 15 20300000 20799999
10 116800000 117299999 17 33800000 34299999
10 129800000 129993254 19 60800000 61299999
11 2800000 3299999 12 3300000 3799999
11 2800000 3299999 12 4300000 4799999
11 2800000 3299999 12 6300000 6799999
11 2800000 3299999 12 12300000 12799999
11 2800000 3299999 12 13800000 14299999
11 2800000 3299999 12 15300000 15799999
11 2800000 3299999 12 39300000 39799999
11 2800000 3299999 13 3300000 3799999
11 2800000 3299999 13 3800000 4299999
11 2800000 3299999 13 4300000 4799999
11 2800000 3299999 13 4800000 5299999
11 2800000 3299999 13 5300000 5799999
11 2800000 3299999 13 5800000 6299999
11 2800000 3299999 13 6300000 6799999
11 2800000 3299999 13 6800000 7299999
11 2800000 3299999 13 7300000 7799999
11 2800000 3299999 13 7800000 8299999
11 2800000 3299999 13 8300000 8799999
11 2800000 3299999 13 8800000 9299999
11 2800000 3299999 13 9300000 9799999
11 2800000 3299999 13 9800000 10299999
11 2800000 3299999 13 10300000 10799999
11 2800000 3299999 13 10800000 11299999
11 2800000 3299999 13 11300000 11799999
11 2800000 3299999 13 11800000 12299999
11 2800000 3299999 13 12300000 12799999
11 2800000 3299999 13 12800000 13299999
11 2800000 3299999 13 13300000 13799999
11 2800000 3299999 13 13800000 14299999
11 2800000 3299999 13 14300000 14799999
11 2800000 3299999 13 15300000 15799999
11 2800000 3299999 13 15800000 16299999
11 2800000 3299999 13 16300000 16799999
11 2800000 3299999 13 16800000 17299999
11 2800000 3299999 13 17800000 18299999
11 2800000 3299999 13 18300000 18799999
11 2800000 3299999 13 18800000 19299999
11 2800000 3299999 13 19800000 20299999
11 2800000 3299999 13 20300000 20799999
11 2800000 3299999 13 20800000 21299999
11 2800000 3299999 13 21300000 21799999
11 2800000 3299999 13 22800000 23299999
11 2800000 3299999 13 23300000 23799999
11 2800000 3299999 13 23800000 24299999
11 2800000 3299999 13 24300000 24799999
11 2800000 3299999 13 24800000 25299999
11 2800000 3299999 13 25800000 26299999
11 2800000 3299999 13 26300000 26799999
11 2800000 3299999 13 26800000 27299999
11 2800000 3299999 13 32300000 32799999
11 2800000 3299999 13 32800000 33299999
11 2800000 3299999 13 33800000 34299999
11 2800000 3299999 13 37800000 38299999
11 2800000 3299999 13 41800000 42299999
11 2800000 3299999 13 43300000 43799999
11 2800000 3299999 13 44800000 45299999
11 2800000 3299999 13 48800000 49299999
11 2800000 3299999 13 57800000 58299999
11 2800000 3299999 13 58300000 58799999
11 2800000 3299999 14 8300000 8799999
11 2800000 3299999 14 8800000 9299999
11 2800000 3299999 14 9800000 10299999
11 2800000 3299999 14 10300000 10799999
11 2800000 3299999 14 11300000 11799999
11 2800000 3299999 14 11800000 12299999
11 2800000 3299999 14 12300000 12799999
11 2800000 3299999 14 12800000 13299999
11 2800000 3299999 14 13300000 13799999
11 2800000 3299999 14 13800000 14299999
11 2800000 3299999 14 14300000 14799999
11 2800000 3299999 14 14800000 15299999
11 2800000 3299999 14 15300000 15799999
11 2800000 3299999 14 15800000 16299999
11 2800000 3299999 14 16300000 16799999
11 2800000 3299999 14 16800000 17299999
11 2800000 3299999 14 17300000 17799999
11 2800000 3299999 14 17800000 18299999
11 2800000 3299999 14 18300000 18799999
11 2800000 3299999 14 18800000 19299999
11 2800000 3299999 14 19300000 19799999
11 2800000 3299999 14 19800000 20299999
11 2800000 3299999 14 20300000 20799999
11 2800000 3299999 14 20800000 21299999
11 2800000 3299999 14 21300000 21799999
11 2800000 3299999 14 21800000 22299999
11 2800000 3299999 14 22300000 22799999
11 2800000 3299999 14 25800000 26299999
11 2800000 3299999 14 27300000 27799999
11 2800000 3299999 14 28300000 28799999
11 2800000 3299999 14 34800000 35299999
11 2800000 3299999 14 41300000 41799999
11 2800000 3299999 15 2800000 3299999
11 2800000 3299999 15 3300000 3799999
11 2800000 3299999 15 3800000 4299999
11 2800000 3299999 15 4300000 4799999
11 2800000 3299999 15 4800000 5299999
11 2800000 3299999 15 5300000 5799999
11 2800000 3299999 15 5800000 6299999
11 2800000 3299999 15 6300000 6799999
11 2800000 3299999 15 6800000 7299999
11 2800000 3299999 15 7300000 7799999
11 2800000 3299999 15 7800000 8299999
11 2800000 3299999 15 8300000 8799999
11 2800000 3299999 15 8800000 9299999
11 2800000 3299999 15 9300000 9799999
11 2800000 3299999 15 9800000 10299999
11 2800000 3299999 15 10300000 10799999
11 2800000 3299999 15 10800000 11299999
11 2800000 3299999 15 11300000 11799999
11 2800000 3299999 15 11800000 12299999
11 2800000 3299999 15 12300000 12799999
11 2800000 3299999 15 12800000 13299999
11 2800000 3299999 15 13800000 14299999
11 2800000 3299999 15 14300000 14799999
11 2800000 3299999 15 14800000 15299999
11 2800000 3299999 15 15300000 15799999
11 2800000 3299999 15 15800000 16299999
11 2800000 3299999 15 16300000 16799999
11 2800000 3299999 15 16800000 17299999
11 2800000 3299999 15 17300000 17799999
11 2800000 3299999 15 17800000 18299999
11 2800000 3299999 15 18300000 18799999
11 2800000 3299999 15 18800000 19299999
11 2800000 3299999 15 19300000 19799999
11 2800000 3299999 15 19800000 20299999
11 2800000 3299999 15 20300000 20799999
11 2800000 3299999 15 20800000 21299999
11 2800000 3299999 15 21300000 21799999
11 2800000 3299999 15 21800000 22299999
11 2800000 3299999 15 22300000 22799999
11 2800000 3299999 15 22800000 23299999
11 2800000 3299999 15 23300000 23799999
11 2800000 3299999 15 23800000 24299999
11 2800000 3299999 15 25300000 25799999
11 2800000 3299999 15 25800000 26299999
11 2800000 3299999 15 26800000 27299999
11 2800000 3299999 15 27300000 27799999
11 2800000 3299999 15 27800000 28299999
11 2800000 3299999 15 28800000 29299999
11 2800000 3299999 15 29300000 29799999
11 2800000 3299999 15 31300000 31799999
11 2800000 3299999 15 33300000 33799999
11 2800000 3299999 15 33800000 34299999
11 2800000 3299999 15 34300000 34799999
11 2800000 3299999 15 34800000 35299999
11 2800000 3299999 15 35300000 35799999
11 2800000 3299999 15 35800000 36299999
11 2800000 3299999 15 36300000 36799999
11 2800000 3299999 15 36800000 37299999
11 2800000 3299999 15 37300000 37799999
11 2800000 3299999 15 37800000 38299999
11 2800000 3299999 15 38800000 39299999
11 2800000 3299999 15 39300000 39799999
11 2800000 3299999 15 40300000 40799999
11 2800000 3299999 15 51800000 52299999
11 2800000 3299999 15 61800000 62299999
11 2800000 3299999 15 76300000 76799999
11 2800000 3299999 15 78800000 79299999
11 2800000 3299999 15 99300000 99799999
11 2800000 3299999 16 2800000 3299999
11 2800000 3299999 16 3300000 3799999
11 2800000 3299999 16 3800000 4299999
11 2800000 3299999 16 4300000 4799999
11 2800000 3299999 16 4800000 5299999
11 2800000 3299999 16 5300000 5799999
11 2800000 3299999 16 5800000 6299999
11 2800000 3299999 16 6300000 6799999
11 2800000 3299999 16 6800000 7299999
11 2800000 3299999 16 7300000 7799999
11 2800000 3299999 16 7800000 8299999
11 2800000 3299999 16 8300000 8799999
11 2800000 3299999 16 9300000 9799999
11 2800000 3299999 16 9800000 10299999
11 2800000 3299999 16 12300000 12799999
11 2800000 3299999 16 13300000 13799999
11 2800000 3299999 16 14800000 15299999
11 2800000 3299999 16 15300000 15799999
11 2800000 3299999 16 15800000 16299999
11 2800000 3299999 16 16300000 16799999
11 2800000 3299999 16 16800000 17299999
11 2800000 3299999 16 17300000 17799999
11 2800000 3299999 16 18300000 18799999
11 2800000 3299999 16 18800000 19299999
11 2800000 3299999 16 19300000 19799999
11 2800000 3299999 16 20300000 20799999
11 2800000 3299999 16 23300000 23799999
11 2800000 3299999 16 25300000 25799999
11 2800000 3299999 16 26300000 26799999
11 2800000 3299999 16 29300000 29799999
11 2800000 3299999 16 37300000 37799999
11 2800000 3299999 17 2800000 3299999
11 2800000 3299999 17 3300000 3799999
11 2800000 3299999 17 3800000 4299999
11 2800000 3299999 17 4300000 4799999
11 2800000 3299999 17 4800000 5299999
11 2800000 3299999 17 5300000 5799999
11 2800000 3299999 17 5800000 6299999
11 2800000 3299999 17 7300000 7799999
11 2800000 3299999 17 8300000 8799999
11 2800000 3299999 17 8800000 9299999
11 2800000 3299999 17 9300000 9799999
11 2800000 3299999 17 9800000 10299999
11 2800000 3299999 17 10300000 10799999
11 2800000 3299999 17 10800000 11299999
11 2800000 3299999 17 11300000 11799999
11 2800000 3299999 17 11800000 12299999
11 2800000 3299999 17 12300000 12799999
11 2800000 3299999 17 12800000 13299999
11 2800000 3299999 17 13800000 14299999
11 2800000 3299999 17 14300000 14799999
11 2800000 3299999 17 15300000 15799999
11 2800000 3299999 17 15800000 16299999
11 2800000 3299999 17 16300000 16799999
11 2800000 3299999 17 16800000 17299999
11 2800000 3299999 17 17300000 17799999
11 2800000 3299999 17 17800000 18299999
11 2800000 3299999 17 18300000 18799999
11 2800000 3299999 17 19300000 19799999
11 2800000 3299999 17 20300000 20799999
11 2800000 3299999 17 20800000 21299999
11 2800000 3299999 17 21800000 22299999
11 2800000 3299999 17 23300000 23799999
11 2800000 3299999 17 23800000 24299999
11 2800000 3299999 17 24300000 24799999
11 2800000 3299999 17 28800000 29299999
11 2800000 3299999 17 30300000 30799999
11 2800000 3299999 17 30800000 31299999
11 2800000 3299999 17 32300000 32799999
11 2800000 3299999 18 2800000 3299999
11 2800000 3299999 18 3300000 3799999
11 2800000 3299999 18 10300000 10799999
11 2800000 3299999 18 14800000 15299999
11 2800000 3299999 18 19800000 20299999
11 2800000 3299999 18 20300000 20799999
11 2800000 3299999 18 20800000 21299999
11 2800000 3299999 18 24300000 24799999
11 2800000 3299999 19 3300000 3799999
11 2800000 3299999 19 4300000 4799999
11 2800000 3299999 19 10300000 10799999
11 2800000 3299999 19 10800000 11299999
11 2800000 3299999 19 11800000 12299999
11 2800000 3299999 19 13300000 13799999
11 2800000 3299999 19 14800000 15299999
11 2800000 3299999 19 15800000 16299999
11 2800000 3299999 19 17800000 18299999
11 2800000 3299999 19 20300000 20799999
11 2800000 3299999 19 21800000 22299999
11 2800000 3299999 19 23300000 23799999
11 2800000 3299999 19 24300000 24799999
11 2800000 3299999 19 24800000 25299999
11 2800000 3299999 19 28300000 28799999
11 2800000 3299999 19 28800000 29299999
11 2800000 3299999 19 32800000 33299999
11 2800000 3299999 19 35300000 35799999
11 2800000 3299999 19 38300000 38799999
11 2800000 3299999 19 47300000 47799999
11 2800000 3299999 19 55800000 56299999
11 2800000 3299999 X 5300000 5799999
11 2800000 3299999 X 5800000 6299999
11 2800000 3299999 X 6300000 6799999
11 2800000 3299999 X 6800000 7299999
11 2800000 3299999 X 7300000 7799999
11 2800000 3299999 X 8800000 9299999
11 2800000 3299999 X 9300000 9799999
11 2800000 3299999 X 10300000 10799999
11 2800000 3299999 X 11300000 11799999
11 2800000 3299999 X 11800000 12299999
11 2800000 3299999 X 12300000 12799999
11 2800000 3299999 X 14800000 15299999
11 2800000 3299999 X 16300000 16799999
11 2800000 3299999 X 16800000 17299999
11 2800000 3299999 X 18300000 18799999
11 2800000 3299999 X 19300000 19799999
11 2800000 3299999 X 19800000 20299999
11 2800000 3299999 X 20300000 20799999
11 2800000 3299999 X 20800000 21299999
11 2800000 3299999 X 21800000 22299999
11 2800000 3299999 X 22800000 23299999
11 2800000 3299999 X 23300000 23799999
11 2800000 3299999 X 33800000 34299999
11 2800000 3299999 X 34300000 34799999
11 3800000 4299999 17 24800000 25299999
11 4300000 4799999 17 24300000 24799999
11 4800000 5299999 16 32300000 32799999
11 21300000 21799999 17 53800000 54299999
11 29300000 29799999 16 33300000 33799999
11 32300000 32799999 15 27300000 27799999
11 32300000 32799999 19 24300000 24799999
11 32300000 32799999 19 24800000 25299999
11 37800000 38299999 16 66300000 66799999
11 38800000 39299999 12 68800000 69299999
11 42800000 43299999 14 64800000 65299999
11 50800000 51299999 X 72800000 73299999
11 54300000 54799999 X 12300000 12799999
11 62300000 62799999 13 69800000 70299999
11 77300000 77799999 15 25300000 25799999
11 77300000 77799999 15 25800000 26299999
11 77300000 77799999 15 59300000 59799999
11 83300000 83799999 13 27300000 27799999
11 83300000 83799999 13 54800000 55299999
11 83300000 83799999 15 35300000 35799999
11 93800000 94299999 14 99300000 99799999
11 93800000 94299999 X 65800000 66299999
11 95800000 96299999 13 12300000 12799999
11 96300000 96799999 12 111800000 112299999
11 96800000 97299999 12 111800000 112299999
11 96800000 97299999 15 98800000 99299999
11 96800000 97299999 15 99300000 99799999
11 96800000 97299999 17 28300000 28799999
11 97800000 98299999 19 5800000 6299999
11 103800000 104299999 12 70800000 71299999
11 108800000 109299999 15 84800000 85299999
11 108800000 109299999 17 36300000 36799999
11 108800000 109299999 17 39800000 40299999
11 114300000 114799999 19 35300000 35799999
11 117300000 117799999 15 98300000 98799999
11 117300000 117799999 15 98800000 99299999
11 119300000 119799999 17 26800000 27299999
11 121300000 121799999 19 60800000 61299999
11 121800000 121843855 19 60800000 61299999
12 7800000 8299999 17 50300000 50799999
12 7800000 8299999 17 50800000 51299999
12 11300000 11799999 X 147800000 148299999
12 16300000 16799999 15 81300000 81799999
12 28800000 29299999 13 76300000 76799999
12 39800000 40299999 X 83800000 84299999
12 47300000 47799999 X 107800000 108299999
12 47800000 48299999 18 46800000 47299999
12 110300000 110799999 13 105300000 105799999
12 112300000 112799999 X 146800000 147299999
12 115300000 115799999 15 88300000 88799999
12 117300000 117799999 15 15800000 16299999
13 3300000 3799999 17 39800000 40299999
13 16800000 17299999 14 36800000 37299999
13 33800000 34299999 16 41800000 42299999
13 39800000 40299999 18 8300000 8799999
13 44300000 44799999 17 27800000 28299999
13 57800000 58299999 15 99300000 99799999
13 67300000 67799999 X 16300000 16799999
13 75800000 76299999 18 9800000 10299999
13 98800000 99299999 16 58800000 59299999
14 35300000 35799999 15 5300000 5799999
14 54300000 54799999 16 84800000 85299999
14 56300000 56799999 17 28300000 28799999
14 63300000 63799999 X 72300000 72799999
14 66300000 66799999 16 30800000 31299999
14 84800000 85299999 15 64300000 64799999
14 110800000 111299999 X 142300000 142799999
14 113300000 113799999 19 53800000 54299999
15 3300000 3799999 17 36800000 37299999
15 3800000 4299999 18 88800000 89299999
15 18800000 19299999 17 76800000 77299999
15 34300000 34799999 X 89800000 90299999
15 36300000 36799999 17 25800000 26299999
15 54800000 55299999 18 36300000 36799999
15 76300000 76799999 17 27800000 28299999
15 76300000 76799999 17 28300000 28799999
15 76300000 76799999 17 28800000 29299999
15 79300000 79799999 17 28800000 29299999
15 79300000 79799999 17 29300000 29799999
15 79800000 80299999 17 27800000 28299999
15 79800000 80299999 17 30300000 30799999
15 80800000 81299999 17 28300000 28799999
15 80800000 81299999 17 29300000 29799999
15 80800000 81299999 19 5800000 6299999
15 81300000 81799999 17 27800000 28299999
15 81300000 81799999 17 80800000 81299999
15 84800000 85299999 17 39800000 40299999
15 98300000 98799999 17 28300000 28799999
15 99300000 99799999 16 3800000 4299999
15 99300000 99799999 16 4300000 4799999
15 99300000 99799999 16 4800000 5299999
15 99300000 99799999 18 2800000 3299999
15 99300000 99799999 18 35800000 36299999
15 99800000 100299999 19 46800000 47299999
16 10800000 11299999 17 39800000 40299999
16 14800000 15299999 18 27300000 27799999
16 16800000 17299999 17 44800000 45299999
16 22300000 22799999 17 46800000 47299999
16 31800000 32299999 19 3800000 4299999
16 57300000 57799999 17 4300000 4799999
17 11300000 11799999 19 59300000 59799999
17 24300000 24799999 19 4300000 4799999
17 24800000 25299999 19 4300000 4799999
17 33800000 34299999 19 34300000 34799999
17 39800000 40299999 18 2800000 3299999
17 39800000 40299999 18 73300000 73799999
17 94800000 95272650 19 60800000 61299999
19 37800000 38299999 X 126300000 126799999
