1 3000000 3999999 11 3000000 3999999
1 4000000 4999999 11 3000000 3999999
1 4000000 4999999 X 20000000 20999999
1 5000000 5999999 11 3000000 3999999
1 6000000 6999999 11 3000000 3999999
1 7000000 7999999 11 3000000 3999999
1 8000000 8999999 11 3000000 3999999
1 9000000 9999999 11 3000000 3999999
1 10000000 10999999 11 3000000 3999999
1 11000000 11999999 11 3000000 3999999
1 12000000 12999999 11 3000000 3999999
1 13000000 13999999 11 3000000 3999999
1 14000000 14999999 11 3000000 3999999
1 15000000 15999999 11 3000000 3999999
1 16000000 16999999 6 7000000 7999999
1 16000000 16999999 11 3000000 3999999
1 17000000 17999999 11 3000000 3999999
1 18000000 18999999 11 3000000 3999999
1 20000000 20999999 11 3000000 3999999
1 21000000 21999999 8 36000000 36999999
1 21000000 21999999 11 3000000 3999999
1 24000000 24999999 11 3000000 3999999
1 33000000 33999999 11 3000000 3999999
1 55000000 55999999 19 42000000 42999999
1 65000000 65999999 8 121000000 121999999
1 66000000 66999999 9 68000000 68999999
1 80000000 80999999 18 4000000 4999999
1 89000000 89999999 3 56000000 56999999
1 90000000 90999999 2 3000000 3999999
1 90000000 90999999 4 3000000 3999999
1 90000000 90999999 4 4000000 4999999
1 90000000 90999999 11 3000000 3999999
1 93000000 93999999 4 24000000 24999999
1 111000000 111999999 6 115000000 115999999
1 116000000 116999999 16 13000000 13999999
1 135000000 135999999 10 126000000 126999999
1 136000000 136999999 8 47000000 47999999
1 138000000 138999999 12 119000000 119999999
1 138000000 138999999 12 120000000 120999999
1 152000000 152999999 14 53000000 53999999
1 154000000 154999999 9 21000000 21999999
1 159000000 159999999 11 70000000 70999999
1 173000000 173999999 10 126000000 126999999
1 182000000 182999999 3 152000000 152999999
2 3000000 3999999 11 3000000 3999999
2 3000000 3999999 17 75000000 75999999
2 4000000 4999999 11 3000000 3999999
2 5000000 5999999 8 96000000 96999999
2 5000000 5999999 11 3000000 3999999
2 6000000 6999999 11 3000000 3999999
2 7000000 7999999 11 3000000 3999999
2 8000000 8999999 11 3000000 3999999
2 9000000 9999999 11 3000000 3999999
2 10000000 10999999 11 3000000 3999999
2 11000000 11999999 11 3000000 3999999
2 11000000 11999999 13 38000000 38999999
2 12000000 12999999 11 3000000 3999999
2 13000000 13999999 11 3000000 3999999
2 14000000 14999999 11 3000000 3999999
2 15000000 15999999 11 3000000 3999999
2 16000000 16999999 11 3000000 3999999
2 17000000 17999999 11 3000000 3999999
2 18000000 18999999 11 3000000 3999999
2 19000000 19999999 11 3000000 3999999
2 20000000 20999999 11 3000000 3999999
2 22000000 22999999 11 3000000 3999999
2 23000000 23999999 11 3000000 3999999
2 24000000 24999999 11 3000000 3999999
2 25000000 25999999 11 3000000 3999999
2 31000000 31999999 17 27000000 27999999
2 31000000 31999999 17 28000000 28999999
2 44000000 44999999 6 95000000 95999999
2 46000000 46999999 14 106000000 106999999
2 56000000 56999999 9 75000000 75999999
2 69000000 69999999 5 137000000 137999999
2 73000000 73999999 4 105000000 105999999
2 99000000 99999999 10 73000000 73999999
2 99000000 99999999 X 93000000 93999999
2 112000000 112999999 7 72000000 72999999
2 113000000 113999999 3 80000000 80999999
2 118000000 118999999 19 6000000 6999999
2 121000000 121999999 8 11000000 11999999
2 128000000 128999999 4 95000000 95999999
2 129000000 129999999 9 39000000 39999999
2 131000000 131999999 14 97000000 97999999
2 136000000 136999999 5 43000000 43999999
2 139000000 139999999 14 103000000 103999999
2 144000000 144999999 3 99000000 99999999
2 153000000 153999999 14 51000000 51999999
2 154000000 154999999 8 128000000 128999999
2 154000000 154999999 8 129000000 129999999
2 154000000 154999999 14 51000000 51999999
2 157000000 157999999 10 87000000 87999999
2 162000000 162999999 4 62000000 62999999
2 167000000 167999999 6 61000000 61999999
2 180000000 180999999 11 120000000 120999999
2 180000000 180999999 11 121000000 121843855
2 181000000 181748086 3 8000000 8999999
2 181000000 181748086 4 155000000 155630119
2 181000000 181748086 11 121000000 121843855
2 181000000 181748086 17 39000000 39999999
3 3000000 3999999 11 3000000 3999999
3 4000000 4999999 11 3000000 3999999
3 5000000 5999999 11 3000000 3999999
3 6000000 6999999 11 3000000 3999999
3 7000000 7999999 11 3000000 3999999
3 8000000 8999999 11 3000000 3999999
3 9000000 9999999 11 3000000 3999999
3 10000000 10999999 11 3000000 3999999
3 11000000 11999999 11 3000000 3999999
3 14000000 14999999 11 3000000 3999999
3 16000000 16999999 11 3000000 3999999
3 19000000 19999999 4 154000000 154999999
3 23000000 23999999 X 69000000 69999999
3 25000000 25999999 11 3000000 3999999
3 26000000 26999999 11 3000000 3999999
3 27000000 27999999 11 3000000 3999999
3 28000000 28999999 11 3000000 3999999
3 30000000 30999999 11 3000000 3999999
3 32000000 32999999 5 14000000 14999999
3 32000000 32999999 11 3000000 3999999
3 35000000 35999999 14 12000000 12999999
3 36000000 36999999 13 103000000 103999999
3 38000000 38999999 8 34000000 34999999
3 40000000 40999999 11 3000000 3999999
3 58000000 58999999 10 26000000 26999999
3 74000000 74999999 5 32000000 32999999
3 76000000 76999999 14 19000000 19999999
3 84000000 84999999 7 14000000 14999999
3 86000000 86999999 15 35000000 35999999
3 87000000 87999999 6 8000000 8999999
3 88000000 88999999 4 132000000 132999999
3 88000000 88999999 8 85000000 85999999
3 88000000 88999999 9 108000000 108999999
3 89000000 89999999 9 108000000 108999999
3 99000000 99999999 15 33000000 33999999
3 115000000 115999999 14 79000000 79999999
3 136000000 136999999 14 36000000 36999999
3 138000000 138999999 4 30000000 30999999
3 145000000 145999999 9 55000000 55999999
3 145000000 145999999 12 58000000 58999999
4 3000000 3999999 6 3000000 3999999
4 3000000 3999999 7 3000000 3999999
4 3000000 3999999 8 3000000 3999999
4 3000000 3999999 11 3000000 3999999
4 3000000 3999999 13 3000000 3999999
4 4000000 4999999 11 3000000 3999999
4 5000000 5999999 11 3000000 3999999
4 6000000 6999999 11 3000000 3999999
4 7000000 7999999 11 3000000 3999999
4 8000000 8999999 11 3000000 3999999
4 9000000 9999999 11 3000000 3999999
4 10000000 10999999 11 3000000 3999999
4 11000000 11999999 11 3000000 3999999
4 11000000 11999999 19 9000000 9999999
4 12000000 12999999 11 3000000 3999999
4 13000000 13999999 11 3000000 3999999
4 14000000 14999999 11 3000000 3999999
4 15000000 15999999 11 3000000 3999999
4 16000000 16999999 11 3000000 3999999
4 18000000 18999999 11 3000000 3999999
4 19000000 19999999 11 3000000 3999999
4 21000000 21999999 11 3000000 3999999
4 23000000 23999999 11 3000000 3999999
4 30000000 30999999 18 9000000 9999999
4 32000000 32999999 11 3000000 3999999
4 34000000 34999999 11 3000000 3999999
4 41000000 41999999 17 71000000 71999999
4 44000000 44999999 11 3000000 3999999
4 71000000 71999999 19 9000000 9999999
4 114000000 114999999 9 65000000 65999999
4 119000000 119999999 11 59000000 59999999
4 132000000 132999999 16 17000000 17999999
4 137000000 137999999 5 42000000 42999999
4 144000000 144999999 16 22000000 22999999
4 149000000 149999999 5 116000000 116999999
4 154000000 154999999 14 102000000 102999999
4 154000000 154999999 18 35000000 35999999
4 155000000 155630119 18 35000000 35999999
5 3000000 3999999 8 75000000 75999999
5 3000000 3999999 11 3000000 3999999
5 4000000 4999999 11 3000000 3999999
5 5000000 5999999 11 3000000 3999999
5 7000000 7999999 11 3000000 3999999
5 8000000 8999999 11 3000000 3999999
5 9000000 9999999 11 3000000 3999999
5 13000000 13999999 11 3000000 3999999
5 16000000 16999999 11 3000000 3999999
5 17000000 17999999 11 3000000 3999999
5 18000000 18999999 11 3000000 3999999
5 20000000 20999999 11 3000000 3999999
5 21000000 21999999 11 3000000 3999999
5 28000000 28999999 11 3000000 3999999
5 32000000 32999999 11 3000000 3999999
5 33000000 33999999 11 3000000 3999999
5 37000000 37999999 7 5000000 5999999
5 74000000 74999999 10 116000000 116999999
5 75000000 75999999 10 116000000 116999999
5 75000000 75999999 11 57000000 57999999
5 90000000 90999999 9 82000000 82999999
5 92000000 92999999 16 5000000 5999999
5 130000000 130999999 14 34000000 34999999
5 130000000 130999999 14 35000000 35999999
5 130000000 130999999 17 24000000 24999999
5 136000000 136999999 6 4000000 4999999
5 145000000 145999999 X 68000000 68999999
5 147000000 147999999 10 11000000 11999999
5 147000000 147999999 11 108000000 108999999
5 147000000 147999999 17 39000000 39999999
5 149000000 149999999 8 72000000 72999999
6 3000000 3999999 9 70000000 70999999
6 3000000 3999999 11 3000000 3999999
6 3000000 3999999 16 3000000 3999999
6 3000000 3999999 17 39000000 39999999
6 4000000 4999999 11 3000000 3999999
6 5000000 5999999 11 3000000 3999999
6 6000000 6999999 11 3000000 3999999
6 7000000 7999999 11 3000000 3999999
6 8000000 8999999 11 3000000 3999999
6 8000000 8999999 16 18000000 18999999
6 11000000 11999999 11 3000000 3999999
6 12000000 12999999 11 3000000 3999999
6 13000000 13999999 11 3000000 3999999
6 14000000 14999999 11 3000000 3999999
6 15000000 15999999 11 3000000 3999999
6 16000000 16999999 11 3000000 3999999
6 17000000 17999999 11 3000000 3999999
6 18000000 18999999 11 3000000 3999999
6 21000000 21999999 11 3000000 3999999
6 24000000 24999999 11 3000000 3999999
6 25000000 25999999 11 3000000 3999999
6 26000000 26999999 8 30000000 30999999
6 28000000 28999999 11 3000000 3999999
6 29000000 29999999 11 3000000 3999999
6 30000000 30999999 11 4000000 4999999
6 32000000 32999999 11 3000000 3999999
6 34000000 34999999 11 3000000 3999999
6 37000000 37999999 12 27000000 27999999
6 38000000 38999999 11 3000000 3999999
6 39000000 39999999 11 3000000 3999999
6 50000000 50999999 17 53000000 53999999
6 51000000 51999999 11 3000000 3999999
6 53000000 53999999 19 58000000 58999999
6 56000000 56999999 13 48000000 48999999
6 56000000 56999999 16 31000000 31999999
6 66000000 66999999 11 46000000 46999999
6 67000000 67999999 18 90000000 90772030
6 70000000 70999999 19 27000000 27999999
6 91000000 91999999 7 104000000 104999999
6 91000000 91999999 19 29000000 29999999
6 108000000 108999999 16 53000000 53999999
6 115000000 115999999 X 89000000 89999999
6 133000000 133999999 8 37000000 37999999
6 133000000 133999999 8 38000000 38999999
6 140000000 140999999 14 37000000 37999999
6 147000000 147999999 10 21000000 21999999
6 147000000 147999999 10 87000000 87999999
7 3000000 3999999 11 3000000 3999999
7 4000000 4999999 11 3000000 3999999
7 5000000 5999999 11 3000000 3999999
7 6000000 6999999 11 3000000 3999999
7 7000000 7999999 9 123000000 123999999
7 7000000 7999999 11 3000000 3999999
7 7000000 7999999 X 166000000 166650295
7 12000000 12999999 11 3000000 3999999
7 13000000 13999999 11 3000000 3999999
7 16000000 16999999 11 3000000 3999999
7 17000000 17999999 11 3000000 3999999
7 19000000 19999999 11 3000000 3999999
7 24000000 24999999 8 44000000 44999999
7 25000000 25999999 11 3000000 3999999
7 26000000 26999999 11 3000000 3999999
7 30000000 30999999 11 3000000 3999999
7 31000000 31999999 11 3000000 3999999
7 93000000 93999999 14 73000000 73999999
7 93000000 93999999 15 8000000 8999999
7 96000000 96999999 8 9000000 9999999
7 96000000 96999999 17 94000000 94999999
7 99000000 99999999 11 92000000 92999999
7 103000000 103999999 16 69000000 69999999
7 109000000 109999999 9 47000000 47999999
7 111000000 111999999 12 120000000 120999999
7 121000000 121999999 10 53000000 53999999
7 133000000 133999999 13 58000000 58999999
7 135000000 135999999 19 45000000 45999999
8 3000000 3999999 11 3000000 3999999
8 3000000 3999999 15 99000000 99999999
8 3000000 3999999 17 39000000 39999999
8 4000000 4999999 9 42000000 42999999
8 4000000 4999999 11 3000000 3999999
8 4000000 4999999 13 3000000 3999999
8 5000000 5999999 11 3000000 3999999
8 5000000 5999999 14 19000000 19999999
8 6000000 6999999 11 3000000 3999999
8 7000000 7999999 11 3000000 3999999
8 8000000 8999999 11 3000000 3999999
8 9000000 9999999 11 3000000 3999999
8 10000000 10999999 11 3000000 3999999
8 11000000 11999999 11 3000000 3999999
8 12000000 12999999 11 3000000 3999999
8 13000000 13999999 11 3000000 3999999
8 14000000 14999999 11 3000000 3999999
8 15000000 15999999 11 3000000 3999999
8 18000000 18999999 11 3000000 3999999
8 23000000 23999999 11 3000000 3999999
8 24000000 24999999 11 3000000 3999999
8 25000000 25999999 11 3000000 3999999
8 26000000 26999999 11 3000000 3999999
8 27000000 27999999 11 3000000 3999999
8 28000000 28999999 11 3000000 3999999
8 34000000 34999999 11 3000000 3999999
8 35000000 35999999 11 3000000 3999999
8 35000000 35999999 X 148000000 148999999
8 37000000 37999999 11 3000000 3999999
8 46000000 46999999 11 3000000 3999999
8 49000000 49999999 11 3000000 3999999
8 77000000 77999999 14 51000000 51999999
8 87000000 87999999 9 55000000 55999999
8 95000000 95999999 11 69000000 69999999
8 104000000 104999999 12 52000000 52999999
8 108000000 108999999 10 57000000 57999999
8 125000000 125999999 12 4000000 4999999
8 131000000 131738870 17 95000000 95272650
9 3000000 3999999 11 3000000 3999999
9 4000000 4999999 11 3000000 3999999
9 5000000 5999999 11 3000000 3999999
9 6000000 6999999 11 3000000 3999999
9 7000000 7999999 11 3000000 3999999
9 8000000 8999999 11 3000000 3999999
9 9000000 9999999 11 3000000 3999999
9 10000000 10999999 11 3000000 3999999
9 11000000 11999999 11 3000000 3999999
9 12000000 12999999 11 3000000 3999999
9 13000000 13999999 11 3000000 3999999
9 14000000 14999999 11 3000000 3999999
9 15000000 15999999 11 3000000 3999999
9 17000000 17999999 11 3000000 3999999
9 18000000 18999999 11 3000000 3999999
9 19000000 19999999 11 3000000 3999999
9 19000000 19999999 X 81000000 81999999
9 20000000 20999999 11 3000000 3999999
9 20000000 20999999 18 34000000 34999999
9 21000000 21999999 11 3000000 3999999
9 22000000 22999999 11 3000000 3999999
9 25000000 25999999 11 3000000 3999999
9 26000000 26999999 11 3000000 3999999
9 30000000 30999999 11 3000000 3999999
9 32000000 32999999 11 3000000 3999999
9 39000000 39999999 11 3000000 3999999
9 40000000 40999999 11 3000000 3999999
9 40000000 40999999 15 50000000 50999999
9 64000000 64999999 X 132000000 132999999
9 67000000 67999999 17 85000000 85999999
9 73000000 73999999 X 97000000 97999999
9 82000000 82999999 13 39000000 39999999
9 87000000 87999999 16 63000000 63999999
9 106000000 106999999 16 45000000 45999999
9 118000000 118999999 16 49000000 49999999
10 3000000 3999999 11 3000000 3999999
10 4000000 4999999 11 3000000 3999999
10 5000000 5999999 11 3000000 3999999
10 6000000 6999999 11 3000000 3999999
10 7000000 7999999 11 3000000 3999999
10 8000000 8999999 11 3000000 3999999
10 10000000 10999999 11 3000000 3999999
10 11000000 11999999 11 3000000 3999999
10 12000000 12999999 11 3000000 3999999
10 13000000 13999999 11 3000000 3999999
10 14000000 14999999 11 3000000 3999999
10 15000000 15999999 11 3000000 3999999
10 15000000 15999999 11 17000000 17999999
10 17000000 17999999 11 3000000 3999999
10 17000000 17999999 19 36000000 36999999
10 18000000 18999999 11 3000000 3999999
10 19000000 19999999 11 3000000 3999999
10 21000000 21999999 13 3000000 3999999
10 26000000 26999999 11 3000000 3999999
10 30000000 30999999 18 78000000 78999999
10 52000000 52999999 13 21000000 21999999
10 65000000 65999999 13 5000000 5999999
10 66000000 66999999 13 5000000 5999999
10 102000000 102999999 11 113000000 113999999
10 107000000 107999999 17 73000000 73999999
11 3000000 3999999 12 3000000 3999999
11 3000000 3999999 12 4000000 4999999
11 3000000 3999999 12 8000000 8999999
11 3000000 3999999 12 9000000 9999999
11 3000000 3999999 12 10000000 10999999
11 3000000 3999999 12 12000000 12999999
11 3000000 3999999 12 13000000 13999999
11 3000000 3999999 12 14000000 14999999
11 3000000 3999999 13 3000000 3999999
11 3000000 3999999 13 4000000 4999999
11 3000000 3999999 13 5000000 5999999
11 3000000 3999999 13 6000000 6999999
11 3000000 3999999 13 7000000 7999999
11 3000000 3999999 13 8000000 8999999
11 3000000 3999999 13 9000000 9999999
11 3000000 3999999 13 11000000 11999999
11 3000000 3999999 13 12000000 12999999
11 3000000 3999999 13 14000000 14999999
11 3000000 3999999 13 15000000 15999999
11 3000000 3999999 13 18000000 18999999
11 3000000 3999999 13 19000000 19999999
11 3000000 3999999 13 20000000 20999999
11 3000000 3999999 13 21000000 21999999
11 3000000 3999999 13 23000000 23999999
11 3000000 3999999 13 24000000 24999999
11 3000000 3999999 13 25000000 25999999
11 3000000 3999999 13 28000000 28999999
11 3000000 3999999 13 31000000 31999999
11 3000000 3999999 13 32000000 32999999
11 3000000 3999999 13 34000000 34999999
11 3000000 3999999 13 38000000 38999999
11 3000000 3999999 13 58000000 58999999
11 3000000 3999999 14 9000000 9999999
11 3000000 3999999 14 12000000 12999999
11 3000000 3999999 14 13000000 13999999
11 3000000 3999999 14 14000000 14999999
11 3000000 3999999 14 15000000 15999999
11 3000000 3999999 14 16000000 16999999
11 3000000 3999999 14 17000000 17999999
11 3000000 3999999 14 18000000 18999999
11 3000000 3999999 14 19000000 19999999
11 3000000 3999999 14 20000000 20999999
11 3000000 3999999 14 21000000 21999999
11 3000000 3999999 14 22000000 22999999
11 3000000 3999999 14 27000000 27999999
11 3000000 3999999 14 28000000 28999999
11 3000000 3999999 14 30000000 30999999
11 3000000 3999999 14 46000000 46999999
11 3000000 3999999 15 3000000 3999999
11 3000000 3999999 15 4000000 4999999
11 3000000 3999999 15 5000000 5999999
11 3000000 3999999 15 6000000 6999999
11 3000000 3999999 15 7000000 7999999
11 3000000 3999999 15 8000000 8999999
11 3000000 3999999 15 9000000 9999999
11 3000000 3999999 15 10000000 10999999
11 3000000 3999999 15 11000000 11999999
11 3000000 3999999 15 12000000 12999999
11 3000000 3999999 15 14000000 14999999
11 3000000 3999999 15 15000000 15999999
11 3000000 3999999 15 16000000 16999999
11 3000000 3999999 15 19000000 19999999
11 3000000 3999999 15 20000000 20999999
11 3000000 3999999 15 21000000 21999999
11 3000000 3999999 15 22000000 22999999
11 3000000 3999999 15 23000000 23999999
11 3000000 3999999 15 25000000 25999999
11 3000000 3999999 15 27000000 27999999
11 3000000 3999999 15 30000000 30999999
11 3000000 3999999 15 35000000 35999999
11 3000000 3999999 15 37000000 37999999
11 3000000 3999999 15 38000000 38999999
11 3000000 3999999 15 39000000 39999999
11 3000000 3999999 15 99000000 99999999
11 3000000 3999999 16 3000000 3999999
11 3000000 3999999 16 4000000 4999999
11 3000000 3999999 16 5000000 5999999
11 3000000 3999999 16 6000000 6999999
11 3000000 3999999 16 7000000 7999999
11 3000000 3999999 16 8000000 8999999
11 3000000 3999999 16 9000000 9999999
11 3000000 3999999 16 11000000 11999999
11 3000000 3999999 16 13000000 13999999
11 3000000 3999999 16 14000000 14999999
11 3000000 3999999 16 17000000 17999999
11 3000000 3999999 16 18000000 18999999
11 3000000 3999999 16 20000000 20999999
11 3000000 3999999 16 25000000 25999999
11 3000000 3999999 17 3000000 3999999
11 3000000 3999999 17 4000000 4999999
11 3000000 3999999 17 5000000 5999999
11 3000000 3999999 17 7000000 7999999
11 3000000 3999999 17 8000000 8999999
11 3000000 3999999 17 9000000 9999999
11 3000000 3999999 17 10000000 10999999
11 3000000 3999999 17 11000000 11999999
11 3000000 3999999 17 12000000 12999999
11 3000000 3999999 17 14000000 14999999
11 3000000 3999999 17 15000000 15999999
11 3000000 3999999 17 16000000 16999999
11 3000000 3999999 17 17000000 17999999
11 3000000 3999999 17 21000000 21999999
11 3000000 3999999 17 22000000 22999999
11 3000000 3999999 17 23000000 23999999
11 3000000 3999999 17 24000000 24999999
11 3000000 3999999 17 32000000 32999999
11 3000000 3999999 18 3000000 3999999
11 3000000 3999999 19 11000000 11999999
11 3000000 3999999 19 18000000 18999999
11 3000000 3999999 X 5000000 5999999
11 3000000 3999999 X 6000000 6999999
11 3000000 3999999 X 7000000 7999999
11 4000000 4999999 16 32000000 32999999
11 29000000 29999999 16 33000000 33999999
11 32000000 32999999 15 27000000 27999999
11 32000000 32999999 19 24000000 24999999
11 32000000 32999999 19 25000000 25999999
11 38000000 38999999 16 66000000 66999999
11 43000000 43999999 14 65000000 65999999
11 62000000 62999999 15 81000000 81999999
11 77000000 77999999 15 25000000 25999999
11 77000000 77999999 15 59000000 59999999
11 83000000 83999999 13 55000000 55999999
11 83000000 83999999 15 35000000 35999999
11 93000000 93999999 X 66000000 66999999
11 108000000 108999999 17 39000000 39999999
11 114000000 114999999 19 35000000 35999999
11 121000000 121843855 19 60000000 60999999
11 121000000 121843855 19 61000000 61342429
12 3000000 3999999 17 3000000 3999999
12 8000000 8999999 17 50000000 50999999
12 16000000 16999999 15 81000000 81999999
12 28000000 28999999 13 76000000 76999999
12 110000000 110999999 13 105000000 105999999
12 112000000 112999999 X 146000000 146999999
13 58000000 58999999 15 99000000 99999999
13 67000000 67999999 X 16000000 16999999
13 99000000 99999999 16 58000000 58999999
13 101000000 101999999 17 21000000 21999999
14 66000000 66999999 16 30000000 30999999
14 85000000 85999999 15 64000000 64999999
15 4000000 4999999 18 89000000 89999999
15 81000000 81999999 17 81000000 81999999
16 3000000 3999999 18 3000000 3999999
16 3000000 3999999 19 3000000 3999999
16 22000000 22999999 17 46000000 46999999
16 50000000 50999999 19 43000000 43999999
17 11000000 11999999 19 59000000 59999999
17 34000000 34999999 19 34000000 34999999
17 39000000 39999999 18 73000000 73999999
19 38000000 38999999 X 126000000 126999999
19 46000000 46999999 X 9000000 9999999
