1 3000000 3499999 11 3000000 3499999
1 3500000 3999999 11 3000000 3499999
1 4000000 4499999 11 3000000 3499999
1 4500000 4999999 11 3000000 3499999
1 4500000 4999999 X 20500000 20999999
1 5000000 5499999 11 3000000 3499999
1 5500000 5999999 11 3000000 3499999
1 6000000 6499999 11 3000000 3499999
1 6500000 6999999 11 3000000 3499999
1 7000000 7499999 11 3000000 3499999
1 7500000 7999999 11 3000000 3499999
1 8000000 8499999 11 3000000 3499999
1 8500000 8999999 11 3000000 3499999
1 9000000 9499999 11 3000000 3499999
1 9500000 9999999 11 3000000 3499999
1 10000000 10499999 11 3000000 3499999
1 10500000 10999999 11 3000000 3499999
1 11000000 11499999 11 3000000 3499999
1 11500000 11999999 11 3000000 3499999
1 12000000 12499999 11 3000000 3499999
1 12500000 12999999 11 3000000 3499999
1 13000000 13499999 11 3000000 3499999
1 13500000 13999999 11 3000000 3499999
1 14000000 14499999 11 3000000 3499999
1 15500000 15999999 11 3000000 3499999
1 16000000 16499999 11 3000000 3499999
1 16500000 16999999 6 7500000 7999999
1 16500000 16999999 11 3000000 3499999
1 17000000 17499999 11 3000000 3499999
1 17500000 17999999 10 67500000 67999999
1 17500000 17999999 11 3000000 3499999
1 18000000 18499999 11 3000000 3499999
1 18500000 18999999 11 3000000 3499999
1 19000000 19499999 11 3000000 3499999
1 19500000 19999999 11 3000000 3499999
1 20000000 20499999 11 3000000 3499999
1 20500000 20999999 11 3000000 3499999
1 21000000 21499999 11 3000000 3499999
1 21500000 21999999 8 36000000 36499999
1 21500000 21999999 11 3000000 3499999
1 22000000 22499999 11 3000000 3499999
1 23000000 23499999 11 3000000 3499999
1 23500000 23999999 11 3000000 3499999
1 24000000 24499999 11 3000000 3499999
1 25500000 25999999 11 3000000 3499999
1 27500000 27999999 11 3000000 3499999
1 28500000 28999999 11 3000000 3499999
1 29500000 29999999 11 3000000 3499999
1 30000000 30499999 11 3000000 3499999
1 30500000 30999999 11 3000000 3499999
1 32000000 32499999 11 3000000 3499999
1 33000000 33499999 11 3000000 3499999
1 33500000 33999999 11 3000000 3499999
1 34000000 34499999 11 3000000 3499999
1 34500000 34999999 11 3000000 3499999
1 35000000 35499999 11 3000000 3499999
1 35500000 35999999 11 3000000 3499999
1 36000000 36499999 11 3000000 3499999
1 36000000 36499999 11 4000000 4499999
1 36500000 36999999 11 3000000 3499999
1 37000000 37499999 11 3000000 3499999
1 37500000 37999999 11 3000000 3499999
1 38000000 38499999 11 3000000 3499999
1 38500000 38999999 11 3000000 3499999
1 39000000 39499999 11 3000000 3499999
1 42000000 42499999 11 3000000 3499999
1 42500000 42999999 11 3000000 3499999
1 43000000 43499999 11 3000000 3499999
1 44000000 44499999 11 3000000 3499999
1 44500000 44999999 11 3000000 3499999
1 50000000 50499999 11 3000000 3499999
1 51500000 51999999 11 3000000 3499999
1 53500000 53999999 6 104500000 104999999
1 55500000 55999999 19 42000000 42499999
1 56500000 56999999 14 38000000 38499999
1 62000000 62499999 19 46500000 46999999
1 66000000 66499999 9 68000000 68499999
1 83500000 83999999 2 95000000 95499999
1 89500000 89999999 3 56000000 56499999
1 90000000 90499999 2 3000000 3499999
1 90000000 90499999 2 3500000 3999999
1 90000000 90499999 2 4000000 4499999
1 90000000 90499999 4 3000000 3499999
1 90000000 90499999 4 3500000 3999999
1 90000000 90499999 4 4500000 4999999
1 90000000 90499999 4 8000000 8499999
1 90000000 90499999 11 3000000 3499999
1 93000000 93499999 4 24000000 24499999
1 97500000 97999999 5 104000000 104499999
1 98000000 98499999 7 129000000 129499999
1 98500000 98999999 9 93000000 93499999
1 103500000 103999999 5 51000000 51499999
1 105000000 105499999 2 154000000 154499999
1 107000000 107499999 9 73500000 73999999
1 110500000 110999999 7 70000000 70499999
1 111000000 111499999 6 115500000 115999999
1 116500000 116999999 16 13500000 13999999
1 129000000 129499999 15 41000000 41499999
1 130000000 130499999 4 67000000 67499999
1 134000000 134499999 9 107500000 107999999
1 135000000 135499999 5 105000000 105499999
1 135000000 135499999 10 126500000 126999999
1 136500000 136999999 8 47000000 47499999
1 138000000 138499999 6 124500000 124999999
1 138500000 138999999 12 119500000 119999999
1 138500000 138999999 12 120000000 120499999
1 147500000 147999999 3 76500000 76999999
1 149000000 149499999 4 40000000 40499999
1 152000000 152499999 14 53000000 53499999
1 154000000 154499999 9 21500000 21999999
1 154500000 154999999 9 21500000 21999999
1 159000000 159499999 6 138000000 138499999
1 159000000 159499999 11 70000000 70499999
1 161500000 161999999 X 42500000 42999999
1 163000000 163499999 5 14000000 14499999
1 168500000 168999999 4 23500000 23999999
1 171500000 171999999 15 28500000 28999999
1 173500000 173999999 10 126500000 126999999
1 173500000 173999999 16 37500000 37999999
1 182500000 182999999 2 167500000 167999999
1 182500000 182999999 3 152500000 152999999
2 3000000 3499999 11 3000000 3499999
2 3000000 3499999 17 75000000 75499999
2 3500000 3999999 11 3000000 3499999
2 4000000 4499999 11 3000000 3499999
2 4500000 4999999 11 3000000 3499999
2 5000000 5499999 11 3000000 3499999
2 5500000 5999999 8 96000000 96499999
2 5500000 5999999 11 3000000 3499999
2 6000000 6499999 11 3000000 3499999
2 6500000 6999999 11 3000000 3499999
2 7000000 7499999 11 3000000 3499999
2 7500000 7999999 11 3000000 3499999
2 8000000 8499999 11 3000000 3499999
2 8500000 8999999 11 3000000 3499999
2 9000000 9499999 11 3000000 3499999
2 9500000 9999999 11 3000000 3499999
2 10000000 10499999 11 3000000 3499999
2 10500000 10999999 11 3000000 3499999
2 11000000 11499999 11 3000000 3499999
2 11000000 11499999 13 38500000 38999999
2 11500000 11999999 11 3000000 3499999
2 12000000 12499999 11 3000000 3499999
2 12500000 12999999 11 3000000 3499999
2 13000000 13499999 11 3000000 3499999
2 13500000 13999999 11 3000000 3499999
2 14000000 14499999 11 3000000 3499999
2 14500000 14999999 11 3000000 3499999
2 15000000 15499999 6 24000000 24499999
2 15000000 15499999 11 3000000 3499999
2 16500000 16999999 11 3000000 3499999
2 17000000 17499999 11 3000000 3499999
2 17500000 17999999 10 119500000 119999999
2 17500000 17999999 11 3000000 3499999
2 18000000 18499999 11 3000000 3499999
2 18500000 18999999 11 3000000 3499999
2 19000000 19499999 11 3000000 3499999
2 19500000 19999999 11 3000000 3499999
2 20000000 20499999 11 3000000 3499999
2 20500000 20999999 11 3000000 3499999
2 21000000 21499999 11 3000000 3499999
2 21500000 21999999 11 3000000 3499999
2 22500000 22999999 11 3000000 3499999
2 23000000 23499999 11 3000000 3499999
2 23500000 23999999 11 3000000 3499999
2 24000000 24499999 11 3000000 3499999
2 24500000 24999999 11 3000000 3499999
2 25000000 25499999 11 3000000 3499999
2 25000000 25499999 17 24500000 24999999
2 25500000 25999999 15 78500000 78999999
2 28000000 28499999 19 4000000 4499999
2 29500000 29999999 5 115000000 115499999
2 29500000 29999999 5 122000000 122499999
2 29500000 29999999 11 3000000 3499999
2 30000000 30499999 4 132000000 132499999
2 30000000 30499999 5 122000000 122499999
2 30000000 30499999 19 3500000 3999999
2 30500000 30999999 4 129000000 129499999
2 30500000 30999999 11 120000000 120499999
2 30500000 30999999 15 78500000 78999999
2 30500000 30999999 15 99500000 99999999
2 30500000 30999999 17 28500000 28999999
2 30500000 30999999 19 4000000 4499999
2 31000000 31499999 17 28500000 28999999
2 32000000 32499999 6 122500000 122999999
2 32000000 32499999 12 112000000 112499999
2 32000000 32499999 15 99500000 99999999
2 32000000 32499999 17 29000000 29499999
2 32000000 32499999 19 4000000 4499999
2 32500000 32999999 15 99500000 99999999
2 32500000 32999999 17 27500000 27999999
2 34500000 34999999 11 3000000 3499999
2 35500000 35999999 11 3000000 3499999
2 37000000 37499999 11 3000000 3499999
2 37500000 37999999 11 3000000 3499999
2 39500000 39999999 11 3000000 3499999
2 44000000 44499999 6 95000000 95499999
2 46000000 46499999 14 106500000 106999999
2 48500000 48999999 10 21500000 21999999
2 52500000 52999999 11 3000000 3499999
2 56500000 56999999 9 75000000 75499999
2 63000000 63499999 4 21000000 21499999
2 69500000 69999999 5 137500000 137999999
2 73500000 73999999 4 105500000 105999999
2 83000000 83499999 7 81000000 81499999
2 84000000 84499999 7 65000000 65499999
2 91500000 91999999 14 16500000 16999999
2 98500000 98999999 11 3000000 3499999
2 99000000 99499999 X 93000000 93499999
2 99500000 99999999 10 73000000 73499999
2 113500000 113999999 3 80500000 80999999
2 118500000 118999999 19 6000000 6499999
2 121500000 121999999 8 11500000 11999999
2 128000000 128499999 4 95000000 95499999
2 130000000 130499999 7 51500000 51999999
2 131000000 131499999 14 97500000 97999999
2 133500000 133999999 7 93500000 93999999
2 136000000 136499999 5 43500000 43999999
2 139500000 139999999 14 103500000 103999999
2 144000000 144499999 3 99000000 99499999
2 146000000 146499999 17 88000000 88499999
2 153500000 153999999 14 51500000 51999999
2 154500000 154999999 4 101500000 101999999
2 154500000 154999999 8 128500000 128999999
2 154500000 154999999 8 129000000 129499999
2 155000000 155499999 4 149500000 149999999
2 157000000 157499999 10 87500000 87999999
2 157500000 157999999 10 87500000 87999999
2 162500000 162999999 4 62000000 62499999
2 165500000 165999999 4 140500000 140999999
2 165500000 165999999 4 141000000 141499999
2 165500000 165999999 5 115000000 115499999
2 165500000 165999999 10 79500000 79999999
2 165500000 165999999 11 96500000 96999999
2 166500000 166999999 4 140000000 140499999
2 167000000 167499999 4 139500000 139999999
2 167500000 167999999 4 139500000 139999999
2 179500000 179999999 14 11500000 11999999
2 181000000 181499999 4 155000000 155499999
2 181000000 181499999 11 121000000 121499999
2 181500000 181748086 3 8000000 8499999
2 181500000 181748086 11 3000000 3499999
2 181500000 181748086 17 39500000 39999999
3 3000000 3499999 11 3000000 3499999
3 3500000 3999999 11 3000000 3499999
3 4000000 4499999 11 3000000 3499999
3 4500000 4999999 11 3000000 3499999
3 5000000 5499999 11 3000000 3499999
3 5500000 5999999 11 3000000 3499999
3 6000000 6499999 11 3000000 3499999
3 7000000 7499999 11 3000000 3499999
3 7500000 7999999 11 3000000 3499999
3 8000000 8499999 11 3000000 3499999
3 8000000 8499999 17 39500000 39999999
3 8500000 8999999 11 3000000 3499999
3 9000000 9499999 11 3000000 3499999
3 9500000 9999999 11 3000000 3499999
3 10000000 10499999 11 3000000 3499999
3 10500000 10999999 11 3000000 3499999
3 11000000 11499999 11 3000000 3499999
3 12500000 12999999 11 3000000 3499999
3 13000000 13499999 11 3000000 3499999
3 14000000 14499999 11 3000000 3499999
3 14500000 14999999 11 3000000 3499999
3 16500000 16999999 11 3000000 3499999
3 17500000 17999999 11 3000000 3499999
3 19000000 19499999 4 154500000 154999999
3 19000000 19499999 11 3000000 3499999
3 19500000 19999999 11 3000000 3499999
3 20000000 20499999 11 3000000 3499999
3 21000000 21499999 11 3000000 3499999
3 21500000 21999999 11 3000000 3499999
3 22500000 22999999 11 3000000 3499999
3 23000000 23499999 11 3000000 3499999
3 23500000 23999999 X 69000000 69499999
3 25500000 25999999 11 3000000 3499999
3 27000000 27499999 11 3000000 3499999
3 27500000 27999999 11 3000000 3499999
3 28000000 28499999 11 3000000 3499999
3 30000000 30499999 11 3000000 3499999
3 30500000 30999999 11 3000000 3499999
3 32000000 32499999 5 14000000 14499999
3 32000000 32499999 11 3000000 3499999
3 34500000 34999999 11 3000000 3499999
3 35500000 35999999 14 12000000 12499999
3 36500000 36999999 5 6500000 6999999
3 36500000 36999999 13 103500000 103999999
3 38500000 38999999 8 34500000 34999999
3 41000000 41499999 11 3000000 3499999
3 51000000 51499999 11 3000000 3499999
3 51000000 51499999 14 32500000 32999999
3 53000000 53499999 11 3000000 3499999
3 74500000 74999999 5 32000000 32499999
3 76000000 76499999 14 19500000 19999999
3 84000000 84499999 7 14500000 14999999
3 86000000 86499999 15 35000000 35499999
3 87000000 87499999 6 8500000 8999999
3 87500000 87999999 11 3000000 3499999
3 88000000 88499999 4 132500000 132999999
3 88000000 88499999 8 85500000 85999999
3 88000000 88499999 11 96500000 96999999
3 88000000 88499999 11 102000000 102499999
3 88000000 88499999 11 102500000 102999999
3 88000000 88499999 11 115500000 115999999
3 88500000 88999999 11 96500000 96999999
3 88500000 88999999 11 116000000 116499999
3 89000000 89499999 7 134500000 134999999
3 89000000 89499999 8 125500000 125999999
3 89000000 89499999 9 107500000 107999999
3 89000000 89499999 9 108000000 108499999
3 89000000 89499999 11 98500000 98999999
3 96000000 96499999 11 101500000 101999999
3 96000000 96499999 11 102000000 102499999
3 96000000 96499999 15 98500000 98999999
3 99000000 99499999 15 33500000 33999999
3 101000000 101499999 17 35500000 35999999
3 102500000 102999999 X 71500000 71999999
3 109000000 109499999 15 61500000 61999999
3 115500000 115999999 14 79500000 79999999
3 136500000 136999999 14 36500000 36999999
3 138000000 138499999 4 30500000 30999999
3 140500000 140999999 6 90500000 90999999
3 145000000 145499999 12 58000000 58499999
3 155500000 155999999 12 51500000 51999999
4 3000000 3499999 6 3000000 3499999
4 3000000 3499999 8 3000000 3499999
4 3000000 3499999 11 3000000 3499999
4 3000000 3499999 15 3000000 3499999
4 3000000 3499999 18 3000000 3499999
4 3500000 3999999 11 3000000 3499999
4 4000000 4499999 11 3000000 3499999
4 4500000 4999999 11 3000000 3499999
4 5000000 5499999 11 3000000 3499999
4 5500000 5999999 11 3000000 3499999
4 6000000 6499999 11 3000000 3499999
4 6500000 6999999 11 3000000 3499999
4 7500000 7999999 11 3000000 3499999
4 8000000 8499999 11 3000000 3499999
4 8500000 8999999 11 3000000 3499999
4 9000000 9499999 11 3000000 3499999
4 9500000 9999999 11 3000000 3499999
4 10000000 10499999 11 3000000 3499999
4 10500000 10999999 11 3000000 3499999
4 11000000 11499999 11 3000000 3499999
4 11000000 11499999 19 9500000 9999999
4 11500000 11999999 11 3000000 3499999
4 12000000 12499999 11 3000000 3499999
4 12500000 12999999 11 3000000 3499999
4 13000000 13499999 11 3000000 3499999
4 14500000 14999999 11 3000000 3499999
4 15000000 15499999 11 3000000 3499999
4 15500000 15999999 11 3000000 3499999
4 16500000 16999999 11 3000000 3499999
4 17000000 17499999 11 3000000 3499999
4 17500000 17999999 11 3000000 3499999
4 18000000 18499999 11 3000000 3499999
4 18500000 18999999 11 3000000 3499999
4 19000000 19499999 11 3000000 3499999
4 19000000 19499999 15 23000000 23499999
4 19500000 19999999 11 3000000 3499999
4 20500000 20999999 11 3000000 3499999
4 21500000 21999999 11 3000000 3499999
4 22000000 22499999 11 3000000 3499999
4 23000000 23499999 13 55000000 55499999
4 23500000 23999999 11 3000000 3499999
4 24000000 24499999 11 3000000 3499999
4 24500000 24999999 11 3000000 3499999
4 28500000 28999999 11 3000000 3499999
4 30000000 30499999 11 3000000 3499999
4 30500000 30999999 11 3000000 3499999
4 32500000 32999999 11 3000000 3499999
4 33000000 33499999 5 131000000 131499999
4 33000000 33499999 11 3000000 3499999
4 33500000 33999999 11 3000000 3499999
4 34000000 34499999 11 3000000 3499999
4 34500000 34999999 11 3000000 3499999
4 39000000 39499999 6 11500000 11999999
4 40500000 40999999 11 3000000 3499999
4 41000000 41499999 17 71500000 71999999
4 44500000 44999999 11 3000000 3499999
4 56000000 56499999 11 3000000 3499999
4 71000000 71499999 19 9000000 9499999
4 98000000 98499999 5 65500000 65999999
4 101000000 101499999 10 11500000 11999999
4 106000000 106499999 12 74000000 74499999
4 111000000 111499999 15 58500000 58999999
4 114500000 114999999 9 65500000 65999999
4 116000000 116499999 18 34500000 34999999
4 116500000 116999999 8 125500000 125999999
4 116500000 116999999 12 54000000 54499999
4 119000000 119499999 11 59500000 59999999
4 120000000 120499999 19 51500000 51999999
4 125500000 125999999 17 31500000 31999999
4 125500000 125999999 19 60000000 60499999
4 126500000 126999999 5 115500000 115999999
4 129000000 129499999 11 77500000 77999999
4 129500000 129999999 11 77500000 77999999
4 131000000 131499999 14 58000000 58499999
4 131500000 131999999 5 114000000 114499999
4 132000000 132499999 16 17500000 17999999
4 132500000 132999999 5 115000000 115499999
4 132500000 132999999 15 78500000 78999999
4 133000000 133499999 5 114500000 114999999
4 133000000 133499999 5 115000000 115499999
4 133000000 133499999 15 81000000 81499999
4 134000000 134499999 11 100500000 100999999
4 134000000 134499999 11 101000000 101499999
4 135000000 135499999 5 123000000 123499999
4 135000000 135499999 10 80000000 80499999
4 135000000 135499999 15 99500000 99999999
4 135000000 135499999 19 3500000 3999999
4 137000000 137499999 5 42000000 42499999
4 137000000 137499999 5 42500000 42999999
4 138500000 138999999 12 111500000 111999999
4 138500000 138999999 17 47500000 47999999
4 144000000 144499999 16 22000000 22499999
4 146500000 146999999 17 38500000 38999999
4 148000000 148499999 5 122500000 122999999
4 148000000 148499999 5 123000000 123499999
4 148500000 148999999 5 115000000 115499999
4 148500000 148999999 5 122500000 122999999
4 148500000 148999999 5 123500000 123999999
4 148500000 148999999 11 119000000 119499999
4 149000000 149499999 5 120500000 120999999
4 149000000 149499999 5 123500000 123999999
4 149000000 149499999 9 108000000 108499999
4 150000000 150499999 8 125000000 125499999
4 151500000 151999999 5 118000000 118499999
4 151500000 151999999 5 118500000 118999999
4 153000000 153499999 6 87000000 87499999
4 153500000 153999999 18 17000000 17499999
4 154500000 154999999 14 102000000 102499999
4 154500000 154999999 15 90000000 90499999
4 155000000 155499999 18 35500000 35999999
5 3000000 3499999 11 3000000 3499999
5 3500000 3999999 8 75500000 75999999
5 3500000 3999999 11 3000000 3499999
5 4000000 4499999 11 3000000 3499999
5 4500000 4999999 11 3000000 3499999
5 5000000 5499999 11 3000000 3499999
5 5500000 5999999 11 3000000 3499999
5 6000000 6499999 11 3000000 3499999
5 6500000 6999999 11 3000000 3499999
5 7000000 7499999 11 3000000 3499999
5 8000000 8499999 11 3000000 3499999
5 8500000 8999999 11 3000000 3499999
5 9500000 9999999 11 3000000 3499999
5 10000000 10499999 11 3000000 3499999
5 12000000 12499999 11 3000000 3499999
5 12500000 12999999 11 3000000 3499999
5 13000000 13499999 11 3000000 3499999
5 14000000 14499999 11 3000000 3499999
5 14500000 14999999 11 3000000 3499999
5 15000000 15499999 11 3000000 3499999
5 15500000 15999999 11 3000000 3499999
5 16000000 16499999 11 3000000 3499999
5 17000000 17499999 11 3000000 3499999
5 18000000 18499999 11 3000000 3499999
5 18500000 18999999 11 3000000 3499999
5 19000000 19499999 11 3000000 3499999
5 19500000 19999999 11 3000000 3499999
5 20000000 20499999 11 3000000 3499999
5 20500000 20999999 11 3000000 3499999
5 21000000 21499999 11 3000000 3499999
5 22000000 22499999 11 3000000 3499999
5 22500000 22999999 11 3000000 3499999
5 22500000 22999999 12 21500000 21999999
5 23000000 23499999 11 3000000 3499999
5 24500000 24999999 11 3000000 3499999
5 28000000 28499999 11 3000000 3499999
5 28500000 28999999 11 3000000 3499999
5 29500000 29999999 11 3000000 3499999
5 29500000 29999999 11 117500000 117999999
5 31000000 31499999 11 3000000 3499999
5 32500000 32999999 11 3000000 3499999
5 33000000 33499999 11 3000000 3499999
5 33000000 33499999 15 99500000 99999999
5 37000000 37499999 7 5000000 5499999
5 38500000 38999999 11 3000000 3499999
5 39000000 39499999 16 22000000 22499999
5 41500000 41999999 X 80000000 80499999
5 74500000 74999999 10 116000000 116499999
5 75000000 75499999 10 116000000 116499999
5 78000000 78499999 8 13500000 13999999
5 79500000 79999999 16 3000000 3499999
5 88000000 88499999 12 103000000 103499999
5 90500000 90999999 9 82000000 82499999
5 92500000 92999999 16 5000000 5499999
5 110000000 110499999 11 31000000 31499999
5 114000000 114499999 7 28000000 28499999
5 114000000 114499999 18 35000000 35499999
5 115000000 115499999 7 71500000 71999999
5 115000000 115499999 11 72500000 72999999
5 115000000 115499999 11 102000000 102499999
5 115000000 115499999 16 35500000 35999999
5 115000000 115499999 19 45000000 45499999
5 115500000 115999999 10 80500000 80999999
5 115500000 115999999 11 101500000 101999999
5 115500000 115999999 11 117000000 117499999
5 116000000 116499999 11 101500000 101999999
5 121000000 121499999 11 78000000 78499999
5 121500000 121999999 11 99000000 99499999
5 123000000 123499999 11 88000000 88499999
5 124500000 124999999 11 78000000 78499999
5 127500000 127999999 15 64000000 64499999
5 130500000 130999999 14 34500000 34999999
5 130500000 130999999 14 35000000 35499999
5 130500000 130999999 17 24000000 24499999
5 130500000 130999999 17 24500000 24999999
5 136000000 136499999 6 4000000 4499999
5 139500000 139999999 11 22500000 22999999
5 147000000 147499999 10 11000000 11499999
5 147000000 147499999 11 108500000 108999999
5 147000000 147499999 17 39500000 39999999
5 149500000 149999999 8 72500000 72999999
6 3000000 3499999 11 3000000 3499999
6 3000000 3499999 11 108500000 108999999
6 3000000 3499999 17 39500000 39999999
6 3000000 3499999 18 3000000 3499999
6 3500000 3999999 9 70500000 70999999
6 3500000 3999999 11 3000000 3499999
6 4000000 4499999 11 3000000 3499999
6 4500000 4999999 11 3000000 3499999
6 5000000 5499999 11 3000000 3499999
6 5500000 5999999 11 3000000 3499999
6 6000000 6499999 11 3000000 3499999
6 6500000 6999999 11 3000000 3499999
6 7000000 7499999 11 3000000 3499999
6 7000000 7499999 17 58500000 58999999
6 7500000 7999999 11 3000000 3499999
6 8000000 8499999 11 3000000 3499999
6 8500000 8999999 11 3000000 3499999
6 9000000 9499999 11 3000000 3499999
6 9500000 9999999 11 3000000 3499999
6 10000000 10499999 11 3000000 3499999
6 11000000 11499999 11 3000000 3499999
6 11500000 11999999 11 3000000 3499999
6 12000000 12499999 11 3000000 3499999
6 12500000 12999999 11 3000000 3499999
6 13000000 13499999 11 3000000 3499999
6 13500000 13999999 11 3000000 3499999
6 14000000 14499999 11 3000000 3499999
6 14500000 14999999 11 3000000 3499999
6 15000000 15499999 11 3000000 3499999
6 15500000 15999999 11 3000000 3499999
6 16000000 16499999 11 3000000 3499999
6 16500000 16999999 11 3000000 3499999
6 17000000 17499999 11 3000000 3499999
6 17500000 17999999 8 35000000 35499999
6 17500000 17999999 11 3000000 3499999
6 18000000 18499999 11 3000000 3499999
6 18500000 18999999 11 3000000 3499999
6 19000000 19499999 11 3000000 3499999
6 19500000 19999999 11 3000000 3499999
6 20000000 20499999 11 3000000 3499999
6 20500000 20999999 11 3000000 3499999
6 21000000 21499999 11 3000000 3499999
6 21500000 21999999 11 3000000 3499999
6 22000000 22499999 11 3000000 3499999
6 23000000 23499999 11 3000000 3499999
6 23500000 23999999 11 3000000 3499999
6 24000000 24499999 11 3000000 3499999
6 24500000 24999999 11 3000000 3499999
6 25500000 25999999 11 3000000 3499999
6 26000000 26499999 8 30500000 30999999
6 26500000 26999999 11 3000000 3499999
6 27000000 27499999 11 3000000 3499999
6 27500000 27999999 11 3000000 3499999
6 28000000 28499999 11 3000000 3499999
6 28500000 28999999 11 3000000 3499999
6 29000000 29499999 11 3000000 3499999
6 29500000 29999999 11 3000000 3499999
6 30000000 30499999 11 3000000 3499999
6 30500000 30999999 11 3000000 3499999
6 31000000 31499999 11 3000000 3499999
6 31500000 31999999 11 3000000 3499999
6 32500000 32999999 11 3000000 3499999
6 33000000 33499999 11 3000000 3499999
6 33500000 33999999 11 3000000 3499999
6 34500000 34999999 11 3000000 3499999
6 35000000 35499999 11 3000000 3499999
6 35500000 35999999 11 3000000 3499999
6 36000000 36499999 11 3000000 3499999
6 36500000 36999999 11 3000000 3499999
6 37000000 37499999 12 27500000 27999999
6 37500000 37999999 11 3000000 3499999
6 39000000 39499999 11 3000000 3499999
6 39500000 39999999 11 3000000 3499999
6 45500000 45999999 11 3000000 3499999
6 49000000 49499999 11 3000000 3499999
6 50000000 50499999 17 53500000 53999999
6 52000000 52499999 11 3000000 3499999
6 52500000 52999999 11 3000000 3499999
6 53500000 53999999 19 58000000 58499999
6 56500000 56999999 13 48500000 48999999
6 56500000 56999999 16 31500000 31999999
6 66000000 66499999 11 46000000 46499999
6 67000000 67499999 18 90500000 90772030
6 67500000 67999999 18 90500000 90772030
6 70000000 70499999 19 27500000 27999999
6 76000000 76499999 16 48000000 48499999
6 76500000 76999999 X 103500000 103999999
6 85500000 85999999 8 11000000 11499999
6 91000000 91499999 7 104500000 104999999
6 91500000 91999999 19 29000000 29499999
6 106000000 106499999 X 39500000 39999999
6 108500000 108999999 16 53500000 53999999
6 115000000 115499999 X 89500000 89999999
6 124500000 124999999 9 88000000 88499999
6 133000000 133499999 8 37500000 37999999
6 133000000 133499999 8 38000000 38499999
6 134000000 134499999 18 82500000 82999999
6 140500000 140999999 14 37500000 37999999
6 147000000 147499999 10 87000000 87499999
6 148500000 148999999 7 152000000 152499999
7 3000000 3499999 11 3000000 3499999
7 3000000 3499999 15 99500000 99999999
7 3500000 3999999 11 3000000 3499999
7 4000000 4499999 11 3000000 3499999
7 4500000 4999999 11 3000000 3499999
7 4500000 4999999 11 5000000 5499999
7 5000000 5499999 11 3000000 3499999
7 5500000 5999999 11 3000000 3499999
7 6000000 6499999 11 3000000 3499999
7 6500000 6999999 11 3000000 3499999
7 7000000 7499999 9 123500000 123999999
7 7000000 7499999 11 3000000 3499999
7 7000000 7499999 X 166000000 166499999
7 11000000 11499999 11 3000000 3499999
7 12000000 12499999 11 3000000 3499999
7 12500000 12999999 11 3000000 3499999
7 13000000 13499999 11 3000000 3499999
7 13500000 13999999 11 3000000 3499999
7 14000000 14499999 11 3000000 3499999
7 14500000 14999999 11 3000000 3499999
7 16500000 16999999 11 3000000 3499999
7 17000000 17499999 11 3000000 3499999
7 17000000 17499999 14 35500000 35999999
7 18500000 18999999 11 3000000 3499999
7 19500000 19999999 11 3000000 3499999
7 20000000 20499999 11 3000000 3499999
7 24500000 24999999 8 44500000 44999999
7 24500000 24999999 11 3000000 3499999
7 25000000 25499999 11 3000000 3499999
7 25500000 25999999 11 3000000 3499999
7 26000000 26499999 11 3000000 3499999
7 26500000 26999999 11 3000000 3499999
7 27000000 27499999 11 3000000 3499999
7 27500000 27999999 11 3000000 3499999
7 28000000 28499999 11 3000000 3499999
7 28500000 28999999 11 3000000 3499999
7 28500000 28999999 17 24500000 24999999
7 29000000 29499999 9 30000000 30499999
7 29000000 29499999 11 3000000 3499999
7 29000000 29499999 19 5500000 5999999
7 29500000 29999999 11 77500000 77999999
7 29500000 29999999 17 24500000 24999999
7 29500000 29999999 17 27000000 27499999
7 29500000 29999999 17 29000000 29499999
7 30000000 30499999 11 3000000 3499999
7 30500000 30999999 11 3000000 3499999
7 30500000 30999999 17 24500000 24999999
7 31000000 31499999 11 3000000 3499999
7 31000000 31499999 19 6000000 6499999
7 31500000 31999999 11 3000000 3499999
7 32000000 32499999 12 79500000 79999999
7 35000000 35499999 11 3000000 3499999
7 35500000 35999999 11 3000000 3499999
7 49000000 49499999 11 3000000 3499999
7 50500000 50999999 11 3000000 3499999
7 52000000 52499999 17 24500000 24999999
7 52500000 52999999 17 24500000 24999999
7 86500000 86999999 15 79500000 79999999
7 87000000 87499999 11 115000000 115499999
7 87000000 87499999 X 165500000 165999999
7 90500000 90999999 8 53000000 53499999
7 93000000 93499999 15 8500000 8999999
7 93500000 93999999 14 73500000 73999999
7 96000000 96499999 8 9500000 9999999
7 96000000 96499999 17 94000000 94499999
7 102000000 102499999 8 61500000 61999999
7 103500000 103999999 16 69000000 69499999
7 107500000 107999999 11 102000000 102499999
7 109000000 109499999 9 47000000 47499999
7 111500000 111999999 12 120000000 120499999
7 121000000 121499999 10 53000000 53499999
7 133500000 133999999 13 58000000 58499999
7 134000000 134499999 8 125500000 125999999
7 134500000 134999999 11 97500000 97999999
7 134500000 134999999 11 116500000 116999999
7 135500000 135999999 19 45000000 45499999
7 137500000 137999999 12 59000000 59499999
8 3000000 3499999 11 3000000 3499999
8 3000000 3499999 15 99500000 99999999
8 3500000 3999999 11 3000000 3499999
8 3500000 3999999 17 39500000 39999999
8 4000000 4499999 9 42500000 42999999
8 4000000 4499999 11 3000000 3499999
8 4500000 4999999 11 3000000 3499999
8 5000000 5499999 11 3000000 3499999
8 5500000 5999999 11 3000000 3499999
8 5500000 5999999 14 19000000 19499999
8 6000000 6499999 11 3000000 3499999
8 6500000 6999999 11 3000000 3499999
8 7000000 7499999 11 3000000 3499999
8 7500000 7999999 11 3000000 3499999
8 8000000 8499999 11 3000000 3499999
8 8500000 8999999 11 3000000 3499999
8 9000000 9499999 11 3000000 3499999
8 9500000 9999999 11 3000000 3499999
8 10000000 10499999 11 3000000 3499999
8 10500000 10999999 11 3000000 3499999
8 11000000 11499999 11 3000000 3499999
8 11500000 11999999 11 3000000 3499999
8 11500000 11999999 19 7000000 7499999
8 12000000 12499999 11 3000000 3499999
8 12500000 12999999 11 3000000 3499999
8 13000000 13499999 11 3000000 3499999
8 13500000 13999999 11 3000000 3499999
8 14000000 14499999 11 3000000 3499999
8 14500000 14999999 11 3000000 3499999
8 15000000 15499999 11 3000000 3499999
8 16000000 16499999 11 3000000 3499999
8 16500000 16999999 11 3000000 3499999
8 17000000 17499999 11 3000000 3499999
8 17500000 17999999 11 3000000 3499999
8 18000000 18499999 11 3000000 3499999
8 18500000 18999999 11 3000000 3499999
8 19000000 19499999 11 3000000 3499999
8 23000000 23499999 11 3000000 3499999
8 23500000 23999999 11 3000000 3499999
8 24000000 24499999 11 3000000 3499999
8 25000000 25499999 11 3000000 3499999
8 25500000 25999999 11 3000000 3499999
8 26000000 26499999 11 3000000 3499999
8 26500000 26999999 11 3000000 3499999
8 27000000 27499999 11 3000000 3499999
8 27500000 27999999 11 3000000 3499999
8 28000000 28499999 11 3000000 3499999
8 29000000 29499999 10 38000000 38499999
8 29500000 29999999 11 3000000 3499999
8 31500000 31999999 11 3000000 3499999
8 32000000 32499999 11 3000000 3499999
8 33000000 33499999 11 3000000 3499999
8 33500000 33999999 11 3000000 3499999
8 34000000 34499999 11 3000000 3499999
8 34500000 34999999 11 3000000 3499999
8 34500000 34999999 15 67500000 67999999
8 34500000 34999999 X 148500000 148999999
8 35000000 35499999 11 3000000 3499999
8 35000000 35499999 X 148500000 148999999
8 35500000 35999999 11 3000000 3499999
8 37500000 37999999 11 3000000 3499999
8 38000000 38499999 11 3000000 3499999
8 42000000 42499999 11 3000000 3499999
8 44000000 44499999 11 3000000 3499999
8 45500000 45999999 11 3000000 3499999
8 48000000 48499999 11 3000000 3499999
8 48500000 48999999 11 3000000 3499999
8 49000000 49499999 11 3000000 3499999
8 49000000 49499999 13 4000000 4499999
8 51500000 51999999 14 17000000 17499999
8 65500000 65999999 17 20000000 20499999
8 67000000 67499999 X 7500000 7999999
8 69000000 69499999 10 14000000 14499999
8 74500000 74999999 11 69500000 69999999
8 77500000 77999999 14 51500000 51999999
8 87500000 87999999 9 55000000 55499999
8 92500000 92999999 18 31000000 31499999
8 95500000 95999999 11 69000000 69499999
8 100000000 100499999 12 54500000 54999999
8 101500000 101999999 14 51000000 51499999
8 104000000 104499999 12 52000000 52499999
8 108000000 108499999 9 108000000 108499999
8 108500000 108999999 10 57000000 57499999
8 108500000 108999999 10 57500000 57999999
8 109000000 109499999 X 55000000 55499999
8 125500000 125999999 9 107500000 107999999
8 125500000 125999999 11 97000000 97499999
8 125500000 125999999 11 120000000 120499999
8 125500000 125999999 12 4500000 4999999
8 125500000 125999999 14 56000000 56499999
8 125500000 125999999 15 81500000 81999999
8 131000000 131499999 17 95000000 95272650
8 131500000 131738870 17 95000000 95272650
8 131500000 131738870 19 61000000 61342429
9 3000000 3499999 11 3000000 3499999
9 3500000 3999999 11 3000000 3499999
9 4000000 4499999 11 3000000 3499999
9 4500000 4999999 11 3000000 3499999
9 5000000 5499999 11 3000000 3499999
9 5500000 5999999 11 3000000 3499999
9 5500000 5999999 12 89000000 89499999
9 6000000 6499999 11 3000000 3499999
9 6500000 6999999 11 3000000 3499999
9 7000000 7499999 11 3000000 3499999
9 7500000 7999999 11 3000000 3499999
9 8000000 8499999 11 3000000 3499999
9 8500000 8999999 11 3000000 3499999
9 9000000 9499999 11 3000000 3499999
9 9500000 9999999 11 3000000 3499999
9 10000000 10499999 11 3000000 3499999
9 10500000 10999999 11 3000000 3499999
9 11000000 11499999 11 3000000 3499999
9 11500000 11999999 11 3000000 3499999
9 12000000 12499999 11 3000000 3499999
9 12500000 12999999 11 3000000 3499999
9 13000000 13499999 11 3000000 3499999
9 13500000 13999999 11 3000000 3499999
9 14000000 14499999 11 3000000 3499999
9 14500000 14999999 11 3000000 3499999
9 15000000 15499999 11 3000000 3499999
9 15500000 15999999 11 3000000 3499999
9 16000000 16499999 11 3000000 3499999
9 16500000 16999999 11 3000000 3499999
9 17000000 17499999 11 3000000 3499999
9 17500000 17999999 11 3000000 3499999
9 18000000 18499999 11 3000000 3499999
9 18500000 18999999 11 3000000 3499999
9 19000000 19499999 11 3000000 3499999
9 19000000 19499999 X 81000000 81499999
9 19500000 19999999 11 3000000 3499999
9 20000000 20499999 11 3000000 3499999
9 20500000 20999999 11 3000000 3499999
9 20500000 20999999 18 34500000 34999999
9 20500000 20999999 19 3500000 3999999
9 21000000 21499999 11 3000000 3499999
9 21000000 21499999 11 4500000 4999999
9 21500000 21999999 11 3000000 3499999
9 22000000 22499999 11 3000000 3499999
9 22500000 22999999 11 3000000 3499999
9 24000000 24499999 11 3000000 3499999
9 24500000 24999999 11 3000000 3499999
9 25000000 25499999 11 3000000 3499999
9 25500000 25999999 11 3000000 3499999
9 26500000 26999999 11 3000000 3499999
9 27500000 27999999 11 3000000 3499999
9 29500000 29999999 11 3000000 3499999
9 30500000 30999999 11 3000000 3499999
9 31000000 31499999 11 3000000 3499999
9 31500000 31999999 11 3000000 3499999
9 32000000 32499999 11 3000000 3499999
9 33500000 33999999 11 3000000 3499999
9 35000000 35499999 11 3000000 3499999
9 36500000 36999999 11 3000000 3499999
9 37000000 37499999 11 3000000 3499999
9 38000000 38499999 11 3000000 3499999
9 39500000 39999999 11 3000000 3499999
9 40000000 40499999 11 3000000 3499999
9 40000000 40499999 15 50500000 50999999
9 41500000 41999999 11 3000000 3499999
9 45000000 45499999 17 16000000 16499999
9 47000000 47499999 11 3000000 3499999
9 48000000 48499999 11 3000000 3499999
9 48500000 48999999 11 3000000 3499999
9 50000000 50499999 11 3000000 3499999
9 50500000 50999999 11 3000000 3499999
9 53500000 53999999 11 3000000 3499999
9 54000000 54499999 11 3000000 3499999
9 56000000 56499999 11 3000000 3499999
9 57000000 57499999 11 3000000 3499999
9 59000000 59499999 15 81000000 81499999
9 59500000 59999999 11 3000000 3499999
9 64500000 64999999 X 132500000 132999999
9 67500000 67999999 17 85000000 85499999
9 72500000 72999999 11 3000000 3499999
9 73000000 73499999 X 97000000 97499999
9 81000000 81499999 17 64000000 64499999
9 82500000 82999999 13 39000000 39499999
9 87500000 87999999 16 63000000 63499999
9 106500000 106999999 16 45500000 45999999
9 118000000 118499999 16 49500000 49999999
9 123500000 123999999 X 166000000 166499999
10 3000000 3499999 11 3000000 3499999
10 3500000 3999999 11 3000000 3499999
10 4000000 4499999 11 3000000 3499999
10 4500000 4999999 11 3000000 3499999
10 5000000 5499999 11 3000000 3499999
10 6000000 6499999 11 3000000 3499999
10 6500000 6999999 11 3000000 3499999
10 7000000 7499999 11 3000000 3499999
10 7500000 7999999 11 3000000 3499999
10 8000000 8499999 11 3000000 3499999
10 8500000 8999999 11 3000000 3499999
10 9000000 9499999 11 3000000 3499999
10 9500000 9999999 11 3000000 3499999
10 11000000 11499999 11 3000000 3499999
10 12000000 12499999 11 3000000 3499999
10 14500000 14999999 11 3000000 3499999
10 15000000 15499999 11 3000000 3499999
10 15500000 15999999 11 17000000 17499999
10 17000000 17499999 11 3000000 3499999
10 17000000 17499999 19 36500000 36999999
10 18000000 18499999 11 3000000 3499999
10 19000000 19499999 11 3000000 3499999
10 19500000 19999999 11 3000000 3499999
10 20500000 20999999 11 3000000 3499999
10 21000000 21499999 11 3000000 3499999
10 21500000 21999999 13 3000000 3499999
10 23000000 23499999 11 3000000 3499999
10 23500000 23999999 11 3000000 3499999
10 24500000 24999999 11 3000000 3499999
10 25500000 25999999 11 3000000 3499999
10 26000000 26499999 11 3000000 3499999
10 26500000 26999999 11 3000000 3499999
10 27500000 27999999 11 3000000 3499999
10 29000000 29499999 11 3000000 3499999
10 30000000 30499999 11 3000000 3499999
10 30000000 30499999 18 78500000 78999999
10 31000000 31499999 11 3000000 3499999
10 32500000 32999999 11 3000000 3499999
10 33000000 33499999 11 3000000 3499999
10 33500000 33999999 11 3000000 3499999
10 37000000 37499999 11 3000000 3499999
10 39000000 39499999 11 3000000 3499999
10 40000000 40499999 11 3000000 3499999
10 61000000 61499999 X 103000000 103499999
10 66000000 66499999 11 3000000 3499999
10 66000000 66499999 13 5500000 5999999
10 77500000 77999999 17 32000000 32499999
10 79500000 79999999 11 120000000 120499999
10 80000000 80499999 19 5000000 5499999
10 80000000 80499999 19 5500000 5999999
10 80500000 80999999 11 102500000 102999999
10 80500000 80999999 15 102000000 102499999
10 81500000 81999999 12 112500000 112999999
10 102500000 102999999 11 113000000 113499999
10 107000000 107499999 17 73500000 73999999
10 114500000 114999999 15 20000000 20499999
10 129500000 129993254 19 61000000 61342429
11 3000000 3499999 12 3000000 3499999
11 3000000 3499999 12 4500000 4999999
11 3000000 3499999 12 14000000 14499999
11 3000000 3499999 12 14500000 14999999
11 3000000 3499999 12 15000000 15499999
11 3000000 3499999 12 32500000 32999999
11 3000000 3499999 12 36500000 36999999
11 3000000 3499999 13 3000000 3499999
11 3000000 3499999 13 3500000 3999999
11 3000000 3499999 13 4000000 4499999
11 3000000 3499999 13 4500000 4999999
11 3000000 3499999 13 5000000 5499999
11 3000000 3499999 13 5500000 5999999
11 3000000 3499999 13 6000000 6499999
11 3000000 3499999 13 6500000 6999999
11 3000000 3499999 13 7000000 7499999
11 3000000 3499999 13 7500000 7999999
11 3000000 3499999 13 8000000 8499999
11 3000000 3499999 13 8500000 8999999
11 3000000 3499999 13 9000000 9499999
11 3000000 3499999 13 9500000 9999999
11 3000000 3499999 13 10000000 10499999
11 3000000 3499999 13 10500000 10999999
11 3000000 3499999 13 11000000 11499999
11 3000000 3499999 13 11500000 11999999
11 3000000 3499999 13 12000000 12499999
11 3000000 3499999 13 12500000 12999999
11 3000000 3499999 13 13000000 13499999
11 3000000 3499999 13 13500000 13999999
11 3000000 3499999 13 14000000 14499999
11 3000000 3499999 13 14500000 14999999
11 3000000 3499999 13 15500000 15999999
11 3000000 3499999 13 16000000 16499999
11 3000000 3499999 13 16500000 16999999
11 3000000 3499999 13 17500000 17999999
11 3000000 3499999 13 18000000 18499999
11 3000000 3499999 13 18500000 18999999
11 3000000 3499999 13 19000000 19499999
11 3000000 3499999 13 19500000 19999999
11 3000000 3499999 13 20000000 20499999
11 3000000 3499999 13 20500000 20999999
11 3000000 3499999 13 21000000 21499999
11 3000000 3499999 13 21500000 21999999
11 3000000 3499999 13 22000000 22499999
11 3000000 3499999 13 23000000 23499999
11 3000000 3499999 13 23500000 23999999
11 3000000 3499999 13 24000000 24499999
11 3000000 3499999 13 24500000 24999999
11 3000000 3499999 13 26000000 26499999
11 3000000 3499999 13 30000000 30499999
11 3000000 3499999 13 31000000 31499999
11 3000000 3499999 13 32500000 32999999
11 3000000 3499999 13 33500000 33999999
11 3000000 3499999 13 34000000 34499999
11 3000000 3499999 13 38000000 38499999
11 3000000 3499999 13 41500000 41999999
11 3000000 3499999 13 42000000 42499999
11 3000000 3499999 13 43000000 43499999
11 3000000 3499999 13 46500000 46999999
11 3000000 3499999 13 48500000 48999999
11 3000000 3499999 13 58000000 58499999
11 3000000 3499999 14 8500000 8999999
11 3000000 3499999 14 9000000 9499999
11 3000000 3499999 14 9500000 9999999
11 3000000 3499999 14 10500000 10999999
11 3000000 3499999 14 11000000 11499999
11 3000000 3499999 14 11500000 11999999
11 3000000 3499999 14 12000000 12499999
11 3000000 3499999 14 12500000 12999999
11 3000000 3499999 14 13000000 13499999
11 3000000 3499999 14 13500000 13999999
11 3000000 3499999 14 14000000 14499999
11 3000000 3499999 14 14500000 14999999
11 3000000 3499999 14 15000000 15499999
11 3000000 3499999 14 15500000 15999999
11 3000000 3499999 14 16000000 16499999
11 3000000 3499999 14 16500000 16999999
11 3000000 3499999 14 17000000 17499999
11 3000000 3499999 14 17500000 17999999
11 3000000 3499999 14 18000000 18499999
11 3000000 3499999 14 18500000 18999999
11 3000000 3499999 14 19000000 19499999
11 3000000 3499999 14 19500000 19999999
11 3000000 3499999 14 20000000 20499999
11 3000000 3499999 14 20500000 20999999
11 3000000 3499999 14 21000000 21499999
11 3000000 3499999 14 21500000 21999999
11 3000000 3499999 14 22000000 22499999
11 3000000 3499999 14 22500000 22999999
11 3000000 3499999 14 26000000 26499999
11 3000000 3499999 14 27000000 27499999
11 3000000 3499999 14 27500000 27999999
11 3000000 3499999 14 28000000 28499999
11 3000000 3499999 14 34000000 34499999
11 3000000 3499999 14 34500000 34999999
11 3000000 3499999 14 35000000 35499999
11 3000000 3499999 14 41500000 41999999
11 3000000 3499999 14 48000000 48499999
11 3000000 3499999 14 54500000 54999999
11 3000000 3499999 15 3000000 3499999
11 3000000 3499999 15 3500000 3999999
11 3000000 3499999 15 4000000 4499999
11 3000000 3499999 15 4500000 4999999
11 3000000 3499999 15 5000000 5499999
11 3000000 3499999 15 5500000 5999999
11 3000000 3499999 15 6000000 6499999
11 3000000 3499999 15 6500000 6999999
11 3000000 3499999 15 7000000 7499999
11 3000000 3499999 15 7500000 7999999
11 3000000 3499999 15 8000000 8499999
11 3000000 3499999 15 8500000 8999999
11 3000000 3499999 15 9000000 9499999
11 3000000 3499999 15 9500000 9999999
11 3000000 3499999 15 10000000 10499999
11 3000000 3499999 15 10500000 10999999
11 3000000 3499999 15 11000000 11499999
11 3000000 3499999 15 11500000 11999999
11 3000000 3499999 15 12000000 12499999
11 3000000 3499999 15 12500000 12999999
11 3000000 3499999 15 13000000 13499999
11 3000000 3499999 15 14000000 14499999
11 3000000 3499999 15 14500000 14999999
11 3000000 3499999 15 15000000 15499999
11 3000000 3499999 15 15500000 15999999
11 3000000 3499999 15 16000000 16499999
11 3000000 3499999 15 16500000 16999999
11 3000000 3499999 15 17000000 17499999
11 3000000 3499999 15 17500000 17999999
11 3000000 3499999 15 18000000 18499999
11 3000000 3499999 15 18500000 18999999
11 3000000 3499999 15 19000000 19499999
11 3000000 3499999 15 19500000 19999999
11 3000000 3499999 15 20000000 20499999
11 3000000 3499999 15 20500000 20999999
11 3000000 3499999 15 21000000 21499999
11 3000000 3499999 15 21500000 21999999
11 3000000 3499999 15 22000000 22499999
11 3000000 3499999 15 22500000 22999999
11 3000000 3499999 15 23000000 23499999
11 3000000 3499999 15 23500000 23999999
11 3000000 3499999 15 24000000 24499999
11 3000000 3499999 15 25500000 25999999
11 3000000 3499999 15 26500000 26999999
11 3000000 3499999 15 27000000 27499999
11 3000000 3499999 15 27500000 27999999
11 3000000 3499999 15 28500000 28999999
11 3000000 3499999 15 29000000 29499999
11 3000000 3499999 15 29500000 29999999
11 3000000 3499999 15 31000000 31499999
11 3000000 3499999 15 31500000 31999999
11 3000000 3499999 15 32000000 32499999
11 3000000 3499999 15 34000000 34499999
11 3000000 3499999 15 34500000 34999999
11 3000000 3499999 15 35000000 35499999
11 3000000 3499999 15 35500000 35999999
11 3000000 3499999 15 36000000 36499999
11 3000000 3499999 15 36500000 36999999
11 3000000 3499999 15 37000000 37499999
11 3000000 3499999 15 37500000 37999999
11 3000000 3499999 15 38000000 38499999
11 3000000 3499999 15 38500000 38999999
11 3000000 3499999 15 39000000 39499999
11 3000000 3499999 15 40500000 40999999
11 3000000 3499999 15 42500000 42999999
11 3000000 3499999 15 48000000 48499999
11 3000000 3499999 15 51500000 51999999
11 3000000 3499999 15 57500000 57999999
11 3000000 3499999 15 58500000 58999999
11 3000000 3499999 15 76500000 76999999
11 3000000 3499999 15 99500000 99999999
11 3000000 3499999 16 3000000 3499999
11 3000000 3499999 16 3500000 3999999
11 3000000 3499999 16 4000000 4499999
11 3000000 3499999 16 4500000 4999999
11 3000000 3499999 16 5000000 5499999
11 3000000 3499999 16 5500000 5999999
11 3000000 3499999 16 6000000 6499999
11 3000000 3499999 16 6500000 6999999
11 3000000 3499999 16 7000000 7499999
11 3000000 3499999 16 7500000 7999999
11 3000000 3499999 16 8500000 8999999
11 3000000 3499999 16 9000000 9499999
11 3000000 3499999 16 9500000 9999999
11 3000000 3499999 16 10000000 10499999
11 3000000 3499999 16 10500000 10999999
11 3000000 3499999 16 11500000 11999999
11 3000000 3499999 16 12500000 12999999
11 3000000 3499999 16 13500000 13999999
11 3000000 3499999 16 14500000 14999999
11 3000000 3499999 16 15000000 15499999
11 3000000 3499999 16 15500000 15999999
11 3000000 3499999 16 16000000 16499999
11 3000000 3499999 16 16500000 16999999
11 3000000 3499999 16 17000000 17499999
11 3000000 3499999 16 17500000 17999999
11 3000000 3499999 16 18500000 18999999
11 3000000 3499999 16 19500000 19999999
11 3000000 3499999 16 23000000 23499999
11 3000000 3499999 16 25500000 25999999
11 3000000 3499999 16 26500000 26999999
11 3000000 3499999 16 28500000 28999999
11 3000000 3499999 16 40500000 40999999
11 3000000 3499999 16 45000000 45499999
11 3000000 3499999 17 3000000 3499999
11 3000000 3499999 17 3500000 3999999
11 3000000 3499999 17 4000000 4499999
11 3000000 3499999 17 4500000 4999999
11 3000000 3499999 17 5000000 5499999
11 3000000 3499999 17 5500000 5999999
11 3000000 3499999 17 6000000 6499999
11 3000000 3499999 17 7500000 7999999
11 3000000 3499999 17 8500000 8999999
11 3000000 3499999 17 9000000 9499999
11 3000000 3499999 17 9500000 9999999
11 3000000 3499999 17 10000000 10499999
11 3000000 3499999 17 10500000 10999999
11 3000000 3499999 17 11000000 11499999
11 3000000 3499999 17 11500000 11999999
11 3000000 3499999 17 12000000 12499999
11 3000000 3499999 17 12500000 12999999
11 3000000 3499999 17 13000000 13499999
11 3000000 3499999 17 13500000 13999999
11 3000000 3499999 17 14000000 14499999
11 3000000 3499999 17 14500000 14999999
11 3000000 3499999 17 15000000 15499999
11 3000000 3499999 17 15500000 15999999
11 3000000 3499999 17 16000000 16499999
11 3000000 3499999 17 17000000 17499999
11 3000000 3499999 17 17500000 17999999
11 3000000 3499999 17 18000000 18499999
11 3000000 3499999 17 19000000 19499999
11 3000000 3499999 17 19500000 19999999
11 3000000 3499999 17 20500000 20999999
11 3000000 3499999 17 21500000 21999999
11 3000000 3499999 17 22000000 22499999
11 3000000 3499999 17 22500000 22999999
11 3000000 3499999 17 23500000 23999999
11 3000000 3499999 17 24000000 24499999
11 3000000 3499999 17 27000000 27499999
11 3000000 3499999 17 29000000 29499999
11 3000000 3499999 17 30500000 30999999
11 3000000 3499999 17 32000000 32499999
11 3000000 3499999 17 48000000 48499999
11 3000000 3499999 18 3000000 3499999
11 3000000 3499999 18 8000000 8499999
11 3000000 3499999 18 10000000 10499999
11 3000000 3499999 18 10500000 10999999
11 3000000 3499999 18 20000000 20499999
11 3000000 3499999 18 20500000 20999999
11 3000000 3499999 18 21000000 21499999
11 3000000 3499999 18 24500000 24999999
11 3000000 3499999 19 3500000 3999999
11 3000000 3499999 19 4000000 4499999
11 3000000 3499999 19 7000000 7499999
11 3000000 3499999 19 10500000 10999999
11 3000000 3499999 19 11000000 11499999
11 3000000 3499999 19 11500000 11999999
11 3000000 3499999 19 13500000 13999999
11 3000000 3499999 19 14500000 14999999
11 3000000 3499999 19 16000000 16499999
11 3000000 3499999 19 17500000 17999999
11 3000000 3499999 19 21500000 21999999
11 3000000 3499999 19 22000000 22499999
11 3000000 3499999 19 23000000 23499999
11 3000000 3499999 19 23500000 23999999
11 3000000 3499999 19 25000000 25499999
11 3000000 3499999 19 28000000 28499999
11 3000000 3499999 19 29000000 29499999
11 3000000 3499999 19 33000000 33499999
11 3000000 3499999 19 38000000 38499999
11 3000000 3499999 19 41500000 41999999
11 3000000 3499999 19 43500000 43999999
11 3000000 3499999 19 45500000 45999999
11 3000000 3499999 19 55500000 55999999
11 3000000 3499999 19 56000000 56499999
11 3000000 3499999 X 5000000 5499999
11 3000000 3499999 X 5500000 5999999
11 3000000 3499999 X 6000000 6499999
11 3000000 3499999 X 6500000 6999999
11 3000000 3499999 X 7000000 7499999
11 3000000 3499999 X 7500000 7999999
11 3000000 3499999 X 9000000 9499999
11 3000000 3499999 X 9500000 9999999
11 3000000 3499999 X 10000000 10499999
11 3000000 3499999 X 10500000 10999999
11 3000000 3499999 X 11000000 11499999
11 3000000 3499999 X 11500000 11999999
11 3000000 3499999 X 12000000 12499999
11 3000000 3499999 X 12500000 12999999
11 3000000 3499999 X 16500000 16999999
11 3000000 3499999 X 18000000 18499999
11 3000000 3499999 X 20000000 20499999
11 3000000 3499999 X 20500000 20999999
11 3000000 3499999 X 22000000 22499999
11 3000000 3499999 X 23000000 23499999
11 3000000 3499999 X 34000000 34499999
11 4500000 4999999 16 32000000 32499999
11 4500000 4999999 17 24500000 24999999
11 21000000 21499999 17 53500000 53999999
11 29000000 29499999 16 33000000 33499999
11 32500000 32999999 15 27000000 27499999
11 32500000 32999999 15 27500000 27999999
11 32500000 32999999 19 24500000 24999999
11 32500000 32999999 19 25000000 25499999
11 38000000 38499999 16 66500000 66999999
11 43000000 43499999 14 65000000 65499999
11 51000000 51499999 X 73000000 73499999
11 54500000 54999999 X 12500000 12999999
11 62000000 62499999 13 69500000 69999999
11 77500000 77999999 15 25500000 25999999
11 77500000 77999999 15 59500000 59999999
11 83000000 83499999 13 27500000 27999999
11 83000000 83499999 13 55000000 55499999
11 83000000 83499999 15 35500000 35999999
11 93500000 93999999 14 99000000 99499999
11 93500000 93999999 X 66000000 66499999
11 95000000 95499999 17 90000000 90499999
11 95500000 95999999 13 12000000 12499999
11 95500000 95999999 14 55000000 55499999
11 96000000 96499999 12 112000000 112499999
11 97000000 97499999 17 28000000 28499999
11 97000000 97499999 17 28500000 28999999
11 104000000 104499999 12 71000000 71499999
11 108500000 108999999 15 85000000 85499999
11 108500000 108999999 17 36000000 36499999
11 108500000 108999999 17 39500000 39999999
11 114500000 114999999 19 35000000 35499999
11 117500000 117999999 17 35000000 35499999
11 120000000 120499999 12 111500000 111999999
11 120000000 120499999 15 98500000 98999999
11 121500000 121843855 19 60500000 60999999
11 121500000 121843855 19 61000000 61342429
12 8000000 8499999 17 50500000 50999999
12 16500000 16999999 15 81500000 81999999
12 28500000 28999999 13 76000000 76499999
12 39500000 39999999 X 84000000 84499999
12 47500000 47999999 X 107500000 107999999
12 48000000 48499999 18 47000000 47499999
12 110000000 110499999 13 105500000 105999999
12 110500000 110999999 13 105500000 105999999
12 112000000 112499999 X 146500000 146999999
12 115000000 115499999 15 88500000 88999999
12 117500000 117999999 15 16000000 16499999
13 16500000 16999999 14 37000000 37499999
13 17000000 17499999 14 37000000 37499999
13 34000000 34499999 16 42000000 42499999
13 39500000 39999999 18 8500000 8999999
13 58000000 58499999 15 99500000 99999999
13 67000000 67499999 X 16500000 16999999
13 76000000 76499999 18 10000000 10499999
13 99000000 99499999 16 58500000 58999999
14 54500000 54999999 16 84500000 84999999
14 63000000 63499999 X 72500000 72999999
14 66000000 66499999 16 30500000 30999999
14 85000000 85499999 15 64000000 64499999
15 4000000 4499999 18 89000000 89499999
15 18500000 18999999 17 77000000 77499999
15 36000000 36499999 17 25500000 25999999
15 76500000 76999999 17 28500000 28999999
15 79500000 79999999 17 27000000 27499999
15 79500000 79999999 17 28500000 28999999
15 79500000 79999999 17 29000000 29499999
15 79500000 79999999 19 5500000 5999999
15 81000000 81499999 17 27000000 27499999
15 81000000 81499999 17 28000000 28499999
15 81000000 81499999 17 28500000 28999999
15 81500000 81999999 17 28000000 28499999
15 81500000 81999999 17 81000000 81499999
15 83000000 83499999 17 26000000 26499999
15 85000000 85499999 17 39500000 39999999
15 98500000 98999999 17 25500000 25999999
15 99500000 99999999 16 3500000 3999999
15 99500000 99999999 16 4000000 4499999
15 99500000 99999999 16 4500000 4999999
15 99500000 99999999 16 7000000 7499999
15 99500000 99999999 16 22000000 22499999
15 99500000 99999999 17 28500000 28999999
15 99500000 99999999 18 3000000 3499999
15 99500000 99999999 19 46500000 46999999
15 100000000 100499999 17 28500000 28999999
15 102000000 102499999 17 24500000 24999999
16 3000000 3499999 18 3000000 3499999
16 3000000 3499999 19 3000000 3499999
16 11000000 11499999 17 39500000 39999999
16 18000000 18499999 19 3500000 3999999
16 22000000 22499999 17 46500000 46999999
17 11500000 11999999 19 59000000 59499999
17 24500000 24999999 19 4000000 4499999
17 26000000 26499999 19 5000000 5499999
17 34000000 34499999 19 34000000 34499999
17 34000000 34499999 19 34500000 34999999
17 35000000 35499999 19 45000000 45499999
17 39500000 39999999 18 3000000 3499999
17 39500000 39999999 18 73500000 73999999
17 95000000 95272650 19 61000000 61342429
19 38000000 38499999 X 126500000 126999999
