1 2900000 3399999 11 2900000 3399999
1 3400000 3899999 11 2900000 3399999
1 3900000 4399999 11 2900000 3399999
1 4400000 4899999 11 2900000 3399999
1 4400000 4899999 X 20400000 20899999
1 4900000 5399999 11 2900000 3399999
1 5400000 5899999 11 2900000 3399999
1 5900000 6399999 11 2900000 3399999
1 6400000 6899999 11 2900000 3399999
1 6900000 7399999 11 2900000 3399999
1 7400000 7899999 11 2900000 3399999
1 7900000 8399999 11 2900000 3399999
1 8400000 8899999 11 2900000 3399999
1 8900000 9399999 11 2900000 3399999
1 9400000 9899999 11 2900000 3399999
1 9400000 9899999 11 78900000 79399999
1 9900000 10399999 11 2900000 3399999
1 10400000 10899999 11 2900000 3399999
1 10900000 11399999 11 2900000 3399999
1 11400000 11899999 11 2900000 3399999
1 11900000 12399999 11 2900000 3399999
1 12400000 12899999 11 2900000 3399999
1 12900000 13399999 11 2900000 3399999
1 13400000 13899999 11 2900000 3399999
1 13900000 14399999 11 2900000 3399999
1 14400000 14899999 11 2900000 3399999
1 14900000 15399999 11 2900000 3399999
1 15400000 15899999 11 2900000 3399999
1 16400000 16899999 6 7400000 7899999
1 16400000 16899999 11 2900000 3399999
1 16900000 17399999 11 2900000 3399999
1 17400000 17899999 10 67400000 67899999
1 18400000 18899999 13 53900000 54399999
1 18900000 19399999 11 2900000 3399999
1 20900000 21399999 11 2900000 3399999
1 21400000 21899999 8 35900000 36399999
1 21400000 21899999 11 2900000 3399999
1 21900000 22399999 11 2900000 3399999
1 22400000 22899999 11 2900000 3399999
1 22900000 23399999 11 2900000 3399999
1 23900000 24399999 11 2900000 3399999
1 24900000 25399999 11 2900000 3399999
1 25400000 25899999 11 2900000 3399999
1 27900000 28399999 11 2900000 3399999
1 30400000 30899999 11 2900000 3399999
1 32900000 33399999 11 2900000 3399999
1 33900000 34399999 11 2900000 3399999
1 34900000 35399999 11 2900000 3399999
1 35400000 35899999 11 2900000 3399999
1 35900000 36399999 11 2900000 3399999
1 36900000 37399999 11 2900000 3399999
1 37400000 37899999 11 2900000 3399999
1 37900000 38399999 11 2900000 3399999
1 38400000 38899999 11 2900000 3399999
1 38900000 39399999 11 2900000 3399999
1 39400000 39899999 11 2900000 3399999
1 39900000 40399999 11 2900000 3399999
1 40400000 40899999 11 2900000 3399999
1 41900000 42399999 11 2900000 3399999
1 42400000 42899999 11 2900000 3399999
1 42900000 43399999 11 2900000 3399999
1 48400000 48899999 11 30900000 31399999
1 49400000 49899999 3 75900000 76399999
1 51900000 52399999 11 2900000 3399999
1 53900000 54399999 11 2900000 3399999
1 55400000 55899999 19 41900000 42399999
1 56400000 56899999 14 37900000 38399999
1 57900000 58399999 8 100400000 100899999
1 64900000 65399999 8 121400000 121899999
1 64900000 65399999 14 13900000 14399999
1 65900000 66399999 9 67900000 68399999
1 65900000 66399999 9 68400000 68899999
1 70400000 70899999 5 88900000 89399999
1 74400000 74899999 14 36400000 36899999
1 79900000 80399999 18 4400000 4899999
1 83900000 84399999 2 94900000 95399999
1 84400000 84899999 19 18900000 19399999
1 89400000 89899999 3 55900000 56399999
1 89900000 90399999 2 2900000 3399999
1 89900000 90399999 2 3400000 3899999
1 89900000 90399999 2 3900000 4399999
1 89900000 90399999 2 4400000 4899999
1 89900000 90399999 2 7900000 8399999
1 89900000 90399999 4 3400000 3899999
1 89900000 90399999 4 4900000 5399999
1 89900000 90399999 11 2900000 3399999
1 92900000 93399999 4 23900000 24399999
1 104900000 105399999 2 153900000 154399999
1 106900000 107399999 9 73900000 74399999
1 110400000 110899999 7 69900000 70399999
1 110900000 111399999 6 115900000 116399999
1 112400000 112899999 8 65900000 66399999
1 116400000 116899999 16 13400000 13899999
1 125400000 125899999 4 15400000 15899999
1 127400000 127899999 6 24900000 25399999
1 129900000 130399999 4 66900000 67399999
1 134900000 135399999 10 126400000 126899999
1 136400000 136899999 8 46900000 47399999
1 136900000 137399999 7 27400000 27899999
1 138400000 138899999 12 119400000 119899999
1 138400000 138899999 12 119900000 120399999
1 143400000 143899999 10 6400000 6899999
1 147400000 147899999 3 76400000 76899999
1 151900000 152399999 14 52900000 53399999
1 154400000 154899999 9 21900000 22399999
1 154900000 155399999 17 27400000 27899999
1 158900000 159399999 6 137900000 138399999
1 158900000 159399999 11 70400000 70899999
1 161400000 161899999 X 42400000 42899999
1 162900000 163399999 5 14400000 14899999
1 163900000 164399999 11 30900000 31399999
1 168400000 168899999 4 23400000 23899999
1 171400000 171899999 15 28400000 28899999
1 173400000 173899999 10 126400000 126899999
1 173400000 173899999 16 37400000 37899999
1 179400000 179899999 8 36900000 37399999
1 182400000 182899999 3 152400000 152899999
2 2900000 3399999 11 2900000 3399999
2 3400000 3899999 11 2900000 3399999
2 3900000 4399999 11 2900000 3399999
2 4400000 4899999 11 2900000 3399999
2 4900000 5399999 11 2900000 3399999
2 5400000 5899999 8 95900000 96399999
2 5400000 5899999 11 2900000 3399999
2 5900000 6399999 11 2900000 3399999
2 6400000 6899999 11 2900000 3399999
2 6900000 7399999 11 2900000 3399999
2 7400000 7899999 11 2900000 3399999
2 7900000 8399999 11 2900000 3399999
2 8400000 8899999 11 2900000 3399999
2 8900000 9399999 11 2900000 3399999
2 9400000 9899999 11 2900000 3399999
2 9900000 10399999 11 2900000 3399999
2 10400000 10899999 11 2900000 3399999
2 10900000 11399999 11 2900000 3399999
2 10900000 11399999 13 38400000 38899999
2 11400000 11899999 11 2900000 3399999
2 11900000 12399999 11 2900000 3399999
2 11900000 12399999 13 9900000 10399999
2 12400000 12899999 11 2900000 3399999
2 12900000 13399999 11 2900000 3399999
2 13400000 13899999 11 2900000 3399999
2 14400000 14899999 11 2900000 3399999
2 14900000 15399999 11 2900000 3399999
2 15400000 15899999 11 2900000 3399999
2 15900000 16399999 11 2900000 3399999
2 17400000 17899999 11 2900000 3399999
2 17900000 18399999 11 2900000 3399999
2 18400000 18899999 11 2900000 3399999
2 18900000 19399999 11 2900000 3399999
2 19400000 19899999 11 2900000 3399999
2 20400000 20899999 11 2900000 3399999
2 20900000 21399999 11 2900000 3399999
2 22400000 22899999 11 2900000 3399999
2 22900000 23399999 8 64400000 64899999
2 24400000 24899999 11 2900000 3399999
2 26400000 26899999 11 2900000 3399999
2 31900000 32399999 6 122400000 122899999
2 38400000 38899999 11 2900000 3399999
2 38900000 39399999 11 2900000 3399999
2 43900000 44399999 6 94900000 95399999
2 45900000 46399999 14 106400000 106899999
2 46900000 47399999 6 75900000 76399999
2 47900000 48399999 3 154400000 154899999
2 56400000 56899999 9 74900000 75399999
2 56900000 57399999 9 74900000 75399999
2 60400000 60899999 8 67400000 67899999
2 62900000 63399999 4 20400000 20899999
2 62900000 63399999 4 20900000 21399999
2 69400000 69899999 5 136900000 137399999
2 69400000 69899999 5 137400000 137899999
2 69400000 69899999 5 137900000 138399999
2 73400000 73899999 4 105400000 105899999
2 73400000 73899999 4 105900000 106399999
2 82900000 83399999 7 80900000 81399999
2 84400000 84899999 7 65400000 65899999
2 98400000 98899999 11 2900000 3399999
2 98900000 99399999 X 92900000 93399999
2 99400000 99899999 10 72900000 73399999
2 99400000 99899999 10 73400000 73899999
2 100900000 101399999 3 146400000 146899999
2 112400000 112899999 7 71900000 72399999
2 112900000 113399999 15 10900000 11399999
2 113400000 113899999 3 80400000 80899999
2 118400000 118899999 19 5900000 6399999
2 120900000 121399999 13 101900000 102399999
2 121900000 122399999 8 11400000 11899999
2 121900000 122399999 11 115400000 115899999
2 127900000 128399999 4 94900000 95399999
2 129400000 129899999 9 38900000 39399999
2 130900000 131399999 14 97400000 97899999
2 135900000 136399999 5 43400000 43899999
2 139400000 139899999 14 103400000 103899999
2 143900000 144399999 3 98900000 99399999
2 145900000 146399999 17 87900000 88399999
2 153400000 153899999 9 48400000 48899999
2 153400000 153899999 14 51900000 52399999
2 153900000 154399999 14 51900000 52399999
2 154400000 154899999 8 128400000 128899999
2 154400000 154899999 8 128900000 129399999
2 157400000 157899999 10 87900000 88399999
2 162400000 162899999 4 61900000 62399999
2 166900000 167399999 6 60900000 61399999
2 181400000 181748086 17 39900000 40399999
3 2900000 3399999 11 2900000 3399999
3 3400000 3899999 11 2900000 3399999
3 3900000 4399999 11 2900000 3399999
3 4400000 4899999 11 2900000 3399999
3 4900000 5399999 11 2900000 3399999
3 5400000 5899999 11 2900000 3399999
3 5900000 6399999 11 2900000 3399999
3 6900000 7399999 11 2900000 3399999
3 7400000 7899999 11 2900000 3399999
3 7900000 8399999 11 2900000 3399999
3 8400000 8899999 11 2900000 3399999
3 8900000 9399999 11 2900000 3399999
3 9400000 9899999 11 2900000 3399999
3 9900000 10399999 11 2900000 3399999
3 10400000 10899999 11 2900000 3399999
3 10900000 11399999 11 2900000 3399999
3 13900000 14399999 10 70900000 71399999
3 17400000 17899999 11 2900000 3399999
3 18900000 19399999 4 154900000 155399999
3 18900000 19399999 11 2900000 3399999
3 21400000 21899999 11 2900000 3399999
3 23400000 23899999 X 69400000 69899999
3 23900000 24399999 13 116900000 117399999
3 27400000 27899999 11 2900000 3399999
3 27900000 28399999 11 2900000 3399999
3 30400000 30899999 11 2900000 3399999
3 31400000 31899999 5 13900000 14399999
3 31900000 32399999 5 13900000 14399999
3 33900000 34399999 11 2900000 3399999
3 35900000 36399999 11 2900000 3399999
3 35900000 36399999 14 11900000 12399999
3 36400000 36899999 5 6400000 6899999
3 36400000 36899999 11 2900000 3399999
3 36400000 36899999 13 103400000 103899999
3 38900000 39399999 11 71400000 71899999
3 39900000 40399999 11 2900000 3399999
3 44900000 45399999 14 97900000 98399999
3 50900000 51399999 11 2900000 3399999
3 52900000 53399999 11 2900000 3399999
3 53400000 53899999 11 2900000 3399999
3 58400000 58899999 10 26400000 26899999
3 65400000 65899999 17 45400000 45899999
3 74400000 74899999 5 31900000 32399999
3 75900000 76399999 14 19400000 19899999
3 78900000 79399999 13 73900000 74399999
3 84400000 84899999 7 14900000 15399999
3 86900000 87399999 6 8400000 8899999
3 87400000 87899999 8 54400000 54899999
3 87900000 88399999 4 132400000 132899999
3 87900000 88399999 8 85400000 85899999
3 90900000 91399999 8 13900000 14399999
3 98900000 99399999 15 33400000 33899999
3 98900000 99399999 15 33900000 34399999
3 100900000 101399999 17 35400000 35899999
3 103900000 104399999 19 46400000 46899999
3 104900000 105399999 13 89900000 90399999
3 111400000 111899999 7 97900000 98399999
3 115400000 115899999 14 79900000 80399999
3 126900000 127399999 X 70400000 70899999
3 131900000 132399999 8 75900000 76399999
3 136900000 137399999 14 36400000 36899999
3 137900000 138399999 4 30400000 30899999
3 137900000 138399999 4 30900000 31399999
3 144400000 144899999 X 19900000 20399999
3 144900000 145399999 12 57900000 58399999
3 145400000 145899999 9 55400000 55899999
4 2900000 3399999 6 2900000 3399999
4 2900000 3399999 6 3400000 3899999
4 2900000 3399999 7 2900000 3399999
4 2900000 3399999 8 2900000 3399999
4 2900000 3399999 8 3400000 3899999
4 2900000 3399999 8 3900000 4399999
4 2900000 3399999 11 2900000 3399999
4 2900000 3399999 15 2900000 3399999
4 3400000 3899999 11 2900000 3399999
4 3900000 4399999 11 2900000 3399999
4 4400000 4899999 11 2900000 3399999
4 4900000 5399999 11 2900000 3399999
4 5400000 5899999 11 2900000 3399999
4 5900000 6399999 11 2900000 3399999
4 6400000 6899999 11 2900000 3399999
4 6900000 7399999 11 2900000 3399999
4 7400000 7899999 11 2900000 3399999
4 7900000 8399999 11 2900000 3399999
4 8400000 8899999 11 2900000 3399999
4 8900000 9399999 11 2900000 3399999
4 9400000 9899999 11 2900000 3399999
4 9900000 10399999 11 2900000 3399999
4 10400000 10899999 11 2900000 3399999
4 10900000 11399999 11 2900000 3399999
4 10900000 11399999 19 9400000 9899999
4 11400000 11899999 11 2900000 3399999
4 11900000 12399999 11 2900000 3399999
4 13400000 13899999 11 2900000 3399999
4 14400000 14899999 11 2900000 3399999
4 14900000 15399999 11 2900000 3399999
4 15400000 15899999 11 2900000 3399999
4 15900000 16399999 11 2900000 3399999
4 17400000 17899999 11 2900000 3399999
4 18400000 18899999 11 2900000 3399999
4 18900000 19399999 11 2900000 3399999
4 19400000 19899999 11 2900000 3399999
4 19900000 20399999 11 2900000 3399999
4 20400000 20899999 8 85400000 85899999
4 20400000 20899999 11 2900000 3399999
4 20900000 21399999 11 2900000 3399999
4 21400000 21899999 11 2900000 3399999
4 21900000 22399999 11 2900000 3399999
4 22400000 22899999 11 2900000 3399999
4 22900000 23399999 11 2900000 3399999
4 26400000 26899999 11 2900000 3399999
4 26900000 27399999 11 2900000 3399999
4 32900000 33399999 11 2900000 3399999
4 33400000 33899999 11 2900000 3399999
4 33900000 34399999 11 2900000 3399999
4 34400000 34899999 11 2900000 3399999
4 34900000 35399999 11 2900000 3399999
4 38900000 39399999 6 11900000 12399999
4 40400000 40899999 11 2900000 3399999
4 40900000 41399999 11 2900000 3399999
4 40900000 41399999 17 71900000 72399999
4 41400000 41899999 11 2900000 3399999
4 48400000 48899999 11 2900000 3399999
4 68900000 69399999 12 36900000 37399999
4 70900000 71399999 19 8900000 9399999
4 74900000 75399999 12 16400000 16899999
4 98400000 98899999 5 65900000 66399999
4 110900000 111399999 15 58400000 58899999
4 113400000 113899999 11 44900000 45399999
4 114400000 114899999 9 65400000 65899999
4 116400000 116899999 17 55900000 56399999
4 116900000 117399999 12 53900000 54399999
4 116900000 117399999 16 59900000 60399999
4 122400000 122899999 13 11900000 12399999
4 127900000 128399999 7 99900000 100399999
4 131400000 131899999 14 58400000 58899999
4 131900000 132399999 16 17400000 17899999
4 136900000 137399999 5 41900000 42399999
4 136900000 137399999 5 42400000 42899999
4 143900000 144399999 16 21900000 22399999
4 144400000 144899999 16 21900000 22399999
4 151400000 151899999 5 118400000 118899999
4 153400000 153899999 18 16900000 17399999
4 154400000 154899999 15 89900000 90399999
4 154900000 155399999 14 101900000 102399999
4 154900000 155399999 18 35400000 35899999
4 155400000 155630119 18 35400000 35899999
5 2900000 3399999 11 2900000 3399999
5 2900000 3399999 12 2900000 3399999
5 2900000 3399999 13 2900000 3399999
5 3400000 3899999 8 75400000 75899999
5 3400000 3899999 11 2900000 3399999
5 3900000 4399999 11 2900000 3399999
5 4400000 4899999 11 2900000 3399999
5 4900000 5399999 11 2900000 3399999
5 5400000 5899999 11 2900000 3399999
5 6400000 6899999 11 2900000 3399999
5 6900000 7399999 11 2900000 3399999
5 7900000 8399999 11 2900000 3399999
5 8400000 8899999 11 2900000 3399999
5 8900000 9399999 11 2900000 3399999
5 9400000 9899999 11 2900000 3399999
5 9900000 10399999 11 2900000 3399999
5 12900000 13399999 11 2900000 3399999
5 13400000 13899999 11 2900000 3399999
5 14400000 14899999 11 2900000 3399999
5 15400000 15899999 11 2900000 3399999
5 16900000 17399999 11 2900000 3399999
5 17900000 18399999 11 2900000 3399999
5 18900000 19399999 19 22400000 22899999
5 19900000 20399999 11 2900000 3399999
5 20900000 21399999 11 2900000 3399999
5 20900000 21399999 14 119400000 119899999
5 22900000 23399999 11 2900000 3399999
5 24400000 24899999 11 2900000 3399999
5 31400000 31899999 11 2900000 3399999
5 31900000 32399999 11 2900000 3399999
5 32400000 32899999 11 2900000 3399999
5 32900000 33399999 11 2900000 3399999
5 34400000 34899999 11 2900000 3399999
5 36900000 37399999 7 4900000 5399999
5 41400000 41899999 X 80400000 80899999
5 43400000 43899999 8 67900000 68399999
5 48900000 49399999 8 95400000 95899999
5 55400000 55899999 18 35400000 35899999
5 74900000 75399999 10 115900000 116399999
5 79400000 79899999 14 19900000 20399999
5 79400000 79899999 16 2900000 3399999
5 87900000 88399999 12 102900000 103399999
5 90400000 90899999 9 81900000 82399999
5 90400000 90899999 9 82400000 82899999
5 92900000 93399999 16 4900000 5399999
5 114900000 115399999 11 72400000 72899999
5 115400000 115899999 7 71400000 71899999
5 121400000 121899999 11 98900000 99399999
5 127400000 127899999 15 63900000 64399999
5 130400000 130899999 14 34400000 34899999
5 130400000 130899999 14 34900000 35399999
5 130400000 130899999 17 24400000 24899999
5 135900000 136399999 6 3900000 4399999
5 138400000 138899999 6 108400000 108899999
5 145900000 146399999 X 67900000 68399999
5 146900000 147399999 10 10900000 11399999
5 146900000 147399999 11 108400000 108899999
5 146900000 147399999 17 39900000 40399999
5 149400000 149899999 8 72400000 72899999
6 2900000 3399999 11 2900000 3399999
6 2900000 3399999 16 2900000 3399999
6 2900000 3399999 17 39900000 40399999
6 2900000 3399999 18 2900000 3399999
6 3400000 3899999 9 70400000 70899999
6 3400000 3899999 11 2900000 3399999
6 3400000 3899999 16 2900000 3399999
6 3900000 4399999 11 2900000 3399999
6 4400000 4899999 11 2900000 3399999
6 4900000 5399999 11 2900000 3399999
6 5400000 5899999 11 2900000 3399999
6 5900000 6399999 11 2900000 3399999
6 5900000 6399999 13 56400000 56899999
6 6400000 6899999 11 2900000 3399999
6 6900000 7399999 11 2900000 3399999
6 6900000 7399999 17 58400000 58899999
6 7400000 7899999 9 39900000 40399999
6 7400000 7899999 11 2900000 3399999
6 7900000 8399999 11 2900000 3399999
6 8400000 8899999 11 2900000 3399999
6 8400000 8899999 16 18400000 18899999
6 8900000 9399999 11 2900000 3399999
6 9400000 9899999 11 2900000 3399999
6 9900000 10399999 11 2900000 3399999
6 10400000 10899999 11 2900000 3399999
6 10900000 11399999 11 2900000 3399999
6 11400000 11899999 8 55400000 55899999
6 11900000 12399999 11 2900000 3399999
6 12400000 12899999 11 2900000 3399999
6 12900000 13399999 11 2900000 3399999
6 13400000 13899999 11 2900000 3399999
6 13900000 14399999 11 2900000 3399999
6 14400000 14899999 11 2900000 3399999
6 14900000 15399999 11 2900000 3399999
6 15900000 16399999 11 2900000 3399999
6 16900000 17399999 11 2900000 3399999
6 17400000 17899999 8 34900000 35399999
6 17400000 17899999 11 2900000 3399999
6 17900000 18399999 11 2900000 3399999
6 17900000 18399999 18 52400000 52899999
6 18400000 18899999 11 2900000 3399999
6 20400000 20899999 11 2900000 3399999
6 20900000 21399999 11 2900000 3399999
6 21900000 22399999 11 2900000 3399999
6 22900000 23399999 11 2900000 3399999
6 23400000 23899999 11 2900000 3399999
6 23900000 24399999 11 2900000 3399999
6 24400000 24899999 11 2900000 3399999
6 24900000 25399999 11 2900000 3399999
6 25400000 25899999 11 2900000 3399999
6 25900000 26399999 8 30400000 30899999
6 26400000 26899999 8 30400000 30899999
6 27400000 27899999 11 2900000 3399999
6 27900000 28399999 11 2900000 3399999
6 28400000 28899999 11 2900000 3399999
6 29400000 29899999 11 2900000 3399999
6 30400000 30899999 11 2900000 3399999
6 33400000 33899999 11 2900000 3399999
6 33900000 34399999 11 2900000 3399999
6 34400000 34899999 11 2900000 3399999
6 34900000 35399999 11 2900000 3399999
6 36900000 37399999 12 27400000 27899999
6 37400000 37899999 11 2900000 3399999
6 49900000 50399999 17 53900000 54399999
6 53400000 53899999 19 57900000 58399999
6 56400000 56899999 13 48400000 48899999
6 56900000 57399999 16 31900000 32399999
6 57900000 58399999 7 130400000 130899999
6 66400000 66899999 11 45900000 46399999
6 66400000 66899999 11 46400000 46899999
6 66900000 67399999 18 90400000 90772030
6 67400000 67899999 18 90400000 90772030
6 69900000 70399999 19 26900000 27399999
6 69900000 70399999 19 27400000 27899999
6 69900000 70399999 19 27900000 28399999
6 71900000 72399999 10 7900000 8399999
6 75900000 76399999 16 48400000 48899999
6 76400000 76899999 16 48400000 48899999
6 76400000 76899999 X 103400000 103899999
6 76900000 77399999 9 36900000 37399999
6 80400000 80899999 9 122400000 122899999
6 85400000 85899999 8 10900000 11399999
6 91400000 91899999 7 104400000 104899999
6 91400000 91899999 19 28900000 29399999
6 106400000 106899999 X 39400000 39899999
6 108400000 108899999 16 53900000 54399999
6 111900000 112399999 11 106400000 106899999
6 114400000 114899999 13 70400000 70899999
6 114900000 115399999 X 89400000 89899999
6 132900000 133399999 8 37900000 38399999
6 133400000 133899999 13 56400000 56899999
6 134400000 134899999 18 82400000 82899999
6 140400000 140899999 13 83400000 83899999
6 140400000 140899999 14 37900000 38399999
6 146900000 147399999 10 86900000 87399999
7 2900000 3399999 11 2900000 3399999
7 2900000 3399999 15 99400000 99899999
7 3400000 3899999 11 2900000 3399999
7 3900000 4399999 11 2900000 3399999
7 4400000 4899999 11 2900000 3399999
7 4400000 4899999 15 99400000 99899999
7 4900000 5399999 11 2900000 3399999
7 5400000 5899999 11 2900000 3399999
7 5900000 6399999 11 2900000 3399999
7 6400000 6899999 11 2900000 3399999
7 6900000 7399999 9 123400000 123899999
7 6900000 7399999 11 2900000 3399999
7 6900000 7399999 X 165900000 166399999
7 6900000 7399999 X 166400000 166650295
7 12400000 12899999 11 2900000 3399999
7 12900000 13399999 11 2900000 3399999
7 13400000 13899999 11 2900000 3399999
7 16400000 16899999 11 2900000 3399999
7 16900000 17399999 11 2900000 3399999
7 16900000 17399999 14 35400000 35899999
7 17400000 17899999 11 2900000 3399999
7 18400000 18899999 11 2900000 3399999
7 19400000 19899999 11 2900000 3399999
7 19900000 20399999 11 2900000 3399999
7 20400000 20899999 11 2900000 3399999
7 24400000 24899999 8 44400000 44899999
7 25400000 25899999 11 2900000 3399999
7 26400000 26899999 11 2900000 3399999
7 28400000 28899999 11 2900000 3399999
7 28900000 29399999 9 30400000 30899999
7 28900000 29399999 11 2900000 3399999
7 30900000 31399999 11 2900000 3399999
7 31900000 32399999 12 79400000 79899999
7 34900000 35399999 11 2900000 3399999
7 35900000 36399999 11 2900000 3399999
7 82900000 83399999 14 107900000 108399999
7 87400000 87899999 X 165400000 165899999
7 93400000 93899999 14 73400000 73899999
7 93400000 93899999 15 8400000 8899999
7 95900000 96399999 8 9900000 10399999
7 95900000 96399999 17 93900000 94399999
7 96400000 96899999 17 93900000 94399999
7 99400000 99899999 11 92400000 92899999
7 101900000 102399999 8 61400000 61899999
7 103400000 103899999 16 68900000 69399999
7 108900000 109399999 9 47400000 47899999
7 110400000 110899999 12 19900000 20399999
7 111400000 111899999 12 119900000 120399999
7 117400000 117899999 10 50400000 50899999
7 120900000 121399999 10 52900000 53399999
7 128900000 129399999 10 76400000 76899999
7 135400000 135899999 19 45400000 45899999
7 136900000 137399999 16 16400000 16899999
7 137400000 137899999 12 58900000 59399999
8 2900000 3399999 11 2900000 3399999
8 3400000 3899999 11 2900000 3399999
8 3400000 3899999 15 99400000 99899999
8 3400000 3899999 17 39900000 40399999
8 3900000 4399999 9 42400000 42899999
8 3900000 4399999 11 2900000 3399999
8 4400000 4899999 11 2900000 3399999
8 4400000 4899999 13 3400000 3899999
8 4900000 5399999 11 2900000 3399999
8 5400000 5899999 11 2900000 3399999
8 5400000 5899999 14 18900000 19399999
8 5900000 6399999 11 2900000 3399999
8 6400000 6899999 11 2900000 3399999
8 6900000 7399999 11 2900000 3399999
8 7400000 7899999 11 2900000 3399999
8 7400000 7899999 11 23400000 23899999
8 7900000 8399999 11 2900000 3399999
8 8400000 8899999 11 2900000 3399999
8 8900000 9399999 11 2900000 3399999
8 9400000 9899999 11 2900000 3399999
8 9900000 10399999 11 2900000 3399999
8 10400000 10899999 11 2900000 3399999
8 10900000 11399999 11 2900000 3399999
8 11400000 11899999 11 2900000 3399999
8 11900000 12399999 11 2900000 3399999
8 12400000 12899999 11 2900000 3399999
8 12900000 13399999 11 2900000 3399999
8 13400000 13899999 11 2900000 3399999
8 13900000 14399999 11 2900000 3399999
8 14400000 14899999 11 2900000 3399999
8 14900000 15399999 11 2900000 3399999
8 15400000 15899999 11 2900000 3399999
8 15900000 16399999 11 2900000 3399999
8 16400000 16899999 11 2900000 3399999
8 16900000 17399999 11 2900000 3399999
8 17400000 17899999 11 2900000 3399999
8 17900000 18399999 11 2900000 3399999
8 18400000 18899999 11 2900000 3399999
8 22900000 23399999 11 2900000 3399999
8 23400000 23899999 11 2900000 3399999
8 23900000 24399999 11 2900000 3399999
8 24400000 24899999 11 2900000 3399999
8 24900000 25399999 11 2900000 3399999
8 25400000 25899999 11 2900000 3399999
8 26400000 26899999 11 2900000 3399999
8 26900000 27399999 11 2900000 3399999
8 27400000 27899999 11 2900000 3399999
8 27900000 28399999 11 2900000 3399999
8 28900000 29399999 10 37900000 38399999
8 29900000 30399999 11 2900000 3399999
8 34400000 34899999 11 2900000 3399999
8 34900000 35399999 11 2900000 3399999
8 34900000 35399999 X 148400000 148899999
8 35900000 36399999 11 2900000 3399999
8 36900000 37399999 11 2900000 3399999
8 38400000 38899999 11 2900000 3399999
8 39900000 40399999 11 2900000 3399999
8 40900000 41399999 16 63400000 63899999
8 41400000 41899999 11 2900000 3399999
8 41900000 42399999 11 2900000 3399999
8 48900000 49399999 13 3900000 4399999
8 51900000 52399999 14 16900000 17399999
8 52900000 53399999 18 10900000 11399999
8 65400000 65899999 17 19900000 20399999
8 65900000 66399999 15 42900000 43399999
8 66900000 67399999 X 7400000 7899999
8 68900000 69399999 10 14400000 14899999
8 77400000 77899999 14 51400000 51899999
8 87400000 87899999 9 54900000 55399999
8 88900000 89399999 X 141900000 142399999
8 92400000 92899999 18 30900000 31399999
8 95400000 95899999 11 68900000 69399999
8 95900000 96399999 11 68900000 69399999
8 100900000 101399999 18 68900000 69399999
8 103400000 103899999 12 52400000 52899999
8 103900000 104399999 12 52400000 52899999
8 108400000 108899999 10 56400000 56899999
8 108400000 108899999 10 56900000 57399999
8 108400000 108899999 10 57400000 57899999
8 108400000 108899999 10 57900000 58399999
8 125900000 126399999 12 4900000 5399999
8 129900000 130399999 13 76900000 77399999
8 129900000 130399999 17 94900000 95272650
8 130400000 130899999 17 94900000 95272650
8 130900000 131399999 17 94900000 95272650
8 131400000 131738870 17 94900000 95272650
8 131400000 131738870 19 60900000 61342429
9 2900000 3399999 11 2900000 3399999
9 3400000 3899999 11 2900000 3399999
9 3900000 4399999 11 2900000 3399999
9 4400000 4899999 11 2900000 3399999
9 4900000 5399999 11 2900000 3399999
9 5400000 5899999 11 2900000 3399999
9 5400000 5899999 12 87900000 88399999
9 5400000 5899999 12 88900000 89399999
9 5900000 6399999 11 2900000 3399999
9 6400000 6899999 11 2900000 3399999
9 6900000 7399999 11 2900000 3399999
9 7400000 7899999 11 2900000 3399999
9 7900000 8399999 11 2900000 3399999
9 8400000 8899999 11 2900000 3399999
9 8900000 9399999 11 2900000 3399999
9 9400000 9899999 11 2900000 3399999
9 9900000 10399999 11 2900000 3399999
9 10400000 10899999 11 2900000 3399999
9 11400000 11899999 11 2900000 3399999
9 11900000 12399999 11 2900000 3399999
9 12400000 12899999 11 2900000 3399999
9 12900000 13399999 11 2900000 3399999
9 13400000 13899999 11 2900000 3399999
9 13900000 14399999 11 2900000 3399999
9 14400000 14899999 11 2900000 3399999
9 14900000 15399999 11 2900000 3399999
9 15400000 15899999 11 2900000 3399999
9 15900000 16399999 11 2900000 3399999
9 16400000 16899999 11 2900000 3399999
9 16900000 17399999 11 2900000 3399999
9 17400000 17899999 11 2900000 3399999
9 17900000 18399999 11 2900000 3399999
9 18400000 18899999 11 2900000 3399999
9 18900000 19399999 11 2900000 3399999
9 18900000 19399999 X 81400000 81899999
9 19400000 19899999 11 2900000 3399999
9 19900000 20399999 11 2900000 3399999
9 20400000 20899999 11 2900000 3399999
9 20900000 21399999 11 2900000 3399999
9 21400000 21899999 11 2900000 3399999
9 21900000 22399999 11 2900000 3399999
9 22900000 23399999 11 2900000 3399999
9 24400000 24899999 11 2900000 3399999
9 29900000 30399999 11 2900000 3399999
9 30400000 30899999 11 2900000 3399999
9 30900000 31399999 11 2900000 3399999
9 31400000 31899999 11 2900000 3399999
9 31900000 32399999 11 2900000 3399999
9 32400000 32899999 11 2900000 3399999
9 34900000 35399999 11 2900000 3399999
9 36900000 37399999 11 2900000 3399999
9 39900000 40399999 11 2900000 3399999
9 39900000 40399999 15 50400000 50899999
9 40400000 40899999 11 2900000 3399999
9 50400000 50899999 15 82400000 82899999
9 53400000 53899999 16 28400000 28899999
9 64400000 64899999 X 132400000 132899999
9 67400000 67899999 17 84900000 85399999
9 72900000 73399999 X 96900000 97399999
9 78400000 78899999 11 21400000 21899999
9 82400000 82899999 13 38900000 39399999
9 87900000 88399999 16 62900000 63399999
9 106400000 106899999 16 45900000 46399999
9 117900000 118399999 16 49400000 49899999
9 117900000 118399999 16 49900000 50399999
9 120400000 120899999 13 82400000 82899999
9 123400000 123899999 X 166400000 166650295
10 2900000 3399999 11 2900000 3399999
10 2900000 3399999 12 50400000 50899999
10 3400000 3899999 11 2900000 3399999
10 4400000 4899999 11 2900000 3399999
10 4900000 5399999 11 2900000 3399999
10 5400000 5899999 11 2900000 3399999
10 5900000 6399999 11 2900000 3399999
10 6400000 6899999 11 2900000 3399999
10 6900000 7399999 11 2900000 3399999
10 7400000 7899999 11 2900000 3399999
10 7900000 8399999 11 2900000 3399999
10 8400000 8899999 11 2900000 3399999
10 8900000 9399999 11 2900000 3399999
10 9400000 9899999 11 2900000 3399999
10 10400000 10899999 11 2900000 3399999
10 11400000 11899999 11 2900000 3399999
10 11900000 12399999 11 2900000 3399999
10 12400000 12899999 11 2900000 3399999
10 12900000 13399999 11 2900000 3399999
10 12900000 13399999 12 95900000 96399999
10 13400000 13899999 11 2900000 3399999
10 13900000 14399999 11 2900000 3399999
10 15900000 16399999 11 16900000 17399999
10 16400000 16899999 11 2900000 3399999
10 16900000 17399999 11 2900000 3399999
10 17400000 17899999 11 2900000 3399999
10 17400000 17899999 19 36400000 36899999
10 17900000 18399999 11 2900000 3399999
10 18400000 18899999 11 2900000 3399999
10 20400000 20899999 11 2900000 3399999
10 21400000 21899999 11 2900000 3399999
10 21400000 21899999 13 2900000 3399999
10 23900000 24399999 11 2900000 3399999
10 24900000 25399999 11 2900000 3399999
10 26900000 27399999 12 31400000 31899999
10 29900000 30399999 18 78400000 78899999
10 38900000 39399999 11 2900000 3399999
10 41900000 42399999 11 2900000 3399999
10 43900000 44399999 11 2900000 3399999
10 65400000 65899999 13 5400000 5899999
10 65900000 66399999 13 5400000 5899999
10 93400000 93899999 16 37900000 38399999
10 102900000 103399999 11 112900000 113399999
10 106900000 107399999 17 73400000 73899999
10 116900000 117399999 17 33900000 34399999
10 129400000 129899999 19 60900000 61342429
11 2900000 3399999 12 3400000 3899999
11 2900000 3399999 12 3900000 4399999
11 2900000 3399999 12 4400000 4899999
11 2900000 3399999 12 4900000 5399999
11 2900000 3399999 12 11900000 12399999
11 2900000 3399999 13 2900000 3399999
11 2900000 3399999 13 3400000 3899999
11 2900000 3399999 13 3900000 4399999
11 2900000 3399999 13 4400000 4899999
11 2900000 3399999 13 4900000 5399999
11 2900000 3399999 13 5400000 5899999
11 2900000 3399999 13 5900000 6399999
11 2900000 3399999 13 6400000 6899999
11 2900000 3399999 13 6900000 7399999
11 2900000 3399999 13 7400000 7899999
11 2900000 3399999 13 7900000 8399999
11 2900000 3399999 13 8400000 8899999
11 2900000 3399999 13 8900000 9399999
11 2900000 3399999 13 9400000 9899999
11 2900000 3399999 13 9900000 10399999
11 2900000 3399999 13 10400000 10899999
11 2900000 3399999 13 10900000 11399999
11 2900000 3399999 13 11400000 11899999
11 2900000 3399999 13 11900000 12399999
11 2900000 3399999 13 12400000 12899999
11 2900000 3399999 13 13900000 14399999
11 2900000 3399999 13 14900000 15399999
11 2900000 3399999 13 16400000 16899999
11 2900000 3399999 13 16900000 17399999
11 2900000 3399999 13 17900000 18399999
11 2900000 3399999 13 18900000 19399999
11 2900000 3399999 13 19400000 19899999
11 2900000 3399999 13 20900000 21399999
11 2900000 3399999 13 21400000 21899999
11 2900000 3399999 13 23400000 23899999
11 2900000 3399999 13 24400000 24899999
11 2900000 3399999 13 24900000 25399999
11 2900000 3399999 13 27900000 28399999
11 2900000 3399999 13 29400000 29899999
11 2900000 3399999 13 32400000 32899999
11 2900000 3399999 13 33900000 34399999
11 2900000 3399999 13 35900000 36399999
11 2900000 3399999 13 48900000 49399999
11 2900000 3399999 13 57900000 58399999
11 2900000 3399999 14 9400000 9899999
11 2900000 3399999 14 10400000 10899999
11 2900000 3399999 14 11400000 11899999
11 2900000 3399999 14 11900000 12399999
11 2900000 3399999 14 12400000 12899999
11 2900000 3399999 14 12900000 13399999
11 2900000 3399999 14 13400000 13899999
11 2900000 3399999 14 13900000 14399999
11 2900000 3399999 14 14400000 14899999
11 2900000 3399999 14 14900000 15399999
11 2900000 3399999 14 15400000 15899999
11 2900000 3399999 14 15900000 16399999
11 2900000 3399999 14 16400000 16899999
11 2900000 3399999 14 16900000 17399999
11 2900000 3399999 14 17400000 17899999
11 2900000 3399999 14 17900000 18399999
11 2900000 3399999 14 18400000 18899999
11 2900000 3399999 14 18900000 19399999
11 2900000 3399999 14 19400000 19899999
11 2900000 3399999 14 19900000 20399999
11 2900000 3399999 14 20400000 20899999
11 2900000 3399999 14 20900000 21399999
11 2900000 3399999 14 21400000 21899999
11 2900000 3399999 14 22400000 22899999
11 2900000 3399999 14 23400000 23899999
11 2900000 3399999 14 23900000 24399999
11 2900000 3399999 14 28400000 28899999
11 2900000 3399999 14 33400000 33899999
11 2900000 3399999 15 2900000 3399999
11 2900000 3399999 15 3400000 3899999
11 2900000 3399999 15 3900000 4399999
11 2900000 3399999 15 4400000 4899999
11 2900000 3399999 15 4900000 5399999
11 2900000 3399999 15 5400000 5899999
11 2900000 3399999 15 5900000 6399999
11 2900000 3399999 15 6400000 6899999
11 2900000 3399999 15 6900000 7399999
11 2900000 3399999 15 7400000 7899999
11 2900000 3399999 15 7900000 8399999
11 2900000 3399999 15 8400000 8899999
11 2900000 3399999 15 8900000 9399999
11 2900000 3399999 15 9400000 9899999
11 2900000 3399999 15 10400000 10899999
11 2900000 3399999 15 10900000 11399999
11 2900000 3399999 15 11400000 11899999
11 2900000 3399999 15 11900000 12399999
11 2900000 3399999 15 12400000 12899999
11 2900000 3399999 15 12900000 13399999
11 2900000 3399999 15 13900000 14399999
11 2900000 3399999 15 14400000 14899999
11 2900000 3399999 15 14900000 15399999
11 2900000 3399999 15 15400000 15899999
11 2900000 3399999 15 15900000 16399999
11 2900000 3399999 15 16400000 16899999
11 2900000 3399999 15 16900000 17399999
11 2900000 3399999 15 17400000 17899999
11 2900000 3399999 15 17900000 18399999
11 2900000 3399999 15 18900000 19399999
11 2900000 3399999 15 19900000 20399999
11 2900000 3399999 15 21400000 21899999
11 2900000 3399999 15 21900000 22399999
11 2900000 3399999 15 22400000 22899999
11 2900000 3399999 15 23400000 23899999
11 2900000 3399999 15 25400000 25899999
11 2900000 3399999 15 26400000 26899999
11 2900000 3399999 15 27400000 27899999
11 2900000 3399999 15 27900000 28399999
11 2900000 3399999 15 30400000 30899999
11 2900000 3399999 15 30900000 31399999
11 2900000 3399999 15 35400000 35899999
11 2900000 3399999 15 35900000 36399999
11 2900000 3399999 15 38400000 38899999
11 2900000 3399999 15 99400000 99899999
11 2900000 3399999 16 2900000 3399999
11 2900000 3399999 16 3400000 3899999
11 2900000 3399999 16 3900000 4399999
11 2900000 3399999 16 4400000 4899999
11 2900000 3399999 16 4900000 5399999
11 2900000 3399999 16 5400000 5899999
11 2900000 3399999 16 5900000 6399999
11 2900000 3399999 16 6400000 6899999
11 2900000 3399999 16 6900000 7399999
11 2900000 3399999 16 7400000 7899999
11 2900000 3399999 16 7900000 8399999
11 2900000 3399999 16 8400000 8899999
11 2900000 3399999 16 8900000 9399999
11 2900000 3399999 16 9400000 9899999
11 2900000 3399999 16 9900000 10399999
11 2900000 3399999 16 10400000 10899999
11 2900000 3399999 16 10900000 11399999
11 2900000 3399999 16 11400000 11899999
11 2900000 3399999 16 11900000 12399999
11 2900000 3399999 16 12400000 12899999
11 2900000 3399999 16 13400000 13899999
11 2900000 3399999 16 14900000 15399999
11 2900000 3399999 16 15900000 16399999
11 2900000 3399999 16 23900000 24399999
11 2900000 3399999 16 25400000 25899999
11 2900000 3399999 16 26900000 27399999
11 2900000 3399999 17 2900000 3399999
11 2900000 3399999 17 3400000 3899999
11 2900000 3399999 17 3900000 4399999
11 2900000 3399999 17 4400000 4899999
11 2900000 3399999 17 4900000 5399999
11 2900000 3399999 17 5400000 5899999
11 2900000 3399999 17 5900000 6399999
11 2900000 3399999 17 8900000 9399999
11 2900000 3399999 17 9400000 9899999
11 2900000 3399999 17 10400000 10899999
11 2900000 3399999 17 10900000 11399999
11 2900000 3399999 17 11900000 12399999
11 2900000 3399999 17 12400000 12899999
11 2900000 3399999 17 13400000 13899999
11 2900000 3399999 17 13900000 14399999
11 2900000 3399999 17 14400000 14899999
11 2900000 3399999 17 14900000 15399999
11 2900000 3399999 17 15400000 15899999
11 2900000 3399999 17 15900000 16399999
11 2900000 3399999 17 16400000 16899999
11 2900000 3399999 17 16900000 17399999
11 2900000 3399999 17 17400000 17899999
11 2900000 3399999 17 17900000 18399999
11 2900000 3399999 17 18400000 18899999
11 2900000 3399999 17 19400000 19899999
11 2900000 3399999 17 19900000 20399999
11 2900000 3399999 17 21400000 21899999
11 2900000 3399999 17 23900000 24399999
11 2900000 3399999 17 24400000 24899999
11 2900000 3399999 17 27400000 27899999
11 2900000 3399999 17 31900000 32399999
11 2900000 3399999 17 39900000 40399999
11 2900000 3399999 18 2900000 3399999
11 2900000 3399999 18 7900000 8399999
11 2900000 3399999 18 11900000 12399999
11 2900000 3399999 18 13400000 13899999
11 2900000 3399999 18 14400000 14899999
11 2900000 3399999 18 16900000 17399999
11 2900000 3399999 19 4400000 4899999
11 2900000 3399999 19 11900000 12399999
11 2900000 3399999 19 15900000 16399999
11 2900000 3399999 19 31900000 32399999
11 2900000 3399999 X 6400000 6899999
11 2900000 3399999 X 6900000 7399999
11 2900000 3399999 X 7400000 7899999
11 2900000 3399999 X 9900000 10399999
11 2900000 3399999 X 10400000 10899999
11 2900000 3399999 X 10900000 11399999
11 2900000 3399999 X 11400000 11899999
11 2900000 3399999 X 12400000 12899999
11 2900000 3399999 X 20400000 20899999
11 2900000 3399999 X 22900000 23399999
11 2900000 3399999 X 34400000 34899999
11 4400000 4899999 16 31900000 32399999
11 16400000 16899999 13 25400000 25899999
11 29400000 29899999 16 32900000 33399999
11 32400000 32899999 15 27400000 27899999
11 32400000 32899999 19 24400000 24899999
11 32400000 32899999 19 24900000 25399999
11 37900000 38399999 16 66400000 66899999
11 38900000 39399999 12 68900000 69399999
11 41900000 42399999 13 71400000 71899999
11 42900000 43399999 14 64900000 65399999
11 45900000 46399999 18 22900000 23399999
11 62400000 62899999 13 69900000 70399999
11 62400000 62899999 15 81400000 81899999
11 77400000 77899999 15 24900000 25399999
11 77400000 77899999 15 25400000 25899999
11 77400000 77899999 15 25900000 26399999
11 77400000 77899999 15 59400000 59899999
11 82900000 83399999 13 27400000 27899999
11 83400000 83899999 13 54900000 55399999
11 83400000 83899999 15 35400000 35899999
11 93400000 93899999 14 99400000 99899999
11 93400000 93899999 X 65900000 66399999
11 103900000 104399999 12 70900000 71399999
11 108400000 108899999 17 39900000 40399999
11 114400000 114899999 19 34900000 35399999
11 121400000 121843855 19 59900000 60399999
11 121400000 121843855 19 60400000 60899999
11 121400000 121843855 19 60900000 61342429
12 2900000 3399999 17 2900000 3399999
12 7900000 8399999 17 50400000 50899999
12 11400000 11899999 13 42400000 42899999
12 28400000 28899999 13 75900000 76399999
12 39900000 40399999 X 83900000 84399999
12 47400000 47899999 X 107400000 107899999
12 47900000 48399999 18 46900000 47399999
12 109900000 110399999 13 105400000 105899999
12 110400000 110899999 13 105400000 105899999
12 112400000 112899999 X 146400000 146899999
12 117400000 117899999 15 15900000 16399999
13 16900000 17399999 14 36900000 37399999
13 27900000 28399999 17 27900000 28399999
13 35400000 35899999 14 72400000 72899999
13 39900000 40399999 18 8400000 8899999
13 57900000 58399999 15 99400000 99899999
13 62900000 63399999 15 98400000 98899999
13 66900000 67399999 X 16400000 16899999
13 75900000 76399999 18 9900000 10399999
13 94400000 94899999 17 24400000 24899999
13 96900000 97399999 19 21400000 21899999
13 98900000 99399999 16 58400000 58899999
14 54400000 54899999 16 84400000 84899999
14 66400000 66899999 16 30900000 31399999
14 73400000 73899999 15 101900000 102399999
14 84900000 85399999 15 63900000 64399999
14 113400000 113899999 19 53900000 54399999
15 3900000 4399999 18 88900000 89399999
15 34400000 34899999 X 89900000 90399999
15 36400000 36899999 17 25400000 25899999
15 81400000 81899999 17 80900000 81399999
15 99400000 99899999 18 2900000 3399999
16 2900000 3399999 18 2900000 3399999
16 2900000 3399999 18 3400000 3899999
16 2900000 3399999 19 2900000 3399999
16 2900000 3399999 19 3400000 3899999
16 14900000 15399999 18 27400000 27899999
16 16900000 17399999 17 44400000 44899999
16 16900000 17399999 17 44900000 45399999
16 22400000 22899999 17 46400000 46899999
16 42400000 42899999 17 80400000 80899999
16 50400000 50899999 19 42900000 43399999
16 56900000 57399999 X 21400000 21899999
16 86900000 87399999 X 102400000 102899999
17 11400000 11899999 19 58900000 59399999
17 33900000 34399999 19 33900000 34399999
17 39900000 40399999 18 73400000 73899999
17 94900000 95272650 19 60900000 61342429
19 37900000 38399999 X 126400000 126899999
19 45900000 46399999 X 8900000 9399999
