1 3100000 3599999 11 2600000 3099999
1 3600000 4099999 11 2600000 3099999
1 4100000 4599999 11 2600000 3099999
1 4600000 5099999 11 2600000 3099999
1 4600000 5099999 X 20100000 20599999
1 4600000 5099999 X 20600000 21099999
1 5100000 5599999 11 2600000 3099999
1 5600000 6099999 11 2600000 3099999
1 6100000 6599999 11 2600000 3099999
1 6600000 7099999 11 2600000 3099999
1 7100000 7599999 11 2600000 3099999
1 8100000 8599999 11 2600000 3099999
1 8600000 9099999 11 2600000 3099999
1 9100000 9599999 11 2600000 3099999
1 9600000 10099999 11 2600000 3099999
1 10100000 10599999 11 2600000 3099999
1 10600000 11099999 11 2600000 3099999
1 11100000 11599999 11 2600000 3099999
1 12100000 12599999 11 2600000 3099999
1 12600000 13099999 11 2600000 3099999
1 13600000 14099999 11 2600000 3099999
1 14100000 14599999 11 2600000 3099999
1 15600000 16099999 11 2600000 3099999
1 16100000 16599999 6 7600000 8099999
1 16100000 16599999 11 2600000 3099999
1 16600000 17099999 11 2600000 3099999
1 17100000 17599999 11 2600000 3099999
1 17600000 18099999 11 2600000 3099999
1 18600000 19099999 11 2600000 3099999
1 20600000 21099999 11 2600000 3099999
1 21600000 22099999 8 36100000 36599999
1 24100000 24599999 11 2600000 3099999
1 28100000 28599999 11 2600000 3099999
1 43600000 44099999 11 2600000 3099999
1 55600000 56099999 19 41600000 42099999
1 55600000 56099999 19 42100000 42599999
1 58100000 58599999 3 85600000 86099999
1 65100000 65599999 8 121600000 122099999
1 66100000 66599999 9 68100000 68599999
1 80100000 80599999 18 4100000 4599999
1 83600000 84099999 2 95100000 95599999
1 89100000 89599999 3 56100000 56599999
1 90100000 90599999 2 3100000 3599999
1 90100000 90599999 4 3100000 3599999
1 90100000 90599999 4 4100000 4599999
1 90100000 90599999 11 2600000 3099999
1 92600000 93099999 4 24100000 24599999
1 111100000 111599999 6 115600000 116099999
1 116600000 117099999 16 13600000 14099999
1 135100000 135599999 10 126100000 126599999
1 136100000 136599999 8 47100000 47599999
1 136600000 137099999 8 47100000 47599999
1 138100000 138599999 6 124600000 125099999
1 138600000 139099999 12 119600000 120099999
1 152100000 152599999 14 52600000 53099999
1 154100000 154599999 9 21600000 22099999
1 159100000 159599999 6 137600000 138099999
1 159100000 159599999 11 70100000 70599999
1 164100000 164599999 11 30600000 31099999
1 173600000 174099999 10 126100000 126599999
1 173600000 174099999 16 37600000 38099999
1 179600000 180099999 8 36600000 37099999
1 182600000 183099999 3 152600000 153099999
2 3100000 3599999 11 2600000 3099999
2 3100000 3599999 17 75100000 75599999
2 3600000 4099999 11 2600000 3099999
2 4100000 4599999 11 2600000 3099999
2 4600000 5099999 11 2600000 3099999
2 5100000 5599999 11 2600000 3099999
2 5600000 6099999 8 96100000 96599999
2 5600000 6099999 11 2600000 3099999
2 6100000 6599999 11 2600000 3099999
2 6600000 7099999 11 2600000 3099999
2 7100000 7599999 11 2600000 3099999
2 9100000 9599999 11 2600000 3099999
2 9600000 10099999 11 2600000 3099999
2 10100000 10599999 11 2600000 3099999
2 10600000 11099999 11 2600000 3099999
2 11100000 11599999 11 2600000 3099999
2 11100000 11599999 13 38600000 39099999
2 11600000 12099999 11 2600000 3099999
2 12100000 12599999 11 2600000 3099999
2 12600000 13099999 11 2600000 3099999
2 13100000 13599999 11 2600000 3099999
2 13600000 14099999 9 20100000 20599999
2 13600000 14099999 11 2600000 3099999
2 14100000 14599999 11 2600000 3099999
2 14600000 15099999 11 2600000 3099999
2 15600000 16099999 11 2600000 3099999
2 17600000 18099999 10 119600000 120099999
2 17600000 18099999 11 2600000 3099999
2 18100000 18599999 11 2600000 3099999
2 18600000 19099999 11 2600000 3099999
2 19100000 19599999 11 2600000 3099999
2 20100000 20599999 11 2600000 3099999
2 20600000 21099999 11 2600000 3099999
2 22600000 23099999 11 2600000 3099999
2 24600000 25099999 11 2600000 3099999
2 44100000 44599999 6 94600000 95099999
2 46100000 46599999 14 106600000 107099999
2 56100000 56599999 9 75100000 75599999
2 56600000 57099999 9 75100000 75599999
2 69100000 69599999 5 137100000 137599999
2 69100000 69599999 5 137600000 138099999
2 73600000 74099999 4 105600000 106099999
2 99100000 99599999 X 93100000 93599999
2 99600000 100099999 10 73100000 73599999
2 103600000 104099999 10 14600000 15099999
2 112600000 113099999 7 72100000 72599999
2 113600000 114099999 3 80600000 81099999
2 118100000 118599999 19 5600000 6099999
2 121100000 121599999 13 101600000 102099999
2 121600000 122099999 8 11100000 11599999
2 121600000 122099999 11 115600000 116099999
2 127600000 128099999 4 95100000 95599999
2 130600000 131099999 14 97600000 98099999
2 131100000 131599999 14 97600000 98099999
2 135600000 136099999 5 43600000 44099999
2 139600000 140099999 14 103600000 104099999
2 143600000 144099999 3 99100000 99599999
2 146100000 146599999 17 87600000 88099999
2 153600000 154099999 14 51600000 52099999
2 154100000 154599999 14 51600000 52099999
2 154600000 155099999 8 128600000 129099999
2 157100000 157599999 10 87600000 88099999
2 162600000 163099999 4 61600000 62099999
2 167100000 167599999 6 61100000 61599999
2 180600000 181099999 11 121100000 121599999
2 181100000 181599999 4 155100000 155599999
2 181100000 181599999 11 121100000 121599999
2 181600000 181748086 3 8100000 8599999
2 181600000 181748086 17 39600000 40099999
3 3100000 3599999 11 2600000 3099999
3 3600000 4099999 11 2600000 3099999
3 4100000 4599999 11 2600000 3099999
3 4600000 5099999 11 2600000 3099999
3 5600000 6099999 11 2600000 3099999
3 5600000 6099999 14 73100000 73599999
3 6100000 6599999 11 2600000 3099999
3 7100000 7599999 11 2600000 3099999
3 7600000 8099999 11 2600000 3099999
3 8100000 8599999 11 2600000 3099999
3 8600000 9099999 11 2600000 3099999
3 9100000 9599999 11 2600000 3099999
3 9600000 10099999 11 2600000 3099999
3 10100000 10599999 11 2600000 3099999
3 11100000 11599999 11 2600000 3099999
3 16600000 17099999 11 2600000 3099999
3 19100000 19599999 4 154600000 155099999
3 21600000 22099999 11 2600000 3099999
3 23600000 24099999 X 69100000 69599999
3 26600000 27099999 11 2600000 3099999
3 27600000 28099999 11 2600000 3099999
3 27600000 28099999 14 58100000 58599999
3 30100000 30599999 11 2600000 3099999
3 31600000 32099999 5 14100000 14599999
3 32100000 32599999 5 14100000 14599999
3 32100000 32599999 11 2600000 3099999
3 35600000 36099999 14 12100000 12599999
3 36600000 37099999 5 6600000 7099999
3 36600000 37099999 13 103600000 104099999
3 37600000 38099999 11 2600000 3099999
3 38600000 39099999 8 34100000 34599999
3 58100000 58599999 14 69100000 69599999
3 58600000 59099999 10 26600000 27099999
3 74600000 75099999 5 31600000 32099999
3 74600000 75099999 5 32100000 32599999
3 75600000 76099999 14 19600000 20099999
3 79100000 79599999 13 74100000 74599999
3 84100000 84599999 7 14600000 15099999
3 86100000 86599999 15 35100000 35599999
3 86100000 86599999 15 55100000 55599999
3 87100000 87599999 6 8600000 9099999
3 88100000 88599999 4 132600000 133099999
3 88100000 88599999 8 85600000 86099999
3 90600000 91099999 8 14100000 14599999
3 98600000 99099999 15 33600000 34099999
3 115600000 116099999 14 79600000 80099999
3 136600000 137099999 14 36600000 37099999
3 138100000 138599999 4 30600000 31099999
3 145100000 145599999 9 55600000 56099999
3 145100000 145599999 12 58100000 58599999
3 159100000 159599782 5 152100000 152537258
4 3100000 3599999 6 3100000 3599999
4 3100000 3599999 7 3100000 3599999
4 3100000 3599999 8 3100000 3599999
4 3100000 3599999 8 3600000 4099999
4 3100000 3599999 11 2600000 3099999
4 3600000 4099999 11 2600000 3099999
4 4100000 4599999 11 2600000 3099999
4 4600000 5099999 11 2600000 3099999
4 5100000 5599999 11 2600000 3099999
4 5600000 6099999 11 2600000 3099999
4 6100000 6599999 11 2600000 3099999
4 6600000 7099999 11 2600000 3099999
4 7100000 7599999 11 2600000 3099999
4 7600000 8099999 11 2600000 3099999
4 8100000 8599999 11 2600000 3099999
4 8600000 9099999 11 2600000 3099999
4 9100000 9599999 11 2600000 3099999
4 9600000 10099999 11 2600000 3099999
4 10100000 10599999 11 2600000 3099999
4 10600000 11099999 11 2600000 3099999
4 11100000 11599999 11 2600000 3099999
4 11100000 11599999 19 9100000 9599999
4 11600000 12099999 11 2600000 3099999
4 13100000 13599999 11 2600000 3099999
4 14600000 15099999 11 2600000 3099999
4 19100000 19599999 11 2600000 3099999
4 19600000 20099999 11 2600000 3099999
4 20600000 21099999 11 2600000 3099999
4 21600000 22099999 11 2600000 3099999
4 30600000 31099999 18 9600000 10099999
4 32100000 32599999 14 113600000 114099999
4 33100000 33599999 5 130600000 131099999
4 41100000 41599999 17 71600000 72099999
4 43100000 43599999 10 106100000 106599999
4 71100000 71599999 19 9100000 9599999
4 98600000 99099999 X 81600000 82099999
4 105600000 106099999 12 74100000 74599999
4 114600000 115099999 9 65100000 65599999
4 119100000 119599999 11 59600000 60099999
4 131100000 131599999 14 58100000 58599999
4 132100000 132599999 16 17600000 18099999
4 137100000 137599999 5 42100000 42599999
4 144100000 144599999 16 21600000 22099999
4 154600000 155099999 14 102100000 102599999
4 155100000 155599999 18 35600000 36099999
5 3100000 3599999 11 2600000 3099999
5 3600000 4099999 8 75600000 76099999
5 3600000 4099999 11 2600000 3099999
5 4600000 5099999 11 2600000 3099999
5 5600000 6099999 11 2600000 3099999
5 8600000 9099999 11 2600000 3099999
5 12600000 13099999 11 2600000 3099999
5 13100000 13599999 11 2600000 3099999
5 15600000 16099999 11 2600000 3099999
5 16100000 16599999 11 2600000 3099999
5 16600000 17099999 11 2600000 3099999
5 17100000 17599999 11 2600000 3099999
5 20100000 20599999 11 2600000 3099999
5 21100000 21599999 11 2600000 3099999
5 21100000 21599999 14 119600000 120099999
5 22600000 23099999 12 21100000 21599999
5 24600000 25099999 11 2600000 3099999
5 32600000 33099999 11 2600000 3099999
5 32600000 33099999 13 90100000 90599999
5 33100000 33599999 11 2600000 3099999
5 37100000 37599999 7 4600000 5099999
5 74600000 75099999 10 116100000 116599999
5 75100000 75599999 10 116100000 116599999
5 75100000 75599999 11 57600000 58099999
5 79600000 80099999 16 3100000 3599999
5 88100000 88599999 12 103100000 103599999
5 90600000 91099999 9 82100000 82599999
5 92600000 93099999 16 4600000 5099999
5 114600000 115099999 11 72600000 73099999
5 121600000 122099999 11 98600000 99099999
5 127600000 128099999 15 64100000 64599999
5 130100000 130599999 14 34600000 35099999
5 130100000 130599999 14 35100000 35599999
5 130600000 131099999 17 24100000 24599999
5 136100000 136599999 6 3600000 4099999
5 145600000 146099999 X 68100000 68599999
5 146600000 147099999 9 41100000 41599999
5 146600000 147099999 10 11100000 11599999
5 146600000 147099999 11 108600000 109099999
5 146600000 147099999 17 39600000 40099999
5 149600000 150099999 8 72600000 73099999
6 3100000 3599999 11 2600000 3099999
6 3100000 3599999 11 108600000 109099999
6 3100000 3599999 16 3100000 3599999
6 3100000 3599999 17 39600000 40099999
6 3100000 3599999 18 2600000 3099999
6 3600000 4099999 9 70600000 71099999
6 3600000 4099999 11 2600000 3099999
6 4100000 4599999 11 2600000 3099999
6 4600000 5099999 11 2600000 3099999
6 5100000 5599999 11 2600000 3099999
6 5600000 6099999 11 2600000 3099999
6 5600000 6099999 13 56600000 57099999
6 6100000 6599999 11 2600000 3099999
6 6600000 7099999 11 2600000 3099999
6 7100000 7599999 11 2600000 3099999
6 7100000 7599999 17 58600000 59099999
6 7600000 8099999 11 2600000 3099999
6 8100000 8599999 11 2600000 3099999
6 8100000 8599999 15 51100000 51599999
6 8600000 9099999 11 2600000 3099999
6 11100000 11599999 11 2600000 3099999
6 11600000 12099999 11 2600000 3099999
6 13600000 14099999 11 2600000 3099999
6 14100000 14599999 11 2600000 3099999
6 16100000 16599999 11 2600000 3099999
6 16600000 17099999 11 2600000 3099999
6 17100000 17599999 8 34600000 35099999
6 17600000 18099999 11 2600000 3099999
6 18100000 18599999 11 2600000 3099999
6 19100000 19599999 11 2600000 3099999
6 21100000 21599999 11 2600000 3099999
6 21600000 22099999 11 2600000 3099999
6 23600000 24099999 11 2600000 3099999
6 25600000 26099999 11 2600000 3099999
6 26100000 26599999 8 30600000 31099999
6 29100000 29599999 11 2600000 3099999
6 37100000 37599999 12 27100000 27599999
6 37100000 37599999 12 27600000 28099999
6 38600000 39099999 11 2600000 3099999
6 50100000 50599999 17 53600000 54099999
6 53600000 54099999 19 58100000 58599999
6 56600000 57099999 13 48600000 49099999
6 56600000 57099999 16 31600000 32099999
6 66100000 66599999 11 46100000 46599999
6 67100000 67599999 18 90600000 90772030
6 70100000 70599999 19 27100000 27599999
6 70100000 70599999 19 27600000 28099999
6 73100000 73599999 12 114100000 114599999
6 76100000 76599999 16 48100000 48599999
6 76600000 77099999 9 37100000 37599999
6 91100000 91599999 7 104600000 105099999
6 91600000 92099999 19 29100000 29599999
6 106100000 106599999 X 39600000 40099999
6 108600000 109099999 16 53600000 54099999
6 114600000 115099999 13 70600000 71099999
6 115100000 115599999 X 89600000 90099999
6 124600000 125099999 9 88100000 88599999
6 132600000 133099999 8 37600000 38099999
6 140600000 141099999 14 37600000 38099999
6 147100000 147599999 10 20600000 21099999
6 147100000 147599999 10 87100000 87599999
7 3100000 3599999 11 2600000 3099999
7 3100000 3599999 15 99100000 99599999
7 4100000 4599999 11 2600000 3099999
7 4600000 5099999 11 2600000 3099999
7 5100000 5599999 11 2600000 3099999
7 6100000 6599999 11 2600000 3099999
7 6600000 7099999 11 2600000 3099999
7 7100000 7599999 9 123600000 124076171
7 7100000 7599999 X 166100000 166599999
7 12600000 13099999 11 2600000 3099999
7 13100000 13599999 11 2600000 3099999
7 13600000 14099999 11 2600000 3099999
7 17100000 17599999 11 2600000 3099999
7 17100000 17599999 14 35100000 35599999
7 24600000 25099999 8 44100000 44599999
7 24600000 25099999 8 44600000 45099999
7 26100000 26599999 11 2600000 3099999
7 87100000 87599999 X 165600000 166099999
7 88600000 89099999 10 27600000 28099999
7 93100000 93599999 15 8600000 9099999
7 93600000 94099999 14 73600000 74099999
7 96100000 96599999 8 9600000 10099999
7 96100000 96599999 17 94100000 94599999
7 99100000 99599999 11 92600000 93099999
7 103600000 104099999 16 69100000 69599999
7 109100000 109599999 9 47100000 47599999
7 111600000 112099999 12 120100000 120599999
7 121100000 121599999 10 53100000 53599999
7 129100000 129599999 10 76600000 77099999
7 135600000 136099999 19 45100000 45599999
8 3100000 3599999 11 2600000 3099999
8 3100000 3599999 15 99100000 99599999
8 3600000 4099999 11 2600000 3099999
8 3600000 4099999 17 39600000 40099999
8 4100000 4599999 9 42100000 42599999
8 4100000 4599999 9 42600000 43099999
8 4100000 4599999 11 2600000 3099999
8 4100000 4599999 14 28100000 28599999
8 4600000 5099999 11 2600000 3099999
8 5100000 5599999 11 2600000 3099999
8 5600000 6099999 11 2600000 3099999
8 5600000 6099999 14 19100000 19599999
8 6100000 6599999 11 2600000 3099999
8 6600000 7099999 11 2600000 3099999
8 7600000 8099999 11 2600000 3099999
8 8100000 8599999 11 2600000 3099999
8 8600000 9099999 11 2600000 3099999
8 9100000 9599999 11 2600000 3099999
8 9600000 10099999 11 2600000 3099999
8 10100000 10599999 11 2600000 3099999
8 10600000 11099999 11 2600000 3099999
8 11100000 11599999 11 2600000 3099999
8 11600000 12099999 11 2600000 3099999
8 12100000 12599999 11 2600000 3099999
8 13600000 14099999 11 2600000 3099999
8 14100000 14599999 11 2600000 3099999
8 14600000 15099999 11 2600000 3099999
8 15100000 15599999 11 2600000 3099999
8 15600000 16099999 11 2600000 3099999
8 17600000 18099999 11 2600000 3099999
8 18100000 18599999 11 2600000 3099999
8 18600000 19099999 11 2600000 3099999
8 23100000 23599999 11 2600000 3099999
8 23600000 24099999 11 2600000 3099999
8 24600000 25099999 11 2600000 3099999
8 25100000 25599999 11 2600000 3099999
8 27100000 27599999 11 2600000 3099999
8 28100000 28599999 11 2600000 3099999
8 34600000 35099999 X 148600000 149099999
8 35100000 35599999 11 2600000 3099999
8 36100000 36599999 11 2600000 3099999
8 37100000 37599999 11 2600000 3099999
8 40600000 41099999 16 63600000 64099999
8 48600000 49099999 13 4100000 4599999
8 65600000 66099999 17 20100000 20599999
8 69100000 69599999 10 14100000 14599999
8 77100000 77599999 14 51600000 52099999
8 87600000 88099999 9 54600000 55099999
8 95600000 96099999 11 69100000 69599999
8 103600000 104099999 12 52100000 52599999
8 108600000 109099999 10 57100000 57599999
8 108600000 109099999 10 57600000 58099999
8 108600000 109099999 10 58100000 58599999
8 109100000 109599999 X 55100000 55599999
8 125600000 126099999 12 4600000 5099999
8 131100000 131599999 17 95100000 95272650
8 131600000 131738870 17 95100000 95272650
9 3100000 3599999 11 2600000 3099999
9 3600000 4099999 11 2600000 3099999
9 3600000 4099999 17 40600000 41099999
9 4100000 4599999 11 2600000 3099999
9 4600000 5099999 11 2600000 3099999
9 5100000 5599999 11 2600000 3099999
9 5600000 6099999 12 88100000 88599999
9 6100000 6599999 11 2600000 3099999
9 7100000 7599999 11 2600000 3099999
9 7600000 8099999 11 2600000 3099999
9 8100000 8599999 11 2600000 3099999
9 8600000 9099999 11 2600000 3099999
9 9100000 9599999 11 2600000 3099999
9 9600000 10099999 11 2600000 3099999
9 10100000 10599999 11 2600000 3099999
9 10600000 11099999 11 2600000 3099999
9 11100000 11599999 11 2600000 3099999
9 11600000 12099999 11 2600000 3099999
9 12100000 12599999 11 2600000 3099999
9 12600000 13099999 11 2600000 3099999
9 13100000 13599999 11 2600000 3099999
9 13600000 14099999 11 2600000 3099999
9 14100000 14599999 11 2600000 3099999
9 15100000 15599999 11 2600000 3099999
9 17100000 17599999 11 2600000 3099999
9 17600000 18099999 11 2600000 3099999
9 18100000 18599999 11 2600000 3099999
9 18600000 19099999 15 96100000 96599999
9 19100000 19599999 11 2600000 3099999
9 19100000 19599999 X 81100000 81599999
9 20100000 20599999 11 2600000 3099999
9 20600000 21099999 18 34600000 35099999
9 26600000 27099999 11 2600000 3099999
9 29100000 29599999 11 2600000 3099999
9 30100000 30599999 11 2600000 3099999
9 32600000 33099999 11 2600000 3099999
9 39600000 40099999 11 2600000 3099999
9 39600000 40099999 15 50600000 51099999
9 64600000 65099999 X 132600000 133099999
9 67100000 67599999 17 84600000 85099999
9 73100000 73599999 X 97100000 97599999
9 78600000 79099999 11 21100000 21599999
9 81100000 81599999 17 64100000 64599999
9 82600000 83099999 13 39100000 39599999
9 87600000 88099999 16 63100000 63599999
9 106600000 107099999 16 45600000 46099999
9 114100000 114599999 10 129100000 129599999
9 118100000 118599999 16 49600000 50099999
9 123600000 124076171 X 166100000 166599999
10 3100000 3599999 11 2600000 3099999
10 3100000 3599999 12 50100000 50599999
10 4100000 4599999 11 2600000 3099999
10 5100000 5599999 11 2600000 3099999
10 5600000 6099999 11 2600000 3099999
10 6100000 6599999 11 2600000 3099999
10 6600000 7099999 11 2600000 3099999
10 7100000 7599999 11 2600000 3099999
10 7600000 8099999 11 2600000 3099999
10 10600000 11099999 11 2600000 3099999
10 12100000 12599999 11 2600000 3099999
10 12600000 13099999 11 2600000 3099999
10 13100000 13599999 11 2600000 3099999
10 14100000 14599999 11 2600000 3099999
10 15600000 16099999 11 2600000 3099999
10 15600000 16099999 11 17100000 17599999
10 16600000 17099999 11 2600000 3099999
10 17100000 17599999 19 36600000 37099999
10 17600000 18099999 11 2600000 3099999
10 18100000 18599999 11 2600000 3099999
10 21600000 22099999 13 3100000 3599999
10 30100000 30599999 18 78600000 79099999
10 52100000 52599999 13 21100000 21599999
10 65600000 66099999 13 5600000 6099999
10 66100000 66599999 13 5600000 6099999
10 77600000 78099999 17 32100000 32599999
10 107100000 107599999 17 73100000 73599999
10 113100000 113599999 X 67100000 67599999
10 129600000 129993254 19 61100000 61342429
11 2600000 3099999 12 3100000 3599999
11 2600000 3099999 12 8100000 8599999
11 2600000 3099999 12 9100000 9599999
11 2600000 3099999 12 12600000 13099999
11 2600000 3099999 12 13100000 13599999
11 2600000 3099999 13 3100000 3599999
11 2600000 3099999 13 3600000 4099999
11 2600000 3099999 13 4100000 4599999
11 2600000 3099999 13 4600000 5099999
11 2600000 3099999 13 5600000 6099999
11 2600000 3099999 13 6100000 6599999
11 2600000 3099999 13 6600000 7099999
11 2600000 3099999 13 7100000 7599999
11 2600000 3099999 13 7600000 8099999
11 2600000 3099999 13 8600000 9099999
11 2600000 3099999 13 9100000 9599999
11 2600000 3099999 13 9600000 10099999
11 2600000 3099999 13 11600000 12099999
11 2600000 3099999 13 12100000 12599999
11 2600000 3099999 13 13600000 14099999
11 2600000 3099999 13 14100000 14599999
11 2600000 3099999 13 15100000 15599999
11 2600000 3099999 13 15600000 16099999
11 2600000 3099999 13 19100000 19599999
11 2600000 3099999 13 23100000 23599999
11 2600000 3099999 13 31100000 31599999
11 2600000 3099999 13 32100000 32599999
11 2600000 3099999 13 58100000 58599999
11 2600000 3099999 14 8600000 9099999
11 2600000 3099999 14 11600000 12099999
11 2600000 3099999 14 12100000 12599999
11 2600000 3099999 14 12600000 13099999
11 2600000 3099999 14 14100000 14599999
11 2600000 3099999 14 14600000 15099999
11 2600000 3099999 14 15600000 16099999
11 2600000 3099999 14 16100000 16599999
11 2600000 3099999 14 16600000 17099999
11 2600000 3099999 14 17100000 17599999
11 2600000 3099999 14 18100000 18599999
11 2600000 3099999 14 18600000 19099999
11 2600000 3099999 14 19100000 19599999
11 2600000 3099999 14 19600000 20099999
11 2600000 3099999 14 20100000 20599999
11 2600000 3099999 14 22100000 22599999
11 2600000 3099999 14 22600000 23099999
11 2600000 3099999 14 30100000 30599999
11 2600000 3099999 15 3100000 3599999
11 2600000 3099999 15 3600000 4099999
11 2600000 3099999 15 4100000 4599999
11 2600000 3099999 15 4600000 5099999
11 2600000 3099999 15 6100000 6599999
11 2600000 3099999 15 6600000 7099999
11 2600000 3099999 15 7100000 7599999
11 2600000 3099999 15 8100000 8599999
11 2600000 3099999 15 8600000 9099999
11 2600000 3099999 15 10100000 10599999
11 2600000 3099999 15 11100000 11599999
11 2600000 3099999 15 11600000 12099999
11 2600000 3099999 15 12100000 12599999
11 2600000 3099999 15 12600000 13099999
11 2600000 3099999 15 13100000 13599999
11 2600000 3099999 15 14100000 14599999
11 2600000 3099999 15 14600000 15099999
11 2600000 3099999 15 15100000 15599999
11 2600000 3099999 15 15600000 16099999
11 2600000 3099999 15 16100000 16599999
11 2600000 3099999 15 16600000 17099999
11 2600000 3099999 15 19100000 19599999
11 2600000 3099999 15 19600000 20099999
11 2600000 3099999 15 20600000 21099999
11 2600000 3099999 15 22600000 23099999
11 2600000 3099999 15 23100000 23599999
11 2600000 3099999 15 25100000 25599999
11 2600000 3099999 15 27100000 27599999
11 2600000 3099999 15 27600000 28099999
11 2600000 3099999 15 99100000 99599999
11 2600000 3099999 16 3100000 3599999
11 2600000 3099999 16 3600000 4099999
11 2600000 3099999 16 4100000 4599999
11 2600000 3099999 16 4600000 5099999
11 2600000 3099999 16 5100000 5599999
11 2600000 3099999 16 7100000 7599999
11 2600000 3099999 16 8600000 9099999
11 2600000 3099999 16 9100000 9599999
11 2600000 3099999 16 11100000 11599999
11 2600000 3099999 16 11600000 12099999
11 2600000 3099999 16 14600000 15099999
11 2600000 3099999 16 18600000 19099999
11 2600000 3099999 16 20100000 20599999
11 2600000 3099999 17 2600000 3099999
11 2600000 3099999 17 3100000 3599999
11 2600000 3099999 17 3600000 4099999
11 2600000 3099999 17 4100000 4599999
11 2600000 3099999 17 4600000 5099999
11 2600000 3099999 17 5100000 5599999
11 2600000 3099999 17 5600000 6099999
11 2600000 3099999 17 8600000 9099999
11 2600000 3099999 17 9600000 10099999
11 2600000 3099999 17 10100000 10599999
11 2600000 3099999 17 10600000 11099999
11 2600000 3099999 17 11600000 12099999
11 2600000 3099999 17 12100000 12599999
11 2600000 3099999 17 12600000 13099999
11 2600000 3099999 17 14100000 14599999
11 2600000 3099999 17 14600000 15099999
11 2600000 3099999 17 15600000 16099999
11 2600000 3099999 17 16600000 17099999
11 2600000 3099999 17 17600000 18099999
11 2600000 3099999 17 19100000 19599999
11 2600000 3099999 17 21600000 22099999
11 2600000 3099999 17 22100000 22599999
11 2600000 3099999 18 2600000 3099999
11 2600000 3099999 19 11600000 12099999
11 2600000 3099999 19 18600000 19099999
11 2600000 3099999 X 6600000 7099999
11 2600000 3099999 X 17600000 18099999
11 3100000 3599999 17 32100000 32599999
11 4600000 5099999 16 32100000 32599999
11 29100000 29599999 16 33100000 33599999
11 32100000 32599999 15 27100000 27599999
11 32600000 33099999 19 24600000 25099999
11 32600000 33099999 19 25100000 25599999
11 37600000 38099999 16 66600000 67099999
11 38600000 39099999 12 69100000 69599999
11 41600000 42099999 13 71100000 71599999
11 43100000 43599999 14 65100000 65599999
11 62100000 62599999 15 81600000 82099999
11 77100000 77599999 15 25600000 26099999
11 83100000 83599999 13 55100000 55599999
11 83100000 83599999 15 35600000 36099999
11 93600000 94099999 X 65600000 66099999
11 95600000 96099999 13 12100000 12599999
11 108600000 109099999 15 84600000 85099999
11 108600000 109099999 17 39600000 40099999
11 114100000 114599999 19 35100000 35599999
11 121600000 121843855 19 60600000 61099999
11 121600000 121843855 19 61100000 61342429
12 3100000 3599999 17 3100000 3599999
12 8100000 8599999 17 50600000 51099999
12 11600000 12099999 13 42600000 43099999
12 16600000 17099999 15 81600000 82099999
12 28600000 29099999 13 76100000 76599999
12 110100000 110599999 13 105600000 106099999
12 110600000 111099999 13 105600000 106099999
12 112100000 112599999 X 146600000 147099999
12 115100000 115599999 15 88100000 88599999
13 17100000 17599999 14 37100000 37599999
13 58100000 58599999 15 99100000 99599999
13 95600000 96099999 17 87100000 87599999
13 98600000 99099999 16 58600000 59099999
13 101600000 102099999 17 21100000 21599999
14 66100000 66599999 16 30600000 31099999
14 85100000 85599999 15 64100000 64599999
14 94600000 95099999 X 34100000 34599999
14 113100000 113599999 19 54100000 54599999
15 4100000 4599999 18 88600000 89099999
15 36100000 36599999 17 25600000 26099999
15 81600000 82099999 17 81100000 81599999
16 3100000 3599999 18 3100000 3599999
16 3100000 3599999 19 3100000 3599999
16 11100000 11599999 17 39600000 40099999
16 17100000 17599999 17 44600000 45099999
16 22100000 22599999 17 46600000 47099999
16 42100000 42599999 17 80600000 81099999
16 50100000 50599999 19 43100000 43599999
17 11600000 12099999 19 59100000 59599999
17 34100000 34599999 19 34100000 34599999
17 39600000 40099999 18 73600000 74099999
17 95100000 95272650 19 61100000 61342429
19 38100000 38599999 X 126600000 127099999
19 46100000 46599999 X 9100000 9599999
