bin1 bin2 count p_value
6 3083 13 4.605660233677593e-18
7 3083 33 3.8243937507786666e-57
7 4510 8 5.553619399530866e-10
8 3083 19 7.16549839105877e-29
9 3083 38 5.258948757189075e-68
10 3083 25 1.5090526906811503e-40
10 5002 11 1.0408563195784318e-14
11 3083 24 1.498405227789728e-38
12 3083 28 1.199368212024424e-46
13 3083 21 1.1162107078077204e-32
14 3083 34 2.741211553042017e-59
15 3083 17 3.694363961938897e-25
16 3083 11 1.0408563195784318e-14
17 3083 11 1.0408563195784318e-14
18 3083 13 4.605660233677593e-18
19 3083 36 1.2778082707800063e-63
19 3235 8 5.553619399530866e-10
20 3083 32 5.159626606161693e-55
21 3083 22 1.291013044645158e-34
22 3083 17 3.694363961938897e-25
23 3083 19 7.16549839105877e-29
24 3083 14 8.601650949136351e-20
25 3083 17 3.694363961938897e-25
26 3083 23 1.4232691808123389e-36
27 3083 19 7.16549839105877e-29
28 3083 14 8.601650949136351e-20
29 3083 10 4.3374950309673466e-13
31 3083 17 3.694363961938897e-25
32 3083 15 1.4944478224364457e-21
33 1712 9 1.6383247599773013e-11
33 1713 8 5.553619399530866e-10
33 3083 14 8.601650949136351e-20
34 3083 14 8.601650949136351e-20
35 2951 24 1.498405227789728e-38
35 3083 16 2.4260803801543526e-23
36 3083 15 1.4944478224364457e-21
37 3083 11 1.0408563195784318e-14
38 3083 16 2.4260803801543526e-23
39 3083 12 2.2825037878841703e-16
40 3083 16 2.4260803801543526e-23
41 3083 9 1.6383247599773013e-11
42 3083 18 5.2951278939819806e-27
43 3083 14 8.601650949136351e-20
44 2376 8 5.553619399530866e-10
44 3083 9 1.6383247599773013e-11
45 3083 15 1.4944478224364457e-21
46 3083 13 4.605660233677593e-18
47 3083 9 1.6383247599773013e-11
48 3083 22 1.291013044645158e-34
50 3083 9 1.6383247599773013e-11
51 3083 9 1.6383247599773013e-11
52 3083 10 4.3374950309673466e-13
54 3083 9 1.6383247599773013e-11
55 3083 12 2.2825037878841703e-16
56 3083 9 1.6383247599773013e-11
58 3083 8 5.553619399530866e-10
59 3083 11 1.0408563195784318e-14
60 3083 11 1.0408563195784318e-14
61 3083 12 2.2825037878841703e-16
62 3083 11 1.0408563195784318e-14
64 3083 10 4.3374950309673466e-13
65 3083 9 1.6383247599773013e-11
66 3083 11 1.0408563195784318e-14
67 3083 17 3.694363961938897e-25
68 3083 22 1.291013044645158e-34
69 3083 21 1.1162107078077204e-32
71 3083 11 1.0408563195784318e-14
72 3083 12 2.2825037878841703e-16
73 1161 8 5.553619399530866e-10
73 3083 11 1.0408563195784318e-14
73 4512 9 1.6383247599773013e-11
73 4524 9 1.6383247599773013e-11
74 3083 14 8.601650949136351e-20
74 4512 9 1.6383247599773013e-11
75 3083 15 1.4944478224364457e-21
76 3083 12 2.2825037878841703e-16
77 3083 9 1.6383247599773013e-11
78 3083 10 4.3374950309673466e-13
79 3083 11 1.0408563195784318e-14
80 3083 9 1.6383247599773013e-11
82 3083 10 4.3374950309673466e-13
85 3083 11 1.0408563195784318e-14
86 3083 9 1.6383247599773013e-11
87 3083 8 5.553619399530866e-10
88 3083 12 2.2825037878841703e-16
89 3083 14 8.601650949136351e-20
97 3083 10 4.3374950309673466e-13
99 911 9 1.6383247599773013e-11
103 3083 11 1.0408563195784318e-14
104 3083 14 8.601650949136351e-20
108 1906 13 4.605660233677593e-18
110 3083 8 5.553619399530866e-10
111 4920 35 1.9016365429526507e-61
113 3882 9 1.6383247599773013e-11
113 3883 12 2.2825037878841703e-16
124 4930 13 4.605660233677593e-18
129 724 8 5.553619399530866e-10
130 2546 9 1.6383247599773013e-11
130 3834 8 5.553619399530866e-10
133 2703 10 4.3374950309673466e-13
133 2704 21 1.1162107078077204e-32
148 460 9 1.6383247599773013e-11
149 460 8 5.553619399530866e-10
149 3879 9 1.6383247599773013e-11
168 585 21 1.1162107078077204e-32
168 586 10 4.3374950309673466e-13
177 2521 8 5.553619399530866e-10
179 871 20 9.18002353936276e-31
180 401 29 1.0264672590330286e-48
180 402 21 1.1162107078077204e-32
180 403 20 9.18002353936276e-31
180 404 10 4.3374950309673466e-13
180 414 8 5.553619399530866e-10
180 424 9 1.6383247599773013e-11
180 430 10 4.3374950309673466e-13
180 434 8 5.553619399530866e-10
180 1086 15 1.4944478224364457e-21
180 1087 11 1.0408563195784318e-14
180 1089 10 4.3374950309673466e-13
180 1091 10 4.3374950309673466e-13
180 1092 10 4.3374950309673466e-13
180 1094 8 5.553619399530866e-10
180 3083 65 1.4293280452525323e-131
186 1127 13 4.605660233677593e-18
196 2255 9 1.6383247599773013e-11
196 4860 8 5.553619399530866e-10
198 2753 9 1.6383247599773013e-11
207 1493 9 1.6383247599773013e-11
210 704 10 4.3374950309673466e-13
214 2715 15 1.4944478224364457e-21
221 2137 9 1.6383247599773013e-11
222 1929 29 1.0264672590330286e-48
234 4292 9 1.6383247599773013e-11
256 1747 8 5.553619399530866e-10
258 4139 9 1.6383247599773013e-11
260 1214 13 4.605660233677593e-18
268 700 8 5.553619399530866e-10
268 2554 8 5.553619399530866e-10
268 2782 10 4.3374950309673466e-13
269 3313 8 5.553619399530866e-10
270 704 8 5.553619399530866e-10
270 706 8 5.553619399530866e-10
270 707 9 1.6383247599773013e-11
270 728 8 5.553619399530866e-10
270 1345 9 1.6383247599773013e-11
270 1387 8 5.553619399530866e-10
270 1602 10 4.3374950309673466e-13
270 3069 8 5.553619399530866e-10
270 3676 9 1.6383247599773013e-11
271 3069 19 7.16549839105877e-29
271 4727 8 5.553619399530866e-10
273 1635 8 5.553619399530866e-10
273 2397 36 1.2778082707800063e-63
273 2553 8 5.553619399530866e-10
277 1946 14 8.601650949136351e-20
277 3562 17 3.694363961938897e-25
278 3562 9 1.6383247599773013e-11
295 912 13 4.605660233677593e-18
299 1159 14 8.601650949136351e-20
304 3912 23 1.4232691808123389e-36
309 2611 25 1.5090526906811503e-40
311 4518 9 1.6383247599773013e-11
318 3218 16 2.4260803801543526e-23
319 1973 14 8.601650949136351e-20
323 5045 13 4.605660233677593e-18
326 1420 13 4.605660233677593e-18
328 3139 9 1.6383247599773013e-11
337 1126 16 2.4260803801543526e-23
344 4114 15 1.4944478224364457e-21
346 1652 9 1.6383247599773013e-11
346 3291 10 4.3374950309673466e-13
347 3069 10 4.3374950309673466e-13
348 4340 12 2.2825037878841703e-16
365 731 11 1.0408563195784318e-14
365 2940 8 5.553619399530866e-10
366 711 8 5.553619399530866e-10
368 2301 8 5.553619399530866e-10
379 1974 8 5.553619399530866e-10
381 3901 9 1.6383247599773013e-11
401 3083 29 1.0264672590330286e-48
402 3083 31 6.7253839102895e-53
402 4614 10 4.3374950309673466e-13
403 3083 23 1.4232691808123389e-36
404 3083 31 6.7253839102895e-53
405 3083 30 8.461380385772044e-51
406 3083 24 1.498405227789728e-38
407 2496 15 1.4944478224364457e-21
407 3083 27 1.348197483427147e-44
408 3083 15 1.4944478224364457e-21
409 3083 11 1.0408563195784318e-14
410 3083 13 4.605660233677593e-18
411 3083 13 4.605660233677593e-18
412 3083 14 8.601650949136351e-20
413 3083 14 8.601650949136351e-20
413 4407 9 1.6383247599773013e-11
414 3083 21 1.1162107078077204e-32
415 3083 16 2.4260803801543526e-23
416 3083 22 1.291013044645158e-34
417 3083 20 9.18002353936276e-31
418 3083 25 1.5090526906811503e-40
419 3083 19 7.16549839105877e-29
420 3083 17 3.694363961938897e-25
421 3083 15 1.4944478224364457e-21
422 3083 25 1.5090526906811503e-40
423 3083 14 8.601650949136351e-20
424 3083 15 1.4944478224364457e-21
425 1745 10 4.3374950309673466e-13
425 3083 12 2.2825037878841703e-16
426 3083 12 2.2825037878841703e-16
428 3083 15 1.4944478224364457e-21
429 3083 13 4.605660233677593e-18
430 3055 11 1.0408563195784318e-14
430 3083 21 1.1162107078077204e-32
431 3055 8 5.553619399530866e-10
431 3083 24 1.498405227789728e-38
432 3083 17 3.694363961938897e-25
433 3083 16 2.4260803801543526e-23
434 3083 19 7.16549839105877e-29
435 3083 13 4.605660233677593e-18
436 3083 26 1.4561313096936203e-42
437 3083 14 8.601650949136351e-20
438 3083 11 1.0408563195784318e-14
440 3083 15 1.4944478224364457e-21
441 3083 13 4.605660233677593e-18
442 3083 15 1.4944478224364457e-21
443 3083 14 8.601650949136351e-20
444 3083 28 1.199368212024424e-46
445 3083 10 4.3374950309673466e-13
447 3087 8 5.553619399530866e-10
447 4209 8 5.553619399530866e-10
447 4844 9 1.6383247599773013e-11
448 3675 8 5.553619399530866e-10
448 3676 10 4.3374950309673466e-13
448 4522 8 5.553619399530866e-10
448 4846 9 1.6383247599773013e-11
450 3083 8 5.553619399530866e-10
452 2055 9 1.6383247599773013e-11
452 2689 8 5.553619399530866e-10
453 1167 9 1.6383247599773013e-11
453 2656 9 1.6383247599773013e-11
453 2658 8 5.553619399530866e-10
453 2828 8 5.553619399530866e-10
453 4256 9 1.6383247599773013e-11
454 1377 8 5.553619399530866e-10
454 1621 8 5.553619399530866e-10
454 2476 8 5.553619399530866e-10
454 3083 9 1.6383247599773013e-11
454 3272 8 5.553619399530866e-10
454 4846 9 1.6383247599773013e-11
454 4848 8 5.553619399530866e-10
455 1337 8 5.553619399530866e-10
455 1344 9 1.6383247599773013e-11
455 1622 8 5.553619399530866e-10
455 1635 12 2.2825037878841703e-16
455 1636 8 5.553619399530866e-10
455 1638 11 1.0408563195784318e-14
455 2266 8 5.553619399530866e-10
455 3233 8 5.553619399530866e-10
455 3272 11 1.0408563195784318e-14
455 3274 8 5.553619399530866e-10
455 4210 8 5.553619399530866e-10
455 4219 8 5.553619399530866e-10
455 4255 10 4.3374950309673466e-13
455 4256 9 1.6383247599773013e-11
455 4513 9 1.6383247599773013e-11
455 4519 11 1.0408563195784318e-14
455 4520 9 1.6383247599773013e-11
455 4527 11 1.0408563195784318e-14
455 4556 8 5.553619399530866e-10
455 4844 11 1.0408563195784318e-14
455 4845 8 5.553619399530866e-10
455 4846 8 5.553619399530866e-10
455 4847 12 2.2825037878841703e-16
456 950 8 5.553619399530866e-10
456 1343 9 1.6383247599773013e-11
456 1344 10 4.3374950309673466e-13
456 1618 8 5.553619399530866e-10
456 1621 8 5.553619399530866e-10
456 1635 8 5.553619399530866e-10
456 3317 9 1.6383247599773013e-11
456 4215 8 5.553619399530866e-10
456 4219 9 1.6383247599773013e-11
456 4521 8 5.553619399530866e-10
456 4844 12 2.2825037878841703e-16
456 4848 8 5.553619399530866e-10
457 1337 9 1.6383247599773013e-11
457 1343 10 4.3374950309673466e-13
457 1346 9 1.6383247599773013e-11
457 1347 9 1.6383247599773013e-11
457 1348 8 5.553619399530866e-10
457 1350 8 5.553619399530866e-10
457 1620 9 1.6383247599773013e-11
457 1621 8 5.553619399530866e-10
457 3233 11 1.0408563195784318e-14
457 3317 9 1.6383247599773013e-11
457 3676 9 1.6383247599773013e-11
457 4215 8 5.553619399530866e-10
457 4216 9 1.6383247599773013e-11
457 4257 12 2.2825037878841703e-16
457 4258 8 5.553619399530866e-10
457 4329 9 1.6383247599773013e-11
457 4520 10 4.3374950309673466e-13
457 4521 9 1.6383247599773013e-11
457 4848 9 1.6383247599773013e-11
458 1622 10 4.3374950309673466e-13
458 1623 8 5.553619399530866e-10
458 2326 8 5.553619399530866e-10
458 4215 8 5.553619399530866e-10
458 4520 8 5.553619399530866e-10
459 1347 8 5.553619399530866e-10
459 1378 9 1.6383247599773013e-11
459 1454 8 5.553619399530866e-10
459 1942 11 1.0408563195784318e-14
459 2448 8 5.553619399530866e-10
459 3547 8 5.553619399530866e-10
459 4215 8 5.553619399530866e-10
459 4845 8 5.553619399530866e-10
460 1343 10 4.3374950309673466e-13
460 1344 8 5.553619399530866e-10
460 1347 8 5.553619399530866e-10
460 3319 8 5.553619399530866e-10
460 4255 8 5.553619399530866e-10
460 4256 10 4.3374950309673466e-13
460 4513 8 5.553619399530866e-10
460 4514 8 5.553619399530866e-10
460 4515 8 5.553619399530866e-10
460 4518 9 1.6383247599773013e-11
460 4519 9 1.6383247599773013e-11
460 4520 8 5.553619399530866e-10
460 4521 11 1.0408563195784318e-14
460 4844 9 1.6383247599773013e-11
460 4850 9 1.6383247599773013e-11
461 3083 8 5.553619399530866e-10
461 4257 8 5.553619399530866e-10
461 4519 8 5.553619399530866e-10
462 1439 8 5.553619399530866e-10
462 4524 8 5.553619399530866e-10
463 3083 8 5.553619399530866e-10
466 3083 11 1.0408563195784318e-14
469 3083 8 5.553619399530866e-10
470 3083 12 2.2825037878841703e-16
471 3083 10 4.3374950309673466e-13
472 3083 10 4.3374950309673466e-13
474 3083 8 5.553619399530866e-10
475 3083 10 4.3374950309673466e-13
478 3083 9 1.6383247599773013e-11
483 1887 17 3.694363961938897e-25
487 4019 26 1.4561313096936203e-42
493 2860 13 4.605660233677593e-18
495 3083 9 1.6383247599773013e-11
497 3083 9 1.6383247599773013e-11
500 3083 12 2.2825037878841703e-16
508 2717 31 6.7253839102895e-53
509 2717 12 2.2825037878841703e-16
521 1121 22 1.291013044645158e-34
532 4531 9 1.6383247599773013e-11
534 1666 33 3.8243937507786666e-57
534 1667 16 2.4260803801543526e-23
534 3379 11 1.0408563195784318e-14
538 1459 8 5.553619399530866e-10
542 1291 41 1.1126646505023444e-74
549 4173 9 1.6383247599773013e-11
562 2159 11 1.0408563195784318e-14
564 2128 21 1.1162107078077204e-32
578 3308 8 5.553619399530866e-10
578 3839 12 2.2825037878841703e-16
592 3083 10 4.3374950309673466e-13
593 5146 19 7.16549839105877e-29
594 2963 18 5.2951278939819806e-27
594 5146 9 1.6383247599773013e-11
622 920 13 4.605660233677593e-18
623 920 10 4.3374950309673466e-13
624 5168 8 5.553619399530866e-10
629 2271 8 5.553619399530866e-10
632 4848 12 2.2825037878841703e-16
633 3498 8 5.553619399530866e-10
636 3281 8 5.553619399530866e-10
636 3547 9 1.6383247599773013e-11
637 3769 10 4.3374950309673466e-13
639 2326 32 5.159626606161693e-55
639 3309 9 1.6383247599773013e-11
649 2520 9 1.6383247599773013e-11
651 1269 24 1.498405227789728e-38
657 4001 20 9.18002353936276e-31
667 1478 22 1.291013044645158e-34
674 4013 23 1.4232691808123389e-36
678 2635 9 1.6383247599773013e-11
683 957 19 7.16549839105877e-29
687 4639 12 2.2825037878841703e-16
689 1101 9 1.6383247599773013e-11
692 2526 8 5.553619399530866e-10
701 1362 8 5.553619399530866e-10
703 3910 25 1.5090526906811503e-40
704 1282 13 4.605660233677593e-18
704 1870 8 5.553619399530866e-10
705 2560 8 5.553619399530866e-10
705 2561 38 5.258948757189075e-68
705 2562 9 1.6383247599773013e-11
706 1356 10 4.3374950309673466e-13
706 2266 9 1.6383247599773013e-11
706 3310 8 5.553619399530866e-10
706 3313 8 5.553619399530866e-10
706 3315 8 5.553619399530866e-10
707 1331 8 5.553619399530866e-10
707 1356 10 4.3374950309673466e-13
707 1360 8 5.553619399530866e-10
707 1376 8 5.553619399530866e-10
707 1377 8 5.553619399530866e-10
707 1378 8 5.553619399530866e-10
707 2556 8 5.553619399530866e-10
707 3282 8 5.553619399530866e-10
707 3315 10 4.3374950309673466e-13
707 4330 8 5.553619399530866e-10
708 3312 8 5.553619399530866e-10
709 1361 10 4.3374950309673466e-13
709 3279 8 5.553619399530866e-10
709 4255 8 5.553619399530866e-10
710 2992 26 1.4561313096936203e-42
720 1203 16 2.4260803801543526e-23
721 1203 8 5.553619399530866e-10
721 4631 8 5.553619399530866e-10
724 1959 9 1.6383247599773013e-11
724 2172 8 5.553619399530866e-10
724 2554 8 5.553619399530866e-10
725 1355 8 5.553619399530866e-10
725 3268 8 5.553619399530866e-10
726 1357 8 5.553619399530866e-10
726 1358 8 5.553619399530866e-10
726 1361 8 5.553619399530866e-10
726 3271 8 5.553619399530866e-10
726 3546 8 5.553619399530866e-10
727 1347 8 5.553619399530866e-10
727 1357 8 5.553619399530866e-10
727 1360 13 4.605660233677593e-18
727 1361 10 4.3374950309673466e-13
727 3270 8 5.553619399530866e-10
728 1360 11 1.0408563195784318e-14
728 1375 9 1.6383247599773013e-11
728 1377 9 1.6383247599773013e-11
728 2264 8 5.553619399530866e-10
728 2976 11 1.0408563195784318e-14
728 2977 11 1.0408563195784318e-14
728 3271 8 5.553619399530866e-10
729 950 8 5.553619399530866e-10
729 1351 9 1.6383247599773013e-11
729 1359 10 4.3374950309673466e-13
729 2978 9 1.6383247599773013e-11
729 3310 9 1.6383247599773013e-11
729 3311 9 1.6383247599773013e-11
729 4331 9 1.6383247599773013e-11
730 1358 11 1.0408563195784318e-14
730 1359 9 1.6383247599773013e-11
730 1360 8 5.553619399530866e-10
730 1664 13 4.605660233677593e-18
730 1820 12 2.2825037878841703e-16
730 2555 9 1.6383247599773013e-11
730 4522 8 5.553619399530866e-10
731 1618 8 5.553619399530866e-10
732 1339 9 1.6383247599773013e-11
733 1383 8 5.553619399530866e-10
740 1359 8 5.553619399530866e-10
752 1385 9 1.6383247599773013e-11
753 2546 8 5.553619399530866e-10
754 4212 8 5.553619399530866e-10
755 2449 9 1.6383247599773013e-11
755 3829 9 1.6383247599773013e-11
756 3546 8 5.553619399530866e-10
757 1621 8 5.553619399530866e-10
757 3320 8 5.553619399530866e-10
758 775 14 8.601650949136351e-20
758 1389 8 5.553619399530866e-10
758 1390 10 4.3374950309673466e-13
758 3083 12 2.2825037878841703e-16
758 3320 12 2.2825037878841703e-16
758 4543 37 8.323114560756194e-66
765 3083 18 5.2951278939819806e-27
766 3083 20 9.18002353936276e-31
767 3083 11 1.0408563195784318e-14
768 3083 18 5.2951278939819806e-27
769 3083 16 2.4260803801543526e-23
770 3083 21 1.1162107078077204e-32
771 3083 13 4.605660233677593e-18
772 3083 8 5.553619399530866e-10
773 3083 14 8.601650949136351e-20
774 3083 19 7.16549839105877e-29
775 3083 16 2.4260803801543526e-23
775 4543 15 1.4944478224364457e-21
776 3083 20 9.18002353936276e-31
777 3083 31 6.7253839102895e-53
778 3083 18 5.2951278939819806e-27
779 3083 11 1.0408563195784318e-14
780 3083 11 1.0408563195784318e-14
781 3083 14 8.601650949136351e-20
782 3083 11 1.0408563195784318e-14
783 3083 11 1.0408563195784318e-14
785 3083 15 1.4944478224364457e-21
786 3083 10 4.3374950309673466e-13
787 2958 8 5.553619399530866e-10
787 3083 9 1.6383247599773013e-11
788 3083 11 1.0408563195784318e-14
789 3083 9 1.6383247599773013e-11
791 3083 9 1.6383247599773013e-11
792 3083 9 1.6383247599773013e-11
794 3083 9 1.6383247599773013e-11
795 3083 11 1.0408563195784318e-14
796 3083 10 4.3374950309673466e-13
797 1389 22 1.291013044645158e-34
798 3083 16 2.4260803801543526e-23
799 3083 8 5.553619399530866e-10
800 3083 8 5.553619399530866e-10
802 3083 13 4.605660233677593e-18
803 3083 11 1.0408563195784318e-14
805 3083 13 4.605660233677593e-18
806 3083 8 5.553619399530866e-10
807 3083 8 5.553619399530866e-10
807 5099 23 1.4232691808123389e-36
811 3083 10 4.3374950309673466e-13
812 3083 8 5.553619399530866e-10
813 3083 14 8.601650949136351e-20
814 3083 13 4.605660233677593e-18
815 3083 9 1.6383247599773013e-11
816 3083 11 1.0408563195784318e-14
819 3083 13 4.605660233677593e-18
820 3083 15 1.4944478224364457e-21
821 3083 9 1.6383247599773013e-11
823 1419 13 4.605660233677593e-18
823 3083 12 2.2825037878841703e-16
824 3083 13 4.605660233677593e-18
827 3083 8 5.553619399530866e-10
828 3083 8 5.553619399530866e-10
829 3083 8 5.553619399530866e-10
831 3830 17 3.694363961938897e-25
833 3772 17 3.694363961938897e-25
837 2372 11 1.0408563195784318e-14
837 3220 8 5.553619399530866e-10
841 3083 12 2.2825037878841703e-16
847 3083 9 1.6383247599773013e-11
850 4002 8 5.553619399530866e-10
861 3083 12 2.2825037878841703e-16
861 3872 9 1.6383247599773013e-11
865 3083 9 1.6383247599773013e-11
867 3083 8 5.553619399530866e-10
875 3083 8 5.553619399530866e-10
890 3083 8 5.553619399530866e-10
908 1455 17 3.694363961938897e-25
911 3846 21 1.1162107078077204e-32
918 3713 9 1.6383247599773013e-11
923 1849 8 5.553619399530866e-10
928 2027 21 1.1162107078077204e-32
931 4127 13 4.605660233677593e-18
933 1714 11 1.0408563195784318e-14
935 1345 11 1.0408563195784318e-14
935 1637 8 5.553619399530866e-10
935 2412 8 5.553619399530866e-10
935 2474 12 2.2825037878841703e-16
935 2697 8 5.553619399530866e-10
935 3233 8 5.553619399530866e-10
935 3270 8 5.553619399530866e-10
935 3271 10 4.3374950309673466e-13
935 3274 8 5.553619399530866e-10
935 3308 8 5.553619399530866e-10
935 3309 10 4.3374950309673466e-13
935 3317 9 1.6383247599773013e-11
935 4255 9 1.6383247599773013e-11
935 4522 8 5.553619399530866e-10
936 1636 8 5.553619399530866e-10
936 1640 8 5.553619399530866e-10
936 3270 10 4.3374950309673466e-13
936 3271 10 4.3374950309673466e-13
936 3278 8 5.553619399530866e-10
936 3282 10 4.3374950309673466e-13
936 3283 9 1.6383247599773013e-11
936 3308 8 5.553619399530866e-10
936 4257 8 5.553619399530866e-10
937 1332 8 5.553619399530866e-10
937 1359 9 1.6383247599773013e-11
937 1638 8 5.553619399530866e-10
937 2266 9 1.6383247599773013e-11
937 2267 9 1.6383247599773013e-11
937 2682 8 5.553619399530866e-10
937 2783 10 4.3374950309673466e-13
937 3233 9 1.6383247599773013e-11
937 3270 11 1.0408563195784318e-14
937 3274 11 1.0408563195784318e-14
937 3309 9 1.6383247599773013e-11
937 3310 10 4.3374950309673466e-13
937 3317 9 1.6383247599773013e-11
937 3318 9 1.6383247599773013e-11
937 4927 9 1.6383247599773013e-11
937 4929 8 5.553619399530866e-10
938 3233 8 5.553619399530866e-10
938 3273 9 1.6383247599773013e-11
939 3271 8 5.553619399530866e-10
942 3956 9 1.6383247599773013e-11
950 1673 8 5.553619399530866e-10
950 2266 8 5.553619399530866e-10
950 2783 8 5.553619399530866e-10
950 2977 8 5.553619399530866e-10
950 3316 9 1.6383247599773013e-11
950 3317 8 5.553619399530866e-10
950 3546 8 5.553619399530866e-10
951 3252 8 5.553619399530866e-10
951 3280 10 4.3374950309673466e-13
951 3310 9 1.6383247599773013e-11
952 3316 8 5.553619399530866e-10
952 4215 9 1.6383247599773013e-11
952 4254 8 5.553619399530866e-10
957 4124 13 4.605660233677593e-18
957 4125 29 1.0264672590330286e-48
962 4535 16 2.4260803801543526e-23
964 2036 9 1.6383247599773013e-11
965 5103 10 4.3374950309673466e-13
977 4180 10 4.3374950309673466e-13
982 2194 10 4.3374950309673466e-13
990 3966 13 4.605660233677593e-18
1010 4675 9 1.6383247599773013e-11
1013 5101 10 4.3374950309673466e-13
1033 3880 25 1.5090526906811503e-40
1035 1140 34 2.741211553042017e-59
1035 1141 8 5.553619399530866e-10
1035 3159 11 1.0408563195784318e-14
1040 1879 11 1.0408563195784318e-14
1041 4014 8 5.553619399530866e-10
1050 2678 9 1.6383247599773013e-11
1050 3438 16 2.4260803801543526e-23
1061 2652 11 1.0408563195784318e-14
1070 3426 10 4.3374950309673466e-13
1085 1703 17 3.694363961938897e-25
1085 1704 12 2.2825037878841703e-16
1085 2309 21 1.1162107078077204e-32
1085 2310 10 4.3374950309673466e-13
1085 3083 15 1.4944478224364457e-21
1085 3572 9 1.6383247599773013e-11
1085 4063 8 5.553619399530866e-10
1086 3083 26 1.4561313096936203e-42
1086 4660 12 2.2825037878841703e-16
1087 3083 18 5.2951278939819806e-27
1088 3083 17 3.694363961938897e-25
1089 3083 17 3.694363961938897e-25
1090 3083 21 1.1162107078077204e-32
1091 3083 18 5.2951278939819806e-27
1092 3083 22 1.291013044645158e-34
1093 3083 11 1.0408563195784318e-14
1094 3083 12 2.2825037878841703e-16
1095 3083 13 4.605660233677593e-18
1096 3083 17 3.694363961938897e-25
1097 3083 12 2.2825037878841703e-16
1098 3083 17 3.694363961938897e-25
1099 3083 18 5.2951278939819806e-27
1100 3083 12 2.2825037878841703e-16
1101 3083 19 7.16549839105877e-29
1101 4855 11 1.0408563195784318e-14
1102 3083 16 2.4260803801543526e-23
1103 3083 18 5.2951278939819806e-27
1104 3083 13 4.605660233677593e-18
1105 3083 15 1.4944478224364457e-21
1106 3083 14 8.601650949136351e-20
1108 3083 14 8.601650949136351e-20
1109 3083 11 1.0408563195784318e-14
1110 1433 8 5.553619399530866e-10
1110 3083 9 1.6383247599773013e-11
1111 3083 10 4.3374950309673466e-13
1112 3083 14 8.601650949136351e-20
1113 3083 14 8.601650949136351e-20
1114 3083 9 1.6383247599773013e-11
1115 3083 12 2.2825037878841703e-16
1116 3083 19 7.16549839105877e-29
1117 3083 20 9.18002353936276e-31
1118 3083 9 1.6383247599773013e-11
1118 4103 10 4.3374950309673466e-13
1119 3083 13 4.605660233677593e-18
1120 2475 8 5.553619399530866e-10
1120 3083 9 1.6383247599773013e-11
1121 3083 8 5.553619399530866e-10
1122 3083 9 1.6383247599773013e-11
1123 3083 15 1.4944478224364457e-21
1124 3083 9 1.6383247599773013e-11
1125 3083 13 4.605660233677593e-18
1126 3083 12 2.2825037878841703e-16
1127 3083 16 2.4260803801543526e-23
1128 3083 13 4.605660233677593e-18
1129 3083 15 1.4944478224364457e-21
1133 3083 11 1.0408563195784318e-14
1135 3083 8 5.553619399530866e-10
1136 3083 10 4.3374950309673466e-13
1137 3083 12 2.2825037878841703e-16
1139 3083 8 5.553619399530866e-10
1140 3083 16 2.4260803801543526e-23
1140 4673 8 5.553619399530866e-10
1141 3083 10 4.3374950309673466e-13
1143 3083 8 5.553619399530866e-10
1144 3083 9 1.6383247599773013e-11
1146 1653 10 4.3374950309673466e-13
1146 3083 13 4.605660233677593e-18
1147 3083 15 1.4944478224364457e-21
1148 3083 18 5.2951278939819806e-27
1149 3083 9 1.6383247599773013e-11
1157 1721 18 5.2951278939819806e-27
1158 3083 9 1.6383247599773013e-11
1161 3083 10 4.3374950309673466e-13
1161 4607 19 7.16549839105877e-29
1165 3083 9 1.6383247599773013e-11
1169 3083 11 1.0408563195784318e-14
1176 3083 11 1.0408563195784318e-14
1183 4917 8 5.553619399530866e-10
1187 3083 9 1.6383247599773013e-11
1190 3083 8 5.553619399530866e-10
1191 3083 8 5.553619399530866e-10
1219 3274 8 5.553619399530866e-10
1276 1523 10 4.3374950309673466e-13
1282 2840 9 1.6383247599773013e-11
1291 3470 14 8.601650949136351e-20
1301 4174 13 4.605660233677593e-18
1309 2698 10 4.3374950309673466e-13
1311 4723 10 4.3374950309673466e-13
1312 4512 8 5.553619399530866e-10
1313 1667 8 5.553619399530866e-10
1313 2555 8 5.553619399530866e-10
1313 3071 9 1.6383247599773013e-11
1313 3430 10 4.3374950309673466e-13
1313 4575 11 1.0408563195784318e-14
1317 3197 14 8.601650949136351e-20
1319 4940 9 1.6383247599773013e-11
1326 2807 8 5.553619399530866e-10
1328 2809 8 5.553619399530866e-10
1328 4724 9 1.6383247599773013e-11
1330 4956 12 2.2825037878841703e-16
1331 4526 8 5.553619399530866e-10
1331 4723 8 5.553619399530866e-10
1332 3676 9 1.6383247599773013e-11
1337 1621 8 5.553619399530866e-10
1337 2102 8 5.553619399530866e-10
1337 3235 8 5.553619399530866e-10
1337 3318 10 4.3374950309673466e-13
1338 2698 8 5.553619399530866e-10
1338 3230 9 1.6383247599773013e-11
1338 3233 8 5.553619399530866e-10
1338 4519 8 5.553619399530866e-10
1338 4850 8 5.553619399530866e-10
1339 1621 8 5.553619399530866e-10
1339 3232 11 1.0408563195784318e-14
1339 3234 8 5.553619399530866e-10
1339 4928 8 5.553619399530866e-10
1342 1619 9 1.6383247599773013e-11
1342 3923 11 1.0408563195784318e-14
1342 4220 8 5.553619399530866e-10
1343 1620 13 4.605660233677593e-18
1343 1621 10 4.3374950309673466e-13
1343 2684 8 5.553619399530866e-10
1343 2938 9 1.6383247599773013e-11
1343 4215 8 5.553619399530866e-10
1343 4255 9 1.6383247599773013e-11
1343 4519 9 1.6383247599773013e-11
1344 1621 8 5.553619399530866e-10
1344 1635 8 5.553619399530866e-10
1344 4215 10 4.3374950309673466e-13
1344 4221 8 5.553619399530866e-10
1344 4300 13 4.605660233677593e-18
1344 4518 8 5.553619399530866e-10
1345 1621 9 1.6383247599773013e-11
1345 1635 14 8.601650949136351e-20
1345 2101 10 4.3374950309673466e-13
1345 2522 8 5.553619399530866e-10
1345 2977 8 5.553619399530866e-10
1345 3316 8 5.553619399530866e-10
1345 3317 8 5.553619399530866e-10
1345 4215 8 5.553619399530866e-10
1345 4219 10 4.3374950309673466e-13
1345 4520 8 5.553619399530866e-10
1345 4521 8 5.553619399530866e-10
1345 4525 8 5.553619399530866e-10
1345 4848 9 1.6383247599773013e-11
1345 4925 8 5.553619399530866e-10
1346 1633 9 1.6383247599773013e-11
1346 1635 9 1.6383247599773013e-11
1346 2101 8 5.553619399530866e-10
1346 2655 8 5.553619399530866e-10
1346 2686 10 4.3374950309673466e-13
1346 3278 8 5.553619399530866e-10
1346 3279 9 1.6383247599773013e-11
1346 4216 9 1.6383247599773013e-11
1346 4522 8 5.553619399530866e-10
1347 1636 9 1.6383247599773013e-11
1347 2294 8 5.553619399530866e-10
1347 3233 8 5.553619399530866e-10
1347 3279 9 1.6383247599773013e-11
1347 4209 8 5.553619399530866e-10
1347 4215 8 5.553619399530866e-10
1347 4216 9 1.6383247599773013e-11
1348 3279 11 1.0408563195784318e-14
1348 3280 8 5.553619399530866e-10
1348 4209 8 5.553619399530866e-10
1348 4215 11 1.0408563195784318e-14
1349 1620 8 5.553619399530866e-10
1349 1621 10 4.3374950309673466e-13
1349 1638 10 4.3374950309673466e-13
1349 2695 11 1.0408563195784318e-14
1349 2976 8 5.553619399530866e-10
1349 3271 8 5.553619399530866e-10
1349 3282 8 5.553619399530866e-10
1349 3308 9 1.6383247599773013e-11
1349 4216 9 1.6383247599773013e-11
1349 4256 9 1.6383247599773013e-11
1349 4522 9 1.6383247599773013e-11
1349 4526 8 5.553619399530866e-10
1349 4724 8 5.553619399530866e-10
1350 1623 9 1.6383247599773013e-11
1350 1638 10 4.3374950309673466e-13
1350 1639 9 1.6383247599773013e-11
1350 2940 8 5.553619399530866e-10
1350 2976 12 2.2825037878841703e-16
1350 3271 9 1.6383247599773013e-11
1350 3410 8 5.553619399530866e-10
1350 4256 9 1.6383247599773013e-11
1350 4259 8 5.553619399530866e-10
1350 4526 11 1.0408563195784318e-14
1350 4843 9 1.6383247599773013e-11
1350 4846 9 1.6383247599773013e-11
1351 1619 8 5.553619399530866e-10
1351 1639 8 5.553619399530866e-10
1351 2553 8 5.553619399530866e-10
1351 2695 9 1.6383247599773013e-11
1351 2697 9 1.6383247599773013e-11
1351 4220 9 1.6383247599773013e-11
1351 4526 8 5.553619399530866e-10
1352 3314 9 1.6383247599773013e-11
1353 1476 32 5.159626606161693e-55
1353 2695 9 1.6383247599773013e-11
1353 3250 9 1.6383247599773013e-11
1353 4531 8 5.553619399530866e-10
1354 1621 10 4.3374950309673466e-13
1355 1638 8 5.553619399530866e-10
1355 3281 8 5.553619399530866e-10
1355 3310 9 1.6383247599773013e-11
1355 3313 8 5.553619399530866e-10
1356 1635 9 1.6383247599773013e-11
1356 3281 8 5.553619399530866e-10
1356 3545 9 1.6383247599773013e-11
1356 4924 8 5.553619399530866e-10
1357 3546 9 1.6383247599773013e-11
1357 4558 10 4.3374950309673466e-13
1358 1634 8 5.553619399530866e-10
1358 1635 8 5.553619399530866e-10
1358 3282 9 1.6383247599773013e-11
1358 3308 9 1.6383247599773013e-11
1359 3269 9 1.6383247599773013e-11
1360 1638 8 5.553619399530866e-10
1360 3310 9 1.6383247599773013e-11
1360 4328 8 5.553619399530866e-10
1361 1641 8 5.553619399530866e-10
1362 3265 8 5.553619399530866e-10
1367 4309 8 5.553619399530866e-10
1368 4309 18 5.2951278939819806e-27
1373 4540 14 8.601650949136351e-20
1373 4727 10 4.3374950309673466e-13
1374 1619 9 1.6383247599773013e-11
1374 1639 9 1.6383247599773013e-11
1374 1641 9 1.6383247599773013e-11
1374 2520 8 5.553619399530866e-10
1374 4520 8 5.553619399530866e-10
1375 1620 8 5.553619399530866e-10
1375 1621 9 1.6383247599773013e-11
1375 1623 8 5.553619399530866e-10
1375 1636 8 5.553619399530866e-10
1375 1637 10 4.3374950309673466e-13
1375 1638 9 1.6383247599773013e-11
1375 2782 9 1.6383247599773013e-11
1375 3236 8 5.553619399530866e-10
1375 3319 9 1.6383247599773013e-11
1375 3466 8 5.553619399530866e-10
1375 4516 8 5.553619399530866e-10
1375 4520 10 4.3374950309673466e-13
1376 1621 8 5.553619399530866e-10
1376 1623 9 1.6383247599773013e-11
1376 1636 10 4.3374950309673466e-13
1376 1638 13 4.605660233677593e-18
1376 3313 11 1.0408563195784318e-14
1376 3315 10 4.3374950309673466e-13
1376 3316 8 5.553619399530866e-10
1376 4520 9 1.6383247599773013e-11
1376 4726 9 1.6383247599773013e-11
1377 1622 9 1.6383247599773013e-11
1377 1623 8 5.553619399530866e-10
1377 1633 9 1.6383247599773013e-11
1377 1635 14 8.601650949136351e-20
1377 1638 14 8.601650949136351e-20
1377 1639 10 4.3374950309673466e-13
1377 1670 8 5.553619399530866e-10
1377 2783 9 1.6383247599773013e-11
1377 2784 8 5.553619399530866e-10
1377 3274 9 1.6383247599773013e-11
1378 1621 8 5.553619399530866e-10
1378 1633 8 5.553619399530866e-10
1378 1634 9 1.6383247599773013e-11
1378 1635 9 1.6383247599773013e-11
1378 1638 12 2.2825037878841703e-16
1378 1640 8 5.553619399530866e-10
1378 2553 11 1.0408563195784318e-14
1378 2783 9 1.6383247599773013e-11
1378 2938 8 5.553619399530866e-10
1378 2976 9 1.6383247599773013e-11
1378 3271 8 5.553619399530866e-10
1378 3274 9 1.6383247599773013e-11
1378 3275 8 5.553619399530866e-10
1378 3546 11 1.0408563195784318e-14
1378 4520 9 1.6383247599773013e-11
1379 2553 9 1.6383247599773013e-11
1379 3279 8 5.553619399530866e-10
1379 3317 9 1.6383247599773013e-11
1379 4515 9 1.6383247599773013e-11
1380 1680 8 5.553619399530866e-10
1380 3317 8 5.553619399530866e-10
1381 2551 9 1.6383247599773013e-11
1381 2552 10 4.3374950309673466e-13
1382 1628 18 5.2951278939819806e-27
1382 1629 8 5.553619399530866e-10
1382 1636 12 2.2825037878841703e-16
1382 1638 8 5.553619399530866e-10
1382 2976 8 5.553619399530866e-10
1382 3278 8 5.553619399530866e-10
1382 3314 9 1.6383247599773013e-11
1382 4255 9 1.6383247599773013e-11
1382 4522 8 5.553619399530866e-10
1386 1871 10 4.3374950309673466e-13
1386 1872 8 5.553619399530866e-10
1386 4688 18 5.2951278939819806e-27
1387 1630 8 5.553619399530866e-10
1388 2976 8 5.553619399530866e-10
1388 4238 12 2.2825037878841703e-16
1389 1623 9 1.6383247599773013e-11
1389 2553 9 1.6383247599773013e-11
1389 2976 8 5.553619399530866e-10
1389 3271 9 1.6383247599773013e-11
1389 3280 10 4.3374950309673466e-13
1389 3318 8 5.553619399530866e-10
1389 4010 17 3.694363961938897e-25
1389 4725 38 5.258948757189075e-68
1390 4725 34 2.741211553042017e-59
1398 2454 29 1.0264672590330286e-48
1398 3083 27 1.348197483427147e-44
1399 3083 13 4.605660233677593e-18
1400 3083 16 2.4260803801543526e-23
1401 3083 12 2.2825037878841703e-16
1402 3083 17 3.694363961938897e-25
1403 3083 16 2.4260803801543526e-23
1404 3083 12 2.2825037878841703e-16
1405 3083 14 8.601650949136351e-20
1406 3083 10 4.3374950309673466e-13
1407 3083 12 2.2825037878841703e-16
1408 3083 18 5.2951278939819806e-27
1409 3083 12 2.2825037878841703e-16
1410 3083 10 4.3374950309673466e-13
1411 3083 11 1.0408563195784318e-14
1412 3083 10 4.3374950309673466e-13
1415 3083 9 1.6383247599773013e-11
1416 3083 11 1.0408563195784318e-14
1417 3083 18 5.2951278939819806e-27
1418 3083 12 2.2825037878841703e-16
1419 3083 14 8.601650949136351e-20
1420 3083 12 2.2825037878841703e-16
1421 3083 10 4.3374950309673466e-13
1422 3083 16 2.4260803801543526e-23
1423 3083 11 1.0408563195784318e-14
1424 3083 8 5.553619399530866e-10
1425 3083 9 1.6383247599773013e-11
1426 3083 8 5.553619399530866e-10
1427 3083 14 8.601650949136351e-20
1428 3083 14 8.601650949136351e-20
1429 3083 11 1.0408563195784318e-14
1430 3083 9 1.6383247599773013e-11
1430 4881 10 4.3374950309673466e-13
1431 3083 20 9.18002353936276e-31
1432 3083 14 8.601650949136351e-20
1433 3083 13 4.605660233677593e-18
1433 4045 8 5.553619399530866e-10
1434 3083 8 5.553619399530866e-10
1436 3083 14 8.601650949136351e-20
1437 3083 19 7.16549839105877e-29
1437 3365 13 4.605660233677593e-18
1438 3083 8 5.553619399530866e-10
1439 2037 8 5.553619399530866e-10
1439 3085 8 5.553619399530866e-10
1439 4526 9 1.6383247599773013e-11
1439 4843 8 5.553619399530866e-10
1446 3083 8 5.553619399530866e-10
1447 3083 15 1.4944478224364457e-21
1448 3083 9 1.6383247599773013e-11
1450 3083 11 1.0408563195784318e-14
1450 3312 17 3.694363961938897e-25
1453 3083 11 1.0408563195784318e-14
1454 3085 9 1.6383247599773013e-11
1454 4254 8 5.553619399530866e-10
1454 4513 8 5.553619399530866e-10
1454 4531 8 5.553619399530866e-10
1455 3083 9 1.6383247599773013e-11
1456 3083 9 1.6383247599773013e-11
1457 3083 104 3.811849921823258e-234
1457 3745 8 5.553619399530866e-10
1457 4256 10 4.3374950309673466e-13
1458 2310 8 5.553619399530866e-10
1458 3083 10 4.3374950309673466e-13
1460 3083 8 5.553619399530866e-10
1465 3083 9 1.6383247599773013e-11
1466 2007 20 9.18002353936276e-31
1466 3083 10 4.3374950309673466e-13
1468 3083 10 4.3374950309673466e-13
1469 3083 11 1.0408563195784318e-14
1469 4309 9 1.6383247599773013e-11
1474 5121 9 1.6383247599773013e-11
1478 2439 13 4.605660233677593e-18
1480 3783 9 1.6383247599773013e-11
1484 3083 8 5.553619399530866e-10
1489 2494 8 5.553619399530866e-10
1503 4725 8 5.553619399530866e-10
1530 3034 8 5.553619399530866e-10
1541 3049 51 1.1042340967851113e-97
1542 2937 9 1.6383247599773013e-11
1542 3049 13 4.605660233677593e-18
1547 2331 12 2.2825037878841703e-16
1547 3085 8 5.553619399530866e-10
1551 3846 11 1.0408563195784318e-14
1551 4271 10 4.3374950309673466e-13
1567 3529 10 4.3374950309673466e-13
1572 2732 26 1.4561313096936203e-42
1577 4275 19 7.16549839105877e-29
1611 3139 11 1.0408563195784318e-14
1613 3083 8 5.553619399530866e-10
1617 2553 8 5.553619399530866e-10
1619 4557 8 5.553619399530866e-10
1620 2478 8 5.553619399530866e-10
1620 2695 8 5.553619399530866e-10
1620 3282 8 5.553619399530866e-10
1620 4514 8 5.553619399530866e-10
1621 2977 11 1.0408563195784318e-14
1621 3222 19 7.16549839105877e-29
1621 3282 8 5.553619399530866e-10
1621 4926 8 5.553619399530866e-10
1622 2140 13 4.605660233677593e-18
1622 2449 8 5.553619399530866e-10
1622 2555 8 5.553619399530866e-10
1622 2977 8 5.553619399530866e-10
1622 3083 8 5.553619399530866e-10
1622 3271 9 1.6383247599773013e-11
1622 3280 9 1.6383247599773013e-11
1622 3281 12 2.2825037878841703e-16
1622 3282 9 1.6383247599773013e-11
1622 3312 8 5.553619399530866e-10
1622 3498 8 5.553619399530866e-10
1622 4336 10 4.3374950309673466e-13
1622 4516 8 5.553619399530866e-10
1622 4519 8 5.553619399530866e-10
1622 4520 9 1.6383247599773013e-11
1622 4522 9 1.6383247599773013e-11
1622 4526 9 1.6383247599773013e-11
1623 3280 8 5.553619399530866e-10
1623 3281 8 5.553619399530866e-10
1623 3311 8 5.553619399530866e-10
1623 3312 8 5.553619399530866e-10
1623 4210 9 1.6383247599773013e-11
1623 4215 9 1.6383247599773013e-11
1623 4724 8 5.553619399530866e-10
1624 3314 8 5.553619399530866e-10
1624 4216 8 5.553619399530866e-10
1627 2684 8 5.553619399530866e-10
1633 2554 8 5.553619399530866e-10
1633 2555 8 5.553619399530866e-10
1633 2975 8 5.553619399530866e-10
1633 3233 9 1.6383247599773013e-11
1633 3313 9 1.6383247599773013e-11
1634 4516 8 5.553619399530866e-10
1635 2937 8 5.553619399530866e-10
1635 2977 9 1.6383247599773013e-11
1635 3271 8 5.553619399530866e-10
1635 3273 8 5.553619399530866e-10
1635 3275 16 2.4260803801543526e-23
1635 3312 10 4.3374950309673466e-13
1635 4220 9 1.6383247599773013e-11
1635 4299 8 5.553619399530866e-10
1635 4329 10 4.3374950309673466e-13
1635 4516 8 5.553619399530866e-10
1636 2449 8 5.553619399530866e-10
1636 3235 8 5.553619399530866e-10
1636 3271 8 5.553619399530866e-10
1636 4254 8 5.553619399530866e-10
1636 4928 8 5.553619399530866e-10
1636 5231 8 5.553619399530866e-10
1637 3271 8 5.553619399530866e-10
1637 3281 8 5.553619399530866e-10
1637 4220 9 1.6383247599773013e-11
1637 4525 8 5.553619399530866e-10
1637 4526 8 5.553619399530866e-10
1638 2477 8 5.553619399530866e-10
1638 3253 9 1.6383247599773013e-11
1638 3281 9 1.6383247599773013e-11
1638 4329 8 5.553619399530866e-10
1638 4848 8 5.553619399530866e-10
1639 2976 8 5.553619399530866e-10
1639 3283 9 1.6383247599773013e-11
1639 3313 8 5.553619399530866e-10
1640 2266 9 1.6383247599773013e-11
1640 3311 9 1.6383247599773013e-11
1641 3087 8 5.553619399530866e-10
1641 4521 9 1.6383247599773013e-11
1641 4527 8 5.553619399530866e-10
1643 3071 9 1.6383247599773013e-11
1646 4185 10 4.3374950309673466e-13
1651 3158 10 4.3374950309673466e-13
1652 3876 26 1.4561313096936203e-42
1652 4512 39 3.2255166591377707e-70
1662 4528 8 5.553619399530866e-10
1663 1705 17 3.694363961938897e-25
1663 2301 8 5.553619399530866e-10
1664 2294 8 5.553619399530866e-10
1664 2784 9 1.6383247599773013e-11
1666 2783 8 5.553619399530866e-10
1667 2478 8 5.553619399530866e-10
1668 3306 8 5.553619399530866e-10
1678 3318 8 5.553619399530866e-10
1679 3069 8 5.553619399530866e-10
1681 3315 9 1.6383247599773013e-11
1683 5096 8 5.553619399530866e-10
1685 2838 28 1.199368212024424e-46
1685 3295 11 1.0408563195784318e-14
1685 4543 80 1.0078079297156039e-169
1689 1841 8 5.553619399530866e-10
1689 2787 8 5.553619399530866e-10
1690 2448 12 2.2825037878841703e-16
1703 3083 15 1.4944478224364457e-21
1703 3295 10 4.3374950309673466e-13
1703 4543 152 0.0
1703 4660 9 1.6383247599773013e-11
1704 3083 48 1.1446064235582505e-90
1704 4271 9 1.6383247599773013e-11
1705 2708 13 4.605660233677593e-18
1705 3083 22 1.291013044645158e-34
1706 3083 26 1.4561313096936203e-42
1707 3083 23 1.4232691808123389e-36
1708 3083 21 1.1162107078077204e-32
1709 3083 15 1.4944478224364457e-21
1710 3083 13 4.605660233677593e-18
1711 3083 19 7.16549839105877e-29
1711 4580 11 1.0408563195784318e-14
1712 3083 15 1.4944478224364457e-21
1713 3083 18 5.2951278939819806e-27
1714 3083 18 5.2951278939819806e-27
1714 4303 10 4.3374950309673466e-13
1715 3083 15 1.4944478224364457e-21
1716 3083 15 1.4944478224364457e-21
1717 3083 16 2.4260803801543526e-23
1718 3083 9 1.6383247599773013e-11
1719 3083 16 2.4260803801543526e-23
1720 2414 13 4.605660233677593e-18
1720 3083 14 8.601650949136351e-20
1721 3083 21 1.1162107078077204e-32
1722 3083 14 8.601650949136351e-20
1723 3083 19 7.16549839105877e-29
1724 3083 20 9.18002353936276e-31
1726 3083 15 1.4944478224364457e-21
1727 3083 18 5.2951278939819806e-27
1728 3083 16 2.4260803801543526e-23
1729 3083 16 2.4260803801543526e-23
1730 3083 12 2.2825037878841703e-16
1731 3083 14 8.601650949136351e-20
1732 2373 17 3.694363961938897e-25
1732 3083 14 8.601650949136351e-20
1733 3083 15 1.4944478224364457e-21
1734 3083 14 8.601650949136351e-20
1735 3083 15 1.4944478224364457e-21
1736 3083 18 5.2951278939819806e-27
1737 3083 14 8.601650949136351e-20
1738 3083 12 2.2825037878841703e-16
1739 3083 11 1.0408563195784318e-14
1740 3083 17 3.694363961938897e-25
1741 3083 24 1.498405227789728e-38
1742 3083 15 1.4944478224364457e-21
1743 3083 12 2.2825037878841703e-16
1744 3083 11 1.0408563195784318e-14
1745 3083 13 4.605660233677593e-18
1746 3083 11 1.0408563195784318e-14
1748 3083 13 4.605660233677593e-18
1749 2364 10 4.3374950309673466e-13
1749 3083 11 1.0408563195784318e-14
1750 2364 15 1.4944478224364457e-21
1750 3083 11 1.0408563195784318e-14
1751 2364 10 4.3374950309673466e-13
1751 3083 16 2.4260803801543526e-23
1752 3083 9 1.6383247599773013e-11
1753 3083 10 4.3374950309673466e-13
1754 3083 17 3.694363961938897e-25
1755 3083 19 7.16549839105877e-29
1756 3083 10 4.3374950309673466e-13
1757 3083 19 7.16549839105877e-29
1758 3083 10 4.3374950309673466e-13
1759 3083 15 1.4944478224364457e-21
1759 4512 8 5.553619399530866e-10
1760 3083 14 8.601650949136351e-20
1763 3083 12 2.2825037878841703e-16
1764 3083 15 1.4944478224364457e-21
1765 3083 11 1.0408563195784318e-14
1766 3083 10 4.3374950309673466e-13
1767 3083 13 4.605660233677593e-18
1768 3083 14 8.601650949136351e-20
1769 3083 9 1.6383247599773013e-11
1770 3083 14 8.601650949136351e-20
1771 3083 10 4.3374950309673466e-13
1771 3377 30 8.461380385772044e-51
1772 3083 18 5.2951278939819806e-27
1772 3377 19 7.16549839105877e-29
1773 3083 14 8.601650949136351e-20
1774 3083 8 5.553619399530866e-10
1776 3083 14 8.601650949136351e-20
1777 3083 8 5.553619399530866e-10
1785 3083 8 5.553619399530866e-10
1792 3083 8 5.553619399530866e-10
1795 3083 12 2.2825037878841703e-16
1796 3083 8 5.553619399530866e-10
1797 4571 16 2.4260803801543526e-23
1800 2522 8 5.553619399530866e-10
1802 3083 12 2.2825037878841703e-16
1805 3083 8 5.553619399530866e-10
1805 4952 16 2.4260803801543526e-23
1810 3662 19 7.16549839105877e-29
1811 4329 9 1.6383247599773013e-11
1813 2258 8 5.553619399530866e-10
1824 2216 9 1.6383247599773013e-11
1830 3170 24 1.498405227789728e-38
1831 3083 9 1.6383247599773013e-11
1831 4835 12 2.2825037878841703e-16
1832 4835 28 1.199368212024424e-46
1837 4891 32 5.159626606161693e-55
1837 4892 9 1.6383247599773013e-11
1850 4362 29 1.0264672590330286e-48
1851 2641 10 4.3374950309673466e-13
1851 5167 8 5.553619399530866e-10
1868 2325 11 1.0408563195784318e-14
1868 2681 9 1.6383247599773013e-11
1870 2940 9 1.6383247599773013e-11
1870 3764 9 1.6383247599773013e-11
1880 2206 8 5.553619399530866e-10
1880 2207 23 1.4232691808123389e-36
1881 4895 11 1.0408563195784318e-14
1909 5040 9 1.6383247599773013e-11
1910 5040 10 4.3374950309673466e-13
1915 4373 16 2.4260803801543526e-23
1921 3290 11 1.0408563195784318e-14
1927 2870 8 5.553619399530866e-10
1927 5139 9 1.6383247599773013e-11
1947 2743 12 2.2825037878841703e-16
1963 2378 10 4.3374950309673466e-13
1963 2379 33 3.8243937507786666e-57
1966 4820 11 1.0408563195784318e-14
1978 3732 9 1.6383247599773013e-11
1978 3882 11 1.0408563195784318e-14
1990 4366 8 5.553619399530866e-10
1991 2990 16 2.4260803801543526e-23
1995 2302 10 4.3374950309673466e-13
1996 3320 8 5.553619399530866e-10
2003 3083 52 4.830708628161697e-100
2003 4256 18 5.2951278939819806e-27
2004 2310 8 5.553619399530866e-10
2004 3083 59 7.917837827366803e-117
2004 4256 14 8.601650949136351e-20
2004 4519 8 5.553619399530866e-10
2005 3083 28 1.199368212024424e-46
2006 3083 26 1.4561313096936203e-42
2006 3087 8 5.553619399530866e-10
2006 3117 8 5.553619399530866e-10
2006 4256 8 5.553619399530866e-10
2007 3083 28 1.199368212024424e-46
2008 3083 11 1.0408563195784318e-14
2009 3083 24 1.498405227789728e-38
2010 3083 28 1.199368212024424e-46
2011 2815 17 3.694363961938897e-25
2011 3083 23 1.4232691808123389e-36
2011 5293 34 2.741211553042017e-59
2019 3083 15 1.4944478224364457e-21
2022 3083 19 7.16549839105877e-29
2023 3083 15 1.4944478224364457e-21
2024 3083 19 7.16549839105877e-29
2025 3083 12 2.2825037878841703e-16
2026 3083 9 1.6383247599773013e-11
2027 3083 12 2.2825037878841703e-16
2030 3083 10 4.3374950309673466e-13
2031 3050 9 1.6383247599773013e-11
2031 3083 20 9.18002353936276e-31
2032 3083 13 4.605660233677593e-18
2032 3090 8 5.553619399530866e-10
2032 3877 10 4.3374950309673466e-13
2034 3083 11 1.0408563195784318e-14
2036 3083 21 1.1162107078077204e-32
2037 3083 13 4.605660233677593e-18
2046 3083 10 4.3374950309673466e-13
2047 2392 9 1.6383247599773013e-11
2047 2393 10 4.3374950309673466e-13
2047 3083 14 8.601650949136351e-20
2048 3083 10 4.3374950309673466e-13
2048 4512 8 5.553619399530866e-10
2049 3083 16 2.4260803801543526e-23
2050 3083 18 5.2951278939819806e-27
2051 3083 9 1.6383247599773013e-11
2052 3083 11 1.0408563195784318e-14
2053 3083 17 3.694363961938897e-25
2053 4513 8 5.553619399530866e-10
2054 3083 18 5.2951278939819806e-27
2054 4848 8 5.553619399530866e-10
2055 3083 10 4.3374950309673466e-13
2055 4512 9 1.6383247599773013e-11
2055 4513 10 4.3374950309673466e-13
2056 2609 9 1.6383247599773013e-11
2056 2628 13 4.605660233677593e-18
2056 2655 9 1.6383247599773013e-11
2056 3086 8 5.553619399530866e-10
2056 3232 8 5.553619399530866e-10
2056 4299 8 5.553619399530866e-10
2056 4512 10 4.3374950309673466e-13
2056 4513 9 1.6383247599773013e-11
2056 4515 9 1.6383247599773013e-11
2056 4519 9 1.6383247599773013e-11
2056 4520 8 5.553619399530866e-10
2056 4521 11 1.0408563195784318e-14
2056 4844 8 5.553619399530866e-10
2056 4847 11 1.0408563195784318e-14
2056 4848 9 1.6383247599773013e-11
2057 2697 8 5.553619399530866e-10
2057 3083 11 1.0408563195784318e-14
2057 4517 8 5.553619399530866e-10
2057 4521 12 2.2825037878841703e-16
2058 3083 11 1.0408563195784318e-14
2058 3089 8 5.553619399530866e-10
2058 3090 8 5.553619399530866e-10
2059 2329 9 1.6383247599773013e-11
2059 3083 19 7.16549839105877e-29
2059 3087 8 5.553619399530866e-10
2059 4329 9 1.6383247599773013e-11
2059 4848 13 4.605660233677593e-18
2059 4849 10 4.3374950309673466e-13
2060 3083 10 4.3374950309673466e-13
2061 3481 11 1.0408563195784318e-14
2066 3265 9 1.6383247599773013e-11
2067 3083 14 8.601650949136351e-20
2068 3083 19 7.16549839105877e-29
2069 3083 9 1.6383247599773013e-11
2070 3083 9 1.6383247599773013e-11
2075 3083 10 4.3374950309673466e-13
2091 3083 10 4.3374950309673466e-13
2093 3083 11 1.0408563195784318e-14
2096 3083 10 4.3374950309673466e-13
2099 3083 10 4.3374950309673466e-13
2099 4512 8 5.553619399530866e-10
2100 4512 10 4.3374950309673466e-13
2101 2695 8 5.553619399530866e-10
2101 2975 8 5.553619399530866e-10
2101 4214 8 5.553619399530866e-10
2101 4512 9 1.6383247599773013e-11
2101 4849 8 5.553619399530866e-10
2102 2609 9 1.6383247599773013e-11
2102 2975 8 5.553619399530866e-10
2102 4512 9 1.6383247599773013e-11
2102 4844 8 5.553619399530866e-10
2103 3273 8 5.553619399530866e-10
2103 4216 8 5.553619399530866e-10
2103 4217 8 5.553619399530866e-10
2126 3083 8 5.553619399530866e-10
2170 4917 8 5.553619399530866e-10
2171 4217 13 4.605660233677593e-18
2172 5292 14 8.601650949136351e-20
2175 2872 9 1.6383247599773013e-11
2178 2409 11 1.0408563195784318e-14
2184 3954 15 1.4944478224364457e-21
2184 4074 17 3.694363961938897e-25
2184 4075 8 5.553619399530866e-10
2189 4651 20 9.18002353936276e-31
2190 2323 14 8.601650949136351e-20
2190 4651 11 1.0408563195784318e-14
2201 2427 10 4.3374950309673466e-13
2204 4403 17 3.694363961938897e-25
2212 3319 8 5.553619399530866e-10
2213 2522 8 5.553619399530866e-10
2213 3282 8 5.553619399530866e-10
2213 3546 8 5.553619399530866e-10
2215 2662 22 1.291013044645158e-34
2220 3563 20 9.18002353936276e-31
2229 3179 9 1.6383247599773013e-11
2232 2917 13 4.605660233677593e-18
2239 2922 21 1.1162107078077204e-32
2264 3681 14 8.601650949136351e-20
2265 2783 8 5.553619399530866e-10
2265 2784 9 1.6383247599773013e-11
2265 3308 13 4.605660233677593e-18
2266 2555 8 5.553619399530866e-10
2266 3069 8 5.553619399530866e-10
2266 3272 9 1.6383247599773013e-11
2266 3308 8 5.553619399530866e-10
2266 3311 9 1.6383247599773013e-11
2266 4255 8 5.553619399530866e-10
2266 4849 8 5.553619399530866e-10
2268 4927 34 2.741211553042017e-59
2271 4298 8 5.553619399530866e-10
2272 3440 13 4.605660233677593e-18
2294 3247 9 1.6383247599773013e-11
2309 3083 45 9.513316086293643e-84
2310 3083 74 2.983749645476455e-154
2310 4256 11 1.0408563195784318e-14
2310 4543 116 0.0
2311 2652 14 8.601650949136351e-20
2311 3083 35 1.9016365429526507e-61
2311 3863 10 4.3374950309673466e-13
2312 3083 23 1.4232691808123389e-36
2312 3572 11 1.0408563195784318e-14
2313 3083 19 7.16549839105877e-29
2314 3083 18 5.2951278939819806e-27
2314 3844 12 2.2825037878841703e-16
2314 3845 8 5.553619399530866e-10
2315 3083 19 7.16549839105877e-29
2316 3083 26 1.4561313096936203e-42
2317 3083 31 6.7253839102895e-53
2318 3083 15 1.4944478224364457e-21
2319 3083 22 1.291013044645158e-34
2320 3083 25 1.5090526906811503e-40
2321 3083 24 1.498405227789728e-38
2322 3083 27 1.348197483427147e-44
2323 3083 30 8.461380385772044e-51
2324 3083 24 1.498405227789728e-38
2325 3083 28 1.199368212024424e-46
2326 2611 9 1.6383247599773013e-11
2326 3083 27 1.348197483427147e-44
2326 4851 11 1.0408563195784318e-14
2327 3083 18 5.2951278939819806e-27
2328 3083 17 3.694363961938897e-25
2329 3083 14 8.601650949136351e-20
2330 3083 16 2.4260803801543526e-23
2331 3083 16 2.4260803801543526e-23
2332 3083 16 2.4260803801543526e-23
2333 3083 14 8.601650949136351e-20
2335 3083 13 4.605660233677593e-18
2336 3083 13 4.605660233677593e-18
2337 3083 12 2.2825037878841703e-16
2338 3083 11 1.0408563195784318e-14
2339 3083 11 1.0408563195784318e-14
2340 3083 19 7.16549839105877e-29
2341 3083 23 1.4232691808123389e-36
2342 3083 10 4.3374950309673466e-13
2349 3083 19 7.16549839105877e-29
2350 3083 17 3.694363961938897e-25
2350 3085 8 5.553619399530866e-10
2351 3083 14 8.601650949136351e-20
2352 3083 11 1.0408563195784318e-14
2353 3083 10 4.3374950309673466e-13
2354 3083 16 2.4260803801543526e-23
2355 3083 13 4.605660233677593e-18
2356 3083 17 3.694363961938897e-25
2357 3083 20 9.18002353936276e-31
2357 4256 8 5.553619399530866e-10
2358 3083 14 8.601650949136351e-20
2359 3083 18 5.2951278939819806e-27
2360 3083 14 8.601650949136351e-20
2361 2892 12 2.2825037878841703e-16
2362 3083 9 1.6383247599773013e-11
2363 3083 8 5.553619399530866e-10
2365 3083 11 1.0408563195784318e-14
2367 3083 17 3.694363961938897e-25
2369 3083 15 1.4944478224364457e-21
2370 3083 12 2.2825037878841703e-16
2371 3083 10 4.3374950309673466e-13
2372 3083 10 4.3374950309673466e-13
2372 4193 17 3.694363961938897e-25
2373 3083 15 1.4944478224364457e-21
2373 5257 22 1.291013044645158e-34
2374 3083 10 4.3374950309673466e-13
2375 3083 10 4.3374950309673466e-13
2377 3083 8 5.553619399530866e-10
2378 3083 9 1.6383247599773013e-11
2379 3083 10 4.3374950309673466e-13
2380 3083 9 1.6383247599773013e-11
2386 3083 8 5.553619399530866e-10
2389 3083 11 1.0408563195784318e-14
2390 3083 8 5.553619399530866e-10
2392 3083 10 4.3374950309673466e-13
2394 3083 11 1.0408563195784318e-14
2395 3083 8 5.553619399530866e-10
2398 3083 10 4.3374950309673466e-13
2399 3083 9 1.6383247599773013e-11
2400 3083 15 1.4944478224364457e-21
2401 3083 10 4.3374950309673466e-13
2401 3573 15 1.4944478224364457e-21
2401 4984 8 5.553619399530866e-10
2407 3840 15 1.4944478224364457e-21
2413 3083 9 1.6383247599773013e-11
2428 3083 8 5.553619399530866e-10
2435 4503 19 7.16549839105877e-29
2437 4976 10 4.3374950309673466e-13
2438 3083 8 5.553619399530866e-10
2442 2845 8 5.553619399530866e-10
2446 3083 8 5.553619399530866e-10
2449 2784 9 1.6383247599773013e-11
2449 4214 8 5.553619399530866e-10
2449 4929 8 5.553619399530866e-10
2451 4558 8 5.553619399530866e-10
2452 3216 9 1.6383247599773013e-11
2452 4782 8 5.553619399530866e-10
2458 3909 9 1.6383247599773013e-11
2458 3910 8 5.553619399530866e-10
2476 3083 8 5.553619399530866e-10
2477 4557 8 5.553619399530866e-10
2478 2677 31 6.7253839102895e-53
2488 4716 9 1.6383247599773013e-11
2495 3215 19 7.16549839105877e-29
2503 3432 13 4.605660233677593e-18
2506 3908 10 4.3374950309673466e-13
2510 3427 9 1.6383247599773013e-11
2511 3332 9 1.6383247599773013e-11
2511 3427 32 5.159626606161693e-55
2511 5067 8 5.553619399530866e-10
2520 2930 32 5.159626606161693e-55
2520 2931 133 0.0
2520 2932 9 1.6383247599773013e-11
2520 3237 9 1.6383247599773013e-11
2520 3547 9 1.6383247599773013e-11
2520 4215 9 1.6383247599773013e-11
2521 5070 9 1.6383247599773013e-11
2522 4454 8 5.553619399530866e-10
2523 2692 8 5.553619399530866e-10
2549 3309 9 1.6383247599773013e-11
2553 2784 9 1.6383247599773013e-11
2554 2977 9 1.6383247599773013e-11
2554 3271 9 1.6383247599773013e-11
2554 4220 9 1.6383247599773013e-11
2554 4255 10 4.3374950309673466e-13
2555 2783 10 4.3374950309673466e-13
2555 2784 8 5.553619399530866e-10
2555 3332 44 1.8310770374006103e-81
2555 4255 9 1.6383247599773013e-11
2556 3271 8 5.553619399530866e-10
2556 3291 8 5.553619399530866e-10
2565 4653 16 2.4260803801543526e-23
2566 4653 31 6.7253839102895e-53
2566 4958 16 2.4260803801543526e-23
2573 3083 18 5.2951278939819806e-27
2574 3083 36 1.2778082707800063e-63
2575 3083 30 8.461380385772044e-51
2576 3083 30 8.461380385772044e-51
2577 3083 16 2.4260803801543526e-23
2578 3083 26 1.4561313096936203e-42
2578 3499 9 1.6383247599773013e-11
2579 3083 19 7.16549839105877e-29
2579 3501 14 8.601650949136351e-20
2580 3083 19 7.16549839105877e-29
2581 3083 27 1.348197483427147e-44
2582 3083 16 2.4260803801543526e-23
2583 3083 19 7.16549839105877e-29
2584 3083 20 9.18002353936276e-31
2585 3083 19 7.16549839105877e-29
2586 3083 18 5.2951278939819806e-27
2587 3083 9 1.6383247599773013e-11
2588 3083 25 1.5090526906811503e-40
2589 3083 13 4.605660233677593e-18
2590 3083 10 4.3374950309673466e-13
2591 3083 17 3.694363961938897e-25
2592 3083 16 2.4260803801543526e-23
2593 3083 11 1.0408563195784318e-14
2594 3083 21 1.1162107078077204e-32
2595 3083 15 1.4944478224364457e-21
2596 3083 19 7.16549839105877e-29
2597 3083 17 3.694363961938897e-25
2598 3083 17 3.694363961938897e-25
2599 3083 15 1.4944478224364457e-21
2600 3083 13 4.605660233677593e-18
2601 3083 13 4.605660233677593e-18
2602 3083 19 7.16549839105877e-29
2603 3083 14 8.601650949136351e-20
2604 3083 15 1.4944478224364457e-21
2605 3083 11 1.0408563195784318e-14
2605 5123 18 5.2951278939819806e-27
2607 3083 20 9.18002353936276e-31
2608 3083 23 1.4232691808123389e-36
2608 4843 8 5.553619399530866e-10
2609 3083 15 1.4944478224364457e-21
2609 3086 9 1.6383247599773013e-11
2609 3089 10 4.3374950309673466e-13
2609 4723 20 9.18002353936276e-31
2610 3083 8 5.553619399530866e-10
2610 4217 8 5.553619399530866e-10
2610 4513 10 4.3374950309673466e-13
2611 3083 22 1.291013044645158e-34
2612 3083 12 2.2825037878841703e-16
2613 3083 12 2.2825037878841703e-16
2614 3083 8 5.553619399530866e-10
2615 3083 12 2.2825037878841703e-16
2616 3083 13 4.605660233677593e-18
2617 3083 10 4.3374950309673466e-13
2618 3083 14 8.601650949136351e-20
2620 3083 12 2.2825037878841703e-16
2621 3083 14 8.601650949136351e-20
2621 4053 8 5.553619399530866e-10
2622 3083 8 5.553619399530866e-10
2624 3083 11 1.0408563195784318e-14
2626 3083 11 1.0408563195784318e-14
2627 3083 8 5.553619399530866e-10
2628 3083 8 5.553619399530866e-10
2629 2828 10 4.3374950309673466e-13
2629 3083 15 1.4944478224364457e-21
2630 3083 11 1.0408563195784318e-14
2631 3083 10 4.3374950309673466e-13
2632 3083 9 1.6383247599773013e-11
2634 3083 9 1.6383247599773013e-11
2635 3083 9 1.6383247599773013e-11
2637 3083 13 4.605660233677593e-18
2638 3083 8 5.553619399530866e-10
2639 3083 9 1.6383247599773013e-11
2640 3083 9 1.6383247599773013e-11
2640 4843 8 5.553619399530866e-10
2641 3083 9 1.6383247599773013e-11
2642 3083 11 1.0408563195784318e-14
2643 3083 11 1.0408563195784318e-14
2645 3083 9 1.6383247599773013e-11
2646 3103 8 5.553619399530866e-10
2647 3083 14 8.601650949136351e-20
2647 4159 10 4.3374950309673466e-13
2649 3083 10 4.3374950309673466e-13
2651 3083 10 4.3374950309673466e-13
2651 4512 8 5.553619399530866e-10
2652 3083 11 1.0408563195784318e-14
2654 3083 9 1.6383247599773013e-11
2655 3086 8 5.553619399530866e-10
2655 3087 11 1.0408563195784318e-14
2655 4513 8 5.553619399530866e-10
2655 4515 8 5.553619399530866e-10
2655 4522 8 5.553619399530866e-10
2656 4513 9 1.6383247599773013e-11
2656 4514 8 5.553619399530866e-10
2656 4846 9 1.6383247599773013e-11
2657 4495 10 4.3374950309673466e-13
2661 3083 12 2.2825037878841703e-16
2662 3083 10 4.3374950309673466e-13
2663 3083 8 5.553619399530866e-10
2663 4681 10 4.3374950309673466e-13
2664 3083 11 1.0408563195784318e-14
2667 3083 8 5.553619399530866e-10
2668 3083 9 1.6383247599773013e-11
2669 3083 8 5.553619399530866e-10
2674 3083 8 5.553619399530866e-10
2675 3083 12 2.2825037878841703e-16
2680 3083 10 4.3374950309673466e-13
2681 3083 9 1.6383247599773013e-11
2681 4220 9 1.6383247599773013e-11
2682 4219 8 5.553619399530866e-10
2682 4330 8 5.553619399530866e-10
2682 4521 11 1.0408563195784318e-14
2682 4522 10 4.3374950309673466e-13
2682 4726 8 5.553619399530866e-10
2683 4521 9 1.6383247599773013e-11
2686 3083 11 1.0408563195784318e-14
2686 3373 8 5.553619399530866e-10
2686 4219 11 1.0408563195784318e-14
2694 3083 10 4.3374950309673466e-13
2694 4218 9 1.6383247599773013e-11
2695 4220 9 1.6383247599773013e-11
2695 4515 9 1.6383247599773013e-11
2695 4847 9 1.6383247599773013e-11
2695 4927 8 5.553619399530866e-10
2697 4515 10 4.3374950309673466e-13
2697 4520 8 5.553619399530866e-10
2697 4522 8 5.553619399530866e-10
2697 5225 23 1.4232691808123389e-36
2698 3083 9 1.6383247599773013e-11
2698 4557 9 1.6383247599773013e-11
2702 4633 19 7.16549839105877e-29
2708 4223 8 5.553619399530866e-10
2709 3483 9 1.6383247599773013e-11
2709 3876 8 5.553619399530866e-10
2714 5154 15 1.4944478224364457e-21
2714 5155 9 1.6383247599773013e-11
2730 4591 14 8.601650949136351e-20
2732 3643 21 1.1162107078077204e-32
2742 4530 8 5.553619399530866e-10
2743 4391 11 1.0408563195784318e-14
2743 4392 10 4.3374950309673466e-13
2769 3773 8 5.553619399530866e-10
2781 4357 15 1.4944478224364457e-21
2782 2977 8 5.553619399530866e-10
2783 2977 9 1.6383247599773013e-11
2783 3279 9 1.6383247599773013e-11
2783 3311 9 1.6383247599773013e-11
2783 3546 8 5.553619399530866e-10
2783 3547 8 5.553619399530866e-10
2784 4209 8 5.553619399530866e-10
2784 4220 9 1.6383247599773013e-11
2804 4365 29 1.0264672590330286e-48
2814 4543 8 5.553619399530866e-10
2815 5293 10 4.3374950309673466e-13
2822 3083 10 4.3374950309673466e-13
2823 3083 12 2.2825037878841703e-16
2824 3083 17 3.694363961938897e-25
2825 3083 19 7.16549839105877e-29
2826 3083 16 2.4260803801543526e-23
2827 3083 9 1.6383247599773013e-11
2828 3083 21 1.1162107078077204e-32
2829 3083 30 8.461380385772044e-51
2830 3083 21 1.1162107078077204e-32
2831 3083 21 1.1162107078077204e-32
2832 3083 14 8.601650949136351e-20
2833 3083 18 5.2951278939819806e-27
2834 3083 19 7.16549839105877e-29
2835 3083 17 3.694363961938897e-25
2836 3083 9 1.6383247599773013e-11
2837 3083 8 5.553619399530866e-10
2838 3083 10 4.3374950309673466e-13
2838 4543 8 5.553619399530866e-10
2840 3083 11 1.0408563195784318e-14
2842 3083 8 5.553619399530866e-10
2843 3083 8 5.553619399530866e-10
2845 3083 14 8.601650949136351e-20
2846 3083 11 1.0408563195784318e-14
2847 3083 10 4.3374950309673466e-13
2848 3111 18 5.2951278939819806e-27
2850 3083 12 2.2825037878841703e-16
2851 3083 11 1.0408563195784318e-14
2851 4910 16 2.4260803801543526e-23
2852 3083 14 8.601650949136351e-20
2853 3083 10 4.3374950309673466e-13
2854 3083 8 5.553619399530866e-10
2855 3083 17 3.694363961938897e-25
2856 3083 9 1.6383247599773013e-11
2857 3083 9 1.6383247599773013e-11
2858 3083 11 1.0408563195784318e-14
2859 3083 10 4.3374950309673466e-13
2860 3083 8 5.553619399530866e-10
2860 3572 33 3.8243937507786666e-57
2863 3083 10 4.3374950309673466e-13
2865 3083 10 4.3374950309673466e-13
2866 3083 11 1.0408563195784318e-14
2867 3083 11 1.0408563195784318e-14
2868 3083 10 4.3374950309673466e-13
2869 3083 9 1.6383247599773013e-11
2870 3083 8 5.553619399530866e-10
2870 3385 12 2.2825037878841703e-16
2871 3083 10 4.3374950309673466e-13
2875 3083 9 1.6383247599773013e-11
2876 3083 9 1.6383247599773013e-11
2877 3083 9 1.6383247599773013e-11
2877 4811 20 9.18002353936276e-31
2878 3083 10 4.3374950309673466e-13
2879 3083 8 5.553619399530866e-10
2881 3083 12 2.2825037878841703e-16
2882 3083 9 1.6383247599773013e-11
2883 3083 13 4.605660233677593e-18
2884 3083 8 5.553619399530866e-10
2887 3083 8 5.553619399530866e-10
2888 3083 8 5.553619399530866e-10
2890 3083 9 1.6383247599773013e-11
2894 3083 9 1.6383247599773013e-11
2895 3083 8 5.553619399530866e-10
2896 3083 10 4.3374950309673466e-13
2898 3083 9 1.6383247599773013e-11
2920 3083 8 5.553619399530866e-10
2930 3083 9 1.6383247599773013e-11
2937 3497 8 5.553619399530866e-10
2938 3495 8 5.553619399530866e-10
2938 5166 11 1.0408563195784318e-14
2948 3577 25 1.5090526906811503e-40
2956 3083 8 5.553619399530866e-10
2972 4527 13 4.605660233677593e-18
2975 3272 10 4.3374950309673466e-13
2975 3273 8 5.553619399530866e-10
2975 3308 10 4.3374950309673466e-13
2975 4215 11 1.0408563195784318e-14
2975 4848 9 1.6383247599773013e-11
2975 4928 9 1.6383247599773013e-11
2976 3271 8 5.553619399530866e-10
2976 3273 8 5.553619399530866e-10
2976 3310 9 1.6383247599773013e-11
2976 3311 8 5.553619399530866e-10
2976 3318 12 2.2825037878841703e-16
2976 4215 9 1.6383247599773013e-11
2976 4220 8 5.553619399530866e-10
2976 4846 8 5.553619399530866e-10
2976 4847 14 8.601650949136351e-20
2976 4848 9 1.6383247599773013e-11
2976 5157 8 5.553619399530866e-10
2977 3271 8 5.553619399530866e-10
2977 3272 9 1.6383247599773013e-11
2977 3283 10 4.3374950309673466e-13
2977 3312 8 5.553619399530866e-10
2977 3317 10 4.3374950309673466e-13
2977 3318 9 1.6383247599773013e-11
2977 4214 9 1.6383247599773013e-11
2977 4215 11 1.0408563195784318e-14
2977 4533 8 5.553619399530866e-10
2977 4846 8 5.553619399530866e-10
2977 4847 11 1.0408563195784318e-14
2977 4926 8 5.553619399530866e-10
2978 4220 8 5.553619399530866e-10
2992 4080 8 5.553619399530866e-10
3022 3303 23 1.4232691808123389e-36
3031 4610 11 1.0408563195784318e-14
3045 4098 11 1.0408563195784318e-14
3050 4531 13 4.605660233677593e-18
3058 3547 9 1.6383247599773013e-11
3069 3291 9 1.6383247599773013e-11
3071 3308 8 5.553619399530866e-10
3072 3291 8 5.553619399530866e-10
3075 4958 9 1.6383247599773013e-11
3076 4958 10 4.3374950309673466e-13
3083 3329 11 1.0408563195784318e-14
3083 3331 12 2.2825037878841703e-16
3083 3334 9 1.6383247599773013e-11
3083 3335 10 4.3374950309673466e-13
3083 3337 9 1.6383247599773013e-11
3083 3339 9 1.6383247599773013e-11
3083 3344 8 5.553619399530866e-10
3083 3347 11 1.0408563195784318e-14
3083 3350 11 1.0408563195784318e-14
3083 3351 9 1.6383247599773013e-11
3083 3353 12 2.2825037878841703e-16
3083 3357 8 5.553619399530866e-10
3083 3392 8 5.553619399530866e-10
3083 3401 10 4.3374950309673466e-13
3083 3571 8 5.553619399530866e-10
3083 3572 34 2.741211553042017e-59
3083 3573 33 3.8243937507786666e-57
3083 3574 17 3.694363961938897e-25
3083 3575 11 1.0408563195784318e-14
3083 3576 19 7.16549839105877e-29
3083 3577 13 4.605660233677593e-18
3083 3578 17 3.694363961938897e-25
3083 3579 24 1.498405227789728e-38
3083 3580 19 7.16549839105877e-29
3083 3581 16 2.4260803801543526e-23
3083 3582 14 8.601650949136351e-20
3083 3583 21 1.1162107078077204e-32
3083 3584 15 1.4944478224364457e-21
3083 3585 21 1.1162107078077204e-32
3083 3586 15 1.4944478224364457e-21
3083 3587 16 2.4260803801543526e-23
3083 3588 11 1.0408563195784318e-14
3083 3589 23 1.4232691808123389e-36
3083 3590 23 1.4232691808123389e-36
3083 3591 12 2.2825037878841703e-16
3083 3592 18 5.2951278939819806e-27
3083 3593 15 1.4944478224364457e-21
3083 3594 20 9.18002353936276e-31
3083 3596 13 4.605660233677593e-18
3083 3597 15 1.4944478224364457e-21
3083 3598 10 4.3374950309673466e-13
3083 3599 11 1.0408563195784318e-14
3083 3600 9 1.6383247599773013e-11
3083 3601 15 1.4944478224364457e-21
3083 3602 12 2.2825037878841703e-16
3083 3603 15 1.4944478224364457e-21
3083 3604 9 1.6383247599773013e-11
3083 3605 11 1.0408563195784318e-14
3083 3606 13 4.605660233677593e-18
3083 3607 14 8.601650949136351e-20
3083 3608 15 1.4944478224364457e-21
3083 3609 9 1.6383247599773013e-11
3083 3610 8 5.553619399530866e-10
3083 3611 10 4.3374950309673466e-13
3083 3612 13 4.605660233677593e-18
3083 3613 13 4.605660233677593e-18
3083 3614 15 1.4944478224364457e-21
3083 3615 10 4.3374950309673466e-13
3083 3617 11 1.0408563195784318e-14
3083 3618 10 4.3374950309673466e-13
3083 3619 10 4.3374950309673466e-13
3083 3622 8 5.553619399530866e-10
3083 3623 8 5.553619399530866e-10
3083 3625 9 1.6383247599773013e-11
3083 3626 8 5.553619399530866e-10
3083 3627 8 5.553619399530866e-10
3083 3628 9 1.6383247599773013e-11
3083 3630 13 4.605660233677593e-18
3083 3631 12 2.2825037878841703e-16
3083 3632 8 5.553619399530866e-10
3083 3633 14 8.601650949136351e-20
3083 3636 8 5.553619399530866e-10
3083 3637 9 1.6383247599773013e-11
3083 3641 12 2.2825037878841703e-16
3083 3649 10 4.3374950309673466e-13
3083 3651 8 5.553619399530866e-10
3083 3652 11 1.0408563195784318e-14
3083 3655 10 4.3374950309673466e-13
3083 3659 9 1.6383247599773013e-11
3083 3662 8 5.553619399530866e-10
3083 3663 10 4.3374950309673466e-13
3083 3664 9 1.6383247599773013e-11
3083 3674 8 5.553619399530866e-10
3083 3681 34 2.741211553042017e-59
3083 3682 11 1.0408563195784318e-14
3083 3823 10 4.3374950309673466e-13
3083 3824 23 1.4232691808123389e-36
3083 3826 15 1.4944478224364457e-21
3083 3827 12 2.2825037878841703e-16
3083 3829 15 1.4944478224364457e-21
3083 3830 16 2.4260803801543526e-23
3083 3831 19 7.16549839105877e-29
3083 3832 18 5.2951278939819806e-27
3083 3833 20 9.18002353936276e-31
3083 3834 20 9.18002353936276e-31
3083 3835 13 4.605660233677593e-18
3083 3836 16 2.4260803801543526e-23
3083 3837 16 2.4260803801543526e-23
3083 3838 23 1.4232691808123389e-36
3083 3839 18 5.2951278939819806e-27
3083 3840 11 1.0408563195784318e-14
3083 3841 16 2.4260803801543526e-23
3083 3842 16 2.4260803801543526e-23
3083 3843 22 1.291013044645158e-34
3083 3844 33 3.8243937507786666e-57
3083 3845 26 1.4561313096936203e-42
3083 3846 35 1.9016365429526507e-61
3083 3847 20 9.18002353936276e-31
3083 3848 19 7.16549839105877e-29
3083 3849 17 3.694363961938897e-25
3083 3850 13 4.605660233677593e-18
3083 3851 20 9.18002353936276e-31
3083 3852 8 5.553619399530866e-10
3083 3854 9 1.6383247599773013e-11
3083 3858 12 2.2825037878841703e-16
3083 3861 13 4.605660233677593e-18
3083 3862 8 5.553619399530866e-10
3083 3863 11 1.0408563195784318e-14
3083 3867 8 5.553619399530866e-10
3083 3872 8 5.553619399530866e-10
3083 3873 8 5.553619399530866e-10
3083 3874 9 1.6383247599773013e-11
3083 3876 14 8.601650949136351e-20
3083 3882 8 5.553619399530866e-10
3083 3889 10 4.3374950309673466e-13
3083 3898 9 1.6383247599773013e-11
3083 3900 8 5.553619399530866e-10
3083 3902 8 5.553619399530866e-10
3083 3903 8 5.553619399530866e-10
3083 3916 8 5.553619399530866e-10
3083 3944 8 5.553619399530866e-10
3083 4063 19 7.16549839105877e-29
3083 4064 26 1.4561313096936203e-42
3083 4065 29 1.0264672590330286e-48
3083 4066 18 5.2951278939819806e-27
3083 4067 27 1.348197483427147e-44
3083 4068 13 4.605660233677593e-18
3083 4069 16 2.4260803801543526e-23
3083 4070 24 1.498405227789728e-38
3083 4071 16 2.4260803801543526e-23
3083 4072 19 7.16549839105877e-29
3083 4073 27 1.348197483427147e-44
3083 4074 18 5.2951278939819806e-27
3083 4075 16 2.4260803801543526e-23
3083 4076 15 1.4944478224364457e-21
3083 4077 17 3.694363961938897e-25
3083 4078 20 9.18002353936276e-31
3083 4079 12 2.2825037878841703e-16
3083 4080 15 1.4944478224364457e-21
3083 4081 22 1.291013044645158e-34
3083 4082 20 9.18002353936276e-31
3083 4083 19 7.16549839105877e-29
3083 4084 8 5.553619399530866e-10
3083 4085 15 1.4944478224364457e-21
3083 4086 19 7.16549839105877e-29
3083 4087 17 3.694363961938897e-25
3083 4088 16 2.4260803801543526e-23
3083 4089 10 4.3374950309673466e-13
3083 4090 18 5.2951278939819806e-27
3083 4091 16 2.4260803801543526e-23
3083 4092 18 5.2951278939819806e-27
3083 4093 19 7.16549839105877e-29
3083 4094 16 2.4260803801543526e-23
3083 4095 26 1.4561313096936203e-42
3083 4096 22 1.291013044645158e-34
3083 4097 16 2.4260803801543526e-23
3083 4098 14 8.601650949136351e-20
3083 4099 16 2.4260803801543526e-23
3083 4100 11 1.0408563195784318e-14
3083 4101 10 4.3374950309673466e-13
3083 4102 12 2.2825037878841703e-16
3083 4103 18 5.2951278939819806e-27
3083 4104 12 2.2825037878841703e-16
3083 4105 16 2.4260803801543526e-23
3083 4107 8 5.553619399530866e-10
3083 4108 10 4.3374950309673466e-13
3083 4109 14 8.601650949136351e-20
3083 4110 9 1.6383247599773013e-11
3083 4111 21 1.1162107078077204e-32
3083 4112 16 2.4260803801543526e-23
3083 4113 12 2.2825037878841703e-16
3083 4115 13 4.605660233677593e-18
3083 4116 11 1.0408563195784318e-14
3083 4118 8 5.553619399530866e-10
3083 4120 13 4.605660233677593e-18
3083 4121 9 1.6383247599773013e-11
3083 4122 8 5.553619399530866e-10
3083 4124 11 1.0408563195784318e-14
3083 4125 12 2.2825037878841703e-16
3083 4126 19 7.16549839105877e-29
3083 4127 13 4.605660233677593e-18
3083 4128 16 2.4260803801543526e-23
3083 4129 18 5.2951278939819806e-27
3083 4130 12 2.2825037878841703e-16
3083 4131 17 3.694363961938897e-25
3083 4132 15 1.4944478224364457e-21
3083 4133 13 4.605660233677593e-18
3083 4135 13 4.605660233677593e-18
3083 4136 13 4.605660233677593e-18
3083 4138 11 1.0408563195784318e-14
3083 4139 9 1.6383247599773013e-11
3083 4142 8 5.553619399530866e-10
3083 4151 9 1.6383247599773013e-11
3083 4153 9 1.6383247599773013e-11
3083 4160 8 5.553619399530866e-10
3083 4161 10 4.3374950309673466e-13
3083 4163 8 5.553619399530866e-10
3083 4167 8 5.553619399530866e-10
3083 4174 9 1.6383247599773013e-11
3083 4181 10 4.3374950309673466e-13
3083 4185 9 1.6383247599773013e-11
3083 4203 9 1.6383247599773013e-11
3083 4204 8 5.553619399530866e-10
3083 4210 11 1.0408563195784318e-14
3083 4215 10 4.3374950309673466e-13
3083 4221 9 1.6383247599773013e-11
3083 4256 274 0.0
3083 4262 8 5.553619399530866e-10
3083 4271 14 8.601650949136351e-20
3083 4272 19 7.16549839105877e-29
3083 4273 25 1.5090526906811503e-40
3083 4274 19 7.16549839105877e-29
3083 4275 12 2.2825037878841703e-16
3083 4276 13 4.605660233677593e-18
3083 4277 13 4.605660233677593e-18
3083 4278 13 4.605660233677593e-18
3083 4279 14 8.601650949136351e-20
3083 4280 19 7.16549839105877e-29
3083 4281 11 1.0408563195784318e-14
3083 4282 10 4.3374950309673466e-13
3083 4284 14 8.601650949136351e-20
3083 4285 10 4.3374950309673466e-13
3083 4286 9 1.6383247599773013e-11
3083 4289 9 1.6383247599773013e-11
3083 4290 11 1.0408563195784318e-14
3083 4292 14 8.601650949136351e-20
3083 4293 8 5.553619399530866e-10
3083 4294 8 5.553619399530866e-10
3083 4295 12 2.2825037878841703e-16
3083 4296 11 1.0408563195784318e-14
3083 4297 11 1.0408563195784318e-14
3083 4298 10 4.3374950309673466e-13
3083 4299 10 4.3374950309673466e-13
3083 4300 14 8.601650949136351e-20
3083 4301 8 5.553619399530866e-10
3083 4302 14 8.601650949136351e-20
3083 4303 10 4.3374950309673466e-13
3083 4304 13 4.605660233677593e-18
3083 4305 9 1.6383247599773013e-11
3083 4306 10 4.3374950309673466e-13
3083 4309 9 1.6383247599773013e-11
3083 4312 12 2.2825037878841703e-16
3083 4313 9 1.6383247599773013e-11
3083 4314 8 5.553619399530866e-10
3083 4316 10 4.3374950309673466e-13
3083 4317 8 5.553619399530866e-10
3083 4318 11 1.0408563195784318e-14
3083 4321 8 5.553619399530866e-10
3083 4323 8 5.553619399530866e-10
3083 4324 10 4.3374950309673466e-13
3083 4329 8 5.553619399530866e-10
3083 4337 9 1.6383247599773013e-11
3083 4340 10 4.3374950309673466e-13
3083 4347 8 5.553619399530866e-10
3083 4355 8 5.553619399530866e-10
3083 4356 8 5.553619399530866e-10
3083 4469 43 3.432815971022673e-79
3083 4470 40 1.9216136144761642e-72
3083 4471 25 1.5090526906811503e-40
3083 4472 27 1.348197483427147e-44
3083 4473 34 2.741211553042017e-59
3083 4474 23 1.4232691808123389e-36
3083 4475 19 7.16549839105877e-29
3083 4478 12 2.2825037878841703e-16
3083 4480 11 1.0408563195784318e-14
3083 4481 17 3.694363961938897e-25
3083 4482 16 2.4260803801543526e-23
3083 4483 22 1.291013044645158e-34
3083 4484 25 1.5090526906811503e-40
3083 4485 10 4.3374950309673466e-13
3083 4486 11 1.0408563195784318e-14
3083 4487 19 7.16549839105877e-29
3083 4488 21 1.1162107078077204e-32
3083 4489 23 1.4232691808123389e-36
3083 4491 12 2.2825037878841703e-16
3083 4492 20 9.18002353936276e-31
3083 4493 9 1.6383247599773013e-11
3083 4494 23 1.4232691808123389e-36
3083 4495 20 9.18002353936276e-31
3083 4496 14 8.601650949136351e-20
3083 4497 12 2.2825037878841703e-16
3083 4498 13 4.605660233677593e-18
3083 4499 19 7.16549839105877e-29
3083 4500 12 2.2825037878841703e-16
3083 4501 8 5.553619399530866e-10
3083 4502 14 8.601650949136351e-20
3083 4504 10 4.3374950309673466e-13
3083 4505 10 4.3374950309673466e-13
3083 4506 9 1.6383247599773013e-11
3083 4507 17 3.694363961938897e-25
3083 4508 8 5.553619399530866e-10
3083 4509 8 5.553619399530866e-10
3083 4510 13 4.605660233677593e-18
3083 4511 14 8.601650949136351e-20
3083 4512 10 4.3374950309673466e-13
3083 4518 9 1.6383247599773013e-11
3083 4521 10 4.3374950309673466e-13
3083 4524 12 2.2825037878841703e-16
3083 4525 10 4.3374950309673466e-13
3083 4528 15 1.4944478224364457e-21
3083 4531 8 5.553619399530866e-10
3083 4543 8 5.553619399530866e-10
3083 4559 9 1.6383247599773013e-11
3083 4575 8 5.553619399530866e-10
3083 4660 47 2.377455720027707e-88
3083 4661 10 4.3374950309673466e-13
3083 4665 8 5.553619399530866e-10
3083 4670 8 5.553619399530866e-10
3083 4671 8 5.553619399530866e-10
3083 4674 9 1.6383247599773013e-11
3083 4675 13 4.605660233677593e-18
3083 4680 9 1.6383247599773013e-11
3083 4684 11 1.0408563195784318e-14
3083 4686 8 5.553619399530866e-10
3083 4689 8 5.553619399530866e-10
3083 4691 8 5.553619399530866e-10
3083 4694 11 1.0408563195784318e-14
3083 4695 11 1.0408563195784318e-14
3083 4696 17 3.694363961938897e-25
3083 4697 8 5.553619399530866e-10
3083 4701 9 1.6383247599773013e-11
3083 4703 10 4.3374950309673466e-13
3083 4719 8 5.553619399530866e-10
3083 4744 8 5.553619399530866e-10
3083 4780 8 5.553619399530866e-10
3083 4843 13 4.605660233677593e-18
3083 4845 10 4.3374950309673466e-13
3083 4850 9 1.6383247599773013e-11
3083 4851 9 1.6383247599773013e-11
3083 4854 9 1.6383247599773013e-11
3083 4857 10 4.3374950309673466e-13
3083 4858 15 1.4944478224364457e-21
3083 4859 9 1.6383247599773013e-11
3083 4860 13 4.605660233677593e-18
3083 4863 10 4.3374950309673466e-13
3083 4864 9 1.6383247599773013e-11
3083 4865 9 1.6383247599773013e-11
3083 4866 12 2.2825037878841703e-16
3083 4868 11 1.0408563195784318e-14
3083 4871 9 1.6383247599773013e-11
3083 4872 11 1.0408563195784318e-14
3083 4874 8 5.553619399530866e-10
3083 4877 13 4.605660233677593e-18
3083 4878 8 5.553619399530866e-10
3083 4880 11 1.0408563195784318e-14
3083 4881 8 5.553619399530866e-10
3083 4882 8 5.553619399530866e-10
3083 4883 16 2.4260803801543526e-23
3083 4884 8 5.553619399530866e-10
3083 4885 10 4.3374950309673466e-13
3083 4886 11 1.0408563195784318e-14
3083 4887 9 1.6383247599773013e-11
3083 4892 8 5.553619399530866e-10
3083 4893 11 1.0408563195784318e-14
3083 4894 11 1.0408563195784318e-14
3083 4898 8 5.553619399530866e-10
3083 4902 10 4.3374950309673466e-13
3083 4907 10 4.3374950309673466e-13
3083 4909 8 5.553619399530866e-10
3083 4910 9 1.6383247599773013e-11
3083 4912 9 1.6383247599773013e-11
3083 4913 11 1.0408563195784318e-14
3083 4920 8 5.553619399530866e-10
3083 4925 9 1.6383247599773013e-11
3083 4928 9 1.6383247599773013e-11
3083 4929 8 5.553619399530866e-10
3083 4931 10 4.3374950309673466e-13
3083 4942 9 1.6383247599773013e-11
3083 4947 8 5.553619399530866e-10
3083 4948 12 2.2825037878841703e-16
3083 4951 8 5.553619399530866e-10
3083 4958 9 1.6383247599773013e-11
3083 4971 16 2.4260803801543526e-23
3083 4972 15 1.4944478224364457e-21
3083 4973 12 2.2825037878841703e-16
3083 4974 21 1.1162107078077204e-32
3083 4975 20 9.18002353936276e-31
3083 4978 11 1.0408563195784318e-14
3083 4979 14 8.601650949136351e-20
3083 4980 8 5.553619399530866e-10
3083 4981 14 8.601650949136351e-20
3083 4982 8 5.553619399530866e-10
3083 4983 10 4.3374950309673466e-13
3083 4984 13 4.605660233677593e-18
3083 4985 12 2.2825037878841703e-16
3083 4988 8 5.553619399530866e-10
3083 4990 10 4.3374950309673466e-13
3083 4993 10 4.3374950309673466e-13
3083 4994 12 2.2825037878841703e-16
3083 4996 8 5.553619399530866e-10
3083 4997 10 4.3374950309673466e-13
3083 4999 10 4.3374950309673466e-13
3083 5000 12 2.2825037878841703e-16
3083 5001 12 2.2825037878841703e-16
3083 5002 10 4.3374950309673466e-13
3083 5004 14 8.601650949136351e-20
3083 5006 11 1.0408563195784318e-14
3083 5007 10 4.3374950309673466e-13
3083 5028 14 8.601650949136351e-20
3083 5029 12 2.2825037878841703e-16
3083 5052 8 5.553619399530866e-10
3083 5069 9 1.6383247599773013e-11
3083 5100 8 5.553619399530866e-10
3084 4273 8 5.553619399530866e-10
3085 3848 8 5.553619399530866e-10
3085 4255 8 5.553619399530866e-10
3085 4513 10 4.3374950309673466e-13
3085 4516 8 5.553619399530866e-10
3085 4522 8 5.553619399530866e-10
3085 4985 8 5.553619399530866e-10
3086 4330 8 5.553619399530866e-10
3086 4512 11 1.0408563195784318e-14
3087 4330 23 1.4232691808123389e-36
3087 4512 8 5.553619399530866e-10
3087 4515 9 1.6383247599773013e-11
3088 4512 8 5.553619399530866e-10
3088 4523 8 5.553619399530866e-10
3089 4512 8 5.553619399530866e-10
3110 3616 8 5.553619399530866e-10
3117 4300 8 5.553619399530866e-10
3117 4301 8 5.553619399530866e-10
3117 4512 9 1.6383247599773013e-11
3120 4571 11 1.0408563195784318e-14
3136 4332 22 1.291013044645158e-34
3142 4112 29 1.0264672590330286e-48
3142 4885 10 4.3374950309673466e-13
3142 4886 40 1.9216136144761642e-72
3142 4887 8 5.553619399530866e-10
3153 4398 18 5.2951278939819806e-27
3155 3460 10 4.3374950309673466e-13
3161 3708 8 5.553619399530866e-10
3163 3936 11 1.0408563195784318e-14
3179 5106 10 4.3374950309673466e-13
3180 4261 8 5.553619399530866e-10
3181 3675 9 1.6383247599773013e-11
3186 4985 10 4.3374950309673466e-13
3187 4844 8 5.553619399530866e-10
3197 4515 8 5.553619399530866e-10
3200 4723 9 1.6383247599773013e-11
3202 3705 18 5.2951278939819806e-27
3215 4210 8 5.553619399530866e-10
3216 4846 8 5.553619399530866e-10
3219 3332 9 1.6383247599773013e-11
3228 4513 8 5.553619399530866e-10
3230 4845 8 5.553619399530866e-10
3231 4845 8 5.553619399530866e-10
3232 4108 10 4.3374950309673466e-13
3232 4109 41 1.1126646505023444e-74
3232 4176 15 1.4944478224364457e-21
3232 4216 8 5.553619399530866e-10
3233 4522 8 5.553619399530866e-10
3233 4724 8 5.553619399530866e-10
3233 4726 8 5.553619399530866e-10
3233 4925 9 1.6383247599773013e-11
3237 4220 8 5.553619399530866e-10
3244 3620 11 1.0408563195784318e-14
3244 3675 19 7.16549839105877e-29
3244 4128 21 1.1162107078077204e-32
3265 4005 13 4.605660233677593e-18
3265 5092 27 1.348197483427147e-44
3267 4929 8 5.553619399530866e-10
3268 4643 9 1.6383247599773013e-11
3269 3590 14 8.601650949136351e-20
3269 3916 9 1.6383247599773013e-11
3270 3546 10 4.3374950309673466e-13
3271 3546 10 4.3374950309673466e-13
3271 4255 10 4.3374950309673466e-13
3271 4256 12 2.2825037878841703e-16
3271 4257 8 5.553619399530866e-10
3271 4513 8 5.553619399530866e-10
3271 4520 10 4.3374950309673466e-13
3271 4926 8 5.553619399530866e-10
3272 3546 8 5.553619399530866e-10
3272 3676 8 5.553619399530866e-10
3272 4515 8 5.553619399530866e-10
3272 4520 8 5.553619399530866e-10
3272 4521 9 1.6383247599773013e-11
3272 4847 8 5.553619399530866e-10
3272 4848 8 5.553619399530866e-10
3273 4255 8 5.553619399530866e-10
3273 4848 11 1.0408563195784318e-14
3274 4520 8 5.553619399530866e-10
3277 4214 8 5.553619399530866e-10
3280 4518 8 5.553619399530866e-10
3281 4209 8 5.553619399530866e-10
3281 4926 8 5.553619399530866e-10
3282 4255 8 5.553619399530866e-10
3282 4261 8 5.553619399530866e-10
3283 4261 8 5.553619399530866e-10
3285 3464 13 4.605660233677593e-18
3292 4624 8 5.553619399530866e-10
3295 4227 14 8.601650949136351e-20
3295 4536 10 4.3374950309673466e-13
3295 4543 116 0.0
3306 4907 41 1.1126646505023444e-74
3308 4254 8 5.553619399530866e-10
3308 4848 8 5.553619399530866e-10
3309 4215 8 5.553619399530866e-10
3309 4255 9 1.6383247599773013e-11
3310 4254 8 5.553619399530866e-10
3310 4255 8 5.553619399530866e-10
3310 4848 8 5.553619399530866e-10
3311 4557 8 5.553619399530866e-10
3312 4254 10 4.3374950309673466e-13
3312 4255 11 1.0408563195784318e-14
3312 4516 8 5.553619399530866e-10
3312 4925 8 5.553619399530866e-10
3313 4255 8 5.553619399530866e-10
3314 4225 8 5.553619399530866e-10
3315 4515 8 5.553619399530866e-10
3315 4520 8 5.553619399530866e-10
3315 4921 8 5.553619399530866e-10
3316 4517 10 4.3374950309673466e-13
3317 3546 9 1.6383247599773013e-11
3317 3547 8 5.553619399530866e-10
3317 4215 8 5.553619399530866e-10
3317 4515 9 1.6383247599773013e-11
3317 4517 8 5.553619399530866e-10
3318 4210 8 5.553619399530866e-10
3318 4215 9 1.6383247599773013e-11
3318 4220 9 1.6383247599773013e-11
3319 4513 8 5.553619399530866e-10
3320 4958 17 3.694363961938897e-25
3321 4958 16 2.4260803801543526e-23
3329 4298 8 5.553619399530866e-10
3329 4925 8 5.553619399530866e-10
3338 4564 10 4.3374950309673466e-13
3338 4565 19 7.16549839105877e-29
3345 5256 10 4.3374950309673466e-13
3355 4220 12 2.2825037878841703e-16
3379 3718 9 1.6383247599773013e-11
3380 3718 15 1.4944478224364457e-21
3402 5128 15 1.4944478224364457e-21
3417 5176 18 5.2951278939819806e-27
3418 4748 19 7.16549839105877e-29
3418 5176 8 5.553619399530866e-10
3435 3774 8 5.553619399530866e-10
3444 5164 9 1.6383247599773013e-11
3465 3805 8 5.553619399530866e-10
3543 3776 36 1.2778082707800063e-63
3546 4725 9 1.6383247599773013e-11
3546 4926 9 1.6383247599773013e-11
3547 5254 14 8.601650949136351e-20
3553 4234 14 8.601650949136351e-20
3557 4089 12 2.2825037878841703e-16
3572 4543 10 4.3374950309673466e-13
3598 3880 8 5.553619399530866e-10
3599 3880 15 1.4944478224364457e-21
3612 4081 8 5.553619399530866e-10
3633 4349 14 8.601650949136351e-20
3645 4671 16 2.4260803801543526e-23
3645 4672 8 5.553619399530866e-10
3654 4519 11 1.0408563195784318e-14
3674 4724 8 5.553619399530866e-10
3676 4217 8 5.553619399530866e-10
3676 4515 8 5.553619399530866e-10
3676 4522 8 5.553619399530866e-10
3676 4556 9 1.6383247599773013e-11
3681 4256 287 0.0
3700 4993 19 7.16549839105877e-29
3717 4674 12 2.2825037878841703e-16
3763 4383 20 9.18002353936276e-31
3764 4311 9 1.6383247599773013e-11
3769 4505 9 1.6383247599773013e-11
3783 3943 8 5.553619399530866e-10
3831 4473 8 5.553619399530866e-10
3848 4843 9 1.6383247599773013e-11
3849 4301 8 5.553619399530866e-10
3849 4843 8 5.553619399530866e-10
3851 5103 9 1.6383247599773013e-11
3861 4521 9 1.6383247599773013e-11
3868 4843 8 5.553619399530866e-10
3877 4068 10 4.3374950309673466e-13
3904 4814 9 1.6383247599773013e-11
3915 4435 10 4.3374950309673466e-13
3916 4846 9 1.6383247599773013e-11
3918 4517 8 5.553619399530866e-10
3919 4520 10 4.3374950309673466e-13
3933 4220 8 5.553619399530866e-10
3933 5105 10 4.3374950309673466e-13
3939 4327 17 3.694363961938897e-25
3976 4186 12 2.2825037878841703e-16
4028 5245 12 2.2825037878841703e-16
4033 4944 10 4.3374950309673466e-13
4064 4537 10 4.3374950309673466e-13
4065 4832 12 2.2825037878841703e-16
4095 4617 12 2.2825037878841703e-16
4126 5140 11 1.0408563195784318e-14
4127 4391 9 1.6383247599773013e-11
4127 4615 8 5.553619399530866e-10
4130 4515 19 7.16549839105877e-29
4140 5161 8 5.553619399530866e-10
4167 4727 12 2.2825037878841703e-16
4181 5166 8 5.553619399530866e-10
4209 4844 8 5.553619399530866e-10
4209 4848 9 1.6383247599773013e-11
4210 4512 9 1.6383247599773013e-11
4210 4519 10 4.3374950309673466e-13
4210 4520 10 4.3374950309673466e-13
4210 4521 10 4.3374950309673466e-13
4210 4929 8 5.553619399530866e-10
4215 4329 8 5.553619399530866e-10
4215 4520 8 5.553619399530866e-10
4215 4521 8 5.553619399530866e-10
4215 4849 8 5.553619399530866e-10
4216 4518 9 1.6383247599773013e-11
4216 4521 12 2.2825037878841703e-16
4216 4522 11 1.0408563195784318e-14
4216 4724 9 1.6383247599773013e-11
4216 4725 8 5.553619399530866e-10
4216 4847 8 5.553619399530866e-10
4216 4848 8 5.553619399530866e-10
4217 4519 10 4.3374950309673466e-13
4217 4521 9 1.6383247599773013e-11
4217 4524 10 4.3374950309673466e-13
4217 4847 8 5.553619399530866e-10
4217 4848 9 1.6383247599773013e-11
4217 4929 8 5.553619399530866e-10
4218 4520 8 5.553619399530866e-10
4219 4520 11 1.0408563195784318e-14
4219 4522 11 1.0408563195784318e-14
4219 4523 9 1.6383247599773013e-11
4219 4848 10 4.3374950309673466e-13
4220 4519 12 2.2825037878841703e-16
4220 4520 9 1.6383247599773013e-11
4220 4625 22 1.291013044645158e-34
4223 4515 8 5.553619399530866e-10
4227 4543 15 1.4944478224364457e-21
4249 4743 8 5.553619399530866e-10
4254 4515 8 5.553619399530866e-10
4254 4520 10 4.3374950309673466e-13
4254 4532 8 5.553619399530866e-10
4254 4533 8 5.553619399530866e-10
4254 4555 8 5.553619399530866e-10
4256 4273 15 1.4944478224364457e-21
4256 4274 13 4.605660233677593e-18
4256 4275 10 4.3374950309673466e-13
4256 4280 8 5.553619399530866e-10
4256 4300 9 1.6383247599773013e-11
4256 4329 8 5.553619399530866e-10
4256 4515 8 5.553619399530866e-10
4256 4517 8 5.553619399530866e-10
4256 4531 8 5.553619399530866e-10
4256 4660 18 5.2951278939819806e-27
4256 4726 10 4.3374950309673466e-13
4256 4925 8 5.553619399530866e-10
4256 4930 9 1.6383247599773013e-11
4257 4520 8 5.553619399530866e-10
4257 4930 11 1.0408563195784318e-14
4258 4522 8 5.553619399530866e-10
4259 4725 8 5.553619399530866e-10
4261 4558 8 5.553619399530866e-10
4262 5158 8 5.553619399530866e-10
4271 4660 8 5.553619399530866e-10
4271 4842 9 1.6383247599773013e-11
4274 4512 8 5.553619399530866e-10
4287 4543 12 2.2825037878841703e-16
4295 4709 11 1.0408563195784318e-14
4299 4512 8 5.553619399530866e-10
4299 4553 10 4.3374950309673466e-13
4301 4514 9 1.6383247599773013e-11
4301 4520 8 5.553619399530866e-10
4301 4844 8 5.553619399530866e-10
4306 4520 8 5.553619399530866e-10
4310 4557 14 8.601650949136351e-20
4329 4844 10 4.3374950309673466e-13
4329 4925 8 5.553619399530866e-10
4366 4922 8 5.553619399530866e-10
4379 5003 9 1.6383247599773013e-11
4380 4472 10 4.3374950309673466e-13
4386 4881 8 5.553619399530866e-10
4439 5166 8 5.553619399530866e-10
4486 4955 16 2.4260803801543526e-23
4512 4845 10 4.3374950309673466e-13
4512 4851 9 1.6383247599773013e-11
4513 4845 11 1.0408563195784318e-14
4513 4925 8 5.553619399530866e-10
4513 4926 8 5.553619399530866e-10
4514 4845 9 1.6383247599773013e-11
4514 4925 8 5.553619399530866e-10
4515 4845 8 5.553619399530866e-10
4515 4846 8 5.553619399530866e-10
4516 4846 8 5.553619399530866e-10
4516 4847 8 5.553619399530866e-10
4516 4848 9 1.6383247599773013e-11
4517 4847 8 5.553619399530866e-10
4520 4850 8 5.553619399530866e-10
4521 4844 8 5.553619399530866e-10
4521 4848 8 5.553619399530866e-10
4531 4905 12 2.2825037878841703e-16
4534 4926 9 1.6383247599773013e-11
4543 4660 11 1.0408563195784318e-14
4543 4801 24 1.498405227789728e-38
4556 4925 8 5.553619399530866e-10
4576 4926 8 5.553619399530866e-10
4645 4693 8 5.553619399530866e-10
4653 4958 20 9.18002353936276e-31
4724 4928 8 5.553619399530866e-10
4912 5213 24 1.498405227789728e-38
