bin1 bin2 count p_value
6 3082 42 1.1102230246251565e-16
7 3082 38 1.1102230246251565e-16
8 3082 39 1.1102230246251565e-16
9 3082 44 1.1102230246251565e-16
9 4996 25 1.1102230246251565e-16
10 3082 31 1.1102230246251565e-16
11 3082 35 1.1102230246251565e-16
12 3082 35 1.1102230246251565e-16
13 3082 29 1.1102230246251565e-16
14 3082 33 1.1102230246251565e-16
15 3082 19 1.1102230246251565e-16
16 3082 22 1.1102230246251565e-16
17 3082 21 1.1102230246251565e-16
18 3082 24 1.1102230246251565e-16
19 3082 36 1.1102230246251565e-16
19 3234 19 1.1102230246251565e-16
20 3082 36 1.1102230246251565e-16
21 3082 29 1.1102230246251565e-16
22 3082 28 1.1102230246251565e-16
23 3082 18 2.220446049250313e-16
24 3082 19 1.1102230246251565e-16
25 3082 24 1.1102230246251565e-16
26 3082 35 1.1102230246251565e-16
27 3082 21 1.1102230246251565e-16
28 3082 21 1.1102230246251565e-16
29 3082 16 5.162537064506978e-14
30 3082 12 1.8833559156661295e-09
31 3082 19 1.1102230246251565e-16
32 3082 12 1.8833559156661295e-09
33 1712 19 1.1102230246251565e-16
33 3082 21 1.1102230246251565e-16
34 2951 12 1.8833559156661295e-09
34 3082 19 1.1102230246251565e-16
35 2951 25 1.1102230246251565e-16
37 3082 13 1.5211909509815769e-10
38 3082 12 1.8833559156661295e-09
42 3082 16 5.162537064506978e-14
43 2375 18 2.220446049250313e-16
43 3082 21 1.1102230246251565e-16
44 3082 17 3.1086244689504383e-15
45 3082 19 1.1102230246251565e-16
46 3082 12 1.8833559156661295e-09
47 3082 12 1.8833559156661295e-09
48 3082 16 5.162537064506978e-14
50 3082 20 1.1102230246251565e-16
51 3082 13 1.5211909509815769e-10
56 3082 17 3.1086244689504383e-15
60 3082 14 1.1382783604574342e-11
61 3082 18 2.220446049250313e-16
65 3082 12 1.8833559156661295e-09
67 3082 14 1.1382783604574342e-11
68 3082 19 1.1102230246251565e-16
70 3082 22 1.1102230246251565e-16
71 3082 18 2.220446049250313e-16
72 3082 16 5.162537064506978e-14
73 3082 12 1.8833559156661295e-09
74 3082 16 5.162537064506978e-14
75 3082 16 5.162537064506978e-14
76 3082 18 2.220446049250313e-16
77 3082 16 5.162537064506978e-14
78 3082 14 1.1382783604574342e-11
79 3082 16 5.162537064506978e-14
81 3082 14 1.1382783604574342e-11
84 3082 14 1.1382783604574342e-11
86 3082 13 1.5211909509815769e-10
97 3138 15 7.930323064897493e-13
99 911 12 1.8833559156661295e-09
104 3082 17 3.1086244689504383e-15
111 4916 37 1.1102230246251565e-16
113 3880 14 1.1382783604574342e-11
116 2504 16 5.162537064506978e-14
130 2546 19 1.1102230246251565e-16
130 3832 19 1.1102230246251565e-16
132 2703 40 1.1102230246251565e-16
134 1342 13 1.5211909509815769e-10
141 1569 13 1.5211909509815769e-10
148 3877 14 1.1382783604574342e-11
160 4659 19 1.1102230246251565e-16
167 585 28 1.1102230246251565e-16
169 4870 14 1.1382783604574342e-11
179 871 13 1.5211909509815769e-10
180 401 30 1.1102230246251565e-16
180 402 25 1.1102230246251565e-16
180 403 26 1.1102230246251565e-16
180 404 13 1.5211909509815769e-10
180 405 15 7.930323064897493e-13
180 411 13 1.5211909509815769e-10
180 1085 15 7.930323064897493e-13
180 1086 27 1.1102230246251565e-16
180 3082 79 1.1102230246251565e-16
186 1127 15 7.930323064897493e-13
195 1599 12 1.8833559156661295e-09
210 703 19 1.1102230246251565e-16
214 2714 21 1.1102230246251565e-16
221 2137 17 3.1086244689504383e-15
222 1928 56 1.1102230246251565e-16
225 2435 16 5.162537064506978e-14
233 4289 29 1.1102230246251565e-16
248 3690 12 1.8833559156661295e-09
251 1110 12 1.8833559156661295e-09
255 1747 16 5.162537064506978e-14
260 1213 22 1.1102230246251565e-16
270 3069 22 1.1102230246251565e-16
273 2397 57 1.1102230246251565e-16
274 2052 13 1.5211909509815769e-10
277 3559 18 2.220446049250313e-16
277 3560 28 1.1102230246251565e-16
287 2829 15 7.930323064897493e-13
295 912 16 5.162537064506978e-14
298 1159 12 1.8833559156661295e-09
304 3910 17 3.1086244689504383e-15
308 2610 12 1.8833559156661295e-09
309 2610 18 2.220446049250313e-16
310 4514 15 7.930323064897493e-13
318 1973 14 1.1382783604574342e-11
318 3216 25 1.1102230246251565e-16
323 5040 25 1.1102230246251565e-16
326 1419 13 1.5211909509815769e-10
328 3138 12 1.8833559156661295e-09
337 1126 14 1.1382783604574342e-11
343 4112 20 1.1102230246251565e-16
347 3069 25 1.1102230246251565e-16
347 4337 15 7.930323064897493e-13
359 2377 20 1.1102230246251565e-16
365 1064 15 7.930323064897493e-13
401 3082 52 1.1102230246251565e-16
401 4609 14 1.1382783604574342e-11
402 3082 35 1.1102230246251565e-16
403 3082 39 1.1102230246251565e-16
404 3082 31 1.1102230246251565e-16
405 3082 42 1.1102230246251565e-16
406 2495 24 1.1102230246251565e-16
406 3082 46 1.1102230246251565e-16
407 3082 28 1.1102230246251565e-16
408 3082 34 1.1102230246251565e-16
409 3082 24 1.1102230246251565e-16
410 3082 19 1.1102230246251565e-16
411 3082 14 1.1382783604574342e-11
412 3082 15 7.930323064897493e-13
413 3082 16 5.162537064506978e-14
414 3082 22 1.1102230246251565e-16
415 3082 17 3.1086244689504383e-15
416 3082 19 1.1102230246251565e-16
417 3082 26 1.1102230246251565e-16
417 3640 16 5.162537064506978e-14
418 3082 23 1.1102230246251565e-16
419 3082 29 1.1102230246251565e-16
420 3082 15 7.930323064897493e-13
421 3082 15 7.930323064897493e-13
422 3082 13 1.5211909509815769e-10
423 3082 12 1.8833559156661295e-09
424 3082 14 1.1382783604574342e-11
425 3082 18 2.220446049250313e-16
426 3082 16 5.162537064506978e-14
427 3082 13 1.5211909509815769e-10
430 3082 22 1.1102230246251565e-16
431 3082 25 1.1102230246251565e-16
432 3082 20 1.1102230246251565e-16
433 3082 21 1.1102230246251565e-16
434 3082 14 1.1382783604574342e-11
435 3082 17 3.1086244689504383e-15
436 3082 14 1.1382783604574342e-11
437 3082 14 1.1382783604574342e-11
440 2432 14 1.1382783604574342e-11
440 3082 12 1.8833559156661295e-09
444 3082 14 1.1382783604574342e-11
448 3082 13 1.5211909509815769e-10
459 1942 12 1.8833559156661295e-09
472 3082 16 5.162537064506978e-14
483 1887 28 1.1102230246251565e-16
487 4017 34 1.1102230246251565e-16
490 1068 14 1.1382783604574342e-11
507 2717 14 1.1382783604574342e-11
508 2717 51 1.1102230246251565e-16
509 2717 16 5.162537064506978e-14
515 2438 19 1.1102230246251565e-16
521 1120 20 1.1102230246251565e-16
521 1121 27 1.1102230246251565e-16
534 1665 12 1.8833559156661295e-09
534 1666 49 1.1102230246251565e-16
542 1290 32 1.1102230246251565e-16
542 1291 12 1.8833559156661295e-09
561 2159 17 3.1086244689504383e-15
563 2127 13 1.5211909509815769e-10
592 3082 17 3.1086244689504383e-15
593 5141 34 1.1102230246251565e-16
594 2962 33 1.1102230246251565e-16
597 1052 19 1.1102230246251565e-16
620 2141 20 1.1102230246251565e-16
621 4076 15 7.930323064897493e-13
621 4077 14 1.1382783604574342e-11
622 920 24 1.1102230246251565e-16
632 4844 22 1.1102230246251565e-16
637 3766 19 1.1102230246251565e-16
638 2326 26 1.1102230246251565e-16
638 3307 12 1.8833559156661295e-09
639 2326 15 7.930323064897493e-13
651 1269 29 1.1102230246251565e-16
654 2645 15 7.930323064897493e-13
657 3999 30 1.1102230246251565e-16
667 1478 28 1.1102230246251565e-16
674 4011 36 1.1102230246251565e-16
683 957 22 1.1102230246251565e-16
687 4635 12 1.8833559156661295e-09
702 2664 21 1.1102230246251565e-16
702 3907 51 1.1102230246251565e-16
703 3907 21 1.1102230246251565e-16
704 2560 40 1.1102230246251565e-16
704 2561 24 1.1102230246251565e-16
709 2991 18 2.220446049250313e-16
710 2991 16 5.162537064506978e-14
720 1203 33 1.1102230246251565e-16
729 1819 28 1.1102230246251565e-16
758 4538 23 1.1102230246251565e-16
765 3082 24 1.1102230246251565e-16
766 3082 29 1.1102230246251565e-16
767 3082 17 3.1086244689504383e-15
768 3082 15 7.930323064897493e-13
769 3082 18 2.220446049250313e-16
770 3082 14 1.1382783604574342e-11
770 3950 14 1.1382783604574342e-11
771 3082 18 2.220446049250313e-16
772 3082 12 1.8833559156661295e-09
773 3082 16 5.162537064506978e-14
774 3082 18 2.220446049250313e-16
775 3082 26 1.1102230246251565e-16
776 3082 29 1.1102230246251565e-16
777 3082 29 1.1102230246251565e-16
778 3082 25 1.1102230246251565e-16
779 3082 13 1.5211909509815769e-10
780 3082 17 3.1086244689504383e-15
781 3082 12 1.8833559156661295e-09
791 3082 12 1.8833559156661295e-09
794 3082 15 7.930323064897493e-13
797 1388 26 1.1102230246251565e-16
797 3082 18 2.220446049250313e-16
802 3082 14 1.1382783604574342e-11
803 3082 13 1.5211909509815769e-10
805 3082 12 1.8833559156661295e-09
806 5093 30 1.1102230246251565e-16
807 3797 19 1.1102230246251565e-16
814 3082 15 7.930323064897493e-13
816 3082 12 1.8833559156661295e-09
820 3082 17 3.1086244689504383e-15
822 1419 12 1.8833559156661295e-09
823 1419 27 1.1102230246251565e-16
830 3828 26 1.1102230246251565e-16
831 3082 14 1.1382783604574342e-11
832 1404 18 2.220446049250313e-16
832 3082 16 5.162537064506978e-14
832 3770 24 1.1102230246251565e-16
837 3219 14 1.1382783604574342e-11
839 3082 12 1.8833559156661295e-09
849 3999 18 2.220446049250313e-16
865 3082 13 1.5211909509815769e-10
876 2869 15 7.930323064897493e-13
890 4550 13 1.5211909509815769e-10
908 1455 15 7.930323064897493e-13
911 3843 22 1.1102230246251565e-16
917 3711 15 7.930323064897493e-13
927 2026 12 1.8833559156661295e-09
931 4125 13 1.5211909509815769e-10
933 1714 25 1.1102230246251565e-16
934 2412 21 1.1102230246251565e-16
935 1344 12 1.8833559156661295e-09
935 2474 36 1.1102230246251565e-16
947 2197 12 1.8833559156661295e-09
957 4121 12 1.8833559156661295e-09
957 4122 38 1.1102230246251565e-16
957 4123 16 5.162537064506978e-14
961 4530 14 1.1382783604574342e-11
969 3743 18 2.220446049250313e-16
982 2193 22 1.1102230246251565e-16
990 3963 13 1.5211909509815769e-10
1013 5096 14 1.1382783604574342e-11
1014 3411 12 1.8833559156661295e-09
1023 2455 19 1.1102230246251565e-16
1032 3877 29 1.1102230246251565e-16
1035 1140 39 1.1102230246251565e-16
1049 3436 20 1.1102230246251565e-16
1050 2678 14 1.1382783604574342e-11
1085 1703 54 1.1102230246251565e-16
1085 1704 18 2.220446049250313e-16
1085 2003 19 1.1102230246251565e-16
1085 2309 60 1.1102230246251565e-16
1085 2310 13 1.5211909509815769e-10
1085 3082 26 1.1102230246251565e-16
1085 3569 13 1.5211909509815769e-10
1085 4061 33 1.1102230246251565e-16
1086 3082 41 1.1102230246251565e-16
1086 4268 12 1.8833559156661295e-09
1087 3082 25 1.1102230246251565e-16
1088 3082 24 1.1102230246251565e-16
1089 3082 17 3.1086244689504383e-15
1090 3082 30 1.1102230246251565e-16
1091 3082 24 1.1102230246251565e-16
1092 3082 16 5.162537064506978e-14
1093 3082 22 1.1102230246251565e-16
1094 3082 26 1.1102230246251565e-16
1095 3082 24 1.1102230246251565e-16
1096 3082 39 1.1102230246251565e-16
1097 3082 14 1.1382783604574342e-11
1098 3082 26 1.1102230246251565e-16
1099 3082 16 5.162537064506978e-14
1100 3082 22 1.1102230246251565e-16
1101 3082 33 1.1102230246251565e-16
1101 4851 17 3.1086244689504383e-15
1102 3082 24 1.1102230246251565e-16
1103 3082 12 1.8833559156661295e-09
1105 3082 13 1.5211909509815769e-10
1106 3082 17 3.1086244689504383e-15
1107 3082 12 1.8833559156661295e-09
1108 3082 20 1.1102230246251565e-16
1109 3082 26 1.1102230246251565e-16
1110 3082 18 2.220446049250313e-16
1113 3082 14 1.1382783604574342e-11
1114 3082 13 1.5211909509815769e-10
1116 3082 12 1.8833559156661295e-09
1117 3082 16 5.162537064506978e-14
1118 3082 12 1.8833559156661295e-09
1119 2474 12 1.8833559156661295e-09
1120 3082 14 1.1382783604574342e-11
1123 3082 16 5.162537064506978e-14
1124 3082 13 1.5211909509815769e-10
1125 3082 13 1.5211909509815769e-10
1127 3082 13 1.5211909509815769e-10
1132 3082 13 1.5211909509815769e-10
1133 3082 12 1.8833559156661295e-09
1140 3082 13 1.5211909509815769e-10
1145 3082 14 1.1382783604574342e-11
1146 3082 18 2.220446049250313e-16
1147 3082 12 1.8833559156661295e-09
1148 3082 15 7.930323064897493e-13
1157 1720 17 3.1086244689504383e-15
1160 3082 17 3.1086244689504383e-15
1161 3082 14 1.1382783604574342e-11
1161 4602 21 1.1102230246251565e-16
1216 3394 17 3.1086244689504383e-15
1221 4851 13 1.5211909509815769e-10
1228 3353 12 1.8833559156661295e-09
1301 4172 12 1.8833559156661295e-09
1306 3165 14 1.1382783604574342e-11
1308 2698 22 1.1102230246251565e-16
1312 3428 13 1.5211909509815769e-10
1312 4382 26 1.1102230246251565e-16
1312 4571 15 7.930323064897493e-13
1334 2197 14 1.1382783604574342e-11
1342 3920 12 1.8833559156661295e-09
1343 4297 21 1.1102230246251565e-16
1353 1475 31 1.1102230246251565e-16
1353 1476 33 1.1102230246251565e-16
1367 4306 23 1.1102230246251565e-16
1386 4684 17 3.1086244689504383e-15
1388 4008 18 2.220446049250313e-16
1388 4235 14 1.1382783604574342e-11
1389 4721 55 1.1102230246251565e-16
1397 3082 21 1.1102230246251565e-16
1397 3326 14 1.1382783604574342e-11
1397 3569 16 5.162537064506978e-14
1397 4268 13 1.5211909509815769e-10
1398 2454 29 1.1102230246251565e-16
1398 3082 23 1.1102230246251565e-16
1399 3082 19 1.1102230246251565e-16
1400 3082 15 7.930323064897493e-13
1401 3082 21 1.1102230246251565e-16
1402 3082 15 7.930323064897493e-13
1404 3082 15 7.930323064897493e-13
1406 2930 13 1.5211909509815769e-10
1407 3082 16 5.162537064506978e-14
1408 3082 20 1.1102230246251565e-16
1409 3082 13 1.5211909509815769e-10
1410 3082 14 1.1382783604574342e-11
1417 3082 13 1.5211909509815769e-10
1418 3082 12 1.8833559156661295e-09
1419 3082 13 1.5211909509815769e-10
1420 3082 12 1.8833559156661295e-09
1422 3082 13 1.5211909509815769e-10
1427 3082 14 1.1382783604574342e-11
1429 4877 17 3.1086244689504383e-15
1431 3082 15 7.930323064897493e-13
1432 3082 12 1.8833559156661295e-09
1433 4043 15 7.930323064897493e-13
1437 3082 12 1.8833559156661295e-09
1438 3082 12 1.8833559156661295e-09
1454 3082 13 1.5211909509815769e-10
1455 3082 15 7.930323064897493e-13
1456 3082 23 1.1102230246251565e-16
1457 3082 113 1.1102230246251565e-16
1460 3082 13 1.5211909509815769e-10
1465 2007 23 1.1102230246251565e-16
1474 5115 19 1.1102230246251565e-16
1478 2439 12 1.8833559156661295e-09
1485 2382 13 1.5211909509815769e-10
1488 2493 16 5.162537064506978e-14
1502 4721 28 1.1102230246251565e-16
1540 3048 15 7.930323064897493e-13
1541 3048 63 1.1102230246251565e-16
1550 3844 13 1.5211909509815769e-10
1550 4268 22 1.1102230246251565e-16
1567 3526 15 7.930323064897493e-13
1572 2731 45 1.1102230246251565e-16
1572 2732 13 1.5211909509815769e-10
1576 4272 23 1.1102230246251565e-16
1577 4272 14 1.1382783604574342e-11
1620 3221 12 1.8833559156661295e-09
1634 3274 13 1.5211909509815769e-10
1646 4183 15 7.930323064897493e-13
1652 3873 33 1.1102230246251565e-16
1652 4507 42 1.1102230246251565e-16
1652 4508 19 1.1102230246251565e-16
1663 1705 16 5.162537064506978e-14
1668 1914 12 1.8833559156661295e-09
1685 2838 21 1.1102230246251565e-16
1685 3293 12 1.8833559156661295e-09
1685 4538 88 1.1102230246251565e-16
1690 2448 22 1.1102230246251565e-16
1703 3082 41 1.1102230246251565e-16
1703 3570 12 1.8833559156661295e-09
1703 4268 24 1.1102230246251565e-16
1703 4538 156 1.1102230246251565e-16
1703 4656 21 1.1102230246251565e-16
1704 2708 13 1.5211909509815769e-10
1704 3082 42 1.1102230246251565e-16
1704 4268 12 1.8833559156661295e-09
1705 3082 29 1.1102230246251565e-16
1706 3082 31 1.1102230246251565e-16
1707 3082 32 1.1102230246251565e-16
1708 3082 30 1.1102230246251565e-16
1708 3676 13 1.5211909509815769e-10
1709 3082 31 1.1102230246251565e-16
1710 3082 20 1.1102230246251565e-16
1711 3082 15 7.930323064897493e-13
1711 4576 18 2.220446049250313e-16
1712 2647 12 1.8833559156661295e-09
1712 3082 16 5.162537064506978e-14
1713 3082 26 1.1102230246251565e-16
1714 3082 22 1.1102230246251565e-16
1714 4299 13 1.5211909509815769e-10
1715 3082 18 2.220446049250313e-16
1716 3082 25 1.1102230246251565e-16
1717 3082 23 1.1102230246251565e-16
1718 3082 14 1.1382783604574342e-11
1719 3082 17 3.1086244689504383e-15
1720 2413 13 1.5211909509815769e-10
1720 3082 15 7.930323064897493e-13
1721 3082 19 1.1102230246251565e-16
1722 3082 18 2.220446049250313e-16
1723 3082 13 1.5211909509815769e-10
1724 3082 21 1.1102230246251565e-16
1726 3082 16 5.162537064506978e-14
1728 3082 14 1.1382783604574342e-11
1729 3082 12 1.8833559156661295e-09
1731 3082 25 1.1102230246251565e-16
1732 2373 23 1.1102230246251565e-16
1732 3082 21 1.1102230246251565e-16
1733 3082 21 1.1102230246251565e-16
1733 4755 17 3.1086244689504383e-15
1734 3082 17 3.1086244689504383e-15
1737 3082 13 1.5211909509815769e-10
1738 3082 15 7.930323064897493e-13
1739 3082 16 5.162537064506978e-14
1741 3082 15 7.930323064897493e-13
1742 3082 12 1.8833559156661295e-09
1743 3082 14 1.1382783604574342e-11
1744 3082 16 5.162537064506978e-14
1745 3082 13 1.5211909509815769e-10
1746 3082 20 1.1102230246251565e-16
1747 3082 12 1.8833559156661295e-09
1748 3082 13 1.5211909509815769e-10
1749 2364 32 1.1102230246251565e-16
1750 2364 17 3.1086244689504383e-15
1753 3082 14 1.1382783604574342e-11
1754 3082 23 1.1102230246251565e-16
1758 3082 20 1.1102230246251565e-16
1762 3082 12 1.8833559156661295e-09
1764 3082 15 7.930323064897493e-13
1765 3082 12 1.8833559156661295e-09
1766 3082 12 1.8833559156661295e-09
1767 3082 22 1.1102230246251565e-16
1771 3374 13 1.5211909509815769e-10
1771 3375 56 1.1102230246251565e-16
1777 3082 12 1.8833559156661295e-09
1781 3082 13 1.5211909509815769e-10
1797 4566 18 2.220446049250313e-16
1804 4948 15 7.930323064897493e-13
1810 3660 28 1.1102230246251565e-16
1810 4325 19 1.1102230246251565e-16
1813 2258 19 1.1102230246251565e-16
1829 3168 46 1.1102230246251565e-16
1830 4831 15 7.930323064897493e-13
1831 4831 40 1.1102230246251565e-16
1832 4831 23 1.1102230246251565e-16
1837 4886 18 2.220446049250313e-16
1837 4887 48 1.1102230246251565e-16
1837 4888 16 5.162537064506978e-14
1841 2832 15 7.930323064897493e-13
1849 4358 44 1.1102230246251565e-16
1850 4358 12 1.8833559156661295e-09
1851 2641 13 1.5211909509815769e-10
1879 2206 21 1.1102230246251565e-16
1880 4890 20 1.1102230246251565e-16
1909 5034 13 1.5211909509815769e-10
1910 5034 21 1.1102230246251565e-16
1914 4369 25 1.1102230246251565e-16
1921 3289 17 3.1086244689504383e-15
1926 3704 16 5.162537064506978e-14
1927 5134 16 5.162537064506978e-14
1954 4587 12 1.8833559156661295e-09
1963 2378 14 1.1382783604574342e-11
1963 2379 30 1.1102230246251565e-16
1964 3676 12 1.8833559156661295e-09
1965 4815 12 1.8833559156661295e-09
1978 3729 12 1.8833559156661295e-09
1978 3879 16 5.162537064506978e-14
1990 4363 12 1.8833559156661295e-09
1991 2990 39 1.1102230246251565e-16
2003 3082 87 1.1102230246251565e-16
2003 4254 28 1.1102230246251565e-16
2004 3082 42 1.1102230246251565e-16
2005 3082 53 1.1102230246251565e-16
2006 3082 44 1.1102230246251565e-16
2006 4254 14 1.1382783604574342e-11
2007 3082 17 3.1086244689504383e-15
2008 3082 17 3.1086244689504383e-15
2009 3082 33 1.1102230246251565e-16
2010 3082 44 1.1102230246251565e-16
2011 2814 27 1.1102230246251565e-16
2011 3082 12 1.8833559156661295e-09
2011 5287 24 1.1102230246251565e-16
2018 3082 12 1.8833559156661295e-09
2022 3082 14 1.1382783604574342e-11
2023 3082 15 7.930323064897493e-13
2024 3082 17 3.1086244689504383e-15
2030 3082 20 1.1102230246251565e-16
2031 3082 24 1.1102230246251565e-16
2031 3875 18 2.220446049250313e-16
2032 3082 17 3.1086244689504383e-15
2036 3082 17 3.1086244689504383e-15
2037 3082 20 1.1102230246251565e-16
2044 3082 15 7.930323064897493e-13
2046 2391 13 1.5211909509815769e-10
2046 2392 27 1.1102230246251565e-16
2047 3082 14 1.1382783604574342e-11
2048 3082 13 1.5211909509815769e-10
2054 3082 21 1.1102230246251565e-16
2055 3082 12 1.8833559156661295e-09
2069 3082 13 1.5211909509815769e-10
2163 4019 18 2.220446049250313e-16
2171 5286 17 3.1086244689504383e-15
2183 4072 19 1.1102230246251565e-16
2184 3951 30 1.1102230246251565e-16
2189 2322 22 1.1102230246251565e-16
2189 4647 39 1.1102230246251565e-16
2201 2426 14 1.1382783604574342e-11
2204 4400 30 1.1102230246251565e-16
2215 2661 27 1.1102230246251565e-16
2218 3360 15 7.930323064897493e-13
2220 3560 21 1.1102230246251565e-16
2239 2922 32 1.1102230246251565e-16
2255 2969 13 1.5211909509815769e-10
2268 4922 29 1.1102230246251565e-16
2272 3438 16 5.162537064506978e-14
2309 3082 107 1.1102230246251565e-16
2309 4254 14 1.1382783604574342e-11
2310 3082 85 1.1102230246251565e-16
2310 4538 127 1.1102230246251565e-16
2311 2652 13 1.5211909509815769e-10
2311 3082 64 1.1102230246251565e-16
2312 3082 42 1.1102230246251565e-16
2313 3082 41 1.1102230246251565e-16
2314 3082 33 1.1102230246251565e-16
2314 3842 26 1.1102230246251565e-16
2315 3082 31 1.1102230246251565e-16
2316 3082 33 1.1102230246251565e-16
2317 3082 34 1.1102230246251565e-16
2318 3082 22 1.1102230246251565e-16
2319 3082 31 1.1102230246251565e-16
2320 3082 57 1.1102230246251565e-16
2321 3082 44 1.1102230246251565e-16
2322 3082 37 1.1102230246251565e-16
2323 3082 39 1.1102230246251565e-16
2324 3082 31 1.1102230246251565e-16
2324 5249 12 1.8833559156661295e-09
2325 3082 24 1.1102230246251565e-16
2326 3082 25 1.1102230246251565e-16
2327 3082 28 1.1102230246251565e-16
2328 3082 22 1.1102230246251565e-16
2329 3082 24 1.1102230246251565e-16
2330 3082 24 1.1102230246251565e-16
2331 3082 23 1.1102230246251565e-16
2332 3082 20 1.1102230246251565e-16
2333 3082 15 7.930323064897493e-13
2334 3082 22 1.1102230246251565e-16
2335 3082 15 7.930323064897493e-13
2336 3082 14 1.1382783604574342e-11
2337 3082 13 1.5211909509815769e-10
2338 3082 22 1.1102230246251565e-16
2339 3082 16 5.162537064506978e-14
2340 3082 21 1.1102230246251565e-16
2349 3082 17 3.1086244689504383e-15
2350 3082 21 1.1102230246251565e-16
2351 3082 16 5.162537064506978e-14
2352 3082 14 1.1382783604574342e-11
2353 3082 22 1.1102230246251565e-16
2354 3082 13 1.5211909509815769e-10
2356 3082 17 3.1086244689504383e-15
2357 3082 23 1.1102230246251565e-16
2359 3082 15 7.930323064897493e-13
2360 3082 12 1.8833559156661295e-09
2361 2892 13 1.5211909509815769e-10
2363 3082 15 7.930323064897493e-13
2372 3082 15 7.930323064897493e-13
2372 5252 12 1.8833559156661295e-09
2373 3082 12 1.8833559156661295e-09
2373 5252 17 3.1086244689504383e-15
2375 3082 15 7.930323064897493e-13
2377 3082 13 1.5211909509815769e-10
2378 3082 12 1.8833559156661295e-09
2380 3082 12 1.8833559156661295e-09
2383 3082 15 7.930323064897493e-13
2386 3082 12 1.8833559156661295e-09
2401 3571 14 1.1382783604574342e-11
2406 3838 16 5.162537064506978e-14
2408 4672 13 1.5211909509815769e-10
2434 4499 20 1.1102230246251565e-16
2435 4141 14 1.1382783604574342e-11
2437 4970 12 1.8833559156661295e-09
2441 2844 27 1.1102230246251565e-16
2458 3907 24 1.1102230246251565e-16
2478 2677 31 1.1102230246251565e-16
2481 5239 12 1.8833559156661295e-09
2488 4712 16 5.162537064506978e-14
2494 3214 22 1.1102230246251565e-16
2505 4787 12 1.8833559156661295e-09
2510 3424 17 3.1086244689504383e-15
2511 3424 36 1.1102230246251565e-16
2520 2929 16 5.162537064506978e-14
2520 2930 52 1.1102230246251565e-16
2520 2931 149 1.1102230246251565e-16
2520 2932 12 1.8833559156661295e-09
2554 3329 30 1.1102230246251565e-16
2563 3717 13 1.5211909509815769e-10
2563 4649 12 1.8833559156661295e-09
2564 4649 13 1.5211909509815769e-10
2565 4649 34 1.1102230246251565e-16
2566 4649 28 1.1102230246251565e-16
2573 3082 46 1.1102230246251565e-16
2574 3082 40 1.1102230246251565e-16
2575 3082 31 1.1102230246251565e-16
2576 3082 18 2.220446049250313e-16
2577 3082 29 1.1102230246251565e-16
2578 2930 12 1.8833559156661295e-09
2578 3082 24 1.1102230246251565e-16
2578 3496 14 1.1382783604574342e-11
2578 3498 12 1.8833559156661295e-09
2579 3082 18 2.220446049250313e-16
2580 3082 22 1.1102230246251565e-16
2581 3082 25 1.1102230246251565e-16
2582 3082 25 1.1102230246251565e-16
2583 3082 19 1.1102230246251565e-16
2584 3082 13 1.5211909509815769e-10
2585 3082 18 2.220446049250313e-16
2586 3082 18 2.220446049250313e-16
2587 3082 33 1.1102230246251565e-16
2588 3082 13 1.5211909509815769e-10
2589 3082 12 1.8833559156661295e-09
2590 3082 16 5.162537064506978e-14
2591 3082 19 1.1102230246251565e-16
2592 3082 23 1.1102230246251565e-16
2593 3082 19 1.1102230246251565e-16
2594 3082 28 1.1102230246251565e-16
2595 3082 30 1.1102230246251565e-16
2596 3082 23 1.1102230246251565e-16
2597 3082 26 1.1102230246251565e-16
2598 3082 18 2.220446049250313e-16
2599 3082 16 5.162537064506978e-14
2600 3082 17 3.1086244689504383e-15
2601 3082 13 1.5211909509815769e-10
2602 3082 14 1.1382783604574342e-11
2603 3082 12 1.8833559156661295e-09
2604 3082 12 1.8833559156661295e-09
2605 3082 12 1.8833559156661295e-09
2606 3082 15 7.930323064897493e-13
2607 3082 22 1.1102230246251565e-16
2608 3082 19 1.1102230246251565e-16
2609 3082 25 1.1102230246251565e-16
2610 3082 19 1.1102230246251565e-16
2611 3082 15 7.930323064897493e-13
2614 3082 13 1.5211909509815769e-10
2616 3082 14 1.1382783604574342e-11
2627 3082 14 1.1382783604574342e-11
2628 3082 15 7.930323064897493e-13
2629 3082 15 7.930323064897493e-13
2630 3082 18 2.220446049250313e-16
2632 3082 14 1.1382783604574342e-11
2637 3082 16 5.162537064506978e-14
2641 3082 12 1.8833559156661295e-09
2646 3082 12 1.8833559156661295e-09
2647 3082 16 5.162537064506978e-14
2647 4156 19 1.1102230246251565e-16
2658 3082 12 1.8833559156661295e-09
2661 3082 12 1.8833559156661295e-09
2667 4220 15 7.930323064897493e-13
2696 5220 21 1.1102230246251565e-16
2702 4629 23 1.1102230246251565e-16
2713 5149 13 1.5211909509815769e-10
2724 3118 15 7.930323064897493e-13
2732 3641 38 1.1102230246251565e-16
2780 4353 21 1.1102230246251565e-16
2803 4361 53 1.1102230246251565e-16
2808 3728 14 1.1382783604574342e-11
2814 5287 15 7.930323064897493e-13
2822 3082 17 3.1086244689504383e-15
2822 3421 14 1.1382783604574342e-11
2823 3082 13 1.5211909509815769e-10
2825 3082 26 1.1102230246251565e-16
2826 3082 29 1.1102230246251565e-16
2827 3082 24 1.1102230246251565e-16
2828 3082 38 1.1102230246251565e-16
2829 3082 35 1.1102230246251565e-16
2830 3082 22 1.1102230246251565e-16
2831 3082 18 2.220446049250313e-16
2832 3082 17 3.1086244689504383e-15
2833 3082 17 3.1086244689504383e-15
2834 3082 13 1.5211909509815769e-10
2835 3082 18 2.220446049250313e-16
2836 3082 13 1.5211909509815769e-10
2837 3082 16 5.162537064506978e-14
2839 3082 16 5.162537064506978e-14
2840 3082 17 3.1086244689504383e-15
2841 3082 23 1.1102230246251565e-16
2842 3082 21 1.1102230246251565e-16
2843 3082 16 5.162537064506978e-14
2844 3082 13 1.5211909509815769e-10
2847 3110 15 7.930323064897493e-13
2849 3082 16 5.162537064506978e-14
2850 3082 13 1.5211909509815769e-10
2851 3082 14 1.1382783604574342e-11
2852 3082 22 1.1102230246251565e-16
2853 3082 14 1.1382783604574342e-11
2857 3082 15 7.930323064897493e-13
2858 3082 12 1.8833559156661295e-09
2859 3082 14 1.1382783604574342e-11
2859 3569 26 1.1102230246251565e-16
2863 3082 13 1.5211909509815769e-10
2864 3082 14 1.1382783604574342e-11
2865 3082 13 1.5211909509815769e-10
2866 3082 12 1.8833559156661295e-09
2869 3383 15 7.930323064897493e-13
2876 4807 31 1.1102230246251565e-16
2876 4808 12 1.8833559156661295e-09
2894 3082 13 1.5211909509815769e-10
2900 3082 13 1.5211909509815769e-10
2904 3082 14 1.1382783604574342e-11
2947 3574 19 1.1102230246251565e-16
2948 3574 54 1.1102230246251565e-16
2979 3545 15 7.930323064897493e-13
3003 4337 12 1.8833559156661295e-09
3021 3302 19 1.1102230246251565e-16
3030 4606 18 2.220446049250313e-16
3049 4527 12 1.8833559156661295e-09
3075 4954 21 1.1102230246251565e-16
3082 3326 17 3.1086244689504383e-15
3082 3327 13 1.5211909509815769e-10
3082 3328 13 1.5211909509815769e-10
3082 3329 15 7.930323064897493e-13
3082 3330 14 1.1382783604574342e-11
3082 3344 14 1.1382783604574342e-11
3082 3569 22 1.1102230246251565e-16
3082 3570 55 1.1102230246251565e-16
3082 3571 38 1.1102230246251565e-16
3082 3572 23 1.1102230246251565e-16
3082 3573 19 1.1102230246251565e-16
3082 3574 36 1.1102230246251565e-16
3082 3576 25 1.1102230246251565e-16
3082 3577 18 2.220446049250313e-16
3082 3578 22 1.1102230246251565e-16
3082 3579 19 1.1102230246251565e-16
3082 3580 24 1.1102230246251565e-16
3082 3581 28 1.1102230246251565e-16
3082 3582 23 1.1102230246251565e-16
3082 3583 16 5.162537064506978e-14
3082 3584 16 5.162537064506978e-14
3082 3585 18 2.220446049250313e-16
3082 3586 18 2.220446049250313e-16
3082 3587 19 1.1102230246251565e-16
3082 3590 13 1.5211909509815769e-10
3082 3591 28 1.1102230246251565e-16
3082 3593 14 1.1382783604574342e-11
3082 3594 13 1.5211909509815769e-10
3082 3595 12 1.8833559156661295e-09
3082 3597 17 3.1086244689504383e-15
3082 3599 18 2.220446049250313e-16
3082 3601 18 2.220446049250313e-16
3082 3602 18 2.220446049250313e-16
3082 3603 13 1.5211909509815769e-10
3082 3605 16 5.162537064506978e-14
3082 3606 15 7.930323064897493e-13
3082 3612 17 3.1086244689504383e-15
3082 3619 12 1.8833559156661295e-09
3082 3620 12 1.8833559156661295e-09
3082 3621 12 1.8833559156661295e-09
3082 3623 12 1.8833559156661295e-09
3082 3628 12 1.8833559156661295e-09
3082 3631 13 1.5211909509815769e-10
3082 3679 56 1.1102230246251565e-16
3082 3821 12 1.8833559156661295e-09
3082 3822 14 1.1382783604574342e-11
3082 3823 16 5.162537064506978e-14
3082 3825 17 3.1086244689504383e-15
3082 3827 18 2.220446049250313e-16
3082 3828 19 1.1102230246251565e-16
3082 3829 27 1.1102230246251565e-16
3082 3830 20 1.1102230246251565e-16
3082 3831 25 1.1102230246251565e-16
3082 3832 21 1.1102230246251565e-16
3082 3833 25 1.1102230246251565e-16
3082 3834 19 1.1102230246251565e-16
3082 3835 26 1.1102230246251565e-16
3082 3836 19 1.1102230246251565e-16
3082 3837 25 1.1102230246251565e-16
3082 3838 29 1.1102230246251565e-16
3082 3839 23 1.1102230246251565e-16
3082 3840 25 1.1102230246251565e-16
3082 3841 29 1.1102230246251565e-16
3082 3842 59 1.1102230246251565e-16
3082 3843 46 1.1102230246251565e-16
3082 3844 39 1.1102230246251565e-16
3082 3845 17 3.1086244689504383e-15
3082 3846 19 1.1102230246251565e-16
3082 3848 16 5.162537064506978e-14
3082 3849 16 5.162537064506978e-14
3082 3852 13 1.5211909509815769e-10
3082 3860 13 1.5211909509815769e-10
3082 3871 13 1.5211909509815769e-10
3082 4061 29 1.1102230246251565e-16
3082 4062 28 1.1102230246251565e-16
3082 4063 23 1.1102230246251565e-16
3082 4064 14 1.1382783604574342e-11
3082 4065 17 3.1086244689504383e-15
3082 4066 22 1.1102230246251565e-16
3082 4067 12 1.8833559156661295e-09
3082 4068 26 1.1102230246251565e-16
3082 4069 24 1.1102230246251565e-16
3082 4070 21 1.1102230246251565e-16
3082 4071 23 1.1102230246251565e-16
3082 4072 23 1.1102230246251565e-16
3082 4073 13 1.5211909509815769e-10
3082 4074 13 1.5211909509815769e-10
3082 4075 15 7.930323064897493e-13
3082 4076 18 2.220446049250313e-16
3082 4077 17 3.1086244689504383e-15
3082 4078 20 1.1102230246251565e-16
3082 4079 19 1.1102230246251565e-16
3082 4080 25 1.1102230246251565e-16
3082 4081 18 2.220446049250313e-16
3082 4083 18 2.220446049250313e-16
3082 4084 25 1.1102230246251565e-16
3082 4085 17 3.1086244689504383e-15
3082 4086 24 1.1102230246251565e-16
3082 4087 17 3.1086244689504383e-15
3082 4088 14 1.1382783604574342e-11
3082 4089 16 5.162537064506978e-14
3082 4090 14 1.1382783604574342e-11
3082 4091 13 1.5211909509815769e-10
3082 4093 17 3.1086244689504383e-15
3082 4095 19 1.1102230246251565e-16
3082 4098 17 3.1086244689504383e-15
3082 4099 18 2.220446049250313e-16
3082 4100 15 7.930323064897493e-13
3082 4102 16 5.162537064506978e-14
3082 4105 12 1.8833559156661295e-09
3082 4106 13 1.5211909509815769e-10
3082 4108 13 1.5211909509815769e-10
3082 4109 13 1.5211909509815769e-10
3082 4110 16 5.162537064506978e-14
3082 4111 12 1.8833559156661295e-09
3082 4116 12 1.8833559156661295e-09
3082 4117 17 3.1086244689504383e-15
3082 4123 13 1.5211909509815769e-10
3082 4126 16 5.162537064506978e-14
3082 4131 12 1.8833559156661295e-09
3082 4132 13 1.5211909509815769e-10
3082 4254 303 1.1102230246251565e-16
3082 4268 13 1.5211909509815769e-10
3082 4269 32 1.1102230246251565e-16
3082 4270 19 1.1102230246251565e-16
3082 4271 25 1.1102230246251565e-16
3082 4272 22 1.1102230246251565e-16
3082 4273 18 2.220446049250313e-16
3082 4274 25 1.1102230246251565e-16
3082 4275 23 1.1102230246251565e-16
3082 4276 24 1.1102230246251565e-16
3082 4277 16 5.162537064506978e-14
3082 4278 13 1.5211909509815769e-10
3082 4279 16 5.162537064506978e-14
3082 4280 16 5.162537064506978e-14
3082 4281 20 1.1102230246251565e-16
3082 4282 24 1.1102230246251565e-16
3082 4283 16 5.162537064506978e-14
3082 4285 24 1.1102230246251565e-16
3082 4287 16 5.162537064506978e-14
3082 4289 12 1.8833559156661295e-09
3082 4293 13 1.5211909509815769e-10
3082 4294 16 5.162537064506978e-14
3082 4295 12 1.8833559156661295e-09
3082 4300 12 1.8833559156661295e-09
3082 4310 12 1.8833559156661295e-09
3082 4311 12 1.8833559156661295e-09
3082 4313 13 1.5211909509815769e-10
3082 4316 12 1.8833559156661295e-09
3082 4465 50 1.1102230246251565e-16
3082 4466 24 1.1102230246251565e-16
3082 4467 29 1.1102230246251565e-16
3082 4468 28 1.1102230246251565e-16
3082 4469 27 1.1102230246251565e-16
3082 4470 18 2.220446049250313e-16
3082 4476 13 1.5211909509815769e-10
3082 4477 15 7.930323064897493e-13
3082 4478 14 1.1382783604574342e-11
3082 4480 16 5.162537064506978e-14
3082 4483 18 2.220446049250313e-16
3082 4484 13 1.5211909509815769e-10
3082 4486 14 1.1382783604574342e-11
3082 4487 13 1.5211909509815769e-10
3082 4488 17 3.1086244689504383e-15
3082 4489 14 1.1382783604574342e-11
3082 4490 23 1.1102230246251565e-16
3082 4491 19 1.1102230246251565e-16
3082 4492 14 1.1382783604574342e-11
3082 4493 17 3.1086244689504383e-15
3082 4494 16 5.162537064506978e-14
3082 4495 16 5.162537064506978e-14
3082 4498 12 1.8833559156661295e-09
3082 4499 12 1.8833559156661295e-09
3082 4502 16 5.162537064506978e-14
3082 4506 13 1.5211909509815769e-10
3082 4507 14 1.1382783604574342e-11
3082 4508 16 5.162537064506978e-14
3082 4513 12 1.8833559156661295e-09
3082 4514 14 1.1382783604574342e-11
3082 4523 18 2.220446049250313e-16
3082 4538 16 5.162537064506978e-14
3082 4656 85 1.1102230246251565e-16
3082 4663 12 1.8833559156661295e-09
3082 4666 16 5.162537064506978e-14
3082 4674 12 1.8833559156661295e-09
3082 4679 16 5.162537064506978e-14
3082 4684 12 1.8833559156661295e-09
3082 4840 12 1.8833559156661295e-09
3082 4856 14 1.1382783604574342e-11
3082 4864 14 1.1382783604574342e-11
3082 4896 14 1.1382783604574342e-11
3082 4966 12 1.8833559156661295e-09
3082 4968 14 1.1382783604574342e-11
3082 4969 18 2.220446049250313e-16
3082 4970 21 1.1102230246251565e-16
3082 4973 13 1.5211909509815769e-10
3082 4975 14 1.1382783604574342e-11
3082 4976 12 1.8833559156661295e-09
3082 4977 20 1.1102230246251565e-16
3082 4978 18 2.220446049250313e-16
3082 4979 14 1.1382783604574342e-11
3082 5023 14 1.1382783604574342e-11
3082 5025 12 1.8833559156661295e-09
3085 4326 17 3.1086244689504383e-15
3108 3614 16 5.162537064506978e-14
3134 4328 21 1.1102230246251565e-16
3141 4109 13 1.5211909509815769e-10
3141 4881 35 1.1102230246251565e-16
3141 4882 31 1.1102230246251565e-16
3152 4395 17 3.1086244689504383e-15
3159 3706 12 1.8833559156661295e-09
3160 3706 16 5.162537064506978e-14
3162 3934 13 1.5211909509815769e-10
3201 3702 23 1.1102230246251565e-16
3201 4218 18 2.220446049250313e-16
3231 4105 18 2.220446049250313e-16
3231 4106 62 1.1102230246251565e-16
3231 4174 13 1.5211909509815769e-10
3242 3618 12 1.8833559156661295e-09
3242 3673 22 1.1102230246251565e-16
3243 4126 20 1.1102230246251565e-16
3263 4002 13 1.5211909509815769e-10
3263 5087 21 1.1102230246251565e-16
3284 3462 19 1.1102230246251565e-16
3293 4538 144 1.1102230246251565e-16
3305 4902 39 1.1102230246251565e-16
3319 4952 16 5.162537064506978e-14
3319 4953 36 1.1102230246251565e-16
3319 4954 43 1.1102230246251565e-16
3326 4465 18 2.220446049250313e-16
3336 4560 30 1.1102230246251565e-16
3343 3648 19 1.1102230246251565e-16
3377 3715 21 1.1102230246251565e-16
3399 5123 21 1.1102230246251565e-16
3415 5170 19 1.1102230246251565e-16
3416 4744 14 1.1382783604574342e-11
3540 3774 17 3.1086244689504383e-15
3541 3774 42 1.1102230246251565e-16
3544 5248 21 1.1102230246251565e-16
3555 4087 14 1.1382783604574342e-11
3597 3878 24 1.1102230246251565e-16
3619 4515 12 1.8833559156661295e-09
3633 3949 12 1.8833559156661295e-09
3642 4667 16 5.162537064506978e-14
3679 4254 307 1.1102230246251565e-16
3697 4988 23 1.1102230246251565e-16
3715 4670 18 2.220446049250313e-16
3744 4868 12 1.8833559156661295e-09
3752 4508 13 1.5211909509815769e-10
3757 4875 12 1.8833559156661295e-09
3761 4379 23 1.1102230246251565e-16
3875 4065 12 1.8833559156661295e-09
3913 4431 15 7.930323064897493e-13
3936 4323 12 1.8833559156661295e-09
3951 4258 14 1.1382783604574342e-11
3974 4183 20 1.1102230246251565e-16
3993 5023 12 1.8833559156661295e-09
4031 4940 13 1.5211909509815769e-10
4063 4828 22 1.1102230246251565e-16
4124 5135 13 1.5211909509815769e-10
4218 4621 17 3.1086244689504383e-15
4246 4739 13 1.5211909509815769e-10
4254 4656 16 5.162537064506978e-14
4268 4656 41 1.1102230246251565e-16
4268 4657 20 1.1102230246251565e-16
4268 4838 39 1.1102230246251565e-16
4268 4839 12 1.8833559156661295e-09
4292 4704 14 1.1382783604574342e-11
4296 4548 17 3.1086244689504383e-15
4306 4552 18 2.220446049250313e-16
4347 4620 12 1.8833559156661295e-09
4363 4918 21 1.1102230246251565e-16
4376 4998 15 7.930323064897493e-13
4377 4467 12 1.8833559156661295e-09
4436 5160 21 1.1102230246251565e-16
4482 4950 23 1.1102230246251565e-16
4527 4900 39 1.1102230246251565e-16
4538 4797 18 2.220446049250313e-16
4649 4954 18 2.220446049250313e-16
4908 5208 19 1.1102230246251565e-16
4924 4973 21 1.1102230246251565e-16
