bin1 bin2 count p_value
6 3087 12 1.7382152384115557e-09
7 3087 42 1.1102230246251565e-16
8 3087 34 1.1102230246251565e-16
9 3087 39 1.1102230246251565e-16
10 3087 45 1.1102230246251565e-16
10 5011 24 1.1102230246251565e-16
11 3087 30 1.1102230246251565e-16
12 3087 32 1.1102230246251565e-16
13 3087 36 1.1102230246251565e-16
14 3087 35 1.1102230246251565e-16
15 3087 29 1.1102230246251565e-16
16 3087 13 1.3938294962656528e-10
17 3087 26 1.1102230246251565e-16
18 3087 21 1.1102230246251565e-16
19 3087 32 1.1102230246251565e-16
19 3239 15 7.16093850883226e-13
20 3087 26 1.1102230246251565e-16
21 3087 38 1.1102230246251565e-16
22 3087 27 1.1102230246251565e-16
23 3087 29 1.1102230246251565e-16
24 3087 19 1.1102230246251565e-16
25 3087 19 1.1102230246251565e-16
26 3087 25 1.1102230246251565e-16
27 3087 29 1.1102230246251565e-16
28 3087 18 1.1102230246251565e-16
29 3087 19 1.1102230246251565e-16
30 3087 15 7.16093850883226e-13
31 3087 14 1.035438401686406e-11
32 3087 20 1.1102230246251565e-16
33 1716 22 1.1102230246251565e-16
33 3087 15 7.16093850883226e-13
34 3087 20 1.1102230246251565e-16
35 2955 19 1.1102230246251565e-16
35 3087 15 7.16093850883226e-13
36 2955 18 1.1102230246251565e-16
37 3087 12 1.7382152384115557e-09
37 3678 12 1.7382152384115557e-09
38 3087 12 1.7382152384115557e-09
42 3087 12 1.7382152384115557e-09
43 3087 19 1.1102230246251565e-16
44 2379 20 1.1102230246251565e-16
44 3087 21 1.1102230246251565e-16
45 3087 16 4.629630012686903e-14
46 3087 15 7.16093850883226e-13
47 3087 14 1.035438401686406e-11
48 3087 16 4.629630012686903e-14
49 3087 13 1.3938294962656528e-10
51 3087 19 1.1102230246251565e-16
57 3087 16 4.629630012686903e-14
61 3087 15 7.16093850883226e-13
62 3087 15 7.16093850883226e-13
66 3087 12 1.7382152384115557e-09
68 3087 14 1.035438401686406e-11
69 3087 14 1.035438401686406e-11
71 3087 24 1.1102230246251565e-16
72 3087 18 1.1102230246251565e-16
73 3087 14 1.035438401686406e-11
74 3087 13 1.3938294962656528e-10
75 3087 14 1.035438401686406e-11
77 3087 19 1.1102230246251565e-16
78 3087 13 1.3938294962656528e-10
79 3087 15 7.16093850883226e-13
80 3087 14 1.035438401686406e-11
82 3087 14 1.035438401686406e-11
85 3087 13 1.3938294962656528e-10
87 3087 13 1.3938294962656528e-10
97 3144 14 1.035438401686406e-11
99 914 14 1.035438401686406e-11
105 3087 13 1.3938294962656528e-10
112 4929 12 1.7382152384115557e-09
112 4930 30 1.1102230246251565e-16
114 3889 14 1.035438401686406e-11
116 2508 17 2.7755575615628914e-15
131 2550 20 1.1102230246251565e-16
131 3841 18 1.1102230246251565e-16
133 2708 41 1.1102230246251565e-16
135 1345 13 1.3938294962656528e-10
141 1573 13 1.3938294962656528e-10
149 3885 14 1.035438401686406e-11
161 4671 16 4.629630012686903e-14
168 587 26 1.1102230246251565e-16
170 4884 13 1.3938294962656528e-10
179 874 15 7.16093850883226e-13
181 403 20 1.1102230246251565e-16
181 404 30 1.1102230246251565e-16
181 405 20 1.1102230246251565e-16
181 406 14 1.035438401686406e-11
181 407 15 7.16093850883226e-13
181 1088 22 1.1102230246251565e-16
181 1089 16 4.629630012686903e-14
181 1091 13 1.3938294962656528e-10
181 3087 79 1.1102230246251565e-16
186 1130 16 4.629630012686903e-14
196 1603 12 1.7382152384115557e-09
198 2758 13 1.3938294962656528e-10
211 705 15 7.16093850883226e-13
215 2719 20 1.1102230246251565e-16
221 2140 16 4.629630012686903e-14
222 1932 15 7.16093850883226e-13
223 1932 53 1.1102230246251565e-16
226 830 12 1.7382152384115557e-09
226 2439 15 7.16093850883226e-13
234 4300 31 1.1102230246251565e-16
249 3698 13 1.3938294962656528e-10
256 1751 15 7.16093850883226e-13
261 1216 21 1.1102230246251565e-16
271 3073 17 2.7755575615628914e-15
273 2401 13 1.3938294962656528e-10
274 2401 53 1.1102230246251565e-16
278 3566 38 1.1102230246251565e-16
288 2833 12 1.7382152384115557e-09
295 915 14 1.035438401686406e-11
299 1162 13 1.3938294962656528e-10
305 3918 17 2.7755575615628914e-15
309 2615 24 1.1102230246251565e-16
311 4526 17 2.7755575615628914e-15
319 1976 15 7.16093850883226e-13
319 3222 26 1.1102230246251565e-16
324 5055 23 1.1102230246251565e-16
325 696 15 7.16093850883226e-13
327 1423 12 1.7382152384115557e-09
338 1128 12 1.7382152384115557e-09
344 4122 18 1.1102230246251565e-16
348 3073 19 1.1102230246251565e-16
348 4348 15 7.16093850883226e-13
360 2380 18 1.1102230246251565e-16
366 1067 15 7.16093850883226e-13
402 3087 17 2.7755575615628914e-15
403 3087 39 1.1102230246251565e-16
403 4621 14 1.035438401686406e-11
404 3087 34 1.1102230246251565e-16
405 3087 36 1.1102230246251565e-16
406 3087 29 1.1102230246251565e-16
407 3087 43 1.1102230246251565e-16
408 2499 27 1.1102230246251565e-16
408 3087 36 1.1102230246251565e-16
409 3087 27 1.1102230246251565e-16
410 3087 31 1.1102230246251565e-16
411 3087 18 1.1102230246251565e-16
412 3087 19 1.1102230246251565e-16
413 3087 15 7.16093850883226e-13
414 3087 16 4.629630012686903e-14
415 3087 21 1.1102230246251565e-16
416 3087 23 1.1102230246251565e-16
417 3087 17 2.7755575615628914e-15
418 3087 18 1.1102230246251565e-16
419 3087 26 1.1102230246251565e-16
419 3648 17 2.7755575615628914e-15
420 3087 22 1.1102230246251565e-16
421 3087 25 1.1102230246251565e-16
422 3087 16 4.629630012686903e-14
423 3087 12 1.7382152384115557e-09
424 3087 14 1.035438401686406e-11
426 3087 17 2.7755575615628914e-15
427 3087 19 1.1102230246251565e-16
428 3087 16 4.629630012686903e-14
429 3087 13 1.3938294962656528e-10
431 3087 12 1.7382152384115557e-09
432 3087 25 1.1102230246251565e-16
433 3087 21 1.1102230246251565e-16
434 3087 18 1.1102230246251565e-16
435 3087 22 1.1102230246251565e-16
437 3087 17 2.7755575615628914e-15
438 3087 14 1.035438401686406e-11
439 3087 14 1.035438401686406e-11
461 1946 12 1.7382152384115557e-09
474 3087 16 4.629630012686903e-14
484 1890 12 1.7382152384115557e-09
485 1890 24 1.1102230246251565e-16
489 4026 32 1.1102230246251565e-16
492 1071 12 1.7382152384115557e-09
509 2722 21 1.1102230246251565e-16
510 2722 47 1.1102230246251565e-16
511 2722 19 1.1102230246251565e-16
517 2441 21 1.1102230246251565e-16
522 1123 36 1.1102230246251565e-16
535 1669 15 7.16093850883226e-13
535 1670 45 1.1102230246251565e-16
535 3383 12 1.7382152384115557e-09
544 1293 38 1.1102230246251565e-16
563 2163 17 2.7755575615628914e-15
565 2131 14 1.035438401686406e-11
593 3087 16 4.629630012686903e-14
595 5156 32 1.1102230246251565e-16
596 2967 29 1.1102230246251565e-16
598 1055 12 1.7382152384115557e-09
604 2850 12 1.7382152384115557e-09
622 2145 20 1.1102230246251565e-16
623 4086 19 1.1102230246251565e-16
624 923 22 1.1102230246251565e-16
633 4857 19 1.1102230246251565e-16
637 1017 12 1.7382152384115557e-09
639 3774 23 1.1102230246251565e-16
640 2329 26 1.1102230246251565e-16
640 3313 16 4.629630012686903e-14
641 2329 12 1.7382152384115557e-09
652 1272 25 1.1102230246251565e-16
653 1272 13 1.3938294962656528e-10
659 4008 32 1.1102230246251565e-16
668 1482 18 1.1102230246251565e-16
669 1482 18 1.1102230246251565e-16
676 4020 33 1.1102230246251565e-16
684 960 21 1.1102230246251565e-16
697 1206 14 1.035438401686406e-11
704 2669 19 1.1102230246251565e-16
704 3916 57 1.1102230246251565e-16
705 3916 14 1.035438401686406e-11
706 2564 48 1.1102230246251565e-16
706 2565 13 1.3938294962656528e-10
711 2996 24 1.1102230246251565e-16
722 1205 34 1.1102230246251565e-16
731 1823 28 1.1102230246251565e-16
760 4550 23 1.1102230246251565e-16
768 3087 24 1.1102230246251565e-16
769 3087 25 1.1102230246251565e-16
770 3087 15 7.16093850883226e-13
771 3087 12 1.7382152384115557e-09
772 3087 18 1.1102230246251565e-16
773 3087 16 4.629630012686903e-14
773 3959 14 1.035438401686406e-11
775 3087 13 1.3938294962656528e-10
776 3087 15 7.16093850883226e-13
777 3087 16 4.629630012686903e-14
778 3087 26 1.1102230246251565e-16
779 3087 25 1.1102230246251565e-16
780 3087 26 1.1102230246251565e-16
781 3087 23 1.1102230246251565e-16
782 3087 14 1.035438401686406e-11
783 3087 13 1.3938294962656528e-10
784 3087 12 1.7382152384115557e-09
791 3087 12 1.7382152384115557e-09
796 3087 12 1.7382152384115557e-09
797 3087 12 1.7382152384115557e-09
799 3087 13 1.3938294962656528e-10
800 1391 25 1.1102230246251565e-16
800 3087 18 1.1102230246251565e-16
805 3087 15 7.16093850883226e-13
809 5108 30 1.1102230246251565e-16
810 3805 19 1.1102230246251565e-16
817 3087 12 1.7382152384115557e-09
818 3087 12 1.7382152384115557e-09
823 3087 15 7.16093850883226e-13
825 1423 15 7.16093850883226e-13
826 1423 26 1.1102230246251565e-16
833 3087 12 1.7382152384115557e-09
833 3837 25 1.1102230246251565e-16
834 3087 13 1.3938294962656528e-10
835 1408 17 2.7755575615628914e-15
835 3778 23 1.1102230246251565e-16
840 3225 13 1.3938294962656528e-10
852 4008 19 1.1102230246251565e-16
868 3087 12 1.7382152384115557e-09
879 2874 15 7.16093850883226e-13
893 4562 13 1.3938294962656528e-10
911 1458 13 1.3938294962656528e-10
913 3852 22 1.1102230246251565e-16
920 3719 15 7.16093850883226e-13
930 2030 14 1.035438401686406e-11
934 4135 12 1.7382152384115557e-09
936 1718 22 1.1102230246251565e-16
937 2415 16 4.629630012686903e-14
938 2478 31 1.1102230246251565e-16
950 2201 12 1.7382152384115557e-09
959 4131 16 4.629630012686903e-14
959 4132 41 1.1102230246251565e-16
959 4133 14 1.035438401686406e-11
964 4542 14 1.035438401686406e-11
970 4938 12 1.7382152384115557e-09
972 3750 16 4.629630012686903e-14
985 2197 17 2.7755575615628914e-15
993 3972 13 1.3938294962656528e-10
1016 5111 12 1.7382152384115557e-09
1026 2459 19 1.1102230246251565e-16
1035 3886 32 1.1102230246251565e-16
1038 1143 37 1.1102230246251565e-16
1052 2683 19 1.1102230246251565e-16
1052 3443 24 1.1102230246251565e-16
1087 1707 21 1.1102230246251565e-16
1088 1707 34 1.1102230246251565e-16
1088 2007 19 1.1102230246251565e-16
1088 2313 57 1.1102230246251565e-16
1088 2314 14 1.035438401686406e-11
1088 3087 34 1.1102230246251565e-16
1088 4071 33 1.1102230246251565e-16
1089 3087 31 1.1102230246251565e-16
1090 3087 28 1.1102230246251565e-16
1091 3087 17 2.7755575615628914e-15
1092 3087 22 1.1102230246251565e-16
1093 3087 24 1.1102230246251565e-16
1094 3087 23 1.1102230246251565e-16
1095 3087 15 7.16093850883226e-13
1096 3087 25 1.1102230246251565e-16
1097 3087 28 1.1102230246251565e-16
1098 3087 23 1.1102230246251565e-16
1099 3087 36 1.1102230246251565e-16
1100 3087 15 7.16093850883226e-13
1101 3087 24 1.1102230246251565e-16
1102 3087 17 2.7755575615628914e-15
1103 3087 23 1.1102230246251565e-16
1104 3087 30 1.1102230246251565e-16
1104 4864 20 1.1102230246251565e-16
1105 3087 18 1.1102230246251565e-16
1107 3087 13 1.3938294962656528e-10
1108 3087 14 1.035438401686406e-11
1109 3087 12 1.7382152384115557e-09
1111 3087 25 1.1102230246251565e-16
1112 3087 22 1.1102230246251565e-16
1113 3087 15 7.16093850883226e-13
1116 3087 14 1.035438401686406e-11
1117 3087 15 7.16093850883226e-13
1120 3087 15 7.16093850883226e-13
1121 3087 12 1.7382152384115557e-09
1122 2478 12 1.7382152384115557e-09
1122 3087 13 1.3938294962656528e-10
1123 3087 14 1.035438401686406e-11
1125 3087 12 1.7382152384115557e-09
1126 3087 16 4.629630012686903e-14
1127 3087 12 1.7382152384115557e-09
1128 3087 14 1.035438401686406e-11
1131 3087 12 1.7382152384115557e-09
1135 3087 13 1.3938294962656528e-10
1143 3087 12 1.7382152384115557e-09
1146 3087 12 1.7382152384115557e-09
1148 1656 13 1.3938294962656528e-10
1148 3087 15 7.16093850883226e-13
1149 3087 16 4.629630012686903e-14
1150 3087 14 1.035438401686406e-11
1151 3087 14 1.035438401686406e-11
1159 1724 15 7.16093850883226e-13
1163 3087 14 1.035438401686406e-11
1164 3087 17 2.7755575615628914e-15
1164 4614 25 1.1102230246251565e-16
1219 3401 16 4.629630012686903e-14
1224 4864 15 7.16093850883226e-13
1231 3360 17 2.7755575615628914e-15
1303 4181 13 1.3938294962656528e-10
1309 3171 15 7.16093850883226e-13
1311 2702 25 1.1102230246251565e-16
1315 3434 12 1.7382152384115557e-09
1315 4393 26 1.1102230246251565e-16
1315 4583 15 7.16093850883226e-13
1326 3594 13 1.3938294962656528e-10
1337 2201 13 1.3938294962656528e-10
1344 3929 16 4.629630012686903e-14
1346 4308 17 2.7755575615628914e-15
1356 1479 49 1.1102230246251565e-16
1356 1480 15 7.16093850883226e-13
1370 1946 12 1.7382152384115557e-09
1370 4316 22 1.1102230246251565e-16
1384 1631 12 1.7382152384115557e-09
1389 4697 12 1.7382152384115557e-09
1390 4245 15 7.16093850883226e-13
1391 4017 19 1.1102230246251565e-16
1392 4734 56 1.1102230246251565e-16
1401 3087 23 1.1102230246251565e-16
1401 3577 16 4.629630012686903e-14
1401 4279 12 1.7382152384115557e-09
1402 2458 25 1.1102230246251565e-16
1402 3087 26 1.1102230246251565e-16
1403 3087 15 7.16093850883226e-13
1404 3087 13 1.3938294962656528e-10
1405 3087 23 1.1102230246251565e-16
1406 3087 12 1.7382152384115557e-09
1407 3087 12 1.7382152384115557e-09
1408 3087 12 1.7382152384115557e-09
1409 3087 12 1.7382152384115557e-09
1410 2935 12 1.7382152384115557e-09
1411 3087 21 1.1102230246251565e-16
1412 3087 17 2.7755575615628914e-15
1413 3087 12 1.7382152384115557e-09
1414 3087 13 1.3938294962656528e-10
1422 3087 12 1.7382152384115557e-09
1423 3087 12 1.7382152384115557e-09
1424 3087 12 1.7382152384115557e-09
1425 3087 12 1.7382152384115557e-09
1426 3087 14 1.035438401686406e-11
1433 4891 17 2.7755575615628914e-15
1434 3087 13 1.3938294962656528e-10
1435 3087 17 2.7755575615628914e-15
1436 3087 12 1.7382152384115557e-09
1437 4052 15 7.16093850883226e-13
1459 3087 16 4.629630012686903e-14
1460 3087 111 1.1102230246251565e-16
1461 3087 26 1.1102230246251565e-16
1464 3087 12 1.7382152384115557e-09
1469 2010 18 1.1102230246251565e-16
1469 2011 14 1.035438401686406e-11
1478 5130 17 2.7755575615628914e-15
1489 2386 13 1.3938294962656528e-10
1492 2497 18 1.1102230246251565e-16
1506 4734 26 1.1102230246251565e-16
1534 3038 12 1.7382152384115557e-09
1544 3053 54 1.1102230246251565e-16
1545 3053 29 1.1102230246251565e-16
1554 3852 12 1.7382152384115557e-09
1554 3853 12 1.7382152384115557e-09
1554 4279 22 1.1102230246251565e-16
1558 2460 12 1.7382152384115557e-09
1571 3533 15 7.16093850883226e-13
1576 2736 46 1.1102230246251565e-16
1580 4282 25 1.1102230246251565e-16
1624 3227 20 1.1102230246251565e-16
1625 2143 13 1.3938294962656528e-10
1638 3279 13 1.3938294962656528e-10
1650 4193 14 1.035438401686406e-11
1655 3882 35 1.1102230246251565e-16
1656 4519 46 1.1102230246251565e-16
1667 1708 16 4.629630012686903e-14
1672 1918 14 1.035438401686406e-11
1688 2843 21 1.1102230246251565e-16
1688 4550 88 1.1102230246251565e-16
1694 2452 19 1.1102230246251565e-16
1706 3087 12 1.7382152384115557e-09
1707 3087 40 1.1102230246251565e-16
1707 4279 25 1.1102230246251565e-16
1707 4550 156 1.1102230246251565e-16
1707 4668 15 7.16093850883226e-13
1708 2713 13 1.3938294962656528e-10
1708 3087 35 1.1102230246251565e-16
1708 4279 13 1.3938294962656528e-10
1709 3087 23 1.1102230246251565e-16
1710 3087 32 1.1102230246251565e-16
1711 3087 34 1.1102230246251565e-16
1712 3087 31 1.1102230246251565e-16
1712 3684 13 1.3938294962656528e-10
1713 3087 32 1.1102230246251565e-16
1714 3087 22 1.1102230246251565e-16
1715 3087 13 1.3938294962656528e-10
1715 4588 15 7.16093850883226e-13
1716 2651 12 1.7382152384115557e-09
1716 3087 19 1.1102230246251565e-16
1717 3087 29 1.1102230246251565e-16
1718 3087 19 1.1102230246251565e-16
1718 4310 12 1.7382152384115557e-09
1719 3087 18 1.1102230246251565e-16
1720 3087 29 1.1102230246251565e-16
1721 3087 19 1.1102230246251565e-16
1722 3087 18 1.1102230246251565e-16
1723 3087 14 1.035438401686406e-11
1724 3087 17 2.7755575615628914e-15
1725 3087 18 1.1102230246251565e-16
1726 3087 16 4.629630012686903e-14
1727 3087 18 1.1102230246251565e-16
1728 3087 15 7.16093850883226e-13
1730 3087 13 1.3938294962656528e-10
1732 3087 16 4.629630012686903e-14
1734 3087 17 2.7755575615628914e-15
1735 2376 27 1.1102230246251565e-16
1735 3087 25 1.1102230246251565e-16
1736 3087 16 4.629630012686903e-14
1737 3087 21 1.1102230246251565e-16
1737 4768 12 1.7382152384115557e-09
1738 3087 15 7.16093850883226e-13
1740 3087 12 1.7382152384115557e-09
1742 3087 15 7.16093850883226e-13
1743 3087 15 7.16093850883226e-13
1745 3087 16 4.629630012686903e-14
1746 3087 12 1.7382152384115557e-09
1747 3087 13 1.3938294962656528e-10
1748 3087 17 2.7755575615628914e-15
1749 3087 14 1.035438401686406e-11
1750 3087 16 4.629630012686903e-14
1751 3087 12 1.7382152384115557e-09
1752 3087 15 7.16093850883226e-13
1753 2368 35 1.1102230246251565e-16
1753 3087 12 1.7382152384115557e-09
1754 2368 12 1.7382152384115557e-09
1755 3087 13 1.3938294962656528e-10
1757 3087 20 1.1102230246251565e-16
1758 3087 17 2.7755575615628914e-15
1762 3087 15 7.16093850883226e-13
1768 3087 17 2.7755575615628914e-15
1770 3087 17 2.7755575615628914e-15
1771 3087 17 2.7755575615628914e-15
1775 3087 13 1.3938294962656528e-10
1775 3381 18 1.1102230246251565e-16
1775 3382 55 1.1102230246251565e-16
1799 3087 12 1.7382152384115557e-09
1801 4578 17 2.7755575615628914e-15
1808 4962 14 1.035438401686406e-11
1814 3668 26 1.1102230246251565e-16
1814 4336 21 1.1102230246251565e-16
1817 2262 19 1.1102230246251565e-16
1833 3174 48 1.1102230246251565e-16
1834 4844 20 1.1102230246251565e-16
1835 4844 37 1.1102230246251565e-16
1836 4844 18 1.1102230246251565e-16
1841 4900 21 1.1102230246251565e-16
1841 4901 43 1.1102230246251565e-16
1841 4902 14 1.035438401686406e-11
1845 2837 15 7.16093850883226e-13
1853 4369 50 1.1102230246251565e-16
1854 2646 18 1.1102230246251565e-16
1854 5176 13 1.3938294962656528e-10
1871 2329 13 1.3938294962656528e-10
1883 2210 20 1.1102230246251565e-16
1884 4904 19 1.1102230246251565e-16
1913 5049 28 1.1102230246251565e-16
1918 4380 27 1.1102230246251565e-16
1924 3295 15 7.16093850883226e-13
1930 3712 17 2.7755575615628914e-15
1931 5149 16 4.629630012686903e-14
1966 2382 30 1.1102230246251565e-16
1966 2383 13 1.3938294962656528e-10
1969 4828 13 1.3938294962656528e-10
1982 3737 14 1.035438401686406e-11
1982 3888 15 7.16093850883226e-13
1994 4373 12 1.7382152384115557e-09
1995 2995 38 1.1102230246251565e-16
2007 3087 93 1.1102230246251565e-16
2007 4263 28 1.1102230246251565e-16
2008 3087 41 1.1102230246251565e-16
2009 3087 45 1.1102230246251565e-16
2010 3087 39 1.1102230246251565e-16
2010 4263 15 7.16093850883226e-13
2011 3087 15 7.16093850883226e-13
2012 3087 21 1.1102230246251565e-16
2013 3087 34 1.1102230246251565e-16
2014 3087 43 1.1102230246251565e-16
2015 2819 28 1.1102230246251565e-16
2015 5302 24 1.1102230246251565e-16
2022 3087 13 1.3938294962656528e-10
2025 3087 15 7.16093850883226e-13
2025 4673 12 1.7382152384115557e-09
2027 3087 13 1.3938294962656528e-10
2028 3087 19 1.1102230246251565e-16
2030 3087 15 7.16093850883226e-13
2034 3087 19 1.1102230246251565e-16
2035 3087 21 1.1102230246251565e-16
2035 3883 18 1.1102230246251565e-16
2036 3087 13 1.3938294962656528e-10
2040 3087 16 4.629630012686903e-14
2041 3087 20 1.1102230246251565e-16
2050 2395 15 7.16093850883226e-13
2050 2396 25 1.1102230246251565e-16
2051 3087 15 7.16093850883226e-13
2052 3087 12 1.7382152384115557e-09
2058 3087 18 1.1102230246251565e-16
2070 3087 12 1.7382152384115557e-09
2167 4028 20 1.1102230246251565e-16
2175 5301 18 1.1102230246251565e-16
2184 2526 13 1.3938294962656528e-10
2187 4082 17 2.7755575615628914e-15
2188 3960 25 1.1102230246251565e-16
2193 2326 22 1.1102230246251565e-16
2193 4659 40 1.1102230246251565e-16
2199 3267 15 7.16093850883226e-13
2208 4411 30 1.1102230246251565e-16
2219 2666 29 1.1102230246251565e-16
2222 3367 16 4.629630012686903e-14
2224 3567 21 1.1102230246251565e-16
2243 2927 31 1.1102230246251565e-16
2259 2974 14 1.035438401686406e-11
2268 3686 12 1.7382152384115557e-09
2272 4936 31 1.1102230246251565e-16
2275 3445 15 7.16093850883226e-13
2303 3170 12 1.7382152384115557e-09
2313 3087 120 1.1102230246251565e-16
2313 4263 17 2.7755575615628914e-15
2314 3087 73 1.1102230246251565e-16
2314 4550 127 1.1102230246251565e-16
2315 2657 12 1.7382152384115557e-09
2315 3087 67 1.1102230246251565e-16
2316 3087 36 1.1102230246251565e-16
2317 3087 42 1.1102230246251565e-16
2318 3087 32 1.1102230246251565e-16
2318 3851 27 1.1102230246251565e-16
2319 3087 36 1.1102230246251565e-16
2320 3087 31 1.1102230246251565e-16
2321 3087 33 1.1102230246251565e-16
2322 3087 26 1.1102230246251565e-16
2323 3087 33 1.1102230246251565e-16
2324 3087 57 1.1102230246251565e-16
2325 3087 41 1.1102230246251565e-16
2326 3087 43 1.1102230246251565e-16
2327 3087 32 1.1102230246251565e-16
2328 3087 35 1.1102230246251565e-16
2329 3087 24 1.1102230246251565e-16
2330 3087 21 1.1102230246251565e-16
2331 3087 28 1.1102230246251565e-16
2332 3087 16 4.629630012686903e-14
2333 3087 25 1.1102230246251565e-16
2334 3087 24 1.1102230246251565e-16
2335 3087 16 4.629630012686903e-14
2336 3087 24 1.1102230246251565e-16
2337 3087 12 1.7382152384115557e-09
2338 3087 21 1.1102230246251565e-16
2339 3087 15 7.16093850883226e-13
2340 3087 15 7.16093850883226e-13
2341 3087 12 1.7382152384115557e-09
2342 3087 23 1.1102230246251565e-16
2343 3087 14 1.035438401686406e-11
2344 3087 19 1.1102230246251565e-16
2353 3087 18 1.1102230246251565e-16
2354 3087 14 1.035438401686406e-11
2355 3087 14 1.035438401686406e-11
2356 3087 15 7.16093850883226e-13
2357 3087 22 1.1102230246251565e-16
2360 3087 19 1.1102230246251565e-16
2361 3087 19 1.1102230246251565e-16
2363 3087 17 2.7755575615628914e-15
2365 2897 14 1.035438401686406e-11
2367 3087 14 1.035438401686406e-11
2376 3087 18 1.1102230246251565e-16
2376 5267 26 1.1102230246251565e-16
2379 3087 14 1.035438401686406e-11
2380 3087 13 1.3938294962656528e-10
2382 3087 12 1.7382152384115557e-09
2387 3087 13 1.3938294962656528e-10
2390 3087 12 1.7382152384115557e-09
2404 3579 14 1.035438401686406e-11
2410 3846 18 1.1102230246251565e-16
2412 4685 13 1.3938294962656528e-10
2438 4511 23 1.1102230246251565e-16
2439 4151 13 1.3938294962656528e-10
2441 4985 12 1.7382152384115557e-09
2445 2849 26 1.1102230246251565e-16
2461 3916 24 1.1102230246251565e-16
2482 2681 31 1.1102230246251565e-16
2491 4725 17 2.7755575615628914e-15
2498 3220 23 1.1102230246251565e-16
2508 4800 14 1.035438401686406e-11
2514 3431 42 1.1102230246251565e-16
2524 2934 18 1.1102230246251565e-16
2524 2935 62 1.1102230246251565e-16
2524 2936 143 1.1102230246251565e-16
2558 3336 31 1.1102230246251565e-16
2566 3725 12 1.7382152384115557e-09
2568 4661 12 1.7382152384115557e-09
2569 4661 42 1.1102230246251565e-16
2570 4661 21 1.1102230246251565e-16
2578 3087 47 1.1102230246251565e-16
2579 3087 33 1.1102230246251565e-16
2580 3087 27 1.1102230246251565e-16
2581 3087 18 1.1102230246251565e-16
2582 3087 26 1.1102230246251565e-16
2583 2935 12 1.7382152384115557e-09
2583 3087 21 1.1102230246251565e-16
2583 3503 12 1.7382152384115557e-09
2583 3505 14 1.035438401686406e-11
2584 3087 19 1.1102230246251565e-16
2585 3087 18 1.1102230246251565e-16
2586 3087 24 1.1102230246251565e-16
2587 3087 24 1.1102230246251565e-16
2588 3087 19 1.1102230246251565e-16
2589 3087 13 1.3938294962656528e-10
2590 3087 20 1.1102230246251565e-16
2591 3087 21 1.1102230246251565e-16
2592 3087 27 1.1102230246251565e-16
2593 3087 12 1.7382152384115557e-09
2595 3087 20 1.1102230246251565e-16
2596 3087 20 1.1102230246251565e-16
2597 3087 19 1.1102230246251565e-16
2598 3087 19 1.1102230246251565e-16
2599 3087 34 1.1102230246251565e-16
2600 3087 28 1.1102230246251565e-16
2601 3087 21 1.1102230246251565e-16
2602 3087 22 1.1102230246251565e-16
2603 3087 18 1.1102230246251565e-16
2604 3087 14 1.035438401686406e-11
2605 3087 16 4.629630012686903e-14
2606 3087 16 4.629630012686903e-14
2607 3087 12 1.7382152384115557e-09
2608 3087 12 1.7382152384115557e-09
2609 3087 12 1.7382152384115557e-09
2611 3087 15 7.16093850883226e-13
2612 3087 20 1.1102230246251565e-16
2613 3087 19 1.1102230246251565e-16
2614 3087 20 1.1102230246251565e-16
2615 3087 16 4.629630012686903e-14
2616 3087 14 1.035438401686406e-11
2618 3087 13 1.3938294962656528e-10
2621 3087 14 1.035438401686406e-11
2632 3087 12 1.7382152384115557e-09
2633 3087 12 1.7382152384115557e-09
2634 3087 14 1.035438401686406e-11
2635 3087 15 7.16093850883226e-13
2637 3087 13 1.3938294962656528e-10
2645 3087 12 1.7382152384115557e-09
2646 3087 13 1.3938294962656528e-10
2651 4166 21 1.1102230246251565e-16
2666 3087 14 1.035438401686406e-11
2672 4229 13 1.3938294962656528e-10
2679 4330 12 1.7382152384115557e-09
2701 5235 22 1.1102230246251565e-16
2706 4640 17 2.7755575615628914e-15
2706 4641 12 1.7382152384115557e-09
2718 5164 13 1.3938294962656528e-10
2729 3124 16 4.629630012686903e-14
2737 3649 35 1.1102230246251565e-16
2747 4399 12 1.7382152384115557e-09
2785 4364 24 1.1102230246251565e-16
2808 4372 57 1.1102230246251565e-16
2813 3735 14 1.035438401686406e-11
2819 5302 17 2.7755575615628914e-15
2827 3087 16 4.629630012686903e-14
2827 3427 12 1.7382152384115557e-09
2828 3087 14 1.035438401686406e-11
2829 3087 14 1.035438401686406e-11
2830 3087 30 1.1102230246251565e-16
2831 3087 21 1.1102230246251565e-16
2832 3087 27 1.1102230246251565e-16
2833 3087 37 1.1102230246251565e-16
2834 3087 32 1.1102230246251565e-16
2835 3087 21 1.1102230246251565e-16
2836 3087 16 4.629630012686903e-14
2837 3087 21 1.1102230246251565e-16
2838 3087 15 7.16093850883226e-13
2839 3087 12 1.7382152384115557e-09
2840 3087 18 1.1102230246251565e-16
2841 3087 12 1.7382152384115557e-09
2842 3087 15 7.16093850883226e-13
2843 3087 12 1.7382152384115557e-09
2845 3087 20 1.1102230246251565e-16
2846 3087 21 1.1102230246251565e-16
2847 3087 19 1.1102230246251565e-16
2848 3087 13 1.3938294962656528e-10
2849 3087 13 1.3938294962656528e-10
2852 3116 17 2.7755575615628914e-15
2854 3087 17 2.7755575615628914e-15
2855 3087 13 1.3938294962656528e-10
2855 4919 12 1.7382152384115557e-09
2856 3087 13 1.3938294962656528e-10
2857 3087 24 1.1102230246251565e-16
2862 3087 12 1.7382152384115557e-09
2863 3087 13 1.3938294962656528e-10
2864 3577 26 1.1102230246251565e-16
2868 3087 12 1.7382152384115557e-09
2869 3087 13 1.3938294962656528e-10
2870 3087 13 1.3938294962656528e-10
2874 3389 15 7.16093850883226e-13
2876 3087 13 1.3938294962656528e-10
2881 4820 31 1.1102230246251565e-16
2881 4821 12 1.7382152384115557e-09
2899 3087 12 1.7382152384115557e-09
2909 3087 14 1.035438401686406e-11
2952 3582 16 4.629630012686903e-14
2953 3582 52 1.1102230246251565e-16
2954 3582 12 1.7382152384115557e-09
2976 4535 12 1.7382152384115557e-09
2984 3552 15 7.16093850883226e-13
3008 4348 13 1.3938294962656528e-10
3026 3308 12 1.7382152384115557e-09
3035 4617 21 1.1102230246251565e-16
3054 4538 14 1.035438401686406e-11
3080 4968 16 4.629630012686903e-14
3087 3333 21 1.1102230246251565e-16
3087 3334 13 1.3938294962656528e-10
3087 3336 16 4.629630012686903e-14
3087 3337 14 1.035438401686406e-11
3087 3351 14 1.035438401686406e-11
3087 3577 30 1.1102230246251565e-16
3087 3578 50 1.1102230246251565e-16
3087 3579 34 1.1102230246251565e-16
3087 3580 20 1.1102230246251565e-16
3087 3581 23 1.1102230246251565e-16
3087 3582 35 1.1102230246251565e-16
3087 3583 16 4.629630012686903e-14
3087 3584 18 1.1102230246251565e-16
3087 3585 18 1.1102230246251565e-16
3087 3586 24 1.1102230246251565e-16
3087 3587 17 2.7755575615628914e-15
3087 3588 22 1.1102230246251565e-16
3087 3589 24 1.1102230246251565e-16
3087 3590 24 1.1102230246251565e-16
3087 3591 12 1.7382152384115557e-09
3087 3592 20 1.1102230246251565e-16
3087 3593 13 1.3938294962656528e-10
3087 3594 18 1.1102230246251565e-16
3087 3595 17 2.7755575615628914e-15
3087 3597 12 1.7382152384115557e-09
3087 3598 19 1.1102230246251565e-16
3087 3599 20 1.1102230246251565e-16
3087 3600 13 1.3938294962656528e-10
3087 3601 16 4.629630012686903e-14
3087 3603 12 1.7382152384115557e-09
3087 3604 14 1.035438401686406e-11
3087 3605 12 1.7382152384115557e-09
3087 3606 15 7.16093850883226e-13
3087 3607 12 1.7382152384115557e-09
3087 3608 12 1.7382152384115557e-09
3087 3609 19 1.1102230246251565e-16
3087 3610 18 1.1102230246251565e-16
3087 3613 17 2.7755575615628914e-15
3087 3614 13 1.3938294962656528e-10
3087 3619 13 1.3938294962656528e-10
3087 3620 15 7.16093850883226e-13
3087 3627 12 1.7382152384115557e-09
3087 3628 13 1.3938294962656528e-10
3087 3636 12 1.7382152384115557e-09
3087 3639 12 1.7382152384115557e-09
3087 3687 56 1.1102230246251565e-16
3087 3831 15 7.16093850883226e-13
3087 3832 14 1.035438401686406e-11
3087 3833 13 1.3938294962656528e-10
3087 3836 22 1.1102230246251565e-16
3087 3837 20 1.1102230246251565e-16
3087 3838 25 1.1102230246251565e-16
3087 3839 19 1.1102230246251565e-16
3087 3840 24 1.1102230246251565e-16
3087 3841 21 1.1102230246251565e-16
3087 3842 24 1.1102230246251565e-16
3087 3843 20 1.1102230246251565e-16
3087 3844 22 1.1102230246251565e-16
3087 3845 21 1.1102230246251565e-16
3087 3846 24 1.1102230246251565e-16
3087 3847 28 1.1102230246251565e-16
3087 3848 23 1.1102230246251565e-16
3087 3849 25 1.1102230246251565e-16
3087 3850 40 1.1102230246251565e-16
3087 3851 57 1.1102230246251565e-16
3087 3852 47 1.1102230246251565e-16
3087 3853 26 1.1102230246251565e-16
3087 3854 19 1.1102230246251565e-16
3087 3855 15 7.16093850883226e-13
3087 3857 13 1.3938294962656528e-10
3087 3858 17 2.7755575615628914e-15
3087 3869 14 1.035438401686406e-11
3087 4071 36 1.1102230246251565e-16
3087 4072 28 1.1102230246251565e-16
3087 4073 19 1.1102230246251565e-16
3087 4074 17 2.7755575615628914e-15
3087 4075 17 2.7755575615628914e-15
3087 4076 21 1.1102230246251565e-16
3087 4078 31 1.1102230246251565e-16
3087 4079 19 1.1102230246251565e-16
3087 4080 21 1.1102230246251565e-16
3087 4081 20 1.1102230246251565e-16
3087 4082 19 1.1102230246251565e-16
3087 4084 13 1.3938294962656528e-10
3087 4085 15 7.16093850883226e-13
3087 4086 20 1.1102230246251565e-16
3087 4087 14 1.035438401686406e-11
3087 4088 23 1.1102230246251565e-16
3087 4089 15 7.16093850883226e-13
3087 4090 24 1.1102230246251565e-16
3087 4091 18 1.1102230246251565e-16
3087 4093 17 2.7755575615628914e-15
3087 4094 25 1.1102230246251565e-16
3087 4095 20 1.1102230246251565e-16
3087 4096 19 1.1102230246251565e-16
3087 4097 16 4.629630012686903e-14
3087 4098 16 4.629630012686903e-14
3087 4099 15 7.16093850883226e-13
3087 4101 14 1.035438401686406e-11
3087 4102 14 1.035438401686406e-11
3087 4105 18 1.1102230246251565e-16
3087 4108 17 2.7755575615628914e-15
3087 4109 17 2.7755575615628914e-15
3087 4110 14 1.035438401686406e-11
3087 4111 13 1.3938294962656528e-10
3087 4112 16 4.629630012686903e-14
3087 4115 13 1.3938294962656528e-10
3087 4119 13 1.3938294962656528e-10
3087 4120 15 7.16093850883226e-13
3087 4127 19 1.1102230246251565e-16
3087 4136 13 1.3938294962656528e-10
3087 4263 303 1.1102230246251565e-16
3087 4279 20 1.1102230246251565e-16
3087 4280 31 1.1102230246251565e-16
3087 4281 17 2.7755575615628914e-15
3087 4282 22 1.1102230246251565e-16
3087 4283 20 1.1102230246251565e-16
3087 4284 19 1.1102230246251565e-16
3087 4285 26 1.1102230246251565e-16
3087 4286 21 1.1102230246251565e-16
3087 4287 24 1.1102230246251565e-16
3087 4288 16 4.629630012686903e-14
3087 4289 17 2.7755575615628914e-15
3087 4290 15 7.16093850883226e-13
3087 4291 16 4.629630012686903e-14
3087 4292 22 1.1102230246251565e-16
3087 4293 19 1.1102230246251565e-16
3087 4294 12 1.7382152384115557e-09
3087 4295 13 1.3938294962656528e-10
3087 4296 21 1.1102230246251565e-16
3087 4297 12 1.7382152384115557e-09
3087 4298 14 1.035438401686406e-11
3087 4302 13 1.3938294962656528e-10
3087 4304 12 1.7382152384115557e-09
3087 4305 15 7.16093850883226e-13
3087 4322 13 1.3938294962656528e-10
3087 4326 15 7.16093850883226e-13
3087 4476 24 1.1102230246251565e-16
3087 4477 34 1.1102230246251565e-16
3087 4478 22 1.1102230246251565e-16
3087 4479 31 1.1102230246251565e-16
3087 4480 26 1.1102230246251565e-16
3087 4481 24 1.1102230246251565e-16
3087 4482 15 7.16093850883226e-13
3087 4488 13 1.3938294962656528e-10
3087 4489 12 1.7382152384115557e-09
3087 4490 12 1.7382152384115557e-09
3087 4491 12 1.7382152384115557e-09
3087 4492 15 7.16093850883226e-13
3087 4495 18 1.1102230246251565e-16
3087 4496 12 1.7382152384115557e-09
3087 4498 14 1.035438401686406e-11
3087 4499 14 1.035438401686406e-11
3087 4500 18 1.1102230246251565e-16
3087 4501 14 1.035438401686406e-11
3087 4502 21 1.1102230246251565e-16
3087 4503 17 2.7755575615628914e-15
3087 4504 13 1.3938294962656528e-10
3087 4505 16 4.629630012686903e-14
3087 4506 17 2.7755575615628914e-15
3087 4507 14 1.035438401686406e-11
3087 4510 12 1.7382152384115557e-09
3087 4511 12 1.7382152384115557e-09
3087 4514 17 2.7755575615628914e-15
3087 4518 14 1.035438401686406e-11
3087 4519 12 1.7382152384115557e-09
3087 4520 12 1.7382152384115557e-09
3087 4525 15 7.16093850883226e-13
3087 4550 15 7.16093850883226e-13
3087 4668 78 1.1102230246251565e-16
3087 4676 12 1.7382152384115557e-09
3087 4681 12 1.7382152384115557e-09
3087 4692 14 1.035438401686406e-11
3087 4697 13 1.3938294962656528e-10
3087 4878 13 1.3938294962656528e-10
3087 4887 12 1.7382152384115557e-09
3087 4910 13 1.3938294962656528e-10
3087 4981 14 1.035438401686406e-11
3087 4983 13 1.3938294962656528e-10
3087 4984 21 1.1102230246251565e-16
3087 4985 14 1.035438401686406e-11
3087 4990 16 4.629630012686903e-14
3087 4991 12 1.7382152384115557e-09
3087 4992 17 2.7755575615628914e-15
3087 4993 17 2.7755575615628914e-15
3087 4994 14 1.035438401686406e-11
3087 5038 14 1.035438401686406e-11
3087 5040 12 1.7382152384115557e-09
3088 4535 16 4.629630012686903e-14
3091 4337 16 4.629630012686903e-14
3114 3622 15 7.16093850883226e-13
3140 4339 18 1.1102230246251565e-16
3146 4119 18 1.1102230246251565e-16
3147 4894 16 4.629630012686903e-14
3147 4895 41 1.1102230246251565e-16
3147 4896 21 1.1102230246251565e-16
3157 4406 17 2.7755575615628914e-15
3159 3465 13 1.3938294962656528e-10
3165 3713 17 2.7755575615628914e-15
3168 3943 14 1.035438401686406e-11
3206 3710 21 1.1102230246251565e-16
3206 4228 12 1.7382152384115557e-09
3236 4115 20 1.1102230246251565e-16
3236 4116 66 1.1102230246251565e-16
3248 3681 27 1.1102230246251565e-16
3248 4136 21 1.1102230246251565e-16
3269 4011 14 1.035438401686406e-11
3269 5101 21 1.1102230246251565e-16
3290 3468 13 1.3938294962656528e-10
3299 4550 144 1.1102230246251565e-16
3310 4916 31 1.1102230246251565e-16
3311 4916 12 1.7382152384115557e-09
3325 4964 12 1.7382152384115557e-09
3325 4966 19 1.1102230246251565e-16
3325 4967 35 1.1102230246251565e-16
3325 4968 38 1.1102230246251565e-16
3333 4477 19 1.1102230246251565e-16
3343 4572 31 1.1102230246251565e-16
3350 3656 19 1.1102230246251565e-16
3384 3723 23 1.1102230246251565e-16
3406 5137 27 1.1102230246251565e-16
3422 4757 13 1.3938294962656528e-10
3422 5185 15 7.16093850883226e-13
3547 3782 46 1.1102230246251565e-16
3548 3782 13 1.3938294962656528e-10
3551 5263 21 1.1102230246251565e-16
3567 4390 12 1.7382152384115557e-09
3605 3887 23 1.1102230246251565e-16
3627 4526 14 1.035438401686406e-11
3641 3958 12 1.7382152384115557e-09
3650 4680 14 1.035438401686406e-11
3687 4263 307 1.1102230246251565e-16
3705 5002 21 1.1102230246251565e-16
3722 4683 18 1.1102230246251565e-16
3759 4520 15 7.16093850883226e-13
3768 4390 26 1.1102230246251565e-16
3922 4442 14 1.035438401686406e-11
3939 5115 12 1.7382152384115557e-09
3945 4334 17 2.7755575615628914e-15
3960 4268 14 1.035438401686406e-11
3983 4193 19 1.1102230246251565e-16
4002 5038 12 1.7382152384115557e-09
4073 4840 20 1.1102230246251565e-16
4133 5150 13 1.3938294962656528e-10
4137 4522 16 4.629630012686903e-14
4228 4633 18 1.1102230246251565e-16
4256 4751 15 7.16093850883226e-13
4263 4668 12 1.7382152384115557e-09
4268 4392 12 1.7382152384115557e-09
4279 4668 19 1.1102230246251565e-16
4279 4669 28 1.1102230246251565e-16
4279 4670 18 1.1102230246251565e-16
4279 4852 37 1.1102230246251565e-16
4303 4717 15 7.16093850883226e-13
4307 4560 16 4.629630012686903e-14
4314 5191 13 1.3938294962656528e-10
4317 4564 21 1.1102230246251565e-16
4357 4632 13 1.3938294962656528e-10
4373 4932 12 1.7382152384115557e-09
4374 4932 13 1.3938294962656528e-10
4387 4479 13 1.3938294962656528e-10
4387 5012 15 7.16093850883226e-13
4447 5175 22 1.1102230246251565e-16
4494 4964 22 1.1102230246251565e-16
4539 4914 41 1.1102230246251565e-16
4550 4810 18 1.1102230246251565e-16
4661 4968 16 4.629630012686903e-14
4922 5223 18 1.1102230246251565e-16
4938 4988 22 1.1102230246251565e-16
