bin1 bin2 count p_value
7 3087 27 1.1102230246251565e-16
8 3087 25 1.1102230246251565e-16
9 3087 36 1.1102230246251565e-16
10 3087 26 1.1102230246251565e-16
10 5011 13 1.1257661469699087e-13
11 3087 23 1.1102230246251565e-16
12 3087 24 1.1102230246251565e-16
13 3087 25 1.1102230246251565e-16
14 3087 23 1.1102230246251565e-16
15 3087 23 1.1102230246251565e-16
16 3087 15 2.220446049250313e-16
17 3087 11 5.147671178207247e-11
18 3087 11 5.147671178207247e-11
19 3087 22 1.1102230246251565e-16
20 3087 30 1.1102230246251565e-16
21 3087 29 1.1102230246251565e-16
22 3087 18 1.1102230246251565e-16
23 3087 22 1.1102230246251565e-16
24 3087 13 1.1257661469699087e-13
25 3087 15 2.220446049250313e-16
26 3087 20 1.1102230246251565e-16
27 3087 21 1.1102230246251565e-16
28 3087 14 4.6629367034256575e-15
29 3087 13 1.1257661469699087e-13
32 3087 16 1.1102230246251565e-16
33 1716 15 2.220446049250313e-16
33 3087 17 1.1102230246251565e-16
34 3087 17 1.1102230246251565e-16
35 2955 12 2.509770169467629e-12
35 3087 17 1.1102230246251565e-16
36 2955 17 1.1102230246251565e-16
36 3087 17 1.1102230246251565e-16
37 3087 12 2.509770169467629e-12
38 3087 16 1.1102230246251565e-16
39 3087 10 9.65263646790504e-10
40 3087 17 1.1102230246251565e-16
41 3087 11 5.147671178207247e-11
42 3087 19 1.1102230246251565e-16
43 3087 11 5.147671178207247e-11
44 2379 11 5.147671178207247e-11
44 3087 10 9.65263646790504e-10
45 3087 12 2.509770169467629e-12
46 3087 10 9.65263646790504e-10
47 3087 13 1.1257661469699087e-13
48 3087 14 4.6629367034256575e-15
49 3087 14 4.6629367034256575e-15
52 3087 13 1.1257661469699087e-13
55 3087 10 9.65263646790504e-10
56 3087 12 2.509770169467629e-12
60 3087 14 4.6629367034256575e-15
61 3087 14 4.6629367034256575e-15
62 3087 13 1.1257661469699087e-13
65 3087 10 9.65263646790504e-10
66 3087 11 5.147671178207247e-11
67 3087 11 5.147671178207247e-11
68 3087 20 1.1102230246251565e-16
69 3087 21 1.1102230246251565e-16
70 3087 11 5.147671178207247e-11
74 3087 11 5.147671178207247e-11
75 3087 12 2.509770169467629e-12
76 3087 16 1.1102230246251565e-16
77 3087 10 9.65263646790504e-10
85 3087 10 9.65263646790504e-10
86 3087 11 5.147671178207247e-11
87 3087 10 9.65263646790504e-10
89 3087 11 5.147671178207247e-11
90 3087 10 9.65263646790504e-10
104 3087 13 1.1257661469699087e-13
108 1909 12 2.509770169467629e-12
112 4930 31 1.1102230246251565e-16
114 3889 12 2.509770169467629e-12
125 4939 13 1.1257661469699087e-13
133 2708 21 1.1102230246251565e-16
149 3885 10 9.65263646790504e-10
168 587 25 1.1102230246251565e-16
179 874 19 1.1102230246251565e-16
181 402 17 1.1102230246251565e-16
181 403 29 1.1102230246251565e-16
181 404 22 1.1102230246251565e-16
181 405 12 2.509770169467629e-12
181 437 10 9.65263646790504e-10
181 1088 15 2.220446049250313e-16
181 1089 14 4.6629367034256575e-15
181 1091 12 2.509770169467629e-12
181 1098 10 9.65263646790504e-10
181 3087 65 1.1102230246251565e-16
186 1130 10 9.65263646790504e-10
197 2259 11 5.147671178207247e-11
198 2758 10 9.65263646790504e-10
208 1497 11 5.147671178207247e-11
215 2719 17 1.1102230246251565e-16
221 2140 10 9.65263646790504e-10
223 1932 29 1.1102230246251565e-16
234 4300 13 1.1257661469699087e-13
259 4147 11 5.147671178207247e-11
261 1216 15 2.220446049250313e-16
268 1362 10 9.65263646790504e-10
269 2787 10 9.65263646790504e-10
271 1605 11 5.147671178207247e-11
271 3073 20 1.1102230246251565e-16
274 2401 38 1.1102230246251565e-16
277 1950 16 1.1102230246251565e-16
278 662 10 9.65263646790504e-10
278 3566 27 1.1102230246251565e-16
295 915 12 2.509770169467629e-12
299 1162 13 1.1257661469699087e-13
305 3918 22 1.1102230246251565e-16
309 2615 26 1.1102230246251565e-16
319 1976 14 4.6629367034256575e-15
319 3222 14 4.6629367034256575e-15
324 5055 13 1.1257661469699087e-13
327 1423 13 1.1257661469699087e-13
338 1128 15 2.220446049250313e-16
344 4122 15 2.220446049250313e-16
348 3073 12 2.509770169467629e-12
348 4348 15 2.220446049250313e-16
366 732 10 9.65263646790504e-10
366 2945 10 9.65263646790504e-10
403 3087 39 1.1102230246251565e-16
403 4621 14 4.6629367034256575e-15
404 3087 19 1.1102230246251565e-16
405 3087 31 1.1102230246251565e-16
406 3087 36 1.1102230246251565e-16
407 3087 12 2.509770169467629e-12
408 2499 16 1.1102230246251565e-16
408 3087 26 1.1102230246251565e-16
409 3087 16 1.1102230246251565e-16
410 3087 15 2.220446049250313e-16
411 3087 10 9.65263646790504e-10
412 3087 12 2.509770169467629e-12
413 3087 15 2.220446049250313e-16
414 3087 10 9.65263646790504e-10
415 3087 17 1.1102230246251565e-16
415 4414 10 9.65263646790504e-10
416 3087 22 1.1102230246251565e-16
417 3087 18 1.1102230246251565e-16
418 3087 20 1.1102230246251565e-16
419 3087 21 1.1102230246251565e-16
419 3648 10 9.65263646790504e-10
420 3087 17 1.1102230246251565e-16
421 3087 17 1.1102230246251565e-16
422 3087 17 1.1102230246251565e-16
423 3087 13 1.1257661469699087e-13
424 3087 22 1.1102230246251565e-16
425 3087 14 4.6629367034256575e-15
426 3087 13 1.1257661469699087e-13
427 3087 10 9.65263646790504e-10
429 3087 11 5.147671178207247e-11
430 3087 13 1.1257661469699087e-13
431 3087 16 1.1102230246251565e-16
432 3060 18 1.1102230246251565e-16
432 3087 24 1.1102230246251565e-16
433 3087 16 1.1102230246251565e-16
434 3087 13 1.1257661469699087e-13
435 3087 21 1.1102230246251565e-16
436 3087 13 1.1257661469699087e-13
437 3087 23 1.1102230246251565e-16
438 3087 16 1.1102230246251565e-16
440 3087 11 5.147671178207247e-11
442 3087 18 1.1102230246251565e-16
443 3087 12 2.509770169467629e-12
444 3087 12 2.509770169467629e-12
445 3087 21 1.1102230246251565e-16
446 3087 15 2.220446049250313e-16
453 4854 10 9.65263646790504e-10
454 2660 11 5.147671178207247e-11
456 1340 11 5.147671178207247e-11
456 3276 10 9.65263646790504e-10
456 4263 10 9.65263646790504e-10
456 4307 10 9.65263646790504e-10
456 4520 10 9.65263646790504e-10
456 4526 10 9.65263646790504e-10
456 4855 10 9.65263646790504e-10
456 4856 11 5.147671178207247e-11
457 1622 10 9.65263646790504e-10
457 1639 12 2.509770169467629e-12
457 2481 10 9.65263646790504e-10
457 4857 11 5.147671178207247e-11
458 1345 13 1.1257661469699087e-13
458 1346 10 9.65263646790504e-10
458 3232 11 5.147671178207247e-11
458 3681 11 5.147671178207247e-11
458 4222 13 1.1257661469699087e-13
458 4264 11 5.147671178207247e-11
458 4858 10 9.65263646790504e-10
459 4528 11 5.147671178207247e-11
460 4222 11 5.147671178207247e-11
460 4855 10 9.65263646790504e-10
461 1946 11 5.147671178207247e-11
461 3551 11 5.147671178207247e-11
461 4222 10 9.65263646790504e-10
461 4263 10 9.65263646790504e-10
461 4264 10 9.65263646790504e-10
461 4525 10 9.65263646790504e-10
461 4853 10 9.65263646790504e-10
462 4264 12 2.509770169467629e-12
462 4858 10 9.65263646790504e-10
471 3087 11 5.147671178207247e-11
472 3087 14 4.6629367034256575e-15
476 3087 12 2.509770169467629e-12
484 1890 10 9.65263646790504e-10
485 1890 15 2.220446049250313e-16
489 4026 22 1.1102230246251565e-16
494 2864 15 2.220446049250313e-16
510 2722 34 1.1102230246251565e-16
522 1123 23 1.1102230246251565e-16
535 1669 13 1.1257661469699087e-13
535 1670 37 1.1102230246251565e-16
544 1293 43 1.1102230246251565e-16
563 2163 11 5.147671178207247e-11
565 2131 19 1.1102230246251565e-16
579 3846 10 9.65263646790504e-10
595 5156 24 1.1102230246251565e-16
596 2967 15 2.220446049250313e-16
624 923 20 1.1102230246251565e-16
639 1298 10 9.65263646790504e-10
639 3774 12 2.509770169467629e-12
640 2329 33 1.1102230246251565e-16
640 3313 10 9.65263646790504e-10
652 1272 22 1.1102230246251565e-16
657 2103 10 9.65263646790504e-10
659 4008 22 1.1102230246251565e-16
664 2188 11 5.147671178207247e-11
668 1482 15 2.220446049250313e-16
669 1482 13 1.1257661469699087e-13
676 4020 23 1.1102230246251565e-16
684 960 19 1.1102230246251565e-16
704 3916 28 1.1102230246251565e-16
705 1284 13 1.1257661469699087e-13
706 2564 40 1.1102230246251565e-16
706 2565 12 2.509770169467629e-12
708 1359 10 9.65263646790504e-10
708 1361 10 9.65263646790504e-10
708 1379 13 1.1257661469699087e-13
708 2269 11 5.147671178207247e-11
708 3320 10 9.65263646790504e-10
711 2996 19 1.1102230246251565e-16
712 2996 11 5.147671178207247e-11
722 1205 21 1.1102230246251565e-16
728 1363 13 1.1257661469699087e-13
728 1625 10 9.65263646790504e-10
728 2980 10 9.65263646790504e-10
728 3275 10 9.65263646790504e-10
730 1362 12 2.509770169467629e-12
730 1623 11 5.147671178207247e-11
730 2524 10 9.65263646790504e-10
731 1361 13 1.1257661469699087e-13
731 1823 10 9.65263646790504e-10
756 3836 12 2.509770169467629e-12
759 1392 13 1.1257661469699087e-13
759 3324 11 5.147671178207247e-11
760 778 14 4.6629367034256575e-15
760 4550 37 1.1102230246251565e-16
768 3087 26 1.1102230246251565e-16
769 3087 15 2.220446049250313e-16
770 3087 11 5.147671178207247e-11
771 3087 18 1.1102230246251565e-16
772 3087 20 1.1102230246251565e-16
773 3087 16 1.1102230246251565e-16
774 3087 11 5.147671178207247e-11
775 3087 11 5.147671178207247e-11
776 3087 19 1.1102230246251565e-16
777 3087 17 1.1102230246251565e-16
778 3087 15 2.220446049250313e-16
778 4550 14 4.6629367034256575e-15
779 3087 27 1.1102230246251565e-16
780 3087 21 1.1102230246251565e-16
781 3087 12 2.509770169467629e-12
782 3087 13 1.1257661469699087e-13
783 3087 14 4.6629367034256575e-15
784 3087 15 2.220446049250313e-16
787 3087 10 9.65263646790504e-10
788 3087 14 4.6629367034256575e-15
790 3087 13 1.1257661469699087e-13
797 3087 10 9.65263646790504e-10
798 3087 10 9.65263646790504e-10
800 1391 25 1.1102230246251565e-16
800 3087 11 5.147671178207247e-11
801 3087 15 2.220446049250313e-16
804 3087 12 2.509770169467629e-12
805 3087 10 9.65263646790504e-10
807 3087 10 9.65263646790504e-10
809 5108 21 1.1102230246251565e-16
813 3087 10 9.65263646790504e-10
816 3087 17 1.1102230246251565e-16
818 3087 11 5.147671178207247e-11
822 3087 14 4.6629367034256575e-15
825 3087 10 9.65263646790504e-10
826 1423 13 1.1257661469699087e-13
826 3087 12 2.509770169467629e-12
833 3837 15 2.220446049250313e-16
835 1408 10 9.65263646790504e-10
835 3778 14 4.6629367034256575e-15
863 3878 10 9.65263646790504e-10
911 1458 16 1.1102230246251565e-16
913 3852 17 1.1102230246251565e-16
930 2030 24 1.1102230246251565e-16
934 4135 16 1.1102230246251565e-16
936 1718 12 2.509770169467629e-12
938 1347 12 2.509770169467629e-12
938 2478 12 2.509770169467629e-12
938 3275 12 2.509770169467629e-12
938 3277 10 9.65263646790504e-10
938 3313 11 5.147671178207247e-11
938 4262 10 9.65263646790504e-10
939 2787 11 5.147671178207247e-11
939 3275 12 2.509770169467629e-12
940 3278 10 9.65263646790504e-10
953 3256 10 9.65263646790504e-10
954 3256 10 9.65263646790504e-10
954 4262 12 2.509770169467629e-12
959 4132 35 1.1102230246251565e-16
964 4542 17 1.1102230246251565e-16
993 3972 13 1.1257661469699087e-13
1016 5111 10 9.65263646790504e-10
1035 3886 27 1.1102230246251565e-16
1038 1143 33 1.1102230246251565e-16
1042 1882 11 5.147671178207247e-11
1052 3443 16 1.1102230246251565e-16
1072 3430 11 5.147671178207247e-11
1088 1707 20 1.1102230246251565e-16
1088 2313 23 1.1102230246251565e-16
1088 3087 26 1.1102230246251565e-16
1088 4071 12 2.509770169467629e-12
1089 3087 19 1.1102230246251565e-16
1090 3087 17 1.1102230246251565e-16
1091 3087 16 1.1102230246251565e-16
1092 3087 18 1.1102230246251565e-16
1093 3087 22 1.1102230246251565e-16
1094 3087 20 1.1102230246251565e-16
1095 3087 12 2.509770169467629e-12
1096 3087 10 9.65263646790504e-10
1097 3087 17 1.1102230246251565e-16
1098 3087 14 4.6629367034256575e-15
1100 3087 18 1.1102230246251565e-16
1101 3087 16 1.1102230246251565e-16
1102 3087 11 5.147671178207247e-11
1103 3087 18 1.1102230246251565e-16
1104 3087 11 5.147671178207247e-11
1104 4864 15 2.220446049250313e-16
1105 3087 19 1.1102230246251565e-16
1106 3087 11 5.147671178207247e-11
1107 3087 12 2.509770169467629e-12
1108 3087 13 1.1257661469699087e-13
1110 3087 10 9.65263646790504e-10
1112 3087 12 2.509770169467629e-12
1113 3087 12 2.509770169467629e-12
1115 3087 13 1.1257661469699087e-13
1116 3087 10 9.65263646790504e-10
1117 3087 14 4.6629367034256575e-15
1118 3087 16 1.1102230246251565e-16
1119 3087 20 1.1102230246251565e-16
1120 3087 12 2.509770169467629e-12
1120 4110 11 5.147671178207247e-11
1121 3087 13 1.1257661469699087e-13
1123 3087 10 9.65263646790504e-10
1125 3087 19 1.1102230246251565e-16
1127 3087 10 9.65263646790504e-10
1128 3681 14 4.6629367034256575e-15
1129 3087 18 1.1102230246251565e-16
1130 3087 10 9.65263646790504e-10
1131 3087 15 2.220446049250313e-16
1137 3087 11 5.147671178207247e-11
1139 3087 14 4.6629367034256575e-15
1142 3087 11 5.147671178207247e-11
1143 3087 14 4.6629367034256575e-15
1148 3087 10 9.65263646790504e-10
1149 3087 16 1.1102230246251565e-16
1150 3087 10 9.65263646790504e-10
1151 3087 14 4.6629367034256575e-15
1159 1724 12 2.509770169467629e-12
1164 3087 10 9.65263646790504e-10
1164 4614 17 1.1102230246251565e-16
1224 4864 13 1.1257661469699087e-13
1278 1526 11 5.147671178207247e-11
1284 2844 11 5.147671178207247e-11
1293 3475 15 2.220446049250313e-16
1303 4181 11 5.147671178207247e-11
1311 2702 13 1.1257661469699087e-13
1315 2558 12 2.509770169467629e-12
1315 3434 10 9.65263646790504e-10
1320 3201 14 4.6629367034256575e-15
1322 4949 11 5.147671178207247e-11
1330 4732 10 9.65263646790504e-10
1333 2788 10 9.65263646790504e-10
1333 4966 11 5.147671178207247e-11
1335 1626 10 9.65263646790504e-10
1339 2297 10 9.65263646790504e-10
1340 3237 11 5.147671178207247e-11
1340 3273 11 5.147671178207247e-11
1341 3237 10 9.65263646790504e-10
1344 3929 12 2.509770169467629e-12
1345 1623 11 5.147671178207247e-11
1345 1625 11 5.147671178207247e-11
1346 4228 11 5.147671178207247e-11
1346 4308 12 2.509770169467629e-12
1347 1625 10 9.65263646790504e-10
1347 4217 10 9.65263646790504e-10
1348 1625 12 2.509770169467629e-12
1349 4223 10 9.65263646790504e-10
1349 4224 11 5.147671178207247e-11
1350 3283 11 5.147671178207247e-11
1350 3284 11 5.147671178207247e-11
1350 4222 10 9.65263646790504e-10
1352 1641 13 1.1257661469699087e-13
1352 2980 11 5.147671178207247e-11
1356 1479 33 1.1102230246251565e-16
1356 4529 10 9.65263646790504e-10
1359 4566 11 5.147671178207247e-11
1360 3274 10 9.65263646790504e-10
1363 2981 10 9.65263646790504e-10
1363 3312 10 9.65263646790504e-10
1370 4316 23 1.1102230246251565e-16
1375 4548 12 2.509770169467629e-12
1378 1641 12 2.509770169467629e-12
1379 1625 13 1.1257661469699087e-13
1379 1641 12 2.509770169467629e-12
1379 1642 12 2.509770169467629e-12
1379 1669 10 9.65263646790504e-10
1380 1639 10 9.65263646790504e-10
1380 1642 12 2.509770169467629e-12
1380 2556 10 9.65263646790504e-10
1384 1631 13 1.1257661469699087e-13
1384 1632 12 2.509770169467629e-12
1385 1631 12 2.509770169467629e-12
1388 1875 10 9.65263646790504e-10
1389 4697 16 1.1102230246251565e-16
1390 4245 14 4.6629367034256575e-15
1391 4017 19 1.1102230246251565e-16
1392 4734 63 1.1102230246251565e-16
1401 3087 16 1.1102230246251565e-16
1402 2458 28 1.1102230246251565e-16
1402 3087 18 1.1102230246251565e-16
1403 3087 12 2.509770169467629e-12
1404 3087 14 4.6629367034256575e-15
1405 3087 14 4.6629367034256575e-15
1406 3087 15 2.220446049250313e-16
1407 3087 13 1.1257661469699087e-13
1408 3087 15 2.220446049250313e-16
1409 3087 12 2.509770169467629e-12
1411 3087 16 1.1102230246251565e-16
1412 3087 13 1.1257661469699087e-13
1414 3087 12 2.509770169467629e-12
1415 3087 11 5.147671178207247e-11
1419 3087 13 1.1257661469699087e-13
1420 3087 17 1.1102230246251565e-16
1421 3087 14 4.6629367034256575e-15
1422 3087 14 4.6629367034256575e-15
1423 3087 11 5.147671178207247e-11
1425 3087 14 4.6629367034256575e-15
1426 3087 13 1.1257661469699087e-13
1431 3087 12 2.509770169467629e-12
1432 3087 11 5.147671178207247e-11
1434 3087 13 1.1257661469699087e-13
1435 3087 20 1.1102230246251565e-16
1436 3087 14 4.6629367034256575e-15
1439 3087 11 5.147671178207247e-11
1440 3087 16 1.1102230246251565e-16
1440 3369 13 1.1257661469699087e-13
1441 3087 15 2.220446049250313e-16
1444 3087 10 9.65263646790504e-10
1454 3317 13 1.1257661469699087e-13
1460 3087 95 1.1102230246251565e-16
1461 3087 28 1.1102230246251565e-16
1469 2010 10 9.65263646790504e-10
1469 2011 13 1.1257661469699087e-13
1473 4316 10 9.65263646790504e-10
1544 3053 47 1.1102230246251565e-16
1545 3053 25 1.1102230246251565e-16
1551 2334 13 1.1257661469699087e-13
1554 4279 10 9.65263646790504e-10
1571 3533 11 5.147671178207247e-11
1576 2736 25 1.1102230246251565e-16
1580 4282 17 1.1102230246251565e-16
1615 3143 12 2.509770169467629e-12
1623 2481 11 5.147671178207247e-11
1624 3227 20 1.1102230246251565e-16
1625 2143 14 4.6629367034256575e-15
1625 3285 13 1.1257661469699087e-13
1626 2982 10 9.65263646790504e-10
1626 3276 10 9.65263646790504e-10
1626 3285 10 9.65263646790504e-10
1626 3287 10 9.65263646790504e-10
1630 2688 10 9.65263646790504e-10
1631 2688 11 5.147671178207247e-11
1638 3279 16 1.1102230246251565e-16
1642 4338 10 9.65263646790504e-10
1644 3091 10 9.65263646790504e-10
1650 4193 11 5.147671178207247e-11
1654 3162 10 9.65263646790504e-10
1655 3882 26 1.1102230246251565e-16
1656 4519 39 1.1102230246251565e-16
1667 1708 19 1.1102230246251565e-16
1672 1918 10 9.65263646790504e-10
1674 3127 11 5.147671178207247e-11
1688 2843 28 1.1102230246251565e-16
1688 3299 10 9.65263646790504e-10
1688 4550 80 1.1102230246251565e-16
1694 2452 13 1.1257661469699087e-13
1707 2007 10 9.65263646790504e-10
1707 3087 40 1.1102230246251565e-16
1707 3299 10 9.65263646790504e-10
1707 4550 152 1.1102230246251565e-16
1708 2713 12 2.509770169467629e-12
1708 3087 32 1.1102230246251565e-16
1709 3087 24 1.1102230246251565e-16
1710 3087 23 1.1102230246251565e-16
1711 3087 22 1.1102230246251565e-16
1712 3087 13 1.1257661469699087e-13
1713 3087 18 1.1102230246251565e-16
1714 3087 14 4.6629367034256575e-15
1715 3087 16 1.1102230246251565e-16
1715 4588 15 2.220446049250313e-16
1716 3087 19 1.1102230246251565e-16
1717 3087 19 1.1102230246251565e-16
1718 3087 13 1.1257661469699087e-13
1719 3087 17 1.1102230246251565e-16
1720 3087 16 1.1102230246251565e-16
1722 3087 10 9.65263646790504e-10
1723 3087 13 1.1257661469699087e-13
1724 3087 21 1.1102230246251565e-16
1725 3087 18 1.1102230246251565e-16
1726 3087 18 1.1102230246251565e-16
1727 3087 21 1.1102230246251565e-16
1728 3087 12 2.509770169467629e-12
1729 3087 13 1.1257661469699087e-13
1730 3087 10 9.65263646790504e-10
1731 3087 19 1.1102230246251565e-16
1732 3087 19 1.1102230246251565e-16
1733 3087 12 2.509770169467629e-12
1734 3087 12 2.509770169467629e-12
1735 2376 14 4.6629367034256575e-15
1735 3087 15 2.220446049250313e-16
1736 3087 16 1.1102230246251565e-16
1737 3087 14 4.6629367034256575e-15
1738 3087 15 2.220446049250313e-16
1739 3087 16 1.1102230246251565e-16
1740 3087 16 1.1102230246251565e-16
1741 3087 15 2.220446049250313e-16
1742 3087 11 5.147671178207247e-11
1743 3087 10 9.65263646790504e-10
1744 3087 23 1.1102230246251565e-16
1745 3087 21 1.1102230246251565e-16
1746 3087 11 5.147671178207247e-11
1748 3087 13 1.1257661469699087e-13
1749 3087 13 1.1257661469699087e-13
1750 3087 10 9.65263646790504e-10
1752 3087 14 4.6629367034256575e-15
1753 2368 17 1.1102230246251565e-16
1754 3087 12 2.509770169467629e-12
1755 3087 12 2.509770169467629e-12
1756 3087 14 4.6629367034256575e-15
1757 3087 15 2.220446049250313e-16
1758 3087 16 1.1102230246251565e-16
1759 3087 11 5.147671178207247e-11
1760 3087 14 4.6629367034256575e-15
1761 3087 11 5.147671178207247e-11
1762 3087 13 1.1257661469699087e-13
1763 3087 13 1.1257661469699087e-13
1764 3087 10 9.65263646790504e-10
1767 3087 15 2.220446049250313e-16
1768 3087 10 9.65263646790504e-10
1770 3087 16 1.1102230246251565e-16
1772 3087 13 1.1257661469699087e-13
1773 3087 10 9.65263646790504e-10
1774 3087 11 5.147671178207247e-11
1775 3087 13 1.1257661469699087e-13
1775 3382 43 1.1102230246251565e-16
1776 3087 15 2.220446049250313e-16
1781 3087 10 9.65263646790504e-10
1801 4578 18 1.1102230246251565e-16
1805 3087 11 5.147671178207247e-11
1806 3087 11 5.147671178207247e-11
1808 4962 19 1.1102230246251565e-16
1814 3668 23 1.1102230246251565e-16
1814 4336 12 2.509770169467629e-12
1833 3174 26 1.1102230246251565e-16
1835 4844 29 1.1102230246251565e-16
1841 4899 10 9.65263646790504e-10
1841 4900 11 5.147671178207247e-11
1841 4901 27 1.1102230246251565e-16
1853 4369 27 1.1102230246251565e-16
1871 2329 12 2.509770169467629e-12
1883 2210 29 1.1102230246251565e-16
1884 4904 12 2.509770169467629e-12
1913 5049 16 1.1102230246251565e-16
1918 4380 17 1.1102230246251565e-16
1924 3295 10 9.65263646790504e-10
1930 2875 10 9.65263646790504e-10
1931 5149 15 2.220446049250313e-16
1950 2748 11 5.147671178207247e-11
1966 2382 21 1.1102230246251565e-16
1966 2383 15 2.220446049250313e-16
1969 4828 10 9.65263646790504e-10
1982 3888 11 5.147671178207247e-11
1994 4373 10 9.65263646790504e-10
1995 2995 15 2.220446049250313e-16
2007 3087 84 1.1102230246251565e-16
2007 4263 24 1.1102230246251565e-16
2008 3087 21 1.1102230246251565e-16
2009 3087 29 1.1102230246251565e-16
2010 3087 29 1.1102230246251565e-16
2011 3087 16 1.1102230246251565e-16
2012 3087 11 5.147671178207247e-11
2013 3087 31 1.1102230246251565e-16
2014 3087 18 1.1102230246251565e-16
2015 2819 20 1.1102230246251565e-16
2015 3087 10 9.65263646790504e-10
2015 5302 34 1.1102230246251565e-16
2022 3087 11 5.147671178207247e-11
2025 3087 17 1.1102230246251565e-16
2026 3087 17 1.1102230246251565e-16
2027 3087 17 1.1102230246251565e-16
2029 3087 11 5.147671178207247e-11
2030 3087 16 1.1102230246251565e-16
2034 3087 17 1.1102230246251565e-16
2035 3087 16 1.1102230246251565e-16
2035 3883 12 2.509770169467629e-12
2038 3087 11 5.147671178207247e-11
2039 3087 13 1.1257661469699087e-13
2040 3087 15 2.220446049250313e-16
2050 2396 12 2.509770169467629e-12
2051 3087 14 4.6629367034256575e-15
2052 3087 12 2.509770169467629e-12
2053 3087 17 1.1102230246251565e-16
2054 3087 11 5.147671178207247e-11
2055 3087 12 2.509770169467629e-12
2056 3087 16 1.1102230246251565e-16
2057 3087 13 1.1257661469699087e-13
2058 3087 11 5.147671178207247e-11
2059 2632 13 1.1257661469699087e-13
2059 4526 10 9.65263646790504e-10
2059 4529 10 9.65263646790504e-10
2060 4520 12 2.509770169467629e-12
2060 4525 10 9.65263646790504e-10
2060 4528 12 2.509770169467629e-12
2062 3087 16 1.1102230246251565e-16
2063 3087 12 2.509770169467629e-12
2065 3486 10 9.65263646790504e-10
2070 3087 10 9.65263646790504e-10
2070 3270 11 5.147671178207247e-11
2071 3087 19 1.1102230246251565e-16
2078 3087 10 9.65263646790504e-10
2099 3087 10 9.65263646790504e-10
2105 4520 10 9.65263646790504e-10
2106 4520 11 5.147671178207247e-11
2174 4224 12 2.509770169467629e-12
2175 5301 14 4.6629367034256575e-15
2182 2412 11 5.147671178207247e-11
2187 4082 24 1.1102230246251565e-16
2188 3960 13 1.1257661469699087e-13
2193 2326 15 2.220446049250313e-16
2193 4659 31 1.1102230246251565e-16
2208 4411 19 1.1102230246251565e-16
2216 3286 11 5.147671178207247e-11
2219 2666 25 1.1102230246251565e-16
2224 3567 17 1.1102230246251565e-16
2235 2921 12 2.509770169467629e-12
2243 2927 21 1.1102230246251565e-16
2268 3312 11 5.147671178207247e-11
2268 3686 12 2.509770169467629e-12
2269 2558 10 9.65263646790504e-10
2270 3277 11 5.147671178207247e-11
2272 4936 32 1.1102230246251565e-16
2275 3445 12 2.509770169467629e-12
2313 3087 88 1.1102230246251565e-16
2313 4263 12 2.509770169467629e-12
2314 3087 31 1.1102230246251565e-16
2314 4550 116 1.1102230246251565e-16
2315 2657 15 2.220446049250313e-16
2315 3087 32 1.1102230246251565e-16
2315 3869 10 9.65263646790504e-10
2316 3087 23 1.1102230246251565e-16
2317 3087 19 1.1102230246251565e-16
2318 3087 15 2.220446049250313e-16
2318 3851 14 4.6629367034256575e-15
2319 3087 25 1.1102230246251565e-16
2320 3087 25 1.1102230246251565e-16
2321 3087 24 1.1102230246251565e-16
2322 3087 23 1.1102230246251565e-16
2323 3087 20 1.1102230246251565e-16
2324 3087 27 1.1102230246251565e-16
2325 3087 24 1.1102230246251565e-16
2326 3087 26 1.1102230246251565e-16
2327 3087 24 1.1102230246251565e-16
2328 3087 24 1.1102230246251565e-16
2329 3087 28 1.1102230246251565e-16
2330 3087 20 1.1102230246251565e-16
2331 3087 17 1.1102230246251565e-16
2332 3087 13 1.1257661469699087e-13
2333 3087 14 4.6629367034256575e-15
2334 3087 17 1.1102230246251565e-16
2335 3087 14 4.6629367034256575e-15
2336 3087 17 1.1102230246251565e-16
2338 3087 12 2.509770169467629e-12
2339 3087 11 5.147671178207247e-11
2340 3087 13 1.1257661469699087e-13
2341 3087 13 1.1257661469699087e-13
2342 3087 15 2.220446049250313e-16
2343 3087 13 1.1257661469699087e-13
2344 3087 22 1.1102230246251565e-16
2345 3087 14 4.6629367034256575e-15
2352 3087 12 2.509770169467629e-12
2353 3087 22 1.1102230246251565e-16
2354 3087 13 1.1257661469699087e-13
2355 3087 12 2.509770169467629e-12
2357 3087 17 1.1102230246251565e-16
2358 3087 10 9.65263646790504e-10
2359 3087 16 1.1102230246251565e-16
2360 3087 16 1.1102230246251565e-16
2361 3087 19 1.1102230246251565e-16
2362 3087 15 2.220446049250313e-16
2363 3087 16 1.1102230246251565e-16
2365 2897 12 2.509770169467629e-12
2369 3087 11 5.147671178207247e-11
2370 3087 14 4.6629367034256575e-15
2373 3087 13 1.1257661469699087e-13
2374 3087 11 5.147671178207247e-11
2375 4200 14 4.6629367034256575e-15
2376 3087 13 1.1257661469699087e-13
2376 5267 21 1.1102230246251565e-16
2377 3087 10 9.65263646790504e-10
2378 3087 14 4.6629367034256575e-15
2383 3087 12 2.509770169467629e-12
2395 3087 11 5.147671178207247e-11
2397 3087 11 5.147671178207247e-11
2403 3087 13 1.1257661469699087e-13
2404 3087 11 5.147671178207247e-11
2404 3579 15 2.220446049250313e-16
2410 3846 17 1.1102230246251565e-16
2438 4511 23 1.1102230246251565e-16
2441 4985 14 4.6629367034256575e-15
2445 2849 11 5.147671178207247e-11
2461 3916 15 2.220446049250313e-16
2479 3087 11 5.147671178207247e-11
2481 3322 11 5.147671178207247e-11
2482 2681 28 1.1102230246251565e-16
2491 4725 11 5.147671178207247e-11
2498 3220 20 1.1102230246251565e-16
2506 3436 14 4.6629367034256575e-15
2510 3915 12 2.509770169467629e-12
2514 3431 27 1.1102230246251565e-16
2515 3431 15 2.220446049250313e-16
2524 2934 10 9.65263646790504e-10
2524 2935 51 1.1102230246251565e-16
2524 2936 118 1.1102230246251565e-16
2524 2937 10 9.65263646790504e-10
2525 5080 12 2.509770169467629e-12
2556 4566 10 9.65263646790504e-10
2558 2787 10 9.65263646790504e-10
2558 3276 10 9.65263646790504e-10
2558 3322 11 5.147671178207247e-11
2558 3336 48 1.1102230246251565e-16
2558 4262 11 5.147671178207247e-11
2569 3080 10 9.65263646790504e-10
2569 4661 26 1.1102230246251565e-16
2569 4968 13 1.1257661469699087e-13
2570 4661 17 1.1102230246251565e-16
2578 3087 36 1.1102230246251565e-16
2579 3087 23 1.1102230246251565e-16
2580 3087 29 1.1102230246251565e-16
2581 3087 23 1.1102230246251565e-16
2582 3087 22 1.1102230246251565e-16
2583 3087 21 1.1102230246251565e-16
2583 3505 15 2.220446049250313e-16
2584 3087 18 1.1102230246251565e-16
2585 3087 26 1.1102230246251565e-16
2586 3087 21 1.1102230246251565e-16
2587 3087 20 1.1102230246251565e-16
2588 3087 13 1.1257661469699087e-13
2589 3087 19 1.1102230246251565e-16
2590 3087 17 1.1102230246251565e-16
2591 3087 14 4.6629367034256575e-15
2592 3087 17 1.1102230246251565e-16
2593 3087 18 1.1102230246251565e-16
2594 3087 15 2.220446049250313e-16
2595 3087 11 5.147671178207247e-11
2596 3087 13 1.1257661469699087e-13
2597 3087 16 1.1102230246251565e-16
2598 3087 16 1.1102230246251565e-16
2599 3087 18 1.1102230246251565e-16
2600 3087 15 2.220446049250313e-16
2601 3087 15 2.220446049250313e-16
2602 3087 17 1.1102230246251565e-16
2603 3087 17 1.1102230246251565e-16
2604 3087 15 2.220446049250313e-16
2606 3087 20 1.1102230246251565e-16
2607 3087 15 2.220446049250313e-16
2608 3087 14 4.6629367034256575e-15
2609 3087 15 2.220446049250313e-16
2610 5132 17 1.1102230246251565e-16
2611 3087 13 1.1257661469699087e-13
2612 3087 21 1.1102230246251565e-16
2613 3087 14 4.6629367034256575e-15
2613 4732 19 1.1102230246251565e-16
2615 3087 18 1.1102230246251565e-16
2616 3087 14 4.6629367034256575e-15
2617 3087 12 2.509770169467629e-12
2619 3087 12 2.509770169467629e-12
2620 3087 11 5.147671178207247e-11
2621 3087 17 1.1102230246251565e-16
2625 3087 12 2.509770169467629e-12
2626 3087 10 9.65263646790504e-10
2628 3087 10 9.65263646790504e-10
2631 3087 13 1.1257661469699087e-13
2633 3087 15 2.220446049250313e-16
2635 3087 10 9.65263646790504e-10
2636 3087 11 5.147671178207247e-11
2641 3087 10 9.65263646790504e-10
2642 3087 10 9.65263646790504e-10
2645 3087 11 5.147671178207247e-11
2646 3087 12 2.509770169467629e-12
2651 3087 14 4.6629367034256575e-15
2651 4166 14 4.6629367034256575e-15
2652 3087 11 5.147671178207247e-11
2660 4520 10 9.65263646790504e-10
2662 4503 11 5.147671178207247e-11
2665 3087 11 5.147671178207247e-11
2667 4690 12 2.509770169467629e-12
2668 3087 13 1.1257661469699087e-13
2669 3087 10 9.65263646790504e-10
2672 3087 10 9.65263646790504e-10
2673 3087 11 5.147671178207247e-11
2686 3314 10 9.65263646790504e-10
2687 4529 10 9.65263646790504e-10
2701 4527 10 9.65263646790504e-10
2701 5235 24 1.1102230246251565e-16
2706 4640 18 1.1102230246251565e-16
2718 5164 21 1.1102230246251565e-16
2734 4599 13 1.1257661469699087e-13
2737 3649 21 1.1102230246251565e-16
2785 4364 14 4.6629367034256575e-15
2808 4372 33 1.1102230246251565e-16
2819 5302 13 1.1257661469699087e-13
2827 3087 11 5.147671178207247e-11
2828 3087 18 1.1102230246251565e-16
2829 3087 14 4.6629367034256575e-15
2830 3087 19 1.1102230246251565e-16
2831 3087 12 2.509770169467629e-12
2832 3087 14 4.6629367034256575e-15
2833 3087 28 1.1102230246251565e-16
2834 3087 25 1.1102230246251565e-16
2835 3087 16 1.1102230246251565e-16
2836 3087 14 4.6629367034256575e-15
2837 3087 18 1.1102230246251565e-16
2838 3087 13 1.1257661469699087e-13
2839 3087 21 1.1102230246251565e-16
2845 3087 10 9.65263646790504e-10
2847 3087 10 9.65263646790504e-10
2850 3087 13 1.1257661469699087e-13
2851 3087 10 9.65263646790504e-10
2852 3116 17 1.1102230246251565e-16
2854 3087 11 5.147671178207247e-11
2855 3087 13 1.1257661469699087e-13
2855 4919 14 4.6629367034256575e-15
2857 3087 14 4.6629367034256575e-15
2859 3087 15 2.220446049250313e-16
2860 3087 13 1.1257661469699087e-13
2862 3087 11 5.147671178207247e-11
2864 3577 33 1.1102230246251565e-16
2867 3087 11 5.147671178207247e-11
2872 3087 11 5.147671178207247e-11
2874 3087 11 5.147671178207247e-11
2876 3087 11 5.147671178207247e-11
2881 4820 18 1.1102230246251565e-16
2882 3087 10 9.65263646790504e-10
2883 3087 11 5.147671178207247e-11
2886 3087 14 4.6629367034256575e-15
2887 3087 12 2.509770169467629e-12
2895 3087 10 9.65263646790504e-10
2943 5176 10 9.65263646790504e-10
2953 3582 27 1.1102230246251565e-16
2976 4535 13 1.1257661469699087e-13
2980 3322 12 2.509770169467629e-12
2981 3323 10 9.65263646790504e-10
2981 4856 12 2.509770169467629e-12
2981 4857 12 2.509770169467629e-12
2984 3552 10 9.65263646790504e-10
3026 3307 21 1.1102230246251565e-16
3026 3308 10 9.65263646790504e-10
3035 4617 11 5.147671178207247e-11
3050 4105 10 9.65263646790504e-10
3054 4538 11 5.147671178207247e-11
3080 4968 13 1.1257661469699087e-13
3087 3333 13 1.1257661469699087e-13
3087 3336 11 5.147671178207247e-11
3087 3351 10 9.65263646790504e-10
3087 3354 12 2.509770169467629e-12
3087 3355 11 5.147671178207247e-11
3087 3357 10 9.65263646790504e-10
3087 3405 10 9.65263646790504e-10
3087 3577 24 1.1102230246251565e-16
3087 3578 28 1.1102230246251565e-16
3087 3579 25 1.1102230246251565e-16
3087 3580 12 2.509770169467629e-12
3087 3581 13 1.1257661469699087e-13
3087 3582 15 2.220446049250313e-16
3087 3583 17 1.1102230246251565e-16
3087 3584 19 1.1102230246251565e-16
3087 3585 23 1.1102230246251565e-16
3087 3586 14 4.6629367034256575e-15
3087 3587 13 1.1257661469699087e-13
3087 3588 20 1.1102230246251565e-16
3087 3589 16 1.1102230246251565e-16
3087 3590 20 1.1102230246251565e-16
3087 3591 17 1.1102230246251565e-16
3087 3592 17 1.1102230246251565e-16
3087 3593 10 9.65263646790504e-10
3087 3594 20 1.1102230246251565e-16
3087 3595 20 1.1102230246251565e-16
3087 3596 15 2.220446049250313e-16
3087 3597 10 9.65263646790504e-10
3087 3598 20 1.1102230246251565e-16
3087 3599 17 1.1102230246251565e-16
3087 3600 11 5.147671178207247e-11
3087 3601 10 9.65263646790504e-10
3087 3602 12 2.509770169467629e-12
3087 3603 10 9.65263646790504e-10
3087 3604 12 2.509770169467629e-12
3087 3606 14 4.6629367034256575e-15
3087 3607 16 1.1102230246251565e-16
3087 3608 10 9.65263646790504e-10
3087 3609 12 2.509770169467629e-12
3087 3610 14 4.6629367034256575e-15
3087 3612 11 5.147671178207247e-11
3087 3613 13 1.1257661469699087e-13
3087 3614 16 1.1102230246251565e-16
3087 3617 13 1.1257661469699087e-13
3087 3618 14 4.6629367034256575e-15
3087 3620 16 1.1102230246251565e-16
3087 3623 12 2.509770169467629e-12
3087 3628 10 9.65263646790504e-10
3087 3631 10 9.65263646790504e-10
3087 3633 11 5.147671178207247e-11
3087 3635 11 5.147671178207247e-11
3087 3636 11 5.147671178207247e-11
3087 3638 16 1.1102230246251565e-16
3087 3647 11 5.147671178207247e-11
3087 3649 10 9.65263646790504e-10
3087 3656 10 9.65263646790504e-10
3087 3687 42 1.1102230246251565e-16
3087 3830 18 1.1102230246251565e-16
3087 3831 10 9.65263646790504e-10
3087 3832 14 4.6629367034256575e-15
3087 3835 10 9.65263646790504e-10
3087 3836 13 1.1257661469699087e-13
3087 3837 18 1.1102230246251565e-16
3087 3838 20 1.1102230246251565e-16
3087 3839 15 2.220446049250313e-16
3087 3840 24 1.1102230246251565e-16
3087 3841 15 2.220446049250313e-16
3087 3842 16 1.1102230246251565e-16
3087 3843 12 2.509770169467629e-12
3087 3844 20 1.1102230246251565e-16
3087 3845 22 1.1102230246251565e-16
3087 3846 12 2.509770169467629e-12
3087 3847 18 1.1102230246251565e-16
3087 3848 15 2.220446049250313e-16
3087 3849 19 1.1102230246251565e-16
3087 3850 19 1.1102230246251565e-16
3087 3851 37 1.1102230246251565e-16
3087 3852 29 1.1102230246251565e-16
3087 3853 23 1.1102230246251565e-16
3087 3854 23 1.1102230246251565e-16
3087 3855 17 1.1102230246251565e-16
3087 3856 10 9.65263646790504e-10
3087 3857 19 1.1102230246251565e-16
3087 3858 12 2.509770169467629e-12
3087 3868 10 9.65263646790504e-10
3087 3875 10 9.65263646790504e-10
3087 3881 10 9.65263646790504e-10
3087 3882 11 5.147671178207247e-11
3087 3883 10 9.65263646790504e-10
3087 3896 13 1.1257661469699087e-13
3087 3905 10 9.65263646790504e-10
3087 4071 31 1.1102230246251565e-16
3087 4072 27 1.1102230246251565e-16
3087 4073 20 1.1102230246251565e-16
3087 4074 21 1.1102230246251565e-16
3087 4075 20 1.1102230246251565e-16
3087 4076 16 1.1102230246251565e-16
3087 4077 17 1.1102230246251565e-16
3087 4078 16 1.1102230246251565e-16
3087 4079 16 1.1102230246251565e-16
3087 4080 23 1.1102230246251565e-16
3087 4081 17 1.1102230246251565e-16
3087 4082 19 1.1102230246251565e-16
3087 4083 11 5.147671178207247e-11
3087 4084 16 1.1102230246251565e-16
3087 4085 22 1.1102230246251565e-16
3087 4086 14 4.6629367034256575e-15
3087 4087 11 5.147671178207247e-11
3087 4088 18 1.1102230246251565e-16
3087 4089 23 1.1102230246251565e-16
3087 4090 18 1.1102230246251565e-16
3087 4091 11 5.147671178207247e-11
3087 4092 13 1.1257661469699087e-13
3087 4093 18 1.1102230246251565e-16
3087 4094 17 1.1102230246251565e-16
3087 4095 13 1.1257661469699087e-13
3087 4096 17 1.1102230246251565e-16
3087 4097 12 2.509770169467629e-12
3087 4098 22 1.1102230246251565e-16
3087 4099 17 1.1102230246251565e-16
3087 4100 15 2.220446049250313e-16
3087 4101 18 1.1102230246251565e-16
3087 4102 21 1.1102230246251565e-16
3087 4103 24 1.1102230246251565e-16
3087 4104 18 1.1102230246251565e-16
3087 4105 11 5.147671178207247e-11
3087 4106 13 1.1257661469699087e-13
3087 4107 15 2.220446049250313e-16
3087 4108 11 5.147671178207247e-11
3087 4109 15 2.220446049250313e-16
3087 4110 16 1.1102230246251565e-16
3087 4111 11 5.147671178207247e-11
3087 4112 17 1.1102230246251565e-16
3087 4116 18 1.1102230246251565e-16
3087 4118 17 1.1102230246251565e-16
3087 4119 22 1.1102230246251565e-16
3087 4120 15 2.220446049250313e-16
3087 4122 13 1.1257661469699087e-13
3087 4123 11 5.147671178207247e-11
3087 4124 10 9.65263646790504e-10
3087 4127 11 5.147671178207247e-11
3087 4129 11 5.147671178207247e-11
3087 4133 13 1.1257661469699087e-13
3087 4134 15 2.220446049250313e-16
3087 4135 13 1.1257661469699087e-13
3087 4136 16 1.1102230246251565e-16
3087 4137 13 1.1257661469699087e-13
3087 4138 10 9.65263646790504e-10
3087 4139 13 1.1257661469699087e-13
3087 4140 13 1.1257661469699087e-13
3087 4142 13 1.1257661469699087e-13
3087 4143 12 2.509770169467629e-12
3087 4263 274 1.1102230246251565e-16
3087 4279 18 1.1102230246251565e-16
3087 4280 27 1.1102230246251565e-16
3087 4281 14 4.6629367034256575e-15
3087 4282 17 1.1102230246251565e-16
3087 4283 14 4.6629367034256575e-15
3087 4284 10 9.65263646790504e-10
3087 4286 16 1.1102230246251565e-16
3087 4287 19 1.1102230246251565e-16
3087 4288 12 2.509770169467629e-12
3087 4291 13 1.1257661469699087e-13
3087 4293 10 9.65263646790504e-10
3087 4300 12 2.509770169467629e-12
3087 4302 10 9.65263646790504e-10
3087 4303 14 4.6629367034256575e-15
3087 4305 11 5.147671178207247e-11
3087 4307 11 5.147671178207247e-11
3087 4308 11 5.147671178207247e-11
3087 4309 10 9.65263646790504e-10
3087 4310 13 1.1257661469699087e-13
3087 4312 11 5.147671178207247e-11
3087 4319 13 1.1257661469699087e-13
3087 4324 11 5.147671178207247e-11
3087 4330 11 5.147671178207247e-11
3087 4354 10 9.65263646790504e-10
3087 4476 25 1.1102230246251565e-16
3087 4477 41 1.1102230246251565e-16
3087 4478 30 1.1102230246251565e-16
3087 4479 22 1.1102230246251565e-16
3087 4480 28 1.1102230246251565e-16
3087 4481 23 1.1102230246251565e-16
3087 4482 17 1.1102230246251565e-16
3087 4486 12 2.509770169467629e-12
3087 4488 16 1.1102230246251565e-16
3087 4489 14 4.6629367034256575e-15
3087 4490 20 1.1102230246251565e-16
3087 4491 18 1.1102230246251565e-16
3087 4492 15 2.220446049250313e-16
3087 4493 13 1.1257661469699087e-13
3087 4494 16 1.1102230246251565e-16
3087 4495 18 1.1102230246251565e-16
3087 4496 20 1.1102230246251565e-16
3087 4497 12 2.509770169467629e-12
3087 4498 12 2.509770169467629e-12
3087 4499 16 1.1102230246251565e-16
3087 4500 15 2.220446049250313e-16
3087 4501 11 5.147671178207247e-11
3087 4502 28 1.1102230246251565e-16
3087 4503 16 1.1102230246251565e-16
3087 4504 10 9.65263646790504e-10
3087 4505 12 2.509770169467629e-12
3087 4506 20 1.1102230246251565e-16
3087 4507 12 2.509770169467629e-12
3087 4508 10 9.65263646790504e-10
3087 4509 15 2.220446049250313e-16
3087 4511 10 9.65263646790504e-10
3087 4514 13 1.1257661469699087e-13
3087 4515 11 5.147671178207247e-11
3087 4516 13 1.1257661469699087e-13
3087 4518 14 4.6629367034256575e-15
3087 4519 11 5.147671178207247e-11
3087 4532 11 5.147671178207247e-11
3087 4668 43 1.1102230246251565e-16
3087 4679 13 1.1257661469699087e-13
3087 4683 10 9.65263646790504e-10
3087 4684 13 1.1257661469699087e-13
3087 4704 12 2.509770169467629e-12
3087 4705 11 5.147671178207247e-11
3087 4867 14 4.6629367034256575e-15
3087 4868 10 9.65263646790504e-10
3087 4869 14 4.6629367034256575e-15
3087 4874 11 5.147671178207247e-11
3087 4875 16 1.1102230246251565e-16
3087 4877 10 9.65263646790504e-10
3087 4881 12 2.509770169467629e-12
3087 4887 10 9.65263646790504e-10
3087 4892 11 5.147671178207247e-11
3087 4893 12 2.509770169467629e-12
3087 4894 10 9.65263646790504e-10
3087 4902 10 9.65263646790504e-10
3087 4904 11 5.147671178207247e-11
3087 4916 11 5.147671178207247e-11
3087 4922 11 5.147671178207247e-11
3087 4957 11 5.147671178207247e-11
3087 4980 11 5.147671178207247e-11
3087 4981 17 1.1102230246251565e-16
3087 4982 16 1.1102230246251565e-16
3087 4983 13 1.1257661469699087e-13
3087 4984 24 1.1102230246251565e-16
3087 4987 11 5.147671178207247e-11
3087 4989 11 5.147671178207247e-11
3087 4990 12 2.509770169467629e-12
3087 4992 10 9.65263646790504e-10
3087 4994 13 1.1257661469699087e-13
3087 4999 10 9.65263646790504e-10
3087 5002 10 9.65263646790504e-10
3087 5003 13 1.1257661469699087e-13
3087 5008 10 9.65263646790504e-10
3087 5010 12 2.509770169467629e-12
3087 5011 11 5.147671178207247e-11
3087 5014 10 9.65263646790504e-10
3087 5016 11 5.147671178207247e-11
3087 5037 10 9.65263646790504e-10
3087 5038 12 2.509770169467629e-12
3088 4535 12 2.509770169467629e-12
3089 4521 11 5.147671178207247e-11
3090 4263 10 9.65263646790504e-10
3091 4337 26 1.1102230246251565e-16
3091 4520 13 1.1257661469699087e-13
3092 4520 11 5.147671178207247e-11
3124 4578 10 9.65263646790504e-10
3140 4339 23 1.1102230246251565e-16
3146 4119 28 1.1102230246251565e-16
3147 4895 35 1.1102230246251565e-16
3147 4896 10 9.65263646790504e-10
3157 4406 21 1.1102230246251565e-16
3159 3465 10 9.65263646790504e-10
3168 3943 15 2.220446049250313e-16
3190 4995 12 2.509770169467629e-12
3206 3710 20 1.1102230246251565e-16
3223 3336 10 9.65263646790504e-10
3236 4116 47 1.1102230246251565e-16
3237 4183 12 2.509770169467629e-12
3248 3625 11 5.147671178207247e-11
3248 3681 22 1.1102230246251565e-16
3248 4136 23 1.1102230246251565e-16
3269 4011 13 1.1257661469699087e-13
3269 5101 27 1.1102230246251565e-16
3272 4651 10 9.65263646790504e-10
3273 3595 15 2.220446049250313e-16
3277 4857 10 9.65263646790504e-10
3290 3468 15 2.220446049250313e-16
3299 4234 12 2.509770169467629e-12
3299 4543 10 9.65263646790504e-10
3299 4550 116 1.1102230246251565e-16
3310 4916 40 1.1102230246251565e-16
3314 4262 10 9.65263646790504e-10
3316 4263 11 5.147671178207247e-11
3320 4525 11 5.147671178207247e-11
3322 3550 10 9.65263646790504e-10
3322 4525 11 5.147671178207247e-11
3323 4227 10 9.65263646790504e-10
3325 4967 14 4.6629367034256575e-15
3325 4968 29 1.1102230246251565e-16
3343 4572 24 1.1102230246251565e-16
3360 4228 12 2.509770169467629e-12
3384 3723 18 1.1102230246251565e-16
3406 5137 15 2.220446049250313e-16
3422 4757 16 1.1102230246251565e-16
3422 5185 18 1.1102230246251565e-16
3547 3782 32 1.1102230246251565e-16
3548 3782 12 2.509770169467629e-12
3551 5263 13 1.1257661469699087e-13
3557 4241 14 4.6629367034256575e-15
3562 4097 11 5.147671178207247e-11
3605 3887 11 5.147671178207247e-11
3638 4356 12 2.509770169467629e-12
3650 4680 15 2.220446049250313e-16
3687 4263 287 1.1102230246251565e-16
3705 5002 18 1.1102230246251565e-16
3722 4683 11 5.147671178207247e-11
3768 4390 21 1.1102230246251565e-16
3922 4442 10 9.65263646790504e-10
3945 4334 16 1.1102230246251565e-16
3983 4193 12 2.509770169467629e-12
4073 4840 13 1.1257661469699087e-13
4137 4522 18 1.1102230246251565e-16
4217 4527 10 9.65263646790504e-10
4217 4528 11 5.147671178207247e-11
4222 4528 12 2.509770169467629e-12
4223 4529 10 9.65263646790504e-10
4223 4858 10 9.65263646790504e-10
4224 4525 10 9.65263646790504e-10
4224 4527 10 9.65263646790504e-10
4224 4856 11 5.147671178207247e-11
4224 4857 12 2.509770169467629e-12
4227 4526 10 9.65263646790504e-10
4227 4527 13 1.1257661469699087e-13
4227 4528 11 5.147671178207247e-11
4227 4530 10 9.65263646790504e-10
4227 4855 10 9.65263646790504e-10
4227 4938 10 9.65263646790504e-10
4228 4633 18 1.1102230246251565e-16
4234 4550 15 2.220446049250313e-16
4256 4751 10 9.65263646790504e-10
4262 4520 10 9.65263646790504e-10
4263 4280 17 1.1102230246251565e-16
4263 4281 12 2.509770169467629e-12
4263 4308 11 5.147671178207247e-11
4263 4526 10 9.65263646790504e-10
4263 4668 17 1.1102230246251565e-16
4264 4528 10 9.65263646790504e-10
4264 4939 11 5.147671178207247e-11
4295 4550 12 2.509770169467629e-12
4303 4717 11 5.147671178207247e-11
4317 4564 15 2.220446049250313e-16
4494 4964 13 1.1257661469699087e-13
4520 4854 14 4.6629367034256575e-15
4520 4860 10 9.65263646790504e-10
4521 4858 10 9.65263646790504e-10
4523 4855 11 5.147671178207247e-11
4524 4857 10 9.65263646790504e-10
4539 4914 14 4.6629367034256575e-15
4550 4668 11 5.147671178207247e-11
4550 4810 23 1.1102230246251565e-16
4564 4934 10 9.65263646790504e-10
4661 4968 19 1.1102230246251565e-16
4922 5223 19 1.1102230246251565e-16
