bin1 bin2 count p_value
6 3085 10 4.217369480035789e-13
7 3085 33 3.4803134243249605e-57
8 3085 21 1.0514921083730157e-32
9 3085 35 1.720609146395015e-61
10 3085 28 1.1072879050667666e-46
10 5008 13 4.439653166030329e-18
11 3085 20 8.672687068645047e-31
12 3085 25 1.4052819136030168e-40
13 3085 25 1.4052819136030168e-40
14 3085 31 6.155648461105516e-53
15 3085 16 2.3185387494891145e-23
16 3085 15 1.4323179727903016e-21
17 3085 10 4.217369480035789e-13
18 3085 11 1.0091258427825604e-14
19 3085 29 9.449367021294844e-49
20 3085 33 3.4803134243249605e-57
21 3085 23 1.3330504657914901e-36
22 3085 16 2.3185387494891145e-23
23 3085 21 1.0514921083730157e-32
24 3085 11 1.0091258427825604e-14
25 3085 17 3.5204582215062808e-25
26 3085 21 1.0514921083730157e-32
27 3085 20 8.672687068645047e-31
28 3085 14 8.267797621312332e-20
29 3085 13 4.439653166030329e-18
30 3085 8 5.430917221238521e-10
31 3085 14 8.267797621312332e-20
32 3085 14 8.267797621312332e-20
33 1714 15 1.4323179727903016e-21
33 3085 17 3.5204582215062808e-25
34 3085 15 1.4323179727903016e-21
35 2953 26 1.352101466518942e-42
35 3085 18 5.031369241107522e-27
36 3085 17 3.5204582215062808e-25
37 3085 11 1.0091258427825604e-14
38 3085 16 2.3185387494891145e-23
39 3085 11 1.0091258427825604e-14
40 3085 17 3.5204582215062808e-25
41 3085 9 1.5975344236228614e-11
42 3085 21 1.0514921083730157e-32
43 3085 12 2.2065690234987544e-16
44 2377 10 4.217369480035789e-13
45 3085 15 1.4323179727903016e-21
46 3085 14 8.267797621312332e-20
47 3085 10 4.217369480035789e-13
48 3085 18 5.031369241107522e-27
49 3085 10 4.217369480035789e-13
50 3085 8 5.430917221238521e-10
51 3085 9 1.5975344236228614e-11
52 3085 11 1.0091258427825604e-14
54 3085 10 4.217369480035789e-13
55 3085 11 1.0091258427825604e-14
56 3085 9 1.5975344236228614e-11
57 3085 8 5.430917221238521e-10
58 3085 8 5.430917221238521e-10
59 3085 9 1.5975344236228614e-11
60 3085 12 2.2065690234987544e-16
61 3085 13 4.439653166030329e-18
62 3085 10 4.217369480035789e-13
64 3085 9 1.5975344236228614e-11
65 3085 9 1.5975344236228614e-11
66 3085 13 4.439653166030329e-18
67 3085 16 2.3185387494891145e-23
68 3085 24 1.3993894690213858e-38
69 3085 19 6.789006993435901e-29
70 3085 10 4.217369480035789e-13
71 3085 10 4.217369480035789e-13
72 3085 11 1.0091258427825604e-14
73 3085 9 1.5975344236228614e-11
73 4516 8 5.430917221238521e-10
74 3085 14 8.267797621312332e-20
74 4516 11 1.0091258427825604e-14
75 3085 16 2.3185387494891145e-23
76 3085 14 8.267797621312332e-20
77 3085 9 1.5975344236228614e-11
78 3085 11 1.0091258427825604e-14
80 3085 8 5.430917221238521e-10
82 3085 11 1.0091258427825604e-14
84 3085 8 5.430917221238521e-10
85 3085 12 2.2065690234987544e-16
86 3085 10 4.217369480035789e-13
87 3085 9 1.5975344236228614e-11
88 3085 8 5.430917221238521e-10
89 3085 15 1.4323179727903016e-21
94 3085 8 5.430917221238521e-10
97 3085 10 4.217369480035789e-13
99 913 10 4.217369480035789e-13
101 3085 8 5.430917221238521e-10
104 3085 15 1.4323179727903016e-21
108 1907 13 4.439653166030329e-18
111 4926 32 4.708954850762052e-55
114 3887 12 2.2065690234987544e-16
115 3085 8 5.430917221238521e-10
118 3085 9 1.5975344236228614e-11
123 3085 8 5.430917221238521e-10
124 4936 13 4.439653166030329e-18
130 725 9 1.5975344236228614e-11
131 2547 8 5.430917221238521e-10
131 3839 12 2.2065690234987544e-16
133 2705 9 1.5975344236228614e-11
133 2706 22 1.2126636201310445e-34
149 461 8 5.430917221238521e-10
149 3883 10 4.217369480035789e-13
168 584 8 5.430917221238521e-10
168 585 14 8.267797621312332e-20
168 586 15 1.4323179727903016e-21
177 2521 8 5.430917221238521e-10
179 873 22 1.2126636201310445e-34
180 401 25 1.4052819136030168e-40
180 402 21 1.0514921083730157e-32
180 403 21 1.0514921083730157e-32
180 404 11 1.0091258427825604e-14
180 421 9 1.5975344236228614e-11
180 432 9 1.5975344236228614e-11
180 434 8 5.430917221238521e-10
180 1087 12 2.2065690234987544e-16
180 1088 13 4.439653166030329e-18
180 1090 12 2.2065690234987544e-16
180 1092 11 1.0091258427825604e-14
180 1093 8 5.430917221238521e-10
180 1097 10 4.217369480035789e-13
180 3085 63 1.0617377059176637e-126
181 3085 9 1.5975344236228614e-11
186 1128 13 4.439653166030329e-18
197 2257 10 4.217369480035789e-13
198 2755 9 1.5975344236228614e-11
207 1495 11 1.0091258427825604e-14
210 704 10 4.217369480035789e-13
215 2717 17 3.5204582215062808e-25
221 2138 12 2.2065690234987544e-16
222 1930 25 1.4052819136030168e-40
223 1930 10 4.217369480035789e-13
234 4296 8 5.430917221238521e-10
258 4144 11 1.0091258427825604e-14
260 1215 14 8.267797621312332e-20
268 1361 8 5.430917221238521e-10
269 1341 8 5.430917221238521e-10
270 728 8 5.430917221238521e-10
271 706 10 4.217369480035789e-13
271 731 8 5.430917221238521e-10
271 1603 11 1.0091258427825604e-14
271 3071 20 8.672687068645047e-31
271 3230 8 5.430917221238521e-10
271 3496 8 5.430917221238521e-10
273 2399 10 4.217369480035789e-13
273 2554 8 5.430917221238521e-10
273 3273 8 5.430917221238521e-10
274 2399 34 2.4874124083051405e-59
275 3312 8 5.430917221238521e-10
277 1947 16 2.3185387494891145e-23
278 3564 25 1.4052819136030168e-40
295 913 13 4.439653166030329e-18
299 1160 14 8.267797621312332e-20
305 3916 24 1.3993894690213858e-38
309 2613 25 1.4052819136030168e-40
311 4523 9 1.5975344236228614e-11
318 3220 14 8.267797621312332e-20
319 1974 15 1.4323179727903016e-21
324 5052 11 1.0091258427825604e-14
326 1421 14 8.267797621312332e-20
329 3141 11 1.0091258427825604e-14
337 1127 15 1.4323179727903016e-21
344 4118 13 4.439653166030329e-18
346 1653 8 5.430917221238521e-10
347 3071 14 8.267797621312332e-20
348 4345 14 8.267797621312332e-20
365 731 12 2.2065690234987544e-16
365 732 8 5.430917221238521e-10
365 1376 8 5.430917221238521e-10
366 731 8 5.430917221238521e-10
366 2943 8 5.430917221238521e-10
366 3285 8 5.430917221238521e-10
368 953 8 5.430917221238521e-10
368 2302 9 1.5975344236228614e-11
368 2786 9 1.5975344236228614e-11
369 709 8 5.430917221238521e-10
401 3085 17 3.5204582215062808e-25
402 3085 38 4.717392105909153e-68
402 4618 13 4.439653166030329e-18
403 3085 20 8.672687068645047e-31
404 3085 32 4.708954850762052e-55
404 4474 8 5.430917221238521e-10
405 3085 31 6.155648461105516e-53
406 3085 19 6.789006993435901e-29
407 2497 15 1.4323179727903016e-21
407 3085 25 1.4052819136030168e-40
408 3085 18 5.031369241107522e-27
409 3085 15 1.4323179727903016e-21
410 3085 13 4.439653166030329e-18
411 3085 10 4.217369480035789e-13
412 3085 15 1.4323179727903016e-21
413 3085 14 8.267797621312332e-20
413 4411 9 1.5975344236228614e-11
414 3085 19 6.789006993435901e-29
415 3085 20 8.672687068645047e-31
416 3085 20 8.672687068645047e-31
417 3085 21 1.0514921083730157e-32
418 3085 22 1.2126636201310445e-34
418 3646 10 4.217369480035789e-13
419 3085 20 8.672687068645047e-31
420 3085 15 1.4323179727903016e-21
421 3085 19 6.789006993435901e-29
422 3085 18 5.031369241107522e-27
423 3085 17 3.5204582215062808e-25
424 3085 16 2.3185387494891145e-23
425 1746 9 1.5975344236228614e-11
425 3085 10 4.217369480035789e-13
426 3085 11 1.0091258427825604e-14
428 3085 13 4.439653166030329e-18
429 3085 14 8.267797621312332e-20
430 3085 17 3.5204582215062808e-25
431 3057 18 5.031369241107522e-27
431 3085 26 1.352101466518942e-42
432 3085 20 8.672687068645047e-31
433 3085 13 4.439653166030329e-18
434 3085 22 1.2126636201310445e-34
435 3085 15 1.4323179727903016e-21
436 3085 23 1.3330504657914901e-36
437 3085 16 2.3185387494891145e-23
438 3085 8 5.430917221238521e-10
439 3085 12 2.2065690234987544e-16
440 3085 11 1.0091258427825604e-14
441 3085 18 5.031369241107522e-27
442 3085 14 8.267797621312332e-20
443 3085 13 4.439653166030329e-18
444 3085 23 1.3330504657914901e-36
445 3085 15 1.4323179727903016e-21
446 4519 8 5.430917221238521e-10
446 4852 9 1.5975344236228614e-11
447 3089 8 5.430917221238521e-10
447 4516 8 5.430917221238521e-10
448 3679 10 4.217369480035789e-13
448 4852 8 5.430917221238521e-10
450 3679 8 5.430917221238521e-10
452 4219 8 5.430917221238521e-10
453 2658 12 2.2065690234987544e-16
453 2660 8 5.430917221238521e-10
453 2937 9 1.5975344236228614e-11
453 3089 8 5.430917221238521e-10
453 4260 8 5.430917221238521e-10
453 4522 8 5.430917221238521e-10
454 1339 9 1.5975344236228614e-11
454 2477 8 5.430917221238521e-10
454 4227 9 1.5975344236228614e-11
454 4853 8 5.430917221238521e-10
455 937 10 4.217369480035789e-13
455 1345 10 4.217369480035789e-13
455 1622 8 5.430917221238521e-10
455 1623 9 1.5975344236228614e-11
455 1636 9 1.5975344236228614e-11
455 1637 9 1.5975344236228614e-11
455 1639 9 1.5975344236228614e-11
455 2057 8 5.430917221238521e-10
455 2267 9 1.5975344236228614e-11
455 2786 8 5.430917221238521e-10
455 3085 8 5.430917221238521e-10
455 3088 8 5.430917221238521e-10
455 3235 10 4.217369480035789e-13
455 3274 9 1.5975344236228614e-11
455 3282 8 5.430917221238521e-10
455 3284 8 5.430917221238521e-10
455 3679 8 5.430917221238521e-10
455 4214 10 4.217369480035789e-13
455 4221 8 5.430917221238521e-10
455 4225 9 1.5975344236228614e-11
455 4259 10 4.217369480035789e-13
455 4260 10 4.217369480035789e-13
455 4261 8 5.430917221238521e-10
455 4517 11 1.0091258427825604e-14
455 4523 10 4.217369480035789e-13
455 4524 8 5.430917221238521e-10
455 4531 8 5.430917221238521e-10
455 4850 9 1.5975344236228614e-11
455 4851 8 5.430917221238521e-10
455 4852 9 1.5975344236228614e-11
455 4853 9 1.5975344236228614e-11
456 1344 9 1.5975344236228614e-11
456 1345 11 1.0091258427825604e-14
456 1620 9 1.5975344236228614e-11
456 1622 10 4.217369480035789e-13
456 1636 9 1.5975344236228614e-11
456 1637 9 1.5975344236228614e-11
456 2453 8 5.430917221238521e-10
456 3276 10 4.217369480035789e-13
456 4219 9 1.5975344236228614e-11
456 4227 8 5.430917221238521e-10
456 4524 9 1.5975344236228614e-11
456 4525 9 1.5975344236228614e-11
456 4850 9 1.5975344236228614e-11
456 4853 8 5.430917221238521e-10
456 4854 8 5.430917221238521e-10
457 1338 8 5.430917221238521e-10
457 1344 10 4.217369480035789e-13
457 1345 9 1.5975344236228614e-11
457 1347 9 1.5975344236228614e-11
457 1348 10 4.217369480035789e-13
457 1350 8 5.430917221238521e-10
457 1351 8 5.430917221238521e-10
457 1380 8 5.430917221238521e-10
457 1622 8 5.430917221238521e-10
457 1639 10 4.217369480035789e-13
457 2057 8 5.430917221238521e-10
457 3232 8 5.430917221238521e-10
457 3235 11 1.0091258427825604e-14
457 3273 10 4.217369480035789e-13
457 3319 10 4.217369480035789e-13
457 3320 9 1.5975344236228614e-11
457 3679 9 1.5975344236228614e-11
457 4219 9 1.5975344236228614e-11
457 4260 9 1.5975344236228614e-11
457 4261 11 1.0091258427825604e-14
457 4262 9 1.5975344236228614e-11
457 4333 8 5.430917221238521e-10
457 4334 9 1.5975344236228614e-11
457 4524 9 1.5975344236228614e-11
457 4525 11 1.0091258427825604e-14
457 4854 9 1.5975344236228614e-11
457 4855 9 1.5975344236228614e-11
458 1623 11 1.0091258427825604e-14
458 3320 8 5.430917221238521e-10
458 4219 9 1.5975344236228614e-11
458 4520 9 1.5975344236228614e-11
458 4524 10 4.217369480035789e-13
458 4525 8 5.430917221238521e-10
459 1455 8 5.430917221238521e-10
459 1944 10 4.217369480035789e-13
459 3230 8 5.430917221238521e-10
459 4219 11 1.0091258427825604e-14
459 4516 9 1.5975344236228614e-11
459 4851 10 4.217369480035789e-13
459 4852 9 1.5975344236228614e-11
460 938 8 5.430917221238521e-10
460 1345 8 5.430917221238521e-10
460 2060 8 5.430917221238521e-10
460 3091 9 1.5975344236228614e-11
460 3320 8 5.430917221238521e-10
460 4219 8 5.430917221238521e-10
460 4260 11 1.0091258427825604e-14
460 4261 8 5.430917221238521e-10
460 4522 10 4.217369480035789e-13
460 4523 8 5.430917221238521e-10
460 4525 9 1.5975344236228614e-11
460 4850 11 1.0091258427825604e-14
460 4851 8 5.430917221238521e-10
460 4852 8 5.430917221238521e-10
460 4856 8 5.430917221238521e-10
461 3085 9 1.5975344236228614e-11
461 4213 8 5.430917221238521e-10
461 4261 10 4.217369480035789e-13
461 4523 9 1.5975344236228614e-11
461 4524 10 4.217369480035789e-13
462 1440 8 5.430917221238521e-10
462 4528 9 1.5975344236228614e-11
466 3085 11 1.0091258427825604e-14
470 3085 9 1.5975344236228614e-11
471 3085 13 4.439653166030329e-18
473 3085 8 5.430917221238521e-10
475 3085 9 1.5975344236228614e-11
478 4717 8 5.430917221238521e-10
483 1888 18 5.031369241107522e-27
486 3085 8 5.430917221238521e-10
488 4023 23 1.3330504657914901e-36
493 2862 14 8.267797621312332e-20
495 3085 9 1.5975344236228614e-11
500 3085 12 2.2065690234987544e-16
500 3745 9 1.5975344236228614e-11
508 2720 12 2.2065690234987544e-16
509 2720 32 4.708954850762052e-55
521 1122 25 1.4052819136030168e-40
532 4535 8 5.430917221238521e-10
534 1667 23 1.3330504657914901e-36
534 1668 30 7.766912349171082e-51
534 3381 10 4.217369480035789e-13
538 1460 8 5.430917221238521e-10
542 1292 44 1.614380873107983e-81
549 4177 8 5.430917221238521e-10
562 2161 11 1.0091258427825604e-14
564 2129 19 6.789006993435901e-29
578 3844 10 4.217369480035789e-13
592 3085 10 4.217369480035789e-13
594 5152 21 1.0514921083730157e-32
595 2965 17 3.5204582215062808e-25
623 922 20 8.672687068645047e-31
624 5175 8 5.430917221238521e-10
632 4854 10 4.217369480035789e-13
636 3284 9 1.5975344236228614e-11
636 3549 8 5.430917221238521e-10
638 3772 10 4.217369480035789e-13
639 2327 34 2.4874124083051405e-59
639 3311 11 1.0091258427825604e-14
651 1270 23 1.3330504657914901e-36
654 2648 9 1.5975344236228614e-11
656 1312 8 5.430917221238521e-10
656 2101 9 1.5975344236228614e-11
658 4006 22 1.2126636201310445e-34
667 1480 18 5.031369241107522e-27
668 1480 10 4.217369480035789e-13
675 4017 9 1.5975344236228614e-11
675 4018 20 8.672687068645047e-31
678 2637 9 1.5975344236228614e-11
682 5295 8 5.430917221238521e-10
683 958 9 1.5975344236228614e-11
683 959 13 4.439653166030329e-18
687 4643 11 1.0091258427825604e-14
689 1102 9 1.5975344236228614e-11
701 1363 8 5.430917221238521e-10
703 3914 28 1.1072879050667666e-46
704 933 8 5.430917221238521e-10
704 1283 13 4.439653166030329e-18
704 1313 8 5.430917221238521e-10
704 1871 8 5.430917221238521e-10
704 2268 8 5.430917221238521e-10
705 1380 8 5.430917221238521e-10
705 2562 42 5.5557988007521925e-77
705 2563 9 1.5975344236228614e-11
706 1352 8 5.430917221238521e-10
706 1377 8 5.430917221238521e-10
706 3546 8 5.430917221238521e-10
707 1357 10 4.217369480035789e-13
707 1358 8 5.430917221238521e-10
707 1359 8 5.430917221238521e-10
707 1377 8 5.430917221238521e-10
707 1378 8 5.430917221238521e-10
707 2267 10 4.217369480035789e-13
707 2979 8 5.430917221238521e-10
707 3496 8 5.430917221238521e-10
708 1358 8 5.430917221238521e-10
708 1359 8 5.430917221238521e-10
708 2557 8 5.430917221238521e-10
708 3312 9 1.5975344236228614e-11
708 3314 8 5.430917221238521e-10
710 2994 26 1.352101466518942e-42
721 1204 21 1.0514921083730157e-32
724 1362 8 5.430917221238521e-10
724 1961 9 1.5975344236228614e-11
725 3320 8 5.430917221238521e-10
726 1361 8 5.430917221238521e-10
726 3272 9 1.5975344236228614e-11
727 1361 9 1.5975344236228614e-11
727 1362 11 1.0091258427825604e-14
727 1623 8 5.430917221238521e-10
727 2978 10 4.217369480035789e-13
727 2980 9 1.5975344236228614e-11
727 3273 10 4.217369480035789e-13
727 3314 8 5.430917221238521e-10
728 1362 9 1.5975344236228614e-11
728 2978 8 5.430917221238521e-10
728 3311 9 1.5975344236228614e-11
729 1352 9 1.5975344236228614e-11
729 1355 8 5.430917221238521e-10
729 1361 10 4.217369480035789e-13
729 1615 9 1.5975344236228614e-11
729 2978 8 5.430917221238521e-10
729 2980 9 1.5975344236228614e-11
730 1360 11 1.0091258427825604e-14
730 1381 8 5.430917221238521e-10
730 1387 8 5.430917221238521e-10
730 1636 10 4.217369480035789e-13
730 1665 11 1.0091258427825604e-14
730 1668 9 1.5975344236228614e-11
730 1821 11 1.0091258427825604e-14
731 1346 8 5.430917221238521e-10
731 1354 8 5.430917221238521e-10
731 2556 8 5.430917221238521e-10
732 1360 8 5.430917221238521e-10
755 2295 9 1.5975344236228614e-11
755 2450 9 1.5975344236228614e-11
755 3834 12 2.2065690234987544e-16
756 3312 8 5.430917221238521e-10
757 5163 8 5.430917221238521e-10
758 777 13 4.439653166030329e-18
758 1390 8 5.430917221238521e-10
758 1391 11 1.0091258427825604e-14
758 1997 9 1.5975344236228614e-11
758 2302 9 1.5975344236228614e-11
758 3085 12 2.2065690234987544e-16
758 3322 12 2.2065690234987544e-16
758 4465 8 5.430917221238521e-10
758 4547 37 7.487545610981718e-66
766 3085 14 8.267797621312332e-20
767 3085 23 1.3330504657914901e-36
768 3085 15 1.4323179727903016e-21
769 3085 13 4.439653166030329e-18
770 3085 17 3.5204582215062808e-25
771 3085 20 8.672687068645047e-31
772 3085 16 2.3185387494891145e-23
774 3085 14 8.267797621312332e-20
775 3085 19 6.789006993435901e-29
776 3085 11 1.0091258427825604e-14
777 3085 19 6.789006993435901e-29
777 4547 14 8.267797621312332e-20
778 3085 31 6.155648461105516e-53
778 3088 8 5.430917221238521e-10
779 3085 18 5.031369241107522e-27
780 3085 13 4.439653166030329e-18
781 3085 11 1.0091258427825604e-14
782 3085 17 3.5204582215062808e-25
783 3085 11 1.0091258427825604e-14
784 3085 11 1.0091258427825604e-14
785 3085 8 5.430917221238521e-10
786 3085 13 4.439653166030329e-18
787 3085 13 4.439653166030329e-18
789 3085 14 8.267797621312332e-20
790 3085 8 5.430917221238521e-10
792 3085 8 5.430917221238521e-10
796 3085 13 4.439653166030329e-18
797 3085 11 1.0091258427825604e-14
798 1390 19 6.789006993435901e-29
799 1390 8 5.430917221238521e-10
799 3085 13 4.439653166030329e-18
800 3085 12 2.2065690234987544e-16
801 3085 8 5.430917221238521e-10
803 3085 14 8.267797621312332e-20
804 3085 11 1.0091258427825604e-14
806 3085 11 1.0091258427825604e-14
807 3085 9 1.5975344236228614e-11
808 5105 23 1.3330504657914901e-36
810 3085 9 1.5975344236228614e-11
812 3085 9 1.5975344236228614e-11
814 2580 8 5.430917221238521e-10
814 3085 11 1.0091258427825604e-14
815 3085 16 2.3185387494891145e-23
817 3085 10 4.217369480035789e-13
820 3085 10 4.217369480035789e-13
821 3085 12 2.2065690234987544e-16
822 3085 11 1.0091258427825604e-14
824 1420 11 1.0091258427825604e-14
824 3085 9 1.5975344236228614e-11
825 3085 14 8.267797621312332e-20
828 3085 8 5.430917221238521e-10
832 3834 15 1.4323179727903016e-21
834 1406 8 5.430917221238521e-10
834 3775 10 4.217369480035789e-13
834 3776 11 1.0091258427825604e-14
838 2373 11 1.0091258427825604e-14
839 3223 8 5.430917221238521e-10
842 3085 11 1.0091258427825604e-14
845 3085 8 5.430917221238521e-10
848 3085 12 2.2065690234987544e-16
851 4006 8 5.430917221238521e-10
862 3876 10 4.217369480035789e-13
866 3085 8 5.430917221238521e-10
867 3085 8 5.430917221238521e-10
868 3085 8 5.430917221238521e-10
891 3085 8 5.430917221238521e-10
910 1456 18 5.031369241107522e-27
912 3850 20 8.672687068645047e-31
929 2028 21 1.0514921083730157e-32
933 4132 15 1.4323179727903016e-21
933 4171 9 1.5975344236228614e-11
935 1716 9 1.5975344236228614e-11
936 2476 13 4.439653166030329e-18
936 3311 8 5.430917221238521e-10
936 3319 9 1.5975344236228614e-11
936 3549 8 5.430917221238521e-10
936 4259 8 5.430917221238521e-10
937 1346 11 1.0091258427825604e-14
937 2450 8 5.430917221238521e-10
937 3273 11 1.0091258427825604e-14
937 3275 9 1.5975344236228614e-11
937 3284 8 5.430917221238521e-10
937 3311 8 5.430917221238521e-10
937 4259 9 1.5975344236228614e-11
938 1639 8 5.430917221238521e-10
938 1641 8 5.430917221238521e-10
938 2268 10 4.217369480035789e-13
938 2684 8 5.430917221238521e-10
938 2785 12 2.2065690234987544e-16
938 3270 8 5.430917221238521e-10
938 3272 9 1.5975344236228614e-11
938 3273 9 1.5975344236228614e-11
938 3276 8 5.430917221238521e-10
938 3285 8 5.430917221238521e-10
938 3311 10 4.217369480035789e-13
938 3320 9 1.5975344236228614e-11
938 4731 8 5.430917221238521e-10
938 4933 8 5.430917221238521e-10
938 4934 10 4.217369480035789e-13
939 1639 8 5.430917221238521e-10
939 2556 8 5.430917221238521e-10
939 3274 8 5.430917221238521e-10
939 3275 9 1.5975344236228614e-11
939 3276 9 1.5975344236228614e-11
940 2268 9 1.5975344236228614e-11
940 2786 8 5.430917221238521e-10
940 2978 8 5.430917221238521e-10
940 3235 8 5.430917221238521e-10
940 3311 8 5.430917221238521e-10
943 3960 8 5.430917221238521e-10
950 3270 8 5.430917221238521e-10
950 3275 8 5.430917221238521e-10
950 4260 8 5.430917221238521e-10
951 1642 9 1.5975344236228614e-11
951 1674 8 5.430917221238521e-10
951 2267 9 1.5975344236228614e-11
951 2479 8 5.430917221238521e-10
951 2979 8 5.430917221238521e-10
951 3318 8 5.430917221238521e-10
951 3548 8 5.430917221238521e-10
952 3254 9 1.5975344236228614e-11
952 3312 8 5.430917221238521e-10
953 1680 8 5.430917221238521e-10
953 3254 9 1.5975344236228614e-11
953 3282 9 1.5975344236228614e-11
953 3310 9 1.5975344236228614e-11
953 3319 8 5.430917221238521e-10
953 4219 8 5.430917221238521e-10
953 4220 10 4.217369480035789e-13
953 4259 11 1.0091258427825604e-14
958 4128 11 1.0091258427825604e-14
958 4129 33 3.4803134243249605e-57
963 4539 16 2.3185387494891145e-23
978 4184 9 1.5975344236228614e-11
983 2195 9 1.5975344236228614e-11
991 3970 13 4.439653166030329e-18
1011 4680 8 5.430917221238521e-10
1014 5107 8 5.430917221238521e-10
1034 3884 25 1.4052819136030168e-40
1036 1141 25 1.4052819136030168e-40
1036 1142 18 5.031369241107522e-27
1036 3161 11 1.0091258427825604e-14
1041 1880 11 1.0091258427825604e-14
1051 2680 9 1.5975344236228614e-11
1051 3441 16 2.3185387494891145e-23
1052 1654 8 5.430917221238521e-10
1062 2654 10 4.217369480035789e-13
1071 3428 11 1.0091258427825604e-14
1072 3618 8 5.430917221238521e-10
1086 1704 14 8.267797621312332e-20
1086 1705 13 4.439653166030329e-18
1086 2310 14 8.267797621312332e-20
1086 2311 17 3.5204582215062808e-25
1086 3085 15 1.4323179727903016e-21
1086 3575 8 5.430917221238521e-10
1087 3085 21 1.0514921083730157e-32
1087 4665 10 4.217369480035789e-13
1088 3085 21 1.0514921083730157e-32
1089 3085 17 3.5204582215062808e-25
1090 3085 16 2.3185387494891145e-23
1091 3085 16 2.3185387494891145e-23
1092 3085 19 6.789006993435901e-29
1093 3085 20 8.672687068645047e-31
1094 3085 14 8.267797621312332e-20
1095 3085 10 4.217369480035789e-13
1096 3085 16 2.3185387494891145e-23
1097 3085 15 1.4323179727903016e-21
1098 3085 8 5.430917221238521e-10
1099 3085 18 5.031369241107522e-27
1100 3085 17 3.5204582215062808e-25
1101 3085 11 1.0091258427825604e-14
1102 3085 18 5.031369241107522e-27
1102 4861 14 8.267797621312332e-20
1103 3085 15 1.4323179727903016e-21
1104 3085 19 6.789006993435901e-29
1105 3085 12 2.2065690234987544e-16
1106 3085 14 8.267797621312332e-20
1107 3085 14 8.267797621312332e-20
1109 3085 13 4.439653166030329e-18
1110 3085 9 1.5975344236228614e-11
1111 3085 11 1.0091258427825604e-14
1112 3085 12 2.2065690234987544e-16
1113 3085 11 1.0091258427825604e-14
1114 3085 13 4.439653166030329e-18
1115 3085 11 1.0091258427825604e-14
1116 3085 15 1.4323179727903016e-21
1117 3085 17 3.5204582215062808e-25
1118 3085 23 1.3330504657914901e-36
1119 3085 8 5.430917221238521e-10
1119 4107 11 1.0091258427825604e-14
1120 3085 13 4.439653166030329e-18
1121 2476 8 5.430917221238521e-10
1121 3085 10 4.217369480035789e-13
1122 3085 9 1.5975344236228614e-11
1123 3085 8 5.430917221238521e-10
1124 3085 17 3.5204582215062808e-25
1125 3085 8 5.430917221238521e-10
1126 3085 10 4.217369480035789e-13
1127 3085 9 1.5975344236228614e-11
1127 3679 13 4.439653166030329e-18
1128 3085 17 3.5204582215062808e-25
1129 3085 8 5.430917221238521e-10
1130 3085 17 3.5204582215062808e-25
1131 3085 8 5.430917221238521e-10
1134 3085 10 4.217369480035789e-13
1136 3085 11 1.0091258427825604e-14
1138 3085 14 8.267797621312332e-20
1141 3085 10 4.217369480035789e-13
1142 3085 13 4.439653166030329e-18
1145 3085 9 1.5975344236228614e-11
1147 1654 10 4.217369480035789e-13
1147 3085 9 1.5975344236228614e-11
1148 3085 15 1.4323179727903016e-21
1149 3085 15 1.4323179727903016e-21
1150 3085 9 1.5975344236228614e-11
1158 1722 17 3.5204582215062808e-25
1159 3085 8 5.430917221238521e-10
1162 3085 9 1.5975344236228614e-11
1162 4611 17 3.5204582215062808e-25
1163 3085 9 1.5975344236228614e-11
1166 3085 8 5.430917221238521e-10
1170 3085 10 4.217369480035789e-13
1177 3085 11 1.0091258427825604e-14
1184 4923 8 5.430917221238521e-10
1188 3085 9 1.5975344236228614e-11
1192 3085 9 1.5975344236228614e-11
1223 4861 11 1.0091258427825604e-14
1277 1524 11 1.0091258427825604e-14
1283 2842 12 2.2065690234987544e-16
1292 3473 13 4.439653166030329e-18
1296 3500 8 5.430917221238521e-10
1297 1682 9 1.5975344236228614e-11
1302 4178 11 1.0091258427825604e-14
1310 2700 11 1.0091258427825604e-14
1312 4728 9 1.5975344236228614e-11
1314 2555 8 5.430917221238521e-10
1314 2556 9 1.5975344236228614e-11
1314 3432 10 4.217369480035789e-13
1314 4389 8 5.430917221238521e-10
1314 4579 8 5.430917221238521e-10
1318 3199 13 4.439653166030329e-18
1321 4946 10 4.217369480035789e-13
1329 2809 8 5.430917221238521e-10
1329 4729 10 4.217369480035789e-13
1332 1620 8 5.430917221238521e-10
1332 2173 9 1.5975344236228614e-11
1332 2786 10 4.217369480035789e-13
1332 4962 10 4.217369480035789e-13
1334 1623 8 5.430917221238521e-10
1334 2979 8 5.430917221238521e-10
1338 1622 8 5.430917221238521e-10
1338 2523 9 1.5975344236228614e-11
1338 3312 8 5.430917221238521e-10
1338 3320 10 4.217369480035789e-13
1338 4260 8 5.430917221238521e-10
1339 3232 9 1.5975344236228614e-11
1339 3235 10 4.217369480035789e-13
1339 3273 9 1.5975344236228614e-11
1339 4526 8 5.430917221238521e-10
1340 3234 10 4.217369480035789e-13
1340 3235 10 4.217369480035789e-13
1343 3927 12 2.2065690234987544e-16
1344 1621 11 1.0091258427825604e-14
1344 1622 10 4.217369480035789e-13
1344 1623 8 5.430917221238521e-10
1344 2785 8 5.430917221238521e-10
1344 4219 8 5.430917221238521e-10
1344 4223 9 1.5975344236228614e-11
1344 4224 9 1.5975344236228614e-11
1344 4225 9 1.5975344236228614e-11
1344 4258 9 1.5975344236228614e-11
1344 4259 8 5.430917221238521e-10
1344 4523 9 1.5975344236228614e-11
1344 4853 9 1.5975344236228614e-11
1344 4934 8 5.430917221238521e-10
1345 1640 11 1.0091258427825604e-14
1345 4214 9 1.5975344236228614e-11
1345 4219 9 1.5975344236228614e-11
1345 4225 10 4.217369480035789e-13
1345 4304 12 2.2065690234987544e-16
1345 4524 9 1.5975344236228614e-11
1346 1622 10 4.217369480035789e-13
1346 1623 8 5.430917221238521e-10
1346 1636 11 1.0091258427825604e-14
1346 1640 8 5.430917221238521e-10
1346 4214 9 1.5975344236228614e-11
1346 4224 9 1.5975344236228614e-11
1346 4525 8 5.430917221238521e-10
1346 4529 8 5.430917221238521e-10
1346 4854 8 5.430917221238521e-10
1346 4931 9 1.5975344236228614e-11
1346 4934 9 1.5975344236228614e-11
1347 1622 10 4.217369480035789e-13
1347 1624 8 5.430917221238521e-10
1347 1634 9 1.5975344236228614e-11
1347 1636 8 5.430917221238521e-10
1347 2102 8 5.430917221238521e-10
1347 2700 10 4.217369480035789e-13
1347 3218 8 5.430917221238521e-10
1347 3274 9 1.5975344236228614e-11
1347 3281 8 5.430917221238521e-10
1347 3282 8 5.430917221238521e-10
1347 4220 8 5.430917221238521e-10
1347 4525 9 1.5975344236228614e-11
1348 1634 10 4.217369480035789e-13
1348 1637 9 1.5975344236228614e-11
1348 2295 8 5.430917221238521e-10
1348 2699 8 5.430917221238521e-10
1348 3235 8 5.430917221238521e-10
1348 4220 10 4.217369480035789e-13
1348 4221 8 5.430917221238521e-10
1348 4528 9 1.5975344236228614e-11
1349 3274 8 5.430917221238521e-10
1349 3281 9 1.5975344236228614e-11
1349 3282 10 4.217369480035789e-13
1349 4219 11 1.0091258427825604e-14
1349 4225 9 1.5975344236228614e-11
1350 1622 9 1.5975344236228614e-11
1350 1624 8 5.430917221238521e-10
1350 1639 9 1.5975344236228614e-11
1350 1640 8 5.430917221238521e-10
1350 1663 8 5.430917221238521e-10
1350 2697 13 4.439653166030329e-18
1350 2978 8 5.430917221238521e-10
1350 3284 8 5.430917221238521e-10
1350 3310 8 5.430917221238521e-10
1350 4221 8 5.430917221238521e-10
1350 4526 8 5.430917221238521e-10
1350 4529 10 4.217369480035789e-13
1351 1622 9 1.5975344236228614e-11
1351 1624 8 5.430917221238521e-10
1351 1639 11 1.0091258427825604e-14
1351 2978 11 1.0091258427825604e-14
1351 3274 8 5.430917221238521e-10
1351 3412 8 5.430917221238521e-10
1351 3549 8 5.430917221238521e-10
1351 4214 8 5.430917221238521e-10
1351 4260 10 4.217369480035789e-13
1351 4263 9 1.5975344236228614e-11
1351 4849 9 1.5975344236228614e-11
1351 4852 8 5.430917221238521e-10
1352 2697 11 1.0091258427825604e-14
1352 2699 8 5.430917221238521e-10
1352 4224 10 4.217369480035789e-13
1352 4530 8 5.430917221238521e-10
1353 3316 8 5.430917221238521e-10
1354 1477 16 2.3185387494891145e-23
1354 4535 8 5.430917221238521e-10
1355 1477 18 5.031369241107522e-27
1355 4526 9 1.5975344236228614e-11
1356 1636 9 1.5975344236228614e-11
1356 1639 8 5.430917221238521e-10
1357 1636 10 4.217369480035789e-13
1357 3230 8 5.430917221238521e-10
1357 4528 8 5.430917221238521e-10
1358 1638 8 5.430917221238521e-10
1358 2267 8 5.430917221238521e-10
1358 3548 8 5.430917221238521e-10
1358 4563 11 1.0091258427825604e-14
1359 1636 10 4.217369480035789e-13
1359 3272 8 5.430917221238521e-10
1359 3284 8 5.430917221238521e-10
1360 1635 8 5.430917221238521e-10
1360 3271 8 5.430917221238521e-10
1361 2268 8 5.430917221238521e-10
1361 2978 9 1.5975344236228614e-11
1362 2979 9 1.5975344236228614e-11
1362 3310 8 5.430917221238521e-10
1363 3267 9 1.5975344236228614e-11
1369 4313 22 1.2126636201310445e-34
1374 4544 14 8.267797621312332e-20
1375 1621 8 5.430917221238521e-10
1375 1622 8 5.430917221238521e-10
1375 1634 10 4.217369480035789e-13
1375 1638 9 1.5975344236228614e-11
1375 1639 8 5.430917221238521e-10
1375 1640 11 1.0091258427825604e-14
1375 1642 8 5.430917221238521e-10
1375 2522 8 5.430917221238521e-10
1375 3320 8 5.430917221238521e-10
1375 4219 8 5.430917221238521e-10
1376 1620 8 5.430917221238521e-10
1376 1621 8 5.430917221238521e-10
1376 1622 8 5.430917221238521e-10
1376 1624 8 5.430917221238521e-10
1376 1640 8 5.430917221238521e-10
1376 1665 8 5.430917221238521e-10
1376 2784 8 5.430917221238521e-10
1376 2785 8 5.430917221238521e-10
1376 3239 8 5.430917221238521e-10
1376 3321 8 5.430917221238521e-10
1376 3322 9 1.5975344236228614e-11
1376 4524 9 1.5975344236228614e-11
1377 1621 8 5.430917221238521e-10
1377 1634 9 1.5975344236228614e-11
1377 1637 10 4.217369480035789e-13
1377 1639 13 4.439653166030329e-18
1377 1640 9 1.5975344236228614e-11
1377 3235 8 5.430917221238521e-10
1377 3284 8 5.430917221238521e-10
1377 3315 9 1.5975344236228614e-11
1377 4524 10 4.217369480035789e-13
1377 4525 8 5.430917221238521e-10
1378 1623 12 2.2065690234987544e-16
1378 1624 8 5.430917221238521e-10
1378 1634 9 1.5975344236228614e-11
1378 1636 10 4.217369480035789e-13
1378 1637 8 5.430917221238521e-10
1378 1638 8 5.430917221238521e-10
1378 1639 14 8.267797621312332e-20
1378 1640 11 1.0091258427825604e-14
1378 1667 8 5.430917221238521e-10
1378 2688 10 4.217369480035789e-13
1378 2785 9 1.5975344236228614e-11
1378 3271 8 5.430917221238521e-10
1378 3276 8 5.430917221238521e-10
1378 4220 8 5.430917221238521e-10
1378 4524 8 5.430917221238521e-10
1378 4731 9 1.5975344236228614e-11
1379 1624 8 5.430917221238521e-10
1379 1634 9 1.5975344236228614e-11
1379 1636 8 5.430917221238521e-10
1379 1639 10 4.217369480035789e-13
1379 1640 13 4.439653166030329e-18
1379 1641 8 5.430917221238521e-10
1379 2554 11 1.0091258427825604e-14
1379 2785 9 1.5975344236228614e-11
1379 3276 9 1.5975344236228614e-11
1379 3280 8 5.430917221238521e-10
1379 3548 10 4.217369480035789e-13
1379 4524 9 1.5975344236228614e-11
1380 1636 8 5.430917221238521e-10
1380 3281 9 1.5975344236228614e-11
1380 3319 10 4.217369480035789e-13
1380 3764 8 5.430917221238521e-10
1380 4519 8 5.430917221238521e-10
1381 2553 9 1.5975344236228614e-11
1381 2555 8 5.430917221238521e-10
1381 2785 8 5.430917221238521e-10
1382 2552 8 5.430917221238521e-10
1382 2553 8 5.430917221238521e-10
1383 1629 17 3.5204582215062808e-25
1383 1630 11 1.0091258427825604e-14
1383 1634 8 5.430917221238521e-10
1383 1637 10 4.217369480035789e-13
1383 1639 8 5.430917221238521e-10
1383 2556 8 5.430917221238521e-10
1383 3275 8 5.430917221238521e-10
1383 3276 8 5.430917221238521e-10
1383 3280 9 1.5975344236228614e-11
1383 4259 8 5.430917221238521e-10
1387 1872 8 5.430917221238521e-10
1387 1873 9 1.5975344236228614e-11
1387 4693 17 3.5204582215062808e-25
1389 1624 8 5.430917221238521e-10
1389 1668 8 5.430917221238521e-10
1389 4219 8 5.430917221238521e-10
1389 4242 14 8.267797621312332e-20
1390 1624 9 1.5975344236228614e-11
1390 1665 8 5.430917221238521e-10
1390 2554 8 5.430917221238521e-10
1390 2978 8 5.430917221238521e-10
1390 3282 9 1.5975344236228614e-11
1390 4015 13 4.439653166030329e-18
1390 4731 12 2.2065690234987544e-16
1391 2267 8 5.430917221238521e-10
1391 3282 8 5.430917221238521e-10
1391 4731 56 1.201079715910448e-109
1399 2456 24 1.3993894690213858e-38
1399 3085 20 8.672687068645047e-31
1399 3575 8 5.430917221238521e-10
1400 3085 17 3.5204582215062808e-25
1401 3085 15 1.4323179727903016e-21
1402 3085 14 8.267797621312332e-20
1403 3085 15 1.4323179727903016e-21
1404 3085 17 3.5204582215062808e-25
1405 3085 12 2.2065690234987544e-16
1406 3085 16 2.3185387494891145e-23
1407 3085 12 2.2065690234987544e-16
1408 3085 12 2.2065690234987544e-16
1409 3085 16 2.3185387494891145e-23
1410 3085 12 2.2065690234987544e-16
1412 3085 14 8.267797621312332e-20
1413 3085 10 4.217369480035789e-13
1417 3085 13 4.439653166030329e-18
1418 3085 16 2.3185387494891145e-23
1419 3085 11 1.0091258427825604e-14
1420 3085 14 8.267797621312332e-20
1421 3085 13 4.439653166030329e-18
1423 3085 16 2.3185387494891145e-23
1424 3085 12 2.2065690234987544e-16
1425 3085 8 5.430917221238521e-10
1426 3085 10 4.217369480035789e-13
1428 3085 9 1.5975344236228614e-11
1429 3085 13 4.439653166030329e-18
1430 3085 12 2.2065690234987544e-16
1431 4887 9 1.5975344236228614e-11
1432 3085 16 2.3185387494891145e-23
1433 3085 18 5.031369241107522e-27
1434 3085 13 4.439653166030329e-18
1435 3085 9 1.5975344236228614e-11
1437 3085 12 2.2065690234987544e-16
1438 3085 19 6.789006993435901e-29
1438 3367 13 4.439653166030329e-18
1439 3085 12 2.2065690234987544e-16
1448 3085 14 8.267797621312332e-20
1450 3085 9 1.5975344236228614e-11
1451 3085 8 5.430917221238521e-10
1452 3314 18 5.031369241107522e-27
1454 3085 10 4.217369480035789e-13
1455 4258 8 5.430917221238521e-10
1455 4517 8 5.430917221238521e-10
1455 4535 8 5.430917221238521e-10
1456 3085 8 5.430917221238521e-10
1456 4516 9 1.5975344236228614e-11
1457 3085 9 1.5975344236228614e-11
1458 3085 103 1.6332787252382024e-231
1458 3748 10 4.217369480035789e-13
1458 4260 9 1.5975344236228614e-11
1459 2449 8 5.430917221238521e-10
1459 3085 15 1.4323179727903016e-21
1460 3854 8 5.430917221238521e-10
1461 3085 8 5.430917221238521e-10
1462 3085 8 5.430917221238521e-10
1464 4981 8 5.430917221238521e-10
1466 3085 8 5.430917221238521e-10
1467 2008 17 3.5204582215062808e-25
1467 3085 9 1.5975344236228614e-11
1470 3085 9 1.5975344236228614e-11
1476 5127 8 5.430917221238521e-10
1479 2441 9 1.5975344236228614e-11
1481 3786 8 5.430917221238521e-10
1490 2495 8 5.430917221238521e-10
1498 3563 9 1.5975344236228614e-11
1504 4731 10 4.217369480035789e-13
1532 3036 8 5.430917221238521e-10
1542 3051 51 9.541264496265621e-98
1543 3051 19 6.789006993435901e-29
1548 2332 15 1.4323179727903016e-21
1548 3087 8 5.430917221238521e-10
1552 3850 9 1.5975344236228614e-11
1552 4276 10 4.217369480035789e-13
1569 3531 11 1.0091258427825604e-14
1573 2734 28 1.1072879050667666e-46
1578 4279 18 5.031369241107522e-27
1618 2554 8 5.430917221238521e-10
1619 3310 8 5.430917221238521e-10
1621 2479 8 5.430917221238521e-10
1621 3275 8 5.430917221238521e-10
1621 3284 8 5.430917221238521e-10
1621 4518 8 5.430917221238521e-10
1621 4526 8 5.430917221238521e-10
1622 2697 8 5.430917221238521e-10
1622 3225 21 1.0514921083730157e-32
1622 3284 11 1.0091258427825604e-14
1622 4519 8 5.430917221238521e-10
1623 2141 13 4.439653166030329e-18
1623 2479 9 1.5975344236228614e-11
1623 3274 8 5.430917221238521e-10
1623 3281 8 5.430917221238521e-10
1623 3283 11 1.0091258427825604e-14
1623 4341 8 5.430917221238521e-10
1623 4520 9 1.5975344236228614e-11
1623 4523 8 5.430917221238521e-10
1623 4524 10 4.217369480035789e-13
1623 4526 8 5.430917221238521e-10
1623 4530 8 5.430917221238521e-10
1624 3283 9 1.5975344236228614e-11
1624 3313 10 4.217369480035789e-13
1624 3314 9 1.5975344236228614e-11
1624 4214 10 4.217369480035789e-13
1624 4219 8 5.430917221238521e-10
1624 4854 9 1.5975344236228614e-11
1625 3283 8 5.430917221238521e-10
1628 1992 8 5.430917221238521e-10
1628 2686 9 1.5975344236228614e-11
1629 2686 10 4.217369480035789e-13
1629 4217 8 5.430917221238521e-10
1633 3316 8 5.430917221238521e-10
1634 2557 8 5.430917221238521e-10
1634 3235 9 1.5975344236228614e-11
1634 4224 8 5.430917221238521e-10
1635 2977 8 5.430917221238521e-10
1635 4258 8 5.430917221238521e-10
1635 4520 8 5.430917221238521e-10
1636 2942 8 5.430917221238521e-10
1636 3273 9 1.5975344236228614e-11
1636 3277 16 2.3185387494891145e-23
1636 4224 8 5.430917221238521e-10
1636 4333 8 5.430917221238521e-10
1637 2450 8 5.430917221238521e-10
1637 4258 8 5.430917221238521e-10
1637 4521 9 1.5975344236228614e-11
1637 4524 10 4.217369480035789e-13
1637 4855 8 5.430917221238521e-10
1637 5237 9 1.5975344236228614e-11
1638 4529 8 5.430917221238521e-10
1638 4855 8 5.430917221238521e-10
1639 2479 8 5.430917221238521e-10
1639 3255 10 4.217369480035789e-13
1639 3284 8 5.430917221238521e-10
1639 4535 8 5.430917221238521e-10
1640 2970 8 5.430917221238521e-10
1640 3315 8 5.430917221238521e-10
1640 4335 9 1.5975344236228614e-11
1641 3313 9 1.5975344236228614e-11
1641 4220 8 5.430917221238521e-10
1641 4853 8 5.430917221238521e-10
1642 3089 9 1.5975344236228614e-11
1642 3311 8 5.430917221238521e-10
1644 3073 8 5.430917221238521e-10
1652 3160 10 4.217369480035789e-13
1653 3880 27 1.248279708852179e-44
1653 4516 41 9.89499422747881e-75
1663 4532 8 5.430917221238521e-10
1664 1706 14 8.267797621312332e-20
1665 1706 8 5.430917221238521e-10
1665 2295 8 5.430917221238521e-10
1665 2786 9 1.5975344236228614e-11
1665 3284 9 1.5975344236228614e-11
1668 2479 8 5.430917221238521e-10
1668 3284 8 5.430917221238521e-10
1669 1916 10 4.217369480035789e-13
1669 5109 8 5.430917221238521e-10
1672 3125 12 2.2065690234987544e-16
1679 3320 8 5.430917221238521e-10
1682 1939 8 5.430917221238521e-10
1686 2841 28 1.1072879050667666e-46
1686 3297 10 4.217369480035789e-13
1686 4547 80 8.010351319907237e-170
1691 1842 8 5.430917221238521e-10
1691 2450 11 1.0091258427825604e-14
1704 3085 13 4.439653166030329e-18
1704 3297 10 4.217369480035789e-13
1704 4547 152 0.0
1705 3085 44 1.614380873107983e-81
1705 4665 8 5.430917221238521e-10
1706 2710 13 4.439653166030329e-18
1706 3085 28 1.1072879050667666e-46
1707 3085 25 1.4052819136030168e-40
1708 3085 23 1.3330504657914901e-36
1709 3085 22 1.2126636201310445e-34
1710 3085 13 4.439653166030329e-18
1711 3085 15 1.4323179727903016e-21
1712 3085 14 8.267797621312332e-20
1712 4584 8 5.430917221238521e-10
1712 4585 9 1.5975344236228614e-11
1713 3085 18 5.031369241107522e-27
1714 3085 19 6.789006993435901e-29
1715 3085 20 8.672687068645047e-31
1716 3085 16 2.3185387494891145e-23
1717 3085 14 8.267797621312332e-20
1718 3085 17 3.5204582215062808e-25
1719 3085 9 1.5975344236228614e-11
1720 3085 12 2.2065690234987544e-16
1721 2415 11 1.0091258427825604e-14
1721 3085 14 8.267797621312332e-20
1722 3085 21 1.0514921083730157e-32
1723 3085 15 1.4323179727903016e-21
1724 3085 19 6.789006993435901e-29
1725 3085 21 1.0514921083730157e-32
1726 3085 8 5.430917221238521e-10
1727 3085 15 1.4323179727903016e-21
1728 3085 17 3.5204582215062808e-25
1729 3085 15 1.4323179727903016e-21
1730 3085 18 5.031369241107522e-27
1731 3085 9 1.5975344236228614e-11
1732 3085 15 1.4323179727903016e-21
1733 2374 17 3.5204582215062808e-25
1733 3085 18 5.031369241107522e-27
1734 3085 15 1.4323179727903016e-21
1735 3085 14 8.267797621312332e-20
1736 3085 12 2.2065690234987544e-16
1737 3085 15 1.4323179727903016e-21
1738 3085 16 2.3185387494891145e-23
1738 5048 9 1.5975344236228614e-11
1739 3085 12 2.2065690234987544e-16
1740 3085 12 2.2065690234987544e-16
1741 3085 14 8.267797621312332e-20
1742 3085 19 6.789006993435901e-29
1743 3085 20 8.672687068645047e-31
1744 3085 11 1.0091258427825604e-14
1745 3085 10 4.217369480035789e-13
1746 3085 12 2.2065690234987544e-16
1747 3085 13 4.439653166030329e-18
1748 3085 9 1.5975344236228614e-11
1749 3085 10 4.217369480035789e-13
1750 2366 8 5.430917221238521e-10
1750 3085 13 4.439653166030329e-18
1751 2366 18 5.031369241107522e-27
1751 3085 8 5.430917221238521e-10
1752 2366 11 1.0091258427825604e-14
1752 3085 13 4.439653166030329e-18
1753 3085 11 1.0091258427825604e-14
1754 3085 12 2.2065690234987544e-16
1755 3085 17 3.5204582215062808e-25
1756 3085 16 2.3185387494891145e-23
1757 3085 11 1.0091258427825604e-14
1758 3085 14 8.267797621312332e-20
1759 3085 13 4.439653166030329e-18
1759 4516 10 4.217369480035789e-13
1760 2614 8 5.430917221238521e-10
1760 3085 13 4.439653166030329e-18
1760 4516 9 1.5975344236228614e-11
1760 4852 8 5.430917221238521e-10
1761 3085 14 8.267797621312332e-20
1764 3085 12 2.2065690234987544e-16
1765 3085 12 2.2065690234987544e-16
1766 3085 9 1.5975344236228614e-11
1767 3085 12 2.2065690234987544e-16
1768 3085 14 8.267797621312332e-20
1769 3085 9 1.5975344236228614e-11
1770 3085 13 4.439653166030329e-18
1771 3085 12 2.2065690234987544e-16
1772 3085 12 2.2065690234987544e-16
1773 3085 12 2.2065690234987544e-16
1773 3379 42 5.5557988007521925e-77
1773 3380 12 2.2065690234987544e-16
1774 3085 16 2.3185387494891145e-23
1777 3085 11 1.0091258427825604e-14
1779 3085 8 5.430917221238521e-10
1796 3085 9 1.5975344236228614e-11
1797 3085 10 4.217369480035789e-13
1798 3085 8 5.430917221238521e-10
1798 4575 17 3.5204582215062808e-25
1803 3085 11 1.0091258427825604e-14
1804 3085 10 4.217369480035789e-13
1806 4958 18 5.031369241107522e-27
1812 3665 18 5.031369241107522e-27
1812 4333 11 1.0091258427825604e-14
1815 2259 10 4.217369480035789e-13
1831 3172 25 1.4052819136030168e-40
1832 3085 9 1.5975344236228614e-11
1832 4841 13 4.439653166030329e-18
1833 4841 24 1.3993894690213858e-38
1838 4896 9 1.5975344236228614e-11
1838 4897 14 8.267797621312332e-20
1838 4898 28 1.1072879050667666e-46
1851 4366 27 1.248279708852179e-44
1852 2644 10 4.217369480035789e-13
1852 4366 8 5.430917221238521e-10
1852 5173 9 1.5975344236228614e-11
1869 2326 11 1.0091258427825604e-14
1870 2683 8 5.430917221238521e-10
1871 3767 8 5.430917221238521e-10
1872 3253 8 5.430917221238521e-10
1881 2208 28 1.1072879050667666e-46
1882 4901 12 2.2065690234987544e-16
1910 5046 8 5.430917221238521e-10
1911 5046 13 4.439653166030329e-18
1916 4377 17 3.5204582215062808e-25
1922 3292 11 1.0091258427825604e-14
1928 2873 8 5.430917221238521e-10
1929 5145 14 8.267797621312332e-20
1948 2267 8 5.430917221238521e-10
1948 2268 9 1.5975344236228614e-11
1948 2746 11 1.0091258427825604e-14
1948 2789 8 5.430917221238521e-10
1964 2379 8 5.430917221238521e-10
1964 2380 32 4.708954850762052e-55
1967 4825 10 4.217369480035789e-13
1979 3886 11 1.0091258427825604e-14
1980 3735 9 1.5975344236228614e-11
1991 4370 8 5.430917221238521e-10
1992 2992 15 1.4323179727903016e-21
1996 2302 8 5.430917221238521e-10
1996 2303 11 1.0091258427825604e-14
1996 2533 8 5.430917221238521e-10
2004 3085 34 2.4874124083051405e-59
2004 4260 11 1.0091258427825604e-14
2005 2311 11 1.0091258427825604e-14
2005 2830 9 1.5975344236228614e-11
2005 3085 73 8.62424150787495e-152
2005 4260 19 6.789006993435901e-29
2006 3085 23 1.3330504657914901e-36
2007 3085 32 4.708954850762052e-55
2008 3085 30 7.766912349171082e-51
2008 4260 8 5.430917221238521e-10
2009 3085 15 1.4323179727903016e-21
2010 3085 18 5.031369241107522e-27
2011 3085 32 4.708954850762052e-55
2012 3085 21 1.0514921083730157e-32
2013 2817 19 6.789006993435901e-29
2013 5299 34 2.4874124083051405e-59
2020 3085 13 4.439653166030329e-18
2021 3085 8 5.430917221238521e-10
2023 3085 20 8.672687068645047e-31
2024 3085 16 2.3185387494891145e-23
2025 3085 18 5.031369241107522e-27
2026 3085 10 4.217369480035789e-13
2027 3085 9 1.5975344236228614e-11
2028 3085 14 8.267797621312332e-20
2031 3085 10 4.217369480035789e-13
2032 3085 17 3.5204582215062808e-25
2033 3052 9 1.5975344236228614e-11
2033 3085 16 2.3185387494891145e-23
2033 3881 11 1.0091258427825604e-14
2035 3085 10 4.217369480035789e-13
2036 3085 10 4.217369480035789e-13
2037 3085 15 1.4323179727903016e-21
2038 3085 16 2.3185387494891145e-23
2039 3085 8 5.430917221238521e-10
2045 4516 8 5.430917221238521e-10
2047 3085 8 5.430917221238521e-10
2048 2394 13 4.439653166030329e-18
2048 3085 11 1.0091258427825604e-14
2049 3085 14 8.267797621312332e-20
2049 4516 9 1.5975344236228614e-11
2050 3085 12 2.2065690234987544e-16
2051 3085 20 8.672687068645047e-31
2053 3085 11 1.0091258427825604e-14
2054 3085 19 6.789006993435901e-29
2054 3183 8 5.430917221238521e-10
2055 3085 16 2.3185387494891145e-23
2055 4517 8 5.430917221238521e-10
2055 4853 9 1.5975344236228614e-11
2055 4854 8 5.430917221238521e-10
2056 4516 8 5.430917221238521e-10
2056 4517 8 5.430917221238521e-10
2056 4853 9 1.5975344236228614e-11
2057 2630 13 4.439653166030329e-18
2057 2658 8 5.430917221238521e-10
2057 3085 9 1.5975344236228614e-11
2057 3090 8 5.430917221238521e-10
2057 4213 8 5.430917221238521e-10
2057 4517 10 4.217369480035789e-13
2057 4523 9 1.5975344236228614e-11
2057 4525 11 1.0091258427825604e-14
2057 4526 8 5.430917221238521e-10
2057 4853 8 5.430917221238521e-10
2057 4854 8 5.430917221238521e-10
2057 4855 8 5.430917221238521e-10
2058 2699 10 4.217369480035789e-13
2058 3085 9 1.5975344236228614e-11
2058 4519 8 5.430917221238521e-10
2058 4521 8 5.430917221238521e-10
2058 4522 8 5.430917221238521e-10
2058 4525 11 1.0091258427825604e-14
2058 4531 9 1.5975344236228614e-11
2058 4853 8 5.430917221238521e-10
2059 3092 8 5.430917221238521e-10
2060 3085 21 1.0514921083730157e-32
2060 3312 8 5.430917221238521e-10
2060 4333 8 5.430917221238521e-10
2060 4516 9 1.5975344236228614e-11
2060 4854 9 1.5975344236228614e-11
2060 4855 9 1.5975344236228614e-11
2060 4935 8 5.430917221238521e-10
2061 3085 10 4.217369480035789e-13
2061 4854 9 1.5975344236228614e-11
2062 3085 8 5.430917221238521e-10
2062 3483 8 5.430917221238521e-10
2068 3085 12 2.2065690234987544e-16
2068 4783 8 5.430917221238521e-10
2069 3085 20 8.672687068645047e-31
2070 3085 9 1.5975344236228614e-11
2071 3085 8 5.430917221238521e-10
2076 3085 10 4.217369480035789e-13
2092 3085 10 4.217369480035789e-13
2094 3085 10 4.217369480035789e-13
2097 3085 8 5.430917221238521e-10
2100 3085 9 1.5975344236228614e-11
2101 4516 9 1.5975344236228614e-11
2102 4221 8 5.430917221238521e-10
2102 4855 10 4.217369480035789e-13
2103 2612 9 1.5975344236228614e-11
2103 2977 10 4.217369480035789e-13
2103 4516 10 4.217369480035789e-13
2103 4517 10 4.217369480035789e-13
2103 4526 10 4.217369480035789e-13
2103 4854 8 5.430917221238521e-10
2104 3275 10 4.217369480035789e-13
2104 4221 9 1.5975344236228614e-11
2104 4258 8 5.430917221238521e-10
2105 4516 8 5.430917221238521e-10
2165 4026 8 5.430917221238521e-10
2172 4221 13 4.439653166030329e-18
2173 5298 14 8.267797621312332e-20
2174 3679 8 5.430917221238521e-10
2176 2874 9 1.5975344236228614e-11
2180 2410 11 1.0091258427825604e-14
2185 3958 11 1.0091258427825604e-14
2185 4079 21 1.0514921083730157e-32
2191 2324 15 1.4323179727903016e-21
2191 4655 15 1.4323179727903016e-21
2191 4656 24 1.3993894690213858e-38
2202 2428 10 4.217369480035789e-13
2206 4407 19 6.789006993435901e-29
2214 3284 10 4.217369480035789e-13
2216 2664 24 1.3993894690213858e-38
2222 3565 15 1.4323179727903016e-21
2230 3181 9 1.5975344236228614e-11
2233 2919 13 4.439653166030329e-18
2240 2925 17 3.5204582215062808e-25
2266 2785 9 1.5975344236228614e-11
2266 2786 10 4.217369480035789e-13
2266 3310 11 1.0091258427825604e-14
2266 3684 10 4.217369480035789e-13
2266 4239 8 5.430917221238521e-10
2267 2556 9 1.5975344236228614e-11
2267 2785 8 5.430917221238521e-10
2267 3073 8 5.430917221238521e-10
2267 3274 8 5.430917221238521e-10
2267 3275 10 4.217369480035789e-13
2267 3282 8 5.430917221238521e-10
2267 3310 11 1.0091258427825604e-14
2267 3312 8 5.430917221238521e-10
2267 3313 10 4.217369480035789e-13
2267 4259 8 5.430917221238521e-10
2268 2978 8 5.430917221238521e-10
2268 3274 8 5.430917221238521e-10
2270 4933 32 4.708954850762052e-55
2272 4302 8 5.430917221238521e-10
2273 3442 14 8.267797621312332e-20
2295 3249 9 1.5975344236228614e-11
2295 3310 8 5.430917221238521e-10
2296 2789 8 5.430917221238521e-10
2310 3085 21 1.0514921083730157e-32
2311 3085 91 7.039490727650279e-199
2311 4260 13 4.439653166030329e-18
2312 3085 27 1.248279708852179e-44
2312 4547 115 0.0
2313 2654 17 3.5204582215062808e-25
2313 3085 26 1.352101466518942e-42
2313 3867 10 4.217369480035789e-13
2314 3085 23 1.3330504657914901e-36
2315 3085 20 8.672687068645047e-31
2315 3848 9 1.5975344236228614e-11
2316 3085 17 3.5204582215062808e-25
2317 3085 25 1.4052819136030168e-40
2318 3085 29 9.449367021294844e-49
2319 3085 15 1.4323179727903016e-21
2320 3085 23 1.3330504657914901e-36
2321 3085 24 1.3993894690213858e-38
2322 3085 22 1.2126636201310445e-34
2323 3085 24 1.3993894690213858e-38
2323 4260 9 1.5975344236228614e-11
2324 3085 29 9.449367021294844e-49
2325 3085 24 1.3993894690213858e-38
2326 3085 26 1.352101466518942e-42
2327 3085 28 1.1072879050667666e-46
2327 4857 10 4.217369480035789e-13
2328 3085 19 6.789006993435901e-29
2329 3085 19 6.789006993435901e-29
2330 3085 12 2.2065690234987544e-16
2331 3085 15 1.4323179727903016e-21
2332 3085 16 2.3185387494891145e-23
2332 4260 8 5.430917221238521e-10
2333 3085 16 2.3185387494891145e-23
2334 3085 12 2.2065690234987544e-16
2335 3085 9 1.5975344236228614e-11
2336 3085 12 2.2065690234987544e-16
2337 3085 14 8.267797621312332e-20
2338 3085 12 2.2065690234987544e-16
2339 3085 12 2.2065690234987544e-16
2340 3085 12 2.2065690234987544e-16
2341 3085 16 2.3185387494891145e-23
2342 3085 27 1.248279708852179e-44
2343 3085 13 4.439653166030329e-18
2350 3085 15 1.4323179727903016e-21
2351 3085 20 8.672687068645047e-31
2352 3085 12 2.2065690234987544e-16
2353 3085 13 4.439653166030329e-18
2355 3085 15 1.4323179727903016e-21
2356 3085 9 1.5975344236228614e-11
2357 3085 20 8.672687068645047e-31
2358 3085 16 2.3185387494891145e-23
2359 3085 17 3.5204582215062808e-25
2360 3085 15 1.4323179727903016e-21
2361 3085 15 1.4323179727903016e-21
2363 2894 11 1.0091258427825604e-14
2363 3085 8 5.430917221238521e-10
2364 3085 8 5.430917221238521e-10
2366 3085 8 5.430917221238521e-10
2367 3085 9 1.5975344236228614e-11
2368 3085 14 8.267797621312332e-20
2370 3085 12 2.2065690234987544e-16
2371 3085 9 1.5975344236228614e-11
2372 3085 13 4.439653166030329e-18
2373 3085 13 4.439653166030329e-18
2373 4197 17 3.5204582215062808e-25
2374 3085 14 8.267797621312332e-20
2374 5263 23 1.3330504657914901e-36
2375 3085 10 4.217369480035789e-13
2376 3085 11 1.0091258427825604e-14
2379 3085 10 4.217369480035789e-13
2381 3085 13 4.439653166030329e-18
2384 3085 9 1.5975344236228614e-11
2388 3085 9 1.5975344236228614e-11
2390 3085 10 4.217369480035789e-13
2393 3085 12 2.2065690234987544e-16
2395 3085 11 1.0091258427825604e-14
2396 3085 11 1.0091258427825604e-14
2399 3085 8 5.430917221238521e-10
2400 3085 9 1.5975344236228614e-11
2401 3085 13 4.439653166030329e-18
2402 3085 11 1.0091258427825604e-14
2402 3577 12 2.2065690234987544e-16
2408 3844 17 3.5204582215062808e-25
2436 4507 22 1.2126636201310445e-34
2440 3085 8 5.430917221238521e-10
2443 2847 11 1.0091258427825604e-14
2444 3085 9 1.5975344236228614e-11
2447 3085 9 1.5975344236228614e-11
2450 2786 10 4.217369480035789e-13
2450 4221 8 5.430917221238521e-10
2453 4787 9 1.5975344236228614e-11
2459 3914 15 1.4323179727903016e-21
2477 3085 10 4.217369480035789e-13
2477 3235 8 5.430917221238521e-10
2479 2679 20 8.672687068645047e-31
2479 3273 8 5.430917221238521e-10
2479 3320 9 1.5975344236228614e-11
2479 4537 8 5.430917221238521e-10
2480 2679 17 3.5204582215062808e-25
2489 4721 8 5.430917221238521e-10
2496 3217 21 1.0514921083730157e-32
2504 3434 14 8.267797621312332e-20
2507 3913 10 4.217369480035789e-13
2512 3429 32 4.708954850762052e-55
2512 5073 8 5.430917221238521e-10
2513 3429 8 5.430917221238521e-10
2521 2785 8 5.430917221238521e-10
2521 2786 9 1.5975344236228614e-11
2521 2932 33 3.4803134243249605e-57
2521 2933 126 0.0
2521 2934 13 4.439653166030329e-18
2521 2935 9 1.5975344236228614e-11
2521 3239 9 1.5975344236228614e-11
2523 2785 8 5.430917221238521e-10
2523 5077 12 2.2065690234987544e-16
2531 2684 9 1.5975344236228614e-11
2531 2786 8 5.430917221238521e-10
2550 3311 8 5.430917221238521e-10
2550 3318 8 5.430917221238521e-10
2551 4791 8 5.430917221238521e-10
2552 3272 8 5.430917221238521e-10
2554 3921 8 5.430917221238521e-10
2555 4259 8 5.430917221238521e-10
2556 2785 10 4.217369480035789e-13
2556 2786 9 1.5975344236228614e-11
2556 3273 8 5.430917221238521e-10
2556 3274 8 5.430917221238521e-10
2556 3275 9 1.5975344236228614e-11
2556 3319 8 5.430917221238521e-10
2556 3320 8 5.430917221238521e-10
2556 3334 48 9.975920300369347e-91
2556 4224 8 5.430917221238521e-10
2556 4259 8 5.430917221238521e-10
2557 3273 8 5.430917221238521e-10
2558 3273 8 5.430917221238521e-10
2566 4658 12 2.2065690234987544e-16
2567 3078 10 4.217369480035789e-13
2567 4658 27 1.248279708852179e-44
2567 4965 13 4.439653166030329e-18
2575 3085 12 2.2065690234987544e-16
2576 3085 35 1.720609146395015e-61
2577 3085 25 1.4052819136030168e-40
2578 3085 34 2.4874124083051405e-59
2579 3085 23 1.3330504657914901e-36
2580 3085 23 1.3330504657914901e-36
2580 3501 9 1.5975344236228614e-11
2581 3085 17 3.5204582215062808e-25
2581 3503 16 2.3185387494891145e-23
2582 3085 18 5.031369241107522e-27
2583 3085 30 7.766912349171082e-51
2584 3085 16 2.3185387494891145e-23
2585 3085 20 8.672687068645047e-31
2586 3085 13 4.439653166030329e-18
2587 3085 23 1.3330504657914901e-36
2588 3085 17 3.5204582215062808e-25
2589 3085 13 4.439653166030329e-18
2590 3085 20 8.672687068645047e-31
2591 3085 18 5.031369241107522e-27
2592 3085 11 1.0091258427825604e-14
2593 3085 15 1.4323179727903016e-21
2594 3085 10 4.217369480035789e-13
2595 3085 16 2.3185387494891145e-23
2596 3085 19 6.789006993435901e-29
2597 3085 16 2.3185387494891145e-23
2598 3085 16 2.3185387494891145e-23
2599 3085 18 5.031369241107522e-27
2600 3085 16 2.3185387494891145e-23
2601 3085 14 8.267797621312332e-20
2602 3085 14 8.267797621312332e-20
2603 3085 10 4.217369480035789e-13
2604 3085 23 1.3330504657914901e-36
2605 3085 13 4.439653166030329e-18
2606 3085 12 2.2065690234987544e-16
2607 3085 15 1.4323179727903016e-21
2608 5129 15 1.4323179727903016e-21
2609 3085 15 1.4323179727903016e-21
2610 3085 26 1.352101466518942e-42
2611 3085 12 2.2065690234987544e-16
2611 3091 8 5.430917221238521e-10
2611 4729 19 6.789006993435901e-29
2611 4851 8 5.430917221238521e-10
2612 4517 9 1.5975344236228614e-11
2613 3085 20 8.672687068645047e-31
2613 4516 10 4.217369480035789e-13
2614 3085 15 1.4323179727903016e-21
2615 3085 12 2.2065690234987544e-16
2616 3085 9 1.5975344236228614e-11
2617 3085 12 2.2065690234987544e-16
2618 3085 11 1.0091258427825604e-14
2619 3085 13 4.439653166030329e-18
2620 3085 11 1.0091258427825604e-14
2621 3085 8 5.430917221238521e-10
2622 3085 10 4.217369480035789e-13
2623 3085 14 8.267797621312332e-20
2623 4057 8 5.430917221238521e-10
2626 3085 11 1.0091258427825604e-14
2628 3085 8 5.430917221238521e-10
2629 3085 11 1.0091258427825604e-14
2630 3085 8 5.430917221238521e-10
2631 2830 11 1.0091258427825604e-14
2631 3085 15 1.4323179727903016e-21
2632 3085 13 4.439653166030329e-18
2634 3085 9 1.5975344236228614e-11
2637 3085 9 1.5975344236228614e-11
2639 3085 12 2.2065690234987544e-16
2640 3085 8 5.430917221238521e-10
2641 3085 8 5.430917221238521e-10
2642 3085 10 4.217369480035789e-13
2643 3085 9 1.5975344236228614e-11
2644 3085 10 4.217369480035789e-13
2646 3085 8 5.430917221238521e-10
2647 3085 10 4.217369480035789e-13
2649 3085 14 8.267797621312332e-20
2649 3106 8 5.430917221238521e-10
2649 4163 11 1.0091258427825604e-14
2650 3085 9 1.5975344236228614e-11
2651 3085 8 5.430917221238521e-10
2652 3085 9 1.5975344236228614e-11
2653 3085 11 1.0091258427825604e-14
2654 3085 9 1.5975344236228614e-11
2655 4516 9 1.5975344236228614e-11
2657 3085 8 5.430917221238521e-10
2658 4519 8 5.430917221238521e-10
2658 4535 8 5.430917221238521e-10
2658 4852 9 1.5975344236228614e-11
2659 4499 10 4.217369480035789e-13
2659 4851 9 1.5975344236228614e-11
2663 3085 11 1.0091258427825604e-14
2664 3085 10 4.217369480035789e-13
2665 3085 8 5.430917221238521e-10
2665 4687 11 1.0091258427825604e-14
2666 3085 10 4.217369480035789e-13
2667 3085 10 4.217369480035789e-13
2668 3085 8 5.430917221238521e-10
2670 3085 11 1.0091258427825604e-14
2671 3085 10 4.217369480035789e-13
2676 3085 9 1.5975344236228614e-11
2677 3085 10 4.217369480035789e-13
2678 3085 8 5.430917221238521e-10
2681 3874 8 5.430917221238521e-10
2682 3085 10 4.217369480035789e-13
2682 4516 8 5.430917221238521e-10
2683 4224 8 5.430917221238521e-10
2684 3085 10 4.217369480035789e-13
2684 3312 8 5.430917221238521e-10
2684 4334 9 1.5975344236228614e-11
2684 4525 10 4.217369480035789e-13
2684 4526 10 4.217369480035789e-13
2684 4731 10 4.217369480035789e-13
2685 4525 11 1.0091258427825604e-14
2688 3085 9 1.5975344236228614e-11
2688 4223 8 5.430917221238521e-10
2688 4526 8 5.430917221238521e-10
2689 3085 11 1.0091258427825604e-14
2694 4523 8 5.430917221238521e-10
2694 4524 9 1.5975344236228614e-11
2696 3085 9 1.5975344236228614e-11
2696 4222 8 5.430917221238521e-10
2697 3282 8 5.430917221238521e-10
2697 4853 9 1.5975344236228614e-11
2698 4232 8 5.430917221238521e-10
2699 4523 8 5.430917221238521e-10
2699 4524 9 1.5975344236228614e-11
2699 4528 8 5.430917221238521e-10
2699 4863 9 1.5975344236228614e-11
2699 5232 23 1.3330504657914901e-36
2700 3085 8 5.430917221238521e-10
2700 4561 10 4.217369480035789e-13
2701 3087 8 5.430917221238521e-10
2704 4637 19 6.789006993435901e-29
2711 3485 10 4.217369480035789e-13
2716 5161 22 1.2126636201310445e-34
2732 4595 13 4.439653166030329e-18
2734 3647 18 5.031369241107522e-27
2744 4534 9 1.5975344236228614e-11
2745 4395 10 4.217369480035789e-13
2745 4396 10 4.217369480035789e-13
2782 4559 8 5.430917221238521e-10
2783 4361 15 1.4323179727903016e-21
2784 4933 9 1.5975344236228614e-11
2784 4934 8 5.430917221238521e-10
2785 3548 8 5.430917221238521e-10
2785 3549 9 1.5975344236228614e-11
2786 3320 8 5.430917221238521e-10
2786 3548 9 1.5975344236228614e-11
2786 4213 8 5.430917221238521e-10
2786 4224 8 5.430917221238521e-10
2786 4261 8 5.430917221238521e-10
2786 4521 8 5.430917221238521e-10
2786 4934 8 5.430917221238521e-10
2789 3239 9 1.5975344236228614e-11
2804 3541 9 1.5975344236228614e-11
2806 4369 32 4.708954850762052e-55
2811 3733 8 5.430917221238521e-10
2816 4547 8 5.430917221238521e-10
2817 5299 11 1.0091258427825604e-14
2825 3085 13 4.439653166030329e-18
2826 3085 16 2.3185387494891145e-23
2827 3085 18 5.031369241107522e-27
2828 3085 19 6.789006993435901e-29
2829 3085 9 1.5975344236228614e-11
2830 3085 16 2.3185387494891145e-23
2831 3085 34 2.4874124083051405e-59
2832 3085 25 1.4052819136030168e-40
2833 3085 13 4.439653166030329e-18
2834 3085 18 5.031369241107522e-27
2835 3085 16 2.3185387494891145e-23
2836 3085 15 1.4323179727903016e-21
2837 3085 18 5.031369241107522e-27
2838 3085 8 5.430917221238521e-10
2841 3085 9 1.5975344236228614e-11
2841 4547 8 5.430917221238521e-10
2842 3085 10 4.217369480035789e-13
2843 3085 8 5.430917221238521e-10
2845 3085 8 5.430917221238521e-10
2847 3085 13 4.439653166030329e-18
2848 3085 13 4.439653166030329e-18
2849 3085 9 1.5975344236228614e-11
2850 3085 8 5.430917221238521e-10
2850 3114 17 3.5204582215062808e-25
2852 3085 12 2.2065690234987544e-16
2853 3085 12 2.2065690234987544e-16
2853 4916 16 2.3185387494891145e-23
2854 3085 11 1.0091258427825604e-14
2855 3085 12 2.2065690234987544e-16
2856 3085 8 5.430917221238521e-10
2857 3085 15 1.4323179727903016e-21
2858 3085 9 1.5975344236228614e-11
2860 3085 11 1.0091258427825604e-14
2861 3085 11 1.0091258427825604e-14
2862 3575 33 3.4803134243249605e-57
2863 3085 8 5.430917221238521e-10
2865 3085 10 4.217369480035789e-13
2867 3085 9 1.5975344236228614e-11
2868 3085 9 1.5975344236228614e-11
2869 3085 10 4.217369480035789e-13
2870 3085 9 1.5975344236228614e-11
2871 3085 10 4.217369480035789e-13
2872 3085 8 5.430917221238521e-10
2872 3387 10 4.217369480035789e-13
2873 3085 9 1.5975344236228614e-11
2879 3085 11 1.0091258427825604e-14
2879 4816 13 4.439653166030329e-18
2879 4817 9 1.5975344236228614e-11
2880 3085 10 4.217369480035789e-13
2881 3085 9 1.5975344236228614e-11
2883 3085 10 4.217369480035789e-13
2884 3085 11 1.0091258427825604e-14
2885 3085 12 2.2065690234987544e-16
2886 3085 10 4.217369480035789e-13
2887 3085 8 5.430917221238521e-10
2890 3085 9 1.5975344236228614e-11
2893 3085 9 1.5975344236228614e-11
2896 3085 9 1.5975344236228614e-11
2898 3085 11 1.0091258427825604e-14
2900 3085 8 5.430917221238521e-10
2903 3085 9 1.5975344236228614e-11
2922 3085 8 5.430917221238521e-10
2939 3498 9 1.5975344236228614e-11
2941 5172 10 4.217369480035789e-13
2943 3514 8 5.430917221238521e-10
2950 3580 9 1.5975344236228614e-11
2951 3580 24 1.3993894690213858e-38
2974 4532 13 4.439653166030329e-18
2977 3274 10 4.217369480035789e-13
2977 4854 10 4.217369480035789e-13
2978 3275 8 5.430917221238521e-10
2978 3282 8 5.430917221238521e-10
2978 3310 8 5.430917221238521e-10
2978 3313 9 1.5975344236228614e-11
2978 3320 10 4.217369480035789e-13
2978 4219 11 1.0091258427825604e-14
2978 4224 8 5.430917221238521e-10
2978 4853 10 4.217369480035789e-13
2978 4854 10 4.217369480035789e-13
2979 3273 9 1.5975344236228614e-11
2979 3274 9 1.5975344236228614e-11
2979 3275 10 4.217369480035789e-13
2979 3314 8 5.430917221238521e-10
2979 3320 9 1.5975344236228614e-11
2979 4219 8 5.430917221238521e-10
2979 4852 8 5.430917221238521e-10
2979 4853 13 4.439653166030329e-18
2980 3273 8 5.430917221238521e-10
2980 3280 8 5.430917221238521e-10
2980 3320 9 1.5975344236228614e-11
2980 4220 8 5.430917221238521e-10
2980 4224 8 5.430917221238521e-10
2982 3550 9 1.5975344236228614e-11
2983 3550 8 5.430917221238521e-10
3024 3305 23 1.3330504657914901e-36
3033 4614 11 1.0091258427825604e-14
3045 5101 8 5.430917221238521e-10
3048 4102 11 1.0091258427825604e-14
3052 4535 11 1.0091258427825604e-14
3060 3549 8 5.430917221238521e-10
3071 3293 8 5.430917221238521e-10
3071 3321 8 5.430917221238521e-10
3072 3284 8 5.430917221238521e-10
3072 3293 8 5.430917221238521e-10
3074 3793 8 5.430917221238521e-10
3078 4965 11 1.0091258427825604e-14
3085 3331 11 1.0091258427825604e-14
3085 3334 9 1.5975344236228614e-11
3085 3336 9 1.5975344236228614e-11
3085 3339 8 5.430917221238521e-10
3085 3341 8 5.430917221238521e-10
3085 3349 11 1.0091258427825604e-14
3085 3352 10 4.217369480035789e-13
3085 3353 10 4.217369480035789e-13
3085 3355 10 4.217369480035789e-13
3085 3359 10 4.217369480035789e-13
3085 3390 8 5.430917221238521e-10
3085 3397 8 5.430917221238521e-10
3085 3403 11 1.0091258427825604e-14
3085 3575 28 1.1072879050667666e-46
3085 3576 31 6.155648461105516e-53
3085 3577 22 1.2126636201310445e-34
3085 3578 12 2.2065690234987544e-16
3085 3579 14 8.267797621312332e-20
3085 3580 15 1.4323179727903016e-21
3085 3581 18 5.031369241107522e-27
3085 3582 19 6.789006993435901e-29
3085 3583 21 1.0514921083730157e-32
3085 3584 16 2.3185387494891145e-23
3085 3585 13 4.439653166030329e-18
3085 3586 21 1.0514921083730157e-32
3085 3587 15 1.4323179727903016e-21
3085 3588 21 1.0514921083730157e-32
3085 3589 16 2.3185387494891145e-23
3085 3590 14 8.267797621312332e-20
3085 3591 11 1.0091258427825604e-14
3085 3592 21 1.0514921083730157e-32
3085 3593 21 1.0514921083730157e-32
3085 3594 13 4.439653166030329e-18
3085 3595 14 8.267797621312332e-20
3085 3596 15 1.4323179727903016e-21
3085 3597 19 6.789006993435901e-29
3085 3598 12 2.2065690234987544e-16
3085 3599 8 5.430917221238521e-10
3085 3600 16 2.3185387494891145e-23
3085 3601 10 4.217369480035789e-13
3085 3602 13 4.439653166030329e-18
3085 3604 14 8.267797621312332e-20
3085 3605 14 8.267797621312332e-20
3085 3606 9 1.5975344236228614e-11
3085 3607 13 4.439653166030329e-18
3085 3608 9 1.5975344236228614e-11
3085 3609 13 4.439653166030329e-18
3085 3610 11 1.0091258427825604e-14
3085 3611 14 8.267797621312332e-20
3085 3612 12 2.2065690234987544e-16
3085 3613 8 5.430917221238521e-10
3085 3614 10 4.217369480035789e-13
3085 3615 12 2.2065690234987544e-16
3085 3616 12 2.2065690234987544e-16
3085 3617 13 4.439653166030329e-18
3085 3618 14 8.267797621312332e-20
3085 3620 11 1.0091258427825604e-14
3085 3621 12 2.2065690234987544e-16
3085 3622 9 1.5975344236228614e-11
3085 3626 10 4.217369480035789e-13
3085 3628 8 5.430917221238521e-10
3085 3629 8 5.430917221238521e-10
3085 3630 8 5.430917221238521e-10
3085 3631 10 4.217369480035789e-13
3085 3633 12 2.2065690234987544e-16
3085 3634 13 4.439653166030329e-18
3085 3636 16 2.3185387494891145e-23
3085 3640 8 5.430917221238521e-10
3085 3641 8 5.430917221238521e-10
3085 3644 8 5.430917221238521e-10
3085 3645 10 4.217369480035789e-13
3085 3647 9 1.5975344236228614e-11
3085 3652 9 1.5975344236228614e-11
3085 3653 8 5.430917221238521e-10
3085 3654 9 1.5975344236228614e-11
3085 3655 10 4.217369480035789e-13
3085 3658 10 4.217369480035789e-13
3085 3660 8 5.430917221238521e-10
3085 3662 9 1.5975344236228614e-11
3085 3665 9 1.5975344236228614e-11
3085 3666 8 5.430917221238521e-10
3085 3667 11 1.0091258427825604e-14
3085 3677 9 1.5975344236228614e-11
3085 3685 41 9.89499422747881e-75
3085 3827 8 5.430917221238521e-10
3085 3828 20 8.672687068645047e-31
3085 3829 11 1.0091258427825604e-14
3085 3830 14 8.267797621312332e-20
3085 3831 12 2.2065690234987544e-16
3085 3833 13 4.439653166030329e-18
3085 3834 11 1.0091258427825604e-14
3085 3835 21 1.0514921083730157e-32
3085 3836 17 3.5204582215062808e-25
3085 3837 18 5.031369241107522e-27
3085 3838 23 1.3330504657914901e-36
3085 3839 16 2.3185387494891145e-23
3085 3840 16 2.3185387494891145e-23
3085 3841 13 4.439653166030329e-18
3085 3842 23 1.3330504657914901e-36
3085 3843 19 6.789006993435901e-29
3085 3844 13 4.439653166030329e-18
3085 3845 14 8.267797621312332e-20
3085 3846 16 2.3185387494891145e-23
3085 3847 19 6.789006993435901e-29
3085 3848 28 1.1072879050667666e-46
3085 3849 32 4.708954850762052e-55
3085 3850 35 1.720609146395015e-61
3085 3851 19 6.789006993435901e-29
3085 3852 23 1.3330504657914901e-36
3085 3853 17 3.5204582215062808e-25
3085 3854 10 4.217369480035789e-13
3085 3855 22 1.2126636201310445e-34
3085 3857 8 5.430917221238521e-10
3085 3858 8 5.430917221238521e-10
3085 3862 11 1.0091258427825604e-14
3085 3865 10 4.217369480035789e-13
3085 3866 10 4.217369480035789e-13
3085 3867 11 1.0091258427825604e-14
3085 3872 9 1.5975344236228614e-11
3085 3873 9 1.5975344236228614e-11
3085 3876 8 5.430917221238521e-10
3085 3879 10 4.217369480035789e-13
3085 3880 14 8.267797621312332e-20
3085 3886 10 4.217369480035789e-13
3085 3890 9 1.5975344236228614e-11
3085 3893 9 1.5975344236228614e-11
3085 3894 9 1.5975344236228614e-11
3085 3903 8 5.430917221238521e-10
3085 3907 9 1.5975344236228614e-11
3085 4067 8 5.430917221238521e-10
3085 4068 33 3.4803134243249605e-57
3085 4069 29 9.449367021294844e-49
3085 4070 19 6.789006993435901e-29
3085 4071 26 1.352101466518942e-42
3085 4072 14 8.267797621312332e-20
3085 4073 18 5.031369241107522e-27
3085 4074 17 3.5204582215062808e-25
3085 4075 19 6.789006993435901e-29
3085 4076 16 2.3185387494891145e-23
3085 4077 26 1.352101466518942e-42
3085 4078 19 6.789006993435901e-29
3085 4079 18 5.031369241107522e-27
3085 4080 13 4.439653166030329e-18
3085 4081 17 3.5204582215062808e-25
3085 4082 20 8.672687068645047e-31
3085 4083 11 1.0091258427825604e-14
3085 4084 14 8.267797621312332e-20
3085 4085 19 6.789006993435901e-29
3085 4086 20 8.672687068645047e-31
3085 4087 17 3.5204582215062808e-25
3085 4088 11 1.0091258427825604e-14
3085 4089 17 3.5204582215062808e-25
3085 4090 14 8.267797621312332e-20
3085 4091 18 5.031369241107522e-27
3085 4092 17 3.5204582215062808e-25
3085 4093 11 1.0091258427825604e-14
3085 4094 14 8.267797621312332e-20
3085 4095 20 8.672687068645047e-31
3085 4096 17 3.5204582215062808e-25
3085 4097 18 5.031369241107522e-27
3085 4098 17 3.5204582215062808e-25
3085 4099 24 1.3993894690213858e-38
3085 4100 24 1.3993894690213858e-38
3085 4101 17 3.5204582215062808e-25
3085 4102 12 2.2065690234987544e-16
3085 4103 16 2.3185387494891145e-23
3085 4104 14 8.267797621312332e-20
3085 4105 10 4.217369480035789e-13
3085 4106 13 4.439653166030329e-18
3085 4107 17 3.5204582215062808e-25
3085 4108 14 8.267797621312332e-20
3085 4109 17 3.5204582215062808e-25
3085 4111 8 5.430917221238521e-10
3085 4112 9 1.5975344236228614e-11
3085 4113 17 3.5204582215062808e-25
3085 4114 8 5.430917221238521e-10
3085 4115 19 6.789006993435901e-29
3085 4116 17 3.5204582215062808e-25
3085 4117 13 4.439653166030329e-18
3085 4118 9 1.5975344236228614e-11
3085 4119 11 1.0091258427825604e-14
3085 4120 11 1.0091258427825604e-14
3085 4121 9 1.5975344236228614e-11
3085 4122 8 5.430917221238521e-10
3085 4124 12 2.2065690234987544e-16
3085 4125 9 1.5975344236228614e-11
3085 4126 10 4.217369480035789e-13
3085 4128 10 4.217369480035789e-13
3085 4129 11 1.0091258427825604e-14
3085 4130 17 3.5204582215062808e-25
3085 4131 14 8.267797621312332e-20
3085 4132 11 1.0091258427825604e-14
3085 4133 20 8.672687068645047e-31
3085 4134 14 8.267797621312332e-20
3085 4135 13 4.439653166030329e-18
3085 4136 15 1.4323179727903016e-21
3085 4137 14 8.267797621312332e-20
3085 4139 12 2.2065690234987544e-16
3085 4140 13 4.439653166030329e-18
3085 4142 9 1.5975344236228614e-11
3085 4143 9 1.5975344236228614e-11
3085 4144 8 5.430917221238521e-10
3085 4145 8 5.430917221238521e-10
3085 4146 9 1.5975344236228614e-11
3085 4155 8 5.430917221238521e-10
3085 4157 10 4.217369480035789e-13
3085 4164 8 5.430917221238521e-10
3085 4165 9 1.5975344236228614e-11
3085 4208 8 5.430917221238521e-10
3085 4215 8 5.430917221238521e-10
3085 4219 11 1.0091258427825604e-14
3085 4260 274 0.0
3085 4276 22 1.2126636201310445e-34
3085 4277 29 9.449367021294844e-49
3085 4278 17 3.5204582215062808e-25
3085 4279 16 2.3185387494891145e-23
3085 4280 13 4.439653166030329e-18
3085 4281 12 2.2065690234987544e-16
3085 4282 11 1.0091258427825604e-14
3085 4283 15 1.4323179727903016e-21
3085 4284 20 8.672687068645047e-31
3085 4285 12 2.2065690234987544e-16
3085 4287 9 1.5975344236228614e-11
3085 4288 13 4.439653166030329e-18
3085 4289 10 4.217369480035789e-13
3085 4290 10 4.217369480035789e-13
3085 4293 9 1.5975344236228614e-11
3085 4295 8 5.430917221238521e-10
3085 4296 12 2.2065690234987544e-16
3085 4297 10 4.217369480035789e-13
3085 4299 11 1.0091258427825604e-14
3085 4300 15 1.4323179727903016e-21
3085 4301 8 5.430917221238521e-10
3085 4302 12 2.2065690234987544e-16
3085 4303 8 5.430917221238521e-10
3085 4304 12 2.2065690234987544e-16
3085 4305 11 1.0091258427825604e-14
3085 4306 12 2.2065690234987544e-16
3085 4307 14 8.267797621312332e-20
3085 4308 11 1.0091258427825604e-14
3085 4309 10 4.217369480035789e-13
3085 4310 10 4.217369480035789e-13
3085 4316 13 4.439653166030329e-18
3085 4317 11 1.0091258427825604e-14
3085 4319 9 1.5975344236228614e-11
3085 4320 8 5.430917221238521e-10
3085 4321 9 1.5975344236228614e-11
3085 4322 8 5.430917221238521e-10
3085 4325 8 5.430917221238521e-10
3085 4327 10 4.217369480035789e-13
3085 4328 9 1.5975344236228614e-11
3085 4329 8 5.430917221238521e-10
3085 4333 8 5.430917221238521e-10
3085 4341 9 1.5975344236228614e-11
3085 4344 8 5.430917221238521e-10
3085 4351 9 1.5975344236228614e-11
3085 4359 8 5.430917221238521e-10
3085 4360 9 1.5975344236228614e-11
3085 4473 31 6.155648461105516e-53
3085 4474 39 2.885039360929926e-70
3085 4475 29 9.449367021294844e-49
3085 4476 25 1.4052819136030168e-40
3085 4477 32 4.708954850762052e-55
3085 4478 24 1.3993894690213858e-38
3085 4479 18 5.031369241107522e-27
3085 4483 11 1.0091258427825604e-14
3085 4484 9 1.5975344236228614e-11
3085 4485 15 1.4323179727903016e-21
3085 4486 13 4.439653166030329e-18
3085 4487 21 1.0514921083730157e-32
3085 4488 23 1.3330504657914901e-36
3085 4489 9 1.5975344236228614e-11
3085 4490 11 1.0091258427825604e-14
3085 4491 18 5.031369241107522e-27
3085 4492 22 1.2126636201310445e-34
3085 4493 23 1.3330504657914901e-36
3085 4495 12 2.2065690234987544e-16
3085 4496 17 3.5204582215062808e-25
3085 4497 12 2.2065690234987544e-16
3085 4498 17 3.5204582215062808e-25
3085 4499 24 1.3993894690213858e-38
3085 4500 14 8.267797621312332e-20
3085 4501 12 2.2065690234987544e-16
3085 4502 12 2.2065690234987544e-16
3085 4503 20 8.672687068645047e-31
3085 4504 12 2.2065690234987544e-16
3085 4506 15 1.4323179727903016e-21
3085 4507 8 5.430917221238521e-10
3085 4508 8 5.430917221238521e-10
3085 4509 11 1.0091258427825604e-14
3085 4510 8 5.430917221238521e-10
3085 4511 14 8.267797621312332e-20
3085 4512 10 4.217369480035789e-13
3085 4513 9 1.5975344236228614e-11
3085 4514 8 5.430917221238521e-10
3085 4515 15 1.4323179727903016e-21
3085 4516 11 1.0091258427825604e-14
3085 4522 10 4.217369480035789e-13
3085 4525 9 1.5975344236228614e-11
3085 4528 10 4.217369480035789e-13
3085 4529 9 1.5975344236228614e-11
3085 4532 15 1.4323179727903016e-21
3085 4535 8 5.430917221238521e-10
3085 4547 8 5.430917221238521e-10
3085 4563 8 5.430917221238521e-10
3085 4665 43 3.0352924385009416e-79
3085 4666 10 4.217369480035789e-13
3085 4675 8 5.430917221238521e-10
3085 4676 9 1.5975344236228614e-11
3085 4680 11 1.0091258427825604e-14
3085 4681 9 1.5975344236228614e-11
3085 4685 9 1.5975344236228614e-11
3085 4689 8 5.430917221238521e-10
3085 4694 8 5.430917221238521e-10
3085 4700 11 1.0091258427825604e-14
3085 4701 16 2.3185387494891145e-23
3085 4702 10 4.217369480035789e-13
3085 4708 11 1.0091258427825604e-14
3085 4785 8 5.430917221238521e-10
3085 4849 11 1.0091258427825604e-14
3085 4851 10 4.217369480035789e-13
3085 4857 9 1.5975344236228614e-11
3085 4860 9 1.5975344236228614e-11
3085 4862 8 5.430917221238521e-10
3085 4864 16 2.3185387494891145e-23
3085 4865 10 4.217369480035789e-13
3085 4866 11 1.0091258427825604e-14
3085 4869 9 1.5975344236228614e-11
3085 4870 8 5.430917221238521e-10
3085 4871 10 4.217369480035789e-13
3085 4872 14 8.267797621312332e-20
3085 4874 10 4.217369480035789e-13
3085 4875 8 5.430917221238521e-10
3085 4878 12 2.2065690234987544e-16
3085 4883 10 4.217369480035789e-13
3085 4884 8 5.430917221238521e-10
3085 4886 8 5.430917221238521e-10
3085 4887 11 1.0091258427825604e-14
3085 4888 8 5.430917221238521e-10
3085 4889 8 5.430917221238521e-10
3085 4890 12 2.2065690234987544e-16
3085 4891 11 1.0091258427825604e-14
3085 4892 10 4.217369480035789e-13
3085 4893 8 5.430917221238521e-10
3085 4899 9 1.5975344236228614e-11
3085 4900 9 1.5975344236228614e-11
3085 4901 10 4.217369480035789e-13
3085 4908 9 1.5975344236228614e-11
3085 4909 10 4.217369480035789e-13
3085 4913 11 1.0091258427825604e-14
3085 4919 12 2.2065690234987544e-16
3085 4924 8 5.430917221238521e-10
3085 4930 8 5.430917221238521e-10
3085 4931 8 5.430917221238521e-10
3085 4934 8 5.430917221238521e-10
3085 4948 9 1.5975344236228614e-11
3085 4953 8 5.430917221238521e-10
3085 4954 10 4.217369480035789e-13
3085 4955 8 5.430917221238521e-10
3085 4964 9 1.5975344236228614e-11
3085 4977 15 1.4323179727903016e-21
3085 4978 16 2.3185387494891145e-23
3085 4979 14 8.267797621312332e-20
3085 4980 18 5.031369241107522e-27
3085 4981 20 8.672687068645047e-31
3085 4984 10 4.217369480035789e-13
3085 4985 10 4.217369480035789e-13
3085 4986 11 1.0091258427825604e-14
3085 4987 14 8.267797621312332e-20
3085 4988 9 1.5975344236228614e-11
3085 4989 10 4.217369480035789e-13
3085 4990 10 4.217369480035789e-13
3085 4991 17 3.5204582215062808e-25
3085 4994 8 5.430917221238521e-10
3085 4996 11 1.0091258427825604e-14
3085 4999 13 4.439653166030329e-18
3085 5000 10 4.217369480035789e-13
3085 5002 9 1.5975344236228614e-11
3085 5003 10 4.217369480035789e-13
3085 5005 10 4.217369480035789e-13
3085 5006 8 5.430917221238521e-10
3085 5007 13 4.439653166030329e-18
3085 5008 10 4.217369480035789e-13
3085 5009 8 5.430917221238521e-10
3085 5010 11 1.0091258427825604e-14
3085 5012 8 5.430917221238521e-10
3085 5013 12 2.2065690234987544e-16
3085 5033 8 5.430917221238521e-10
3085 5034 13 4.439653166030329e-18
3085 5035 12 2.2065690234987544e-16
3085 5045 8 5.430917221238521e-10
3085 5106 8 5.430917221238521e-10
3087 4517 9 1.5975344236228614e-11
3087 4991 9 1.5975344236228614e-11
3088 4223 8 5.430917221238521e-10
3088 4516 9 1.5975344236228614e-11
3088 4728 8 5.430917221238521e-10
3089 4334 27 1.248279708852179e-44
3089 4516 8 5.430917221238521e-10
3089 4517 8 5.430917221238521e-10
3089 4519 8 5.430917221238521e-10
3089 4530 8 5.430917221238521e-10
3090 4517 8 5.430917221238521e-10
3090 4853 8 5.430917221238521e-10
3090 4854 8 5.430917221238521e-10
3091 4516 9 1.5975344236228614e-11
3092 4516 9 1.5975344236228614e-11
3112 3620 8 5.430917221238521e-10
3119 4304 9 1.5975344236228614e-11
3119 4305 9 1.5975344236228614e-11
3119 4515 9 1.5975344236228614e-11
3122 4575 10 4.217369480035789e-13
3138 4336 23 1.3330504657914901e-36
3144 4116 30 7.766912349171082e-51
3144 4892 40 1.7138307311632641e-72
3144 4893 9 1.5975344236228614e-11
3155 4403 20 8.672687068645047e-31
3157 3463 10 4.217369480035789e-13
3163 3711 9 1.5975344236228614e-11
3166 3941 15 1.4323179727903016e-21
3181 5112 11 1.0091258427825604e-14
3183 3678 9 1.5975344236228614e-11
3187 4337 8 5.430917221238521e-10
3188 4992 9 1.5975344236228614e-11
3204 3708 19 6.789006993435901e-29
3217 4214 8 5.430917221238521e-10
3217 4219 8 5.430917221238521e-10
3217 4853 8 5.430917221238521e-10
3218 4517 8 5.430917221238521e-10
3218 4526 8 5.430917221238521e-10
3221 3334 9 1.5975344236228614e-11
3232 4931 9 1.5975344236228614e-11
3233 4851 9 1.5975344236228614e-11
3234 4112 8 5.430917221238521e-10
3234 4113 45 8.36335776519173e-84
3234 4180 15 1.4323179727903016e-21
3234 4731 8 5.430917221238521e-10
3235 4517 8 5.430917221238521e-10
3235 4526 10 4.217369480035789e-13
3235 4529 8 5.430917221238521e-10
3235 4729 9 1.5975344236228614e-11
3235 4731 8 5.430917221238521e-10
3235 4931 8 5.430917221238521e-10
3239 4224 8 5.430917221238521e-10
3246 3623 12 2.2065690234987544e-16
3246 3678 21 1.0514921083730157e-32
3246 4132 21 1.0514921083730157e-32
3256 4730 8 5.430917221238521e-10
3267 4009 13 4.439653166030329e-18
3267 5098 27 1.248279708852179e-44
3270 4647 8 5.430917221238521e-10
3271 3593 14 8.267797621312332e-20
3271 4855 11 1.0091258427825604e-14
3273 4259 8 5.430917221238521e-10
3273 4260 9 1.5975344236228614e-11
3273 4517 9 1.5975344236228614e-11
3273 4524 8 5.430917221238521e-10
3273 4525 8 5.430917221238521e-10
3274 4258 8 5.430917221238521e-10
3274 4262 8 5.430917221238521e-10
3274 4518 9 1.5975344236228614e-11
3274 4519 9 1.5975344236228614e-11
3274 4525 10 4.217369480035789e-13
3275 4259 8 5.430917221238521e-10
3275 4260 8 5.430917221238521e-10
3275 4854 9 1.5975344236228614e-11
3282 4334 8 5.430917221238521e-10
3282 4523 8 5.430917221238521e-10
3282 4932 8 5.430917221238521e-10
3283 4213 8 5.430917221238521e-10
3283 4932 9 1.5975344236228614e-11
3284 3548 8 5.430917221238521e-10
3284 4220 8 5.430917221238521e-10
3284 4259 9 1.5975344236228614e-11
3287 3466 10 4.217369480035789e-13
3288 3466 8 5.430917221238521e-10
3297 4231 13 4.439653166030329e-18
3297 4540 10 4.217369480035789e-13
3297 4547 116 0.0
3297 4627 8 5.430917221238521e-10
3308 4913 40 1.7138307311632641e-72
3311 4219 8 5.430917221238521e-10
3312 4259 9 1.5975344236228614e-11
3313 4259 9 1.5975344236228614e-11
3313 4261 8 5.430917221238521e-10
3313 4561 8 5.430917221238521e-10
3314 4259 11 1.0091258427825604e-14
3314 4260 10 4.217369480035789e-13
3314 4520 8 5.430917221238521e-10
3314 4537 9 1.5975344236228614e-11
3315 4538 9 1.5975344236228614e-11
3316 4229 9 1.5975344236228614e-11
3317 3548 8 5.430917221238521e-10
3317 4519 10 4.217369480035789e-13
3318 3548 8 5.430917221238521e-10
3318 4521 10 4.217369480035789e-13
3318 4522 9 1.5975344236228614e-11
3318 4523 10 4.217369480035789e-13
3319 3548 10 4.217369480035789e-13
3319 3549 10 4.217369480035789e-13
3319 4259 9 1.5975344236228614e-11
3319 4520 8 5.430917221238521e-10
3319 4521 12 2.2065690234987544e-16
3319 4525 9 1.5975344236228614e-11
3319 4853 8 5.430917221238521e-10
3320 3548 10 4.217369480035789e-13
3320 4214 8 5.430917221238521e-10
3320 4519 8 5.430917221238521e-10
3320 4522 10 4.217369480035789e-13
3321 4224 8 5.430917221238521e-10
3321 4561 8 5.430917221238521e-10
3323 3420 8 5.430917221238521e-10
3323 4964 19 6.789006993435901e-29
3323 4965 21 1.0514921083730157e-32
3331 4302 9 1.5975344236228614e-11
3341 4569 24 1.3993894690213858e-38
3347 5262 10 4.217369480035789e-13
3357 4224 11 1.0091258427825604e-14
3382 3721 18 5.031369241107522e-27
3404 5134 16 2.3185387494891145e-23
3419 5182 19 6.789006993435901e-29
3420 4753 18 5.031369241107522e-27
3437 3777 8 5.430917221238521e-10
3446 5170 10 4.217369480035789e-13
3545 3779 35 1.720609146395015e-61
3548 4935 8 5.430917221238521e-10
3549 5260 14 8.267797621312332e-20
3555 4238 14 8.267797621312332e-20
3559 4094 10 4.217369480035789e-13
3575 4547 9 1.5975344236228614e-11
3602 3885 12 2.2065690234987544e-16
3636 4353 13 4.439653166030329e-18
3648 4676 10 4.217369480035789e-13
3648 4677 12 2.2065690234987544e-16
3657 4523 9 1.5975344236228614e-11
3677 4729 8 5.430917221238521e-10
3679 4560 9 1.5975344236228614e-11
3685 4260 287 0.0
3703 4999 19 6.789006993435901e-29
3720 4679 12 2.2065690234987544e-16
3766 4387 21 1.0514921083730157e-32
3767 4315 9 1.5975344236228614e-11
3772 4509 10 4.217369480035789e-13
3786 3947 8 5.430917221238521e-10
3849 4260 8 5.430917221238521e-10
3853 4306 8 5.430917221238521e-10
3853 4526 8 5.430917221238521e-10
3853 4849 8 5.430917221238521e-10
3856 5109 8 5.430917221238521e-10
3865 4525 8 5.430917221238521e-10
3908 4819 9 1.5975344236228614e-11
3919 4439 10 4.217369480035789e-13
3920 4852 8 5.430917221238521e-10
3923 4524 9 1.5975344236228614e-11
3923 4525 8 5.430917221238521e-10
3937 5111 8 5.430917221238521e-10
3943 4331 17 3.5204582215062808e-25
3980 4190 12 2.2065690234987544e-16
3990 4935 8 5.430917221238521e-10
4032 5251 10 4.217369480035789e-13
4037 4950 8 5.430917221238521e-10
4070 4837 12 2.2065690234987544e-16
4099 4621 12 2.2065690234987544e-16
4130 5146 11 1.0091258427825604e-14
4134 4519 19 6.789006993435901e-29
4171 4732 12 2.2065690234987544e-16
4214 4523 9 1.5975344236228614e-11
4214 4524 10 4.217369480035789e-13
4214 4525 9 1.5975344236228614e-11
4214 4854 8 5.430917221238521e-10
4214 4935 8 5.430917221238521e-10
4217 4850 8 5.430917221238521e-10
4219 4304 8 5.430917221238521e-10
4219 4305 8 5.430917221238521e-10
4219 4525 10 4.217369480035789e-13
4219 4855 8 5.430917221238521e-10
4220 4523 8 5.430917221238521e-10
4220 4525 10 4.217369480035789e-13
4220 4526 12 2.2065690234987544e-16
4220 4729 12 2.2065690234987544e-16
4220 4730 8 5.430917221238521e-10
4220 4853 8 5.430917221238521e-10
4220 4855 9 1.5975344236228614e-11
4221 4306 8 5.430917221238521e-10
4221 4520 8 5.430917221238521e-10
4221 4521 11 1.0091258427825604e-14
4221 4524 8 5.430917221238521e-10
4221 4525 10 4.217369480035789e-13
4221 4526 10 4.217369480035789e-13
4221 4852 8 5.430917221238521e-10
4221 4853 11 1.0091258427825604e-14
4221 4854 10 4.217369480035789e-13
4222 4524 8 5.430917221238521e-10
4223 4520 8 5.430917221238521e-10
4223 4524 8 5.430917221238521e-10
4223 4525 8 5.430917221238521e-10
4223 4526 8 5.430917221238521e-10
4223 4528 8 5.430917221238521e-10
4223 4854 8 5.430917221238521e-10
4223 4935 8 5.430917221238521e-10
4224 4521 8 5.430917221238521e-10
4224 4523 12 2.2065690234987544e-16
4224 4524 13 4.439653166030329e-18
4224 4525 11 1.0091258427825604e-14
4224 4527 8 5.430917221238521e-10
4224 4629 11 1.0091258427825604e-14
4224 4852 9 1.5975344236228614e-11
4224 4935 8 5.430917221238521e-10
4225 4523 8 5.430917221238521e-10
4225 4629 9 1.5975344236228614e-11
4228 4519 8 5.430917221238521e-10
4231 4547 15 1.4323179727903016e-21
4253 4748 8 5.430917221238521e-10
4258 4520 8 5.430917221238521e-10
4258 4536 8 5.430917221238521e-10
4258 4559 8 5.430917221238521e-10
4259 4518 8 5.430917221238521e-10
4259 4519 10 4.217369480035789e-13
4259 4524 8 5.430917221238521e-10
4260 4277 20 8.672687068645047e-31
4260 4278 12 2.2065690234987544e-16
4260 4279 10 4.217369480035789e-13
4260 4281 8 5.430917221238521e-10
4260 4284 9 1.5975344236228614e-11
4260 4304 11 1.0091258427825604e-14
4260 4519 8 5.430917221238521e-10
4260 4523 8 5.430917221238521e-10
4260 4665 18 5.031369241107522e-27
4260 4731 10 4.217369480035789e-13
4261 4525 9 1.5975344236228614e-11
4261 4936 13 4.439653166030329e-18
4262 4537 8 5.430917221238521e-10
4263 4525 8 5.430917221238521e-10
4265 4852 8 5.430917221238521e-10
4276 4848 8 5.430917221238521e-10
4278 4516 8 5.430917221238521e-10
4291 4547 12 2.2065690234987544e-16
4299 4714 11 1.0091258427825604e-14
4304 4557 9 1.5975344236228614e-11
4310 4525 9 1.5975344236228614e-11
4314 4561 14 8.267797621312332e-20
4332 4729 8 5.430917221238521e-10
4335 4525 10 4.217369480035789e-13
4335 4529 8 5.430917221238521e-10
4370 4928 8 5.430917221238521e-10
4384 4476 10 4.217369480035789e-13
4384 5009 8 5.430917221238521e-10
4390 4887 8 5.430917221238521e-10
4444 5172 8 5.430917221238521e-10
4490 4961 13 4.439653166030329e-18
4516 4851 8 5.430917221238521e-10
4516 4853 9 1.5975344236228614e-11
4516 4857 10 4.217369480035789e-13
4517 4851 8 5.430917221238521e-10
4517 4853 8 5.430917221238521e-10
4517 4931 8 5.430917221238521e-10
4517 4932 8 5.430917221238521e-10
4518 4851 9 1.5975344236228614e-11
4518 4932 8 5.430917221238521e-10
4519 4851 10 4.217369480035789e-13
4520 4852 11 1.0091258427825604e-14
4521 4854 8 5.430917221238521e-10
4524 4856 8 5.430917221238521e-10
4524 4932 8 5.430917221238521e-10
4525 4855 8 5.430917221238521e-10
4535 4911 14 8.267797621312332e-20
4537 4932 9 1.5975344236228614e-11
4538 4854 8 5.430917221238521e-10
4538 4855 8 5.430917221238521e-10
4538 4932 10 4.217369480035789e-13
4547 4665 11 1.0091258427825604e-14
4547 4806 24 1.3993894690213858e-38
4560 4931 9 1.5975344236228614e-11
4561 4932 8 5.430917221238521e-10
4649 4698 9 1.5975344236228614e-11
4658 4965 16 2.3185387494891145e-23
4918 5219 11 1.0091258427825604e-14
4919 5219 16 2.3185387494891145e-23
4935 4985 8 5.430917221238521e-10
