bin1 bin2 count p_value
6 3082 27 1.1102230246251565e-16
6 4506 8 5.677809333803907e-10
7 3082 24 1.1102230246251565e-16
8 3082 33 1.1102230246251565e-16
9 3082 35 1.1102230246251565e-16
9 4996 13 1.1102230246251565e-16
10 3082 24 1.1102230246251565e-16
11 3082 24 1.1102230246251565e-16
12 3082 26 1.1102230246251565e-16
13 3082 19 1.1102230246251565e-16
14 3082 33 1.1102230246251565e-16
15 3082 14 1.1102230246251565e-16
16 3082 13 1.1102230246251565e-16
17 3082 14 1.1102230246251565e-16
18 3082 17 1.1102230246251565e-16
19 3082 36 1.1102230246251565e-16
19 3234 8 5.677809333803907e-10
20 3082 29 1.1102230246251565e-16
21 3082 19 1.1102230246251565e-16
22 3082 23 1.1102230246251565e-16
23 3082 17 1.1102230246251565e-16
24 3082 16 1.1102230246251565e-16
25 3082 14 1.1102230246251565e-16
26 3082 24 1.1102230246251565e-16
27 3082 18 1.1102230246251565e-16
28 3082 12 2.220446049250313e-16
29 3082 9 1.679723027336877e-11
30 3082 8 5.677809333803907e-10
31 3082 16 1.1102230246251565e-16
32 3082 16 1.1102230246251565e-16
33 1712 14 1.1102230246251565e-16
33 3082 17 1.1102230246251565e-16
34 2951 8 5.677809333803907e-10
34 3082 19 1.1102230246251565e-16
35 2951 20 1.1102230246251565e-16
35 3082 14 1.1102230246251565e-16
36 3082 15 1.1102230246251565e-16
37 3082 15 1.1102230246251565e-16
38 3082 12 2.220446049250313e-16
39 3082 15 1.1102230246251565e-16
40 3082 14 1.1102230246251565e-16
41 3082 14 1.1102230246251565e-16
42 3082 17 1.1102230246251565e-16
43 2375 11 1.0769163338864018e-14
43 3082 10 4.459765889919254e-13
44 3082 11 1.0769163338864018e-14
45 3082 9 1.679723027336877e-11
46 3082 16 1.1102230246251565e-16
47 3082 13 1.1102230246251565e-16
48 3082 18 1.1102230246251565e-16
49 3082 8 5.677809333803907e-10
50 3082 9 1.679723027336877e-11
51 3082 14 1.1102230246251565e-16
54 3082 9 1.679723027336877e-11
55 3082 12 2.220446049250313e-16
57 3082 10 4.459765889919254e-13
59 3082 16 1.1102230246251565e-16
60 3082 11 1.0769163338864018e-14
61 3082 17 1.1102230246251565e-16
64 3082 10 4.459765889919254e-13
65 3082 8 5.677809333803907e-10
66 3082 11 1.0769163338864018e-14
67 3082 23 1.1102230246251565e-16
68 3082 24 1.1102230246251565e-16
69 3082 13 1.1102230246251565e-16
70 3082 10 4.459765889919254e-13
71 3082 10 4.459765889919254e-13
72 3082 13 1.1102230246251565e-16
72 3084 10 4.459765889919254e-13
72 4520 9 1.679723027336877e-11
73 3082 14 1.1102230246251565e-16
73 4519 8 5.677809333803907e-10
74 3082 17 1.1102230246251565e-16
75 3082 18 1.1102230246251565e-16
76 3082 12 2.220446049250313e-16
77 3082 10 4.459765889919254e-13
78 3082 12 2.220446049250313e-16
79 3082 9 1.679723027336877e-11
82 3082 8 5.677809333803907e-10
84 3082 10 4.459765889919254e-13
85 3082 10 4.459765889919254e-13
86 3082 11 1.0769163338864018e-14
87 3082 9 1.679723027336877e-11
88 3082 11 1.0769163338864018e-14
89 3082 13 1.1102230246251565e-16
90 3082 8 5.677809333803907e-10
97 3082 9 1.679723027336877e-11
97 3138 8 5.677809333803907e-10
100 3082 10 4.459765889919254e-13
103 3082 13 1.1102230246251565e-16
104 3082 9 1.679723027336877e-11
107 1906 13 1.1102230246251565e-16
110 3082 8 5.677809333803907e-10
111 4916 32 1.1102230246251565e-16
113 3880 12 2.220446049250313e-16
114 3082 8 5.677809333803907e-10
117 930 9 1.679723027336877e-11
118 3082 9 1.679723027336877e-11
124 4925 13 1.1102230246251565e-16
126 2521 8 5.677809333803907e-10
129 724 9 1.679723027336877e-11
130 2546 9 1.679723027336877e-11
130 3832 9 1.679723027336877e-11
132 2703 22 1.1102230246251565e-16
148 3877 8 5.677809333803907e-10
149 4522 8 5.677809333803907e-10
167 585 24 1.1102230246251565e-16
167 586 8 5.677809333803907e-10
176 2519 8 5.677809333803907e-10
178 3082 8 5.677809333803907e-10
179 871 17 1.1102230246251565e-16
180 401 38 1.1102230246251565e-16
180 402 21 1.1102230246251565e-16
180 403 16 1.1102230246251565e-16
180 404 9 1.679723027336877e-11
180 419 9 1.679723027336877e-11
180 420 9 1.679723027336877e-11
180 424 9 1.679723027336877e-11
180 430 8 5.677809333803907e-10
180 433 8 5.677809333803907e-10
180 435 8 5.677809333803907e-10
180 1085 14 1.1102230246251565e-16
180 1086 14 1.1102230246251565e-16
180 1088 11 1.0769163338864018e-14
180 1092 9 1.679723027336877e-11
180 1095 10 4.459765889919254e-13
180 3082 65 1.1102230246251565e-16
183 3082 8 5.677809333803907e-10
186 1127 12 2.220446049250313e-16
195 1599 10 4.459765889919254e-13
196 2255 11 1.0769163338864018e-14
197 2753 10 4.459765889919254e-13
207 1493 11 1.0769163338864018e-14
210 703 10 4.459765889919254e-13
214 2714 14 1.1102230246251565e-16
221 2137 10 4.459765889919254e-13
222 1928 29 1.1102230246251565e-16
233 4289 13 1.1102230246251565e-16
258 4137 11 1.0769163338864018e-14
260 1213 15 1.1102230246251565e-16
267 710 8 5.677809333803907e-10
267 2521 8 5.677809333803907e-10
267 3483 8 5.677809333803907e-10
268 1360 9 1.679723027336877e-11
268 1361 9 1.679723027336877e-11
268 2782 11 1.0769163338864018e-14
269 3312 8 5.677809333803907e-10
270 705 8 5.677809333803907e-10
270 1601 12 2.220446049250313e-16
270 2810 8 5.677809333803907e-10
270 3069 21 1.1102230246251565e-16
270 4255 9 1.679723027336877e-11
271 731 9 1.679723027336877e-11
271 1346 8 5.677809333803907e-10
271 3226 9 1.679723027336877e-11
272 937 8 5.677809333803907e-10
272 3270 9 1.679723027336877e-11
273 2397 41 1.1102230246251565e-16
274 2052 8 5.677809333803907e-10
274 2552 8 5.677809333803907e-10
274 3230 8 5.677809333803907e-10
276 1946 15 1.1102230246251565e-16
277 660 9 1.679723027336877e-11
277 3559 12 2.220446049250313e-16
277 3560 20 1.1102230246251565e-16
295 912 14 1.1102230246251565e-16
298 1159 12 2.220446049250313e-16
304 3909 8 5.677809333803907e-10
304 3910 20 1.1102230246251565e-16
308 2610 10 4.459765889919254e-13
309 2610 18 1.1102230246251565e-16
310 4514 9 1.679723027336877e-11
318 1973 12 2.220446049250313e-16
318 3216 16 1.1102230246251565e-16
323 5040 13 1.1102230246251565e-16
326 1419 11 1.0769163338864018e-14
328 3138 9 1.679723027336877e-11
337 1126 14 1.1102230246251565e-16
343 4112 15 1.1102230246251565e-16
347 3069 11 1.0769163338864018e-14
347 4337 15 1.1102230246251565e-16
363 708 8 5.677809333803907e-10
363 1690 8 5.677809333803907e-10
365 730 10 4.459765889919254e-13
365 1064 10 4.459765889919254e-13
365 2940 9 1.679723027336877e-11
365 3288 9 1.679723027336877e-11
366 2940 8 5.677809333803907e-10
368 708 8 5.677809333803907e-10
387 3290 8 5.677809333803907e-10
401 3082 44 1.1102230246251565e-16
401 4609 13 1.1102230246251565e-16
402 3082 16 1.1102230246251565e-16
403 3082 36 1.1102230246251565e-16
404 3082 36 1.1102230246251565e-16
405 3082 18 1.1102230246251565e-16
406 2495 16 1.1102230246251565e-16
406 3082 31 1.1102230246251565e-16
406 4880 8 5.677809333803907e-10
407 3082 16 1.1102230246251565e-16
408 3082 13 1.1102230246251565e-16
409 3082 12 2.220446049250313e-16
410 3082 11 1.0769163338864018e-14
411 3082 16 1.1102230246251565e-16
412 3082 11 1.0769163338864018e-14
413 3082 16 1.1102230246251565e-16
413 4404 9 1.679723027336877e-11
414 3082 25 1.1102230246251565e-16
415 3082 15 1.1102230246251565e-16
416 3082 24 1.1102230246251565e-16
417 3082 21 1.1102230246251565e-16
417 3640 10 4.459765889919254e-13
418 3082 22 1.1102230246251565e-16
419 3082 19 1.1102230246251565e-16
420 3082 17 1.1102230246251565e-16
421 3082 18 1.1102230246251565e-16
422 2607 8 5.677809333803907e-10
422 3082 25 1.1102230246251565e-16
423 3082 16 1.1102230246251565e-16
424 3082 15 1.1102230246251565e-16
425 1745 11 1.0769163338864018e-14
425 3082 10 4.459765889919254e-13
427 3082 8 5.677809333803907e-10
428 3082 15 1.1102230246251565e-16
429 3082 13 1.1102230246251565e-16
430 3055 16 1.1102230246251565e-16
430 3082 24 1.1102230246251565e-16
431 3082 19 1.1102230246251565e-16
432 3082 17 1.1102230246251565e-16
433 3082 19 1.1102230246251565e-16
434 3082 15 1.1102230246251565e-16
435 3082 19 1.1102230246251565e-16
436 3082 17 1.1102230246251565e-16
437 3082 13 1.1102230246251565e-16
438 3082 12 2.220446049250313e-16
440 3082 21 1.1102230246251565e-16
441 3082 12 2.220446049250313e-16
442 3082 13 1.1102230246251565e-16
443 3082 22 1.1102230246251565e-16
444 3082 20 1.1102230246251565e-16
445 3082 11 1.0769163338864018e-14
445 4508 10 4.459765889919254e-13
445 4839 8 5.677809333803907e-10
446 4212 10 4.459765889919254e-13
447 2053 8 5.677809333803907e-10
447 3673 8 5.677809333803907e-10
447 4842 8 5.677809333803907e-10
448 4518 8 5.677809333803907e-10
448 4842 8 5.677809333803907e-10
449 3674 8 5.677809333803907e-10
451 3916 9 1.679723027336877e-11
451 4840 10 4.459765889919254e-13
452 3082 8 5.677809333803907e-10
452 3085 8 5.677809333803907e-10
454 1337 8 5.677809333803907e-10
454 1621 10 4.459765889919254e-13
454 1635 10 4.459765889919254e-13
454 1637 8 5.677809333803907e-10
454 2266 8 5.677809333803907e-10
454 2608 8 5.677809333803907e-10
454 3082 11 1.0769163338864018e-14
454 3271 9 1.679723027336877e-11
454 3311 8 5.677809333803907e-10
454 4253 8 5.677809333803907e-10
454 4296 9 1.679723027336877e-11
454 4508 8 5.677809333803907e-10
454 4514 9 1.679723027336877e-11
454 4522 8 5.677809333803907e-10
454 4840 9 1.679723027336877e-11
454 4842 8 5.677809333803907e-10
455 1343 11 1.0769163338864018e-14
455 1344 9 1.679723027336877e-11
455 1618 9 1.679723027336877e-11
455 1621 8 5.677809333803907e-10
455 1622 8 5.677809333803907e-10
455 1635 15 1.1102230246251565e-16
455 2477 9 1.679723027336877e-11
455 3232 8 5.677809333803907e-10
455 3273 8 5.677809333803907e-10
455 4218 8 5.677809333803907e-10
455 4252 8 5.677809333803907e-10
455 4508 8 5.677809333803907e-10
455 4523 8 5.677809333803907e-10
455 4839 11 1.0769163338864018e-14
455 4840 9 1.679723027336877e-11
455 4843 8 5.677809333803907e-10
455 4925 8 5.677809333803907e-10
456 1337 11 1.0769163338864018e-14
456 1342 9 1.679723027336877e-11
456 1343 9 1.679723027336877e-11
456 1347 9 1.679723027336877e-11
456 1618 8 5.677809333803907e-10
456 1621 8 5.677809333803907e-10
456 1622 8 5.677809333803907e-10
456 1638 8 5.677809333803907e-10
456 2694 8 5.677809333803907e-10
456 3226 9 1.679723027336877e-11
456 3231 8 5.677809333803907e-10
456 3276 8 5.677809333803907e-10
456 3316 10 4.459765889919254e-13
456 3673 9 1.679723027336877e-11
456 4208 8 5.677809333803907e-10
456 4212 16 1.1102230246251565e-16
456 4213 8 5.677809333803907e-10
456 4217 8 5.677809333803907e-10
456 4254 10 4.459765889919254e-13
456 4255 8 5.677809333803907e-10
456 4516 12 2.220446049250313e-16
456 4839 9 1.679723027336877e-11
456 4840 10 4.459765889919254e-13
456 4843 8 5.677809333803907e-10
456 4846 8 5.677809333803907e-10
456 4920 8 5.677809333803907e-10
456 4922 8 5.677809333803907e-10
457 1375 8 5.677809333803907e-10
457 1637 9 1.679723027336877e-11
457 2055 8 5.677809333803907e-10
457 2686 8 5.677809333803907e-10
457 2691 8 5.677809333803907e-10
457 3316 8 5.677809333803907e-10
457 4254 9 1.679723027336877e-11
457 4512 8 5.677809333803907e-10
457 4515 9 1.679723027336877e-11
457 4516 10 4.459765889919254e-13
457 4844 8 5.677809333803907e-10
458 1638 8 5.677809333803907e-10
458 2695 8 5.677809333803907e-10
458 3226 8 5.677809333803907e-10
458 3229 8 5.677809333803907e-10
458 3672 9 1.679723027336877e-11
458 4212 9 1.679723027336877e-11
458 4255 8 5.677809333803907e-10
458 4508 8 5.677809333803907e-10
458 4511 8 5.677809333803907e-10
458 4840 8 5.677809333803907e-10
458 4921 8 5.677809333803907e-10
459 938 8 5.677809333803907e-10
459 1942 11 1.0769163338864018e-14
459 2554 8 5.677809333803907e-10
459 2937 8 5.677809333803907e-10
459 2938 8 5.677809333803907e-10
459 3082 8 5.677809333803907e-10
459 3544 12 2.220446049250313e-16
459 4212 8 5.677809333803907e-10
459 4252 8 5.677809333803907e-10
459 4254 10 4.459765889919254e-13
459 4513 8 5.677809333803907e-10
459 4517 10 4.459765889919254e-13
459 4839 8 5.677809333803907e-10
459 4840 10 4.459765889919254e-13
459 4841 9 1.679723027336877e-11
459 4846 9 1.679723027336877e-11
460 1343 8 5.677809333803907e-10
460 1345 8 5.677809333803907e-10
460 1619 8 5.677809333803907e-10
460 3231 8 5.677809333803907e-10
460 4254 11 1.0769163338864018e-14
460 4255 8 5.677809333803907e-10
460 4508 8 5.677809333803907e-10
460 4514 10 4.459765889919254e-13
460 4840 9 1.679723027336877e-11
460 4841 8 5.677809333803907e-10
460 4843 8 5.677809333803907e-10
460 4844 9 1.679723027336877e-11
462 4520 8 5.677809333803907e-10
463 3082 8 5.677809333803907e-10
464 3082 10 4.459765889919254e-13
465 3082 8 5.677809333803907e-10
466 3082 10 4.459765889919254e-13
469 3082 12 2.220446049250313e-16
470 3082 15 1.1102230246251565e-16
472 3082 9 1.679723027336877e-11
474 3082 11 1.0769163338864018e-14
477 4707 8 5.677809333803907e-10
483 1887 19 1.1102230246251565e-16
483 3082 8 5.677809333803907e-10
486 3082 8 5.677809333803907e-10
487 4017 25 1.1102230246251565e-16
491 4194 8 5.677809333803907e-10
492 2859 12 2.220446049250313e-16
492 3082 9 1.679723027336877e-11
498 3082 8 5.677809333803907e-10
500 3082 11 1.0769163338864018e-14
508 2717 38 1.1102230246251565e-16
508 3797 9 1.679723027336877e-11
521 1120 9 1.679723027336877e-11
521 1121 19 1.1102230246251565e-16
532 4527 9 1.679723027336877e-11
534 1666 42 1.1102230246251565e-16
542 1290 36 1.1102230246251565e-16
542 1291 9 1.679723027336877e-11
548 4171 8 5.677809333803907e-10
561 2159 11 1.0769163338864018e-14
563 2127 16 1.1102230246251565e-16
563 2128 8 5.677809333803907e-10
578 3837 11 1.0769163338864018e-14
592 3082 10 4.459765889919254e-13
593 5141 23 1.1102230246251565e-16
594 2962 15 1.1102230246251565e-16
622 920 21 1.1102230246251565e-16
623 5163 8 5.677809333803907e-10
632 4844 11 1.0769163338864018e-14
634 3069 8 5.677809333803907e-10
634 3271 8 5.677809333803907e-10
634 3281 8 5.677809333803907e-10
634 3493 8 5.677809333803907e-10
635 2554 8 5.677809333803907e-10
637 3766 8 5.677809333803907e-10
638 2326 30 1.1102230246251565e-16
638 3307 9 1.679723027336877e-11
651 1269 24 1.1102230246251565e-16
655 2100 10 4.459765889919254e-13
656 3303 9 1.679723027336877e-11
657 3999 22 1.1102230246251565e-16
662 2184 10 4.459765889919254e-13
667 1478 22 1.1102230246251565e-16
674 4011 25 1.1102230246251565e-16
678 2634 9 1.679723027336877e-11
683 957 19 1.1102230246251565e-16
687 4635 12 2.220446049250313e-16
688 1101 9 1.679723027336877e-11
701 1362 8 5.677809333803907e-10
702 3907 25 1.1102230246251565e-16
703 934 8 5.677809333803907e-10
703 1628 8 5.677809333803907e-10
704 1282 15 1.1102230246251565e-16
704 1350 8 5.677809333803907e-10
704 1381 8 5.677809333803907e-10
704 2560 35 1.1102230246251565e-16
704 2561 16 1.1102230246251565e-16
705 1376 9 1.679723027336877e-11
705 1378 10 4.459765889919254e-13
705 1379 8 5.677809333803907e-10
705 2212 9 1.679723027336877e-11
705 3311 8 5.677809333803907e-10
706 1356 9 1.679723027336877e-11
706 1358 9 1.679723027336877e-11
706 1376 9 1.679723027336877e-11
706 1978 8 5.677809333803907e-10
706 2265 8 5.677809333803907e-10
706 2266 8 5.677809333803907e-10
706 3281 9 1.679723027336877e-11
706 3307 8 5.677809333803907e-10
706 3314 8 5.677809333803907e-10
706 3316 8 5.677809333803907e-10
707 1356 8 5.677809333803907e-10
707 1359 8 5.677809333803907e-10
707 1376 8 5.677809333803907e-10
708 1360 9 1.679723027336877e-11
709 2991 17 1.1102230246251565e-16
710 2991 16 1.1102230246251565e-16
720 1203 21 1.1102230246251565e-16
724 1360 8 5.677809333803907e-10
724 1670 8 5.677809333803907e-10
724 1959 9 1.679723027336877e-11
724 2293 8 5.677809333803907e-10
724 3316 8 5.677809333803907e-10
725 1355 8 5.677809333803907e-10
725 1358 8 5.677809333803907e-10
725 3269 8 5.677809333803907e-10
726 1357 9 1.679723027336877e-11
726 1358 8 5.677809333803907e-10
726 1360 11 1.0769163338864018e-14
726 1361 10 4.459765889919254e-13
726 1378 9 1.679723027336877e-11
726 1620 8 5.677809333803907e-10
726 1621 10 4.459765889919254e-13
726 2975 10 4.459765889919254e-13
726 2977 9 1.679723027336877e-11
726 3070 8 5.677809333803907e-10
726 3269 10 4.459765889919254e-13
727 1360 9 1.679723027336877e-11
727 3307 9 1.679723027336877e-11
728 935 9 1.679723027336877e-11
728 1342 8 5.677809333803907e-10
728 1346 8 5.677809333803907e-10
728 1351 9 1.679723027336877e-11
728 1359 14 1.1102230246251565e-16
728 1375 8 5.677809333803907e-10
728 1619 9 1.679723027336877e-11
728 1637 8 5.677809333803907e-10
728 2520 8 5.677809333803907e-10
728 2975 9 1.679723027336877e-11
728 2977 8 5.677809333803907e-10
728 3278 8 5.677809333803907e-10
728 3309 8 5.677809333803907e-10
728 4922 8 5.677809333803907e-10
729 1350 9 1.679723027336877e-11
729 1354 8 5.677809333803907e-10
729 1358 12 2.220446049250313e-16
729 1614 8 5.677809333803907e-10
729 1615 9 1.679723027336877e-11
729 1618 9 1.679723027336877e-11
729 1634 8 5.677809333803907e-10
729 1819 8 5.677809333803907e-10
729 2547 8 5.677809333803907e-10
729 2977 8 5.677809333803907e-10
729 3231 8 5.677809333803907e-10
729 3309 8 5.677809333803907e-10
729 3491 9 1.679723027336877e-11
730 1358 10 4.459765889919254e-13
730 2554 9 1.679723027336877e-11
731 1359 8 5.677809333803907e-10
732 2554 8 5.677809333803907e-10
733 1383 8 5.677809333803907e-10
741 1750 8 5.677809333803907e-10
754 3827 13 1.1102230246251565e-16
756 1621 8 5.677809333803907e-10
757 1389 11 1.0769163338864018e-14
757 1390 8 5.677809333803907e-10
757 1995 8 5.677809333803907e-10
757 3309 8 5.677809333803907e-10
757 3318 10 4.459765889919254e-13
758 775 14 1.1102230246251565e-16
758 3082 10 4.459765889919254e-13
758 3319 9 1.679723027336877e-11
758 4538 37 1.1102230246251565e-16
765 3082 27 1.1102230246251565e-16
766 3082 16 1.1102230246251565e-16
767 3082 10 4.459765889919254e-13
768 3082 19 1.1102230246251565e-16
769 3082 21 1.1102230246251565e-16
770 3082 17 1.1102230246251565e-16
771 3082 12 2.220446049250313e-16
772 3082 9 1.679723027336877e-11
773 3082 19 1.1102230246251565e-16
774 3082 18 1.1102230246251565e-16
775 3082 14 1.1102230246251565e-16
775 4538 14 1.1102230246251565e-16
776 3082 30 1.1102230246251565e-16
776 3084 8 5.677809333803907e-10
777 3082 30 1.1102230246251565e-16
778 3082 13 1.1102230246251565e-16
779 3082 14 1.1102230246251565e-16
780 3082 13 1.1102230246251565e-16
781 3082 18 1.1102230246251565e-16
783 3082 9 1.679723027336877e-11
784 3082 12 2.220446049250313e-16
785 3082 14 1.1102230246251565e-16
787 2958 8 5.677809333803907e-10
787 3082 12 2.220446049250313e-16
788 3082 12 2.220446049250313e-16
791 3082 9 1.679723027336877e-11
792 3082 11 1.0769163338864018e-14
794 3082 10 4.459765889919254e-13
795 3082 9 1.679723027336877e-11
796 3082 9 1.679723027336877e-11
797 1388 26 1.1102230246251565e-16
797 3082 11 1.0769163338864018e-14
798 3082 16 1.1102230246251565e-16
799 3082 10 4.459765889919254e-13
800 3082 8 5.677809333803907e-10
801 3082 11 1.0769163338864018e-14
802 3082 10 4.459765889919254e-13
803 3082 9 1.679723027336877e-11
804 3082 10 4.459765889919254e-13
805 3082 12 2.220446049250313e-16
806 3082 8 5.677809333803907e-10
806 5093 21 1.1102230246251565e-16
807 5093 8 5.677809333803907e-10
808 3082 8 5.677809333803907e-10
810 3082 11 1.0769163338864018e-14
812 3082 8 5.677809333803907e-10
813 1148 8 5.677809333803907e-10
813 3082 18 1.1102230246251565e-16
814 3082 10 4.459765889919254e-13
815 3082 14 1.1102230246251565e-16
819 3082 13 1.1102230246251565e-16
820 3082 15 1.1102230246251565e-16
823 1419 13 1.1102230246251565e-16
823 3082 15 1.1102230246251565e-16
824 3082 8 5.677809333803907e-10
826 3082 9 1.679723027336877e-11
826 3693 8 5.677809333803907e-10
828 3082 10 4.459765889919254e-13
829 3082 8 5.677809333803907e-10
830 3828 17 1.1102230246251565e-16
832 1404 10 4.459765889919254e-13
832 3082 8 5.677809333803907e-10
832 3770 17 1.1102230246251565e-16
833 3082 8 5.677809333803907e-10
836 2372 11 1.0769163338864018e-14
837 3219 9 1.679723027336877e-11
841 3082 10 4.459765889919254e-13
846 3082 8 5.677809333803907e-10
849 3999 9 1.679723027336877e-11
861 3082 12 2.220446049250313e-16
861 3869 12 2.220446049250313e-16
865 3082 11 1.0769163338864018e-14
867 3082 8 5.677809333803907e-10
875 3082 9 1.679723027336877e-11
908 1454 8 5.677809333803907e-10
908 1455 12 2.220446049250313e-16
911 3843 18 1.1102230246251565e-16
917 3711 9 1.679723027336877e-11
923 1848 9 1.679723027336877e-11
927 2026 21 1.1102230246251565e-16
931 4125 15 1.1102230246251565e-16
931 4165 9 1.679723027336877e-11
933 1714 10 4.459765889919254e-13
934 2412 8 5.677809333803907e-10
934 3082 10 4.459765889919254e-13
934 3309 8 5.677809333803907e-10
934 4518 8 5.677809333803907e-10
935 1344 11 1.0769163338864018e-14
935 1348 8 5.677809333803907e-10
935 1454 8 5.677809333803907e-10
935 2448 8 5.677809333803907e-10
935 2474 13 1.1102230246251565e-16
935 3268 9 1.679723027336877e-11
935 3269 12 2.220446049250313e-16
935 3270 8 5.677809333803907e-10
935 3271 9 1.679723027336877e-11
935 3273 9 1.679723027336877e-11
935 3280 10 4.459765889919254e-13
935 3281 10 4.459765889919254e-13
935 3307 12 2.220446049250313e-16
935 4252 9 1.679723027336877e-11
935 4527 8 5.677809333803907e-10
935 4554 9 1.679723027336877e-11
936 1639 8 5.677809333803907e-10
936 2264 9 1.679723027336877e-11
936 2782 9 1.679723027336877e-11
936 3267 8 5.677809333803907e-10
936 3269 13 1.1102230246251565e-16
936 3270 9 1.679723027336877e-11
936 3281 8 5.677809333803907e-10
936 3282 8 5.677809333803907e-10
936 3307 8 5.677809333803907e-10
936 3308 12 2.220446049250313e-16
937 1359 9 1.679723027336877e-11
937 2266 10 4.459765889919254e-13
937 2554 11 1.0769163338864018e-14
937 2782 10 4.459765889919254e-13
937 2783 10 4.459765889919254e-13
937 3271 8 5.677809333803907e-10
937 3273 10 4.459765889919254e-13
937 3315 8 5.677809333803907e-10
938 2267 8 5.677809333803907e-10
938 2554 8 5.677809333803907e-10
938 3272 9 1.679723027336877e-11
949 1356 8 5.677809333803907e-10
949 1360 9 1.679723027336877e-11
949 2697 8 5.677809333803907e-10
950 3250 9 1.679723027336877e-11
951 1678 9 1.679723027336877e-11
951 3250 9 1.679723027336877e-11
951 3251 9 1.679723027336877e-11
951 3279 11 1.0769163338864018e-14
951 3280 11 1.0769163338864018e-14
951 3315 9 1.679723027336877e-11
951 4252 10 4.459765889919254e-13
951 4254 8 5.677809333803907e-10
957 4122 32 1.1102230246251565e-16
957 4123 9 1.679723027336877e-11
961 4530 16 1.1102230246251565e-16
964 2035 9 1.679723027336877e-11
964 5098 10 4.459765889919254e-13
977 4178 10 4.459765889919254e-13
982 2193 9 1.679723027336877e-11
990 3963 12 2.220446049250313e-16
1010 4670 8 5.677809333803907e-10
1013 5096 9 1.679723027336877e-11
1032 3877 25 1.1102230246251565e-16
1034 3157 8 5.677809333803907e-10
1035 1140 36 1.1102230246251565e-16
1040 1878 11 1.0769163338864018e-14
1041 4011 8 5.677809333803907e-10
1048 4995 8 5.677809333803907e-10
1049 3436 16 1.1102230246251565e-16
1050 1652 9 1.679723027336877e-11
1050 2678 9 1.679723027336877e-11
1070 3423 10 4.459765889919254e-13
1070 3612 8 5.677809333803907e-10
1085 1703 24 1.1102230246251565e-16
1085 1704 8 5.677809333803907e-10
1085 2003 8 5.677809333803907e-10
1085 2309 28 1.1102230246251565e-16
1085 3082 21 1.1102230246251565e-16
1085 3570 8 5.677809333803907e-10
1085 4061 10 4.459765889919254e-13
1085 4656 10 4.459765889919254e-13
1086 3082 27 1.1102230246251565e-16
1087 3082 16 1.1102230246251565e-16
1088 3082 20 1.1102230246251565e-16
1089 3082 18 1.1102230246251565e-16
1090 3082 21 1.1102230246251565e-16
1091 3082 20 1.1102230246251565e-16
1092 3082 17 1.1102230246251565e-16
1094 3082 20 1.1102230246251565e-16
1095 3082 16 1.1102230246251565e-16
1096 3082 12 2.220446049250313e-16
1097 3082 16 1.1102230246251565e-16
1098 3082 17 1.1102230246251565e-16
1099 3082 15 1.1102230246251565e-16
1100 3082 20 1.1102230246251565e-16
1101 3082 14 1.1102230246251565e-16
1101 4851 12 2.220446049250313e-16
1102 3082 16 1.1102230246251565e-16
1103 3082 15 1.1102230246251565e-16
1104 3082 11 1.0769163338864018e-14
1105 3082 16 1.1102230246251565e-16
1106 3082 8 5.677809333803907e-10
1107 3082 8 5.677809333803907e-10
1108 3082 13 1.1102230246251565e-16
1108 5000 9 1.679723027336877e-11
1109 1433 8 5.677809333803907e-10
1109 3082 13 1.1102230246251565e-16
1110 3082 12 2.220446049250313e-16
1111 3082 8 5.677809333803907e-10
1112 3082 13 1.1102230246251565e-16
1113 3082 14 1.1102230246251565e-16
1114 3082 13 1.1102230246251565e-16
1115 3082 14 1.1102230246251565e-16
1116 3082 16 1.1102230246251565e-16
1117 3082 17 1.1102230246251565e-16
1117 4101 13 1.1102230246251565e-16
1118 3082 12 2.220446049250313e-16
1119 2474 8 5.677809333803907e-10
1119 3082 9 1.679723027336877e-11
1120 3082 12 2.220446049250313e-16
1122 3082 13 1.1102230246251565e-16
1123 3082 14 1.1102230246251565e-16
1124 3082 9 1.679723027336877e-11
1125 3082 9 1.679723027336877e-11
1125 3673 14 1.1102230246251565e-16
1126 3082 16 1.1102230246251565e-16
1127 3082 12 2.220446049250313e-16
1128 3082 16 1.1102230246251565e-16
1129 3082 9 1.679723027336877e-11
1132 3082 9 1.679723027336877e-11
1134 3082 9 1.679723027336877e-11
1135 3082 8 5.677809333803907e-10
1136 3082 13 1.1102230246251565e-16
1137 3082 8 5.677809333803907e-10
1139 3082 10 4.459765889919254e-13
1140 3082 15 1.1102230246251565e-16
1140 4669 8 5.677809333803907e-10
1144 3082 12 2.220446049250313e-16
1145 1653 10 4.459765889919254e-13
1145 3082 11 1.0769163338864018e-14
1146 3082 11 1.0769163338864018e-14
1147 3082 12 2.220446049250313e-16
1148 3082 19 1.1102230246251565e-16
1152 3082 8 5.677809333803907e-10
1157 1720 16 1.1102230246251565e-16
1160 3082 13 1.1102230246251565e-16
1161 1759 8 5.677809333803907e-10
1161 3082 9 1.679723027336877e-11
1161 4602 18 1.1102230246251565e-16
1165 3082 8 5.677809333803907e-10
1168 3082 10 4.459765889919254e-13
1169 3082 9 1.679723027336877e-11
1175 3082 9 1.679723027336877e-11
1182 3082 8 5.677809333803907e-10
1188 3082 8 5.677809333803907e-10
1191 3082 10 4.459765889919254e-13
1196 3082 8 5.677809333803907e-10
1221 4850 11 1.0769163338864018e-14
1275 1522 11 1.0769163338864018e-14
1275 2944 8 5.677809333803907e-10
1281 2839 11 1.0769163338864018e-14
1291 3468 15 1.1102230246251565e-16
1301 4172 10 4.459765889919254e-13
1308 2698 10 4.459765889919254e-13
1310 3482 8 5.677809333803907e-10
1311 1938 8 5.677809333803907e-10
1311 4719 10 4.459765889919254e-13
1312 2554 10 4.459765889919254e-13
1312 3428 12 2.220446049250313e-16
1312 4571 9 1.679723027336877e-11
1317 3195 13 1.1102230246251565e-16
1319 4935 11 1.0769163338864018e-14
1330 2783 9 1.679723027336877e-11
1330 4522 10 4.459765889919254e-13
1330 4919 9 1.679723027336877e-11
1330 4952 12 2.220446049250313e-16
1332 1622 11 1.0769163338864018e-14
1336 1634 9 1.679723027336877e-11
1337 2102 8 5.677809333803907e-10
1337 3228 8 5.677809333803907e-10
1337 3231 10 4.459765889919254e-13
1337 3270 8 5.677809333803907e-10
1337 3271 8 5.677809333803907e-10
1337 4508 8 5.677809333803907e-10
1337 4517 8 5.677809333803907e-10
1338 1636 8 5.677809333803907e-10
1338 3229 8 5.677809333803907e-10
1338 3231 11 1.0769163338864018e-14
1339 3231 9 1.679723027336877e-11
1341 3920 10 4.459765889919254e-13
1341 4210 8 5.677809333803907e-10
1342 1619 11 1.0769163338864018e-14
1342 1621 8 5.677809333803907e-10
1342 4217 8 5.677809333803907e-10
1342 4252 9 1.679723027336877e-11
1342 4520 8 5.677809333803907e-10
1342 4842 9 1.679723027336877e-11
1343 1621 8 5.677809333803907e-10
1343 1635 8 5.677809333803907e-10
1343 2937 9 1.679723027336877e-11
1343 3314 8 5.677809333803907e-10
1343 4218 8 5.677809333803907e-10
1343 4297 12 2.220446049250313e-16
1343 4511 9 1.679723027336877e-11
1343 4515 9 1.679723027336877e-11
1343 4923 8 5.677809333803907e-10
1344 1621 12 2.220446049250313e-16
1344 1635 8 5.677809333803907e-10
1344 3082 8 5.677809333803907e-10
1344 4207 9 1.679723027336877e-11
1344 4212 10 4.459765889919254e-13
1344 4214 8 5.677809333803907e-10
1344 4217 8 5.677809333803907e-10
1344 4218 8 5.677809333803907e-10
1344 4521 8 5.677809333803907e-10
1344 4522 8 5.677809333803907e-10
1344 4843 8 5.677809333803907e-10
1344 4844 9 1.679723027336877e-11
1344 4920 8 5.677809333803907e-10
1345 1620 10 4.459765889919254e-13
1345 1621 10 4.459765889919254e-13
1345 1622 8 5.677809333803907e-10
1345 1633 8 5.677809333803907e-10
1345 1635 9 1.679723027336877e-11
1345 1636 8 5.677809333803907e-10
1345 2101 8 5.677809333803907e-10
1345 2522 9 1.679723027336877e-11
1345 4213 8 5.677809333803907e-10
1345 4217 10 4.459765889919254e-13
1345 4516 9 1.679723027336877e-11
1345 4842 8 5.677809333803907e-10
1346 1636 8 5.677809333803907e-10
1346 2696 8 5.677809333803907e-10
1346 4214 9 1.679723027336877e-11
1346 4515 8 5.677809333803907e-10
1346 4520 9 1.679723027336877e-11
1346 4844 8 5.677809333803907e-10
1346 4920 9 1.679723027336877e-11
1347 3277 10 4.459765889919254e-13
1347 3278 13 1.1102230246251565e-16
1347 4207 8 5.677809333803907e-10
1347 4213 9 1.679723027336877e-11
1347 4214 8 5.677809333803907e-10
1347 4218 8 5.677809333803907e-10
1348 1662 9 1.679723027336877e-11
1348 3270 8 5.677809333803907e-10
1348 3280 9 1.679723027336877e-11
1348 3281 8 5.677809333803907e-10
1348 4521 8 5.677809333803907e-10
1349 1619 9 1.679723027336877e-11
1349 1622 8 5.677809333803907e-10
1349 1637 12 2.220446049250313e-16
1349 2976 13 1.1102230246251565e-16
1349 3408 8 5.677809333803907e-10
1349 4213 8 5.677809333803907e-10
1349 4254 11 1.0769163338864018e-14
1349 4256 8 5.677809333803907e-10
1349 4720 8 5.677809333803907e-10
1349 4839 11 1.0769163338864018e-14
1350 1619 9 1.679723027336877e-11
1350 1637 9 1.679723027336877e-11
1350 2975 8 5.677809333803907e-10
1350 3270 8 5.677809333803907e-10
1350 3544 8 5.677809333803907e-10
1350 4521 8 5.677809333803907e-10
1350 4920 8 5.677809333803907e-10
1351 3312 8 5.677809333803907e-10
1353 1475 23 1.1102230246251565e-16
1353 1476 15 1.1102230246251565e-16
1353 3278 9 1.679723027336877e-11
1353 4517 8 5.677809333803907e-10
1353 4522 8 5.677809333803907e-10
1354 1621 8 5.677809333803907e-10
1354 1635 8 5.677809333803907e-10
1355 1638 8 5.677809333803907e-10
1355 3543 8 5.677809333803907e-10
1356 1635 8 5.677809333803907e-10
1356 1638 8 5.677809333803907e-10
1356 3543 11 1.0769163338864018e-14
1356 4522 8 5.677809333803907e-10
1356 4554 11 1.0769163338864018e-14
1357 1634 8 5.677809333803907e-10
1357 2554 8 5.677809333803907e-10
1357 3268 8 5.677809333803907e-10
1358 1634 9 1.679723027336877e-11
1359 2975 8 5.677809333803907e-10
1359 3306 8 5.677809333803907e-10
1359 3915 8 5.677809333803907e-10
1360 1622 8 5.677809333803907e-10
1360 1665 9 1.679723027336877e-11
1360 1680 9 1.679723027336877e-11
1360 2976 8 5.677809333803907e-10
1360 3270 8 5.677809333803907e-10
1360 3307 8 5.677809333803907e-10
1360 3308 8 5.677809333803907e-10
1360 3314 8 5.677809333803907e-10
1361 3916 8 5.677809333803907e-10
1367 4306 21 1.1102230246251565e-16
1368 2834 8 5.677809333803907e-10
1372 1814 8 5.677809333803907e-10
1372 4536 12 2.220446049250313e-16
1374 1619 9 1.679723027336877e-11
1374 1620 8 5.677809333803907e-10
1374 1638 9 1.679723027336877e-11
1374 1639 8 5.677809333803907e-10
1374 1640 8 5.677809333803907e-10
1374 1663 9 1.679723027336877e-11
1374 3235 8 5.677809333803907e-10
1374 4508 8 5.677809333803907e-10
1374 4515 9 1.679723027336877e-11
1375 1620 8 5.677809333803907e-10
1375 1636 13 1.1102230246251565e-16
1375 1637 10 4.459765889919254e-13
1375 3267 9 1.679723027336877e-11
1375 4512 9 1.679723027336877e-11
1375 4516 8 5.677809333803907e-10
1376 1618 8 5.677809333803907e-10
1376 1621 11 1.0769163338864018e-14
1376 1622 8 5.677809333803907e-10
1376 1634 8 5.677809333803907e-10
1376 1635 9 1.679723027336877e-11
1376 1636 10 4.459765889919254e-13
1376 1637 9 1.679723027336877e-11
1376 1638 13 1.1102230246251565e-16
1376 1670 8 5.677809333803907e-10
1376 2782 8 5.677809333803907e-10
1376 2975 8 5.677809333803907e-10
1376 3267 9 1.679723027336877e-11
1376 3310 8 5.677809333803907e-10
1376 3311 8 5.677809333803907e-10
1376 3314 11 1.0769163338864018e-14
1376 4515 9 1.679723027336877e-11
1376 4516 8 5.677809333803907e-10
1377 1621 9 1.679723027336877e-11
1377 1622 9 1.679723027336877e-11
1377 1632 10 4.459765889919254e-13
1377 1635 8 5.677809333803907e-10
1377 1637 9 1.679723027336877e-11
1377 1638 15 1.1102230246251565e-16
1377 2783 11 1.0769163338864018e-14
1377 4515 9 1.679723027336877e-11
1378 1622 8 5.677809333803907e-10
1378 1635 8 5.677809333803907e-10
1378 3277 8 5.677809333803907e-10
1379 2553 10 4.459765889919254e-13
1379 2554 8 5.677809333803907e-10
1379 3543 8 5.677809333803907e-10
1380 2550 8 5.677809333803907e-10
1380 2551 8 5.677809333803907e-10
1380 2553 8 5.677809333803907e-10
1381 1613 9 1.679723027336877e-11
1381 1628 9 1.679723027336877e-11
1381 2554 8 5.677809333803907e-10
1381 2975 8 5.677809333803907e-10
1382 1627 14 1.1102230246251565e-16
1382 1628 10 4.459765889919254e-13
1382 1635 8 5.677809333803907e-10
1382 1636 9 1.679723027336877e-11
1382 3271 8 5.677809333803907e-10
1385 1871 10 4.459765889919254e-13
1386 1871 9 1.679723027336877e-11
1386 4684 15 1.1102230246251565e-16
1388 2267 8 5.677809333803907e-10
1388 3277 8 5.677809333803907e-10
1388 4008 19 1.1102230246251565e-16
1388 4235 14 1.1102230246251565e-16
1389 3071 8 5.677809333803907e-10
1389 3278 8 5.677809333803907e-10
1389 3317 9 1.679723027336877e-11
1389 4721 60 1.1102230246251565e-16
1397 3082 11 1.0769163338864018e-14
1398 2454 31 1.1102230246251565e-16
1398 3082 29 1.1102230246251565e-16
1398 4254 8 5.677809333803907e-10
1399 3082 11 1.0769163338864018e-14
1400 3082 14 1.1102230246251565e-16
1401 3082 13 1.1102230246251565e-16
1402 3082 20 1.1102230246251565e-16
1403 3082 14 1.1102230246251565e-16
1404 3082 17 1.1102230246251565e-16
1405 3082 12 2.220446049250313e-16
1406 3082 9 1.679723027336877e-11
1407 3082 17 1.1102230246251565e-16
1408 3082 16 1.1102230246251565e-16
1409 3082 8 5.677809333803907e-10
1410 3082 15 1.1102230246251565e-16
1411 3082 12 2.220446049250313e-16
1415 3082 14 1.1102230246251565e-16
1416 3082 13 1.1102230246251565e-16
1417 3082 17 1.1102230246251565e-16
1418 3082 8 5.677809333803907e-10
1419 3082 12 2.220446049250313e-16
1420 3082 12 2.220446049250313e-16
1421 3082 11 1.0769163338864018e-14
1422 3082 14 1.1102230246251565e-16
1423 3082 11 1.0769163338864018e-14
1425 3082 10 4.459765889919254e-13
1426 3082 9 1.679723027336877e-11
1427 3082 13 1.1102230246251565e-16
1428 3082 12 2.220446049250313e-16
1429 3082 11 1.0769163338864018e-14
1429 4877 9 1.679723027336877e-11
1430 3082 12 2.220446049250313e-16
1431 3082 19 1.1102230246251565e-16
1432 3082 14 1.1102230246251565e-16
1433 3082 14 1.1102230246251565e-16
1435 3082 11 1.0769163338864018e-14
1436 3082 15 1.1102230246251565e-16
1436 3363 12 2.220446049250313e-16
1437 3082 20 1.1102230246251565e-16
1438 3085 9 1.679723027336877e-11
1439 2759 8 5.677809333803907e-10
1439 3082 8 5.677809333803907e-10
1440 3082 10 4.459765889919254e-13
1444 3082 8 5.677809333803907e-10
1445 3082 8 5.677809333803907e-10
1446 3082 9 1.679723027336877e-11
1447 3082 13 1.1102230246251565e-16
1448 3082 12 2.220446049250313e-16
1450 3082 11 1.0769163338864018e-14
1450 3311 15 1.1102230246251565e-16
1451 3082 9 1.679723027336877e-11
1453 3082 11 1.0769163338864018e-14
1453 4508 8 5.677809333803907e-10
1454 2448 8 5.677809333803907e-10
1454 2640 8 5.677809333803907e-10
1456 3082 23 1.1102230246251565e-16
1456 3743 9 1.679723027336877e-11
1456 4602 8 5.677809333803907e-10
1457 3082 95 1.1102230246251565e-16
1457 4254 10 4.459765889919254e-13
1458 3082 9 1.679723027336877e-11
1459 3082 8 5.677809333803907e-10
1460 3082 9 1.679723027336877e-11
1460 3085 8 5.677809333803907e-10
1465 2007 22 1.1102230246251565e-16
1465 3082 9 1.679723027336877e-11
1468 3082 10 4.459765889919254e-13
1469 4306 10 4.459765889919254e-13
1474 5115 10 4.459765889919254e-13
1475 3082 8 5.677809333803907e-10
1478 2439 9 1.679723027336877e-11
1480 3780 9 1.679723027336877e-11
1496 3558 9 1.679723027336877e-11
1502 4721 9 1.679723027336877e-11
1540 3048 15 1.1102230246251565e-16
1541 3048 47 1.1102230246251565e-16
1542 3048 9 1.679723027336877e-11
1547 2330 12 2.220446049250313e-16
1550 3844 9 1.679723027336877e-11
1550 4268 10 4.459765889919254e-13
1567 3526 10 4.459765889919254e-13
1572 2731 27 1.1102230246251565e-16
1576 4272 16 1.1102230246251565e-16
1611 3138 12 2.220446049250313e-16
1613 2976 8 5.677809333803907e-10
1613 3082 9 1.679723027336877e-11
1617 2553 8 5.677809333803907e-10
1617 2695 8 5.677809333803907e-10
1618 2936 8 5.677809333803907e-10
1618 4208 9 1.679723027336877e-11
1619 2053 10 4.459765889919254e-13
1619 2477 8 5.677809333803907e-10
1619 3271 8 5.677809333803907e-10
1619 3272 8 5.677809333803907e-10
1619 4509 8 5.677809333803907e-10
1619 4720 11 1.0769163338864018e-14
1620 3221 9 1.679723027336877e-11
1620 4509 8 5.677809333803907e-10
1620 4511 8 5.677809333803907e-10
1620 4721 8 5.677809333803907e-10
1621 2140 10 4.459765889919254e-13
1621 2477 8 5.677809333803907e-10
1621 3221 13 1.1102230246251565e-16
1621 3278 9 1.679723027336877e-11
1621 3280 10 4.459765889919254e-13
1621 4212 9 1.679723027336877e-11
1621 4333 11 1.0769163338864018e-14
1621 4511 8 5.677809333803907e-10
1621 4520 8 5.677809333803907e-10
1621 4922 10 4.459765889919254e-13
1622 2551 9 1.679723027336877e-11
1622 2554 8 5.677809333803907e-10
1622 2977 10 4.459765889919254e-13
1622 3082 8 5.677809333803907e-10
1622 3269 8 5.677809333803907e-10
1622 3270 9 1.679723027336877e-11
1622 3271 8 5.677809333803907e-10
1622 3279 12 2.220446049250313e-16
1622 3281 8 5.677809333803907e-10
1622 3310 10 4.459765889919254e-13
1622 3311 8 5.677809333803907e-10
1622 4511 8 5.677809333803907e-10
1622 4513 8 5.677809333803907e-10
1622 4515 8 5.677809333803907e-10
1622 4516 8 5.677809333803907e-10
1622 4517 9 1.679723027336877e-11
1623 3279 11 1.0769163338864018e-14
1626 2683 8 5.677809333803907e-10
1627 2683 9 1.679723027336877e-11
1628 2781 8 5.677809333803907e-10
1633 2553 8 5.677809333803907e-10
1633 2554 8 5.677809333803907e-10
1633 3232 10 4.459765889919254e-13
1633 3311 9 1.679723027336877e-11
1633 3314 8 5.677809333803907e-10
1634 2977 8 5.677809333803907e-10
1634 3269 8 5.677809333803907e-10
1634 3274 17 1.1102230246251565e-16
1634 3916 8 5.677809333803907e-10
1634 4844 8 5.677809333803907e-10
1635 3270 8 5.677809333803907e-10
1635 4922 8 5.677809333803907e-10
1636 3234 8 5.677809333803907e-10
1636 3311 8 5.677809333803907e-10
1636 4508 9 1.679723027336877e-11
1636 4516 8 5.677809333803907e-10
1636 5225 8 5.677809333803907e-10
1637 3252 10 4.459765889919254e-13
1637 3270 9 1.679723027336877e-11
1637 3279 9 1.679723027336877e-11
1637 4552 8 5.677809333803907e-10
1638 2476 8 5.677809333803907e-10
1638 2477 8 5.677809333803907e-10
1638 3315 9 1.679723027336877e-11
1639 2976 9 1.679723027336877e-11
1639 2977 8 5.677809333803907e-10
1639 4842 9 1.679723027336877e-11
1639 4921 8 5.677809333803907e-10
1640 3085 8 5.677809333803907e-10
1640 3232 11 1.0769163338864018e-14
1640 3307 8 5.677809333803907e-10
1640 3314 9 1.679723027336877e-11
1640 4516 8 5.677809333803907e-10
1642 3071 9 1.679723027336877e-11
1646 4183 11 1.0769163338864018e-14
1650 2779 8 5.677809333803907e-10
1650 3157 8 5.677809333803907e-10
1652 3873 20 1.1102230246251565e-16
1652 3874 11 1.0769163338864018e-14
1652 4507 31 1.1102230246251565e-16
1652 4508 14 1.1102230246251565e-16
1663 1705 19 1.1102230246251565e-16
1663 2293 9 1.679723027336877e-11
1665 3281 8 5.677809333803907e-10
1666 4252 8 5.677809333803907e-10
1668 1914 8 5.677809333803907e-10
1670 3121 11 1.0769163338864018e-14
1672 2266 8 5.677809333803907e-10
1678 3082 8 5.677809333803907e-10
1682 5091 9 1.679723027336877e-11
1685 2838 29 1.1102230246251565e-16
1685 3293 10 4.459765889919254e-13
1685 4538 80 1.1102230246251565e-16
1689 1840 9 1.679723027336877e-11
1690 2448 13 1.1102230246251565e-16
1703 3082 40 1.1102230246251565e-16
1703 3293 10 4.459765889919254e-13
1703 4061 8 5.677809333803907e-10
1703 4538 152 1.1102230246251565e-16
1703 4656 14 1.1102230246251565e-16
1704 2708 14 1.1102230246251565e-16
1704 3082 33 1.1102230246251565e-16
1705 3082 23 1.1102230246251565e-16
1706 3082 25 1.1102230246251565e-16
1707 3082 20 1.1102230246251565e-16
1708 3082 17 1.1102230246251565e-16
1708 3676 8 5.677809333803907e-10
1709 3082 19 1.1102230246251565e-16
1710 3082 13 1.1102230246251565e-16
1711 3082 19 1.1102230246251565e-16
1711 4576 15 1.1102230246251565e-16
1712 3082 19 1.1102230246251565e-16
1713 3082 22 1.1102230246251565e-16
1714 3082 13 1.1102230246251565e-16
1714 4299 9 1.679723027336877e-11
1715 3082 17 1.1102230246251565e-16
1716 3082 15 1.1102230246251565e-16
1717 3082 13 1.1102230246251565e-16
1719 3082 17 1.1102230246251565e-16
1720 3082 18 1.1102230246251565e-16
1721 3082 21 1.1102230246251565e-16
1722 3082 19 1.1102230246251565e-16
1723 3082 22 1.1102230246251565e-16
1724 3082 10 4.459765889919254e-13
1725 3082 11 1.0769163338864018e-14
1726 3082 11 1.0769163338864018e-14
1727 3082 22 1.1102230246251565e-16
1728 3082 15 1.1102230246251565e-16
1729 3082 14 1.1102230246251565e-16
1730 3082 11 1.0769163338864018e-14
1731 3082 16 1.1102230246251565e-16
1732 2373 13 1.1102230246251565e-16
1732 3082 20 1.1102230246251565e-16
1733 3082 11 1.0769163338864018e-14
1733 4755 9 1.679723027336877e-11
1734 3082 16 1.1102230246251565e-16
1735 3082 17 1.1102230246251565e-16
1736 3082 15 1.1102230246251565e-16
1737 3082 18 1.1102230246251565e-16
1738 3082 11 1.0769163338864018e-14
1739 3082 14 1.1102230246251565e-16
1740 3082 20 1.1102230246251565e-16
1741 3082 22 1.1102230246251565e-16
1742 3082 9 1.679723027336877e-11
1743 3082 13 1.1102230246251565e-16
1744 3082 12 2.220446049250313e-16
1745 3082 15 1.1102230246251565e-16
1746 3082 10 4.459765889919254e-13
1747 3082 8 5.677809333803907e-10
1748 3082 13 1.1102230246251565e-16
1749 2364 15 1.1102230246251565e-16
1750 2364 9 1.679723027336877e-11
1750 3082 14 1.1102230246251565e-16
1751 2364 8 5.677809333803907e-10
1751 3082 15 1.1102230246251565e-16
1752 3082 12 2.220446049250313e-16
1753 3082 17 1.1102230246251565e-16
1754 3082 17 1.1102230246251565e-16
1755 3082 15 1.1102230246251565e-16
1756 3082 15 1.1102230246251565e-16
1757 2711 8 5.677809333803907e-10
1757 3082 17 1.1102230246251565e-16
1757 4507 9 1.679723027336877e-11
1757 4523 9 1.679723027336877e-11
1758 3082 15 1.1102230246251565e-16
1758 4508 8 5.677809333803907e-10
1759 3082 12 2.220446049250313e-16
1760 3082 13 1.1102230246251565e-16
1762 3082 10 4.459765889919254e-13
1763 3082 11 1.0769163338864018e-14
1764 3082 14 1.1102230246251565e-16
1765 3082 9 1.679723027336877e-11
1766 3082 15 1.1102230246251565e-16
1767 3082 12 2.220446049250313e-16
1768 3082 12 2.220446049250313e-16
1769 3082 10 4.459765889919254e-13
1770 3082 12 2.220446049250313e-16
1771 3375 46 1.1102230246251565e-16
1772 3082 20 1.1102230246251565e-16
1773 3082 9 1.679723027336877e-11
1775 3082 12 2.220446049250313e-16
1776 3082 11 1.0769163338864018e-14
1777 3082 8 5.677809333803907e-10
1785 3082 9 1.679723027336877e-11
1788 3082 10 4.459765889919254e-13
1795 3082 13 1.1102230246251565e-16
1797 4566 18 1.1102230246251565e-16
1799 2522 8 5.677809333803907e-10
1801 3082 10 4.459765889919254e-13
1802 3082 11 1.0769163338864018e-14
1804 4948 18 1.1102230246251565e-16
1810 3660 24 1.1102230246251565e-16
1810 4325 11 1.0769163338864018e-14
1813 2258 9 1.679723027336877e-11
1824 2216 9 1.679723027336877e-11
1829 3168 22 1.1102230246251565e-16
1831 4831 26 1.1102230246251565e-16
1832 4831 12 2.220446049250313e-16
1837 4885 9 1.679723027336877e-11
1837 4887 34 1.1102230246251565e-16
1837 4888 8 5.677809333803907e-10
1841 3082 8 5.677809333803907e-10
1849 4358 26 1.1102230246251565e-16
1850 4358 8 5.677809333803907e-10
1850 5162 10 4.459765889919254e-13
1851 2641 9 1.679723027336877e-11
1862 3207 8 5.677809333803907e-10
1863 4508 8 5.677809333803907e-10
1868 2325 10 4.459765889919254e-13
1869 3082 9 1.679723027336877e-11
1870 3483 8 5.677809333803907e-10
1872 3269 8 5.677809333803907e-10
1879 2206 32 1.1102230246251565e-16
1880 4890 11 1.0769163338864018e-14
1907 3461 9 1.679723027336877e-11
1909 5034 12 2.220446049250313e-16
1914 4369 18 1.1102230246251565e-16
1921 3289 8 5.677809333803907e-10
1927 2870 9 1.679723027336877e-11
1927 5134 15 1.1102230246251565e-16
1946 2743 11 1.0769163338864018e-14
1946 3071 9 1.679723027336877e-11
1947 3758 9 1.679723027336877e-11
1963 2378 10 4.459765889919254e-13
1963 2379 28 1.1102230246251565e-16
1965 4815 10 4.459765889919254e-13
1978 3729 9 1.679723027336877e-11
1978 3879 12 2.220446049250313e-16
1987 2277 9 1.679723027336877e-11
1991 2858 8 5.677809333803907e-10
1991 2990 16 1.1102230246251565e-16
1994 2301 10 4.459765889919254e-13
1995 2301 9 1.679723027336877e-11
1995 3319 8 5.677809333803907e-10
2003 2828 8 5.677809333803907e-10
2003 3082 86 1.1102230246251565e-16
2003 4254 26 1.1102230246251565e-16
2004 3082 27 1.1102230246251565e-16
2005 3082 35 1.1102230246251565e-16
2006 3082 27 1.1102230246251565e-16
2006 3086 10 4.459765889919254e-13
2006 4254 9 1.679723027336877e-11
2007 3082 24 1.1102230246251565e-16
2008 3082 11 1.0769163338864018e-14
2009 3082 29 1.1102230246251565e-16
2010 3082 22 1.1102230246251565e-16
2011 2814 17 1.1102230246251565e-16
2011 3082 13 1.1102230246251565e-16
2011 5287 34 1.1102230246251565e-16
2019 3082 13 1.1102230246251565e-16
2021 3082 12 2.220446049250313e-16
2022 3082 19 1.1102230246251565e-16
2023 3082 19 1.1102230246251565e-16
2024 3082 12 2.220446049250313e-16
2025 3082 11 1.0769163338864018e-14
2026 3082 15 1.1102230246251565e-16
2030 3082 17 1.1102230246251565e-16
2031 3049 9 1.679723027336877e-11
2031 3082 21 1.1102230246251565e-16
2031 3875 12 2.220446049250313e-16
2034 3082 14 1.1102230246251565e-16
2036 2608 8 5.677809333803907e-10
2036 3082 23 1.1102230246251565e-16
2037 3082 13 1.1102230246251565e-16
2037 4846 9 1.679723027336877e-11
2046 2392 13 1.1102230246251565e-16
2046 3082 13 1.1102230246251565e-16
2047 3082 16 1.1102230246251565e-16
2048 3082 14 1.1102230246251565e-16
2049 3082 13 1.1102230246251565e-16
2050 3082 15 1.1102230246251565e-16
2051 3082 12 2.220446049250313e-16
2052 3082 19 1.1102230246251565e-16
2053 3082 14 1.1102230246251565e-16
2053 4508 9 1.679723027336877e-11
2053 4843 9 1.679723027336877e-11
2054 3082 14 1.1102230246251565e-16
2054 4508 11 1.0769163338864018e-14
2055 2627 10 4.459765889919254e-13
2055 3082 10 4.459765889919254e-13
2055 4514 8 5.677809333803907e-10
2055 4517 9 1.679723027336877e-11
2055 4843 10 4.459765889919254e-13
2056 2655 9 1.679723027336877e-11
2056 2696 8 5.677809333803907e-10
2056 3082 9 1.679723027336877e-11
2056 3231 10 4.459765889919254e-13
2056 4508 14 1.1102230246251565e-16
2056 4509 8 5.677809333803907e-10
2056 4513 11 1.0769163338864018e-14
2056 4514 8 5.677809333803907e-10
2056 4516 9 1.679723027336877e-11
2056 4517 10 4.459765889919254e-13
2056 4839 8 5.677809333803907e-10
2056 4842 9 1.679723027336877e-11
2057 3082 10 4.459765889919254e-13
2058 3082 16 1.1102230246251565e-16
2058 3088 8 5.677809333803907e-10
2058 4508 10 4.459765889919254e-13
2058 4924 8 5.677809333803907e-10
2059 2609 8 5.677809333803907e-10
2059 3082 13 1.1102230246251565e-16
2059 4508 8 5.677809333803907e-10
2059 4843 9 1.679723027336877e-11
2059 4844 10 4.459765889919254e-13
2060 3082 10 4.459765889919254e-13
2061 3479 11 1.0769163338864018e-14
2066 3082 9 1.679723027336877e-11
2066 3264 9 1.679723027336877e-11
2067 3082 18 1.1102230246251565e-16
2068 3082 12 2.220446049250313e-16
2069 3082 8 5.677809333803907e-10
2070 3082 8 5.677809333803907e-10
2090 3082 8 5.677809333803907e-10
2095 3082 10 4.459765889919254e-13
2096 3082 9 1.679723027336877e-11
2097 4282 8 5.677809333803907e-10
2098 3082 10 4.459765889919254e-13
2098 4508 8 5.677809333803907e-10
2100 4215 8 5.677809333803907e-10
2100 4508 8 5.677809333803907e-10
2101 2975 8 5.677809333803907e-10
2101 3086 9 1.679723027336877e-11
2101 4508 10 4.459765889919254e-13
2101 4520 9 1.679723027336877e-11
2102 2975 8 5.677809333803907e-10
2102 4508 11 1.0769163338864018e-14
2102 4520 8 5.677809333803907e-10
2163 4019 8 5.677809333803907e-10
2170 4214 13 1.1102230246251565e-16
2171 3306 10 4.459765889919254e-13
2171 3316 9 1.679723027336877e-11
2171 5286 12 2.220446049250313e-16
2172 3306 9 1.679723027336877e-11
2173 3281 8 5.677809333803907e-10
2174 2871 9 1.679723027336877e-11
2178 2409 11 1.0769163338864018e-14
2183 4072 24 1.1102230246251565e-16
2184 3951 14 1.1102230246251565e-16
2189 2322 15 1.1102230246251565e-16
2189 4647 31 1.1102230246251565e-16
2201 2426 11 1.0769163338864018e-14
2204 4400 18 1.1102230246251565e-16
2212 3280 11 1.0769163338864018e-14
2215 2661 20 1.1102230246251565e-16
2220 3560 19 1.1102230246251565e-16
2229 3177 8 5.677809333803907e-10
2231 3545 9 1.679723027336877e-11
2232 2917 9 1.679723027336877e-11
2239 2922 22 1.1102230246251565e-16
2264 3311 8 5.677809333803907e-10
2264 3679 13 1.1102230246251565e-16
2265 2554 10 4.459765889919254e-13
2265 2782 8 5.677809333803907e-10
2265 2783 9 1.679723027336877e-11
2265 3306 9 1.679723027336877e-11
2265 3314 8 5.677809333803907e-10
2265 4551 8 5.677809333803907e-10
2266 2782 8 5.677809333803907e-10
2266 2977 8 5.677809333803907e-10
2266 3271 11 1.0769163338864018e-14
2266 3273 8 5.677809333803907e-10
2266 3307 8 5.677809333803907e-10
2266 3309 10 4.459765889919254e-13
2266 4252 8 5.677809333803907e-10
2266 4509 8 5.677809333803907e-10
2266 4844 8 5.677809333803907e-10
2268 4922 30 1.1102230246251565e-16
2268 4923 8 5.677809333803907e-10
2271 4295 9 1.679723027336877e-11
2272 3438 13 1.1102230246251565e-16
2309 3082 86 1.1102230246251565e-16
2309 4254 11 1.0769163338864018e-14
2310 3082 45 1.1102230246251565e-16
2310 4254 8 5.677809333803907e-10
2310 4538 116 1.1102230246251565e-16
2311 2652 18 1.1102230246251565e-16
2311 3082 38 1.1102230246251565e-16
2311 3860 9 1.679723027336877e-11
2312 3082 23 1.1102230246251565e-16
2312 3569 9 1.679723027336877e-11
2313 3082 15 1.1102230246251565e-16
2314 3082 16 1.1102230246251565e-16
2314 3842 14 1.1102230246251565e-16
2315 3082 22 1.1102230246251565e-16
2316 3082 25 1.1102230246251565e-16
2317 3082 30 1.1102230246251565e-16
2318 3082 21 1.1102230246251565e-16
2319 3082 21 1.1102230246251565e-16
2320 3082 27 1.1102230246251565e-16
2320 4254 8 5.677809333803907e-10
2321 3082 25 1.1102230246251565e-16
2322 3082 29 1.1102230246251565e-16
2323 3082 24 1.1102230246251565e-16
2324 3082 23 1.1102230246251565e-16
2325 3082 28 1.1102230246251565e-16
2326 2611 8 5.677809333803907e-10
2326 3082 21 1.1102230246251565e-16
2326 4846 11 1.0769163338864018e-14
2327 3082 17 1.1102230246251565e-16
2328 3082 15 1.1102230246251565e-16
2329 3082 13 1.1102230246251565e-16
2330 3082 19 1.1102230246251565e-16
2331 3082 20 1.1102230246251565e-16
2332 3082 15 1.1102230246251565e-16
2333 3082 11 1.0769163338864018e-14
2334 3082 9 1.679723027336877e-11
2335 3082 13 1.1102230246251565e-16
2336 3082 12 2.220446049250313e-16
2337 3082 12 2.220446049250313e-16
2338 3082 15 1.1102230246251565e-16
2339 3082 13 1.1102230246251565e-16
2340 3082 27 1.1102230246251565e-16
2341 3082 13 1.1102230246251565e-16
2349 3082 28 1.1102230246251565e-16
2350 3082 13 1.1102230246251565e-16
2351 3082 13 1.1102230246251565e-16
2351 4206 8 5.677809333803907e-10
2353 3082 17 1.1102230246251565e-16
2354 3082 13 1.1102230246251565e-16
2355 3082 14 1.1102230246251565e-16
2356 3082 17 1.1102230246251565e-16
2357 3082 19 1.1102230246251565e-16
2358 3082 17 1.1102230246251565e-16
2359 3082 15 1.1102230246251565e-16
2360 3082 8 5.677809333803907e-10
2361 2892 12 2.220446049250313e-16
2362 3082 11 1.0769163338864018e-14
2365 3082 8 5.677809333803907e-10
2366 3082 11 1.0769163338864018e-14
2367 3082 14 1.1102230246251565e-16
2369 3082 17 1.1102230246251565e-16
2370 3082 10 4.459765889919254e-13
2371 3082 12 2.220446049250313e-16
2371 4190 9 1.679723027336877e-11
2372 3082 14 1.1102230246251565e-16
2372 4190 10 4.459765889919254e-13
2372 5252 10 4.459765889919254e-13
2373 3082 10 4.459765889919254e-13
2373 5252 12 2.220446049250313e-16
2374 3082 12 2.220446049250313e-16
2376 3082 8 5.677809333803907e-10
2378 3082 11 1.0769163338864018e-14
2379 3082 13 1.1102230246251565e-16
2381 3082 8 5.677809333803907e-10
2387 3082 11 1.0769163338864018e-14
2388 3082 9 1.679723027336877e-11
2389 3082 8 5.677809333803907e-10
2391 3082 13 1.1102230246251565e-16
2394 3082 11 1.0769163338864018e-14
2397 3082 8 5.677809333803907e-10
2398 3082 9 1.679723027336877e-11
2399 3082 14 1.1102230246251565e-16
2400 3082 15 1.1102230246251565e-16
2401 3082 11 1.0769163338864018e-14
2401 3571 14 1.1102230246251565e-16
2405 3082 8 5.677809333803907e-10
2406 3838 18 1.1102230246251565e-16
2412 3082 8 5.677809333803907e-10
2413 3082 8 5.677809333803907e-10
2434 4499 22 1.1102230246251565e-16
2437 3082 8 5.677809333803907e-10
2437 4970 15 1.1102230246251565e-16
2438 3082 8 5.677809333803907e-10
2441 2844 12 2.220446049250313e-16
2445 3082 8 5.677809333803907e-10
2448 4206 9 1.679723027336877e-11
2449 4207 8 5.677809333803907e-10
2449 4212 8 5.677809333803907e-10
2449 4214 8 5.677809333803907e-10
2449 4218 8 5.677809333803907e-10
2449 4516 8 5.677809333803907e-10
2449 4843 8 5.677809333803907e-10
2451 4778 9 1.679723027336877e-11
2452 3215 10 4.459765889919254e-13
2458 3907 14 1.1102230246251565e-16
2475 3082 8 5.677809333803907e-10
2477 3269 8 5.677809333803907e-10
2478 2677 30 1.1102230246251565e-16
2488 4712 10 4.459765889919254e-13
2494 3214 16 1.1102230246251565e-16
2496 4296 8 5.677809333803907e-10
2503 3429 14 1.1102230246251565e-16
2506 3906 14 1.1102230246251565e-16
2510 3424 9 1.679723027336877e-11
2511 3329 9 1.679723027336877e-11
2511 3424 30 1.1102230246251565e-16
2511 5061 8 5.677809333803907e-10
2519 2783 10 4.459765889919254e-13
2520 2929 8 5.677809333803907e-10
2520 2930 48 1.1102230246251565e-16
2520 2931 126 1.1102230246251565e-16
2520 2932 8 5.677809333803907e-10
2521 3232 8 5.677809333803907e-10
2521 5065 11 1.0769163338864018e-14
2522 3082 9 1.679723027336877e-11
2522 3314 8 5.677809333803907e-10
2522 4721 8 5.677809333803907e-10
2553 2976 8 5.677809333803907e-10
2554 2782 10 4.459765889919254e-13
2554 2783 8 5.677809333803907e-10
2554 3270 10 4.459765889919254e-13
2554 3281 8 5.677809333803907e-10
2554 3314 8 5.677809333803907e-10
2554 3316 10 4.459765889919254e-13
2554 3329 48 1.1102230246251565e-16
2554 3916 10 4.459765889919254e-13
2554 4218 11 1.0769163338864018e-14
2554 4252 9 1.679723027336877e-11
2554 4253 9 1.679723027336877e-11
2554 4326 8 5.677809333803907e-10
2556 3270 8 5.677809333803907e-10
2565 3075 8 5.677809333803907e-10
2565 4649 20 1.1102230246251565e-16
2566 4649 25 1.1102230246251565e-16
2566 4954 10 4.459765889919254e-13
2573 3082 38 1.1102230246251565e-16
2574 3082 29 1.1102230246251565e-16
2574 4540 8 5.677809333803907e-10
2575 3082 32 1.1102230246251565e-16
2576 3082 24 1.1102230246251565e-16
2577 3082 20 1.1102230246251565e-16
2578 3082 23 1.1102230246251565e-16
2578 3496 8 5.677809333803907e-10
2578 3498 15 1.1102230246251565e-16
2579 3082 19 1.1102230246251565e-16
2580 3082 25 1.1102230246251565e-16
2581 3082 23 1.1102230246251565e-16
2582 3082 21 1.1102230246251565e-16
2583 3082 12 2.220446049250313e-16
2584 3082 23 1.1102230246251565e-16
2585 3082 19 1.1102230246251565e-16
2586 3082 16 1.1102230246251565e-16
2587 3082 14 1.1102230246251565e-16
2588 3082 22 1.1102230246251565e-16
2589 3082 17 1.1102230246251565e-16
2590 3082 10 4.459765889919254e-13
2591 3082 13 1.1102230246251565e-16
2592 3082 19 1.1102230246251565e-16
2593 3082 13 1.1102230246251565e-16
2594 3082 23 1.1102230246251565e-16
2595 3082 15 1.1102230246251565e-16
2596 3082 14 1.1102230246251565e-16
2597 3082 21 1.1102230246251565e-16
2598 3082 17 1.1102230246251565e-16
2599 3082 10 4.459765889919254e-13
2600 3082 12 2.220446049250313e-16
2601 3082 20 1.1102230246251565e-16
2602 3082 14 1.1102230246251565e-16
2603 3082 15 1.1102230246251565e-16
2604 3082 15 1.1102230246251565e-16
2605 3082 14 1.1102230246251565e-16
2605 5117 17 1.1102230246251565e-16
2606 3082 13 1.1102230246251565e-16
2607 3082 20 1.1102230246251565e-16
2608 3082 22 1.1102230246251565e-16
2608 4719 21 1.1102230246251565e-16
2608 4839 10 4.459765889919254e-13
2609 3082 13 1.1102230246251565e-16
2609 3085 10 4.459765889919254e-13
2609 4207 8 5.677809333803907e-10
2610 3082 14 1.1102230246251565e-16
2611 3082 20 1.1102230246251565e-16
2612 3082 12 2.220446049250313e-16
2613 3082 9 1.679723027336877e-11
2614 3082 9 1.679723027336877e-11
2615 3082 10 4.459765889919254e-13
2616 3082 15 1.1102230246251565e-16
2617 3082 10 4.459765889919254e-13
2618 3082 10 4.459765889919254e-13
2619 3082 9 1.679723027336877e-11
2620 3082 16 1.1102230246251565e-16
2621 3082 8 5.677809333803907e-10
2622 3082 10 4.459765889919254e-13
2623 3082 8 5.677809333803907e-10
2625 3082 9 1.679723027336877e-11
2626 3082 12 2.220446049250313e-16
2628 3082 15 1.1102230246251565e-16
2629 3082 12 2.220446049250313e-16
2630 3082 13 1.1102230246251565e-16
2631 3082 12 2.220446049250313e-16
2632 3082 9 1.679723027336877e-11
2634 3082 12 2.220446049250313e-16
2635 3082 8 5.677809333803907e-10
2636 3082 9 1.679723027336877e-11
2637 3082 13 1.1102230246251565e-16
2640 3082 14 1.1102230246251565e-16
2641 3082 11 1.0769163338864018e-14
2643 3082 11 1.0769163338864018e-14
2646 3082 11 1.0769163338864018e-14
2646 3102 8 5.677809333803907e-10
2647 3082 11 1.0769163338864018e-14
2647 4156 18 1.1102230246251565e-16
2648 3082 8 5.677809333803907e-10
2649 3082 9 1.679723027336877e-11
2650 3082 10 4.459765889919254e-13
2651 3082 9 1.679723027336877e-11
2652 3082 9 1.679723027336877e-11
2654 3082 8 5.677809333803907e-10
2655 3085 9 1.679723027336877e-11
2655 4509 9 1.679723027336877e-11
2655 4511 8 5.677809333803907e-10
2655 4515 8 5.677809333803907e-10
2655 4516 9 1.679723027336877e-11
2655 4842 8 5.677809333803907e-10
2656 4508 9 1.679723027336877e-11
2656 4841 8 5.677809333803907e-10
2657 4491 11 1.0769163338864018e-14
2658 4512 8 5.677809333803907e-10
2658 4721 8 5.677809333803907e-10
2660 3082 9 1.679723027336877e-11
2661 3082 11 1.0769163338864018e-14
2662 3082 8 5.677809333803907e-10
2663 3082 10 4.459765889919254e-13
2663 4677 8 5.677809333803907e-10
2664 3082 13 1.1102230246251565e-16
2665 3082 9 1.679723027336877e-11
2667 3082 10 4.459765889919254e-13
2668 3082 13 1.1102230246251565e-16
2670 3082 9 1.679723027336877e-11
2674 3082 10 4.459765889919254e-13
2675 3082 11 1.0769163338864018e-14
2679 3082 10 4.459765889919254e-13
2680 3082 9 1.679723027336877e-11
2681 2974 8 5.677809333803907e-10
2681 3082 12 2.220446049250313e-16
2681 3308 9 1.679723027336877e-11
2681 3673 8 5.677809333803907e-10
2681 4326 8 5.677809333803907e-10
2681 4512 8 5.677809333803907e-10
2681 4517 9 1.679723027336877e-11
2681 4518 9 1.679723027336877e-11
2682 4217 8 5.677809333803907e-10
2682 4517 8 5.677809333803907e-10
2683 4517 9 1.679723027336877e-11
2685 4217 11 1.0769163338864018e-14
2685 4518 8 5.677809333803907e-10
2686 3082 12 2.220446049250313e-16
2691 4513 8 5.677809333803907e-10
2691 4516 8 5.677809333803907e-10
2691 4520 9 1.679723027336877e-11
2692 3230 8 5.677809333803907e-10
2692 4514 8 5.677809333803907e-10
2694 3082 9 1.679723027336877e-11
2694 3673 8 5.677809333803907e-10
2695 4923 9 1.679723027336877e-11
2695 5152 8 5.677809333803907e-10
2696 4217 9 1.679723027336877e-11
2696 4518 8 5.677809333803907e-10
2696 4520 8 5.677809333803907e-10
2696 4521 8 5.677809333803907e-10
2696 5220 23 1.1102230246251565e-16
2697 4509 8 5.677809333803907e-10
2697 4511 8 5.677809333803907e-10
2697 4513 8 5.677809333803907e-10
2697 4516 8 5.677809333803907e-10
2697 4517 9 1.679723027336877e-11
2697 4841 9 1.679723027336877e-11
2700 3082 8 5.677809333803907e-10
2702 4629 19 1.1102230246251565e-16
2708 3480 9 1.679723027336877e-11
2708 4220 9 1.679723027336877e-11
2712 3082 10 4.459765889919254e-13
2713 5149 20 1.1102230246251565e-16
2729 4587 14 1.1102230246251565e-16
2732 3641 22 1.1102230246251565e-16
2741 4526 8 5.677809333803907e-10
2742 4388 13 1.1102230246251565e-16
2769 3771 9 1.679723027336877e-11
2779 4550 8 5.677809333803907e-10
2780 4353 13 1.1102230246251565e-16
2781 4923 8 5.677809333803907e-10
2782 3316 9 1.679723027336877e-11
2782 4517 8 5.677809333803907e-10
2782 4923 9 1.679723027336877e-11
2783 2976 9 1.679723027336877e-11
2783 2977 9 1.679723027336877e-11
2783 3544 8 5.677809333803907e-10
2783 4207 9 1.679723027336877e-11
2783 4254 8 5.677809333803907e-10
2784 4924 8 5.677809333803907e-10
2803 4361 27 1.1102230246251565e-16
2808 3728 9 1.679723027336877e-11
2813 4538 8 5.677809333803907e-10
2814 5287 13 1.1102230246251565e-16
2822 3082 12 2.220446049250313e-16
2823 3082 17 1.1102230246251565e-16
2824 3082 16 1.1102230246251565e-16
2825 3082 18 1.1102230246251565e-16
2826 3082 15 1.1102230246251565e-16
2827 3082 9 1.679723027336877e-11
2828 3082 35 1.1102230246251565e-16
2829 3082 23 1.1102230246251565e-16
2830 3082 22 1.1102230246251565e-16
2831 3082 16 1.1102230246251565e-16
2832 3082 21 1.1102230246251565e-16
2833 3082 18 1.1102230246251565e-16
2834 3082 17 1.1102230246251565e-16
2835 3082 10 4.459765889919254e-13
2837 3082 8 5.677809333803907e-10
2838 3082 10 4.459765889919254e-13
2838 4538 9 1.679723027336877e-11
2840 3082 11 1.0769163338864018e-14
2841 3082 8 5.677809333803907e-10
2842 3512 8 5.677809333803907e-10
2843 3082 8 5.677809333803907e-10
2844 3082 9 1.679723027336877e-11
2845 3082 15 1.1102230246251565e-16
2846 3082 11 1.0769163338864018e-14
2847 3082 8 5.677809333803907e-10
2847 3110 17 1.1102230246251565e-16
2849 3082 9 1.679723027336877e-11
2850 3082 15 1.1102230246251565e-16
2850 4905 13 1.1102230246251565e-16
2851 3082 9 1.679723027336877e-11
2852 3082 14 1.1102230246251565e-16
2854 3082 14 1.1102230246251565e-16
2855 3082 16 1.1102230246251565e-16
2857 3082 11 1.0769163338864018e-14
2858 3082 11 1.0769163338864018e-14
2859 3082 8 5.677809333803907e-10
2859 3569 33 1.1102230246251565e-16
2860 3082 8 5.677809333803907e-10
2862 3082 10 4.459765889919254e-13
2863 3082 11 1.0769163338864018e-14
2864 3082 8 5.677809333803907e-10
2865 3082 12 2.220446049250313e-16
2866 3082 9 1.679723027336877e-11
2867 3082 10 4.459765889919254e-13
2868 3082 13 1.1102230246251565e-16
2869 3082 10 4.459765889919254e-13
2869 3383 8 5.677809333803907e-10
2871 3082 11 1.0769163338864018e-14
2874 3082 10 4.459765889919254e-13
2876 3082 10 4.459765889919254e-13
2876 4807 18 1.1102230246251565e-16
2877 3082 9 1.679723027336877e-11
2878 3082 12 2.220446049250313e-16
2879 3082 9 1.679723027336877e-11
2881 3082 17 1.1102230246251565e-16
2882 3082 12 2.220446049250313e-16
2883 3082 10 4.459765889919254e-13
2884 3082 9 1.679723027336877e-11
2887 3082 9 1.679723027336877e-11
2888 3082 8 5.677809333803907e-10
2890 3082 11 1.0769163338864018e-14
2893 3082 8 5.677809333803907e-10
2894 3082 12 2.220446049250313e-16
2895 3082 8 5.677809333803907e-10
2896 3082 11 1.0769163338864018e-14
2898 4485 8 5.677809333803907e-10
2900 3082 9 1.679723027336877e-11
2901 3082 9 1.679723027336877e-11
2930 3082 8 5.677809333803907e-10
2938 3491 9 1.679723027336877e-11
2938 4254 8 5.677809333803907e-10
2938 5161 11 1.0769163338864018e-14
2940 3509 9 1.679723027336877e-11
2948 3082 10 4.459765889919254e-13
2948 3574 28 1.1102230246251565e-16
2948 5191 8 5.677809333803907e-10
2971 4523 12 2.220446049250313e-16
2974 3307 8 5.677809333803907e-10
2975 3271 9 1.679723027336877e-11
2975 3307 9 1.679723027336877e-11
2975 3309 8 5.677809333803907e-10
2975 3316 11 1.0769163338864018e-14
2975 3545 8 5.677809333803907e-10
2975 4212 8 5.677809333803907e-10
2975 4252 8 5.677809333803907e-10
2975 4253 8 5.677809333803907e-10
2975 4924 9 1.679723027336877e-11
2975 5152 8 5.677809333803907e-10
2976 3309 8 5.677809333803907e-10
2976 3311 8 5.677809333803907e-10
2976 3317 8 5.677809333803907e-10
2976 4212 9 1.679723027336877e-11
2976 4842 13 1.1102230246251565e-16
2976 4843 11 1.0769163338864018e-14
2976 4846 8 5.677809333803907e-10
2977 3269 9 1.679723027336877e-11
2977 3270 9 1.679723027336877e-11
2977 3271 8 5.677809333803907e-10
2977 3281 11 1.0769163338864018e-14
2977 3317 9 1.679723027336877e-11
2977 4212 8 5.677809333803907e-10
2977 4259 10 4.459765889919254e-13
2977 4529 8 5.677809333803907e-10
2977 4842 9 1.679723027336877e-11
2977 4843 8 5.677809333803907e-10
2979 3545 10 4.459765889919254e-13
2992 4078 8 5.677809333803907e-10
3003 4337 8 5.677809333803907e-10
3021 3302 28 1.1102230246251565e-16
3030 4606 10 4.459765889919254e-13
3045 4095 11 1.0769163338864018e-14
3049 4527 9 1.679723027336877e-11
3058 3544 8 5.677809333803907e-10
3069 3545 8 5.677809333803907e-10
3070 3317 9 1.679723027336877e-11
3071 3281 8 5.677809333803907e-10
3071 3306 8 5.677809333803907e-10
3072 3290 8 5.677809333803907e-10
3075 4954 18 1.1102230246251565e-16
3082 3326 12 2.220446049250313e-16
3082 3327 8 5.677809333803907e-10
3082 3329 11 1.0769163338864018e-14
3082 3331 9 1.679723027336877e-11
3082 3333 8 5.677809333803907e-10
3082 3334 9 1.679723027336877e-11
3082 3342 8 5.677809333803907e-10
3082 3344 9 1.679723027336877e-11
3082 3345 9 1.679723027336877e-11
3082 3347 9 1.679723027336877e-11
3082 3348 10 4.459765889919254e-13
3082 3349 10 4.459765889919254e-13
3082 3350 10 4.459765889919254e-13
3082 3351 8 5.677809333803907e-10
3082 3380 8 5.677809333803907e-10
3082 3385 10 4.459765889919254e-13
3082 3389 8 5.677809333803907e-10
3082 3393 10 4.459765889919254e-13
3082 3399 8 5.677809333803907e-10
3082 3569 16 1.1102230246251565e-16
3082 3570 35 1.1102230246251565e-16
3082 3571 29 1.1102230246251565e-16
3082 3572 18 1.1102230246251565e-16
3082 3573 11 1.0769163338864018e-14
3082 3574 15 1.1102230246251565e-16
3082 3575 14 1.1102230246251565e-16
3082 3576 23 1.1102230246251565e-16
3082 3577 23 1.1102230246251565e-16
3082 3578 19 1.1102230246251565e-16
3082 3579 15 1.1102230246251565e-16
3082 3580 20 1.1102230246251565e-16
3082 3581 20 1.1102230246251565e-16
3082 3582 20 1.1102230246251565e-16
3082 3583 19 1.1102230246251565e-16
3082 3584 17 1.1102230246251565e-16
3082 3585 11 1.0769163338864018e-14
3082 3586 18 1.1102230246251565e-16
3082 3587 24 1.1102230246251565e-16
3082 3588 16 1.1102230246251565e-16
3082 3589 10 4.459765889919254e-13
3082 3590 22 1.1102230246251565e-16
3082 3591 21 1.1102230246251565e-16
3082 3592 13 1.1102230246251565e-16
3082 3594 16 1.1102230246251565e-16
3082 3595 12 2.220446049250313e-16
3082 3596 12 2.220446049250313e-16
3082 3598 16 1.1102230246251565e-16
3082 3599 14 1.1102230246251565e-16
3082 3600 12 2.220446049250313e-16
3082 3601 14 1.1102230246251565e-16
3082 3602 12 2.220446049250313e-16
3082 3603 11 1.0769163338864018e-14
3082 3604 13 1.1102230246251565e-16
3082 3605 14 1.1102230246251565e-16
3082 3606 17 1.1102230246251565e-16
3082 3607 10 4.459765889919254e-13
3082 3609 11 1.0769163338864018e-14
3082 3610 18 1.1102230246251565e-16
3082 3611 10 4.459765889919254e-13
3082 3612 17 1.1102230246251565e-16
3082 3613 9 1.679723027336877e-11
3082 3614 9 1.679723027336877e-11
3082 3615 10 4.459765889919254e-13
3082 3616 9 1.679723027336877e-11
3082 3617 9 1.679723027336877e-11
3082 3620 9 1.679723027336877e-11
3082 3621 8 5.677809333803907e-10
3082 3623 11 1.0769163338864018e-14
3082 3625 12 2.220446049250313e-16
3082 3627 8 5.677809333803907e-10
3082 3628 12 2.220446049250313e-16
3082 3629 8 5.677809333803907e-10
3082 3630 13 1.1102230246251565e-16
3082 3631 11 1.0769163338864018e-14
3082 3633 8 5.677809333803907e-10
3082 3634 8 5.677809333803907e-10
3082 3639 10 4.459765889919254e-13
3082 3641 8 5.677809333803907e-10
3082 3644 8 5.677809333803907e-10
3082 3646 10 4.459765889919254e-13
3082 3647 11 1.0769163338864018e-14
3082 3649 11 1.0769163338864018e-14
3082 3650 8 5.677809333803907e-10
3082 3653 9 1.679723027336877e-11
3082 3656 10 4.459765889919254e-13
3082 3660 10 4.459765889919254e-13
3082 3661 9 1.679723027336877e-11
3082 3662 9 1.679723027336877e-11
3082 3665 9 1.679723027336877e-11
3082 3672 8 5.677809333803907e-10
3082 3679 40 1.1102230246251565e-16
3082 3691 8 5.677809333803907e-10
3082 3821 16 1.1102230246251565e-16
3082 3822 21 1.1102230246251565e-16
3082 3823 13 1.1102230246251565e-16
3082 3824 9 1.679723027336877e-11
3082 3825 13 1.1102230246251565e-16
3082 3826 10 4.459765889919254e-13
3082 3827 13 1.1102230246251565e-16
3082 3828 20 1.1102230246251565e-16
3082 3829 19 1.1102230246251565e-16
3082 3830 18 1.1102230246251565e-16
3082 3831 22 1.1102230246251565e-16
3082 3832 20 1.1102230246251565e-16
3082 3833 19 1.1102230246251565e-16
3082 3834 14 1.1102230246251565e-16
3082 3835 20 1.1102230246251565e-16
3082 3836 20 1.1102230246251565e-16
3082 3837 14 1.1102230246251565e-16
3082 3838 20 1.1102230246251565e-16
3082 3839 13 1.1102230246251565e-16
3082 3840 18 1.1102230246251565e-16
3082 3841 22 1.1102230246251565e-16
3082 3842 34 1.1102230246251565e-16
3082 3843 29 1.1102230246251565e-16
3082 3844 27 1.1102230246251565e-16
3082 3845 30 1.1102230246251565e-16
3082 3846 20 1.1102230246251565e-16
3082 3847 14 1.1102230246251565e-16
3082 3848 21 1.1102230246251565e-16
3082 3849 18 1.1102230246251565e-16
3082 3850 8 5.677809333803907e-10
3082 3851 8 5.677809333803907e-10
3082 3856 13 1.1102230246251565e-16
3082 3858 10 4.459765889919254e-13
3082 3859 11 1.0769163338864018e-14
3082 3860 11 1.0769163338864018e-14
3082 3865 8 5.677809333803907e-10
3082 3866 9 1.679723027336877e-11
3082 3869 8 5.677809333803907e-10
3082 3870 8 5.677809333803907e-10
3082 3872 10 4.459765889919254e-13
3082 3873 10 4.459765889919254e-13
3082 3874 13 1.1102230246251565e-16
3082 3879 9 1.679723027336877e-11
3082 3883 8 5.677809333803907e-10
3082 3885 8 5.677809333803907e-10
3082 3887 11 1.0769163338864018e-14
3082 3895 8 5.677809333803907e-10
3082 3896 9 1.679723027336877e-11
3082 3899 8 5.677809333803907e-10
3082 3900 10 4.459765889919254e-13
3082 3913 10 4.459765889919254e-13
3082 3978 8 5.677809333803907e-10
3082 4061 23 1.1102230246251565e-16
3082 4062 29 1.1102230246251565e-16
3082 4063 23 1.1102230246251565e-16
3082 4064 19 1.1102230246251565e-16
3082 4065 25 1.1102230246251565e-16
3082 4066 14 1.1102230246251565e-16
3082 4067 20 1.1102230246251565e-16
3082 4068 18 1.1102230246251565e-16
3082 4069 16 1.1102230246251565e-16
3082 4070 22 1.1102230246251565e-16
3082 4071 24 1.1102230246251565e-16
3082 4072 18 1.1102230246251565e-16
3082 4073 15 1.1102230246251565e-16
3082 4074 16 1.1102230246251565e-16
3082 4075 21 1.1102230246251565e-16
3082 4076 13 1.1102230246251565e-16
3082 4077 14 1.1102230246251565e-16
3082 4078 20 1.1102230246251565e-16
3082 4079 23 1.1102230246251565e-16
3082 4080 21 1.1102230246251565e-16
3082 4081 13 1.1102230246251565e-16
3082 4082 9 1.679723027336877e-11
3082 4083 17 1.1102230246251565e-16
3082 4084 16 1.1102230246251565e-16
3082 4085 14 1.1102230246251565e-16
3082 4086 19 1.1102230246251565e-16
3082 4087 12 2.220446049250313e-16
3082 4088 23 1.1102230246251565e-16
3082 4089 16 1.1102230246251565e-16
3082 4090 15 1.1102230246251565e-16
3082 4091 19 1.1102230246251565e-16
3082 4092 18 1.1102230246251565e-16
3082 4093 24 1.1102230246251565e-16
3082 4094 22 1.1102230246251565e-16
3082 4095 13 1.1102230246251565e-16
3082 4096 14 1.1102230246251565e-16
3082 4097 15 1.1102230246251565e-16
3082 4098 10 4.459765889919254e-13
3082 4099 16 1.1102230246251565e-16
3082 4100 15 1.1102230246251565e-16
3082 4101 11 1.0769163338864018e-14
3082 4102 18 1.1102230246251565e-16
3082 4103 14 1.1102230246251565e-16
3082 4104 9 1.679723027336877e-11
3082 4106 20 1.1102230246251565e-16
3082 4108 14 1.1102230246251565e-16
3082 4109 23 1.1102230246251565e-16
3082 4110 19 1.1102230246251565e-16
3082 4112 12 2.220446049250313e-16
3082 4113 12 2.220446049250313e-16
3082 4114 11 1.0769163338864018e-14
3082 4117 10 4.459765889919254e-13
3082 4118 10 4.459765889919254e-13
3082 4119 10 4.459765889919254e-13
3082 4121 9 1.679723027336877e-11
3082 4122 9 1.679723027336877e-11
3082 4123 16 1.1102230246251565e-16
3082 4124 17 1.1102230246251565e-16
3082 4125 12 2.220446049250313e-16
3082 4126 17 1.1102230246251565e-16
3082 4127 15 1.1102230246251565e-16
3082 4128 15 1.1102230246251565e-16
3082 4129 14 1.1102230246251565e-16
3082 4130 15 1.1102230246251565e-16
3082 4131 14 1.1102230246251565e-16
3082 4132 11 1.0769163338864018e-14
3082 4133 16 1.1102230246251565e-16
3082 4136 11 1.0769163338864018e-14
3082 4140 11 1.0769163338864018e-14
3082 4142 9 1.679723027336877e-11
3082 4144 8 5.677809333803907e-10
3082 4148 9 1.679723027336877e-11
3082 4149 8 5.677809333803907e-10
3082 4151 11 1.0769163338864018e-14
3082 4158 10 4.459765889919254e-13
3082 4159 8 5.677809333803907e-10
3082 4160 8 5.677809333803907e-10
3082 4170 11 1.0769163338864018e-14
3082 4172 10 4.459765889919254e-13
3082 4201 9 1.679723027336877e-11
3082 4208 10 4.459765889919254e-13
3082 4213 9 1.679723027336877e-11
3082 4214 9 1.679723027336877e-11
3082 4218 8 5.677809333803907e-10
3082 4232 8 5.677809333803907e-10
3082 4248 8 5.677809333803907e-10
3082 4254 274 1.1102230246251565e-16
3082 4268 17 1.1102230246251565e-16
3082 4269 24 1.1102230246251565e-16
3082 4270 24 1.1102230246251565e-16
3082 4271 19 1.1102230246251565e-16
3082 4272 14 1.1102230246251565e-16
3082 4273 15 1.1102230246251565e-16
3082 4274 14 1.1102230246251565e-16
3082 4275 12 2.220446049250313e-16
3082 4276 12 2.220446049250313e-16
3082 4277 21 1.1102230246251565e-16
3082 4279 13 1.1102230246251565e-16
3082 4280 10 4.459765889919254e-13
3082 4281 11 1.0769163338864018e-14
3082 4282 13 1.1102230246251565e-16
3082 4283 10 4.459765889919254e-13
3082 4284 8 5.677809333803907e-10
3082 4285 10 4.459765889919254e-13
3082 4286 8 5.677809333803907e-10
3082 4287 10 4.459765889919254e-13
3082 4288 8 5.677809333803907e-10
3082 4289 12 2.220446049250313e-16
3082 4290 9 1.679723027336877e-11
3082 4291 10 4.459765889919254e-13
3082 4292 11 1.0769163338864018e-14
3082 4293 12 2.220446049250313e-16
3082 4294 11 1.0769163338864018e-14
3082 4295 12 2.220446049250313e-16
3082 4296 11 1.0769163338864018e-14
3082 4297 17 1.1102230246251565e-16
3082 4298 8 5.677809333803907e-10
3082 4299 17 1.1102230246251565e-16
3082 4301 15 1.1102230246251565e-16
3082 4302 9 1.679723027336877e-11
3082 4303 9 1.679723027336877e-11
3082 4306 8 5.677809333803907e-10
3082 4308 12 2.220446049250313e-16
3082 4309 8 5.677809333803907e-10
3082 4311 8 5.677809333803907e-10
3082 4313 14 1.1102230246251565e-16
3082 4315 10 4.459765889919254e-13
3082 4319 10 4.459765889919254e-13
3082 4320 8 5.677809333803907e-10
3082 4323 8 5.677809333803907e-10
3082 4334 9 1.679723027336877e-11
3082 4343 10 4.459765889919254e-13
3082 4344 8 5.677809333803907e-10
3082 4352 10 4.459765889919254e-13
3082 4465 56 1.1102230246251565e-16
3082 4466 37 1.1102230246251565e-16
3082 4467 20 1.1102230246251565e-16
3082 4468 31 1.1102230246251565e-16
3082 4469 28 1.1102230246251565e-16
3082 4470 18 1.1102230246251565e-16
3082 4471 17 1.1102230246251565e-16
3082 4473 9 1.679723027336877e-11
3082 4474 12 2.220446049250313e-16
3082 4476 20 1.1102230246251565e-16
3082 4477 14 1.1102230246251565e-16
3082 4478 17 1.1102230246251565e-16
3082 4479 24 1.1102230246251565e-16
3082 4480 21 1.1102230246251565e-16
3082 4481 15 1.1102230246251565e-16
3082 4482 13 1.1102230246251565e-16
3082 4483 23 1.1102230246251565e-16
3082 4484 21 1.1102230246251565e-16
3082 4485 21 1.1102230246251565e-16
3082 4486 12 2.220446049250313e-16
3082 4487 12 2.220446049250313e-16
3082 4488 18 1.1102230246251565e-16
3082 4489 11 1.0769163338864018e-14
3082 4490 25 1.1102230246251565e-16
3082 4491 20 1.1102230246251565e-16
3082 4492 8 5.677809333803907e-10
3082 4493 11 1.0769163338864018e-14
3082 4494 23 1.1102230246251565e-16
3082 4495 12 2.220446049250313e-16
3082 4496 8 5.677809333803907e-10
3082 4497 11 1.0769163338864018e-14
3082 4498 11 1.0769163338864018e-14
3082 4500 10 4.459765889919254e-13
3082 4501 9 1.679723027336877e-11
3082 4502 13 1.1102230246251565e-16
3082 4503 11 1.0769163338864018e-14
3082 4504 16 1.1102230246251565e-16
3082 4506 18 1.1102230246251565e-16
3082 4507 16 1.1102230246251565e-16
3082 4508 8 5.677809333803907e-10
3082 4509 9 1.679723027336877e-11
3082 4511 8 5.677809333803907e-10
3082 4512 8 5.677809333803907e-10
3082 4513 11 1.0769163338864018e-14
3082 4517 10 4.459765889919254e-13
3082 4518 8 5.677809333803907e-10
3082 4519 8 5.677809333803907e-10
3082 4520 14 1.1102230246251565e-16
3082 4521 8 5.677809333803907e-10
3082 4523 17 1.1102230246251565e-16
3082 4526 8 5.677809333803907e-10
3082 4538 8 5.677809333803907e-10
3082 4555 10 4.459765889919254e-13
3082 4571 8 5.677809333803907e-10
3082 4656 50 1.1102230246251565e-16
3082 4657 8 5.677809333803907e-10
3082 4662 8 5.677809333803907e-10
3082 4666 14 1.1102230246251565e-16
3082 4668 8 5.677809333803907e-10
3082 4670 12 2.220446049250313e-16
3082 4671 16 1.1102230246251565e-16
3082 4679 9 1.679723027336877e-11
3082 4680 9 1.679723027336877e-11
3082 4685 9 1.679723027336877e-11
3082 4690 11 1.0769163338864018e-14
3082 4691 11 1.0769163338864018e-14
3082 4692 14 1.1102230246251565e-16
3082 4697 8 5.677809333803907e-10
3082 4699 11 1.0769163338864018e-14
3082 4723 8 5.677809333803907e-10
3082 4744 8 5.677809333803907e-10
3082 4838 9 1.679723027336877e-11
3082 4839 10 4.459765889919254e-13
3082 4840 13 1.1102230246251565e-16
3082 4846 11 1.0769163338864018e-14
3082 4849 9 1.679723027336877e-11
3082 4850 9 1.679723027336877e-11
3082 4853 14 1.1102230246251565e-16
3082 4854 11 1.0769163338864018e-14
3082 4855 14 1.1102230246251565e-16
3082 4858 9 1.679723027336877e-11
3082 4859 10 4.459765889919254e-13
3082 4860 9 1.679723027336877e-11
3082 4861 15 1.1102230246251565e-16
3082 4864 13 1.1102230246251565e-16
3082 4866 8 5.677809333803907e-10
3082 4867 13 1.1102230246251565e-16
3082 4869 9 1.679723027336877e-11
3082 4873 9 1.679723027336877e-11
3082 4874 9 1.679723027336877e-11
3082 4875 10 4.459765889919254e-13
3082 4876 10 4.459765889919254e-13
3082 4878 12 2.220446049250313e-16
3082 4879 13 1.1102230246251565e-16
3082 4880 9 1.679723027336877e-11
3082 4881 9 1.679723027336877e-11
3082 4882 10 4.459765889919254e-13
3082 4883 8 5.677809333803907e-10
3082 4887 8 5.677809333803907e-10
3082 4888 11 1.0769163338864018e-14
3082 4890 15 1.1102230246251565e-16
3082 4897 8 5.677809333803907e-10
3082 4898 12 2.220446049250313e-16
3082 4902 9 1.679723027336877e-11
3082 4903 8 5.677809333803907e-10
3082 4905 8 5.677809333803907e-10
3082 4908 12 2.220446049250313e-16
3082 4913 8 5.677809333803907e-10
3082 4915 10 4.459765889919254e-13
3082 4916 9 1.679723027336877e-11
3082 4919 10 4.459765889919254e-13
3082 4923 11 1.0769163338864018e-14
3082 4927 8 5.677809333803907e-10
3082 4930 8 5.677809333803907e-10
3082 4938 8 5.677809333803907e-10
3082 4943 12 2.220446049250313e-16
3082 4944 10 4.459765889919254e-13
3082 4945 8 5.677809333803907e-10
3082 4954 9 1.679723027336877e-11
3082 4965 12 2.220446049250313e-16
3082 4966 17 1.1102230246251565e-16
3082 4967 17 1.1102230246251565e-16
3082 4968 12 2.220446049250313e-16
3082 4969 24 1.1102230246251565e-16
3082 4970 12 2.220446049250313e-16
3082 4972 8 5.677809333803907e-10
3082 4973 11 1.0769163338864018e-14
3082 4974 13 1.1102230246251565e-16
3082 4975 10 4.459765889919254e-13
3082 4976 12 2.220446049250313e-16
3082 4977 11 1.0769163338864018e-14
3082 4978 11 1.0769163338864018e-14
3082 4979 14 1.1102230246251565e-16
3082 4980 10 4.459765889919254e-13
3082 4984 9 1.679723027336877e-11
3082 4988 12 2.220446049250313e-16
3082 4989 9 1.679723027336877e-11
3082 4991 11 1.0769163338864018e-14
3082 4992 8 5.677809333803907e-10
3082 4993 9 1.679723027336877e-11
3082 4994 8 5.677809333803907e-10
3082 4995 11 1.0769163338864018e-14
3082 4996 14 1.1102230246251565e-16
3082 4997 9 1.679723027336877e-11
3082 4998 8 5.677809333803907e-10
3082 4999 10 4.459765889919254e-13
3082 5000 8 5.677809333803907e-10
3082 5001 10 4.459765889919254e-13
3082 5022 8 5.677809333803907e-10
3082 5023 14 1.1102230246251565e-16
3082 5033 8 5.677809333803907e-10
3082 5047 8 5.677809333803907e-10
3082 5074 8 5.677809333803907e-10
3083 4270 9 1.679723027336877e-11
3083 4509 8 5.677809333803907e-10
3083 4511 8 5.677809333803907e-10
3084 3846 9 1.679723027336877e-11
3084 4916 8 5.677809333803907e-10
3085 4326 28 1.1102230246251565e-16
3085 4507 8 5.677809333803907e-10
3085 4508 13 1.1102230246251565e-16
3085 4522 9 1.679723027336877e-11
3086 4508 8 5.677809333803907e-10
3086 4842 8 5.677809333803907e-10
3108 3614 8 5.677809333803907e-10
3116 4296 9 1.679723027336877e-11
3116 4297 8 5.677809333803907e-10
3116 4513 8 5.677809333803907e-10
3118 4566 10 4.459765889919254e-13
3134 4328 19 1.1102230246251565e-16
3141 4109 14 1.1102230246251565e-16
3141 4110 10 4.459765889919254e-13
3141 4881 29 1.1102230246251565e-16
3141 4882 19 1.1102230246251565e-16
3152 4395 21 1.1102230246251565e-16
3154 3458 8 5.677809333803907e-10
3162 3934 14 1.1102230246251565e-16
3178 4842 8 5.677809333803907e-10
3178 5101 10 4.459765889919254e-13
3179 4513 8 5.677809333803907e-10
3185 4840 9 1.679723027336877e-11
3185 4980 12 2.220446049250313e-16
3197 4844 8 5.677809333803907e-10
3198 4844 9 1.679723027336877e-11
3199 4719 8 5.677809333803907e-10
3200 3702 13 1.1102230246251565e-16
3200 4721 8 5.677809333803907e-10
3201 3702 9 1.679723027336877e-11
3201 4218 8 5.677809333803907e-10
3214 4840 8 5.677809333803907e-10
3215 4842 8 5.677809333803907e-10
3217 3330 9 1.679723027336877e-11
3228 4297 8 5.677809333803907e-10
3229 4840 8 5.677809333803907e-10
3231 4106 43 1.1102230246251565e-16
3231 4174 12 2.220446049250313e-16
3232 4509 8 5.677809333803907e-10
3242 3618 10 4.459765889919254e-13
3242 3673 18 1.1102230246251565e-16
3242 4126 13 1.1102230246251565e-16
3243 4126 9 1.679723027336877e-11
3245 4207 8 5.677809333803907e-10
3263 4002 12 2.220446049250313e-16
3263 5087 24 1.1102230246251565e-16
3266 4639 10 4.459765889919254e-13
3266 4925 8 5.677809333803907e-10
3267 3587 14 1.1102230246251565e-16
3267 3914 11 1.0769163338864018e-14
3267 4844 8 5.677809333803907e-10
3268 3544 10 4.459765889919254e-13
3269 4842 8 5.677809333803907e-10
3270 3544 9 1.679723027336877e-11
3270 4254 8 5.677809333803907e-10
3270 4255 8 5.677809333803907e-10
3270 4259 9 1.679723027336877e-11
3270 4509 8 5.677809333803907e-10
3270 4510 9 1.679723027336877e-11
3270 4515 10 4.459765889919254e-13
3270 4516 11 1.0769163338864018e-14
3270 4842 9 1.679723027336877e-11
3271 4212 8 5.677809333803907e-10
3271 4252 9 1.679723027336877e-11
3271 4326 8 5.677809333803907e-10
3271 4516 8 5.677809333803907e-10
3271 4843 8 5.677809333803907e-10
3271 4844 9 1.679723027336877e-11
3272 4252 9 1.679723027336877e-11
3279 4840 8 5.677809333803907e-10
3281 4252 9 1.679723027336877e-11
3281 4259 8 5.677809333803907e-10
3284 3462 14 1.1102230246251565e-16
3293 4225 12 2.220446049250313e-16
3293 4531 10 4.459765889919254e-13
3293 4538 116 1.1102230246251565e-16
3305 4902 38 1.1102230246251565e-16
3307 4253 8 5.677809333803907e-10
3308 4253 9 1.679723027336877e-11
3308 4529 8 5.677809333803907e-10
3309 4252 9 1.679723027336877e-11
3309 4254 8 5.677809333803907e-10
3309 4529 8 5.677809333803907e-10
3309 4552 8 5.677809333803907e-10
3310 4252 9 1.679723027336877e-11
3310 4253 9 1.679723027336877e-11
3310 4514 9 1.679723027336877e-11
3310 4519 8 5.677809333803907e-10
3311 4252 9 1.679723027336877e-11
3311 4253 8 5.677809333803907e-10
3311 4529 10 4.459765889919254e-13
3312 3491 9 1.679723027336877e-11
3312 4223 9 1.679723027336877e-11
3313 4449 8 5.677809333803907e-10
3314 3543 9 1.679723027336877e-11
3314 3544 8 5.677809333803907e-10
3315 4511 8 5.677809333803907e-10
3315 4513 8 5.677809333803907e-10
3316 3543 10 4.459765889919254e-13
3316 3544 9 1.679723027336877e-11
3316 4208 8 5.677809333803907e-10
3316 4252 12 2.220446049250313e-16
3316 4513 9 1.679723027336877e-11
3316 4844 8 5.677809333803907e-10
3318 4511 8 5.677809333803907e-10
3319 3415 9 1.679723027336877e-11
3319 4953 11 1.0769163338864018e-14
3319 4954 33 1.1102230246251565e-16
3326 4465 8 5.677809333803907e-10
3327 4920 8 5.677809333803907e-10
3336 4560 25 1.1102230246251565e-16
3343 5250 8 5.677809333803907e-10
3353 4218 13 1.1102230246251565e-16
3377 3715 19 1.1102230246251565e-16
3399 5123 14 1.1102230246251565e-16
3415 5170 19 1.1102230246251565e-16
3416 4744 18 1.1102230246251565e-16
3463 3803 8 5.677809333803907e-10
3491 4922 9 1.679723027336877e-11
3540 3774 12 2.220446049250313e-16
3541 3774 32 1.1102230246251565e-16
3543 4924 8 5.677809333803907e-10
3544 5248 11 1.0769163338864018e-14
3550 4232 13 1.1102230246251565e-16
3555 4087 11 1.0769163338864018e-14
3569 4538 9 1.679723027336877e-11
3596 3878 10 4.459765889919254e-13
3597 3878 12 2.220446049250313e-16
3612 4861 8 5.677809333803907e-10
3631 4346 14 1.1102230246251565e-16
3642 4667 15 1.1102230246251565e-16
3652 4514 8 5.677809333803907e-10
3673 4212 8 5.677809333803907e-10
3674 4254 8 5.677809333803907e-10
3674 4552 9 1.679723027336877e-11
3679 4254 287 1.1102230246251565e-16
3697 4988 15 1.1102230246251565e-16
3715 4670 11 1.0769163338864018e-14
3761 4379 21 1.1102230246251565e-16
3766 4501 9 1.679723027336877e-11
3781 3940 8 5.677809333803907e-10
3847 4298 8 5.677809333803907e-10
3849 5097 8 5.677809333803907e-10
3858 4520 8 5.677809333803907e-10
3860 4303 8 5.677809333803907e-10
3869 4840 8 5.677809333803907e-10
3909 4719 9 1.679723027336877e-11
3909 4846 9 1.679723027336877e-11
3913 4431 11 1.0769163338864018e-14
3914 4841 8 5.677809333803907e-10
3916 4513 8 5.677809333803907e-10
3916 4516 9 1.679723027336877e-11
3930 5100 11 1.0769163338864018e-14
3936 4323 13 1.1102230246251565e-16
3974 4183 12 2.220446049250313e-16
3983 4924 8 5.677809333803907e-10
4031 4940 9 1.679723027336877e-11
4062 4533 8 5.677809333803907e-10
4063 4828 13 1.1102230246251565e-16
4092 4613 13 1.1102230246251565e-16
4124 5135 9 1.679723027336877e-11
4125 4388 8 5.677809333803907e-10
4127 4510 17 1.1102230246251565e-16
4165 4722 9 1.679723027336877e-11
4179 5161 8 5.677809333803907e-10
4207 4508 8 5.677809333803907e-10
4207 4515 8 5.677809333803907e-10
4207 4516 9 1.679723027336877e-11
4207 4839 8 5.677809333803907e-10
4207 4844 9 1.679723027336877e-11
4208 4516 10 4.459765889919254e-13
4210 4520 8 5.677809333803907e-10
4210 4843 8 5.677809333803907e-10
4212 4298 8 5.677809333803907e-10
4212 4844 8 5.677809333803907e-10
4213 4325 8 5.677809333803907e-10
4213 4517 8 5.677809333803907e-10
4213 4518 9 1.679723027336877e-11
4214 4512 8 5.677809333803907e-10
4214 4513 12 2.220446049250313e-16
4214 4515 8 5.677809333803907e-10
4214 4516 10 4.459765889919254e-13
4214 4517 10 4.459765889919254e-13
4214 4518 8 5.677809333803907e-10
4214 4520 8 5.677809333803907e-10
4214 4720 8 5.677809333803907e-10
4214 4842 9 1.679723027336877e-11
4214 4843 10 4.459765889919254e-13
4214 4925 8 5.677809333803907e-10
4216 4520 8 5.677809333803907e-10
4217 4513 10 4.459765889919254e-13
4217 4515 11 1.0769163338864018e-14
4217 4516 11 1.0769163338864018e-14
4217 4518 8 5.677809333803907e-10
4217 4841 8 5.677809333803907e-10
4217 4924 8 5.677809333803907e-10
4218 4515 10 4.459765889919254e-13
4218 4518 8 5.677809333803907e-10
4218 4621 21 1.1102230246251565e-16
4221 4511 10 4.459765889919254e-13
4225 4538 16 1.1102230246251565e-16
4246 4739 9 1.679723027336877e-11
4252 4509 9 1.679723027336877e-11
4252 4510 10 4.459765889919254e-13
4252 4515 9 1.679723027336877e-11
4252 4529 8 5.677809333803907e-10
4253 4516 8 5.677809333803907e-10
4253 4925 8 5.677809333803907e-10
4254 4269 16 1.1102230246251565e-16
4254 4270 14 1.1102230246251565e-16
4254 4271 13 1.1102230246251565e-16
4254 4273 8 5.677809333803907e-10
4254 4276 10 4.459765889919254e-13
4254 4295 8 5.677809333803907e-10
4254 4297 8 5.677809333803907e-10
4254 4306 11 1.0769163338864018e-14
4254 4510 8 5.677809333803907e-10
4254 4513 8 5.677809333803907e-10
4254 4514 9 1.679723027336877e-11
4254 4516 12 2.220446049250313e-16
4254 4656 18 1.1102230246251565e-16
4254 4721 9 1.679723027336877e-11
4254 4925 11 1.0769163338864018e-14
4254 4926 8 5.677809333803907e-10
4255 4516 11 1.0769163338864018e-14
4259 4508 10 4.459765889919254e-13
4268 4656 10 4.459765889919254e-13
4268 4838 10 4.459765889919254e-13
4271 4844 9 1.679723027336877e-11
4284 4538 12 2.220446049250313e-16
4289 4864 8 5.677809333803907e-10
4292 4704 8 5.677809333803907e-10
4296 4548 8 5.677809333803907e-10
4298 4550 8 5.677809333803907e-10
4298 4839 10 4.459765889919254e-13
4302 4516 8 5.677809333803907e-10
4306 4552 13 1.1102230246251565e-16
4326 4840 8 5.677809333803907e-10
4327 4516 9 1.679723027336877e-11
4328 4521 9 1.679723027336877e-11
4348 4858 8 5.677809333803907e-10
4376 4998 8 5.677809333803907e-10
4377 4467 8 5.677809333803907e-10
4436 5160 9 1.679723027336877e-11
4482 4950 14 1.1102230246251565e-16
4508 4840 11 1.0769163338864018e-14
4508 4841 8 5.677809333803907e-10
4508 4842 9 1.679723027336877e-11
4508 4843 8 5.677809333803907e-10
4508 4846 9 1.679723027336877e-11
4508 5046 8 5.677809333803907e-10
4509 4840 9 1.679723027336877e-11
4509 4841 8 5.677809333803907e-10
4509 4844 9 1.679723027336877e-11
4511 4840 8 5.677809333803907e-10
4511 4841 9 1.679723027336877e-11
4511 4842 10 4.459765889919254e-13
4511 4844 8 5.677809333803907e-10
4512 4842 9 1.679723027336877e-11
4512 4843 9 1.679723027336877e-11
4515 4846 9 1.679723027336877e-11
4516 4922 8 5.677809333803907e-10
4518 4839 8 5.677809333803907e-10
4523 4840 8 5.677809333803907e-10
4523 4842 8 5.677809333803907e-10
4527 4900 11 1.0769163338864018e-14
4527 4901 10 4.459765889919254e-13
4529 4921 9 1.679723027336877e-11
4529 4922 11 1.0769163338864018e-14
4529 4925 9 1.679723027336877e-11
4538 4656 12 2.220446049250313e-16
4538 4797 23 1.1102230246251565e-16
4551 4920 9 1.679723027336877e-11
4552 4921 9 1.679723027336877e-11
4649 4954 19 1.1102230246251565e-16
4720 4842 8 5.677809333803907e-10
4908 5208 22 1.1102230246251565e-16
