bin1 bin2 count p_value
6 3082 24 1.1102230246251565e-16
7 3082 13 4.974576306437939e-12
8 3082 24 1.1102230246251565e-16
9 3082 38 1.1102230246251565e-16
9 4996 30 1.1102230246251565e-16
10 3082 25 1.1102230246251565e-16
11 3082 25 1.1102230246251565e-16
12 3082 23 1.1102230246251565e-16
13 3082 20 1.1102230246251565e-16
14 3082 21 1.1102230246251565e-16
16 3082 16 6.661338147750939e-16
17 3082 12 8.190526035178891e-11
18 3082 11 1.2408848393263838e-09
19 3082 17 1.1102230246251565e-16
19 3234 11 1.2408848393263838e-09
20 3082 11 1.2408848393263838e-09
21 3082 19 1.1102230246251565e-16
22 3082 15 1.4654943925052066e-14
24 3082 11 1.2408848393263838e-09
25 3082 22 1.1102230246251565e-16
27 3082 15 1.4654943925052066e-14
28 3082 15 1.4654943925052066e-14
31 3082 11 1.2408848393263838e-09
32 3082 13 4.974576306437939e-12
33 1712 16 6.661338147750939e-16
33 3082 16 6.661338147750939e-16
34 3082 19 1.1102230246251565e-16
37 3082 11 1.2408848393263838e-09
41 3082 11 1.2408848393263838e-09
42 3082 13 4.974576306437939e-12
43 2375 13 4.974576306437939e-12
48 3082 12 8.190526035178891e-11
111 4916 39 1.1102230246251565e-16
130 2546 19 1.1102230246251565e-16
132 2703 15 1.4654943925052066e-14
167 585 12 8.190526035178891e-11
179 871 15 1.4654943925052066e-14
180 401 21 1.1102230246251565e-16
180 1085 13 4.974576306437939e-12
180 1086 11 1.2408848393263838e-09
180 1087 11 1.2408848393263838e-09
180 3082 57 1.1102230246251565e-16
186 1127 13 4.974576306437939e-12
222 1928 31 1.1102230246251565e-16
233 4289 17 1.1102230246251565e-16
270 3069 18 1.1102230246251565e-16
273 2397 38 1.1102230246251565e-16
277 3559 16 6.661338147750939e-16
277 3560 18 1.1102230246251565e-16
304 3910 20 1.1102230246251565e-16
308 2610 14 2.795541576006144e-13
309 2610 11 1.2408848393263838e-09
318 3216 21 1.1102230246251565e-16
328 3138 14 2.795541576006144e-13
347 3069 14 2.795541576006144e-13
347 4337 15 1.4654943925052066e-14
359 2377 12 8.190526035178891e-11
365 1064 16 6.661338147750939e-16
401 3082 40 1.1102230246251565e-16
401 4609 14 2.795541576006144e-13
402 3082 28 1.1102230246251565e-16
403 3082 23 1.1102230246251565e-16
404 3082 23 1.1102230246251565e-16
405 3082 24 1.1102230246251565e-16
406 2495 27 1.1102230246251565e-16
406 3082 18 1.1102230246251565e-16
407 3082 19 1.1102230246251565e-16
408 3082 21 1.1102230246251565e-16
409 3082 13 4.974576306437939e-12
411 3082 12 8.190526035178891e-11
413 3082 14 2.795541576006144e-13
414 3082 21 1.1102230246251565e-16
415 3082 20 1.1102230246251565e-16
416 3082 19 1.1102230246251565e-16
417 3082 20 1.1102230246251565e-16
417 3640 17 1.1102230246251565e-16
418 3082 21 1.1102230246251565e-16
420 3082 15 1.4654943925052066e-14
421 3082 11 1.2408848393263838e-09
422 2607 12 8.190526035178891e-11
422 3082 19 1.1102230246251565e-16
424 3082 21 1.1102230246251565e-16
425 3082 11 1.2408848393263838e-09
426 3082 16 6.661338147750939e-16
428 3082 12 8.190526035178891e-11
430 3082 20 1.1102230246251565e-16
431 3082 16 6.661338147750939e-16
432 3082 19 1.1102230246251565e-16
433 3082 20 1.1102230246251565e-16
435 3082 13 4.974576306437939e-12
436 3082 16 6.661338147750939e-16
440 3082 16 6.661338147750939e-16
441 3082 16 6.661338147750939e-16
444 3082 14 2.795541576006144e-13
445 3082 11 1.2408848393263838e-09
483 1887 19 1.1102230246251565e-16
487 4017 22 1.1102230246251565e-16
507 2717 11 1.2408848393263838e-09
508 2717 38 1.1102230246251565e-16
534 1665 18 1.1102230246251565e-16
534 1666 45 1.1102230246251565e-16
542 1290 28 1.1102230246251565e-16
542 1291 13 4.974576306437939e-12
593 5141 15 1.4654943925052066e-14
594 2962 21 1.1102230246251565e-16
602 2845 12 8.190526035178891e-11
620 2141 17 1.1102230246251565e-16
622 920 21 1.1102230246251565e-16
632 4844 18 1.1102230246251565e-16
637 3766 12 8.190526035178891e-11
638 2326 19 1.1102230246251565e-16
650 1269 12 8.190526035178891e-11
651 1269 29 1.1102230246251565e-16
654 2645 14 2.795541576006144e-13
656 3999 11 1.2408848393263838e-09
657 3999 34 1.1102230246251565e-16
667 1478 18 1.1102230246251565e-16
674 4011 16 6.661338147750939e-16
683 957 22 1.1102230246251565e-16
687 4635 14 2.795541576006144e-13
702 3907 25 1.1102230246251565e-16
703 3907 20 1.1102230246251565e-16
704 2560 26 1.1102230246251565e-16
704 2561 20 1.1102230246251565e-16
709 2991 12 8.190526035178891e-11
710 2991 13 4.974576306437939e-12
720 1203 22 1.1102230246251565e-16
729 1819 15 1.4654943925052066e-14
757 3318 15 1.4654943925052066e-14
758 775 13 4.974576306437939e-12
758 3319 14 2.795541576006144e-13
758 4538 26 1.1102230246251565e-16
765 3082 12 8.190526035178891e-11
766 3082 18 1.1102230246251565e-16
767 3082 14 2.795541576006144e-13
768 3082 15 1.4654943925052066e-14
771 3082 11 1.2408848393263838e-09
773 3082 15 1.4654943925052066e-14
774 3082 12 8.190526035178891e-11
775 3082 19 1.1102230246251565e-16
776 3082 15 1.4654943925052066e-14
777 3082 17 1.1102230246251565e-16
778 3082 14 2.795541576006144e-13
779 3082 14 2.795541576006144e-13
781 3082 11 1.2408848393263838e-09
788 3082 11 1.2408848393263838e-09
791 3082 11 1.2408848393263838e-09
792 3082 14 2.795541576006144e-13
797 1388 27 1.1102230246251565e-16
797 3082 12 8.190526035178891e-11
802 3082 12 8.190526035178891e-11
806 5093 21 1.1102230246251565e-16
812 3082 11 1.2408848393263838e-09
814 3082 13 4.974576306437939e-12
815 3082 11 1.2408848393263838e-09
819 3082 14 2.795541576006144e-13
823 1419 23 1.1102230246251565e-16
823 3082 16 6.661338147750939e-16
826 3693 12 8.190526035178891e-11
830 3828 29 1.1102230246251565e-16
832 1404 12 8.190526035178891e-11
832 3770 22 1.1102230246251565e-16
836 2372 12 8.190526035178891e-11
861 3869 13 4.974576306437939e-12
875 3942 11 1.2408848393263838e-09
876 2869 16 6.661338147750939e-16
908 1455 23 1.1102230246251565e-16
911 3843 13 4.974576306437939e-12
917 3711 12 8.190526035178891e-11
927 2026 24 1.1102230246251565e-16
928 2026 13 4.974576306437939e-12
931 4125 16 6.661338147750939e-16
931 4165 13 4.974576306437939e-12
931 4429 13 4.974576306437939e-12
932 4534 11 1.2408848393263838e-09
933 1714 16 6.661338147750939e-16
935 1344 13 4.974576306437939e-12
935 2474 24 1.1102230246251565e-16
957 4122 38 1.1102230246251565e-16
990 3963 13 4.974576306437939e-12
1013 5096 12 8.190526035178891e-11
1032 3877 19 1.1102230246251565e-16
1035 1140 27 1.1102230246251565e-16
1048 4995 11 1.2408848393263838e-09
1049 3436 15 1.4654943925052066e-14
1050 2678 15 1.4654943925052066e-14
1051 2991 12 8.190526035178891e-11
1085 1703 27 1.1102230246251565e-16
1085 2003 18 1.1102230246251565e-16
1085 2309 50 1.1102230246251565e-16
1085 2310 12 8.190526035178891e-11
1085 3569 13 4.974576306437939e-12
1086 3082 27 1.1102230246251565e-16
1087 3082 18 1.1102230246251565e-16
1088 3082 16 6.661338147750939e-16
1089 3082 16 6.661338147750939e-16
1090 3082 13 4.974576306437939e-12
1091 3082 18 1.1102230246251565e-16
1092 3082 17 1.1102230246251565e-16
1093 3082 14 2.795541576006144e-13
1094 3082 15 1.4654943925052066e-14
1095 3082 17 1.1102230246251565e-16
1096 3082 22 1.1102230246251565e-16
1097 3082 13 4.974576306437939e-12
1098 3082 16 6.661338147750939e-16
1099 3082 14 2.795541576006144e-13
1100 3082 14 2.795541576006144e-13
1101 3082 19 1.1102230246251565e-16
1101 4851 15 1.4654943925052066e-14
1102 3082 15 1.4654943925052066e-14
1103 3082 11 1.2408848393263838e-09
1105 3082 11 1.2408848393263838e-09
1106 3082 12 8.190526035178891e-11
1108 3082 15 1.4654943925052066e-14
1109 3082 13 4.974576306437939e-12
1111 3082 11 1.2408848393263838e-09
1117 3082 14 2.795541576006144e-13
1118 3082 14 2.795541576006144e-13
1122 3082 15 1.4654943925052066e-14
1140 4669 15 1.4654943925052066e-14
1144 3082 12 8.190526035178891e-11
1145 1653 12 8.190526035178891e-11
1148 3082 12 8.190526035178891e-11
1161 4602 15 1.4654943925052066e-14
1165 3028 12 8.190526035178891e-11
1167 3082 11 1.2408848393263838e-09
1221 4850 17 1.1102230246251565e-16
1221 4851 11 1.2408848393263838e-09
1276 5119 12 8.190526035178891e-11
1308 2698 15 1.4654943925052066e-14
1317 3195 15 1.4654943925052066e-14
1343 4297 16 6.661338147750939e-16
1353 1475 17 1.1102230246251565e-16
1353 1476 16 6.661338147750939e-16
1367 4306 28 1.1102230246251565e-16
1388 4008 27 1.1102230246251565e-16
1389 4721 53 1.1102230246251565e-16
1397 3082 19 1.1102230246251565e-16
1398 2454 17 1.1102230246251565e-16
1398 3082 19 1.1102230246251565e-16
1399 3082 11 1.2408848393263838e-09
1400 3082 15 1.4654943925052066e-14
1402 3082 12 8.190526035178891e-11
1408 3082 11 1.2408848393263838e-09
1417 3082 16 6.661338147750939e-16
1422 3082 13 4.974576306437939e-12
1423 3082 12 8.190526035178891e-11
1424 3082 16 6.661338147750939e-16
1425 3082 11 1.2408848393263838e-09
1431 3082 15 1.4654943925052066e-14
1433 3082 14 2.795541576006144e-13
1433 4043 11 1.2408848393263838e-09
1448 3082 12 8.190526035178891e-11
1450 3311 11 1.2408848393263838e-09
1456 3082 19 1.1102230246251565e-16
1456 3743 15 1.4654943925052066e-14
1457 3082 65 1.1102230246251565e-16
1462 2969 13 4.974576306437939e-12
1465 2007 22 1.1102230246251565e-16
1540 3048 21 1.1102230246251565e-16
1541 3048 57 1.1102230246251565e-16
1541 3191 14 2.795541576006144e-13
1542 3048 12 8.190526035178891e-11
1547 2330 12 8.190526035178891e-11
1550 4268 11 1.2408848393263838e-09
1567 3526 11 1.2408848393263838e-09
1572 2731 17 1.1102230246251565e-16
1576 4272 25 1.1102230246251565e-16
1621 3221 12 8.190526035178891e-11
1646 4183 11 1.2408848393263838e-09
1652 3873 30 1.1102230246251565e-16
1652 3874 18 1.1102230246251565e-16
1652 4507 34 1.1102230246251565e-16
1663 1705 14 2.795541576006144e-13
1682 5091 13 4.974576306437939e-12
1684 2650 13 4.974576306437939e-12
1685 2838 18 1.1102230246251565e-16
1685 3293 15 1.4654943925052066e-14
1685 4538 91 1.1102230246251565e-16
1690 2448 16 6.661338147750939e-16
1703 3082 26 1.1102230246251565e-16
1703 4268 21 1.1102230246251565e-16
1703 4538 127 1.1102230246251565e-16
1703 4656 12 8.190526035178891e-11
1704 2708 13 4.974576306437939e-12
1704 3082 26 1.1102230246251565e-16
1705 3082 20 1.1102230246251565e-16
1706 3082 16 6.661338147750939e-16
1707 3082 19 1.1102230246251565e-16
1708 3082 12 8.190526035178891e-11
1708 3676 12 8.190526035178891e-11
1709 3082 16 6.661338147750939e-16
1710 3082 15 1.4654943925052066e-14
1711 3082 16 6.661338147750939e-16
1711 4576 12 8.190526035178891e-11
1712 3082 14 2.795541576006144e-13
1713 3082 19 1.1102230246251565e-16
1714 3082 15 1.4654943925052066e-14
1714 4299 11 1.2408848393263838e-09
1719 3082 11 1.2408848393263838e-09
1720 3082 16 6.661338147750939e-16
1722 3082 11 1.2408848393263838e-09
1724 3082 16 6.661338147750939e-16
1725 3082 11 1.2408848393263838e-09
1726 3082 12 8.190526035178891e-11
1729 3082 12 8.190526035178891e-11
1730 3082 12 8.190526035178891e-11
1731 3082 11 1.2408848393263838e-09
1732 2372 11 1.2408848393263838e-09
1732 2373 11 1.2408848393263838e-09
1732 3082 15 1.4654943925052066e-14
1734 3082 11 1.2408848393263838e-09
1740 3082 16 6.661338147750939e-16
1743 3082 11 1.2408848393263838e-09
1748 3082 15 1.4654943925052066e-14
1749 2364 11 1.2408848393263838e-09
1753 3082 13 4.974576306437939e-12
1754 3082 13 4.974576306437939e-12
1755 3082 11 1.2408848393263838e-09
1771 3375 30 1.1102230246251565e-16
1774 3082 14 2.795541576006144e-13
1775 3082 11 1.2408848393263838e-09
1797 4566 14 2.795541576006144e-13
1801 3082 11 1.2408848393263838e-09
1804 4948 22 1.1102230246251565e-16
1810 3660 27 1.1102230246251565e-16
1810 4325 17 1.1102230246251565e-16
1829 3168 23 1.1102230246251565e-16
1831 4831 42 1.1102230246251565e-16
1832 4831 16 6.661338147750939e-16
1837 4886 12 8.190526035178891e-11
1837 4887 58 1.1102230246251565e-16
1849 4358 11 1.2408848393263838e-09
1879 2206 26 1.1102230246251565e-16
1880 4890 18 1.1102230246251565e-16
1910 5034 12 8.190526035178891e-11
1914 4369 30 1.1102230246251565e-16
1921 3289 12 8.190526035178891e-11
1926 3704 13 4.974576306437939e-12
1927 5134 14 2.795541576006144e-13
1946 2743 15 1.4654943925052066e-14
1963 2378 13 4.974576306437939e-12
1963 2379 19 1.1102230246251565e-16
1978 3879 15 1.4654943925052066e-14
1991 2858 17 1.1102230246251565e-16
1991 2990 36 1.1102230246251565e-16
2003 3082 61 1.1102230246251565e-16
2004 3082 21 1.1102230246251565e-16
2005 3082 21 1.1102230246251565e-16
2006 3082 23 1.1102230246251565e-16
2007 3082 16 6.661338147750939e-16
2008 3082 12 8.190526035178891e-11
2009 3082 29 1.1102230246251565e-16
2010 3082 26 1.1102230246251565e-16
2011 2814 21 1.1102230246251565e-16
2011 3082 17 1.1102230246251565e-16
2011 5287 18 1.1102230246251565e-16
2022 3082 11 1.2408848393263838e-09
2023 3082 22 1.1102230246251565e-16
2024 3082 19 1.1102230246251565e-16
2030 3082 14 2.795541576006144e-13
2031 3082 12 8.190526035178891e-11
2031 3875 11 1.2408848393263838e-09
2032 3082 12 8.190526035178891e-11
2036 3082 12 8.190526035178891e-11
2046 2391 15 1.4654943925052066e-14
2046 2392 16 6.661338147750939e-16
2047 3082 11 1.2408848393263838e-09
2049 3082 16 6.661338147750939e-16
2060 3082 12 8.190526035178891e-11
2170 4214 11 1.2408848393263838e-09
2171 5286 11 1.2408848393263838e-09
2174 2871 12 8.190526035178891e-11
2183 4072 21 1.1102230246251565e-16
2184 3951 15 1.4654943925052066e-14
2189 2322 16 6.661338147750939e-16
2189 4647 23 1.1102230246251565e-16
2196 3261 15 1.4654943925052066e-14
2201 2426 11 1.2408848393263838e-09
2204 4400 19 1.1102230246251565e-16
2215 2661 16 6.661338147750939e-16
2220 3560 21 1.1102230246251565e-16
2232 2917 11 1.2408848393263838e-09
2239 2922 33 1.1102230246251565e-16
2255 2969 11 1.2408848393263838e-09
2264 3679 14 2.795541576006144e-13
2268 4922 33 1.1102230246251565e-16
2269 3278 12 8.190526035178891e-11
2271 4295 11 1.2408848393263838e-09
2309 3082 62 1.1102230246251565e-16
2309 4254 12 8.190526035178891e-11
2310 3082 40 1.1102230246251565e-16
2310 4538 110 1.1102230246251565e-16
2311 2652 17 1.1102230246251565e-16
2311 3082 22 1.1102230246251565e-16
2311 3860 12 8.190526035178891e-11
2312 3082 26 1.1102230246251565e-16
2313 3082 14 2.795541576006144e-13
2314 3082 14 2.795541576006144e-13
2314 3842 25 1.1102230246251565e-16
2315 3082 14 2.795541576006144e-13
2316 3082 12 8.190526035178891e-11
2318 3082 19 1.1102230246251565e-16
2319 3082 18 1.1102230246251565e-16
2320 3082 26 1.1102230246251565e-16
2321 3082 36 1.1102230246251565e-16
2322 3082 19 1.1102230246251565e-16
2323 3082 19 1.1102230246251565e-16
2324 3082 20 1.1102230246251565e-16
2325 3082 18 1.1102230246251565e-16
2326 3082 16 6.661338147750939e-16
2327 3082 13 4.974576306437939e-12
2328 3082 13 4.974576306437939e-12
2329 3082 12 8.190526035178891e-11
2330 3082 15 1.4654943925052066e-14
2331 3082 19 1.1102230246251565e-16
2332 3082 18 1.1102230246251565e-16
2333 3082 12 8.190526035178891e-11
2334 3082 12 8.190526035178891e-11
2339 3082 15 1.4654943925052066e-14
2340 3082 16 6.661338147750939e-16
2341 3082 12 8.190526035178891e-11
2349 3082 19 1.1102230246251565e-16
2350 3082 16 6.661338147750939e-16
2351 3082 12 8.190526035178891e-11
2353 3082 15 1.4654943925052066e-14
2355 3082 12 8.190526035178891e-11
2357 3082 14 2.795541576006144e-13
2359 3082 17 1.1102230246251565e-16
2373 3082 16 6.661338147750939e-16
2373 5252 16 6.661338147750939e-16
2374 3082 12 8.190526035178891e-11
2375 3082 11 1.2408848393263838e-09
2401 3571 13 4.974576306437939e-12
2441 2844 11 1.2408848393263838e-09
2458 3907 22 1.1102230246251565e-16
2478 2677 35 1.1102230246251565e-16
2494 3214 18 1.1102230246251565e-16
2511 3424 18 1.1102230246251565e-16
2520 2930 31 1.1102230246251565e-16
2520 2931 100 1.1102230246251565e-16
2520 2932 11 1.2408848393263838e-09
2554 3329 25 1.1102230246251565e-16
2565 4649 24 1.1102230246251565e-16
2566 4649 42 1.1102230246251565e-16
2573 3082 28 1.1102230246251565e-16
2574 3082 22 1.1102230246251565e-16
2575 3082 23 1.1102230246251565e-16
2576 3082 12 8.190526035178891e-11
2577 3082 16 6.661338147750939e-16
2578 3082 15 1.4654943925052066e-14
2578 3496 12 8.190526035178891e-11
2579 3082 13 4.974576306437939e-12
2581 3082 18 1.1102230246251565e-16
2582 3082 19 1.1102230246251565e-16
2583 3082 24 1.1102230246251565e-16
2584 3082 17 1.1102230246251565e-16
2585 3082 17 1.1102230246251565e-16
2586 3082 12 8.190526035178891e-11
2587 3082 16 6.661338147750939e-16
2588 3082 13 4.974576306437939e-12
2589 3082 17 1.1102230246251565e-16
2590 3082 18 1.1102230246251565e-16
2591 3082 16 6.661338147750939e-16
2592 3082 17 1.1102230246251565e-16
2593 3082 21 1.1102230246251565e-16
2594 3082 18 1.1102230246251565e-16
2595 3082 13 4.974576306437939e-12
2597 3082 21 1.1102230246251565e-16
2601 3082 15 1.4654943925052066e-14
2602 3082 14 2.795541576006144e-13
2603 3082 14 2.795541576006144e-13
2604 4247 12 8.190526035178891e-11
2605 3082 13 4.974576306437939e-12
2605 5117 12 8.190526035178891e-11
2607 3082 19 1.1102230246251565e-16
2608 3082 12 8.190526035178891e-11
2608 4719 19 1.1102230246251565e-16
2610 3082 14 2.795541576006144e-13
2617 3082 12 8.190526035178891e-11
2620 3082 13 4.974576306437939e-12
2627 3082 11 1.2408848393263838e-09
2628 2827 11 1.2408848393263838e-09
2632 3082 12 8.190526035178891e-11
2637 3082 11 1.2408848393263838e-09
2646 3082 13 4.974576306437939e-12
2647 3082 14 2.795541576006144e-13
2647 4156 17 1.1102230246251565e-16
2648 3082 13 4.974576306437939e-12
2696 5220 19 1.1102230246251565e-16
2702 4629 17 1.1102230246251565e-16
2713 5149 14 2.795541576006144e-13
2724 3118 12 8.190526035178891e-11
2732 3641 25 1.1102230246251565e-16
2742 4388 18 1.1102230246251565e-16
2780 4353 21 1.1102230246251565e-16
2795 3074 12 8.190526035178891e-11
2803 4361 40 1.1102230246251565e-16
2814 5287 13 4.974576306437939e-12
2822 3082 12 8.190526035178891e-11
2822 3421 11 1.2408848393263838e-09
2824 3082 11 1.2408848393263838e-09
2826 3082 11 1.2408848393263838e-09
2827 3082 11 1.2408848393263838e-09
2828 3082 20 1.1102230246251565e-16
2829 3082 30 1.1102230246251565e-16
2830 3082 20 1.1102230246251565e-16
2831 3082 12 8.190526035178891e-11
2832 3082 12 8.190526035178891e-11
2833 3082 12 8.190526035178891e-11
2837 3082 13 4.974576306437939e-12
2838 3082 14 2.795541576006144e-13
2840 3082 18 1.1102230246251565e-16
2841 3082 15 1.4654943925052066e-14
2842 3082 16 6.661338147750939e-16
2843 3082 16 6.661338147750939e-16
2844 3082 14 2.795541576006144e-13
2847 3082 15 1.4654943925052066e-14
2847 3110 14 2.795541576006144e-13
2849 3082 11 1.2408848393263838e-09
2850 3082 13 4.974576306437939e-12
2850 4905 12 8.190526035178891e-11
2851 3082 14 2.795541576006144e-13
2852 3082 12 8.190526035178891e-11
2853 3082 11 1.2408848393263838e-09
2859 3569 18 1.1102230246251565e-16
2876 4807 18 1.1102230246251565e-16
2921 3605 19 1.1102230246251565e-16
2947 3574 12 8.190526035178891e-11
2948 3574 52 1.1102230246251565e-16
2971 4523 13 4.974576306437939e-12
3021 3302 18 1.1102230246251565e-16
3030 4606 18 1.1102230246251565e-16
3043 5089 11 1.2408848393263838e-09
3075 4954 13 4.974576306437939e-12
3082 3326 13 4.974576306437939e-12
3082 3328 11 1.2408848393263838e-09
3082 3329 11 1.2408848393263838e-09
3082 3336 16 6.661338147750939e-16
3082 3345 13 4.974576306437939e-12
3082 3347 11 1.2408848393263838e-09
3082 3569 14 2.795541576006144e-13
3082 3570 42 1.1102230246251565e-16
3082 3571 25 1.1102230246251565e-16
3082 3572 11 1.2408848393263838e-09
3082 3574 17 1.1102230246251565e-16
3082 3575 12 8.190526035178891e-11
3082 3576 12 8.190526035178891e-11
3082 3577 12 8.190526035178891e-11
3082 3578 12 8.190526035178891e-11
3082 3579 11 1.2408848393263838e-09
3082 3580 21 1.1102230246251565e-16
3082 3581 23 1.1102230246251565e-16
3082 3582 16 6.661338147750939e-16
3082 3586 19 1.1102230246251565e-16
3082 3587 21 1.1102230246251565e-16
3082 3588 12 8.190526035178891e-11
3082 3590 11 1.2408848393263838e-09
3082 3591 12 8.190526035178891e-11
3082 3593 14 2.795541576006144e-13
3082 3594 17 1.1102230246251565e-16
3082 3601 13 4.974576306437939e-12
3082 3603 11 1.2408848393263838e-09
3082 3609 12 8.190526035178891e-11
3082 3610 14 2.795541576006144e-13
3082 3625 17 1.1102230246251565e-16
3082 3627 12 8.190526035178891e-11
3082 3640 11 1.2408848393263838e-09
3082 3679 35 1.1102230246251565e-16
3082 3821 11 1.2408848393263838e-09
3082 3827 11 1.2408848393263838e-09
3082 3828 17 1.1102230246251565e-16
3082 3829 17 1.1102230246251565e-16
3082 3832 14 2.795541576006144e-13
3082 3833 23 1.1102230246251565e-16
3082 3835 16 6.661338147750939e-16
3082 3837 13 4.974576306437939e-12
3082 3838 15 1.4654943925052066e-14
3082 3839 11 1.2408848393263838e-09
3082 3840 14 2.795541576006144e-13
3082 3841 15 1.4654943925052066e-14
3082 3842 45 1.1102230246251565e-16
3082 3843 41 1.1102230246251565e-16
3082 3844 18 1.1102230246251565e-16
3082 3846 11 1.2408848393263838e-09
3082 3848 12 8.190526035178891e-11
3082 3849 13 4.974576306437939e-12
3082 3859 14 2.795541576006144e-13
3082 3865 11 1.2408848393263838e-09
3082 3879 11 1.2408848393263838e-09
3082 4061 18 1.1102230246251565e-16
3082 4062 21 1.1102230246251565e-16
3082 4063 17 1.1102230246251565e-16
3082 4064 15 1.4654943925052066e-14
3082 4065 15 1.4654943925052066e-14
3082 4067 12 8.190526035178891e-11
3082 4068 21 1.1102230246251565e-16
3082 4069 15 1.4654943925052066e-14
3082 4071 22 1.1102230246251565e-16
3082 4072 25 1.1102230246251565e-16
3082 4073 13 4.974576306437939e-12
3082 4075 15 1.4654943925052066e-14
3082 4076 13 4.974576306437939e-12
3082 4077 17 1.1102230246251565e-16
3082 4078 21 1.1102230246251565e-16
3082 4079 11 1.2408848393263838e-09
3082 4080 30 1.1102230246251565e-16
3082 4084 14 2.795541576006144e-13
3082 4085 13 4.974576306437939e-12
3082 4086 12 8.190526035178891e-11
3082 4087 16 6.661338147750939e-16
3082 4088 12 8.190526035178891e-11
3082 4093 11 1.2408848393263838e-09
3082 4094 15 1.4654943925052066e-14
3082 4096 14 2.795541576006144e-13
3082 4097 14 2.795541576006144e-13
3082 4102 12 8.190526035178891e-11
3082 4105 11 1.2408848393263838e-09
3082 4106 17 1.1102230246251565e-16
3082 4109 13 4.974576306437939e-12
3082 4110 17 1.1102230246251565e-16
3082 4126 12 8.190526035178891e-11
3082 4130 13 4.974576306437939e-12
3082 4131 14 2.795541576006144e-13
3082 4254 234 1.1102230246251565e-16
3082 4268 13 4.974576306437939e-12
3082 4269 21 1.1102230246251565e-16
3082 4270 17 1.1102230246251565e-16
3082 4271 14 2.795541576006144e-13
3082 4272 15 1.4654943925052066e-14
3082 4278 12 8.190526035178891e-11
3082 4280 15 1.4654943925052066e-14
3082 4284 15 1.4654943925052066e-14
3082 4285 11 1.2408848393263838e-09
3082 4299 14 2.795541576006144e-13
3082 4312 13 4.974576306437939e-12
3082 4465 42 1.1102230246251565e-16
3082 4466 26 1.1102230246251565e-16
3082 4467 21 1.1102230246251565e-16
3082 4468 17 1.1102230246251565e-16
3082 4469 13 4.974576306437939e-12
3082 4470 13 4.974576306437939e-12
3082 4476 15 1.4654943925052066e-14
3082 4477 11 1.2408848393263838e-09
3082 4478 19 1.1102230246251565e-16
3082 4479 12 8.190526035178891e-11
3082 4480 17 1.1102230246251565e-16
3082 4482 12 8.190526035178891e-11
3082 4483 13 4.974576306437939e-12
3082 4484 13 4.974576306437939e-12
3082 4487 11 1.2408848393263838e-09
3082 4488 17 1.1102230246251565e-16
3082 4490 19 1.1102230246251565e-16
3082 4492 13 4.974576306437939e-12
3082 4493 12 8.190526035178891e-11
3082 4494 16 6.661338147750939e-16
3082 4502 15 1.4654943925052066e-14
3082 4504 11 1.2408848393263838e-09
3082 4506 15 1.4654943925052066e-14
3082 4523 18 1.1102230246251565e-16
3082 4656 41 1.1102230246251565e-16
3082 4855 13 4.974576306437939e-12
3082 4869 13 4.974576306437939e-12
3082 4896 12 8.190526035178891e-11
3082 4966 12 8.190526035178891e-11
3082 4968 13 4.974576306437939e-12
3085 4326 20 1.1102230246251565e-16
3134 4328 18 1.1102230246251565e-16
3141 4109 13 4.974576306437939e-12
3141 4881 30 1.1102230246251565e-16
3141 4882 40 1.1102230246251565e-16
3152 4395 15 1.4654943925052066e-14
3154 3458 11 1.2408848393263838e-09
3160 3706 13 4.974576306437939e-12
3162 3934 15 1.4654943925052066e-14
3201 4218 13 4.974576306437939e-12
3231 4106 36 1.1102230246251565e-16
3231 4174 12 8.190526035178891e-11
3242 3673 24 1.1102230246251565e-16
3242 4126 12 8.190526035178891e-11
3243 4126 14 2.795541576006144e-13
3263 5087 19 1.1102230246251565e-16
3293 4538 118 1.1102230246251565e-16
3305 4902 21 1.1102230246251565e-16
3319 4953 28 1.1102230246251565e-16
3319 4954 46 1.1102230246251565e-16
3326 4465 16 6.661338147750939e-16
3336 4560 24 1.1102230246251565e-16
3343 3648 11 1.2408848393263838e-09
3353 4218 16 6.661338147750939e-16
3377 3715 15 1.4654943925052066e-14
3395 4347 11 1.2408848393263838e-09
3540 3774 12 8.190526035178891e-11
3541 3774 27 1.1102230246251565e-16
3544 5248 14 2.795541576006144e-13
3550 4232 14 2.795541576006144e-13
3597 3878 11 1.2408848393263838e-09
3612 4861 13 4.974576306437939e-12
3679 4254 241 1.1102230246251565e-16
3697 4988 16 6.661338147750939e-16
3754 4633 11 1.2408848393263838e-09
3761 4379 14 2.795541576006144e-13
3766 4501 15 1.4654943925052066e-14
3913 4431 11 1.2408848393263838e-09
3936 4323 17 1.1102230246251565e-16
3974 4183 20 1.1102230246251565e-16
3993 5023 11 1.2408848393263838e-09
4031 4940 11 1.2408848393263838e-09
4063 4828 22 1.1102230246251565e-16
4218 4621 23 1.1102230246251565e-16
4268 4656 22 1.1102230246251565e-16
4268 4838 14 2.795541576006144e-13
4284 4538 13 4.974576306437939e-12
4296 4548 15 1.4654943925052066e-14
4306 4552 11 1.2408848393263838e-09
4347 4620 11 1.2408848393263838e-09
4363 4918 14 2.795541576006144e-13
4482 4950 14 2.795541576006144e-13
4527 4900 23 1.1102230246251565e-16
4538 4797 17 1.1102230246251565e-16
4550 5253 12 8.190526035178891e-11
4649 4954 13 4.974576306437939e-12
4908 5208 21 1.1102230246251565e-16
4924 4973 21 1.1102230246251565e-16
