2552 3
1542 -0.393952 0.486596 1.432390
223 -0.686110 0.736103 1.658501
1614 0.101962 0.467406 1.956116
74 0.361168 -0.405301 1.447369
1129 -1.269747 0.237293 0.943933
1640 -0.614197 -0.351100 0.673504
1594 -0.530797 0.195808 1.140592
1326 -0.854795 -0.481359 0.646119
694 -0.660049 -0.104683 0.905701
2364 -0.295081 -0.206928 0.960530
2425 0.553684 -0.494017 1.662185
1773 -0.116622 -1.740872 0.785914
689 -1.041196 0.073743 0.872741
1348 -0.873443 -0.408145 0.665376
678 -1.308824 -0.154133 0.740780
2424 0.468336 -0.279155 1.648099
1264 -0.364991 1.181810 2.667650
1608 0.033767 0.536401 1.994312
1349 -0.769953 -0.527293 0.636684
1617 -0.117563 0.136819 1.343687
1315 -0.672952 -0.630394 0.587229
1607 0.029089 0.420893 1.808028
231 -1.214027 0.743002 1.424509
2129 -0.536959 -0.634188 0.683047
227 -0.907877 0.387281 1.158681
1637 -0.124089 -0.210152 1.123930
831 -0.655114 0.009555 0.888032
670 -1.374505 -0.485676 0.585154
2257 0.589632 -0.597146 1.605577
690 -0.938790 0.025331 0.865113
34 0.891430 -0.554060 2.025002
1052 -1.036380 -0.514980 0.611020
2125 -0.075605 -0.876308 0.828394
814 -0.572490 0.119114 1.020207
1485 0.573938 -0.732475 1.529718
1762 0.735367 -0.685121 1.743147
878 -0.879640 0.768459 1.556885
1132 -0.873913 0.022967 0.886952
840 -0.792837 -0.220263 0.755743
481 -0.526986 -1.493693 0.560952
1634 0.303265 -0.367463 1.424293
1224 -0.309544 1.199970 2.751140
845 -1.162947 0.095771 0.814321
1392 -0.991159 -0.309444 0.632860
2411 -0.510365 -0.909404 0.585713
1386 -0.863260 -0.354471 0.707751
378 -0.790409 -0.389470 0.726632
1968 -0.639153 -1.490270 0.509470
1351 -0.724493 -0.475466 0.653130
1350 -0.897574 -0.742274 0.551598
1242 -0.579146 0.828176 1.864534
813 -0.322137 0.231339 1.253743
484 -0.656698 -1.167967 0.530159
232 -1.233916 0.624542 1.294801
2477 0.061081 -0.358761 1.111649
962 -1.631702 0.325602 0.960046
90 -0.014974 -0.416003 0.995957
225 -0.734455 0.895294 1.882307
819 -0.950116 0.476109 1.221547
1133 -0.984401 -0.465554 0.626395
353 -1.374287 -0.630039 0.523020
233 -1.181030 0.516370 1.243919
664 -1.621390 -0.411547 0.565224
836 -0.875071 0.162857 0.965227
1035 -0.710283 -0.519035 0.669723
2113 0.657886 -0.399588 1.683228
1051 -1.225254 -0.208326 0.692522
1261 -0.270198 1.118407 2.609777
1925 -1.495085 -2.307678 0.406894
666 -1.200407 -0.416850 0.620680
1657 0.178313 -0.508606 1.220614
163 0.526206 -1.265366 1.285749
1029 -1.361529 0.240723 0.974473
2164 -0.272318 -2.396451 0.816064
1340 -0.944511 0.057972 0.894524
887 -0.944973 0.156034 0.892117
1394 -1.060678 -0.819012 0.460097
2132 -0.297863 -0.704100 0.776103
1613 0.001032 0.298822 1.631342
1390 -1.357170 -0.411336 0.603087
222 -0.784097 0.591532 1.390311
2154 -1.045721 -2.787680 0.589014
2406 -0.147635 -0.354218 0.980404
671 -1.251352 -0.455361 0.610984
1772 -0.068410 -1.336776 0.765729
946 -1.240923 0.525791 1.129588
2225 -1.085355 -1.905234 0.425542
749 -1.765845 0.100251 0.807411
807 -0.202596 -0.487435 0.811569
39 0.306966 -0.469684 1.318031
841 -0.927103 -0.192046 0.731531
1926 -1.156277 -2.177377 0.446020
659 -1.334681 -0.381204 0.606769
1483 0.389874 -0.797450 1.286069
2260 0.331948 -0.324185 1.439382
121 0.637604 -1.232281 1.416842
1641 -0.449042 -0.409615 0.775080
2458 -0.026425 -0.482659 0.990532
2151 -0.782412 -1.952995 0.511227
1639 -0.479863 -0.608490 0.654878
133 0.541631 -1.387711 1.363900
730 -0.940708 0.450193 1.209730
1618 -0.492733 0.005419 0.980952
1616 -0.148841 0.514737 1.784911
1615 0.080724 0.655812 2.148762
1277 -0.735517 -1.021678 0.522697
365 -0.976093 0.066483 0.860352
1761 0.762367 -0.720195 1.777211
2128 -0.494872 -0.889557 0.628815
657 -1.004012 -0.267433 0.679963
226 -0.976261 0.664393 1.423798
1626 -0.019465 -0.348448 1.133160
901 -0.848882 -0.400885 0.599680
727 -1.227736 0.696784 1.347082
1591 -0.189851 -0.064913 1.103259
2466 0.089933 -0.582912 1.089763
1611 -0.120633 0.337732 1.548632
1983 -1.174587 -1.629148 0.396371
976 -1.721496 0.415310 1.060350
1333 -0.573001 0.422678 1.195276
983 -1.133277 0.367613 1.048760
680 -1.264053 -0.212632 0.744863
328 -1.656327 -0.836927 0.496539
815 -0.717362 -0.036986 0.868161
816 -0.641187 0.026057 0.917770
1970 -0.934083 -2.228155 0.503415
989 -1.233275 0.269031 0.965998
270 -1.010579 -0.666681 0.534261
2465 0.105394 -0.413024 1.184199
1653 -0.411099 -0.514189 0.735820
1353 -1.023718 -0.403938 0.605023
2449 0.304324 -0.501029 1.352712
366 -0.642669 -0.323044 0.757411
1741 0.889749 -2.763384 1.862709
1596 -0.371019 0.140667 1.176832
1240 -0.665911 0.767838 1.641564
1355 -1.046417 -0.715536 0.518030
88 -0.025110 -0.382433 1.016023
2144 -0.616976 -2.142953 0.580624
167 0.557933 -1.721330 1.334759
2320 0.704397 -0.848501 1.657904
155 0.728123 -1.225575 1.528334
2475 0.460961 -0.751386 1.405868
2152 -0.785449 -2.150364 0.534023
2464 -0.149514 -0.224264 1.075865
236 -1.394042 0.666687 1.271861
1147 -1.186293 -0.817438 0.506785
468 -0.492259 -1.550853 0.605747
351 -1.353501 -0.577698 0.560712
802 -0.720618 -0.756670 0.528623
1837 -0.312869 0.163859 1.280591
597 -2.062639 -0.984347 0.486110
679 -1.023950 -0.193267 0.751090
2261 0.047033 -0.353163 1.124163
1605 -0.015183 0.460379 1.901906
1028 -1.273061 0.204549 0.969095
1086 -1.273488 -0.722433 0.497336
1178 0.044453 1.045014 2.916285
1327 -0.822058 -0.454477 0.615564
2089 -0.054575 -0.118121 1.172693
1493 0.508925 -0.661872 1.481449
2405 -0.078630 -0.602683 0.946208
154 0.310536 -1.338206 1.048026
1658 0.100996 -0.573706 1.111684
355 -1.827153 -0.713411 0.514766
830 -1.211280 0.092807 0.861684
181 0.587955 -1.504200 1.370974
656 -0.467424 -0.065824 0.914088
810 0.007612 -0.668921 0.920785
1382 -1.001707 -0.482722 0.620547
2088 -0.131111 -0.214036 1.030414
1964 -0.972456 -1.109344 0.462312
129 0.574082 -0.718921 1.478954
224 -0.578681 0.805555 1.871509
949 -1.870089 0.699808 1.215488
228 -1.215648 0.755810 1.477695
1471 0.799903 -1.129515 1.669479
2103 -0.574388 0.417998 1.313622
1644 -0.623523 -0.487880 0.666490
153 0.735188 -2.108972 1.552091
1128 -1.332624 -0.151563 0.715721
1967 -1.057118 -1.688671 0.409085
1486 0.400131 -0.433663 1.471929
1131 -0.968450 0.138163 0.960482
586 -2.240761 -1.039411 0.478781
731 -0.991044 0.484348 1.230906
2259 0.628238 -0.424803 1.794979
230 -0.971631 0.803830 1.609916
961 -1.696882 0.228062 0.909195
1645 -0.521173 -0.575419 0.657246
826 -1.419890 0.404206 1.096622
72 0.604814 -0.317357 1.815559
1238 -0.538910 1.234908 2.624603
595 -3.199296 -1.246797 0.613231
1571 -0.885409 0.560350 1.278598
1962 -1.027921 -0.827783 0.464562
2494 0.759634 -1.652643 1.514200
1609 0.225248 0.178739 1.742208
1105 -1.250387 -0.956173 0.457756
132 0.842024 -1.298793 1.662709
880 -0.933249 0.910698 1.675114
289 -2.359886 -0.125673 0.800353
2112 0.702143 -0.705190 1.615797
660 -1.484563 -0.453669 0.564689
476 -0.671097 -1.701451 0.542791
1633 0.103720 -0.162270 1.320233
138 0.580935 -1.535086 1.373982
1935 -1.010519 -1.421860 0.415955
933 -0.987965 0.508133 1.197151
1469 0.840863 -0.345045 2.118552
1635 0.268203 -0.272369 1.379701
1764 0.400274 -0.841251 1.177607
1476 0.240823 -0.450730 1.281803
1280 -0.852058 -0.689812 0.432576
824 -1.256841 0.184869 0.934964
1249 -0.626772 1.366537 2.695849
1122 -1.534847 -0.658661 0.498349
1339 -1.058875 0.551887 1.319320
496 -0.683827 -0.508899 0.637307
329 -1.495442 -0.895822 0.448027
1241 -0.759047 0.808094 1.695015
2119 -0.427012 -0.562547 0.670080
324 -2.069498 -0.616024 0.571627
1713 0.790832 -0.810004 1.708715
2394 -0.014608 -0.397936 1.050285
2108 0.556363 -0.635221 1.489802
2318 0.386709 -0.675191 1.367286
1606 0.028915 0.379828 1.848724
844 -1.381197 0.048857 0.800502
290 -2.433023 -0.169216 0.817612
1969 -0.486524 -1.857754 0.621024
1116 -0.900375 -0.859353 0.491362
748 -1.246174 0.156039 0.829769
808 -0.095259 -0.793625 0.767596
1344 -1.112251 0.063867 0.887047
693 -0.746849 0.183924 1.024313
1842 -0.244831 0.033791 1.176716
2238 0.153542 0.118968 1.539168
1820 0.047858 0.048170 1.373182
1980 -1.199393 -2.087579 0.406090
2452 0.660848 -0.950364 1.549338
968 -1.363717 -0.110939 0.719607
469 -0.435768 -1.107778 0.606302
1836 -0.276831 0.006515 1.144143
1590 -0.262624 -0.095429 0.981866
2426 0.361079 -0.331485 1.507940
943 -0.757768 0.839614 1.729630
1972 -1.106800 -2.396406 0.506602
1747 0.772309 -1.380580 1.549006
1148 -0.785333 -0.426816 0.639379
1387 -0.866461 -0.501628 0.627177
2102 -0.829629 0.649789 1.484934
2390 0.101384 -0.786347 0.971431
674 -1.385483 -0.331655 0.680304
2427 0.518261 -0.624890 1.519849
1884 -0.611976 -0.011278 0.967425
1831 -0.583901 -0.024710 0.945009
812 -0.261405 0.166050 1.210859
2147 -0.550147 -2.411711 0.697051
2226 -1.123607 -1.622192 0.397862
36 0.284315 -0.576119 1.282898
95 0.279858 -0.781751 1.179591
1602 -0.475915 0.572162 1.548509
1746 0.936653 -1.872494 1.765220
2126 0.106688 -1.089885 0.963338
1601 -0.236065 0.248050 1.374279
1484 0.549440 -0.782308 1.517882
1597 -0.274410 0.051856 1.185122
646 -1.861917 -0.501238 0.562971
2068 -0.301599 -0.096836 0.954151
1959 -0.889565 -2.453837 0.541148
2118 -0.121933 -0.744099 0.806492
501 -0.871019 -1.090288 0.468247
2353 0.745595 -0.379511 1.927588
877 -0.913821 1.037414 1.941958
1544 -0.256379 0.407273 1.512974
2114 0.486399 -0.938846 1.230201
2319 0.632095 -0.783079 1.645001
1347 -0.910847 0.150207 0.930924
1767 0.466499 -0.078498 1.684257
1835 -0.361843 0.089862 1.177719
1543 -0.568610 0.827117 1.901234
517 -0.424489 -0.839878 0.661808
964 -1.199383 0.315624 1.030501
2228 -0.909592 -0.951155 0.490202
1404 -0.777294 -0.773126 0.554472
1342 -1.020900 -0.243551 0.720847
1276 -0.588648 -0.648857 0.644095
732 -0.708077 0.313258 1.163512
583 -1.901260 -0.076077 0.752482
1107 -1.487065 -1.320868 0.395050
377 -0.650975 -0.453795 0.718451
368 -0.922949 -0.119167 0.751347
464 -0.237253 -1.663718 0.741284
182 0.177931 -1.587838 0.979010
94 0.112471 -0.889288 0.964638
1383 -0.952682 -0.354710 0.658095
825 -1.216421 0.331655 1.056663
1108 -1.445385 -1.066855 0.442440
2630 -0.059529 -1.860737 0.805081
1599 -0.065468 0.046528 1.343040
1359 -1.526021 -1.375072 0.391871
267 -1.426463 -0.157611 0.665726
257 -2.964925 0.025532 1.055128
1651 -0.551533 -0.469365 0.684394
939 -0.555740 0.449944 1.275124
1878 -0.977218 0.075419 0.916171
598 -1.975565 -1.090062 0.440117
291 -1.978484 -0.263249 0.668805
1106 -1.238506 -0.942519 0.463683
1838 -0.258462 0.253753 1.408943
487 -0.902688 -1.171412 0.444003
1882 -0.806928 0.068470 0.923048
136 0.492069 -1.275826 1.283795
1960 -0.782161 -1.606989 0.446476
1087 -1.488145 -0.891129 0.430714
1545 0.163688 -0.158508 1.349705
120 0.775733 -1.547651 1.542197
2423 0.541135 -0.384697 1.696656
2629 0.084227 -1.847681 0.886312
676 -1.262177 -0.309937 0.672187
734 -1.133200 0.429016 1.092906
1103 -1.333466 -0.323739 0.629682
1470 0.778429 -0.501270 1.895168
1384 -0.714000 -0.240428 0.757704
1880 -0.546951 0.094974 1.066228
1145 -1.679320 -0.922089 0.446477
969 -1.804786 -0.217170 0.690877
318 -1.718210 -0.231424 0.664593
668 -1.141810 -0.241892 0.705420
2299 0.772392 -1.129535 1.658665
2276 0.472253 -0.732127 1.354053
1468 1.011709 -0.090061 2.685959
1646 -0.715315 -0.540329 0.605326
588 -2.768465 -0.802406 0.630382
1467 1.028472 0.000538 2.831991
941 -0.495401 0.518694 1.359341
1966 -1.055256 -1.583721 0.433576
162 0.647313 -1.283020 1.370740
1163 -0.419581 1.106353 2.386976
465 -0.127965 -1.886268 0.806322
354 -1.723609 -0.369026 0.667468
1090 -1.762421 -1.394054 0.368023
1604 -0.190039 0.490845 1.742793
1821 -0.131303 0.140197 1.289573
2110 0.756522 -0.820230 1.710060
669 -1.201608 -0.262869 0.670982
2279 0.214956 -0.637530 1.174863
1421 0.256588 0.754320 2.610164
677 -1.439082 -0.221409 0.713540
2268 0.512763 -0.297026 1.671687
883 -1.341711 0.927862 1.578602
935 -0.802379 0.303504 1.062317
948 -1.823397 0.704075 1.306356
942 -0.618845 0.806790 1.643600
1965 -1.124619 -1.389846 0.408183
2106 0.117335 0.041518 1.338213
833 -0.563382 -0.047970 0.867804
1398 -0.811995 -0.648684 0.556714
1839 -0.549967 0.640282 1.633678
888 -1.330283 0.143598 0.852897
1356 -1.215796 -0.976683 0.460053
882 -1.361207 0.942413 1.536310
1961 -0.941120 -1.242718 0.434510
944 -1.086288 0.550613 1.164922
410 -0.124158 -1.505184 0.756556
1748 1.010049 -1.887086 1.882036
1199 0.531457 0.242007 2.098921
183 0.261018 -1.501028 1.111308
2317 0.358568 -0.629887 1.357697
1570 -0.837923 0.952593 1.778812
1841 -0.357325 0.178520 1.260370
1524 0.634873 -1.418459 1.378121
984 -1.031039 0.663716 1.347347
1603 -0.362646 0.567565 1.690306
1589 -0.127227 -0.384592 0.972284
1652 -0.595591 -0.403091 0.695105
798 -1.607265 -0.442764 0.523376
1219 -0.376572 1.331064 2.965682
475 -0.605314 -1.754765 0.568999
1742 0.861489 -2.591165 1.809980
1379 -1.119165 -0.918699 0.482536
1971 -1.118888 -2.706554 0.562661
1659 0.015280 -0.583476 0.998428
1734 0.572515 -0.885526 1.378454
1560 -0.656874 0.476357 1.303241
2363 0.128042 -0.091305 1.318108
1245 -0.206765 0.866250 2.224413
77 0.877403 -0.294438 2.313222
2631 -0.305708 -2.205566 0.747972
414 -0.458588 -0.982312 0.596921
1879 -0.640995 0.049314 0.987790
881 -1.124024 1.143833 1.897043
809 -0.213725 -0.659616 0.744985
584 -1.513950 -0.309448 0.629929
1266 -0.147371 1.301581 3.140864
172 0.621889 -1.814501 1.366416
1328 -0.846090 -0.377944 0.667914
1528 0.627554 -1.080958 1.493293
1279 -1.176369 -0.643606 0.485728
1201 0.397809 0.892526 3.087366
1600 0.350473 -0.094828 1.618089
1329 -0.799968 -0.121788 0.769046
2461 -0.002298 -0.398433 1.048703
1345 -1.115539 0.155935 0.958729
936 -0.696174 0.232172 1.038803
2404 -0.060524 -0.824080 0.913402
407 0.423462 -1.346889 1.202539
1632 0.404871 -0.246426 1.529523
726 -1.131131 0.939548 1.678556
667 -1.251426 -0.484116 0.633770
673 -1.311436 -0.295690 0.708744
1846 -0.212460 -0.826346 0.744890
1891 -0.965331 -0.200632 0.761262
1338 -0.898495 0.693154 1.516842
2367 -0.089234 -0.749224 0.890517
2289 0.765676 -0.600559 1.818764
358 -2.318035 -0.279334 0.749244
1085 -1.291409 -0.824155 0.470899
1278 -0.859216 -0.875088 0.493144
371 -0.645649 -0.148884 0.848981
1274 -0.456373 -0.007812 0.960769
447 -0.267500 -0.549377 0.810010
716 -0.832048 0.539874 1.298999
1281 -0.855570 -0.097103 0.664000
2264 0.292193 -0.451763 1.359562
1974 -1.074101 -1.803199 0.442107
509 -0.835419 -1.255219 0.490916
2321 0.701973 -1.062173 1.582113
367 -0.841619 0.024667 0.862955
1525 0.661289 -1.434032 1.441609
2467 0.274197 -0.636263 1.228750
75 0.651013 -0.474551 1.786734
991 -1.281286 0.078087 0.832532
2395 -0.000738 -0.431185 1.034958
1072 -1.055882 -0.234120 0.678591
762 -0.830894 -0.239965 0.713199
364 -1.571364 -0.194796 0.713880
1325 -0.914735 -0.226513 0.740169
2168 -0.280538 -2.593142 0.857756
1118 -1.039036 -0.549848 0.520736
63 0.586417 0.057773 1.994449
134 0.507204 -1.180679 1.318136
585 -1.563657 -0.815434 0.451796
1623 0.203344 -0.485943 1.181703
1847 -0.075451 -0.581824 0.919805
301 -1.749768 -0.356338 0.595057
1186 0.461542 0.997532 3.477914
1140 -2.104254 -0.624475 0.594712
344 -1.904581 -0.118208 0.773560
932 -1.057555 0.762221 1.465328
1263 -0.342218 0.975440 2.304985
1385 -0.751480 -0.275541 0.751682
2227 -0.957321 -1.212757 0.449746
662 -1.898348 -0.475742 0.625404
761 -0.650946 -0.118986 0.813345
488 -0.996322 -1.249214 0.433247
1354 -1.147061 -0.499181 0.586524
1895 -0.816657 0.117791 0.973092
1714 0.732422 -0.651807 1.749595
2583 -1.008473 -3.240131 0.691764
92 0.214954 -0.889173 1.064924
2182 -0.920399 -1.739101 0.474535
485 -0.784019 -1.242709 0.506431
886 -1.029579 0.534367 1.184937
1881 -0.630942 -0.066878 0.918540
2263 -0.151061 -0.373568 0.963979
218 -0.924863 0.915492 1.702043
1593 -0.228244 0.246714 1.385590
974 -1.756321 -0.115010 0.680243
1598 -0.357517 0.002663 1.109351
2445 -0.749229 -0.161673 0.780742
235 -0.868959 0.399415 1.091588
1477 0.403695 -0.325528 1.517828
1628 -0.415338 -0.097312 0.971023
846 -1.311466 0.046298 0.796387
796 -1.667168 -0.445084 0.549190
1654 -0.042395 -0.505750 1.009546
268 -1.535075 -0.200826 0.664605
483 -0.722607 -1.801612 0.538702
1818 0.082717 -0.152112 1.210642
817 -0.577179 0.158473 1.109096
1832 -0.419919 0.116673 1.140995
820 -0.774191 0.228526 1.060670
2172 -0.964521 -2.434280 0.520628
1479 0.353333 -0.390830 1.440799
985 -1.031806 0.494914 1.166410
1448 0.795091 -0.387802 1.974664
1332 -0.694749 0.242132 1.020747
122 1.045324 -1.783950 1.873657
1738 0.365303 -1.904734 1.150139
1529 0.816928 -1.218964 1.716887
137 0.549372 -1.296492 1.378469
1519 0.882998 -1.236027 1.739411
2474 0.122090 -0.930492 0.951514
834 -1.079652 0.251530 0.975681
1733 0.650371 -1.228129 1.415426
2341 0.750024 -0.825246 1.708725
691 -1.048103 0.071736 0.871477
166 0.563683 -1.413847 1.298290
823 -1.406679 0.310305 0.995673
180 0.702860 -1.912423 1.447524
2229 -0.968486 -0.995556 0.493946
362 -1.851596 -0.016818 0.828792
1271 -0.266303 1.054868 2.496112
1771 -0.019271 -1.390686 0.801309
2145 -0.622265 -2.274233 0.646138
1200 0.347583 0.581600 2.397315
2456 -0.084745 -0.319348 1.039485
2431 0.457782 -0.324444 1.570333
665 -1.411471 -0.435097 0.592094
2368 -0.041141 -0.767017 0.832664
769 -0.790423 -0.308120 0.635194
1478 0.359004 -0.464744 1.375411
288 -2.839401 -0.020665 0.994815
1403 -1.001373 -0.829419 0.517393
135 0.432676 -1.305827 1.227554
1763 0.425789 -0.622706 1.301014
1936 -0.900177 -0.811874 0.499014
975 -1.541411 0.174161 0.916873
379 -0.693727 -0.267551 0.806216
1937 -1.047317 -1.046688 0.436137
2430 0.557533 -0.278086 1.770854
995 -1.097315 0.104862 0.859213
1341 -0.884618 -0.171004 0.776498
350 -1.692938 -0.455977 0.583403
843 -1.292957 -0.167936 0.707852
169 0.838141 -2.814471 1.819134
1136 -1.528935 -0.596217 0.565266
1034 -0.744646 -0.382177 0.698502
900 -0.897386 -0.181281 0.704873
2109 0.573760 -0.631844 1.514211
1234 -0.732864 1.709828 3.457063
1843 -0.317054 -0.013212 1.121939
2163 -0.394152 -2.793860 0.855073
1812 -0.057163 -0.034389 1.270951
412 -0.076957 -1.192369 0.779134
360 -1.415101 -0.023808 0.749166
325 -2.514752 -0.945843 0.563703
1890 -0.835311 -0.427892 0.657806
1619 -0.399877 -0.214706 0.941508
770 -0.918814 -0.339756 0.657784
1536 0.620759 -1.132642 1.435628
1638 -0.342786 -0.436888 0.807969
1494 0.788124 -1.118973 1.639520
474 -0.365801 -1.327863 0.628353
811 0.191856 -0.739816 1.080139
658 -1.206609 -0.293959 0.643237
319 -2.567774 -0.161199 0.866307
977 -1.651293 0.480520 1.100348
573 -1.824797 -0.544617 0.555370
2396 -0.196621 -0.295440 0.937230
1636 0.173985 -0.330156 1.304721
258 -3.294191 -0.143383 1.026530
1164 -0.275866 1.153255 2.569857
343 -2.013541 -0.192498 0.743020
193 0.957421 -1.738130 1.744257
1149 -0.676546 -0.443255 0.708399
2169 -0.630829 -1.940813 0.572809
587 -2.186338 -0.843796 0.510424
502 -0.596227 -1.083641 0.522359
2397 -0.459449 -0.569459 0.677296
342 -2.244841 -0.240806 0.726479
1138 -1.248035 -0.677354 0.540057
725 -0.671135 0.860002 1.797918
2139 -0.725722 -1.811347 0.506511
2281 0.454912 -0.563947 1.486869
1324 -1.013319 -0.192928 0.732187
271 -1.285440 -0.668267 0.488622
1574 -0.385644 0.031350 1.031208
1146 -1.434231 -0.950753 0.472415
1165 -0.499274 1.046638 2.278480
2057 -0.201280 0.510642 1.702572
788 -1.736262 -0.107999 0.691172
1588 0.017406 -0.326601 1.128060
2463 -0.122492 -0.252413 1.051440
1104 -1.434452 -0.422210 0.581898
2117 -0.057889 -1.201002 0.727804
897 -0.871095 0.114454 0.912160
804 -0.961786 -0.441380 0.552619
2280 0.410160 -0.541404 1.432009
2127 -0.048721 -1.072146 0.837837
2111 0.797166 -0.758724 1.730188
467 -0.318963 -1.602847 0.669035
2457 -0.077816 -0.364664 1.018268
1150 -0.592845 -0.415027 0.759673
1358 -1.467663 -1.100007 0.408995
64 0.247556 0.214015 1.805670
1449 0.808416 -0.560002 1.889266
2316 0.491396 -0.836185 1.390307
1143 -1.546413 -0.776192 0.481263
157 0.649224 -1.051525 1.424854
1492 0.399195 -0.377787 1.488429
1233 -0.393826 1.326391 2.967780
2443 -0.478629 -0.183360 0.877203
1179 0.375377 0.701913 2.640308
915 -2.385108 0.824099 1.457870
320 -2.575976 -0.076692 0.917695
363 -1.993586 -0.196765 0.754407
1250 -0.491495 1.526156 3.325970
879 -0.783196 0.716963 1.491232
1215 -0.126454 1.347303 3.254514
1610 -0.152054 0.301132 1.484329
2314 0.742641 -1.103271 1.642926
818 -0.940495 0.393717 1.197523
937 -0.869919 0.447604 1.170678
687 -1.085782 -0.205423 0.711935
370 -0.396527 -0.137981 0.994942
161 0.963466 -2.298947 1.845642
1731 0.510230 -0.897711 1.244672
1592 -0.316752 0.085542 1.145186
572 -2.383715 -0.467545 0.624189
273 -1.684300 -0.495782 0.567098
89 -0.010957 -0.430442 1.006179
1648 -0.290185 -0.528713 0.758395
1876 -1.177546 0.095060 0.886000
495 -0.867856 -0.701973 0.560702
681 -1.170818 -0.332847 0.652141
1624 0.166387 -0.409009 1.272251
1027 -1.275492 0.109662 0.886016
720 -1.001842 1.031525 1.877494
317 -1.525315 -0.175565 0.700963
1694 0.716724 0.466441 2.914146
192 1.151685 -2.809868 2.173386
903 -1.290977 -0.079873 0.626548
596 -3.006442 -1.302948 0.591475
1400 -0.432931 -1.019064 0.618719
187 0.688881 -2.447911 1.567717
417 -0.217308 -2.405032 0.851606
2155 -0.673020 -2.729875 0.722109
1561 -0.470373 0.717577 1.774849
2468 0.324576 -1.039373 1.134671
234 -1.116793 0.685391 1.356533
2107 0.444125 -0.264499 1.526105
1883 -0.831283 -0.002490 0.846858
655 -0.918860 -0.168439 0.713882
1625 0.104803 -0.376718 1.242737
1073 -1.436586 -0.649339 0.541168
1402 -1.118316 -0.905367 0.466615
1155 -0.055671 1.419349 3.531821
1829 -0.249436 -0.347703 0.907531
188 0.869127 -2.235044 1.705034
1916 -0.580123 -1.472736 0.507284
1642 -0.617557 -0.452266 0.682962
1582 0.878014 -0.008679 2.564999
1504 0.851898 -1.446797 1.724326
327 -2.128463 -1.064621 0.458017
38 0.558895 -0.620948 1.570645
640 -1.940423 -0.682611 0.528757
1246 -0.244525 1.148361 2.646534
184 0.511889 -1.935758 1.297538
1550 -0.086466 0.206306 1.427090
1062 -1.118577 -0.351583 0.628196
1391 -1.101788 -0.710386 0.456957
994 -1.114823 0.268587 0.954259
1770 0.014716 -0.812075 0.859091
1655 -0.052929 -0.424345 1.043774
2393 0.304646 -0.596961 1.214089
466 -0.159616 -1.735162 0.763734
1622 -0.133450 -0.279376 1.089388
2026 -0.713200 -0.387232 0.669400
1265 -0.353780 1.438393 3.209074
1139 -1.430461 -0.276460 0.620054
60 0.570700 -0.346951 1.579581
448 -0.249906 -0.713754 0.793204
1019 -0.835637 0.001035 0.866480
2148 0.146426 -1.861564 0.923658
2371 -0.121435 -0.366289 0.968185
649 -2.292009 -0.701966 0.525542
330 -1.648911 -0.305939 0.634334
2055 -0.156632 0.508364 1.742197
1977 -0.965658 -1.085565 0.441412
1979 -1.491578 -1.891129 0.368899
2131 -0.694960 -0.674061 0.596021
316 -2.177401 -0.107303 0.771612
2003 -1.946619 -1.526079 0.336081
1792 -0.511840 0.052412 1.036269
173 0.488765 -1.480014 1.214097
797 -2.101497 -0.567639 0.534117
1572 -0.655564 0.501960 1.300211
1466 0.806271 0.111663 2.591505
1897 -0.297302 0.206408 1.307772
2087 -0.015135 -0.140009 1.146324
470 -0.350223 -1.381555 0.640328
957 -2.749502 0.192316 1.024307
2407 -0.680980 -0.760395 0.581289
1656 -0.084783 -0.250813 1.094347
274 -1.839927 -0.318389 0.607013
1475 0.402392 -0.531806 1.427204
719 -0.822326 0.653189 1.372788
352 -1.284436 -0.363974 0.627316
2473 0.189542 -0.684448 1.089244
803 -0.654269 -0.735165 0.558875
2130 -0.424207 -0.541942 0.759032
1120 -1.907692 -0.473601 0.601081
581 -2.010676 -0.427711 0.618493
1227 -0.535646 1.158295 2.354757
1079 -1.468743 -1.299453 0.390267
580 -2.949310 -0.391616 0.806104
1817 0.040201 0.247356 1.599323
2115 0.403061 -1.222136 1.117397
2290 0.847425 -0.840673 1.841376
947 -2.128748 0.766692 1.357578
1743 1.093974 -1.867567 1.946656
728 -1.280053 0.902730 1.517976
1503 0.987076 -1.603955 1.868955
634 -3.784595 -1.718505 0.660978
2493 0.913954 -1.522132 1.717677
2283 0.739443 -0.752774 1.761971
2365 -0.420066 -0.368952 0.796699
2064 0.048625 0.322686 1.681707
2502 -0.081192 -3.232633 1.146201
1393 -0.774187 -0.587596 0.533582
1526 0.411128 -1.250581 1.148603
356 -2.280985 -0.641639 0.591698
2444 -0.516276 -0.144616 0.888215
1562 -0.597093 0.713375 1.652865
1170 -0.407221 1.350972 2.989604
663 -2.298852 -0.786342 0.548127
2167 0.025298 -2.063338 0.889289
1690 0.556542 0.698261 3.088637
71 0.680954 -0.346307 1.893828
1929 -1.432747 -2.117304 0.374965
158 0.613988 -1.304473 1.413290
1070 -1.220406 0.312785 1.017777
1117 -1.033633 -0.674004 0.500533
58 0.348272 -0.223436 1.445315
1050 -1.057174 -0.584133 0.565528
2462 -0.033443 -0.301471 1.057424
91 0.196174 -0.893591 1.051674
623 -3.659677 -1.584516 0.666129
672 -1.296095 -0.363476 0.644991
215 -1.113294 1.033532 1.806691
1318 -0.792443 -0.414935 0.654719
1115 -1.099274 -0.908581 0.461596
1239 -0.390436 0.965833 2.230339
415 -0.503892 -1.576699 0.571556
2277 0.361548 -0.890296 1.201632
2123 -0.380419 -0.776602 0.622158
2476 0.299937 -0.622705 1.283622
1826 -0.108329 -0.015961 1.231938
2265 0.445438 -0.580710 1.457920
1223 -0.219017 1.102288 2.659915
532 -0.231842 -1.201751 0.645891
1585 -0.029110 0.135988 1.392639
1678 0.281082 0.056217 1.659725
1981 -1.151605 -1.999760 0.436721
168 0.595598 -2.375555 1.472616
1828 -0.349267 0.086444 1.159320
1928 -1.363192 -1.800772 0.375577
2326 0.290169 -0.840639 1.154355
551 -2.208522 -1.055704 0.410062
1177 0.062587 1.416197 3.738495
1573 -0.528909 0.132037 1.050117
186 0.608128 -2.368410 1.448917
278 -2.965294 0.352481 1.223516
1395 -1.301177 -1.052869 0.375323
526 -1.244557 -1.153521 0.387258
2231 -0.994607 -0.990376 0.478371
1765 0.476553 -0.485985 1.427011
2040 0.065673 0.367328 1.784717
997 -0.520795 -0.340956 0.747904
821 -0.993883 0.380609 1.100580
1305 -0.788030 0.326780 1.052135
459 -0.258076 -1.606903 0.684762
420 0.616161 -2.310965 1.478372
2436 0.360546 -0.625483 1.326486
934 -0.844029 0.475367 1.219188
1380 -0.933475 -0.648290 0.566531
1497 0.744546 -1.310890 1.566670
1134 -1.403298 -0.940674 0.478234
2170 -0.724889 -2.241019 0.590101
862 -0.350753 0.548849 1.533549
341 -1.854222 -0.142307 0.745480
647 -1.947129 -0.641614 0.540578
408 0.137294 -1.335194 0.924178
1124 -1.374179 -0.639202 0.515985
1830 -0.456564 -0.234370 0.864793
202 -0.989807 0.540671 1.287222
207 -1.387501 1.337188 2.210260
2267 0.372361 -0.297803 1.564543
2618 0.061178 -1.587093 0.814925
967 -1.230416 -0.040354 0.752647
107 0.862795 -1.212119 1.703012
626 -4.052067 -1.885132 0.724352
1840 -0.532830 0.556571 1.542436
1669 -0.189243 0.343753 1.427768
2081 0.232755 -0.068208 1.437552
1330 -0.888483 0.300738 1.012392
220 -0.751512 0.487630 1.261905
1397 -1.321720 -0.923920 0.448277
638 -2.161607 -0.857629 0.497797
1314 -0.933743 -0.637373 0.542643
2247 0.636066 -0.288818 1.899641
2156 -0.450390 -2.280411 0.721186
602 -2.386738 -1.162716 0.448730
902 -1.111605 -0.330354 0.568217
1137 -1.151267 -0.756214 0.501819
1427 0.461115 0.663046 2.794666
2069 -0.383004 0.054090 1.050725
376 -0.829640 -0.752353 0.560578
59 0.552861 -0.158574 1.785779
740 -2.103166 0.509301 1.156843
806 -0.309392 -0.280255 0.847575
1331 -1.034516 0.415145 1.108675
2342 0.580118 -0.235079 1.757670
2041 0.111824 0.336897 1.749873
1144 -1.474550 -0.693193 0.496902
462 -0.040561 -1.316731 0.805765
313 -2.900148 0.429098 1.253827
1753 0.492068 -1.427806 1.237748
2230 -1.049116 -0.684854 0.529740
1735 0.490098 -0.314252 1.531439
326 -2.240049 -0.912149 0.517567
1102 -1.077177 -0.350911 0.635517
733 -1.050712 0.360497 1.103347
361 -1.642527 -0.075991 0.732371
524 -0.978493 -1.300144 0.438009
966 -1.259797 0.114170 0.877762
1717 0.649747 -0.815976 1.549222
2224 -0.979352 -1.792276 0.425143
2084 -0.143035 0.127432 1.242574
1275 -0.467827 0.096653 1.026206
822 -1.472404 0.402674 1.070052
1938 -1.184578 -1.664261 0.353977
2104 -0.460778 0.424402 1.368578
1447 0.735200 -0.646913 1.688075
1647 -0.749678 -0.620811 0.546970
2184 -0.625971 -1.860068 0.567097
772 -0.807073 -0.693341 0.570965
1337 -1.067307 0.916603 1.696096
1343 -1.048365 -0.198738 0.735224
2105 0.270559 -0.023677 1.475924
303 -2.365160 -0.280856 0.738629
269 -1.262754 -0.486024 0.543883
1291 -0.787105 -0.480457 0.604105
1744 0.766371 -1.832580 1.536069
1523 0.747373 -1.669259 1.514605
1189 -0.165208 1.531068 3.762421
2042 0.023743 0.130799 1.433900
829 -1.193724 0.019436 0.803828
1856 -0.118979 -0.102390 1.139820
486 -0.864359 -1.118933 0.462634
2375 0.099185 -0.691661 1.002026
899 -0.841158 0.004896 0.807025
525 -1.260600 -1.095635 0.392786
203 -0.773921 0.570019 1.352141
165 0.359786 -0.985661 1.215526
431 0.280769 -1.819886 1.128324
1247 -0.232563 1.470607 3.451755
2313 0.790760 -1.031419 1.677626
2262 -0.284072 -0.475978 0.833989
729 -0.932318 0.406354 1.168884
1088 -1.808025 -1.571753 0.354607
249 -2.303602 0.472669 1.158123
839 -0.829901 0.096396 0.958966
2165 0.129592 -2.459688 1.085633
648 -2.392255 -0.955936 0.516418
973 -2.087955 -0.203272 0.707801
2642 -0.277443 -0.822521 0.706324
2333 0.493298 -0.302574 1.613559
174 0.685275 -1.470010 1.435445
1535 0.120301 -0.753318 0.980941
2142 -1.063561 -1.903519 0.417374
2376 0.256318 -0.467497 1.220837
1877 -1.143900 0.000455 0.800894
1016 -1.032205 0.463913 1.152185
1003 -1.061541 0.548705 1.295010
1141 -1.979524 -0.758815 0.546024
1559 -0.168240 0.304955 1.466079
1454 0.791940 0.317841 2.855269
913 -2.270424 0.751446 1.346679
302 -1.894473 -0.414187 0.579117
2166 0.120074 -1.767210 0.870458
2585 -0.966818 -2.479298 0.539574
594 -3.440575 -1.433874 0.616857
2067 -0.141818 0.075317 1.235814
1984 -1.319758 -1.589155 0.349348
108 0.930558 -1.343862 1.784793
945 -1.167325 0.590391 1.188230
688 -1.190575 -0.251634 0.669727
838 -0.549530 -0.285076 0.736809
272 -1.815591 -0.209740 0.702970
1740 0.643465 -2.497499 1.524906
2083 -0.074891 -0.036630 1.134781
682 -1.115396 -0.590383 0.525047
401 0.518082 -1.341712 1.319177
2245 0.569320 -0.248902 1.747809
1175 -0.514466 1.428052 2.966252
2085 -0.157831 -0.038403 1.034503
307 -2.810592 0.405387 1.223795
449 -0.398977 -0.469880 0.707322
1643 -0.614013 -0.566818 0.639166
832 -0.351140 -0.350107 0.843503
1737 0.553321 -1.113253 1.315234
2023 -1.047834 0.020167 0.801588
1982 -1.135359 -2.110884 0.415804
1405 -0.656208 -0.757856 0.592534
2278 0.465546 -0.752339 1.381334
1237 -0.653012 1.644548 3.377809
1113 -0.670825 -1.091499 0.530343
1502 1.065001 -1.120066 1.979248
1627 -0.412767 -0.193961 0.930933
55 -0.430950 0.021876 0.974287
1012 -0.991115 0.467668 1.160028
1488 0.736496 -0.774498 1.712861
2619 -0.113759 -2.283312 0.867151
773 -1.102797 0.103142 0.859814
2036 -0.386703 0.675650 1.729740
1260 -0.385704 1.019136 2.273810
2282 0.676344 -0.743980 1.643891
2639 -0.630686 -1.262883 0.486814
1428 0.563173 0.607138 2.920909
2258 0.625016 -0.534169 1.720523
1551 -0.249439 0.259446 1.322510
2178 -0.874820 -1.490520 0.432898
2622 -0.408987 -2.733692 0.803266
1445 0.415790 -0.522201 1.396543
1834 -0.341982 -0.069839 1.065304
43 0.585096 -0.213562 1.862314
2409 -0.830255 -0.781467 0.521661
1452 0.737498 -0.194868 2.047364
1320 -0.994872 -0.206612 0.722584
2066 -0.061330 0.157292 1.317790
1850 0.643533 -0.620356 1.631447
2413 -0.156627 -0.931145 0.803696
1025 -1.233831 0.089375 0.850723
216 -0.889228 0.850336 1.620898
2269 0.568488 -0.974459 1.410747
1119 -1.126471 -0.567917 0.528278
2270 0.765223 -0.910136 1.654221
389 0.538711 -1.361242 1.196909
416 -0.806841 -2.232940 0.540829
1673 -0.174186 0.477339 1.653155
1248 -0.750915 1.835787 3.723463
2480 -0.222245 -0.388324 0.868390
1732 0.757507 -1.358124 1.499054
37 0.628675 -0.672340 1.637475
800 -0.850994 -0.458393 0.580107
1824 -0.075245 0.466718 1.811132
718 -0.714649 0.439456 1.230907
533 0.100554 -1.340844 0.872624
438 -0.105781 -1.514517 0.804628
1547 -0.049931 0.473521 1.747714
2580 -0.107395 -2.302789 0.810902
1187 0.166744 1.571358 4.363008
1693 0.305852 0.555921 2.349033
1381 -0.873790 -0.237615 0.716513
1304 -1.182323 0.443647 1.070521
537 -0.193835 -0.840189 0.723542
1030 -1.447378 0.123826 0.856965
965 -1.029574 0.194766 0.971451
1125 -1.459586 -0.735321 0.509048
2171 -0.929395 -2.578633 0.567128
2403 -0.175373 -0.785489 0.826172
152 0.735873 -2.293055 1.584700
2386 0.885129 -0.764711 1.867818
1823 -0.002493 0.439315 1.809633
1896 -0.472853 0.113971 1.092903
639 -2.369009 -0.937184 0.510079
1495 0.652597 -1.390417 1.518754
510 -0.797899 -0.982927 0.511502
760 -0.948206 0.136531 0.880007
1389 -1.101460 -0.774350 0.509927
771 -0.781750 -0.578087 0.564184
1406 -0.639715 -0.649697 0.600865
2339 0.517265 -0.700721 1.432057
1819 0.065862 -0.083797 1.247235
1804 0.263445 -0.073431 1.508029
1583 0.836385 0.105926 2.639307
1584 0.296252 0.153768 1.858707
1071 -1.023298 -0.019441 0.821547
2354 0.976993 -0.390294 2.338593
194 0.886513 -2.782064 1.831545
593 -3.556199 -1.377386 0.671347
644 -3.233308 -1.385886 0.575153
141 0.709673 -2.157264 1.533987
847 -1.348554 0.100174 0.781635
1074 -1.586513 -0.883798 0.492442
1450 0.589169 -0.484220 1.638996
1374 -1.186835 -1.145330 0.403087
1716 0.816310 -1.025362 1.722244
2266 0.407707 -0.410824 1.496440
1453 0.532630 0.159775 2.041251
78 1.045253 -0.331627 2.567163
1531 0.762120 -1.012183 1.607677
2312 0.646274 -0.807654 1.539556
622 -3.290930 -1.256374 0.623302
2150 -0.308049 -1.630047 0.628813
1272 -0.548008 0.695125 1.608406
645 -3.108664 -1.067082 0.640905
2479 -0.100759 -0.538684 0.922813
2450 0.466678 -0.785946 1.368490
1232 -0.824535 1.454922 2.701188
2412 -0.432121 -1.023301 0.656061
2138 -0.239707 -1.388420 0.646577
500 -0.593197 -0.419789 0.689567
445 0.348432 -1.439107 1.103314
1422 0.418348 0.692128 2.801076
2366 -0.150168 -0.713410 0.856133
250 -2.871711 0.386357 1.248897
1813 0.111074 -0.153304 1.280063
310 -2.636558 0.433003 1.180449
333 -1.921085 -0.376879 0.616801
93 0.181044 -0.874421 1.053507
1814 -0.003737 0.232900 1.523305
1887 -0.144996 -0.179099 1.074058
1768 0.406555 -0.262855 1.507840
1226 -0.455596 1.015086 2.264637
2037 -0.103383 0.432476 1.654937
1893 -1.176623 -0.002018 0.800470
2448 0.188701 -0.484924 1.229341
1558 -0.115036 0.522078 1.844982
1126 -1.502657 -1.042455 0.425589
993 -1.176334 0.079837 0.831759
1243 -0.327896 1.015526 2.281387
1939 -1.508360 -2.321326 0.402168
2389 0.247284 -0.816486 1.112576
1166 -0.608389 1.619961 3.374694
432 0.184665 -1.822916 1.043876
1963 -0.898331 -1.256319 0.436761
1666 -0.223663 -0.007683 1.057044
1496 0.876181 -1.475047 1.779802
920 -1.689336 0.409214 1.056112
1692 0.609994 0.233945 2.258113
84 0.159945 0.015785 1.488002
463 -0.379298 -1.076492 0.640550
1797 0.188100 -0.217564 1.355100
1346 -0.966208 0.149746 0.950547
2157 -0.450323 -2.545179 0.767438
1774 -0.244399 -1.792578 0.725265
1569 -0.873176 0.948860 1.735232
477 -0.706680 -2.187242 0.585022
2073 0.110876 0.164662 1.603541
20 0.629214 0.002148 2.077161
2573 -0.325438 -0.624121 0.712630
1516 0.877139 -1.271833 1.760739
237 -1.466529 0.872644 1.496703
2581 -0.421171 -2.300225 0.670286
1098 -0.902324 -0.240519 0.719215
1370 -1.065436 -0.676452 0.484818
61 0.849595 -0.572602 1.708609
898 -0.872527 0.052834 0.866092
1436 0.301590 0.125254 1.750519
1505 0.670531 -1.112117 1.536917
359 -2.150865 -0.021631 0.835109
2078 0.188600 0.190628 1.767447
724 -1.082807 1.073398 1.854985
717 -0.417910 0.278388 1.186067
349 -1.780923 -0.503373 0.572812
1015 -1.098849 0.735271 1.387006
229 -1.141556 0.729119 1.470845
406 0.382841 -1.484218 1.143657
2080 0.035264 0.076653 1.423072
1306 -0.586461 0.076554 0.986143
559 -3.532296 -0.951551 0.809844
1127 -1.562155 -0.642377 0.518469
2221 -1.234196 -2.480613 0.442484
1857 0.107630 -0.127068 1.298762
1491 0.470325 -0.465461 1.566481
480 -0.429924 -1.731842 0.600720
1259 0.092758 1.185065 3.338344
217 -0.771369 0.920732 1.846633
1674 -0.104252 0.480794 1.714171
1665 -0.353462 -0.023932 1.013685
130 0.618346 -0.956431 1.451461
1212 -0.718874 1.714799 3.386554
921 -1.789462 -0.082401 0.712831
1930 -1.464707 -2.477077 0.460043
1335 -0.823006 1.304217 2.451858
763 -0.766940 -0.199218 0.755910
1231 -1.186935 1.405537 2.371667
1258 0.050264 1.271337 3.350500
299 -2.311862 -0.333532 0.689799
1229 -1.131345 1.179030 2.038448
904 -1.674286 0.340215 0.951876
971 -2.170551 -0.577179 0.565894
1388 -0.947781 -0.682377 0.546434
827 -1.511260 0.450712 1.124478
1649 -0.335730 -0.470107 0.767158
2521 -0.623431 -2.852972 0.745186
2025 -0.976917 -0.138805 0.690630
2553 0.488774 -2.930636 1.485324
190 1.216897 -3.143034 2.326242
40 0.404096 -0.412103 1.439734
2304 0.520196 -0.969480 1.344277
1739 0.612287 -2.259196 1.449530
1934 -1.021436 -1.409093 0.396401
723 -1.001334 0.728773 1.435774
1489 0.423419 -0.410578 1.514022
2501 0.192195 -3.106658 1.291949
1018 -0.787279 0.221660 1.012111
2286 0.554791 -0.436435 1.610091
1437 0.346459 -0.131224 1.585346
1955 -1.711338 -1.360619 0.330213
1951 -1.629265 -1.452783 0.351773
13 0.297026 -0.168772 1.450682
57 0.030536 -0.200027 1.134684
1695 0.979700 -0.006937 2.751088
1451 0.658553 -0.249706 1.863568
884 -1.099599 0.710079 1.360767
963 -1.623238 0.321019 1.017407
275 -2.339214 0.058044 0.922020
2038 -0.056116 0.209209 1.456088
866 -0.654939 0.481829 1.217972
1825 -0.050471 0.253874 1.518962
916 -1.762300 0.478183 1.090497
1931 -1.304487 -2.713303 0.526336
2297 0.770186 -1.030953 1.697264
2343 0.575879 0.209833 2.174860
285 -3.275358 0.255471 1.254072
430 0.306063 -1.580395 1.105019
2092 0.179986 0.013820 1.497530
675 -1.436711 -0.305393 0.717366
1089 -1.851777 -1.511850 0.360292
2302 1.218424 -1.341640 2.250229
369 -0.628970 -0.007504 0.964921
159 0.793405 -1.911620 1.602168
1827 -0.405716 0.152024 1.189201
2035 -0.698094 0.738715 1.554829
1069 -1.173537 0.224401 0.914556
1184 0.464046 0.927440 3.412518
2024 -1.185226 0.027733 0.800320
2219 -1.456799 -1.769322 0.325883
209 -0.944799 0.944552 1.776991
1053 -1.160222 -0.321561 0.659593
2122 -0.329964 -0.730199 0.700889
1399 -0.960996 -0.923279 0.452570
2584 -1.160342 -2.577062 0.496937
996 -0.966159 -0.180344 0.722861
938 -0.838214 0.698280 1.502491
345 -2.106593 -0.315235 0.702142
855 -0.816203 0.756473 1.569904
1373 -1.123558 -0.882684 0.467511
2410 -0.740777 -0.747673 0.545260
1334 -0.599281 0.783747 1.655329
1361 -1.488813 -0.916056 0.428781
835 -1.245115 0.377617 1.057584
2361 0.139358 -0.397622 1.198597
2531 -0.211214 -2.836118 0.942682
204 -1.105219 0.932076 1.731295
1807 0.076216 -0.463767 1.043433
2438 0.559668 -0.357838 1.688557
2579 0.186395 -2.367925 1.028981
1049 -1.023509 -0.512278 0.606985
1225 -0.345967 1.039728 2.390372
764 -0.935076 -0.126342 0.673206
1216 -0.343959 1.559387 3.517641
1273 -0.405897 0.416755 1.353256
1527 0.674907 -1.108217 1.534213
2143 -1.208585 -2.495100 0.473843
62 0.858002 -0.383466 1.878467
1660 0.218009 -0.639357 1.146998
2645 -0.303095 -0.966068 0.667635
65 -0.092248 0.254009 1.362765
73 0.515732 -0.141282 1.806140
1537 0.577989 -1.236365 1.383335
2254 0.044045 -0.272003 1.104385
2621 -0.325756 -2.587345 0.799286
1568 -0.913920 0.859020 1.655424
2149 -0.242277 -1.943549 0.710383
2539 0.069956 -2.460338 1.021123
2537 -0.006369 -1.724387 0.835975
2552 0.365533 -2.707200 1.299970
940 -0.452918 0.151149 1.074614
2432 0.559230 -0.384653 1.690748
2379 0.415803 -0.243170 1.524394
1888 -0.101941 -0.245697 1.058639
2300 0.871553 -0.994181 1.792796
211 -0.870512 0.905317 1.774467
2382 0.310609 -0.326665 1.394014
2582 -0.835058 -2.911822 0.653673
33 0.989019 -0.581624 2.219359
1749 0.984202 -1.291784 1.867752
2617 -0.049575 -1.188847 0.724664
2516 -0.600755 -1.969965 0.549128
896 -1.054996 0.354335 1.064301
1754 0.846125 -1.219465 1.675698
861 -0.833962 0.984581 1.946675
2564 -0.566504 -3.535712 0.986048
1439 0.534960 -0.768843 1.341903
1352 -0.952382 -0.019471 0.821989
574 -2.306738 -0.224152 0.747832
399 0.461429 -1.769927 1.231403
2146 -0.839596 -2.552570 0.636861
2575 -0.365796 -1.330028 0.622846
1898 -0.371877 0.171078 1.201324
1024 -1.154952 0.093512 0.868093
263 -3.146723 0.148629 1.163892
2056 -0.171085 0.553937 1.863848
1811 -0.062508 -0.106752 1.185750
2437 0.610652 -0.551019 1.598603
1378 -1.067809 -0.862105 0.490223
2218 -1.322980 -1.708325 0.331708
1055 -1.060332 -0.350943 0.663424
2256 0.328148 -0.422052 1.324490
1794 -0.088727 -0.331594 1.020949
1932 -1.085312 -2.020700 0.447192
1176 -0.366786 1.410370 3.141558
2451 0.615635 -0.972706 1.500370
1789 -0.263576 0.140142 1.251962
1631 0.158113 -0.217148 1.220493
1760 0.874311 -0.916052 1.814307
208 -1.465238 1.261647 2.069393
1005 -0.876341 0.203163 0.909515
1612 0.039276 0.228771 1.618838
1299 -1.187971 0.566893 1.246634
828 -1.506516 0.390516 1.078160
2065 -0.041341 0.353992 1.673388
1950 -1.259356 -1.247523 0.360888
2308 0.879373 -1.047754 1.826241
627 -4.040454 -1.877088 0.700335
507 -0.971938 -1.036487 0.493218
248 -2.784938 0.644615 1.430681
518 -0.763984 -1.025082 0.512259
1413 0.525777 0.147607 2.022041
1975 -1.463359 -2.432797 0.450503
388 0.536389 -1.403313 1.235481
2536 0.130693 -1.766109 0.945930
2385 0.348140 -0.519978 1.337046
2176 -0.650324 -2.507704 0.683737
2638 -0.238865 -1.385975 0.629611
35 0.632932 -0.557479 1.687139
641 -3.006648 -0.889883 0.657643
2307 0.971488 -1.225545 1.853905
599 -1.818892 -1.055875 0.457089
54 -0.351306 0.127012 1.073739
2578 0.022756 -2.862984 1.095069
531 -0.726366 -1.012129 0.472786
2441 -0.038202 -0.284270 1.078114
2121 -0.256687 -0.639077 0.722612
2336 0.624063 -0.666290 1.536512
282 -2.393045 -0.165360 0.808946
2198 -0.511458 -2.912423 0.819155
1218 -0.372113 1.338330 2.933922
251 -3.154252 0.084754 1.126590
2369 -0.074940 -0.695504 0.869619
1530 0.864634 -1.255688 1.741024
2306 0.772456 -1.097214 1.655899
280 -2.813786 0.382748 1.213507
889 -1.755203 0.383249 0.962635
2350 0.318465 -0.290129 1.366816
1751 0.735296 -1.911135 1.523732
1188 -0.123948 1.527146 3.783036
2097 -0.596456 1.138102 2.319120
277 -3.111772 0.044609 1.090248
692 -1.154507 0.238372 0.932387
2489 0.722508 -1.594269 1.436618
684 -1.317916 -0.461335 0.506963
799 -1.357381 -0.567642 0.478818
1952 -1.406608 -1.760183 0.346990
305 -2.125845 -0.204425 0.694000
952 -2.557563 0.944737 1.554949
426 0.344703 -1.493950 1.137915
2082 -0.039537 0.042921 1.282077
511 -0.773029 -0.955098 0.528514
2179 -0.808328 -0.815312 0.493731
1429 0.676518 0.520600 2.951099
793 -1.744508 -0.251505 0.647490
2159 -0.270005 -2.581683 0.865652
970 -2.188749 -0.488043 0.621710
1321 -1.075416 -0.077846 0.776828
16 1.050593 -0.146581 2.704047
322 -2.057950 -0.487324 0.595531
2255 0.102841 -0.490593 1.054871
1958 -1.023991 -2.013827 0.436983
156 0.970545 -1.716395 1.824967
2614 -0.292065 -2.495757 0.793967
522 -0.864272 -1.438476 0.473357
1446 0.640452 -0.692372 1.633293
2517 -0.883102 -2.551594 0.534951
1855 0.091613 -0.192617 1.252335
1198 0.636924 0.178033 2.106923
418 -0.205934 -2.328173 0.857645
620 -2.228487 -0.929721 0.485075
123 1.048209 -2.442710 1.955774
1462 0.681934 0.196061 2.420160
44 0.392223 -0.037747 1.687670
750 -2.546322 0.757901 1.422328
1791 -0.273370 -0.013827 1.133588
561 -3.493310 -0.880492 0.790018
2301 1.219271 -1.405690 2.284544
789 -1.898808 0.039480 0.812886
2644 -0.548738 -1.097344 0.572648
1563 -1.012017 0.861456 1.635734
1620 -0.377320 -0.274496 0.878285
1417 0.561375 0.442487 2.618566
433 0.064684 -1.604369 0.909020
2528 -0.742943 -3.344461 0.831708
2392 0.233643 -0.786786 1.097512
768 -0.901278 0.054327 0.828040
1077 -1.168167 -1.020126 0.463188
413 -0.217009 -1.303149 0.704633
805 -0.833699 -0.344426 0.566320
628 -3.607310 -1.438918 0.684842
2478 -0.033252 -0.408265 1.071214
2004 -1.900048 -1.631018 0.324766
127 0.918148 -1.357230 1.732090
2275 0.440364 -0.755977 1.337378
1142 -2.086859 -0.953336 0.507911
1918 -1.287085 -1.754165 0.414529
2565 -0.298615 -3.278084 1.029736
139 0.966743 -3.066421 1.979168
292 -2.511470 -0.202859 0.804389
189 1.096135 -3.125184 2.174504
2074 0.133711 0.170896 1.670268
1037 -0.741975 -0.437934 0.648963
2212 -1.246062 -2.241740 0.439305
434 -0.257832 -1.324105 0.684347
905 -2.030314 0.522057 1.095577
1262 -0.381387 1.146137 2.533581
2495 0.425973 -2.418215 1.293664
1498 1.100873 -1.465498 2.074068
1336 -1.078009 1.059322 1.858374
1874 -1.001982 0.239383 0.995601
2349 0.351214 0.119436 1.738322
705 -1.244168 0.043360 0.783330
837 -0.668607 0.267895 1.087532
854 -1.097002 0.788342 1.468319
2623 -0.118993 -3.070812 1.051940
1787 0.099129 0.074384 1.456773
1432 0.597137 0.297112 2.463875
699 -0.405458 0.447343 1.424039
527 -1.161772 -1.156239 0.380177
2633 -1.029869 -2.961483 0.648295
931 -1.287868 0.760748 1.357878
1130 -1.216871 0.158649 0.917535
1501 1.224598 -1.158345 2.274145
178 0.324024 -1.513816 1.063391
398 0.401715 -1.666589 1.163489
856 -1.135925 1.070335 1.816575
402 0.383660 -1.302129 1.206547
1298 -1.114408 0.369194 1.011216
1121 -2.061826 -0.535414 0.596195
914 -2.081017 0.689361 1.293460
1557 -0.012112 0.559913 2.053837
210 -0.553079 0.455931 1.336995
2460 -0.153760 -0.087009 1.163301
443 0.306020 -1.448013 1.072045
1407 -0.742997 -0.816941 0.528694
1515 0.875280 -1.007259 1.779855
2305 0.721005 -0.866637 1.615751
1808 -0.055312 -0.417002 0.970048
745 -2.644601 0.052879 0.970151
2093 0.149981 -0.116988 1.363744
2391 0.213942 -0.942667 1.077301
870 -0.656099 0.830805 1.754953
42 0.557119 -0.160318 1.866957
176 0.407847 -1.817857 1.150597
747 -1.705717 0.241185 0.881207
872 -0.951729 1.061455 1.933957
308 -2.973215 0.562927 1.348860
99 0.641119 -0.765959 1.535538
2199 -0.366504 -3.178606 0.985301
2200 -0.543966 -2.884357 0.780961
1002 -0.971840 0.444535 1.180595
2398 -0.964921 -0.474432 0.560969
635 -3.296646 -1.586439 0.539033
1715 0.717776 -0.857286 1.681314
1900 -0.398255 0.268197 1.281252
1308 -0.861068 -0.015085 0.866212
145 1.045489 -2.605152 2.002039
2116 0.137998 -1.391691 0.847714
300 -2.712544 -0.304428 0.810021
1650 -0.427653 -0.579784 0.687444
2189 -1.121148 -2.705082 0.540131
372 -0.694356 -0.098730 0.847952
2454 0.069472 -0.531296 1.060486
992 -1.029708 -0.147382 0.732610
171 0.959810 -2.957967 1.944295
1696 1.110854 0.171932 3.227673
1080 -1.808811 -1.474157 0.380071
558 -2.905721 -0.955314 0.619628
2374 -0.008760 -0.510174 1.022038
266 -2.077535 0.119438 0.882730
390 0.657704 -0.831068 1.334343
1499 1.095244 -1.514255 2.016453
786 -1.810502 -0.218921 0.671408
446 -0.184561 -0.613111 0.800069
1414 0.521780 -0.225031 1.668619
1435 0.561631 0.068674 2.042186
523 -0.806298 -1.068385 0.482271
331 -1.816099 -0.135393 0.737820
2034 -0.525553 0.707960 1.672323
1193 -0.124741 1.824594 4.582872
1235 -0.771628 1.794936 3.541596
1953 -1.406263 -1.907187 0.376107
1236 -0.876086 2.058748 4.036991
2177 -0.838985 -2.352540 0.570505
1691 0.952882 0.354516 3.177704
2071 -0.223705 0.154808 1.251553
2058 0.251306 0.372000 2.019042
1795 -0.138400 -0.223987 1.070657
1418 0.360468 0.435795 2.239025
2285 0.746527 -0.692298 1.782308
950 -2.547974 0.919356 1.528406
1465 0.736442 0.255820 2.671338
1511 0.615704 -0.965757 1.489641
1111 -1.525609 -1.388207 0.351525
1702 0.962754 -0.286454 2.363018
314 -2.444706 0.300142 1.057734
1093 -1.729742 -0.846644 0.509169
421 0.699087 -2.176237 1.516468
2383 0.363904 -0.372392 1.427212
2637 -0.818896 -2.436775 0.572245
1415 0.713564 -0.293789 1.900766
337 -2.399659 0.054213 0.941870
1434 0.337137 0.301423 2.020920
1595 -0.424448 0.221255 1.219657
2332 0.654358 -0.196523 1.934572
2246 0.324795 -0.380571 1.353518
21 0.478548 0.071117 1.901772
2284 0.648928 -0.812087 1.585482
1268 -0.174106 1.642092 3.998203
1865 0.068221 -0.281708 1.191365
2161 -0.210746 -2.566648 0.923443
1319 -0.918871 -0.429809 0.600908
554 -3.251386 -0.857007 0.744754
323 -2.347404 -0.359346 0.703056
1135 -1.672447 -0.768166 0.512882
2550 0.509097 -3.005113 1.486211
1426 0.436906 0.760472 2.932546
535 -0.079744 -1.024192 0.759906
2574 -0.330268 -0.952575 0.645199
2124 -0.051492 -0.761835 0.872391
1858 -0.170568 -0.033697 1.182919
1780 0.248740 -1.764421 1.046826
2359 0.955015 -0.459103 2.242720
1686 -0.316640 1.159323 2.530878
411 0.022421 -1.560253 0.872747
1438 0.539776 -0.395631 1.487416
259 -3.473635 -0.046257 1.145629
2180 -0.968839 -1.181394 0.436726
515 -0.380849 -0.570687 0.740063
1872 -0.582546 0.108219 1.034268
548 -3.023904 -1.181709 0.578211
2223 -0.923870 -2.177767 0.486017
1859 -0.090143 0.014261 1.279194
2540 -0.242566 -2.961364 0.983141
704 -1.246740 0.346527 0.992799
735 -1.905169 0.829060 1.438950
2027 -0.753050 -0.587851 0.587932
1095 -1.592898 -0.679760 0.510976
357 -2.795864 -0.702743 0.689560
710 -0.722235 -0.350464 0.597983
1473 0.776340 -1.301675 1.618160
247 -2.722714 0.687334 1.428243
1766 0.663605 -0.125753 2.014824
1682 -0.087284 0.549347 1.817600
1363 -1.515037 -1.075197 0.418515
951 -2.603266 0.617371 1.269825
1886 -0.392635 -0.080897 0.976829
2606 -0.202046 -2.983144 1.007808
281 -2.605792 0.065438 0.969505
516 -0.516158 -0.812369 0.641926
1745 0.852390 -1.888552 1.643721
631 -4.117829 -2.252437 0.663943
2298 0.772799 -1.035586 1.695261
637 -2.353631 -0.806633 0.548334
191 1.211553 -3.113259 2.300589
2384 0.311747 -0.257975 1.390616
1269 -0.110646 1.213423 3.014488
2196 -1.099023 -3.214643 0.665091
452 -0.372672 -1.682130 0.662803
2532 -0.082076 -2.338268 0.881639
2527 -0.606567 -2.587859 0.652253
1211 -0.617008 1.875416 3.946063
1444 0.631914 -0.330688 1.792166
2562 -0.895549 -3.819776 0.948840
126 0.905828 -1.063374 1.684126
741 -2.245063 0.382507 1.081510
1752 0.630467 -1.742194 1.417608
1156 0.114956 1.157097 3.249274
1244 -0.293530 1.063297 2.531854
1371 -0.707591 -0.858003 0.516277
871 -0.962096 0.892314 1.676651
2039 0.136233 0.314160 1.780187
1921 -1.105876 -2.442189 0.491189
1366 -1.687605 -0.959774 0.428479
2447 -0.361118 -0.331870 0.834684
2338 0.285808 -0.515869 1.189027
1180 0.257944 1.097262 3.314805
427 0.102507 -1.084039 0.914348
1575 0.158809 0.288152 1.795679
1036 -1.008525 -0.424669 0.634316
1461 0.323201 0.409551 2.274359
2520 -1.019666 -3.296732 0.720855
2640 -0.699282 -1.746066 0.504367
2530 -0.238182 -3.383334 1.093525
2591 -1.516306 -2.641780 0.420117
1701 0.632500 0.037086 2.061494
630 -4.482083 -2.393581 0.731777
2612 -0.401783 -2.714559 0.795354
986 -1.194227 0.342009 1.042398
1292 -1.079261 0.262019 0.943094
2442 -0.235136 -0.120882 1.028965
311 -2.203035 0.365633 1.042500
335 -2.729877 -0.056153 0.925591
2608 -0.158566 -2.564356 0.910761
1222 0.014762 1.296406 3.401734
1254 -0.127181 1.545682 3.700868
2322 0.373266 -0.767995 1.298621
2091 -0.336580 -0.019074 0.935733
1577 0.546978 0.191461 2.166872
1567 -0.954164 1.022457 1.920313
1472 0.702955 -1.243743 1.533050
2243 0.696660 0.009773 2.154141
1255 -0.396612 1.841716 4.111653
1296 -1.293870 0.793799 1.458852
2402 0.168969 -0.624308 1.099230
140 0.876676 -3.071135 1.904311
212 -0.922965 0.928298 1.726857
2646 -0.315714 -1.111960 0.683630
2248 0.639798 -0.134218 1.969210
1290 -0.833584 -0.800865 0.517792
2079 0.151149 0.155126 1.671115
213 -1.113876 0.969586 1.665729
2388 0.385740 -0.867755 1.215787
1520 0.954528 -1.471668 1.797030
306 -2.210685 0.345333 1.054846
396 0.076492 -0.959867 0.904100
2007 -1.580583 -2.489706 0.400879
1423 0.286190 0.807509 2.813583
613 -3.240442 -1.031540 0.636741
1802 0.469769 -0.313010 1.572927
1420 0.455643 0.895150 3.248694
1508 0.929515 -1.047775 1.894214
1162 0.321024 1.067477 3.464317
14 0.577889 -0.205231 1.794567
2387 0.583191 -0.771167 1.501303
1099 -0.568740 -0.194602 0.786468
1442 0.884725 -0.933146 1.787292
2340 0.757058 -0.881028 1.703216
575 -2.545605 -0.013537 0.890995
1587 0.078405 -0.339585 1.162546
2362 0.206476 -0.034452 1.528522
2401 -0.130465 -0.272869 1.001944
2372 0.050872 -0.346700 1.107708
1063 -1.098215 0.013103 0.791167
428 0.274261 -1.098320 1.046350
2607 -0.265360 -3.239469 1.026234
1894 -0.997225 0.095705 0.910243
124 1.178234 -2.546417 2.166049
499 -0.634134 -0.397139 0.700759
1401 -0.463792 -0.990997 0.614901
1517 0.744227 -1.201078 1.648874
2491 0.907902 -1.585089 1.634552
550 -2.809795 -1.222516 0.522749
512 -0.893920 -0.759967 0.538779
195 0.715463 -3.104071 1.720419
1316 -0.709296 -0.618202 0.582750
83 0.440457 -0.149261 1.734565
1806 0.374641 -0.305722 1.450973
1464 0.761423 0.368255 2.888403
98 0.430123 -0.722592 1.343074
1706 1.283476 -0.232710 3.053886
1852 0.481491 -0.478967 1.481527
80 0.791174 -0.023219 2.371975
87 -0.590697 -0.094974 0.767421
164 0.480391 -1.004768 1.280853
506 -0.921465 -1.078336 0.516939
759 -1.505912 0.443811 1.075436
604 -3.615698 -1.418608 0.677207
1779 0.159230 -2.068649 1.005289
146 0.619189 -2.331829 1.459025
2096 -0.542537 1.224875 2.493197
1522 0.877746 -1.437089 1.713933
1629 0.210816 -0.167177 1.416826
624 -4.085531 -1.652340 0.738931
1927 -1.033242 -1.208335 0.418452
261 -3.565243 0.141468 1.293054
2191 -1.332139 -1.688468 0.350199
2615 -0.121252 -1.787194 0.773989
1058 -1.130040 -0.338556 0.628920
1978 -1.294861 -1.568604 0.343599
801 -0.806605 -0.584271 0.584689
2335 0.706855 -0.614390 1.699038
1532 0.727680 -1.108830 1.508563
2647 -0.437108 -1.071058 0.628463
1357 -1.322690 -1.240290 0.400317
179 -0.131118 -1.254374 0.704503
2181 -1.033122 -1.509482 0.424011
2094 0.197298 -0.207394 1.304076
1697 0.818460 0.274169 2.871153
490 -1.252748 -1.565238 0.402720
2577 -0.712569 -2.782292 0.669290
2446 -0.258041 -0.264465 0.949667
1917 -0.649767 -1.399387 0.489905
1664 -0.543086 -0.125515 0.845265
1081 -1.640081 -1.343593 0.386950
2133 -0.296616 -0.552823 0.811487
777 -1.916999 0.392644 1.036814
1267 -0.240557 1.752375 4.130674
2469 0.404038 -1.055503 1.207086
2378 0.275147 -0.239206 1.336168
2488 0.487694 -2.186691 1.272715
608 -4.336519 -2.157948 0.735413
5 0.905285 0.198647 2.880358
794 -1.295417 -0.594179 0.440288
1220 -0.528984 1.789707 3.834087
2357 1.185304 -0.122589 3.119463
498 -0.794330 -0.474436 0.657366
1873 -0.692853 0.094480 0.961151
1362 -1.404850 -1.248880 0.388734
201 -1.027250 0.782739 1.517823
1902 -0.603064 0.272937 1.143841
746 -3.027347 0.188464 1.153255
960 -2.574696 0.443026 1.173718
1564 -0.890720 0.841155 1.650197
2099 -0.778038 1.044791 1.989441
603 -3.269930 -1.426460 0.606075
1084 -1.891139 -1.277167 0.399753
1698 1.116635 0.224047 3.392930
2100 -0.745779 1.188024 2.266242
1367 -1.773997 -0.535302 0.491208
1759 1.037535 -0.859457 2.031440
715 -1.099790 1.054281 1.884612
185 0.934667 -2.588392 1.878196
1507 1.032619 -1.268041 2.011688
1677 0.356576 0.201379 1.901369
503 -0.780284 -1.246783 0.488059
256 -3.078662 0.083243 1.101715
1719 0.496156 -0.305859 1.601830
461 -0.011205 -1.699097 0.885328
334 -2.565577 -0.018706 0.906257
621 -3.304812 -1.341067 0.621917
2160 -0.287953 -2.459848 0.826406
1866 0.100104 -0.374627 1.132184
2345 0.638644 -0.024533 2.024349
547 -3.400852 -1.397871 0.643269
1311 -1.066319 -0.369874 0.613305
568 -3.497134 -0.914048 0.734509
912 -2.161131 0.763216 1.347268
2373 0.038713 -0.641388 0.988675
1578 0.526284 0.206071 2.248440
2557 -0.508045 -3.193327 0.906039
2158 -0.042387 -1.746053 0.819335
564 -3.643337 -0.773627 0.840459
294 -2.085427 -0.005742 0.801061
549 -3.102387 -1.288570 0.569652
1956 -1.286004 -1.469594 0.348637
1822 0.082807 0.170456 1.561939
2141 -1.102112 -2.307881 0.444409
1854 0.238241 -0.273364 1.374688
1912 -1.596941 -2.102964 0.378986
1718 0.352037 -0.312384 1.412388
22 0.350487 0.034466 1.638320
2590 -1.577228 -2.836328 0.447545
315 -1.981319 0.081423 0.825766
304 -2.421854 -0.328949 0.721930
1114 -0.732816 -1.133694 0.481817
755 -1.847395 0.415202 1.060573
2205 -0.774100 -1.953049 0.500365
2399 -0.839418 -0.333078 0.610463
2175 -0.613315 -2.726991 0.779561
2241 0.485176 -0.042029 1.793677
2183 -0.689424 -2.012808 0.544143
2635 -0.701957 -3.129002 0.806558
2440 0.357690 -0.240439 1.517915
246 -2.560427 0.637560 1.336614
1556 0.103360 0.778196 2.515251
528 -1.173907 -1.101420 0.373134
196 0.859452 -3.162344 1.875411
1416 0.531118 0.338266 2.359409
110 1.036425 -1.695830 1.937721
312 -2.441046 0.373474 1.105000
2033 -0.429143 0.594653 1.584375
2497 0.127335 -3.314112 1.338757
2311 0.868764 -1.028609 1.766764
255 -2.861293 -0.058398 0.949716
2597 -0.797485 -3.421101 0.823073
111 0.831008 -1.264782 1.675788
1360 -1.697736 -1.598370 0.367987
1480 0.527362 -0.541612 1.571594
12 0.585725 0.036363 2.081616
1721 0.303066 -0.559073 1.224191
1919 -1.249001 -1.349230 0.373225
435 -0.459242 -1.399308 0.599362
10 0.401092 0.377124 2.229105
1257 -0.137815 1.485093 3.567214
2274 0.344018 -0.981399 1.176332
1621 -0.264291 -0.182880 1.038379
2636 -0.789437 -3.436209 0.854368
565 -3.057121 -0.897366 0.626751
2197 -1.093649 -3.012656 0.598533
2548 0.067529 -3.390554 1.316133
1369 -1.518192 -0.975957 0.401252
1727 0.751984 -0.293040 1.987354
605 -3.812700 -1.686869 0.693139
1862 -0.107206 0.021045 1.300501
536 -0.036922 -0.854315 0.811255
782 -1.400816 0.439088 1.039557
429 0.311664 -1.442438 1.083195
15 0.700091 -0.167056 2.040908
1313 -0.906705 -0.592406 0.517952
1863 -0.088744 -0.045503 1.249341
1096 -1.515496 -0.723117 0.491825
2334 0.685861 -0.494351 1.778831
864 -0.440949 0.397990 1.299470
238 -1.578196 1.084720 1.773752
287 -2.712071 0.152360 1.020054
279 -2.378857 0.297281 1.050512
2518 -0.955150 -3.044070 0.644458
221 -0.433294 0.241817 1.194794
2556 -0.074631 -2.986586 1.085926
1076 -1.364624 -1.093843 0.473132
1412 0.382732 0.341784 2.119510
695 -0.510850 -0.312833 0.839409
497 -0.846164 -0.674343 0.568995
1443 0.758326 -0.637837 1.792045
437 -0.369570 -1.279883 0.634774
143 1.187793 -2.681988 2.162046
742 -1.657541 -0.147917 0.685188
1892 -1.231673 -0.174602 0.719174
988 -1.277003 0.234763 0.914519
2408 -0.860693 -0.812358 0.530730
1546 -0.037344 0.146851 1.411009
654 -1.144816 -0.313105 0.559988
650 -2.667203 -1.016733 0.527434
545 -3.656466 -1.673806 0.640808
2203 -1.094923 -2.762756 0.596258
1481 0.549596 -0.567579 1.575519
1533 0.646581 -0.975490 1.463894
1192 -0.392022 1.809022 4.000363
2210 -1.574149 -2.492587 0.386426
2095 0.041826 0.256902 1.573477
1991 -1.591796 -1.292454 0.357036
1487 0.695431 -0.679809 1.695943
2563 -0.294632 -3.370315 1.076081
51 0.152727 0.024103 1.472790
607 -3.795699 -1.871075 0.637913
2499 0.208223 -3.241264 1.380179
530 -0.973765 -1.029974 0.421922
1430 0.717257 0.279399 2.535268
2315 0.838849 -1.062038 1.804893
2439 0.321006 -0.250473 1.455602
24 0.420211 0.007484 1.768768
2641 -0.716525 -1.673554 0.494921
457 -0.551011 -2.325312 0.683418
1889 -0.371100 -0.385641 0.794574
425 0.517170 -1.626791 1.255988
219 -0.948096 0.918750 1.718760
589 -3.226236 -0.712797 0.800777
738 -2.172523 0.739748 1.342764
2610 -0.330967 -3.351571 0.994077
440 0.355875 -1.583104 1.169719
2360 0.395773 -0.372262 1.461189
1899 -0.468544 0.300703 1.288629
765 -1.180324 0.079427 0.794192
2470 0.308085 -0.926366 1.139529
1913 -1.133930 -1.969991 0.437310
739 -1.811848 0.574900 1.156601
1518 0.859942 -1.437794 1.686704
910 -2.450405 0.834722 1.465978
1056 -1.255922 -0.565843 0.566530
1253 -0.522183 1.964123 4.288507
473 -0.525259 -1.659276 0.584615
30 0.543359 -0.173553 1.788864
1490 0.355903 -0.462658 1.416663
405 0.349174 -1.480381 1.139660
2547 -0.002015 -3.405922 1.249711
2017 -1.034535 -0.550575 0.517650
1293 -1.400273 0.900207 1.513399
2498 0.211497 -2.979030 1.280947
1169 -0.931695 1.881885 3.516634
2303 1.282935 -1.479447 2.347048
1800 0.485417 -0.403982 1.537077
543 -3.452896 -1.509664 0.604824
2174 -0.647676 -2.559787 0.658921
863 -0.510382 0.670914 1.601210
1433 0.482803 0.279795 2.227183
128 0.650607 -0.899198 1.476737
460 0.140765 -1.804654 0.984009
1161 0.237558 1.342673 3.962684
1552 -0.185368 0.324763 1.492809
242 -0.467890 0.227225 1.140492
239 -1.327262 0.991819 1.702907
2162 -0.367789 -3.028383 0.944625
2524 -0.490761 -3.761240 1.065773
2560 -0.880855 -4.139361 1.020652
1196 0.649950 0.722291 3.314109
450 -0.297115 -1.407509 0.685536
253 -2.956540 -0.026372 0.987341
1676 0.104050 0.443534 1.907142
131 1.041918 -1.990295 1.912932
2492 0.750376 -1.726026 1.499878
1924 -1.161333 -2.204344 0.433489
82 0.859799 -0.244710 2.370739
400 0.484140 -1.588015 1.279347
2434 0.020661 -0.417405 1.072614
2381 0.291880 -0.301492 1.357137
2072 -0.010134 0.070762 1.405584
1181 0.524496 0.826766 3.140528
1976 -1.124384 -1.875008 0.404109
1914 -0.926028 -1.865132 0.460747
1151 -0.937918 -0.504987 0.599566
1801 0.608995 -0.403477 1.678909
2634 -1.086648 -3.582746 0.795222
1064 -1.047328 -0.020114 0.773141
643 -3.516436 -1.475411 0.691957
1500 1.186530 -0.766986 2.319595
472 -0.967296 -1.571338 0.424732
1368 -1.767372 -0.684197 0.494176
1282 -0.541271 0.596402 1.281377
1630 0.083044 -0.119806 1.254228
76 0.997319 -0.577519 2.265118
489 -1.451456 -1.574913 0.395085
79 1.055526 -0.028396 2.916229
243 -0.791711 0.452532 1.189247
2500 0.548470 -2.811208 1.466916
2554 0.158029 -3.428155 1.376768
1860 -0.332658 0.208018 1.252976
1864 -0.076528 -0.391339 0.984681
1075 -1.444694 -1.122884 0.410502
332 -2.282071 -0.391876 0.697994
1755 0.931866 -1.126288 1.786647
609 -3.921675 -1.936334 0.650899
990 -1.158743 0.244585 1.007111
701 -1.011899 0.730790 1.426202
321 -2.411630 -0.301098 0.722567
18 0.749627 0.178909 2.552324
1460 0.365424 0.446344 2.301009
1675 0.245248 0.433017 2.045436
1092 -2.028329 -1.284858 0.430312
1194 -0.051100 1.594701 4.053285
2190 -1.301248 -2.205727 0.449431
795 -1.411503 -0.787039 0.438579
2613 -0.467008 -2.970618 0.870591
338 -2.696421 0.047687 0.992122
2016 -0.994996 -0.889266 0.428384
1182 0.351049 0.915834 3.043524
479 -0.480724 -1.324587 0.549937
482 -0.471978 -1.847354 0.637285
2472 0.394286 -0.802379 1.311525
2535 0.096582 -1.926560 0.908108
625 -4.459490 -2.077718 0.752896
2358 1.275741 -0.280997 3.035310
1885 -0.463879 -0.052378 0.967601
1506 0.812635 -1.278386 1.661662
1941 -1.591397 -1.496695 0.353156
2414 0.071221 -1.075714 0.953948
1026 -1.078757 -0.044103 0.781308
632 -4.358611 -2.393322 0.721922
895 -1.317770 0.348000 0.992568
1185 0.554704 1.019247 3.785395
787 -1.954233 -0.253100 0.670802
1580 0.974452 -0.104605 2.652481
1455 0.620852 0.593456 2.864851
2249 0.616930 -0.024126 1.972054
2519 -0.986989 -3.175578 0.706418
1203 0.274452 1.043920 3.188393
978 -1.651021 0.278217 0.974049
2296 0.921241 -1.087308 1.842343
177 0.281745 -1.792179 1.010864
1458 0.573358 0.310032 2.310212
560 -3.585316 -0.962062 0.785490
105 1.202306 -2.077457 2.063728
52 -0.489751 0.383483 1.291864
1815 0.018721 0.351515 1.720908
1786 0.031704 0.088097 1.406531
2428 0.481794 -0.813596 1.353759
885 -1.513545 0.667670 1.268382
2310 1.011169 -1.070681 1.960315
245 -2.144164 0.829720 1.443990
505 -0.973410 -1.134284 0.460365
458 -0.343921 -1.916088 0.686303
1057 -1.213305 -0.362384 0.650213
1300 -0.760619 0.289563 1.035958
521 -0.444612 -1.484416 0.610352
1579 0.899241 -0.009384 2.545774
1364 -1.907180 -1.428691 0.375945
2455 0.268939 -0.528944 1.269290
1726 0.437922 -0.177524 1.622280
1722 0.195337 -0.540833 1.064813
853 -0.994131 0.816515 1.560767
2643 -0.455227 -1.076996 0.619832
1288 -0.585082 -0.052020 0.877961
2053 -0.131430 0.815381 2.270095
2496 0.275129 -3.201351 1.442128
2522 -0.948755 -3.381603 0.742755
569 -3.574473 -1.007695 0.714832
562 -3.157814 -0.626858 0.753835
1554 -0.061141 0.693635 2.131814
11 0.265459 0.303080 1.900033
2595 -1.025862 -3.264261 0.708788
2429 0.677340 -0.825626 1.587126
919 -1.872537 0.314850 0.980545
2209 -1.608948 -2.163801 0.369719
1101 -0.671571 -0.210535 0.764036
555 -3.522236 -1.038218 0.732351
2576 -0.529184 -1.714706 0.544667
2572 -0.630868 -0.594515 0.602679
873 -1.088398 1.254753 2.215425
642 -2.953205 -1.151261 0.571627
1396 -1.834560 -1.450437 0.380743
1297 -1.605521 0.844718 1.492867
2201 -0.404580 -2.455092 0.746977
2237 0.441385 0.314111 2.199665
1214 -0.325640 1.585300 3.660000
2596 -0.673990 -3.371747 0.831838
70 0.681371 -0.358922 1.871271
1555 -0.087018 0.769440 2.256950
2242 0.882248 0.081612 2.560944
109 1.130840 -1.744835 2.025967
1923 -1.054178 -2.016783 0.439177
868 -0.757857 0.994502 1.957567
954 -2.676234 0.799685 1.426375
713 -1.011283 0.649624 1.315755
117 0.733377 -1.511399 1.460608
404 0.418042 -1.435723 1.181784
2352 0.856237 -0.457020 2.081935
1060 -1.421781 -0.116656 0.729914
336 -2.999509 -0.007866 1.031043
953 -2.270725 0.740934 1.347597
2337 0.326254 -0.447135 1.313442
2061 0.368290 0.289597 2.047533
546 -3.712626 -1.262886 0.720918
534 -0.288526 -0.808285 0.678332
1803 0.145879 0.030959 1.472778
1940 -1.364115 -1.586852 0.331798
1709 1.020956 -0.300898 2.361487
1202 0.475615 0.894783 3.303865
1419 0.395915 0.663431 2.729439
298 -2.380299 -0.251399 0.749230
383 0.662034 0.008691 1.915835
31 1.064690 -0.307398 2.525649
1933 -1.279666 -1.777875 0.401175
1310 -0.686648 -0.176342 0.757188
1920 -1.100119 -2.209115 0.437829
2541 -0.505071 -2.706959 0.762919
2022 -0.936103 -0.084907 0.697158
1868 -0.399925 0.087989 1.113893
1033 -1.196482 -0.364064 0.656327
2529 -0.350315 -3.655448 1.127737
538 -0.176888 -0.790061 0.732004
776 -1.781025 0.498011 1.115786
2240 0.263339 -0.361882 1.203776
397 0.372300 -1.070944 1.117435
1944 -1.770264 -1.482927 0.334678
780 -1.541841 0.265054 0.881035
1867 0.129078 -0.343629 1.173833
9 0.248656 0.456136 2.140481
2503 -0.097063 -3.616049 1.263544
894 -1.697082 0.741374 1.323007
214 -0.722375 0.933412 1.847148
857 -1.169913 1.155338 1.952504
409 -0.084078 -1.622357 0.795783
394 0.294134 -2.178176 1.179728
2453 0.527920 -0.762052 1.452922
2609 -0.388091 -3.551558 1.061803
1788 -0.038887 0.167004 1.479635
1790 -0.278883 0.144721 1.274266
2215 -1.241297 -1.974411 0.386810
1509 0.838199 -1.159683 1.756109
347 -2.529742 -0.330363 0.750722
1270 -0.219779 1.188058 2.873526
419 0.142271 -2.488076 1.085862
1534 0.442461 -1.048210 1.304401
2323 0.283625 -0.743899 1.202458
2120 -0.199007 -0.557034 0.826915
2648 -0.426033 -1.269719 0.619109
1004 -1.181260 0.095460 0.881096
1730 0.487057 -0.591205 1.293908
2592 -1.473533 -2.541233 0.365722
519 -0.252018 -1.018096 0.684049
1973 -1.260792 -2.051184 0.437151
2090 0.154075 -0.122684 1.317267
633 -4.242578 -2.296421 0.722268
2377 0.208350 -0.372677 1.237819
865 -0.853862 0.767830 1.525262
1456 0.524327 0.110681 2.055756
1061 -1.575386 -0.063491 0.766380
241 -0.775924 0.481377 1.238582
592 -3.155290 -0.755547 0.719593
2019 -0.974478 -0.155994 0.668652
2063 0.549831 -0.277850 1.686214
26 0.754679 -0.153557 2.111336
2568 -0.805896 -2.436676 0.580650
1725 0.667478 -0.173243 1.938793
4 0.883196 0.190726 2.882088
744 -2.072118 -0.192792 0.724607
2356 1.272251 -0.112089 3.269986
513 -0.579235 -0.743014 0.614942
295 -2.281948 -0.288468 0.734936
160 0.826955 -2.339467 1.702144
2153 -0.960478 -2.109178 0.488874
1171 -0.355920 1.490077 3.349919
842 -1.128813 -0.164908 0.719581
2620 -0.380918 -3.010595 0.885786
45 0.483170 -0.088474 1.743658
1710 0.988672 -1.264076 1.740195
1816 0.067091 0.049926 1.417816
436 -0.559405 -1.477762 0.569371
709 -0.905114 -0.440312 0.579416
1376 -1.030810 -0.502119 0.585604
2325 0.408296 -0.957048 1.283828
1769 0.201027 -0.468134 1.166029
1204 0.125158 1.286407 3.623601
2588 -1.286002 -2.297456 0.394296
959 -2.523779 0.348231 1.140202
2008 -1.756832 -2.232943 0.354130
296 -2.798310 -0.209632 0.885605
2400 -0.022161 -0.401244 1.034333
792 -2.398240 -0.392533 0.668977
1375 -1.129243 -0.741982 0.484076
1586 0.015349 0.015550 1.354443
2600 -0.364331 -2.663159 0.790769
1094 -1.889664 -0.791422 0.515976
2355 1.056682 -0.157115 2.711415
2015 -1.253379 -0.830816 0.437570
1853 0.361234 -0.394768 1.430705
703 -1.263170 0.803530 1.482040
980 -1.585219 0.094911 0.810362
1302 -0.983275 0.278641 0.996716
1047 -1.078235 -0.790244 0.510099
2632 -1.034777 -2.761859 0.579513
1704 0.982855 0.072912 2.818690
494 -1.035910 -1.159876 0.459258
514 -0.421913 -0.678355 0.691443
116 0.875068 -1.918666 1.649074
50 0.293623 0.127664 1.782524
1870 -0.375313 0.206347 1.211815
1183 0.723321 0.858581 3.623892
244 -1.525914 0.680412 1.309784
2504 0.086662 -2.967022 1.173384
1482 0.589036 -0.758880 1.551383
1688 -0.217701 1.276574 3.016631
1548 0.102575 0.429193 1.857662
1869 -0.290624 0.026010 1.129207
1082 -1.911017 -1.053286 0.405958
340 -3.174672 0.080395 1.122074
1317 -1.017012 -0.376647 0.622135
284 -2.587982 0.121183 1.013671
118 0.844716 -1.672545 1.589630
785 -1.565887 -0.053440 0.752779
1083 -1.863487 -0.882221 0.519565
170 0.751677 -2.958320 1.757777
1160 -0.097989 1.484949 3.710773
2244 0.835578 0.158747 2.624489
1294 -1.705310 1.338306 2.049784
2216 -1.327760 -1.866993 0.364554
1048 -1.009517 -0.607104 0.560896
2059 0.379450 0.405177 2.364075
1565 -1.061503 1.164539 2.115408
1805 0.419223 0.046474 1.843393
859 -1.365957 1.282021 2.032786
2593 -1.260953 -3.054665 0.550281
1720 0.327457 -0.335361 1.268729
2542 -0.379817 -2.742002 0.823162
2288 0.946867 -0.337320 2.338032
384 0.476582 -0.097055 1.563809
1091 -2.216961 -1.370317 0.406950
1810 0.080742 -0.079430 1.347086
1670 -0.108382 0.592367 1.903454
68 0.451844 -0.047485 1.800108
2173 -0.519460 -2.410263 0.703402
614 -3.079330 -0.667241 0.671532
869 -0.951473 1.184153 2.191544
114 0.912466 -1.998351 1.671500
2187 -1.093016 -2.621526 0.508419
2292 0.892623 -1.060474 1.750606
283 -2.318285 -0.079635 0.817517
252 -2.648428 0.010647 0.950335
982 -1.133648 0.185563 0.919387
348 -1.553455 -0.388326 0.558340
2515 -0.909174 -2.252090 0.485469
1775 0.320126 -1.581740 1.074417
636 -2.875983 -1.277776 0.542466
616 -2.547764 -0.379888 0.667138
2561 -0.859812 -4.183468 1.092731
1197 0.674133 0.410611 2.585714
2601 -0.376748 -3.005909 0.913817
743 -2.022260 -0.411031 0.600960
1699 1.195895 0.003178 3.208219
2137 -0.227316 -0.193252 0.939188
766 -0.936414 0.082872 0.841236
1251 -0.667728 1.780550 3.632024
2098 -0.689360 1.279349 2.543652
955 -3.081514 0.569189 1.383196
1252 -0.608187 1.953489 4.173477
2043 0.138011 0.239545 1.714734
927 -1.656523 0.735677 1.335176
860 -1.177734 1.245330 2.092237
1440 1.020304 -0.824076 1.954681
629 -4.211720 -2.126388 0.712067
23 0.498439 -0.073843 1.880574
2309 0.972476 -1.194863 1.909896
1576 0.236409 0.036568 1.589077
2551 0.208795 -3.054387 1.241131
2598 -0.624491 -3.110431 0.807758
958 -2.787150 0.390971 1.205263
1295 -1.476009 1.147269 1.777655
2232 -1.175211 -0.752692 0.517655
2471 0.467903 -0.833275 1.315775
1372 -0.625797 -0.724339 0.600440
1474 0.831387 -1.192974 1.713232
403 0.126913 -1.053955 0.945311
455 -0.431824 -1.922177 0.639686
2549 0.504138 -3.342364 1.605159
2370 -0.109994 -0.556968 0.883016
2344 0.697410 0.200123 2.387026
758 -1.700719 0.557149 1.136349
393 0.280951 -2.079033 1.094272
876 -1.134228 1.351698 2.270914
2009 -1.234665 -1.328088 0.363548
520 -0.098874 -1.165058 0.739132
478 -0.785856 -1.997249 0.502753
2140 -0.875016 -1.903640 0.438494
2291 0.713372 -1.320464 1.418559
6 0.792815 0.307652 2.833215
700 -0.434359 0.339522 1.296195
1861 -0.193429 0.165879 1.367232
2054 -0.126506 0.656978 2.040737
2555 -0.062228 -3.211386 1.165663
1078 -1.730143 -1.300172 0.424844
2324 0.179416 -0.876733 1.023713
115 0.899192 -2.411373 1.772551
708 -0.975877 -0.385418 0.554503
2050 0.008902 0.401312 1.748558
651 -2.561826 -0.953420 0.518136
1712 0.706882 -1.314180 1.340303
1065 -1.190952 0.228255 0.918167
1307 -1.279924 0.084107 0.866767
737 -2.459844 0.901028 1.597098
2204 -1.176633 -2.843690 0.581128
81 1.160303 -0.224545 2.855397
2101 -0.878647 0.814437 1.615382
1538 0.368715 -0.910034 1.178059
1109 -1.593345 -1.290378 0.404942
2543 0.014624 -3.172903 1.164618
1687 -0.362584 1.207314 2.614341
2293 0.919221 -1.175496 1.778952
453 -0.334845 -2.016895 0.722207
125 0.982931 -1.411057 1.758617
1097 -1.482442 -0.422112 0.590738
2327 0.386412 -0.653243 1.308776
544 -3.199306 -1.576939 0.545871
144 1.189560 -3.011445 2.268212
754 -2.537440 0.498266 1.215138
2060 0.106934 0.485834 2.045820
539 -0.413938 -0.774970 0.600056
2222 -1.042766 -2.941502 0.587592
1689 0.058815 1.181342 3.161180
504 -0.985747 -1.089039 0.484988
456 -0.590533 -2.365385 0.653668
260 -3.175602 -0.065527 1.025150
2070 -0.085589 -0.404449 0.888473
552 -2.694256 -1.089259 0.522757
151 0.752663 -2.225687 1.550940
751 -3.261079 0.800642 1.609901
1581 0.999285 0.002971 2.798198
1708 1.264266 -0.208718 2.967638
930 -1.772322 0.465408 1.073494
615 -2.134348 -0.285394 0.605929
2624 -0.338292 -2.755233 0.829246
2077 0.041124 0.250587 1.642094
346 -2.115438 -0.084775 0.813530
1213 -0.144382 1.608088 3.879241
1303 -1.340094 0.708043 1.328355
442 0.067133 -1.289497 0.857990
2051 0.253694 0.563441 2.327661
339 -3.286762 0.044053 1.107657
293 -1.949364 -0.182651 0.678025
1441 1.133631 -0.732896 2.320591
2010 -1.079452 -1.221490 0.418233
753 -3.246135 0.818048 1.624858
721 -0.957292 1.049826 1.980104
1377 -1.187251 -0.994704 0.437150
1365 -2.179381 -1.528606 0.351047
781 -1.614778 0.293906 0.907655
1724 0.301334 -0.145865 1.471994
2616 0.007893 -1.891484 0.835271
112 1.114345 -1.714924 1.984930
2351 0.726921 -0.305453 2.016364
19 0.869138 -0.002184 2.597400
2526 -0.664736 -3.461501 0.885485
2559 -0.952043 -3.971319 0.978812
570 -3.948096 -1.216161 0.756085
1191 -0.430136 1.661583 3.574006
2207 -1.608922 -2.295368 0.391529
142 0.887300 -2.333786 1.744814
778 -2.058573 0.380936 1.026928
66 0.090612 -0.003005 1.374441
1736 0.414320 -0.302640 1.405587
752 -3.116294 0.765837 1.566565
736 -2.264566 1.031107 1.640374
2217 -1.328052 -1.326961 0.348078
1668 -0.113503 -0.006187 1.090418
998 -0.877670 -0.810807 0.507500
264 -2.957502 -0.062490 0.970362
1110 -1.445196 -1.365130 0.382568
1915 -0.706704 -1.882603 0.502894
2020 -0.854630 -0.109328 0.734909
2186 -0.750731 -2.483331 0.634574
775 -1.439247 0.319428 0.970382
2294 0.996879 -1.320088 1.927308
1672 0.013659 0.486327 1.828282
2214 -1.517006 -2.197940 0.364813
2086 0.119348 0.013462 1.408513
2611 -0.683121 -3.841355 1.027116
611 -2.931735 -1.247432 0.516660
571 -3.766672 -1.235390 0.712291
2544 0.132541 -3.521601 1.355715
2075 0.098387 0.160590 1.614533
2052 0.124227 0.569082 2.153172
1425 0.406564 0.682894 2.747034
1996 -1.570911 -0.392560 0.557767
1230 -1.286507 1.357752 2.283593
1459 0.397263 0.297662 2.083859
2566 -0.822617 -2.803105 0.637217
2435 0.180899 -0.343951 1.284124
1922 -1.150705 -2.426957 0.494177
1711 1.058841 -0.999942 2.022913
97 0.437525 -0.598927 1.331180
1206 0.177310 1.294446 3.708221
1987 -1.322174 -1.131806 0.371686
1167 -0.774293 1.729101 3.334365
1993 -1.645651 -0.637731 0.507520
2211 -1.071885 -1.870022 0.398130
2433 0.448098 -0.366120 1.553880
1778 0.429110 -2.142435 1.207412
423 0.601445 -1.586136 1.358376
67 0.328938 0.075844 1.748492
2185 -0.744735 -2.534649 0.662235
2558 -0.992897 -3.828844 0.863593
1207 -0.094753 1.684568 4.136564
2076 0.151688 0.094157 1.586855
1871 -0.759282 0.158229 1.004612
2589 -1.517783 -2.200526 0.369157
113 1.050612 -1.912925 1.937217
618 -3.236015 -1.208885 0.560540
553 -2.735137 -1.169621 0.500706
385 0.762321 0.151718 2.341243
53 -0.259090 0.330224 1.323921
578 -2.694067 0.094176 0.987907
297 -1.791034 -0.242651 0.621715
2202 -1.017038 -2.723610 0.599187
1566 -0.957518 1.083272 2.038023
1945 -1.320452 -1.038175 0.364329
1729 0.776208 -0.429193 1.838135
2250 0.515491 -0.181029 1.728004
1954 -1.593282 -1.431704 0.309219
767 -0.674576 0.152073 0.927736
702 -0.967619 0.521549 1.168165
874 -0.812792 0.971323 1.851730
2625 -0.075825 -2.464733 0.944217
150 0.887471 -2.798860 1.881665
2416 -0.032724 -1.093273 0.859308
601 -2.048191 -1.530276 0.297177
1067 -1.391200 0.088667 0.847201
1781 0.445096 -1.848363 1.205745
1998 -1.281099 -0.768204 0.444410
1757 0.827131 -0.986727 1.658455
2044 -0.146168 0.340677 1.506658
1228 -0.773062 1.160784 2.215107
2002 -2.009518 -1.427083 0.331230
240 -0.851390 0.552325 1.296718
69 0.356844 0.008724 1.745921
1205 0.303223 1.091592 3.436059
2628 -0.106272 -2.254071 0.869875
28 0.535389 -0.140763 1.821963
774 -0.931397 0.354687 1.102794
1521 0.916238 -1.628949 1.772698
1289 -0.618973 -0.265041 0.771874
1123 -1.547745 -0.597141 0.536336
906 -2.503670 0.712357 1.367706
1995 -1.294658 -0.224413 0.600516
2481 -0.257674 -0.640040 0.774542
1990 -1.677642 -0.973491 0.396821
1723 0.509887 -0.212440 1.606225
508 -0.887188 -1.213991 0.462068
1793 -0.379246 -0.033513 1.022169
2012 -1.269317 -0.422066 0.535703
987 -1.238982 0.339100 1.017382
1703 0.891821 -0.524402 2.029107
147 0.576259 -2.327151 1.457806
2287 1.066342 -0.475411 2.438907
2567 -0.459922 -2.569183 0.741213
2006 -1.482949 -1.587931 0.315532
386 0.701929 -0.056674 1.957789
1992 -1.493415 -0.622886 0.481056
1758 1.035355 -1.123422 1.980262
2523 -0.654758 -3.485700 0.906115
175 0.416719 -2.018694 1.199579
1707 1.362906 -0.632708 2.786592
17 1.030487 -0.114704 2.724190
2605 -0.250717 -2.254405 0.765910
617 -2.814189 -1.199421 0.506776
2570 -0.402477 -1.153459 0.589219
2005 -2.264836 -1.961367 0.345193
424 0.676180 -1.939653 1.401963
784 -1.309927 -0.013672 0.772075
1045 -0.958863 -0.731675 0.526826
1463 0.745281 0.327549 2.758522
1986 -1.252259 -1.117002 0.392240
2538 0.111516 -2.417087 1.037374
2569 -0.743485 -2.406435 0.575493
1750 0.894870 -1.559019 1.667526
1848 0.036540 -0.389415 1.105150
106 1.239267 -2.077031 2.143661
1100 -0.710584 -0.415253 0.692217
929 -2.243170 0.791766 1.377038
2545 0.004007 -3.162189 1.191245
2295 1.052639 -1.268600 1.962364
576 -2.544051 0.120513 0.949760
1796 0.256296 -0.342316 1.334116
104 1.123356 -1.864082 2.025165
908 -1.452070 -0.216201 0.581455
1809 0.151958 -0.602541 1.040854
556 -2.566802 -0.820910 0.577001
1287 -0.206820 -0.012695 1.079294
2208 -1.644577 -2.003709 0.332405
1705 1.231447 -0.367967 2.722692
451 -0.340078 -1.398228 0.651265
48 0.498084 0.176543 2.133529
49 0.471756 0.093825 1.934949
1942 -1.810845 -1.347631 0.327137
1943 -1.896326 -1.533373 0.343345
206 -1.460481 1.408701 2.272031
492 -1.352871 -1.269871 0.404986
2000 -1.815927 -1.374817 0.370343
1798 0.401120 -0.309469 1.534243
2380 0.579718 -0.392902 1.657815
610 -2.916801 -1.441454 0.514140
262 -3.594674 0.278320 1.352475
1210 -0.224903 1.711916 4.068623
2599 -0.312646 -2.435346 0.763846
1512 0.424810 -0.861719 1.272757
2049 -0.301899 0.392120 1.435612
858 -1.422507 1.378031 2.149039
1158 -0.373261 1.673978 3.659314
148 0.478015 -2.258800 1.275977
1513 0.735332 -1.152846 1.527573
2011 -1.159914 -0.663333 0.451482
1985 -1.496547 -1.064234 0.379016
2586 -0.786329 -2.289970 0.557549
1999 -1.159067 -0.747348 0.455712
2525 -0.616962 -3.551792 0.949237
2346 0.651601 -0.156092 1.906044
1283 -0.635059 0.571238 1.105693
529 -1.360415 -1.167152 0.405807
579 -2.749643 0.104580 0.974481
471 -0.634107 -1.490865 0.529283
387 0.763754 -0.577826 1.529384
1217 -0.222453 1.530884 3.576551
867 -0.689447 0.850750 1.745320
566 -3.371770 -0.806056 0.745641
1671 -0.334359 0.702024 1.790130
96 0.607583 -1.132644 1.394930
2213 -1.650353 -2.356686 0.378918
444 0.453071 -1.589398 1.221308
265 -3.186073 0.102382 1.142491
103 1.056161 -1.546302 1.891312
2062 0.618855 0.217170 2.347452
577 -1.906189 0.085402 0.787993
1159 -0.394978 1.756211 3.962241
1023 -1.207969 -0.002423 0.797684
2045 -0.225082 0.243718 1.261787
612 -2.718345 -0.956588 0.572484
928 -2.097005 0.857844 1.459830
1514 0.715153 -1.081551 1.540972
2490 0.684271 -1.363207 1.380758
1553 -0.229135 0.555285 1.704921
422 0.636686 -1.564696 1.392524
1756 0.932030 -1.260086 1.815103
1700 0.232372 0.278021 1.755513
1957 -1.267331 -1.411504 0.342108
491 -1.374181 -1.215182 0.402479
391 0.577247 -1.651265 1.358866
1776 0.911028 -1.572597 1.726671
1059 -1.627636 -0.117896 0.725764
2272 0.179163 -0.008719 1.385453
2347 0.590502 0.045627 2.103117
1457 0.745264 0.079393 2.297364
2487 0.627236 -1.979235 1.355196
757 -1.655754 0.540892 1.142844
149 0.865913 -2.542220 1.783498
29 0.438701 -0.364850 1.462615
714 -0.774698 0.550245 1.287242
32 0.936707 -0.406325 2.266884
1431 0.661317 0.283677 2.465823
41 0.444046 -0.072545 1.812727
392 0.439672 -1.114983 1.071097
1046 -1.115893 -0.733142 0.515662
441 0.394566 -1.312845 1.168350
893 -1.649776 0.923097 1.561109
2013 -1.374125 -0.842843 0.390428
563 -3.489665 -0.862910 0.780937
2048 -0.764545 0.612329 1.418706
2271 0.802329 -0.772333 1.781266
779 -2.029114 0.295397 0.953080
27 0.601112 -0.112314 1.941146
2021 -0.775739 -0.243817 0.694571
875 -1.144509 1.296267 2.181216
1221 0.012286 1.365371 3.615005
591 -3.395859 -0.616312 0.855128
2206 -1.385352 -2.504510 0.443880
2505 -0.029120 -3.063163 1.109187
276 -2.854320 0.027973 0.999913
439 0.222609 -1.849218 1.054124
205 -1.017115 0.956347 1.784933
286 -2.845046 -0.041044 0.967154
2220 -1.592681 -2.151093 0.296251
686 -1.224226 -0.127299 0.730033
102 1.292024 -2.131849 2.201187
2188 -1.111538 -2.826185 0.585728
2195 -1.242060 -3.444730 0.665886
683 -0.867842 -0.909326 0.460545
454 -0.428962 -2.218571 0.710394
2415 0.064259 -1.135550 0.933917
3 0.846948 0.029613 2.484142
1728 0.927930 -0.377635 2.087175
46 0.414537 -0.048212 1.624684
590 -3.282663 -0.442718 0.869018
2418 -0.143832 -0.798177 0.805449
2546 -0.171401 -3.111835 1.060659
1168 -0.575158 1.832228 3.898740
1510 0.801670 -1.148026 1.660174
1851 0.593581 -0.881565 1.388844
1799 0.306116 -0.011537 1.580206
47 0.617711 -0.094765 1.970885
395 0.128252 -2.144724 1.016840
1013 -0.881820 0.733318 1.404373
119 1.010565 -2.062344 1.828612
1309 -0.916194 -0.074456 0.797002
1901 -0.531118 0.192283 1.126312
1667 -0.110768 0.013796 1.103626
1994 -1.645040 -0.623043 0.480364
2192 -1.111013 -2.939473 0.627750
891 -1.928764 0.654788 1.256028
911 -2.012723 0.364374 0.992229
2253 0.424123 -0.084574 1.718422
1256 -0.156186 1.617763 3.879223
1424 0.351564 0.480973 2.290762
1054 -1.081983 -0.192034 0.708585
2001 -1.774235 -1.262426 0.308800
1989 -1.710560 -0.918625 0.407688
2587 -1.421752 -2.621400 0.458621
1195 0.303053 1.218887 3.776058
1997 -1.458443 -0.667282 0.455412
1875 -1.145798 0.157075 0.954701
25 0.400347 -0.044512 1.694506
2193 -1.097203 -2.642604 0.520267
56 -0.037131 -0.218074 1.111358
606 -3.604183 -1.637226 0.627427
1845 -0.225270 -0.497132 0.853882
706 -1.432554 0.308725 0.989526
100 1.132602 -1.336264 2.045928
2348 0.697473 0.106078 2.301339
1949 -1.423937 -0.335780 0.579539
892 -2.068054 0.885399 1.467450
1322 -1.189601 0.185668 0.935662
956 -3.077436 0.253996 1.169964
2328 0.485850 -0.803992 1.428226
1157 -0.177642 1.257420 2.958584
1301 -0.959479 0.407762 1.157298
493 -1.084818 -1.275129 0.425011
557 -2.786258 -0.915087 0.600482
922 -2.379618 -0.185930 0.737942
2046 -0.366987 0.231217 1.142519
2419 0.025568 -0.500515 0.965372
917 -2.358566 0.826138 1.520274
1112 -1.081780 -1.205945 0.399369
2459 -0.017023 0.014791 1.315652
1068 -0.930585 -0.203875 0.730285
2028 -0.997781 -0.460914 0.596059
981 -1.389442 0.215808 0.876600
2239 0.164120 -0.168059 1.238906
2236 0.168493 0.201063 1.703513
1549 0.278469 0.539125 2.266995
2594 -1.392103 -3.185020 0.515750
2417 0.010477 -1.171996 0.859377
101 1.265274 -1.969061 2.209523
852 -0.754669 0.742643 1.508495
1312 -0.865871 -0.269495 0.701219
923 -3.106853 -0.152576 0.836475
907 -2.359568 0.525369 1.193297
2018 -1.286715 -0.674734 0.487970
972 -2.594134 -0.604377 0.691653
582 -2.085909 -0.278543 0.742343
783 -1.530017 0.247122 0.866941
1903 -0.556623 0.356693 1.286159
2252 0.685902 0.161810 2.323238
909 -1.822867 -0.178551 0.590643
712 -0.872475 0.705183 1.396171
1017 -1.144613 0.722057 1.370624
2194 -1.387275 -2.780465 0.476295
2014 -1.359248 -0.319082 0.579554
1190 -0.277087 1.596892 3.692531
924 -3.218773 -0.086876 0.955550
1988 -1.666608 -1.148133 0.369739
254 -2.123103 0.015611 0.845206
2571 -0.531582 -1.127701 0.485349
661 -1.245329 -0.194029 0.634212
756 -1.150399 0.389321 1.007956
2273 0.305998 -1.043852 1.148494
1323 -1.262592 0.183437 0.942540
2047 -0.482646 0.340855 1.315027
619 -2.712528 -1.073220 0.540830
711 -1.159099 0.872594 1.535825
375 -0.719161 -0.507042 0.605636
848 -1.690222 0.093620 0.767680
1777 0.862537 -1.636243 1.627344
890 -1.438122 0.496959 1.105674
685 -0.987786 -0.255292 0.624871
722 -0.720606 0.656273 1.518650
926 -2.942088 0.320821 1.164654
309 -2.827897 0.370434 1.216136
8 0.286677 0.617227 2.393444
1038 -0.771210 -0.424775 0.676896
7 0.137816 0.591759 2.108198
567 -2.796413 -0.746439 0.584071
1011 -1.087814 0.325847 1.042287
2251 0.796625 -0.048965 2.286652
1833 -0.349113 0.296117 1.387251
1782 0.531853 -1.325974 1.243100
1031 -1.066727 -0.002060 0.836819
1844 -0.396971 -0.014977 1.026735
925 -2.578713 0.125473 0.870498
1022 -1.033059 0.319848 0.724183
979 -1.269316 0.274739 0.926265
2604 -0.392693 -3.022570 0.879435
1066 -0.781913 -0.163587 0.719174
2029 -1.302404 -0.285183 0.670794
1174 -0.551686 1.547196 3.137219
2533 -0.267532 -2.619327 0.873803
1009 -1.278785 0.600004 1.264202
2602 -0.272702 -2.663215 0.881593
197 0.463497 -2.412434 1.304482
2626 -0.060082 -1.876050 0.867758
600 -1.865474 -1.299065 0.371947
918 -2.189351 0.185852 0.923208
1408 -1.375694 -0.311432 0.671978
1006 -0.768083 -0.356887 0.544430
652 -1.632650 -0.804874 0.399706
1014 -0.402826 0.624632 1.510115
653 -1.122198 -0.457002 0.544094
1849 0.588285 -0.578150 1.635878
1681 0.225387 0.550675 2.137200
1010 -1.046295 0.490852 1.095561
707 -1.285228 0.152116 0.806060
1208 -0.287575 1.034037 2.215032
2507 -0.326107 -1.944789 0.583684
1679 0.038808 0.279338 1.567339
2508 -0.694423 -1.759286 0.430034
1910 -1.183338 -0.842040 0.387299
2627 -0.545816 -1.459161 0.473378
1680 -0.468190 0.448470 1.231900
1685 -0.317389 0.644542 1.492808
2486 -0.081099 -1.157771 0.610803
1209 -0.454705 0.809366 1.456692
1172 -0.393292 0.717946 1.513937
