2556 3
1542 0.074079 0.051124 1.004820
1773 -0.629585 -0.309946 1.147516
1675 -2.158096 0.508131 3.544192
1695 -1.795962 0.500016 3.079792
1770 -1.405171 -0.333722 1.767772
1697 -1.991191 0.354556 3.132573
1736 -2.293895 -0.091131 2.913389
1673 -1.411323 0.721686 2.956929
1734 -1.734820 -0.094378 2.297312
1721 -2.310727 -0.040354 3.086302
1674 -1.812021 0.697667 3.400249
1742 -1.225235 -0.208097 1.668890
1690 -1.797894 0.047764 2.578623
1691 -2.058895 0.046882 2.855156
1779 -2.902973 -1.223336 2.797929
1765 -2.281478 -0.500410 2.555615
1737 -2.179554 -0.136203 2.758134
1771 -1.144578 -0.357759 1.493849
1768 -2.066068 -0.422906 2.398531
1705 -2.268831 0.643613 3.964981
2619 3.274578 -0.637107 2.395511
1752 -2.285566 -0.081741 2.963368
1704 -2.237508 0.577510 3.768887
1764 -1.985922 -0.450330 2.252896
1772 -0.870508 -0.371784 1.247859
1696 -1.769162 0.420479 2.920777
1740 -1.923702 -0.367010 2.281556
1735 -2.068822 -0.160431 2.634722
1754 -2.155324 -0.119800 2.780702
1716 -1.960743 -0.001720 2.656210
1727 -2.194550 -0.118194 2.832263
1751 -2.293561 -0.014366 3.039472
1664 -0.995354 0.572329 2.249197
1739 -1.766799 -0.495171 1.980088
1314 1.379034 -2.481206 0.902921
1700 -1.774220 0.239104 2.752216
983 -0.392897 -0.496756 0.897757
230 0.778032 -0.853250 0.675629
1713 -2.132121 0.064209 2.947236
1731 -1.664966 -0.014422 2.285731
798 0.436680 0.011383 1.129264
1665 -1.207668 0.819781 2.913604
1315 1.532682 -2.272592 0.984152
1746 -1.903504 -0.355128 2.253294
1341 0.464719 -2.995717 0.860269
434 -0.174919 -3.055686 0.957483
1761 -1.919169 -0.094240 2.505932
1349 0.658632 -2.256168 0.727038
1718 -2.281130 0.336684 3.447843
2027 0.097485 0.057648 1.128396
289 -0.223584 -0.516538 0.809065
1606 -0.397474 0.249973 1.585899
364 -0.905465 -0.730143 1.158431
537 -1.865925 -1.922552 1.622780
1719 -2.460629 0.151370 3.428346
1753 -2.148140 -0.031056 2.830796
941 0.204777 -0.431369 0.745728
1756 -2.514395 -0.440457 2.934295
1672 -1.502673 0.735372 3.128463
1694 -1.914834 0.338458 3.058135
1669 -0.389588 0.494022 1.802201
1677 -1.665019 0.168855 2.470157
1273 0.396162 -4.069479 1.174673
2095 0.197936 1.583371 3.734983
1701 -2.264513 0.365693 3.494387
810 0.094444 -0.591267 0.742957
460 -0.469790 -4.377167 1.339668
403 0.797562 -3.195680 0.909289
312 -1.072328 -1.389802 1.137927
1668 -1.092192 0.744195 2.679086
1755 -2.160805 -0.134971 2.768944
236 0.444179 -0.545561 0.724059
2140 -1.601251 -2.578158 1.378371
975 -0.844341 -0.460078 1.192550
2463 0.602485 -0.555955 0.762561
412 1.064990 -2.127043 0.821158
290 -0.254261 -0.625298 0.817939
448 -0.669173 -4.203777 1.360507
974 -0.494591 -0.273419 1.009988
2424 0.609112 -0.799451 0.660453
1688 -1.828344 0.110160 2.633621
1399 -0.394393 -4.185939 1.274102
1090 0.772810 -0.988908 0.750711
1098 0.711310 -1.203675 0.707317
1723 -2.408894 -0.088244 3.163236
1706 -2.098693 0.452860 3.414318
671 -0.254898 -0.437837 0.850467
1732 -2.123034 -0.079468 2.764659
1769 -2.189263 -0.516637 2.523747
1711 -1.464426 0.413607 2.579998
669 -0.408406 -0.458042 0.920850
1260 -0.020140 -2.921100 0.877629
1426 1.971385 0.826836 2.817116
1780 -2.701966 -1.072238 2.582984
824 0.153661 -0.259086 0.814611
1962 -0.645646 -0.335150 1.101256
1261 0.188944 -2.583430 0.808250
1471 0.462170 0.118985 1.116883
2097 0.022487 1.752525 4.122683
795 0.409051 -0.054352 1.041952
74 -0.742615 -0.472711 1.101298
1733 -1.733639 -0.080150 2.333518
1265 -0.193022 -3.101899 0.983534
1666 -1.127908 0.631578 2.583781
1476 2.160512 0.857378 3.012788
1738 -1.563710 -0.251225 1.989708
1340 0.746048 -2.781492 0.838334
1757 -2.387527 -0.410160 2.788407
1531 1.371197 0.677241 2.268179
1826 2.620326 -1.645582 1.529353
976 -0.495930 -0.340677 1.005514
177 -2.767513 -2.198500 2.368377
1085 0.431787 -1.004917 0.660372
1400 -0.454114 -4.438061 1.382784
2387 -1.129127 -1.360976 1.166277
1692 -1.462189 -0.036394 2.034916
1464 2.040680 0.758784 2.733975
1843 3.150156 -1.537130 1.924111
464 -0.660508 -3.489002 1.147205
2003 -0.409880 -0.045955 1.215389
2010 0.001963 -0.078356 1.063043
435 -0.255172 -3.605163 1.120979
1528 2.253462 0.997499 3.297990
68 -1.592656 0.283158 2.567983
962 -0.058435 -0.427370 0.858648
2171 -1.355334 -2.642396 1.260731
1535 0.491816 0.149753 1.186477
1523 1.884347 0.898382 2.874093
1715 -2.076637 0.139684 2.923792
2073 0.124039 1.346191 3.231402
1763 -1.894550 -0.529513 2.075561
518 -1.470609 -1.634524 1.326574
2526 1.600051 0.560688 2.227788
366 -0.774549 -0.551085 1.151243
1132 0.334558 -1.962343 0.714189
1103 0.187708 -0.886660 0.691042
2200 -1.929153 -2.313694 1.640496
1747 -1.302027 -0.319765 1.629797
1657 -0.149599 -0.236225 0.909024
2452 1.140398 -1.177493 0.728861
2396 -0.377247 -0.567731 0.867956
1775 -2.110242 -0.420925 2.449511
1590 -0.110788 -0.278305 0.909636
1342 0.337278 -3.177918 0.939249
1619 -0.161529 0.629493 1.946038
1614 0.129233 -0.291660 0.777462
1262 0.069121 -3.469552 1.021252
1461 1.950647 0.755248 2.681428
1934 0.819534 -0.007589 1.062463
942 0.281155 -0.662601 0.726518
1831 2.520837 -1.894690 1.439056
365 -0.631391 -0.507661 1.017001
1607 -0.231285 0.048545 1.229684
2129 0.412235 0.084451 0.982602
2096 0.300927 1.436253 3.412016
837 0.632447 0.205160 1.315955
501 -1.315590 -1.390119 1.231877
61 -1.337366 0.238903 2.159810
437 -0.896970 -3.785419 1.291597
1129 0.124051 -1.525150 0.720535
129 -2.084262 -0.814910 2.101129
1640 -0.069694 -0.284194 0.900725
168 -1.800042 -1.853655 1.521970
438 -1.139733 -3.289765 1.262549
1131 0.254771 -2.016606 0.737348
2109 0.082341 0.064487 1.124896
1493 1.631263 0.675968 2.344378
455 -0.689698 -4.348061 1.416463
188 -1.750821 -2.044051 1.517886
71 -1.443504 -0.028956 2.010322
1583 -0.553800 0.799155 2.480163
877 0.010337 -0.211950 0.928119
506 -1.560611 -1.883270 1.345599
1175 0.810368 -2.565206 0.802464
1096 0.410770 -1.016484 0.726439
2393 -0.192990 -0.561885 0.824016
1074 0.118725 -0.521881 0.798032
667 -0.173778 -0.567918 0.809483
30 -1.512661 0.332495 2.478605
1618 -0.024479 0.016927 1.131029
655 0.091160 -0.563493 0.755129
1353 1.193551 -3.758914 1.092095
2398 -0.017696 -0.417613 0.805163
1359 1.875884 -3.445169 1.184833
1494 2.069768 0.944359 3.045906
1707 -1.728637 0.469570 2.942409
1267 -0.024922 -3.791480 1.116362
2161 -2.541306 -3.359386 2.128120
1310 2.025593 -3.880895 1.292021
2021 -0.294105 -0.111929 1.029886
987 -1.097277 -0.803690 1.263228
360 -1.004241 -0.706101 1.235385
226 0.747000 -0.700647 0.766225
1503 2.620094 1.020947 3.633083
1830 1.942322 -1.476124 1.168063
1639 -0.065175 -0.199150 0.977366
1380 0.016148 -2.632217 0.791307
57 -0.195819 0.171993 1.308686
316 -0.849141 -0.927448 1.046648
268 -0.740508 -0.310920 1.271090
1758 -2.149689 -0.444957 2.500799
497 -1.468644 -2.593949 1.318674
1489 0.358053 0.098485 1.136932
1084 0.448373 -0.987145 0.698729
1951 0.019910 0.081874 1.146510
1633 -0.469113 -0.162823 1.213494
1397 -0.377966 -4.145817 1.260963
1169 1.686248 -2.477473 0.986916
274 -0.154381 -0.405153 0.859548
1837 1.470928 -1.018763 0.974166
156 -2.759199 -1.825558 2.435808
1468 1.325266 0.608339 2.079567
965 -0.096571 -0.480465 0.841728
1702 -2.150656 0.514568 3.528430
1634 -0.241881 -0.074078 1.111354
1725 -1.824545 -0.039218 2.475733
2145 -2.318333 -2.864453 1.930053
1712 -1.614614 0.441563 2.769801
1128 0.210543 -1.557355 0.717192
2226 -2.121939 -2.071225 1.791914
1258 -0.179569 -4.236453 1.258134
266 -0.283946 -0.190292 0.969590
1744 -2.325870 -0.322708 2.751256
1834 2.634473 -1.219148 1.642921
1206 1.396246 -3.123726 1.027532
311 -0.645203 -1.158167 0.916371
675 0.011595 -0.147727 0.929723
1463 2.176717 0.910554 3.096269
1789 2.911030 -1.215339 1.874850
138 -1.626584 -1.001236 1.536733
879 0.214198 -0.309529 0.830551
750 0.391133 0.925175 2.335856
422 1.627445 -3.027503 1.061017
937 -0.094846 -0.597089 0.771832
1311 2.091507 -3.359757 1.244679
2478 0.237825 -0.388931 0.795987
1534 1.223872 0.530804 1.921715
356 -0.635312 -0.678636 0.977696
2221 -1.302887 -2.208357 1.174256
462 -0.566094 -4.381598 1.393963
1708 -1.655715 0.008943 2.348199
2592 3.630234 -0.812810 2.622681
1600 -0.555485 -0.062424 1.312313
1484 1.423085 0.721898 2.344376
1698 -2.129117 0.417114 3.364826
477 -1.525805 -2.032477 1.313955
657 -0.195386 -0.586386 0.751853
2011 0.168970 -0.019562 0.996395
1933 0.862285 -0.022068 1.066023
42 -1.792718 0.446452 2.967728
2392 -0.145557 -0.340987 0.931568
1693 -1.539449 0.139209 2.301028
1313 1.828786 -3.262597 1.140671
2364 0.800801 -0.152515 0.889433
1961 -0.239907 -0.223566 1.003875
43 -1.846956 0.308810 2.853401
1766 -1.716799 -0.297697 2.087224
430 1.431086 -2.580651 0.919413
961 0.068746 -0.390783 0.805115
1266 -0.043528 -3.432410 1.037669
2307 0.806857 1.640219 3.727618
1448 1.751000 0.871562 2.701879
1477 2.841647 1.214657 4.030069
1401 -0.684608 -4.221651 1.351717
1536 0.418217 0.159976 1.212336
1076 -0.063835 -0.622220 0.811422
133 -1.320925 -0.666260 1.403891
1998 -0.170562 -0.147818 1.022355
533 -1.155712 -1.512579 1.115214
124 -2.881135 -1.783426 2.590234
90 -0.432605 0.107460 1.352913
2206 -2.046610 -2.318793 1.656487
2263 0.087323 0.444536 1.479042
2565 1.509174 -0.859858 1.037580
1125 0.141583 -1.465354 0.650075
2142 -1.805176 -2.388575 1.527466
1108 0.115194 -1.151747 0.688640
847 -0.091573 -0.132983 1.015610
880 0.346427 -0.373453 0.872980
1671 -0.867133 0.698180 2.433556
2201 -1.961033 -2.562801 1.666577
160 -2.062616 -2.554720 1.689753
523 -2.005488 -2.169279 1.700090
2386 -1.125933 -1.175366 1.199933
2106 0.274808 -0.172013 0.840881
899 -0.451650 -0.607028 0.955918
512 -1.540640 -1.939125 1.369669
943 0.193961 -0.600897 0.750505
2410 -0.738216 -0.603437 1.110554
1130 0.212005 -1.588095 0.689308
2502 1.079617 0.211924 1.502354
72 -1.035584 -0.503550 1.294938
1687 -1.742642 0.109112 2.522130
580 0.668275 -0.082337 0.994505
1971 -0.074069 -0.023671 1.151110
2118 -0.008659 0.493784 1.574391
1839 2.568153 -2.214438 1.400776
292 -0.607734 -0.618513 1.001945
1832 2.410626 -1.611548 1.404473
1029 0.214553 -0.297515 0.878710
186 -0.848220 -1.420516 0.913600
1312 1.652396 -3.001877 1.087329
328 -1.174074 -1.528907 1.160340
1187 1.026501 -1.612804 0.708927
1724 -1.663534 -0.089150 2.247149
1200 0.704692 -2.250874 0.746292
302 -1.019271 -1.710209 1.075576
459 -0.341489 -4.472257 1.376391
757 0.488973 0.536605 1.790357
1309 2.018329 -4.031081 1.335864
1330 1.673788 -3.008816 1.084058
503 -1.589119 -2.074592 1.380252
1239 0.579886 -1.846139 0.708089
1611 -0.177100 0.669819 1.959144
291 -0.403219 -0.877599 0.837065
2395 -0.090501 -0.421900 0.846861
58 -0.165456 0.126065 1.227151
749 0.757244 0.675472 1.968470
2282 0.245755 1.690986 3.840834
663 -1.015634 -1.473621 0.972494
1460 1.604612 0.692359 2.383533
2100 0.041759 1.802760 4.285780
1101 0.200420 -0.934175 0.698736
1836 1.833371 -0.620167 1.324642
1873 2.041687 -1.653438 1.207780
678 0.034393 0.140182 1.149081
369 -0.988552 -0.696515 1.216741
1596 -0.494289 0.563075 2.048091
2260 -0.024274 -0.166883 0.906046
647 0.008717 -0.645368 0.717655
818 0.375014 -0.166171 0.929538
1492 1.493222 0.628246 2.248656
1475 2.064059 0.821063 2.879416
1986 -0.125020 0.055113 1.209236
681 -0.586469 -0.500575 0.970685
171 -2.247140 -1.877292 1.945628
973 -0.765146 -0.197133 1.249575
120 -1.514595 -0.639473 1.656635
1926 1.039924 0.292936 1.494275
65 -1.774965 0.380885 2.820353
1077 0.086553 -0.496653 0.856666
267 -0.694727 -0.280426 1.220557
2412 -0.165226 -0.496416 0.850896
445 -0.264006 -3.892465 1.165701
1760 -2.007781 -0.211925 2.451565
761 0.077528 -0.100988 1.039625
1383 0.326163 -3.783916 1.085141
688 -0.032552 -0.218958 0.828487
174 -2.390105 -1.801617 2.079695
1149 -0.351739 -2.465503 0.914884
1392 -0.180150 -2.562745 0.804758
1027 0.211285 -0.734068 0.672089
77 -2.364559 -1.488740 2.120605
470 -0.628231 -2.493802 0.927038
1676 -2.200998 0.452923 3.528813
955 0.189322 -0.566518 0.747852
620 0.783078 -0.683683 0.784733
830 0.660272 -0.006205 1.135625
463 -0.696806 -4.145812 1.345571
64 -1.698002 0.248203 2.595291
1259 0.066357 -4.034102 1.192570
1774 -1.145582 -0.390713 1.474100
1148 -0.330109 -2.451578 0.908976
321 -1.401116 -1.625587 1.306831
992 -1.159822 -0.649353 1.351718
1571 -0.348128 0.063576 1.286635
80 -2.064199 -0.841669 2.065746
1224 0.893502 -2.570232 0.836907
641 0.891794 -1.291668 0.695580
1559 -0.084376 0.216634 1.305218
1270 -0.109529 -4.418979 1.277817
2024 -0.125778 -0.165725 1.015843
656 -0.137020 -0.538705 0.807719
1451 2.387501 0.976208 3.308202
29 -1.789465 0.500533 3.070961
1884 1.950714 -2.106135 1.084975
936 -0.288444 -0.631333 0.863932
1281 -0.240838 -1.538603 0.653347
2304 0.656445 1.635666 3.835527
1978 0.389091 0.218623 1.260112
1728 -2.296463 0.020214 3.070583
605 0.419898 -0.316777 0.875174
269 -0.239001 -0.439260 0.847352
1617 -0.039725 -0.260147 0.939655
2165 -0.908625 -1.122884 1.041250
797 0.348739 -0.069457 1.056754
664 -1.035713 -1.352206 1.000181
1122 0.334483 -1.440162 0.665668
691 -0.362670 -0.423845 0.966665
2098 0.066154 1.825813 4.338038
1088 0.448949 -0.663893 0.748765
1781 -2.596548 -0.874640 2.600263
1927 1.144828 0.460249 1.739370
1242 0.692941 -3.116221 0.895296
948 0.606257 -0.606863 0.786379
1935 0.672544 -0.279085 0.765195
1037 0.314770 -0.682225 0.736984
521 -1.170293 -1.328282 1.158927
1804 1.110422 -0.420637 0.924143
1218 1.407563 -2.957947 0.982979
465 -0.594504 -3.065730 1.080514
1469 0.880318 0.323107 1.479681
33 -0.584143 -0.142712 1.137162
1886 1.983696 -1.945501 1.105853
1486 0.588538 0.307110 1.332151
1589 -0.175315 -0.160848 0.982761
903 -0.340096 -0.605761 0.872202
275 -0.186208 -0.011724 1.120290
2156 -2.100532 -2.456063 1.739803
2613 2.632071 -0.535003 1.947484
241 0.322952 -0.485519 0.805885
2292 -0.167409 1.725297 4.077346
584 0.687700 0.187177 1.290295
803 0.235843 0.042252 1.097654
1646 -0.682501 -0.088694 1.292770
1925 0.768553 0.601277 1.745769
1257 -0.429171 -4.328040 1.323244
2279 0.204483 0.887206 2.152272
694 -0.501842 -0.471485 1.001916
229 0.037835 -0.296039 0.803189
1729 -2.141054 -0.088765 2.811981
829 0.885666 -0.026401 1.143275
1722 -2.343948 0.056300 3.174229
606 0.611035 -0.413431 0.816485
1898 2.271923 -2.065857 1.250695
1893 2.449426 -2.187700 1.338917
449 -0.606380 -4.288107 1.377594
429 1.509554 -2.601748 0.981358
2094 0.090015 1.701590 3.982256
1582 -0.560833 0.582432 2.072649
898 -0.373234 -0.658098 0.915672
208 0.117754 -0.352668 0.889704
921 -0.142831 -0.622455 0.754671
984 0.089140 0.015778 0.975995
359 -0.912516 -0.782292 1.141130
536 -1.801098 -1.460808 1.587440
1649 -1.240111 -0.017647 1.888756
814 0.162580 -0.254493 0.840312
511 -1.701945 -2.333744 1.434454
1378 -0.304849 -3.663315 1.121322
1601 -0.557182 0.026434 1.380748
1150 -0.158696 -2.130790 0.804235
1248 0.540070 -2.851452 0.842381
262 -0.412934 -0.469724 0.969114
1381 0.090700 -3.623391 1.044388
1124 0.197139 -1.609857 0.684128
1234 0.382340 -3.853879 1.070629
6 -1.270823 0.693373 2.756343
1651 -1.572455 -0.042053 2.256619
626 1.021098 -0.819722 0.836836
1356 0.943835 -2.870421 0.858840
1079 0.662817 -0.726507 0.765438
1964 -0.356201 -0.072197 1.195127
1928 1.247348 0.222590 1.512830
63 -1.760879 0.055150 2.353841
759 0.482576 0.317121 1.370161
1348 0.678700 -2.887932 0.895485
350 -1.036289 -1.119629 1.168415
2465 0.576430 -0.145867 0.935938
2296 0.800802 1.911933 4.391864
642 1.033783 -1.361549 0.735307
1653 -0.489781 -0.061770 1.228860
2090 -0.142686 1.780215 4.232279
1326 1.806702 -2.605164 1.037062
303 -0.757608 -1.560256 0.919987
127 -2.824345 -1.275577 2.680206
432 0.454900 -1.065151 0.624090
2640 3.768392 -0.833441 2.709331
1335 1.253883 -3.717101 1.097538
1343 0.416436 -2.691712 0.828481
2083 -0.103181 1.673343 4.005406
838 0.576766 0.286301 1.410193
1102 0.147674 -0.780085 0.718019
1395 -0.542543 -3.925213 1.217232
2157 -2.467483 -3.149113 2.049947
2609 3.824197 -0.821795 2.778453
644 1.091848 -1.387100 0.783113
338 -1.518285 -1.224386 1.388029
826 0.619618 -0.231571 0.880832
1726 -2.197904 -0.092418 2.811220
1024 0.257087 -1.125467 0.668908
2597 3.547918 -0.772898 2.625539
2104 0.027787 0.375982 1.408024
1433 1.153880 0.019537 1.327830
1759 -1.425876 -0.220001 1.847757
1137 -0.213087 -2.881706 0.935246
1710 -1.938256 -0.000819 2.619936
901 -0.492477 -0.512897 0.989219
739 0.477028 0.872621 2.215382
1973 -0.183494 0.083637 1.289075
1564 -0.591537 0.584434 2.108509
2595 3.574634 -0.744322 2.634337
673 0.328930 -0.041469 1.005338
2353 0.030306 -0.337622 0.856921
1331 1.846904 -2.937963 1.131566
2119 -0.492289 0.235830 1.491400
97 -1.638844 -0.207822 2.055792
157 -2.344948 -1.707990 2.029149
2406 -0.116610 -0.440888 0.813010
1075 0.008674 -0.498948 0.853394
2313 0.583393 1.749746 4.009900
2159 -2.709966 -3.558821 2.268112
1324 2.215155 -2.961459 1.234448
469 -0.273334 -1.797913 0.713219
1374 -0.017638 -3.479402 1.000516
1943 0.668208 0.401573 1.495515
2468 0.287252 -0.255494 0.821241
724 0.426455 0.957384 2.429501
299 -0.873197 -1.065744 1.010497
227 0.456660 -0.262338 0.873036
1363 0.497013 -3.202550 0.892896
2368 -0.811833 -1.035487 1.014029
1071 0.729494 -0.840237 0.763162
2005 -0.039832 -0.021365 1.122028
345 -0.762481 -0.561149 1.069317
1243 0.038673 -3.088397 0.926466
2457 0.769236 -0.301385 0.882493
250 0.625849 -0.807775 0.690548
1604 -0.274769 0.167370 1.402017
1325 2.046386 -2.680182 1.170493
716 1.043621 0.620330 1.990451
2466 0.376322 -0.511239 0.710547
516 -1.829772 -2.350649 1.562769
73 -0.940768 -0.547905 1.135458
1263 -0.185667 -4.059267 1.227116
1361 1.166155 -2.837891 0.879791
16 -0.992301 0.508482 2.250982
1506 2.913588 1.227011 4.113175
2218 -1.997722 -2.720676 1.666537
1106 -0.291475 -0.382280 0.978152
2007 -0.012880 -0.102658 0.985611
1938 0.018334 0.046828 1.101592
116 -2.202693 -0.948633 2.187960
2209 -1.666633 -3.082781 1.434725
2378 -1.134678 -1.182386 1.194513
1117 0.143931 -1.475629 0.695630
2301 0.311255 1.672483 3.810018
163 -1.358823 -2.235226 1.240765
649 -0.013748 -1.059517 0.614124
354 -0.523874 -0.698653 0.920353
93 -0.686976 -0.023659 1.418823
811 0.084703 -0.260584 0.838316
1201 1.197289 -2.784032 0.904286
964 0.036977 -0.442072 0.832748
38 -0.798370 0.088502 1.568694
320 -1.097139 -1.343382 1.137559
1641 0.039503 -0.475438 0.783633
1856 2.644911 -2.026317 1.489500
2267 -0.181255 0.900775 2.397056
500 -2.386576 -2.465498 1.991970
1791 2.636688 -0.917345 1.752527
1428 1.461496 0.864686 2.530610
508 -1.278000 -1.497844 1.180924
319 -0.942165 -1.013684 1.083300
2004 -0.063978 -0.250404 0.969815
1507 2.210481 1.087343 3.384065
804 0.231980 0.053282 1.117475
2222 -1.800752 -1.766013 1.537691
1404 0.043069 -3.036199 0.865517
2074 0.163630 1.689326 4.025953
796 0.148715 -0.249814 0.893432
246 0.254869 -0.768252 0.702117
816 0.237139 -0.021016 1.057518
788 -0.139025 -0.128965 1.028100
1083 0.343111 -1.161257 0.661848
1616 0.002678 -0.589009 0.791975
832 0.205854 -0.914108 0.643651
968 -0.323214 -0.687708 0.816760
131 -2.562928 -1.244207 2.398619
1748 -0.980118 -0.246863 1.403369
812 0.353111 -0.563352 0.725126
2402 -0.529823 -0.576593 1.005433
2139 -1.172634 -2.559278 1.128983
343 -0.268903 -0.654000 0.783558
1532 1.723750 0.642781 2.387432
762 -0.020760 0.149751 1.280634
2322 0.182968 1.435897 3.412161
2453 1.067856 -0.973722 0.771697
1483 2.466823 0.965041 3.371658
1703 -2.011594 0.722869 3.722496
1387 0.104011 -3.248546 0.897015
2203 -2.199888 -2.723219 1.826887
1585 -0.464212 0.795867 2.402871
1202 0.791074 -3.095590 0.927408
282 -0.108668 -0.662461 0.741728
2190 -2.068333 -2.767809 1.712291
2020 -0.145585 -0.020872 1.035212
81 -2.642340 -1.080679 2.595645
1189 1.544360 -2.645346 0.983920
522 -2.002818 -2.144890 1.715270
431 0.444823 -1.158112 0.588588
799 0.479104 0.073916 1.165785
480 -1.903873 -2.286223 1.629348
748 1.443098 0.902653 2.639040
313 -0.910312 -1.255519 1.024959
2103 0.059803 0.826078 2.102427
658 -0.329910 -0.326506 0.936792
1513 1.904782 1.030869 3.040786
276 -0.442182 0.054370 1.290631
140 -2.823259 -1.179120 2.699745
2641 3.652175 -0.883819 2.589316
1510 2.032213 1.072264 3.200648
1164 0.685807 -1.054469 0.704297
905 -0.532124 -0.508384 1.015923
2299 0.304100 1.246560 2.890523
306 -1.282819 -1.506829 1.200179
123 -2.668600 -1.473017 2.503962
15 -1.040377 0.587497 2.391732
2231 -1.785789 -2.281067 1.513068
1533 1.926395 0.849327 2.830950
2120 -0.621155 0.445871 1.872815
1298 1.916282 -1.966968 1.067473
410 0.965237 -2.257853 0.795255
1018 0.151445 -0.640693 0.737295
1100 0.225750 -1.389562 0.632837
1667 -1.031272 0.647913 2.462534
355 -0.765512 -0.679260 1.010550
1817 1.764111 -0.460226 1.320083
481 -1.495989 -1.997727 1.342945
989 -0.938616 -0.182425 1.416331
386 1.238058 -1.493163 0.822432
1605 -0.493819 0.318750 1.707183
825 -0.010169 -0.310205 0.854051
510 -1.443236 -1.883501 1.309930
189 -2.317790 -2.272145 1.951742
2290 0.321910 1.566807 3.565060
2638 2.653690 -0.509317 2.005502
680 -0.620438 -0.318627 1.164143
1960 -0.747119 -0.192365 1.277279
2415 -0.048325 -0.348040 0.902998
895 0.901515 -0.971513 0.784979
1462 2.511730 1.021524 3.517360
1883 1.262396 -1.533157 0.824430
1051 0.293399 -0.503040 0.769328
2365 0.777018 -0.241735 0.775356
2012 0.243473 -0.021713 0.913514
1568 -0.348556 0.727375 2.186753
1138 -0.072935 -2.026796 0.762329
108 -0.603203 -0.080238 1.199192
636 0.672318 -0.757945 0.785991
1995 -0.202233 0.095202 1.282870
2447 0.794060 -0.773095 0.799974
222 -0.104987 -0.148779 0.913662
206 0.192422 -0.325920 0.869287
1854 3.112341 -1.975151 1.795474
2110 0.258797 0.077128 1.181034
679 -0.550084 -0.126602 1.274258
2091 0.043652 1.644312 3.933426
1970 -0.128306 -0.266914 0.955203
1123 0.368297 -1.623577 0.702265
1421 2.096929 1.206420 3.479573
2257 -0.055541 0.377242 1.496176
40 -1.332467 -0.006646 1.899639
1231 0.799694 -2.912800 0.878732
2089 -0.615862 1.585149 4.018523
2475 -0.027441 -0.206593 0.871179
745 1.011990 0.916405 2.463341
443 -0.385905 -4.041194 1.262483
1643 -0.420581 -0.211485 1.065387
1177 0.836166 -2.824260 0.848230
514 -1.763732 -2.547780 1.525221
2450 0.984567 -0.266962 0.970630
255 0.497226 -0.727804 0.671223
1991 0.039036 0.127978 1.189908
1620 -0.248174 0.886888 2.490026
1495 2.650879 1.133941 3.822038
2085 -0.127897 1.672175 4.012702
1829 2.462358 -1.716405 1.431204
1366 0.468825 -3.657237 1.004967
792 0.417093 -0.021223 1.029131
2527 1.503859 0.327655 1.859413
24 -1.639949 0.658139 3.093803
666 -0.735140 -1.182082 0.869084
152 -1.921703 -1.711985 1.646979
2047 0.339847 1.668613 3.887431
1282 0.010420 -2.153754 0.686746
2454 1.034206 -1.076347 0.774157
2456 0.817151 -0.657060 0.802276
515 -1.700133 -2.237356 1.472484
69 -1.645095 0.403376 2.706076
502 -1.197822 -1.309879 1.162652
1895 2.274799 -2.272376 1.246179
1778 -2.817353 -1.053948 2.819538
2449 0.610720 -0.403650 0.794920
2053 -0.385533 1.579224 3.878019
525 -2.383565 -2.036646 2.014783
1105 -0.134025 -0.477326 0.864115
1420 2.390312 1.017016 3.393318
341 -1.143538 -1.587388 1.119702
1143 -0.577862 -2.930463 1.018263
2204 -2.307713 -2.840823 1.922392
1497 1.783276 0.775544 2.638431
777 -0.098371 0.053567 1.165628
300 -0.782980 -1.138076 0.974064
130 -2.321301 -1.243539 2.144562
1379 -0.128815 -2.997345 0.919646
995 -0.741554 -0.738665 1.005881
751 0.271275 0.996964 2.500008
878 0.162749 -0.310264 0.905290
2476 0.087489 0.024247 0.993132
1952 0.100165 0.414370 1.523790
2148 -1.646932 -2.465016 1.406033
2390 -0.531379 -0.685722 0.965944
425 1.047409 -2.795410 0.891081
2111 0.210891 -0.022841 1.021160
1382 0.276273 -4.057844 1.146631
159 -2.414746 -2.098595 2.034464
1967 0.041697 -0.629430 0.698782
1347 0.518964 -3.180227 0.937696
271 0.121090 -0.729680 0.659600
1522 1.821751 1.054777 3.043638
2411 0.052255 -0.325998 0.795982
1136 0.010152 -2.509866 0.824974
322 -1.369720 -1.707434 1.295701
1429 1.030252 0.065632 1.254398
802 0.213996 -0.003507 1.109563
2339 -0.085933 -0.066996 1.059340
1514 1.633841 1.019075 2.880317
1714 -2.085768 0.130825 2.944072
1762 -1.607098 -0.182620 2.060519
2630 3.638583 -0.773341 2.641348
2493 0.935610 -1.236708 0.688984
1147 -0.472332 -1.526211 0.795006
2610 3.637589 -0.778315 2.679176
1518 1.778345 0.996316 2.904130
1120 0.512982 -1.085306 0.686492
1488 0.687765 0.276834 1.379633
62 -1.247484 0.283558 2.128895
447 -0.684104 -3.993014 1.303791
1447 1.728594 0.847983 2.642490
1945 0.897721 0.531999 1.840971
526 -2.373446 -2.347198 1.978436
528 -2.144613 -2.182922 1.827294
327 -0.930925 -1.362917 1.044261
1749 -1.676155 -0.057200 2.216395
1297 2.191820 -2.311670 1.153355
2146 -2.349460 -3.015060 1.955209
190 -2.359715 -2.655529 1.944487
2388 -1.156869 -1.276387 1.228497
2599 4.165208 -0.836579 3.102856
959 -0.242291 -0.375559 0.865482
1355 0.865427 -3.532198 1.023963
277 -0.494674 -0.170137 1.072396
872 0.061722 -0.200174 0.946222
1070 0.562055 -0.745146 0.762779
352 -0.150497 -0.230624 0.949669
1838 1.589571 -1.139637 1.011964
10 -1.321516 0.696680 2.779162
870 1.159647 -0.866507 0.929945
136 -0.610949 -0.444278 1.017462
727 0.430859 0.029066 1.111549
1299 2.745946 -2.374920 1.444751
1814 1.950419 -0.630724 1.487503
1351 1.346545 -3.205426 0.989264
2645 3.250517 -0.669838 2.385613
1504 2.855541 1.158033 3.951947
577 1.063030 0.205522 1.473453
2409 -0.116028 -0.343267 0.806159
2162 -2.510890 -3.331252 2.091413
1470 0.493702 0.103973 1.143651
1465 2.206605 0.715549 2.846781
2314 0.146145 1.588498 3.724619
2144 -1.909259 -2.514794 1.624548
1896 2.116872 -2.228670 1.167273
1501 2.326339 0.846535 3.091119
1993 -0.253742 0.223755 1.353015
1052 0.324275 -0.292831 0.909331
1868 2.539787 -2.121550 1.409969
151 -1.563606 -1.335370 1.405565
2117 -0.409829 0.497455 1.859463
1741 -1.360130 -0.124959 1.897354
513 -1.716994 -2.376960 1.490201
1238 0.608623 -2.259866 0.792314
835 0.695075 -0.213429 0.924864
2389 -0.903649 -0.947077 1.089147
1545 -0.083147 0.478403 1.657826
1813 1.916000 -0.728899 1.356196
2646 3.435457 -0.737358 2.493822
1626 -0.673555 -0.229075 1.236086
1144 -0.578622 -3.485194 1.170323
1572 -0.436532 0.177814 1.454395
1593 -0.149698 -0.029922 1.053312
75 -1.416783 -0.940917 1.403732
897 -0.324636 -0.667089 0.833826
137 -0.933720 -0.467926 1.239146
733 0.230026 0.112218 1.097129
1188 1.158012 -1.773521 0.803264
346 -1.039619 -1.063862 1.123373
314 -1.329674 -1.511731 1.272429
1097 0.059485 -0.611401 0.790701
36 -0.222497 -0.242146 0.958327
126 -2.860237 -1.463202 2.675835
1055 0.264876 -0.597928 0.756250
1271 0.270617 -3.778339 1.062435
773 0.036570 0.238046 1.331388
794 0.317405 -0.022310 1.078099
1615 -0.026321 -0.774402 0.712099
530 -1.624378 -1.946544 1.425510
2413 -0.144067 -0.387180 0.935875
121 -1.499623 -0.522293 1.715542
1198 1.398636 -2.425566 0.927670
363 -0.939689 -0.801965 1.129071
828 0.574272 -0.079447 1.057123
335 -1.281788 -2.096590 1.196232
2077 0.265784 1.725536 4.027889
2317 -0.282485 1.001580 2.640035
1841 2.360365 -1.343990 1.413548
1306 1.859255 -3.002722 1.128700
1308 2.154383 -3.440193 1.243263
891 -0.028616 -0.555399 0.766710
939 -0.030231 -0.467540 0.790435
1515 1.044725 0.682946 2.042378
1161 0.752361 -1.224205 0.694870
2300 0.430097 1.627208 3.788690
195 -1.814890 -2.121125 1.529950
498 -2.253688 -2.660163 1.853721
949 0.748960 -0.591044 0.763666
1937 0.061472 -0.011694 1.078267
645 0.817349 -0.832156 0.768307
2441 1.047601 -1.142087 0.791445
1256 -0.304681 -4.417889 1.311368
232 0.127532 -0.438949 0.721583
932 -0.358323 -0.577721 0.848858
1521 1.702636 1.010084 2.949069
2385 -0.886445 -1.057219 1.091603
1407 0.055154 -3.736506 1.071969
107 -0.827316 -0.164170 1.334295
1525 0.617681 0.232657 1.222988
1994 -0.250412 0.059740 1.258109
2176 -1.899905 -2.606636 1.599348
616 0.233164 -0.851873 0.666117
1089 0.463424 -1.053956 0.675908
2125 0.157727 0.681940 1.910396
1354 0.989459 -3.519943 0.964639
115 -2.417189 -1.154099 2.330764
1167 1.730781 -2.594115 1.036070
2092 -0.064639 1.635129 3.906823
637 0.562313 -0.799160 0.746897
2608 3.870302 -0.851447 2.763947
765 -0.160055 0.175088 1.369961
169 -2.371003 -1.934057 1.989681
2536 1.843743 -0.934272 1.231025
66 -1.849028 0.447456 3.045680
638 0.719606 -1.124613 0.700800
2169 -1.306940 -2.048189 1.193455
1524 1.428720 0.703819 2.261990
1087 0.460923 -0.458798 0.807447
2461 0.663025 -0.634042 0.789910
264 -0.598170 -0.171123 1.207214
2444 0.531551 -0.597598 0.784186
191 -2.167949 -2.792488 1.800148
2492 1.214147 -1.377583 0.809976
1579 -0.504183 0.831683 2.503453
1842 2.759229 -1.398987 1.688925
1425 2.385879 1.157683 3.641054
730 0.389900 -0.463260 0.743085
2440 1.269552 -1.503080 0.815871
831 0.338217 -0.551069 0.628627
2023 -0.079739 -0.160842 0.996004
1454 2.764934 1.133119 3.867685
461 -0.204346 -3.870525 1.138274
1480 2.318037 0.825756 3.040238
1965 -0.149984 -0.226210 0.964299
1328 0.997664 -1.987064 0.719771
1984 -0.227738 -0.074988 1.104712
591 1.231688 -0.244673 1.225899
28 -1.675381 0.634218 3.057779
2042 -0.797375 1.158548 3.129453
2423 0.855977 -0.334001 0.863044
1318 2.696091 -3.093406 1.475820
2631 3.471254 -0.688484 2.558435
337 -1.769789 -1.243470 1.578993
1344 0.415250 -3.053008 0.895868
1629 -0.663604 0.770848 2.483116
1179 1.105302 -2.654116 0.870652
176 -2.955178 -2.117930 2.570524
2532 0.965784 -0.291799 1.004402
2399 -0.312725 -0.524332 0.926255
570 0.744646 0.049197 1.173233
1745 -2.430412 -0.509074 2.747697
398 0.942390 -0.820447 0.731286
2306 0.894294 1.568344 3.625709
604 0.004350 -0.336593 0.769954
196 -1.956556 -2.267570 1.618691
2381 -1.261647 -1.362825 1.262279
1627 -0.529797 0.347770 1.752764
1139 -0.184810 -2.084524 0.791057
1840 2.215014 -1.861188 1.213788
2051 0.052000 1.987934 4.689602
423 1.533379 -2.888351 1.038647
674 0.173726 -0.250829 0.873054
2480 0.843448 -0.853687 0.762505
988 -0.991302 -0.699607 1.224355
279 -0.409462 -0.295872 1.050252
218 -0.118817 0.036063 1.074603
840 0.341797 -0.117023 0.967961
607 0.712887 -0.511064 0.814727
1699 -2.197667 0.180840 3.125893
245 0.275657 -0.797443 0.725346
1808 2.426033 -0.949956 1.582245
2080 -0.150148 1.733370 4.197182
1846 1.123406 -0.436293 0.938508
2026 -0.254016 -0.237750 0.990710
1264 -0.240921 -3.706557 1.112898
969 -0.439622 -0.702519 0.868545
1969 -0.035720 -0.507160 0.752354
417 1.149779 -1.792207 0.814473
2437 1.198412 -1.165325 0.855077
583 0.634612 0.079212 1.201891
2538 1.338096 -0.481039 1.110789
603 0.671267 -0.103643 0.925425
2618 3.970706 -0.875982 2.878126
2460 0.491708 -0.527842 0.785048
125 -2.864711 -1.761680 2.561810
1879 1.714213 -1.291786 1.021960
2349 0.062373 -0.199455 0.934782
2040 -0.653001 1.295037 3.414815
2438 1.010222 -1.162011 0.843061
2540 1.894658 -0.773584 1.336738
2371 -0.759839 -0.996038 1.005634
1316 2.560911 -3.011829 1.380385
1867 2.852515 -2.385290 1.584084
1658 0.101610 -0.265622 0.866747
2208 -1.989749 -2.209625 1.648198
420 1.296556 -2.680402 0.920751
2553 1.543805 -0.904660 1.034286
597 -0.039057 -0.644094 0.712849
2379 -1.334897 -1.500378 1.274628
402 1.076584 -3.122221 0.971869
1652 -0.688685 -0.160788 1.259581
1793 1.951185 -0.304039 1.552020
261 -0.391857 -0.509363 0.934176
817 -0.053549 -0.098371 1.025073
2227 -2.211632 -2.039484 1.850178
2418 0.068059 -0.384323 0.793695
2363 0.086397 -0.080799 0.929258
1530 1.595730 0.800314 2.525721
304 -0.959768 -1.521416 1.040339
54 -0.659892 0.244864 1.622108
95 -0.995582 -0.021453 1.571562
401 0.871994 -2.766285 0.858733
1398 -0.305591 -3.445647 1.065087
2214 -1.725094 -2.717452 1.515150
1081 0.500604 -0.844505 0.750071
2242 0.040271 0.249983 1.357958
1968 0.103154 -0.215555 0.907908
167 -1.529706 -1.457877 1.373880
2158 -2.561797 -3.301934 2.127676
1950 0.078345 -0.007711 1.052140
621 0.978118 -0.606658 0.863291
574 1.154013 0.414318 1.774556
889 0.717163 -0.849528 0.737836
1386 0.781914 -3.679601 1.041315
367 -1.309081 -0.565822 1.510620
1499 2.476707 0.975956 3.414239
768 -0.005324 0.340390 1.473309
1648 -0.832311 -0.083801 1.441698
2407 -0.160159 -0.463454 0.817521
357 -0.858421 -0.926887 1.062360
2212 -1.223276 -2.688893 1.213506
231 0.582530 -0.636989 0.711297
2537 1.303899 -0.698656 1.011028
820 0.042386 -0.162489 0.937394
833 0.468745 -0.725656 0.707354
1584 -0.496699 0.744050 2.357996
1656 0.027805 -0.267916 0.874575
2471 0.027476 -0.035256 0.925909
2446 0.732054 -0.746452 0.770448
436 -0.498002 -3.638854 1.168579
405 0.673744 -1.972917 0.738774
841 0.120299 -0.511311 0.745761
662 -0.609916 -1.279862 0.760926
1997 -0.366799 -0.182039 1.058210
1274 0.298393 -2.867147 0.861682
623 0.865255 -0.793694 0.759875
1815 1.799923 -0.338303 1.458536
1393 -0.370118 -3.788257 1.180323
665 -1.220134 -1.672953 1.153061
2635 4.086927 -0.855441 2.992338
994 -1.112646 -0.857995 1.197881
2310 0.867589 1.582952 3.676698
1194 1.231895 -1.863714 0.774355
646 0.212832 -0.550448 0.712205
532 -1.186394 -1.572708 1.120941
2184 -1.073465 -1.627834 1.004221
2520 0.794915 0.051910 1.171763
1078 0.571638 -0.779524 0.775817
1625 -0.694287 -0.114014 1.314470
161 -1.696792 -2.428814 1.452917
202 0.495754 -0.161269 0.939428
2564 1.784946 -0.851886 1.246427
1391 -0.191509 -2.069579 0.703862
746 1.089643 0.938361 2.517681
1402 -0.498369 -3.638726 1.117596
139 -2.486433 -1.530872 2.212027
947 0.514954 -0.416823 0.810843
2323 0.322623 1.312871 3.053791
551 0.768200 0.566221 1.789238
1855 3.035589 -2.117346 1.729967
2072 0.217443 0.353214 1.308903
235 0.350050 -0.430656 0.732895
2175 -2.294427 -3.345976 1.941929
2611 3.383491 -0.815072 2.371735
2577 3.250680 -1.053363 2.186722
2001 -0.440137 -0.055723 1.214013
648 0.061020 -0.598045 0.674387
172 -2.232263 -1.722117 1.931425
2123 -0.404243 0.278130 1.450418
2124 -0.151068 0.282701 1.369856
1509 2.044511 0.981456 3.090758
1987 0.034572 0.013326 1.080035
1346 0.430172 -2.786914 0.852942
2177 -1.878460 -2.872301 1.621026
2576 3.391052 -1.015504 2.314874
1689 -1.300107 0.045066 2.008191
1072 0.513444 -0.504293 0.782872
411 1.178713 -1.772761 0.757190
2261 -0.121666 -0.032219 1.041790
440 -1.084306 -3.258987 1.232244
592 1.151671 -0.405394 1.070258
2312 0.475051 1.691937 3.885362
1963 -0.366287 -0.039258 1.265746
769 -0.234591 0.597613 1.967223
505 -1.677661 -2.294816 1.447982
2394 -0.516802 -0.874083 0.881347
1370 0.829246 -2.773701 0.804761
247 0.327081 -0.682455 0.702843
162 -1.417472 -2.244671 1.260662
2575 2.605031 -0.847107 1.768179
2377 -0.848447 -0.925878 1.053482
2113 -0.010231 0.444515 1.473588
1073 0.166056 -0.381860 0.818455
1250 0.101704 -3.601146 1.031046
590 1.132604 -0.252123 1.169002
1377 -0.255178 -4.198054 1.282549
324 -0.906496 -1.250491 1.050215
2382 -1.258514 -1.445584 1.262208
104 -1.025783 0.285553 1.916062
415 0.841543 -2.606835 0.814645
150 -1.758055 -1.263054 1.592197
1459 1.174996 0.444002 1.744841
1597 -0.380475 0.604037 1.990065
1442 2.197127 1.112523 3.462214
1529 2.082016 0.957245 3.126056
1635 -0.284300 -0.308140 0.969620
5 -1.013799 0.869562 2.870809
2366 0.388362 -0.312998 0.772177
408 0.776277 -1.000457 0.719495
362 -0.974275 -0.834926 1.167967
2521 1.079251 0.159129 1.401943
2160 -2.569041 -3.297637 2.155571
293 -0.554307 -0.810681 0.908809
1939 0.011195 -0.033072 0.922080
1872 2.300194 -1.916183 1.282846
2644 2.462363 -0.496903 1.809384
272 0.167654 -0.598587 0.660810
2268 -0.100858 0.758781 2.099728
2264 0.090401 -0.031396 1.080908
2182 -1.596619 -1.801211 1.371238
482 -0.863640 -1.297227 0.948031
1059 0.065177 -0.671162 0.747222
610 0.392581 -0.573313 0.730953
862 0.824105 -0.651892 0.826231
787 -0.281449 -0.199041 0.992874
2000 -0.019521 0.061752 1.104134
2122 -0.529481 0.127572 1.335380
991 -1.181350 -0.571696 1.427133
1900 2.417596 -2.601788 1.297289
2372 -0.711615 -0.931221 0.978217
966 -0.280914 -0.458873 0.871994
1670 -0.630613 0.695315 2.216517
1358 1.701287 -3.788975 1.161294
2451 1.090816 -0.598458 0.840778
915 -1.271227 -0.325145 1.630948
2600 3.306799 -0.680682 2.407768
1352 1.326382 -3.925380 1.147606
296 -1.056714 -1.622707 1.043550
1375 0.083289 -3.897695 1.084606
242 0.416721 -0.625998 0.787446
1035 0.232600 -0.727374 0.756406
2318 -0.165025 1.281090 3.177852
256 0.032162 -0.687006 0.634544
2434 1.359323 -1.358972 0.911107
2462 0.537434 -0.790374 0.713936
1537 0.930251 0.510682 1.825533
1642 -0.230813 -0.187856 1.039352
1427 1.758531 0.726259 2.511066
257 0.263984 -0.835630 0.615147
1417 2.400230 1.183492 3.652225
2352 -0.332973 -0.008564 1.086238
719 0.539890 0.337715 1.436325
41 -1.775730 0.449758 2.937092
1145 -0.609124 -2.368084 0.906668
439 -1.209234 -3.623701 1.333747
867 1.261825 -1.134169 0.879661
520 -1.199272 -1.811727 1.126686
1966 0.062480 -0.582537 0.704749
2405 -0.416288 -0.375274 1.030635
1828 2.545832 -1.642306 1.470347
1478 2.567135 1.016255 3.557035
332 -0.698122 -1.999933 0.810433
1367 0.188322 -3.081507 0.903289
1237 0.308982 -3.937537 1.139727
625 1.174654 -0.586296 0.973309
258 -0.374403 -0.548002 0.873328
2588 3.115175 -0.916706 2.125343
128 -2.475005 -0.822304 2.522368
822 -0.100500 -0.052168 1.112786
779 -0.033925 0.002580 1.097556
1329 1.361861 -2.431406 0.917718
446 -0.223828 -3.602398 1.053480
14 -1.142652 0.367561 2.182682
946 0.421853 -0.495760 0.761314
559 0.777440 0.221115 1.425159
1197 1.395607 -2.356631 0.906782
378 -0.717172 -0.734859 0.964669
243 0.339579 -0.638438 0.753357
519 -1.379567 -1.618314 1.257221
2172 -1.093066 -2.311620 1.085246
2367 -0.279159 -0.673282 0.748898
1080 0.579482 -1.073672 0.724635
1403 -0.172929 -3.045775 0.905778
1502 2.526958 0.975599 3.428735
1801 2.683262 -0.557011 1.960401
2114 -0.207456 0.623879 1.890408
2197 -2.376360 -3.192996 2.005235
1241 0.603172 -2.373870 0.749208
2596 3.607028 -0.839818 2.601962
1686 -1.742432 0.119568 2.616469
2202 -1.981343 -2.574930 1.700904
21 -1.252417 0.889357 3.084378
1135 -0.030090 -2.519695 0.851193
2563 2.083601 -1.064494 1.337672
2566 2.082452 -0.925383 1.413643
576 0.998965 0.302155 1.499651
2259 -0.245177 0.072534 1.246202
1655 -0.135761 -0.279553 0.935981
384 0.968498 -1.190199 0.741405
1113 -0.544649 -1.021461 0.815538
489 -1.233539 -2.600868 1.189187
1877 1.956769 -1.449617 1.142977
1337 1.189949 -3.414757 0.983615
2019 -0.447768 -0.043527 1.153443
764 -0.012275 0.026029 1.150832
1979 0.063140 -0.004544 0.958691
1720 -2.335512 0.008370 3.133150
2624 2.923653 -0.527635 2.182669
2358 -0.339470 -0.000575 1.249915
17 -0.606622 0.497738 1.942681
1852 2.525072 -1.406302 1.528591
2606 3.557924 -0.683814 2.625508
740 0.757064 -0.017808 1.090645
2280 0.206059 0.944785 2.321334
2469 0.487638 -0.008325 1.048994
2067 0.148842 0.096759 0.991960
2078 0.184061 1.656437 3.855146
2163 -1.962714 -2.711275 1.674029
1917 1.077386 0.550795 1.832640
442 -0.648982 -3.465285 1.166426
993 -1.281190 -0.774766 1.388292
100 -0.898011 -0.020735 1.530994
1195 1.223136 -2.151831 0.856287
2458 0.654731 -0.381764 0.814815
1555 -0.559223 1.135775 3.106901
2084 -0.001651 1.508264 3.561415
2369 -0.623993 -0.937521 0.945915
1613 -0.123785 0.300434 1.423028
2088 -0.994302 1.330155 3.658182
631 0.996940 -0.086074 1.190702
51 -1.385951 0.060369 2.023510
1222 1.636847 -3.455526 1.101623
1586 -0.420973 0.894019 2.556403
2383 -0.788309 -0.904436 1.063783
916 -0.666439 -0.453868 1.040662
1608 -0.233700 0.101385 1.290960
2642 3.272820 -0.730032 2.380512
2121 -0.630601 0.390360 1.714228
2126 0.369279 0.509675 1.636724
273 0.241421 -0.722448 0.620035
178 -2.562247 -1.793129 2.241510
1800 2.531811 -0.408288 1.927021
823 -0.101080 -0.033269 1.176591
2361 0.107681 -0.472367 0.810801
2404 -0.356932 -0.286551 0.981841
147 -2.307208 -1.655940 2.019552
2373 -1.154776 -1.302810 1.195792
1249 0.104606 -3.987954 1.175914
2359 -0.212132 -0.295922 0.960251
122 -2.132176 -1.097211 2.045042
2070 0.191496 0.240199 1.191586
2436 1.211181 -1.320382 0.861513
2400 -0.571656 -0.604109 1.037652
25 -1.560389 0.829986 3.317197
441 -0.760588 -4.138612 1.377505
1162 0.776780 -1.394452 0.679447
295 -0.817330 -1.156392 0.963763
1126 0.020480 -1.700090 0.716827
1821 2.202350 -1.167298 1.364340
1279 0.108482 -1.708423 0.653540
1916 0.982697 0.499177 1.705175
2052 -0.195957 1.844714 4.397348
1127 0.209956 -1.820122 0.721850
1575 -0.742151 1.125742 3.175053
1857 1.461930 -1.485955 0.847260
495 -1.266454 -2.112049 1.200545
180 -1.657782 -1.445907 1.492881
2560 3.173356 -1.284756 1.996649
689 -0.362302 -0.319109 1.001914
1253 -0.238521 -3.040710 0.935247
1255 -0.459243 -4.028135 1.259388
1588 -0.178154 0.311561 1.494073
2397 0.317873 -0.411469 0.769726
2612 3.242662 -0.739487 2.321728
1892 2.926960 -2.528561 1.585309
2128 0.429621 0.305294 1.261307
1552 -0.285723 1.311711 3.323117
2590 3.149490 -1.134318 2.036887
179 -2.199183 -2.042542 1.845072
476 -1.013129 -1.780382 0.966501
2008 -0.076574 0.045581 1.222839
281 -0.210080 -0.671260 0.798996
2045 0.082081 1.926881 4.546320
56 -0.207187 0.067803 1.154631
914 -1.115739 -0.258772 1.541521
192 -1.884332 -2.347888 1.604438
1068 0.441601 -0.763902 0.705681
731 0.108276 -0.410376 0.793019
1990 0.093079 0.115809 1.228718
1176 0.810756 -2.742187 0.833942
1491 1.047437 0.576180 1.934271
1116 0.007875 -1.018439 0.699931
70 -1.663316 0.102940 2.407569
1418 2.434449 1.260141 3.764546
456 -0.437161 -4.088006 1.273986
1592 -0.012433 -0.120312 1.019493
433 0.341667 -1.469237 0.650481
2147 -1.802675 -2.550950 1.516951
2281 0.170599 1.057084 2.529910
1185 1.590587 -1.829755 0.923052
102 -1.127694 0.287125 2.039790
164 -1.300193 -1.982288 1.163556
1809 2.672064 -1.012128 1.742766
676 0.029872 -0.114117 0.986297
170 -2.317864 -1.860790 1.977582
760 0.156610 0.275904 1.345177
2384 -0.707354 -0.815399 1.046209
393 1.816334 -1.534260 1.049139
228 0.009773 -0.143478 0.928941
427 1.506537 -2.399153 0.939391
1134 -0.159188 -1.756322 0.724822
853 1.281309 -0.683579 0.990078
776 -0.312213 -0.173600 1.000073
37 -0.354244 -0.196710 1.063220
2173 -1.784119 -3.034277 1.566483
2625 3.618258 -0.867183 2.555465
1547 -0.404972 0.630894 2.119923
735 0.297035 0.488135 1.644864
736 0.323616 0.331094 1.375175
609 0.575765 -0.604518 0.761756
110 -1.601010 -0.975369 1.565143
1974 -0.073872 -0.022204 1.097673
2569 1.846891 -1.058211 1.136008
134 -0.917059 -0.668024 1.113449
819 0.312597 -0.100398 0.982871
1163 0.774315 -1.228032 0.733349
1574 -0.709786 0.869295 2.741410
929 -1.527022 -0.385321 1.809380
1871 2.458988 -2.024789 1.357678
1268 0.028003 -3.925859 1.143933
88 -0.370270 -0.159940 1.034736
2488 1.409475 -0.168530 1.321138
1632 -0.690731 0.554956 2.097486
2311 0.822329 1.897899 4.373198
2544 1.458640 -1.149993 0.922129
863 0.744844 -0.743077 0.815728
132 -2.163940 -1.026673 2.096789
1440 2.378366 1.140084 3.519511
725 0.490122 0.918498 2.369804
1394 0.027288 -3.088567 0.936386
758 0.569317 0.343192 1.499670
634 0.560622 -0.316122 0.906098
419 1.632153 -2.691824 0.989248
323 -1.193592 -1.560388 1.208870
368 -0.914762 -0.725841 1.121520
2294 0.817887 1.832841 4.177927
1294 2.322326 -1.373061 1.332133
342 -0.759577 -1.293157 0.954167
2443 0.503016 -0.618739 0.775383
98 -1.736712 -0.151326 2.219143
534 -1.180071 -1.322654 1.163406
970 -0.646318 -0.931771 0.910220
1647 -0.788723 -0.135721 1.309911
986 -0.342489 -0.246682 0.958680
2315 -0.229781 1.527088 3.690041
555 1.006821 0.416954 1.735106
1269 0.041872 -4.393479 1.257295
31 -1.191203 0.165112 1.932223
339 -1.507288 -1.331582 1.337872
233 0.253636 -0.406719 0.756787
732 0.298583 -0.598466 0.668838
1219 1.435127 -3.010405 1.000982
865 0.694971 -0.796682 0.792253
2639 3.081298 -0.643555 2.220270
82 -2.204881 -0.618266 2.368191
2269 -0.047105 1.267760 3.035245
2041 -0.661196 1.221875 3.334641
963 -0.243363 -0.501065 0.889747
2038 -1.007197 1.058854 3.126178
34 -0.258105 -0.166422 1.008841
351 -0.809797 -0.844039 1.056249
2470 0.187670 0.055111 1.015301
1999 -0.093098 0.052033 1.148749
2278 -0.061000 1.261194 3.050452
1389 -0.064764 -2.164571 0.691902
627 0.850613 -0.399688 0.936794
1827 2.686377 -1.737312 1.541079
1972 -0.080803 -0.016233 1.115435
1603 -0.248906 0.186237 1.364060
1891 2.231512 -1.642298 1.226648
1797 1.405034 -0.064901 1.345702
1186 1.147047 -1.309677 0.763319
389 1.090643 -1.558401 0.727278
807 0.258566 -0.596956 0.718895
504 -1.597811 -2.211007 1.428915
1069 0.348196 -0.681691 0.741440
1443 1.858865 1.356460 3.585638
1859 2.479571 -1.862677 1.390338
1885 2.598787 -2.614348 1.395284
2500 1.462113 -0.264951 1.326272
2370 -0.454045 -0.739777 0.900101
770 -0.238098 0.514124 1.779859
418 1.329274 -2.399165 0.895057
315 -1.258362 -1.335870 1.224284
1787 2.865019 -1.157713 1.861407
1229 1.145987 -2.512720 0.856296
204 0.114556 -0.514507 0.797357
2356 -0.233361 -0.328699 0.994619
1743 -2.147643 -0.218562 2.679296
1548 -0.532525 0.974858 2.733825
1453 2.464393 0.950901 3.404469
1853 3.199269 -1.611429 1.937289
2543 1.843006 -0.876124 1.197441
1519 1.871534 1.107229 3.198739
1580 -0.356448 0.706381 2.140128
1862 3.417014 -2.302534 1.893312
330 -0.762037 -2.374173 0.959089
1240 0.660833 -1.615554 0.637543
155 -1.578302 -1.095695 1.475530
1551 -0.282135 1.416549 3.495340
854 0.918038 -0.711852 0.871179
1334 1.945531 -3.025660 1.128072
2591 3.715649 -0.933715 2.581606
1094 0.170918 -0.473744 0.813942
2357 -0.217409 -0.173855 1.059336
2071 0.226900 0.069705 0.842305
297 -1.040617 -1.149487 1.102449
1977 -0.112409 0.091429 1.186870
786 0.023241 0.002985 1.030664
1357 1.601055 -3.328470 1.049238
270 -0.244143 -0.315498 0.896235
2150 -1.788416 -2.257430 1.508589
926 -1.374907 -0.407533 1.659874
622 0.920623 -0.711399 0.807203
911 -0.982241 -0.421312 1.356712
496 -0.924823 -2.098479 0.984544
318 -1.131079 -1.005455 1.199401
1093 0.477845 -0.671913 0.775759
682 -0.510881 -0.628740 0.921922
954 0.031995 -0.605402 0.749676
487 -0.663388 -1.974917 0.850893
677 0.058143 -0.110050 0.926051
940 0.482573 -0.594186 0.663662
1365 0.504163 -3.471902 0.970507
96 -1.828957 -0.141494 2.279465
873 0.264081 -0.293256 0.854826
1142 -0.291911 -3.112824 1.012239
1384 0.364266 -3.937569 1.131113
2550 1.250750 -1.154418 0.898331
1332 2.131667 -3.148746 1.230003
598 -0.386350 -0.560393 0.915668
1457 2.420691 1.088871 3.527728
573 1.149259 0.658653 2.104767
2220 -1.520197 -2.636408 1.356718
1876 2.164605 -1.636423 1.276629
595 -0.283820 -0.212745 0.955713
1405 0.714479 -3.386492 0.959180
1437 1.262461 0.115586 1.411820
344 -0.195241 -0.563492 0.764806
2435 1.384060 -1.580321 0.874501
2416 -0.246328 -0.484045 0.799768
1251 -0.036456 -3.629647 1.065085
2132 -0.467640 -0.043953 1.230105
1170 1.443089 -2.162358 0.917636
305 -1.382228 -1.570406 1.266318
693 -0.598617 -0.507576 1.067302
507 -1.189006 -1.461551 1.152298
2130 -0.005530 -0.108331 0.980275
1445 1.923993 1.170094 3.319228
844 0.097031 -0.356437 0.851172
1901 1.293085 -1.270239 0.887842
2127 0.628431 0.613536 1.755063
466 -0.235105 -2.534899 0.863499
2076 0.139922 1.640989 3.870507
800 0.403168 0.053673 1.151586
524 -2.054429 -1.999584 1.730389
876 0.156107 -0.324910 0.854203
1512 1.861689 1.084989 3.181522
2211 -1.053143 -2.690084 1.133564
154 -1.524067 -1.117248 1.466241
2504 1.566445 0.247874 1.730476
1622 -0.569938 0.722415 2.341268
2589 3.248420 -0.941590 2.192091
1067 0.441540 -0.894229 0.664985
985 0.160530 0.006547 0.906153
2455 0.708646 -0.596059 0.783531
2056 -0.175577 1.342123 3.304056
2426 0.660625 -0.937135 0.662698
529 -2.066363 -2.050460 1.736169
333 -1.225543 -1.785866 1.100792
2539 1.537557 -0.620458 1.141310
977 -0.087163 -0.178196 0.912375
2297 0.554712 1.488651 3.412384
967 -0.305157 -0.566209 0.867696
1414 2.194343 1.110477 3.364308
2355 0.020264 -0.329980 0.883567
2013 0.426136 0.117880 1.039574
83 -1.967364 -0.866498 1.990847
1598 -0.457778 0.330588 1.676306
1288 2.647931 -0.734333 1.794693
2055 -0.627783 1.516035 3.858829
747 1.583651 0.963743 2.787787
2321 0.067800 1.231275 3.027371
1803 1.114002 -0.506356 0.884875
927 -1.425696 -0.419837 1.664713
602 0.683552 0.124619 1.124248
2583 2.431083 -0.493670 1.837898
2108 0.116328 0.208202 1.276396
1327 1.826359 -2.351433 1.048950
2009 -0.204170 -0.044834 1.180620
1508 2.852724 1.180198 4.012728
2336 -0.113875 -0.243028 0.965551
407 0.418682 -0.535109 0.695036
904 -0.470099 -0.544924 0.954745
2028 0.166849 0.063811 1.093584
2334 0.168783 -0.206353 0.915383
1562 -0.376343 0.771261 2.240506
780 0.330458 -0.188247 0.796584
2547 2.192188 -1.392722 1.247475
902 -0.445054 -0.688297 0.877038
2586 2.274239 -0.374123 1.773255
91 -0.203668 -0.095602 1.033848
785 -0.179973 0.017504 1.067474
183 -1.079937 -0.933161 1.119216
2445 0.597640 -0.542229 0.806779
1212 1.230777 -3.686257 1.066824
2216 -2.063214 -2.720351 1.706912
2224 -2.568431 -1.847797 2.183160
499 -1.718499 -1.809108 1.495043
2283 0.184638 1.823586 4.185888
884 0.273690 -0.545249 0.753614
32 -0.780588 -0.013851 1.412608
1216 1.518562 -2.986323 1.017955
1863 3.411757 -2.344317 1.914250
1517 0.874696 0.569089 1.807622
158 -1.745216 -1.668155 1.534371
793 0.151222 -0.158987 0.985677
371 -1.493780 -1.044256 1.438980
2198 -2.099569 -3.133403 1.826035
2093 0.151794 1.530025 3.655423
1441 2.263757 1.111617 3.419533
486 -0.705579 -2.471056 0.940508
2593 3.859884 -0.988645 2.720553
182 -0.587738 -0.726893 0.843469
535 -1.672719 -1.794435 1.454168
2229 -2.167228 -2.472821 1.807877
2562 2.127546 -0.993683 1.350563
1887 1.642274 -1.638070 0.961892
1996 -0.369444 -0.155020 1.061792
409 0.902985 -1.748287 0.695431
2082 0.069891 1.623599 3.784352
488 -1.083606 -2.365849 1.093643
1277 0.205811 -2.407925 0.784162
738 0.438695 0.869178 2.250963
278 -0.390023 -0.496310 0.867086
388 1.366389 -1.868796 0.879438
19 -0.294429 0.467560 1.587851
1936 0.408770 0.464186 1.509327
1452 2.302648 0.929105 3.197796
737 0.284633 0.518532 1.618858
1178 1.071247 -2.922643 0.923956
2167 -1.191639 -1.402016 1.164689
1481 2.221841 0.784163 2.904446
1820 2.181169 -0.705437 1.509166
754 0.074121 0.557000 1.681382
485 -0.610823 -2.157756 0.844708
612 0.481757 -0.641068 0.765310
317 -0.706526 -0.620352 1.026513
2637 2.441170 -0.527674 1.851285
1244 -0.061600 -3.390689 1.011569
1496 2.735188 1.154920 3.919812
1824 3.011234 -1.949983 1.700952
76 -2.453511 -1.369587 2.241424
659 -0.527357 -0.533513 0.972494
1115 0.142291 -0.638063 0.714944
259 -0.284207 -0.608242 0.788660
146 -2.375442 -1.720335 2.085852
2408 -0.024632 -0.370916 0.810941
1645 -0.386364 -0.256502 1.016684
390 1.492907 -1.444761 0.882804
404 0.422373 -2.899994 0.842671
1505 2.875437 1.157681 3.983199
340 -1.457735 -1.685470 1.283397
808 0.343340 -0.686600 0.711356
1807 0.729885 -0.337139 0.815795
1717 -2.233547 0.230771 3.213146
629 1.090512 -0.112787 1.246698
2636 2.477919 -0.621630 1.777299
331 -1.106817 -2.087851 1.077834
1345 0.634026 -2.556754 0.796144
2403 -0.739273 -0.622535 1.048096
1446 1.808559 1.097429 3.117846
2473 0.018938 -0.573647 0.716465
416 1.410298 -2.655829 0.926394
1847 1.008097 -0.094394 1.101496
2585 1.417236 -0.158768 1.313557
890 0.200138 -0.770431 0.638058
453 -0.687547 -3.768126 1.258897
1543 -0.247243 -0.153236 1.011887
2374 -1.091038 -1.219214 1.180807
2622 3.591481 -0.760597 2.641097
2022 -0.074061 -0.054056 1.109389
1362 0.897765 -2.584388 0.767029
920 0.060356 -0.614452 0.792231
2391 -0.107394 -0.309377 0.929189
887 0.348381 -0.706768 0.705120
1419 1.966249 1.020612 3.098762
325 -0.715049 -1.084413 0.962242
729 0.429930 -0.296496 0.842915
45 -1.722314 -0.029851 2.272984
2213 -1.558134 -3.011869 1.423032
827 0.447245 -0.162450 0.911807
2174 -2.035089 -3.424734 1.832747
193 -1.569317 -2.145714 1.404488
1305 1.511230 -2.105405 0.897007
1422 2.259476 1.295842 3.710936
1213 1.651721 -3.985187 1.203018
1227 1.290194 -2.950773 0.962517
1450 1.819218 0.856122 2.748673
166 -1.823487 -1.507362 1.591798
2217 -2.086691 -2.679284 1.748156
2417 -0.032530 -0.451111 0.780415
617 0.561987 -0.782634 0.729939
1406 0.552182 -3.540009 1.028118
643 0.906462 -1.307111 0.689629
1207 1.398170 -2.318591 0.856130
1479 2.386937 0.829284 3.088830
1638 -0.095624 -0.256913 0.929241
1296 2.140992 -2.364227 1.173736
1245 -0.054422 -3.095298 0.963789
1099 0.344360 -1.401485 0.684157
2248 0.168344 0.714725 1.962488
113 -1.749811 -0.763411 1.815010
569 0.879075 0.032275 1.250095
426 1.085266 -2.681908 0.846839
1890 2.635001 -2.272839 1.449044
1767 -0.940778 -0.317187 1.299759
1466 1.953740 0.723290 2.670903
1319 2.589367 -3.679586 1.435063
723 0.626349 0.539185 1.759822
1360 1.898763 -3.477717 1.163721
1111 -0.134087 -1.158398 0.691247
1232 0.958911 -3.040510 0.909006
194 -1.800005 -2.528551 1.557049
552 0.705623 0.314665 1.453913
1373 0.389858 -3.608368 1.019009
1458 1.768971 0.795736 2.632190
1902 0.976812 -1.169498 0.771871
1565 -0.634614 0.813595 2.570960
2414 -0.313272 -0.514055 0.872738
212 0.350619 -0.174155 0.961541
2633 2.261316 -0.489330 1.622648
2477 0.190494 -0.163871 0.898810
1866 3.328474 -2.681367 1.826439
2107 0.056316 0.152608 1.172906
2006 -0.066019 -0.135969 0.994791
1799 2.658992 -0.457689 2.009882
2244 0.189836 0.379118 1.489137
1364 0.391323 -3.621587 1.039078
1520 1.903801 1.082083 3.222036
1988 -0.123636 0.019648 1.159511
1028 0.256416 -0.235070 0.896559
608 0.377011 -0.411709 0.807688
2192 -1.954036 -2.717987 1.623650
216 0.180329 -0.156491 0.927462
298 -1.014789 -1.296683 1.096439
2302 0.688524 1.870721 4.292353
782 -0.263736 0.036513 1.096901
586 0.977983 0.030483 1.233110
1293 1.912774 -1.066665 1.172433
2598 3.900435 -0.847819 2.850712
1060 -0.207748 -0.850649 0.775511
334 -1.135062 -2.311726 1.045578
379 -0.794971 -0.962134 0.922797
2275 0.675536 1.619280 3.716335
1959 -0.622716 -0.340664 1.151989
633 1.237227 0.083170 1.439625
635 0.438400 -0.412093 0.833740
1058 0.088564 -0.830715 0.727364
951 0.616783 -0.378238 0.810247
468 -0.088041 -1.533091 0.648324
1165 0.918208 -1.265297 0.732234
428 1.262857 -2.520554 0.891007
1415 1.333716 0.444614 1.813459
509 -1.353684 -1.261098 1.303238
450 -0.378832 -3.318845 1.066524
2205 -2.353430 -2.424811 1.913188
1798 2.001619 -0.146399 1.695220
1473 1.091307 0.527107 1.774159
1300 2.689360 -2.146505 1.442890
860 1.120549 -0.962549 0.890339
2580 2.599366 -0.895416 1.732901
950 0.866535 -0.572124 0.821107
2265 -0.017613 0.121536 1.219894
1553 -0.310774 0.968806 2.650159
2230 -1.971946 -2.408542 1.664540
209 0.140209 -0.269629 0.925236
2621 3.718128 -0.843985 2.678243
881 0.293518 -0.406066 0.833211
475 -0.170844 -1.686732 0.704102
2185 -0.913678 -1.468942 0.942438
2153 -2.019537 -2.438438 1.714038
2401 -0.457107 -0.556972 1.002795
868 1.304651 -1.151166 0.898212
885 0.778146 -0.624086 0.736615
1865 3.039034 -2.421849 1.668110
2272 0.420935 0.511477 1.424690
2154 -1.780267 -1.868966 1.526376
223 0.490001 -0.280280 0.778699
1482 2.258930 0.796696 2.998585
615 -0.129578 -0.740158 0.762919
483 -0.519424 -2.297430 0.892635
2289 1.105189 1.421494 3.339246
1350 0.541358 -2.391092 0.786094
288 0.038638 -0.948117 0.595490
883 0.130868 -0.277331 0.854616
1544 -0.109770 0.309222 1.389518
105 -1.050058 0.267395 1.932700
2431 1.117563 -1.051377 0.811923
144 -2.524742 -1.368409 2.296802
406 0.241194 -0.622120 0.624645
2605 3.799649 -0.853364 2.706266
1086 0.549645 -0.486276 0.836626
1423 2.131438 1.280282 3.665501
1835 2.275749 -0.965627 1.498621
2380 -1.456717 -1.646036 1.359241
589 1.026497 -0.139569 1.178998
1121 0.458327 -0.816781 0.697758
479 -1.931081 -2.310979 1.643401
1549 -0.714983 1.057153 3.000166
1819 2.332037 -0.674409 1.668905
2101 -0.127968 0.983631 2.522195
1063 0.359880 -0.805431 0.724465
944 0.251994 -0.318386 0.819448
934 -0.457501 -0.366300 0.944943
89 -0.417451 -0.029696 1.257945
1981 -0.287322 -0.215585 1.020071
2303 0.732885 1.042774 2.503706
1941 0.817790 0.279607 1.432302
237 0.351579 -0.702829 0.768104
1878 1.797099 -1.438308 1.095445
1140 -0.425359 -1.792627 0.801738
1141 -0.428141 -2.191216 0.871662
1321 2.467813 -3.745087 1.436671
4 -1.138598 0.636474 2.568419
1168 1.657152 -2.558169 1.000203
2207 -2.199388 -2.111154 1.812516
1236 0.308815 -4.193760 1.200397
596 -0.248544 -0.333300 0.887885
1412 2.259918 1.042656 3.302142
1413 1.822332 0.885079 2.811955
114 -1.977616 -0.825287 2.016762
956 0.500686 -0.493950 0.777194
2247 0.218639 0.877498 2.270063
2183 -1.244644 -1.735587 1.160272
1235 0.283662 -3.715700 1.058490
2439 1.416562 -1.347987 0.923025
211 0.340050 -0.206008 0.948575
1889 2.292314 -2.203191 1.257249
2319 -0.096818 1.317580 3.238105
2291 -0.264820 1.414326 3.422289
553 0.957508 0.479595 1.796743
806 0.493839 -0.229827 0.767143
1204 1.389864 -2.905900 0.966427
23 -1.536952 0.786135 3.211361
358 -0.860025 -0.802734 1.074299
2498 1.932448 -0.861960 1.297150
294 -0.885536 -1.183165 1.023737
99 -0.778051 -0.060868 1.353545
1304 2.209651 -2.401925 1.183715
1320 2.377491 -3.319716 1.322803
307 -1.354091 -1.758696 1.272358
2062 -0.074988 1.540520 3.677049
933 -0.498373 -0.161562 1.136105
938 0.057248 -0.466901 0.785515
2579 3.311817 -0.918874 2.299529
2360 -0.338744 -0.187707 1.069743
1527 1.763513 0.782488 2.619937
1061 -0.062036 -0.634977 0.798595
734 0.256614 0.730519 2.018548
457 -0.387810 -4.410917 1.347321
2170 -1.501215 -2.437904 1.333489
1118 0.205091 -1.498533 0.712326
490 -1.441023 -2.731136 1.327460
2342 -0.124011 -0.436872 0.862968
1659 -0.068307 -0.153317 1.031635
94 -0.669991 0.014778 1.389410
1802 2.369010 -0.463052 1.783687
896 0.291372 -0.636795 0.671803
2442 1.088049 -0.906184 0.830045
690 -0.178607 -0.499110 0.832327
2464 0.577669 -0.178750 0.877483
845 0.016574 -0.432517 0.877359
855 0.791259 -0.675547 0.858881
2376 -0.829333 -0.896326 1.052263
2178 -1.254922 -1.570799 1.175350
1396 -0.398821 -4.130572 1.266464
1182 1.196816 -2.118628 0.830642
1368 0.200594 -3.264148 0.957677
421 1.323461 -2.879223 0.968017
1030 0.340408 -0.575168 0.753112
990 -0.933980 -0.127342 1.407426
971 -0.367134 -0.488498 0.893264
1317 2.847135 -3.250963 1.539744
1678 -1.457957 0.417577 2.489004
326 -0.889200 -1.208929 1.038652
2225 -1.728258 -1.339297 1.533029
744 0.746670 0.482484 1.684039
2578 3.537224 -1.011480 2.419945
117 -2.384427 -1.101613 2.289602
2087 -0.431779 1.647862 4.044492
593 0.424066 -0.306077 0.852712
1623 -0.723348 0.549150 2.115214
2545 1.673026 -0.975933 1.132320
1610 -0.384659 0.989351 2.742499
2516 1.389776 0.244612 1.622957
1812 1.875345 -0.728373 1.339786
882 0.503070 -0.388794 0.846905
935 -0.650649 -0.459226 1.053328
1485 0.809232 0.380880 1.557984
1133 0.231520 -1.777710 0.653768
1432 1.227320 0.160273 1.480535
1388 -0.414762 -2.654529 0.874117
624 1.143960 -0.903308 0.878843
928 -1.542583 -0.486710 1.775195
2522 1.583664 0.341823 1.861554
1211 1.665189 -3.581207 1.168293
715 1.102459 0.675541 2.080894
866 0.794322 -0.825664 0.842291
84 -1.817950 -1.135984 1.704140
467 -0.192346 -2.249290 0.788392
1220 1.677756 -3.340839 1.107504
2270 -0.120473 1.463956 3.422322
1806 0.857415 -0.308484 0.856872
1498 1.888323 0.866590 2.797899
2075 0.006501 1.677621 4.026048
1107 -0.224007 -0.704548 0.773499
1307 2.294107 -3.475963 1.306612
556 0.987517 0.391502 1.719960
1272 0.448211 -3.733842 1.065197
834 0.660263 -0.600011 0.739064
1205 1.584435 -3.191187 1.039135
2189 -1.572506 -2.040829 1.322462
377 -1.073986 -0.478773 1.316383
599 0.014650 -0.376471 0.857131
2479 0.471906 -0.444776 0.819826
2276 0.473450 1.703383 3.872439
2191 -2.111883 -2.709681 1.738339
1291 2.526702 -1.210546 1.501439
1439 2.387012 1.051190 3.464709
2601 3.751058 -0.780545 2.773814
1599 -0.307248 -0.008947 1.172398
187 -1.583105 -1.940123 1.394704
554 1.037376 0.365790 1.718782
1975 -0.219970 0.022693 1.171389
1602 -0.569579 0.073991 1.436662
165 -1.867696 -1.666383 1.631508
668 -0.221239 -0.460211 0.846088
1181 1.276431 -2.090960 0.788206
2271 0.163801 1.363937 3.218085
1976 -0.235344 0.020806 1.250920
1019 0.273369 -1.153747 0.692153
458 -0.279896 -4.426092 1.355842
106 -0.829802 -0.040567 1.400538
414 1.101074 -2.989661 0.978723
517 -1.596889 -1.905424 1.391573
1628 -0.448238 0.605386 1.972312
145 -2.418669 -1.360791 2.208389
857 0.541986 -0.729186 0.731873
78 -2.290481 -1.294434 2.134696
587 0.827581 -0.195961 1.036258
1560 -0.086406 0.557144 1.814803
815 0.201723 -0.034340 1.064364
12 -1.368022 0.836864 3.091341
219 -0.457013 0.053443 1.266821
1184 1.453566 -1.921279 0.868114
775 -0.160371 0.072092 1.192658
1416 2.051224 1.063801 3.160164
2245 0.196862 0.552554 1.721703
1223 1.740490 -3.363207 1.130788
821 -0.166688 -0.081354 1.065728
704 1.164421 0.926639 2.478192
720 0.514469 0.499700 1.678187
1822 2.882435 -1.605780 1.725230
843 0.179245 -0.355397 0.845383
1092 0.346217 -0.544327 0.799321
2262 0.132753 0.089623 1.017026
2210 -1.517284 -3.098309 1.371043
1573 -0.573927 0.735310 2.369360
888 0.769386 -0.820601 0.758538
2582 1.907633 -0.511962 1.381130
2350 -0.283689 -0.097137 1.067990
35 0.179896 -0.613510 0.716384
2523 1.717964 0.513504 2.196242
2572 1.825738 -0.693808 1.286260
1333 2.170757 -3.138099 1.225062
767 -0.119631 0.336316 1.498896
1630 -0.582769 0.908811 2.716087
2327 0.940803 0.709981 1.931044
251 0.400832 -0.725534 0.730234
203 0.403540 -0.331634 0.836664
1650 -1.543893 -0.059505 2.101018
283 -0.174819 -0.878444 0.678946
399 1.238355 -2.080965 0.811856
1474 1.528136 0.651970 2.270659
1869 2.430978 -2.287505 1.328146
763 -0.193459 0.189332 1.371646
413 1.283773 -3.151912 0.995259
1210 1.342167 -3.357828 1.011085
1587 -0.428873 0.555902 1.990265
1062 0.420211 -0.920722 0.724639
568 0.689412 -0.093737 1.080293
1570 -0.501735 0.502420 1.920102
2099 -0.236694 1.811972 4.342483
784 0.111107 0.355645 1.355824
1932 0.795017 -0.080079 1.004531
2546 1.927624 -1.295244 1.184583
2298 0.437075 1.443384 3.308507
1246 0.234471 -3.065934 0.902711
329 -0.874426 -1.675327 0.953211
1199 0.992011 -2.413745 0.821807
1190 1.835489 -2.888667 1.079220
1609 -0.456776 0.491193 1.904721
1636 0.005554 -0.497402 0.696100
153 -1.730712 -1.143508 1.591440
1730 -2.102735 -0.026929 2.821690
743 0.457001 0.114864 1.058633
474 -0.375773 -1.803941 0.776066
639 0.817455 -1.353588 0.716083
1050 0.328801 -0.749300 0.689143
2243 0.082999 0.239410 1.227207
248 0.408164 -0.562948 0.773178
2531 1.183542 -0.183771 1.139282
2285 0.838775 1.897971 4.320147
2584 2.265341 -0.441750 1.732246
452 -0.688482 -3.612897 1.193761
249 0.621784 -0.575672 0.756373
2195 -1.754018 -2.527897 1.505255
1577 -0.642414 1.144045 3.187484
1644 -0.715974 -0.232450 1.295549
1180 1.245973 -2.777603 0.892135
103 -1.134613 0.193031 1.981278
2238 0.199416 -0.046127 0.974465
2343 -0.008067 -0.276535 0.899977
112 -1.572239 -0.539579 1.733894
454 -0.734999 -3.770552 1.263834
1942 0.531274 0.290968 1.302848
210 0.190251 -0.281384 0.892796
265 -0.025569 -0.432912 0.837535
670 -0.234664 -0.453837 0.853481
383 1.307145 -2.009681 0.846069
2081 -0.009427 1.594562 3.746216
846 -0.036141 -0.545202 0.774704
2164 -1.239195 -1.499470 1.162260
864 0.582728 -0.757206 0.803625
2567 2.312449 -1.021594 1.490090
1095 0.352272 -0.825299 0.729284
285 0.062807 -1.307312 0.604610
1221 1.593359 -3.580191 1.148888
2141 -1.856144 -2.616368 1.574235
2620 3.480262 -0.691820 2.531255
1982 -0.200586 -0.256459 0.909189
2489 1.018964 -0.648683 0.812771
1985 -0.096067 0.025187 1.196015
549 0.739845 0.317371 1.478845
2149 -1.830708 -2.525411 1.560933
2561 2.329821 -1.275310 1.386544
1217 1.342539 -2.549521 0.905709
2472 -0.005257 -0.543397 0.678746
1944 0.662589 0.668935 1.889998
1624 -0.649459 -0.016754 1.374262
3 -1.026268 0.741641 2.593217
44 -1.671699 0.191546 2.464357
2054 -0.398299 1.821090 4.440244
1455 2.509135 1.099021 3.653023
27 -1.803216 0.718662 3.341469
2474 -0.190043 -0.310675 0.830829
2048 0.689057 1.349809 3.057500
1119 0.362689 -1.292057 0.678771
952 0.254328 -0.482672 0.725235
1280 -0.421764 -1.334589 0.705387
960 -0.455712 -0.633727 0.890097
1709 -1.825777 0.008612 2.538986
925 -1.016775 -0.318606 1.381826
2607 4.066834 -0.895565 2.951338
753 0.108246 0.493623 1.565347
771 -0.106882 0.529152 1.752815
703 1.268345 1.055243 2.818582
1940 0.693136 0.213671 1.281137
910 -0.887166 -0.400125 1.296707
1146 -0.547900 -2.122569 0.877507
2505 1.634143 0.265553 1.821147
2617 3.988006 -0.920567 2.833476
1660 -0.174239 0.064402 1.208867
2063 0.072250 1.131970 2.816543
550 0.634496 0.390605 1.474535
376 -1.245073 -0.508705 1.364049
2180 -1.484588 -1.607089 1.286980
1109 0.201603 -1.433657 0.681165
1888 1.528656 -1.718855 0.911636
585 0.698996 0.095554 1.219194
2065 0.098720 -0.206149 0.680839
563 0.352453 -0.048139 1.097355
1500 2.385056 1.045161 3.397487
2425 0.560937 -0.573092 0.747075
1278 0.167933 -1.951169 0.701942
953 -0.328009 -0.476043 0.898517
1369 0.252341 -3.058951 0.893501
2427 0.957662 -0.745954 0.756656
1254 -0.277879 -2.024695 0.735601
619 0.608224 -0.567328 0.790879
1064 0.622145 -0.965608 0.745234
2219 -1.788745 -2.428154 1.499850
1104 0.151176 -0.618766 0.762117
2335 -0.253663 -0.373689 0.972336
2487 1.539864 -0.014823 1.522277
813 -0.128005 -0.325534 0.853183
2548 1.380341 -1.512080 0.878699
958 -0.013832 -0.034456 0.990714
1431 1.093172 0.010279 1.237587
118 -2.370577 -0.943015 2.361923
2574 1.867340 -0.873135 1.214428
1569 -0.353791 0.544003 1.914500
557 0.835851 0.383928 1.656309
545 0.072222 0.772393 1.984388
1858 0.745529 -0.204286 0.749442
1338 1.104550 -2.920458 0.915669
572 1.060189 0.509233 1.818725
527 -2.406494 -2.208385 2.022698
1929 1.282741 0.605644 1.995411
871 0.511467 -0.427465 0.848770
692 -0.695684 -0.466672 1.151829
1155 0.656925 -0.282929 0.731383
1557 -0.527090 1.088721 2.992598
531 -1.568442 -1.911967 1.387887
2105 0.176382 0.354657 1.385966
1160 0.646974 -1.046171 0.714156
370 -1.205377 -1.134293 1.236151
701 1.436313 0.958829 2.635663
260 -0.003810 -0.788948 0.661833
726 0.464784 0.162691 1.214337
1157 1.431073 -2.212994 0.858488
1581 -0.670989 0.903666 2.715412
2594 3.185654 -0.877093 2.195718
1631 -0.595406 0.815515 2.516219
628 0.599410 -0.360401 0.873219
2647 3.339152 -0.819928 2.365192
280 -0.323372 -0.476069 0.941375
372 -1.612979 -1.127584 1.519105
173 -1.738812 -1.489061 1.521686
611 0.334034 -0.522336 0.763612
1899 2.741211 -2.523360 1.477150
2061 -0.049227 1.546905 3.680209
2496 1.664985 -0.964163 1.058189
2237 0.205243 0.086988 1.108993
1252 -0.048862 -3.714129 1.092837
1230 0.761510 -2.000843 0.726153
2186 -1.259594 -2.004821 1.198840
2552 1.285882 -1.066823 0.875566
1056 0.276565 -0.736595 0.757968
2324 0.619107 0.665525 1.810824
2587 3.149741 -0.672402 2.253449
444 -0.541722 -4.297417 1.325147
1295 2.533528 -2.392184 1.376150
650 -0.217502 -1.343404 0.663002
913 -1.093477 -0.127486 1.560646
1449 1.537227 0.784165 2.458713
614 -0.061812 -0.770975 0.741596
2284 0.569377 1.914069 4.311046
2046 0.034687 1.960377 4.677585
201 0.479148 -0.092641 1.018381
2166 -1.000581 -1.230081 1.045863
809 0.360697 -0.667320 0.731854
2643 2.682582 -0.551112 1.979669
11 -1.452187 0.899791 3.320234
18 -0.404871 0.310061 1.467808
2338 -0.366664 -0.100894 1.121756
92 -0.316018 -0.152716 1.032574
752 0.208125 0.915925 2.442291
1595 -0.618943 0.556169 2.126728
1594 -0.421945 0.396849 1.695196
2286 0.975232 1.850868 4.245281
2112 -0.022486 0.334841 1.386417
919 -0.181179 -0.275458 0.901026
2325 0.834435 0.197047 1.183069
1558 -0.485554 0.642700 2.155509
2293 0.057710 1.867920 4.300052
2138 -0.664745 -1.182685 0.849017
997 -0.988577 -1.312144 1.026161
930 -1.368918 -0.440312 1.683447
1825 2.651974 -1.792554 1.537850
484 -0.627782 -2.642021 0.963405
672 0.108042 -0.050878 0.985948
60 -0.054132 -0.064010 0.970710
742 0.566656 0.048049 0.991279
2467 0.051487 -0.217076 0.861230
2066 -0.011244 0.077908 1.038081
1516 1.038664 0.589028 1.872926
1233 0.624593 -3.258174 0.946348
774 -0.124158 0.016605 1.176893
1881 0.812145 -0.504349 0.723936
1637 -0.007821 -0.296485 0.858918
567 0.474382 0.185661 1.180145
1336 0.709027 -3.496006 0.939570
2348 -0.255160 -0.060374 1.075009
2215 -1.784597 -2.575323 1.529567
1057 0.194364 -0.689707 0.749378
861 0.727271 -0.713695 0.833445
2568 1.800541 -1.037565 1.139654
2223 -2.227609 -1.877098 1.877148
1276 0.335611 -2.607617 0.787819
22 -1.465070 0.881597 3.263397
181 -1.154056 -1.265232 1.141980
2448 0.613767 -0.566766 0.795912
394 1.424987 -1.176673 0.890184
2196 -2.123905 -3.005110 1.803295
424 1.622836 -2.871120 1.053155
859 1.004758 -0.845194 0.851705
1794 1.841019 -0.372144 1.420125
1438 2.118752 1.118470 3.325551
111 -2.162693 -0.908080 2.193747
1467 1.919205 0.729941 2.656463
2102 -0.039773 0.663197 1.845910
2333 0.209009 -0.169213 0.949112
1193 1.283153 -2.303157 0.859373
1371 0.682253 -3.822888 1.044026
2344 -0.137659 -0.045597 1.064301
391 2.086947 -1.618737 1.156116
207 0.147179 -0.388879 0.835827
1082 0.386695 -1.117206 0.668144
2320 -0.243622 1.189180 3.024838
2058 -0.353195 0.720361 2.141311
579 1.056469 0.057290 1.323688
1805 0.784971 -0.341887 0.802111
2155 -2.213728 -2.598768 1.845033
931 -0.671387 -0.572031 0.985326
1166 1.331292 -2.174009 0.870682
755 0.664894 1.040677 2.594349
869 1.154840 -0.814201 0.935224
2340 0.007701 -0.195260 0.951259
712 0.957356 1.032838 2.523232
253 0.331883 -0.844744 0.717902
1818 1.709800 -0.483273 1.292293
1550 -0.311616 0.846963 2.406909
2362 -0.085873 -0.108183 0.994648
396 1.750266 -1.604277 1.000789
2199 -2.302959 -3.055234 1.931336
1861 3.350443 -2.291018 1.886386
538 -1.455854 -1.808632 1.326650
2570 2.154513 -0.924213 1.415363
1918 0.996216 0.479342 1.645999
2015 0.161285 0.340962 1.411757
2551 1.516735 -1.217933 1.002925
2305 0.866798 1.039934 2.569536
630 1.357058 0.061372 1.488374
1025 0.056559 -1.135461 0.614386
1567 -0.604971 1.002050 2.895871
2623 3.234232 -0.637276 2.407938
48 -1.630966 0.526323 2.857954
387 1.290699 -1.507126 0.809090
907 -0.502319 -0.349993 1.035156
1053 0.490204 -0.673073 0.787041
52 -0.483412 0.046317 1.292878
2187 -1.235375 -1.987740 1.189309
722 0.529908 0.268780 1.308193
1225 0.763859 -1.958321 0.706506
50 -1.330770 0.288974 2.226606
220 -0.040464 -0.102759 0.972642
1046 0.437070 -0.981270 0.728931
2549 1.410049 -1.414070 0.903055
1049 0.250510 -1.410140 0.647728
1196 0.940696 -1.800515 0.697226
1228 1.317865 -2.884104 0.926681
1563 -0.715204 0.662859 2.301168
1192 1.575412 -2.809673 1.015095
1621 -0.414831 0.916383 2.590657
301 -0.805406 -1.357365 0.967644
2326 0.754817 0.319812 1.234153
240 0.153203 -0.502702 0.822699
2530 1.902639 0.434121 2.162462
1002 0.250201 -0.682576 0.733013
252 0.194145 -0.756278 0.649215
778 0.074556 0.021384 1.088454
336 -1.530385 -1.935380 1.323793
1792 1.744113 -0.295113 1.412572
1226 0.697100 -2.092854 0.711486
2115 -0.169061 0.483179 1.685371
1612 -0.275370 0.627602 2.038695
47 -1.522054 0.468831 2.709494
1776 -1.073411 -0.248547 1.449414
1487 1.189151 0.371573 1.727528
2524 1.687204 0.679914 2.465815
1203 1.051411 -3.304491 0.974480
618 0.888929 -0.765931 0.809166
766 -0.095068 0.169702 1.288851
571 0.891209 0.226081 1.429307
1003 0.379056 -0.908405 0.635618
2375 -0.829598 -0.998815 1.045648
49 -1.623936 0.209862 2.369255
224 0.256968 -0.378645 0.731762
836 0.602349 -0.314788 0.847487
2634 3.813740 -0.732866 2.812794
1894 2.230613 -1.901610 1.237669
2497 2.335964 -1.231580 1.441875
687 -0.304542 -0.192632 0.991961
1156 1.352941 -2.345744 0.881892
1434 1.271104 0.058693 1.415307
13 -1.318542 0.493721 2.517859
1786 2.587427 -0.968914 1.737366
1654 -0.221862 -0.134075 1.083299
238 0.207083 -0.835066 0.765270
1511 2.280098 1.145685 3.573937
310 -0.613562 -1.195024 0.884960
2277 0.062792 1.331022 3.109921
1554 -0.338534 1.098232 2.883884
67 -1.797040 0.303088 2.753521
214 0.141600 -0.220357 0.871206
392 1.906929 -1.724398 1.039802
2517 1.014978 0.094212 1.314702
2179 -1.640402 -1.856057 1.369156
578 1.252258 0.050478 1.442242
1490 0.727722 0.319428 1.422228
2037 -0.596739 1.216796 3.239981
2341 0.307768 -0.244283 0.900369
1444 1.731825 1.056337 2.979414
1556 -0.630505 1.279824 3.495740
2002 -0.243408 0.116800 1.391484
400 0.928449 -1.856893 0.736173
632 1.523102 0.133323 1.684049
684 -0.753725 -0.790137 1.029793
2194 -1.718026 -2.526608 1.485573
717 0.984165 0.700320 2.091457
2528 2.017632 0.668777 2.586542
478 -2.103262 -2.262126 1.765240
1992 -0.280894 0.239880 1.410371
1576 -0.799367 1.252055 3.515505
2571 1.566120 -0.557624 1.170370
2581 1.876327 -0.855146 1.223103
2016 -0.423890 -0.039727 1.179497
2043 -0.704700 1.093408 2.973995
1788 2.107257 -0.927531 1.398762
1823 2.678627 -1.558859 1.568514
640 0.911859 -1.496574 0.749164
254 0.519021 -0.816685 0.695486
1012 0.545837 -0.798086 0.704678
2025 0.161959 -0.228285 0.912972
2018 -0.119486 0.232493 1.314480
2079 -0.655070 1.453479 3.723838
1980 0.201828 0.076663 1.122829
548 0.859546 0.425926 1.654637
1954 0.257088 -0.083562 1.042802
1983 0.061183 -0.177854 0.832403
805 0.423396 0.288417 1.348749
772 -0.160020 0.259243 1.372494
1880 1.495638 -1.676393 0.888744
353 -0.251325 -0.312738 0.951766
546 0.580843 0.574721 1.762235
2501 1.632568 -0.174863 1.464363
2347 -0.086935 0.053964 1.157909
347 -1.183484 -1.224476 1.202025
101 -0.991302 0.131715 1.714805
1159 0.813757 -1.360857 0.713388
1922 1.043494 0.249850 1.355294
79 -2.663678 -1.376549 2.510088
874 0.423044 -0.443937 0.859333
575 1.158371 0.464811 1.805660
1390 -0.091980 -2.273430 0.717761
1110 0.038745 -1.488544 0.700688
244 0.381079 -0.653849 0.761599
149 -1.952195 -1.602111 1.693823
397 1.616277 -1.260912 0.972091
2039 -0.668587 1.355958 3.526028
906 -0.488438 -0.329616 1.042687
801 0.282017 -0.054078 1.002995
908 -0.518938 -0.321168 1.068708
1874 1.642951 -1.358013 1.018766
2629 3.792268 -0.762258 2.768626
588 1.027727 -0.194442 1.157341
1472 1.116217 0.477355 1.721320
2258 0.064090 0.051478 1.132169
1882 1.615343 -1.717902 0.923661
225 0.680760 -0.798046 0.722234
1914 1.375383 0.728559 2.218565
2086 -0.253556 1.764006 4.242428
1989 -0.011300 -0.004036 1.102701
998 -0.870061 -1.269138 0.952372
886 0.497056 -0.745863 0.698856
2036 -0.367875 1.224863 3.075858
2337 0.003224 -0.042881 1.058114
1275 0.355094 -3.435048 0.989618
2519 1.109591 0.204889 1.450865
1810 2.344872 -0.801602 1.597061
1811 2.224616 -0.786178 1.554546
1247 0.266737 -2.227921 0.706755
547 0.714089 0.375198 1.539468
1566 -0.505799 0.933487 2.694456
1385 0.834409 -4.054680 1.152549
2152 -1.573551 -1.900669 1.389878
55 -0.415360 0.038648 1.248610
1578 -0.579931 0.784162 2.468470
2057 -0.284618 0.858542 2.286536
2151 -1.887130 -2.376824 1.595595
2345 -0.126956 0.059402 1.092552
581 0.530935 -0.195162 0.933059
263 -0.531486 -0.257703 1.111179
143 -2.554720 -0.927821 2.473640
2525 1.638584 0.608732 2.258612
2529 1.789375 0.497542 2.255679
900 -0.438153 -0.590569 0.927239
700 1.255207 0.823759 2.341045
1015 0.132258 -0.777969 0.700755
217 0.031659 -0.019124 1.074632
1376 0.145770 -4.347709 1.257089
1435 1.060543 0.084372 1.330871
2573 2.274350 -0.786137 1.525886
349 -1.185244 -1.361335 1.214059
1016 0.243436 -0.680397 0.699667
2133 -0.735148 -0.388836 1.114384
1921 0.747734 0.210825 1.065612
560 0.599111 -0.294456 0.935114
491 -1.412628 -2.878994 1.333276
142 -2.881179 -1.362852 2.678958
1526 1.186068 0.557046 1.948517
2491 1.113952 -1.160503 0.786547
1301 2.357528 -1.582999 1.322083
1870 1.483056 -1.308877 0.901962
2295 0.710152 1.372420 3.132758
1289 2.633023 -0.811776 1.775779
2354 -0.232825 -0.326447 0.934038
2556 1.865467 -0.621218 1.301024
1339 0.944829 -2.895430 0.846012
789 0.154776 -0.092980 0.945304
2558 3.084604 -0.962273 2.073296
2555 2.452489 -0.858978 1.630160
1034 0.240498 -0.684022 0.735377
213 0.100749 -0.308297 0.931010
2035 -0.504678 1.212287 3.160093
1292 1.746853 -0.821483 1.136063
2419 -0.007200 -0.389952 0.850904
922 -0.575287 -0.487492 1.010199
892 0.036444 -0.666830 0.750000
234 0.286284 -0.409303 0.675367
1158 0.990962 -1.340328 0.771543
1897 1.672906 -1.704769 1.023376
2494 0.733805 -0.873250 0.699510
1036 0.210608 -0.922297 0.711261
53 -0.477004 0.240243 1.494956
205 -0.079122 -0.657463 0.754325
564 0.529889 0.004958 1.171200
2143 -1.862874 -2.214840 1.588962
1850 2.244168 -1.850821 1.249549
135 -0.471536 -0.623291 0.821014
471 -1.253285 -2.566008 1.199055
1302 2.919616 -2.263370 1.615390
26 -1.583660 0.493742 2.768329
2287 0.945308 1.732063 3.966300
894 0.012581 -0.481077 0.781159
2266 -0.042138 0.402548 1.533605
756 0.607529 0.758089 2.085927
2060 0.063919 1.333053 3.195326
39 -1.201783 -0.052687 1.810782
909 -0.876508 -0.547943 1.184596
2632 2.366007 -0.529748 1.749721
2131 -0.065641 0.004223 1.117644
2254 -0.335628 1.059872 2.756196
2430 0.551284 -0.361154 0.820229
783 -0.119340 0.090397 1.196869
562 0.120439 -0.019373 1.037942
996 -1.329966 -1.337097 1.253332
781 -0.151511 -0.342879 0.823218
2499 1.801915 -0.477398 1.423503
2274 0.550900 1.516537 3.526796
957 0.243616 -0.231727 0.802757
1424 2.063035 1.381480 3.752341
893 0.094912 -0.506429 0.766765
1790 2.731180 -0.888305 1.826696
1214 1.870005 -3.756744 1.255532
613 0.278957 -0.447077 0.793361
839 0.545888 0.201605 1.372072
1546 -0.351382 0.846877 2.429906
184 -1.239936 -0.891741 1.278858
451 -0.416947 -2.419836 0.863142
561 0.533710 -0.051807 1.077621
2503 0.904916 0.131300 1.235907
1022 0.122504 -0.501505 0.522165
1864 2.928524 -2.145782 1.636958
1065 1.175570 -1.372561 0.844897
2542 1.817844 -0.623575 1.355478
1915 0.899478 0.312572 1.339576
2616 3.874879 -0.973585 2.704425
706 1.500186 0.981838 2.680294
148 -2.274764 -1.419248 2.092791
718 1.097437 0.509230 1.815141
1436 1.041229 -0.146864 1.157831
2332 -0.090391 -0.230598 0.965342
2193 -2.046175 -2.823200 1.685538
565 0.043952 0.066292 1.087021
361 -0.793454 -0.654160 1.040221
286 0.240313 -1.693942 0.642625
2432 1.487996 -1.484181 0.925721
2068 0.056322 0.225292 1.191855
710 1.577586 0.911866 2.512570
741 0.655536 -0.022166 1.020587
473 -1.178627 -2.370459 1.153527
221 0.097132 -0.097361 0.955432
2346 0.563199 -0.191131 0.868603
2253 -0.081868 1.064329 2.624146
2044 -0.532995 1.322205 3.320495
1283 -0.143655 -2.146499 0.751487
2559 3.117943 -1.221517 1.979098
2316 -0.131777 1.516291 3.620619
978 -0.163022 -0.242256 0.866932
185 -1.499374 -1.712776 1.304340
982 -0.353917 -0.623722 0.821533
912 -1.472441 -0.204139 1.894047
1591 -0.098204 -0.126024 1.040564
1191 1.869995 -2.773816 1.089461
1456 2.631315 1.091320 3.731776
875 0.206794 -0.323438 0.881955
714 1.167265 0.697861 2.224155
1091 0.112512 -0.649588 0.789878
1183 1.730834 -2.579683 1.018770
1923 0.669270 0.296041 1.199875
493 -1.298321 -2.479662 1.209982
651 -0.077933 -1.079329 0.678460
2034 -0.126440 0.686401 1.873081
141 -3.048342 -1.453417 2.864719
1561 -0.309601 0.808901 2.321717
284 -0.101363 -1.121705 0.680549
728 0.637491 -0.288216 0.891900
1860 2.680240 -1.981786 1.497868
858 0.784128 -0.897757 0.721454
1782 -2.516853 -0.993823 2.438323
2648 3.257145 -0.789954 2.310461
594 0.156118 -0.294614 0.829556
59 -0.377479 0.105019 1.257136
711 0.916218 1.203168 2.795231
348 -1.128341 -1.072421 1.205356
856 0.542783 -0.709423 0.721762
1795 1.250795 -0.535042 1.011074
1930 1.228670 0.224448 1.534923
2116 -0.254627 0.443577 1.702444
308 -1.116685 -1.330999 1.169730
472 -1.316712 -2.337802 1.228723
1955 0.528435 -0.108284 1.059530
1215 1.457366 -2.896073 1.014222
2309 0.787555 1.451410 3.332749
1151 -0.181100 -2.338490 0.811519
924 -1.056579 -0.464563 1.367292
1750 -2.185088 -0.269701 2.695544
923 -0.926185 -0.469947 1.251218
566 0.391063 0.155347 1.155392
1953 -0.181353 0.070043 1.212769
1323 2.543580 -3.502012 1.424226
852 1.158099 -0.400260 1.028777
1796 0.194031 0.186836 1.180288
2428 1.030021 -0.662985 0.848631
1949 0.253958 0.198811 1.268004
2064 0.196656 -0.012438 0.875855
539 -1.459116 -1.920623 1.327101
1287 2.617965 -0.740086 1.764695
1048 0.189936 -1.185689 0.600589
2014 0.390443 0.296413 1.318241
46 -1.609970 0.558277 2.879776
2246 0.107744 0.579474 1.738919
2050 0.230406 1.816983 4.189240
2059 -0.173042 1.395881 3.395860
239 0.171671 -0.679791 0.790208
1931 0.768939 -0.090266 0.940569
2251 -0.022818 1.368794 3.293683
980 0.118525 -0.034588 0.879530
2557 2.492079 -1.006179 1.569478
309 -0.801491 -1.160396 0.934812
1114 -0.063183 -1.121562 0.669418
492 -1.177482 -2.773465 1.247816
2351 -0.534065 0.331882 1.695459
543 0.779883 0.418657 1.610172
1005 0.601465 -1.426556 0.658391
395 1.236346 -0.877852 0.836368
1920 0.885890 0.304304 1.341066
109 -1.179861 -0.503348 1.341957
2515 1.299632 0.062842 1.489283
660 -1.097535 -1.279084 1.027262
2308 0.639216 1.318616 3.006221
1538 1.321346 0.736764 2.335008
87 -0.583968 -0.674253 0.814595
20 -0.836827 0.812717 2.572017
7 -0.788062 0.402100 1.927819
2017 -0.605990 0.158606 1.415448
2288 1.153795 1.751368 4.053991
2255 0.055435 0.935371 2.329255
1816 1.933657 -0.554176 1.455399
1875 2.759142 -2.125190 1.539590
1430 0.950563 0.106183 1.246222
1026 0.087728 -1.147189 0.657446
2495 1.673202 -0.824428 1.141045
175 -2.606514 -1.968195 2.284968
287 0.244604 -1.424174 0.641597
1913 1.543731 0.786049 2.343150
2168 -0.698643 -1.370315 0.811630
9 -0.666270 0.419617 1.748408
654 0.219284 -1.077373 0.627038
2615 2.506218 -0.911328 1.601724
702 1.277924 1.297921 3.056081
385 1.184582 -1.434072 0.784818
713 0.696752 0.495026 1.609744
2236 0.202527 0.118612 1.150034
981 -0.069060 -0.123155 0.887334
1958 -0.120448 -0.251048 1.000204
494 -1.553719 -2.078080 1.312286
1047 0.297516 -0.729367 0.723428
945 0.380373 -0.404595 0.844327
8 -0.446218 0.160418 1.320007
721 0.326879 0.833623 2.112639
705 1.116464 0.973656 2.541689
1851 2.110087 -1.141215 1.278298
2541 1.868543 -0.698673 1.335224
2249 0.137472 1.043714 2.574862
2252 -0.000712 1.249481 3.033113
544 0.546562 0.644078 1.922321
1919 0.959918 0.383589 1.559657
1924 0.729746 0.655425 1.771279
2049 0.648661 1.297736 2.963417
709 1.713975 1.010196 2.863469
119 -2.169993 -0.674758 2.298318
2535 2.000439 -0.768339 1.309825
2490 1.413812 -1.406425 0.865248
699 1.336768 0.755499 2.181868
2433 1.656561 -1.648502 0.978547
1682 -1.777084 -0.037968 2.370695
2250 0.254113 1.087347 2.567855
695 -0.415599 -0.198420 1.126393
215 0.252992 -0.145750 0.957525
1171 1.248632 -2.041769 0.842431
1956 0.399258 -0.318607 0.858181
2554 2.488524 -0.925218 1.643698
1322 2.432514 -3.598503 1.403644
2069 0.128054 0.022611 0.932463
2429 0.516059 -0.417452 0.788850
2137 -0.553468 -0.882021 0.754547
2033 -0.194197 0.908776 2.375879
1372 0.600756 -3.517530 0.981201
375 -1.121856 -0.783363 1.253980
2181 -1.726656 -1.642715 1.471075
1054 0.518727 -0.911156 0.762844
2256 0.451718 0.314023 1.185632
1848 0.718856 0.865351 2.170790
1912 1.304684 0.292158 1.592994
1290 2.233016 -0.981320 1.440823
683 -0.301546 -0.674187 0.749318
2518 0.892901 0.119215 1.318822
2614 3.005869 -0.850077 2.076718
1023 0.094474 -0.839245 0.715233
558 0.943202 0.315755 1.605173
2228 -1.680883 -1.769375 1.484127
972 -0.653913 -0.755018 0.929675
2273 0.596839 1.172719 2.688150
1844 1.259453 -0.523333 1.013923
2241 0.134597 0.245834 1.338642
708 1.520667 0.943413 2.635396
582 0.709021 -0.124528 1.018434
1033 0.331703 -0.496651 0.737144
1777 -2.182847 -0.321213 2.559517
1017 0.245654 -0.680281 0.774921
1303 2.923425 -2.377025 1.558468
1004 0.691706 -1.339812 0.715411
601 0.645384 -0.172724 0.999044
1833 3.021723 -1.634408 1.794999
2628 3.235570 -0.677203 2.325400
2328 0.885299 0.406635 1.500929
1903 2.089017 -2.225749 1.170332
1112 -0.133263 -1.192581 0.732678
2188 -0.684346 -1.271056 0.878386
1011 0.554235 -0.838001 0.713307
1013 0.093403 -0.487377 0.760078
1174 0.696224 -2.856908 0.852894
842 0.169697 -0.170472 1.004701
2232 -1.936019 -1.847157 1.582295
1010 0.332610 -1.028546 0.613436
2481 1.173143 -1.257500 0.875794
1066 0.674507 -0.946655 0.725765
1845 1.616308 -0.411279 1.333769
2459 0.583445 -0.671479 0.711372
1014 0.013375 -0.793054 0.659069
848 0.386491 -0.064880 1.091163
1957 0.410048 -0.125323 0.982924
2626 3.099755 -0.660734 2.233643
918 -0.148139 -0.538297 0.819980
1208 1.544230 -1.795724 0.809063
661 -1.712028 -1.185614 1.519017
979 0.345994 0.056787 0.881274
653 0.351725 -0.847967 0.656620
917 -0.212646 -0.500040 0.878065
652 0.083566 -0.723683 0.684586
2029 -0.202313 0.198741 1.495427
1045 0.512257 -0.812811 0.762038
1209 1.157456 -2.115417 0.773044
2533 1.431694 -0.858078 1.030612
1948 0.243919 0.224869 1.369850
1038 0.392355 -0.933859 0.749094
1009 0.409422 -1.305287 0.563020
2240 0.390397 0.135957 1.111161
2602 2.934811 -0.701301 2.049076
685 -1.448884 -1.133423 1.375354
197 -1.917310 -1.738146 1.573391
686 -0.192942 -0.274152 1.007320
1006 1.026076 -1.059943 0.685702
1031 1.162889 -0.570629 0.785655
2534 1.932271 -0.803492 1.291787
2604 2.514163 -0.575106 1.743269
1681 -0.492757 0.157079 1.342573
1679 -1.466474 0.148483 2.182933
1680 -0.978050 -0.207490 1.397094
707 0.858720 0.731990 2.030349
85 -1.141677 -0.800386 1.058601
2239 0.242284 -0.081136 1.006379
2486 1.279734 0.257644 1.518844
1849 1.264179 -1.182420 0.821050
2507 1.198047 0.250547 1.548893
1408 0.308625 -2.252830 0.661116
2627 1.912678 -0.474214 1.368945
2506 -1.063984 -1.635629 0.911775
2508 1.088939 -0.876009 0.820147
1683 -0.566349 0.465752 1.749505
1032 0.314372 -0.708332 0.742203
2650 1.723777 -0.588080 1.199583
2603 1.599039 -0.407930 1.090573
