2536 3
1542 1.093361 0.376035 0.936788
1853 0.218330 0.776812 4.092486
1611 1.242479 0.378353 1.049627
130 2.183270 2.161288 -0.529918
1967 -0.265144 2.215545 -0.101008
1529 0.011714 1.431088 0.097361
1267 0.205272 0.950586 0.279243
1392 2.983528 1.234728 0.458059
1246 0.503853 1.853252 -0.335369
598 0.515385 0.411790 2.350100
1281 0.837752 0.883944 0.080537
1247 0.250226 1.687280 -0.166108
274 0.881925 6.279876 -1.478577
760 2.738492 0.342397 3.529771
1245 0.412180 1.470723 -0.115533
903 3.616663 0.520598 2.869989
536 -1.497989 2.085215 2.560793
1342 2.084880 0.888070 0.462837
1332 2.093836 0.824375 0.535981
608 0.670748 0.448937 2.864865
371 1.507459 4.643050 -1.314625
595 0.179906 0.573538 2.766003
396 -1.009451 1.539875 1.734011
1144 -1.692033 2.555684 1.863263
1953 -0.819628 2.741443 0.058358
1485 1.584913 2.312114 -0.642244
962 3.646958 0.533239 2.913247
1244 0.382096 1.708667 -0.207261
1266 0.652571 0.818172 0.160204
328 0.578732 4.333886 -1.015743
1240 0.023796 1.678600 -0.028389
1138 -1.049718 1.704630 1.407247
1195 0.620468 0.553696 0.650708
548 1.122697 0.539205 0.602298
2352 2.662841 1.208128 0.311319
969 2.786218 0.418944 2.304068
1800 1.145356 0.403708 3.919729
648 0.540310 0.429167 1.366654
1175 0.971672 0.707226 0.333228
1234 -0.034746 1.799914 -0.053113
1268 0.082834 1.405201 0.117933
1962 -0.616071 3.610674 -0.310971
1227 -0.122747 1.185084 0.196360
196 1.633171 1.542113 -0.277874
191 0.596866 0.680111 0.305836
2140 1.261747 0.368035 3.655330
1280 1.068741 0.904768 0.124583
2114 -0.677185 1.168662 2.503947
814 0.410307 0.662970 0.490214
2294 -0.060480 0.876221 0.642784
1231 -0.347745 1.764305 0.175314
32 1.103648 1.086143 -0.110280
1196 0.461194 0.618503 0.525322
146 1.503005 1.584316 -0.321402
2466 0.327316 0.903972 0.221518
2403 1.851775 0.939815 0.279288
1356 1.099656 1.200804 -0.209408
1271 0.303533 0.986034 0.169320
667 0.924014 0.314535 1.991882
1537 0.360189 1.165910 0.030899
336 0.668137 2.752468 -0.614092
1203 0.480169 0.650965 0.522754
1329 1.260569 0.857725 0.181834
985 2.209511 0.248846 2.816113
462 -1.503387 2.125979 2.383098
1642 2.034634 0.318253 2.185383
2364 0.718582 0.583346 0.491512
20 3.532484 2.836977 -0.648763
2406 0.846207 0.650627 0.431020
1206 0.429807 0.707882 0.457658
1627 0.676737 0.491940 0.807632
2259 0.287010 0.713836 0.592838
1454 1.685110 3.944927 -1.166307
1543 1.402236 0.272713 1.902372
1475 1.847361 2.761950 -0.823996
808 0.506642 0.454408 0.833183
1502 1.962194 2.751192 -0.779845
1161 0.386889 0.717960 0.414431
1447 2.361027 2.876734 -0.844633
1179 0.777453 0.746043 0.324079
430 -1.234866 2.031776 1.437121
1150 -1.857935 2.687158 2.319576
1809 1.406743 0.273991 3.298758
1250 0.489923 1.705603 -0.211588
320 0.585766 4.786212 -1.081150
1901 0.353555 0.632822 3.709145
405 -1.588228 2.293910 2.132071
1270 0.250945 1.151484 0.161094
1400 3.071844 1.915923 -0.211051
94 1.757156 4.063597 -1.225851
1211 0.161186 0.775243 0.449837
858 4.607245 0.879641 2.812036
1994 -1.221502 4.693910 -0.075088
1051 -1.161664 1.881631 1.149043
644 0.408869 1.020591 0.128771
2640 -1.456088 2.741295 1.015787
1213 0.000046 1.008726 0.479867
322 1.150594 6.327877 -1.549806
758 1.553676 0.265747 2.802121
1886 -0.275586 1.143759 4.755794
432 -1.607546 2.292866 2.395737
1210 -0.007141 0.934470 0.449459
1184 0.126114 1.074497 0.221919
1243 -0.158879 2.109173 -0.066195
524 -1.321170 1.845523 2.593083
877 3.248695 0.541480 2.277520
1077 -2.107864 3.343640 1.925712
1344 2.372847 1.045593 0.330169
1166 1.030684 0.661087 0.422900
2638 -1.642069 2.816077 1.324753
1448 2.207165 2.696790 -0.809541
1533 0.070091 1.533034 0.037765
2148 1.224843 0.475115 4.546394
819 0.987680 0.314912 1.343014
785 2.210008 0.376688 4.657241
780 1.779389 0.298896 2.992484
1470 1.060406 2.069346 -0.509845
1100 -1.400590 1.856097 2.981654
173 2.068036 1.506021 -0.195854
1527 -0.012009 1.498684 0.041660
291 2.010731 4.754467 -1.475073
1108 -1.104281 1.903680 1.096812
1972 -0.920279 4.897414 -0.298718
2106 -0.015038 0.603652 1.294847
2584 -0.108683 0.965108 0.491015
2060 -1.390130 1.975834 4.230825
1199 1.764671 0.694374 0.562367
1117 -0.227406 0.681012 1.296220
1187 0.338687 0.880405 0.298290
1264 0.116273 0.852577 0.472891
2122 -1.485744 1.996879 3.328395
465 -1.403339 2.102395 2.003767
19 2.912813 2.338409 -0.535569
2397 1.561382 0.475493 0.826921
2400 2.372207 1.262686 0.087613
1879 -0.603751 1.154120 3.624748
225 0.427074 4.225039 -0.960616
1097 -0.590055 0.967840 2.270453
2578 -0.635147 1.618426 0.590910
2296 -0.288318 1.034439 0.613693
1531 0.553408 2.329985 -0.460765
1655 0.657592 0.380856 1.516068
2103 -1.405836 2.031853 4.642031
201 -0.492427 3.750775 -0.352241
90 2.100895 3.103325 -0.977040
437 -0.696035 1.152789 1.351654
122 1.945941 1.968005 -0.467238
1129 -1.276966 1.968005 1.670259
516 -1.292551 1.854992 2.250113
214 0.555317 6.574627 -1.394667
1716 0.181216 0.492153 1.543341
910 4.732505 0.729739 3.758678
2055 -1.233778 1.747223 3.460447
825 1.712062 0.363856 3.848017
1765 -0.088283 0.630820 1.339638
1831 -0.262280 0.991854 3.897933
782 2.107669 0.372025 4.383187
2314 -0.348575 1.045538 0.721906
714 2.722693 0.363697 4.702559
1402 2.751209 1.291561 0.243944
948 3.897260 0.577324 2.923245
1568 1.343461 0.301702 2.383746
496 -0.520215 1.070367 0.816048
1263 0.207416 1.163003 0.204725
339 1.153948 4.769674 -1.246053
1754 -0.429083 0.924834 1.419448
385 -1.523275 2.263259 1.716434
2372 2.684178 1.230271 0.299096
1773 0.093240 0.682388 0.593467
451 -0.214160 0.801822 0.615877
378 0.980923 3.033154 -0.842029
1214 -0.022798 1.037651 0.448815
113 0.836534 1.159757 -0.123304
220 0.764149 5.926552 -1.349369
1968 -0.550922 4.043223 -0.390663
931 3.241097 0.710319 1.653721
2367 1.237948 0.785728 0.313642
1513 2.184283 2.937149 -0.831191
2043 -1.680085 2.256604 2.930052
905 4.059313 0.578974 3.293187
1164 1.201491 0.872829 0.212900
664 1.545061 0.324326 2.211341
194 0.526179 0.503042 0.649321
1232 -0.017351 1.330648 0.177510
1035 -1.111032 3.023964 0.286943
2382 2.415480 1.063223 0.349324
1862 -0.258145 1.044594 4.362663
1839 -0.254953 0.826978 3.135319
2608 -1.024750 2.331787 0.617028
2204 0.567795 0.471308 3.596631
866 4.012421 0.634716 2.825791
2065 -0.116428 0.584929 1.296730
2426 0.719008 0.638204 0.424092
277 0.496014 5.978878 -1.261515
1671 0.145564 1.143419 0.243637
2274 -0.098179 0.861883 0.683223
533 -0.285948 0.831632 1.273777
1024 -0.934208 1.619184 0.925143
1628 0.393821 0.592110 0.740970
1771 -0.389917 0.952455 1.192145
2258 0.173361 0.672863 0.861080
968 2.390675 0.373679 2.105524
1160 0.181580 0.736417 0.507041
1575 1.679313 0.262118 2.512123
2039 -0.818893 1.344005 3.266322
2408 0.791852 0.603024 0.417774
64 2.805999 2.931359 -0.870203
2301 -0.291077 1.232170 0.551311
1276 0.140933 1.542796 -0.011291
1810 1.139543 0.284846 3.167390
447 -0.752314 1.299276 1.387341
897 3.138383 0.438147 2.905545
720 0.769890 0.474834 0.593336
208 0.363885 2.677742 -0.561733
1477 1.147321 1.857301 -0.410004
2452 1.561536 0.703471 0.471917
316 1.341385 5.536342 -1.490492
1864 -0.493213 1.113405 3.755762
1258 0.051037 1.451145 0.061957
1573 1.504360 0.302642 2.078019
429 -1.484481 2.285817 1.866553
2048 -1.688532 2.326295 4.273515
2565 -1.629758 3.172765 1.094249
1473 1.826267 2.857888 -0.891122
1269 0.386010 1.159647 0.090036
2121 -1.299525 1.835780 3.633131
830 1.453747 0.388780 3.786866
2621 -0.596664 1.752538 0.407931
1078 -1.108560 1.776034 1.285911
1185 -0.030031 1.102851 0.200223
2598 -1.587721 3.078271 1.029139
2201 1.111494 0.407278 3.966347
2019 -0.995585 4.995965 -0.258000
1274 0.199344 1.099168 0.171810
944 2.945009 0.347433 3.205883
764 3.050985 0.389304 3.630664
192 0.603712 0.832895 0.171279
370 1.306068 3.342300 -0.963945
1768 0.372148 0.614982 0.564284
2083 -0.710474 1.306625 4.060503
1526 0.097388 1.590136 -0.010632
266 0.297699 6.058193 -1.209816
1674 0.384304 0.849694 0.247654
2475 1.318244 0.771530 0.344435
2641 -1.384798 2.518335 1.100030
166 1.634920 1.402395 -0.232306
1369 0.842011 1.427385 -0.238618
1304 0.700607 1.532836 -0.355588
1312 4.206331 1.480586 0.823369
2010 -0.471982 4.995840 -0.611509
1482 2.203294 3.223871 -0.978245
1207 0.493706 0.666632 0.398102
1523 0.103122 1.011615 0.169644
2620 -0.284976 1.482690 0.181356
939 2.980982 0.420898 2.924281
1257 0.057372 2.099389 -0.177613
519 -1.200067 1.745690 2.101597
1056 -1.031458 1.936361 1.043061
1657 0.865288 0.517968 0.907447
2642 -1.910182 3.454282 1.349892
1226 -0.328396 1.923203 0.096519
1722 0.016918 0.629376 0.847703
911 4.222006 0.603616 3.434791
956 2.124957 0.255626 3.190199
154 2.697284 2.141481 -0.415492
2165 0.141149 0.540926 1.419222
1558 1.152673 0.305563 1.860669
941 3.536599 0.462754 3.551777
383 -1.196979 1.853313 1.686825
2153 0.749840 0.645284 4.522710
262 0.723805 5.963750 -1.366813
2157 0.700782 0.465106 3.276326
1260 0.347706 0.881801 0.298677
818 0.676136 0.528581 0.715246
1255 0.664447 1.953683 -0.371133
1545 1.541859 0.342975 1.656673
1343 2.457322 1.043168 0.427130
1272 0.326399 0.924095 0.200163
1736 -0.209663 0.779602 1.051490
178 0.885106 0.847052 0.156581
594 -0.143051 0.767405 2.839722
1265 -0.035977 1.078785 0.223853
354 1.156948 4.508725 -1.244578
2359 1.278552 0.869248 0.164907
2139 0.526780 0.435951 2.970023
1180 0.558206 0.926566 0.216739
1242 0.234324 1.354051 0.023252
246 -0.662650 6.085239 -0.720858
1829 0.666005 0.355422 2.637554
2008 -0.567936 4.910236 -0.517589
776 2.605757 0.313192 4.188523
226 0.017834 4.533137 -0.832371
1279 0.692305 0.731128 0.307152
1331 2.141347 0.986334 0.251191
763 2.755862 0.355836 3.327721
2395 1.795693 0.692062 0.545823
394 -2.025886 2.773073 3.143210
1927 -1.159177 3.950724 0.115833
2116 -1.645018 2.249023 4.067369
358 1.463658 5.490551 -1.485849
2203 0.614658 0.492508 3.819853
340 1.275862 4.414725 -1.246663
865 4.070876 0.638460 2.923060
2566 -1.020118 2.349664 0.613118
946 3.662255 0.525932 3.289383
2292 -0.382899 1.170784 0.682508
607 0.624379 0.440456 3.046785
603 0.344821 0.518013 2.661196
901 2.533208 0.369487 2.467059
1414 0.618042 2.831837 -0.695209
133 1.633584 1.760064 -0.414882
1497 2.492787 2.841024 -0.816914
2398 1.905783 0.468164 1.076545
812 0.322675 0.550109 0.723819
2006 -0.558663 3.228650 -0.140470
2618 -0.886239 1.930587 0.604296
957 3.438062 0.489784 2.899781
2636 -0.832901 1.722668 0.876665
134 1.634212 1.292647 -0.124266
480 0.308975 0.634990 0.526644
2123 -1.367700 1.852083 3.173915
2078 -0.932950 1.322879 2.216168
467 -0.681206 1.214343 1.287926
641 0.892310 0.461827 1.016855
463 -1.596107 2.296156 2.232099
2197 1.038105 0.430497 3.868689
504 -1.913833 2.853432 2.188365
459 -1.681281 2.336824 2.202549
1081 -0.298094 0.735328 1.321714
1098 -0.636296 1.013667 1.809799
1253 0.353076 1.925890 -0.235906
282 1.179670 5.393217 -1.409784
1191 0.425731 0.804365 0.432275
2427 0.711304 0.687992 0.341180
2066 -0.479534 0.910995 2.346891
655 0.440305 0.467340 1.185050
99 1.649302 1.302538 -0.145690
952 3.347299 0.457922 2.879115
1219 0.505126 0.930735 0.202141
359 1.642958 4.938450 -1.436501
1132 -0.999166 1.647984 1.364287
1936 -0.940332 3.777057 -0.057232
1116 -0.983663 1.576729 1.349503
2425 0.398159 0.723541 0.408184
332 0.961785 5.239774 -1.278735
811 0.413459 0.731883 0.430375
1991 -0.645163 3.713963 -0.276881
1934 -0.981459 4.733180 -0.235277
2463 0.219239 0.957931 0.311903
1609 1.237028 0.347591 1.234734
140 2.866258 2.811059 -0.765377
2624 -0.360887 1.340746 0.315855
389 -1.859759 2.591880 2.922766
1273 0.323473 0.897237 0.261494
2044 -1.183030 1.608441 2.659844
1186 0.323834 0.793675 0.415603
2443 0.982279 1.109427 -0.038165
1618 1.086457 0.357533 1.169222
164 2.927474 2.496325 -0.587631
431 -1.283528 1.892304 2.091341
771 2.823555 0.413045 2.500503
2435 1.729906 1.986546 -0.544933
730 1.155007 0.326800 1.781910
2091 -0.481805 1.199126 4.482900
974 3.154439 0.517296 2.214892
438 -0.830768 1.392796 1.475085
943 3.587889 0.519928 3.066349
2061 -1.353371 2.022710 4.803434
1653 0.188082 0.641074 0.892546
618 0.890385 0.406687 1.292467
1741 -0.349426 0.782886 1.769363
2390 1.393490 0.848114 0.280562
2027 0.001488 4.480024 -0.781064
1548 0.797518 0.544899 0.123529
425 -1.848073 2.774361 2.127450
2304 -0.241051 1.065243 0.623599
857 4.672981 0.917031 2.600149
1248 0.309420 1.591128 -0.117722
2310 0.172096 0.662162 0.883616
2263 0.077987 0.602377 1.177673
2360 1.640391 0.930669 0.235176
2607 -0.213898 1.587052 0.060809
2520 -1.544748 2.995981 0.967409
1335 3.763107 1.378196 0.799227
1484 1.852824 2.331479 -0.670494
1884 -0.469039 1.220918 4.508720
1212 0.111659 0.808596 0.504869
2354 2.825385 1.392584 0.128534
1885 -0.140427 1.086323 4.852508
2399 1.633258 0.659945 0.517853
1855 0.595862 0.470539 3.354831
2365 0.485269 0.676868 0.426896
2303 -0.172791 1.516559 0.233104
1978 -0.621809 4.966048 -0.572694
2568 -1.746850 3.631604 0.974956
1516 0.715738 1.539374 -0.291930
1439 1.186833 2.788856 -0.752899
1230 -0.093216 1.385742 0.183634
2409 2.033269 1.079136 0.206579
136 0.656054 0.670382 0.187251
574 0.801182 0.348561 2.568421
2067 -0.575713 0.942642 1.223532
573 0.817818 0.382018 2.591469
2150 0.724376 0.355517 2.948836
357 1.259714 4.887373 -1.333684
377 1.163321 2.775440 -0.743790
2313 -0.832508 1.578817 0.910709
1979 -0.570967 4.156429 -0.415273
2349 1.065108 0.499914 0.570464
2476 0.788462 0.659971 0.375414
899 3.007911 0.499606 2.378413
1438 1.709241 3.137288 -0.926258
518 -1.529184 2.132976 2.477549
1277 0.042885 0.721877 0.529541
2404 1.026738 0.746477 0.337955
838 1.134372 0.287538 1.989352
1328 1.894543 1.012972 0.183284
1237 0.048057 1.755414 -0.044704
1052 -1.458966 2.020140 1.928262
464 -1.701861 2.473942 2.359789
2017 -0.908400 4.963700 -0.344821
2453 1.645908 0.905027 0.288992
636 0.800667 0.391289 1.426266
92 2.266178 4.529949 -1.401553
887 2.539716 0.324232 3.217508
230 0.563642 4.398304 -1.019092
921 2.990331 0.333603 3.437763
335 1.190034 4.369324 -1.147786
1984 -0.077110 3.583665 -0.604073
1293 3.259428 1.351501 0.478891
513 -0.589573 1.029813 1.900491
1449 1.859295 3.835231 -1.167413
836 1.443830 0.294563 2.375561
167 1.632018 1.160040 0.013531
2637 -1.256140 1.896337 1.488746
955 3.043128 0.357570 3.594431
879 3.126930 0.511089 2.134585
499 -0.845052 1.559273 0.983497
2564 -1.459491 2.650291 1.133131
2530 0.066018 1.044689 0.277011
1467 0.135648 1.221842 0.122474
1488 0.701792 2.730520 -0.663078
1743 -0.195405 0.750750 1.089650
1603 0.567159 0.445327 0.864240
369 0.750663 3.861529 -0.942966
1104 -0.898278 1.573432 0.878848
1034 -1.268778 2.834002 0.522785
1613 1.342263 0.288347 1.652935
2619 -0.699449 1.739864 0.575250
326 0.062886 4.310882 -0.814688
563 0.565415 0.904175 0.247109
624 1.024489 0.301992 2.047360
1625 0.844512 0.384663 1.222105
2146 1.026962 0.460337 4.071293
174 1.681371 1.408181 -0.170507
1282 0.064168 1.232434 0.199672
439 -1.350220 1.893442 2.113888
2355 1.855526 1.045752 0.161817
1894 0.268133 0.429943 2.411594
2074 -1.223715 1.772284 3.847947
2206 1.360366 0.479463 4.669459
2231 0.659410 0.502594 3.580943
900 2.143252 0.360084 1.889098
2371 1.594600 0.846932 0.282435
1664 0.137016 0.875727 0.446069
1767 -0.135315 0.813049 0.898251
2464 0.017285 1.193523 0.276101
2647 -1.618749 2.827043 1.181128
2447 1.946191 1.121800 0.173630
1455 1.727618 4.370778 -1.253606
954 3.370044 0.384652 3.649369
942 3.805228 0.506454 3.476503
1658 1.007581 0.454962 1.076204
1182 0.388634 1.067308 0.144636
1198 0.701702 0.662942 0.462940
530 -0.548041 1.012750 1.432671
2023 -0.777504 4.533108 -0.316964
445 -0.198737 0.851216 0.699498
1834 0.150958 0.749555 4.034461
1468 0.331942 1.247559 -0.031243
1586 1.158728 0.284068 2.184202
1201 1.328950 0.695519 0.462442
2538 -0.778897 1.295523 1.279120
639 0.983794 0.532664 0.693132
171 1.640570 1.324141 -0.108896
815 0.189582 0.844772 0.321313
2181 0.850950 0.743473 5.115439
2336 -1.095462 1.788699 1.536562
1524 0.195901 1.328579 0.007755
2167 -0.082542 0.655761 1.902545
209 0.533801 4.577721 -1.008419
156 2.262059 1.600283 -0.174027
1867 -0.605155 1.008313 2.465616
231 0.197089 4.087744 -0.831972
1068 -1.420410 4.185304 0.229852
1769 0.140692 0.628540 1.130888
2412 2.873930 0.715367 1.204818
551 1.287878 0.460670 0.899966
1550 1.483953 0.704388 0.239497
937 2.772067 0.395249 2.854050
210 0.881232 4.479568 -1.090433
152 2.270979 2.297006 -0.567713
1299 3.624451 1.300694 0.773861
1321 3.449664 1.465870 0.450436
508 -1.209132 1.715934 2.374599
2099 -1.448418 2.042114 3.971288
2601 -0.318159 1.408794 0.340873
2102 -1.149357 1.705685 3.955485
996 2.678550 0.349080 2.967748
862 2.424771 1.164698 0.097838
768 2.995211 0.454301 2.861788
971 1.823800 0.253753 2.029723
424 -1.440951 2.217242 1.828900
2521 -1.589853 3.262362 0.864716
896 2.999463 0.396216 2.738737
597 0.951354 0.312220 2.303246
645 0.326114 1.151794 0.031894
895 4.074462 0.543541 3.745710
1205 0.816778 0.308543 1.557051
345 1.297430 4.863248 -1.321526
37 1.338357 1.291980 -0.212023
1422 1.076097 2.726144 -0.734631
469 -0.332523 0.825469 1.174807
2610 -1.032582 2.316136 0.664813
523 -1.526187 2.093047 2.434585
1532 0.138817 1.683044 -0.058220
1492 0.952845 3.003978 -0.779002
1478 1.596862 2.286968 -0.644775
1060 -1.989792 3.299793 1.731047
1087 -0.746709 1.175621 1.245343
1652 0.442567 0.465220 0.981819
1648 1.210738 0.316135 1.685633
544 1.216658 0.783206 0.256313
60 3.211204 2.903291 -0.758304
2645 -1.741520 3.183361 1.203069
485 0.400287 0.428142 0.904618
127 3.100200 2.772339 -0.718890
1822 0.469057 0.428407 2.298083
436 -1.193867 1.739893 2.013625
762 2.378942 0.323205 2.974401
2011 -0.501105 3.258952 -0.243893
583 -0.344713 0.866749 2.279656
117 0.749587 1.391895 -0.240518
2633 -1.717046 3.142061 1.287327
1727 0.150187 0.553104 1.435686
1900 0.458014 0.539040 3.166035
1620 1.779373 0.307654 1.779231
2168 -0.040328 0.635814 1.750744
22 2.912996 2.590243 -0.675649
162 2.683142 2.485357 -0.612405
2226 0.189797 0.501317 2.256380
2169 0.044151 0.679828 2.886076
1340 2.319122 0.764512 0.613018
546 0.840988 0.689118 0.410954
2058 -1.287471 1.868761 3.927538
1460 0.648291 2.175821 -0.474193
1812 1.027364 0.313643 2.897048
1584 0.368185 0.433539 1.325194
1519 0.321777 0.928187 0.133509
1256 0.162938 1.867116 -0.143702
1080 -0.587639 1.066091 1.200400
2185 1.519620 0.494810 5.004880
1050 -1.022508 1.461113 1.631036
634 0.986864 0.361743 1.529272
2401 0.790620 0.602843 0.051842
2219 -0.027275 1.070553 5.130591
2098 -1.107517 1.575375 3.188046
1222 -0.249005 1.997260 0.017673
211 0.600818 4.180050 -0.967067
495 -0.315312 0.764165 2.324466
2007 -0.777597 4.264775 -0.257703
1639 1.406890 0.328095 1.518207
1121 -1.455369 2.090182 2.078080
1336 4.271399 1.597665 0.829282
1177 0.799727 0.790572 0.252920
1399 3.224157 1.814790 -0.055377
1394 3.149526 1.342069 0.451423
2089 -0.133538 0.803370 3.547316
1483 2.265403 2.929350 -0.911442
2024 -0.893091 4.984252 -0.343933
976 3.845056 0.509875 3.520673
1162 0.787064 0.771511 0.282381
1259 0.147882 1.310310 0.132795
298 1.425554 4.736854 -1.373725
626 1.727557 0.313835 2.874241
2224 0.626608 0.401927 2.869706
180 1.337884 1.323903 -0.175309
75 1.920060 3.710930 -1.185672
2013 -0.799060 4.741494 -0.336731
1016 -0.543418 1.213651 0.752189
2129 -0.275859 0.716703 1.670480
2312 -0.397362 1.131380 0.612331
821 1.605310 0.283150 3.070871
2282 -0.287149 1.044452 0.662913
1461 1.293880 3.573789 -1.013635
1350 2.920164 1.247669 0.333170
1512 1.616279 2.270990 -0.599595
1235 -0.092700 1.977248 -0.056556
487 0.391559 0.701465 0.422217
860 4.726779 0.901454 2.886680
343 0.867217 4.648494 -1.182903
234 1.125689 5.916234 -1.496751
337 1.131814 5.095825 -1.311584
1149 -2.052439 2.836824 2.822582
2393 0.513663 0.693182 0.303110
2368 2.543661 1.215870 0.249383
1261 0.252211 1.275148 -0.005969
2609 -1.479661 2.673511 1.123276
1874 -0.637180 0.997471 2.595541
1183 0.367262 1.024627 0.186195
2322 -0.751626 1.463167 0.913421
2025 -0.692124 5.318202 -0.549877
1689 0.511223 0.693771 0.414706
2108 -0.223359 0.705151 2.128846
228 0.633657 2.659515 -0.667918
1959 -0.402878 2.691990 -0.176504
1854 0.098768 0.826252 4.111499
687 0.122680 0.580941 1.022915
534 -0.237729 0.756035 1.336079
2248 0.561992 0.491228 0.879879
1310 3.746642 1.467431 0.545415
517 -1.716133 2.347713 2.755646
229 0.588835 3.580366 -0.830207
2138 1.119874 0.440078 3.905119
2363 1.345817 0.716781 0.442241
1373 0.860424 1.003647 -0.082303
2213 0.830293 0.572845 4.506258
810 0.638715 0.589153 0.550015
1444 0.764704 1.918256 -0.430928
794 1.792526 0.258339 2.687846
1928 -1.213972 4.078494 0.117792
2195 0.489486 0.473778 2.977268
302 1.878157 4.931701 -1.478740
153 2.094152 1.562544 -0.210723
783 2.156296 0.306781 4.020076
48 2.853338 2.549067 -0.618700
1238 0.250080 0.939841 0.075985
433 -1.632692 2.298337 2.398027
663 1.713547 0.315151 2.172678
1643 1.377296 0.302502 1.568791
577 1.044859 0.333319 2.669908
816 0.335408 0.719380 0.385720
2648 -0.873380 1.971759 0.702632
105 2.373600 2.319400 -0.569303
904 2.787709 0.353074 2.870480
1353 2.604535 1.354860 0.113662
315 1.266639 5.022048 -1.336398
2053 -1.483871 2.036329 3.352168
413 -1.546667 2.210521 2.094498
1469 0.151956 1.122520 0.067991
442 -0.565626 1.049659 1.592757
2473 0.569090 0.701620 0.399244
1980 -0.426605 3.288924 -0.296992
767 2.936644 0.387813 3.097106
1804 -0.246021 0.954232 3.946369
267 0.176342 5.401475 -1.051461
867 4.060272 0.640441 3.002463
2120 -1.343612 1.940625 3.931055
311 0.514049 3.868611 -0.930983
1390 2.650663 1.136661 0.408659
615 0.653345 0.445171 0.832584
633 0.805423 0.360638 2.121717
497 -1.033148 1.432793 2.150213
826 1.575948 0.369974 3.932783
1559 1.096915 0.285747 1.786684
938 3.715570 0.516291 3.241318
318 0.307288 5.171041 -1.082788
671 1.119006 0.371408 1.862536
123 1.976654 1.871006 -0.416525
1634 0.754475 0.364992 1.566922
2305 -0.286335 1.296654 0.474365
270 0.216538 4.977017 -1.000480
1306 0.237425 1.270544 -0.126509
2595 -1.800129 3.737801 1.082889
353 1.114265 4.413023 -1.150204
786 1.995244 0.361653 4.497737
1918 -0.079501 2.261130 -0.194259
1711 -0.222152 0.742287 2.281199
2547 -0.415451 1.246418 0.481274
1466 0.515566 1.738249 -0.290838
1757 -0.565016 1.009452 1.125061
2026 -0.384453 5.307812 -0.733832
2260 0.100342 0.964766 0.249511
756 2.582158 0.357838 3.684765
1654 0.564918 0.480233 0.989008
2200 1.261878 0.248471 2.741824
2222 0.299367 0.773030 4.525457
638 0.766484 0.476649 1.049184
481 0.874382 0.538613 0.654426
1672 0.221236 0.909523 0.365655
2175 0.500522 0.458114 3.269807
2362 0.624724 0.679004 0.341215
333 1.287338 5.559752 -1.399025
2262 0.282717 0.651844 0.484698
2407 1.717155 0.754984 0.477516
2392 2.042453 1.491245 -0.192965
2042 -1.118978 1.587728 3.287730
1145 -1.554174 2.218496 2.136569
1165 0.905968 0.800657 0.257982
829 1.788077 0.378695 4.366430
352 1.074705 4.426310 -1.137822
2072 -0.840625 1.324697 3.669775
2196 0.839955 0.539767 4.081807
1644 2.682165 0.383066 2.614269
2634 -1.738551 3.001142 1.398378
39 2.011460 2.635721 -0.811322
846 1.088619 0.341901 2.840248
2118 -1.258317 1.671557 2.679265
753 3.659076 0.431784 4.535500
840 0.912547 0.307068 2.504261
631 0.343673 0.489753 1.826904
766 3.199669 0.385372 3.664313
2056 -1.161554 1.706299 3.977490
1327 2.015783 0.955335 0.292946
327 0.203670 5.039506 -0.980705
1608 0.798030 0.309396 1.501267
1156 -0.368608 0.900598 0.953602
1781 -0.174901 0.705583 2.357910
256 0.446390 5.818852 -1.202713
163 2.647056 2.402766 -0.604419
2519 -1.430916 2.705336 0.967040
426 -0.749457 1.421523 0.928720
1718 0.316755 0.454112 0.965138
1528 0.123254 1.301284 0.110469
934 1.183259 0.538204 0.614258
261 0.905702 5.697472 -1.418792
260 0.777191 5.059264 -1.200841
1896 -0.270577 0.826747 3.130970
2457 0.523189 0.716082 0.349810
1131 -1.438731 2.149179 1.819535
1278 0.318080 0.847073 0.340420
2575 -1.060899 2.142039 0.838203
1046 -0.886077 1.720684 0.662893
88 1.280393 1.760683 -0.472161
272 0.576470 5.511580 -1.225750
2194 0.643662 0.396881 2.789285
235 1.015786 5.707929 -1.422629
141 1.810483 1.908513 -0.461100
193 1.177168 1.046349 -0.005064
647 0.711165 0.432260 1.393076
265 0.126116 5.441504 -0.988446
2321 0.046484 0.715649 0.852506
168 1.259418 1.033202 0.073803
1571 1.468306 0.295558 2.001137
752 2.515494 0.335385 3.095829
2630 -2.124418 3.909293 1.527063
1346 0.561495 1.305258 -0.259017
1645 0.896527 0.317866 1.344432
1646 0.557047 0.398692 1.311277
1807 0.894483 0.337348 3.106243
1239 0.581702 0.563116 0.485652
2170 0.070702 0.623864 2.751551
1734 0.301879 0.695887 0.459577
2057 -1.222208 1.736462 3.605443
1789 2.285314 0.278335 3.027458
997 3.796871 0.468849 3.521537
1220 0.319517 1.424266 -0.001268
137 1.342647 1.731533 -0.371072
1535 0.292307 0.839727 0.355237
738 2.709451 0.328130 3.603115
397 -1.571878 2.293111 2.238330
165 2.304054 1.867520 -0.384087
2616 -1.426121 2.740502 0.976101
761 2.073828 0.289558 2.333336
1514 1.098837 1.523665 -0.326738
2221 0.247699 0.835964 4.807676
1102 -1.006782 1.489157 1.387720
466 -1.252908 1.759743 2.095546
1623 1.017802 0.568891 0.416010
525 -1.229719 1.731120 2.672852
1106 -1.639270 2.833924 1.285832
2297 -0.874918 1.553228 1.067681
935 2.152759 0.357532 1.958611
217 0.340266 6.086538 -1.222389
2119 -1.595766 2.097759 3.658402
1178 0.472066 0.803374 0.184348
2141 1.179150 0.409549 4.030549
1442 0.750074 2.315142 -0.543252
1075 -1.578206 2.394146 1.771640
2451 1.420236 1.218669 -0.057512
1083 -0.728500 1.123073 1.274609
2285 -0.401231 1.147392 0.639247
363 1.631920 3.704279 -1.093309
2040 -0.955372 1.508702 3.825778
2527 -0.246764 1.100043 0.425125
1828 0.578460 0.623039 4.366002
617 0.845441 0.411111 1.184825
2599 -0.732972 1.886779 0.532265
2125 -1.224632 1.703879 3.285548
450 -0.410321 0.979421 0.841681
2468 1.063336 1.310523 -0.129890
1865 -0.494204 1.136471 4.018770
1640 0.444197 0.372970 1.148716
1358 0.763242 0.606025 0.178801
1622 0.878150 0.490038 0.573076
2552 -1.088794 2.096627 0.693768
170 1.871045 1.292514 -0.018344
681 0.822552 0.648410 0.504620
1236 -0.033336 1.921258 -0.081876
1025 -0.716743 1.282924 1.072322
1405 1.938734 0.660720 0.630859
980 1.148011 0.243922 2.197586
1128 -1.151160 1.803369 1.557846
2081 -1.042722 1.507259 3.455633
2093 -0.505965 1.087525 3.881961
927 3.286831 0.447922 2.838531
2112 -0.118164 0.696661 1.917441
1082 -0.955135 1.419006 1.873964
1169 0.088413 1.255230 0.177180
43 2.070525 2.408144 -0.706196
1891 0.238568 0.512154 2.995808
813 0.310509 0.752502 0.434218
677 1.015738 0.386400 1.424805
1252 0.289985 1.772038 -0.161919
659 0.902548 0.402480 1.408134
959 2.746024 0.403137 2.412953
452 -1.172703 1.738805 1.804195
247 -0.561870 5.764095 -0.728797
304 1.486009 4.719543 -1.356693
2358 0.520349 0.912207 0.016420
1368 1.882205 1.905897 -0.562368
2622 -0.819553 1.611045 0.625196
2159 0.731079 0.449118 3.376362
1500 2.344175 3.002048 -0.853650
2405 0.654612 0.716995 0.274149
1570 0.879874 0.364993 1.440125
1493 2.097221 2.589482 -0.735101
2581 -0.421888 1.347722 0.395706
2177 1.162431 0.408420 3.987364
1873 -0.426941 1.140606 4.404684
2113 -0.294290 0.735064 1.199589
2347 1.243456 0.724673 0.337824
2423 1.040425 0.475828 0.546144
1660 0.835422 0.443186 0.912095
72 1.642093 2.542107 -0.782652
1710 0.154880 0.472879 2.199383
2156 0.782468 0.669166 4.727122
393 -2.108764 2.866723 3.100656
1725 0.370647 0.417295 1.347591
1300 4.758729 1.700568 1.011638
642 0.637760 0.578884 0.783646
289 0.382681 4.497046 -0.966633
621 0.655362 0.381701 1.393547
1223 0.064989 1.282178 0.183260
1308 3.571673 1.414975 0.560541
1404 1.014228 0.267813 0.983501
2307 -0.442959 1.590478 0.360234
2171 0.406271 0.468342 2.627122
2389 0.148896 0.791884 0.178854
625 1.613922 0.300178 3.071712
1860 -0.209118 0.801553 3.058778
132 2.258857 2.092414 -0.493139
1647 0.672999 0.350703 1.583823
1974 -0.659554 2.635066 -0.009763
1476 1.449119 2.129175 -0.560537
1673 0.221737 0.810582 0.269149
155 2.280699 1.631641 -0.242106
2394 0.488369 0.831033 0.244440
2217 0.255502 0.841666 4.905096
1929 -0.441917 2.443925 -0.114073
1471 2.186474 3.801265 -1.144281
503 -1.817589 2.636094 2.302784
949 3.992725 0.663371 2.767258
372 1.240844 4.106377 -1.103370
1200 1.502111 0.653045 0.570619
1970 -0.517821 3.290419 -0.241503
1251 0.413616 1.643509 -0.218270
1565 3.061949 0.381454 3.351994
1347 0.756330 0.620988 0.324339
1357 1.218107 1.002501 -0.030819
520 -1.370152 1.976962 2.260077
1073 -1.431980 2.398055 1.225209
1890 -0.398565 0.952380 3.214195
330 1.111707 4.777581 -1.244958
1553 0.715435 0.802578 0.044189
2375 2.207363 0.984082 0.342767
947 3.062848 0.382353 2.726948
341 1.128000 3.874790 -1.031537
1511 1.376026 2.414257 -0.672055
65 1.690031 2.022292 -0.571448
2306 -0.347355 1.499998 0.364452
2051 -0.236552 0.689884 0.658165
1709 0.062434 0.578726 1.676134
1572 0.856281 0.380833 1.058843
679 0.796596 0.398485 1.474968
1440 0.957887 2.619408 -0.696502
1877 -0.485747 1.179979 4.306560
961 3.690561 0.546791 3.295234
951 4.284013 0.629931 3.470745
657 0.761558 0.319484 1.875628
2261 0.221526 0.712840 0.409191
1605 1.612773 0.318253 2.051882
4 3.623291 2.621783 -0.514684
2298 -0.582559 1.191609 0.868929
1446 2.236825 2.782991 -0.815078
184 1.467804 0.981479 0.130592
2176 0.612168 0.368084 2.733140
1650 0.306368 0.432286 1.418002
986 3.094581 0.369197 3.216903
106 2.667003 2.568035 -0.664828
1577 1.877716 0.318090 2.411693
1977 -0.454838 2.811446 -0.115280
902 3.033027 0.444509 2.596707
693 -0.280278 1.042305 0.725571
44 1.274929 1.678377 -0.398078
1996 -1.123296 4.491965 -0.113178
1576 1.590607 0.344472 1.956644
2450 1.541169 0.965936 0.197058
1118 -0.605685 1.069256 1.371262
268 -0.173440 3.402287 -0.466247
1868 -0.155184 0.988315 4.469205
2223 0.390110 0.612159 3.801111
36 1.691632 1.244395 -0.144271
1376 0.943306 4.072366 -1.020566
2257 0.076379 0.731742 0.778004
1229 0.037578 0.794587 0.504108
1774 -0.150419 0.802680 0.874878
1295 1.061216 0.590626 0.214611
157 1.311027 0.793609 0.182064
2381 1.785169 0.927225 0.280355
1313 3.428347 1.523234 0.311594
2383 2.099769 0.990340 0.304650
1330 1.649397 0.959183 0.143884
1147 -0.588529 1.255500 0.836868
1398 3.291145 1.357861 0.487472
2015 -0.190714 2.414194 -0.215693
1780 0.074086 0.626448 2.454775
1562 1.631549 0.243045 2.532722
51 2.146333 1.960235 -0.441909
1011 -1.342605 3.355822 0.442864
2144 1.056899 0.269853 2.630486
443 -0.775160 1.281083 1.530413
1462 0.474061 2.312307 -0.498307
1348 1.755127 0.726902 0.471635
797 0.447025 0.378809 2.278944
2540 -0.348910 1.086569 0.530820
963 3.043202 0.402092 2.640705
2012 -0.462875 4.634691 -0.526921
2448 1.674261 1.056317 0.108645
1952 -0.927450 2.834275 0.162712
605 0.320756 0.587036 3.319759
889 3.155721 0.650246 1.565185
1361 1.319386 0.464820 0.644157
1604 0.167517 0.488563 0.838394
1217 0.624052 1.018232 0.120750
6 1.663341 1.040793 -0.011795
1109 -1.457631 2.412833 1.292692
2632 -1.929224 3.396263 1.551905
120 0.631745 0.912364 0.094245
1649 0.701760 0.298200 1.618272
273 0.411498 4.560804 -0.986198
1836 0.894391 0.287403 2.681371
666 0.304614 0.410552 1.382046
1298 4.220269 1.498938 0.902284
2238 0.310690 0.627583 0.598595
70 2.563505 2.165122 -0.505345
2109 -0.016435 0.670679 2.706503
2004 -0.879147 5.383541 -0.416182
1386 3.220499 1.282461 0.460036
1823 0.383850 0.456580 1.984779
1859 -0.224160 0.912220 3.672611
2130 -1.171346 1.591712 2.916621
280 1.277502 5.611201 -1.478491
964 2.481498 0.398601 2.032540
33 1.311088 1.283764 -0.173124
1772 -0.525300 1.039434 1.520052
526 -1.257500 1.730549 2.758033
1637 1.912917 0.372938 1.392887
1538 0.538605 1.207800 -0.035209
1999 -0.612957 2.785687 -0.041908
13 0.951810 1.072088 -0.135903
295 1.379371 4.818396 -1.356881
1345 1.675316 1.309830 -0.177832
189 0.843747 0.791026 0.164592
1561 1.506466 0.301869 1.915199
1617 1.279770 0.392327 1.474287
147 0.570780 1.038924 -0.081537
1761 0.029487 0.544363 2.313502
2143 1.299175 0.357842 3.885459
584 0.023909 0.598272 1.870283
1632 0.652432 0.376909 1.136839
1224 0.513171 0.974026 0.139148
1990 -0.865520 3.097836 -0.020812
1883 0.366523 0.347744 1.115711
2319 0.333804 0.396163 1.845317
2085 -0.311037 0.837093 3.017123
1724 0.346652 0.486376 0.862101
906 3.863068 0.547313 2.997473
1902 0.562266 0.402770 3.028645
2127 -0.829049 1.260029 2.896531
1084 -1.156693 1.615189 1.950869
2182 1.162017 0.448940 4.403706
1842 0.777006 0.257310 1.771369
232 0.103254 4.121439 -0.772212
930 2.295884 0.483859 1.340128
748 0.609484 0.379817 2.637259
1506 1.877829 2.786746 -0.782523
1723 -0.025120 0.737490 0.971653
992 1.631627 0.297405 3.723621
1171 0.814407 0.378627 0.982236
1396 3.192861 1.125639 0.688597
243 -0.253172 5.911230 -0.929029
1641 1.691205 0.349825 1.930026
2076 -1.187476 1.630513 3.039531
932 3.235160 0.697334 1.748118
1479 1.550325 2.745027 -0.775492
2629 -1.765346 3.257649 1.296879
477 -0.209419 0.853852 0.832970
319 0.790621 5.960624 -1.389679
717 1.786993 0.289490 3.793819
719 0.747865 0.607847 0.418218
324 1.014529 5.657511 -1.424769
1715 0.252115 0.478084 2.166897
1028 -0.289259 0.839855 0.689243
2100 -1.283732 1.825769 3.875300
580 0.717617 0.385196 1.518150
1998 -0.746884 3.983820 -0.249834
1755 -0.540906 1.031801 1.506475
1119 -0.643493 1.088062 1.358347
967 3.501903 0.560654 2.706007
1607 0.875181 0.345633 1.218032
744 1.468129 0.267737 3.134069
2075 -1.211461 1.810371 4.221322
1633 1.175020 0.279966 1.766471
547 0.709732 0.564950 0.573837
1863 -0.332553 1.038101 3.864600
2158 0.832849 0.355308 2.996252
1228 0.087994 1.637431 -0.063876
1847 0.443701 0.475532 3.150140
1897 0.075351 0.659927 3.271275
599 0.746639 0.412555 1.237139
2467 0.741722 0.848770 0.157264
591 0.358135 0.539893 3.112464
1155 -0.225345 0.865609 0.710276
1397 3.073198 1.262002 0.407803
458 -1.493925 2.180779 2.149868
1791 2.524389 0.267373 3.132003
2335 0.510050 0.805288 0.289880
1501 2.032736 3.007852 -0.880938
2115 -1.068768 1.562123 3.513134
2402 1.926889 0.896648 0.329854
269 -0.053480 2.660151 -0.391058
643 0.459361 0.823114 0.311251
528 -1.043530 1.674541 1.646696
1415 1.870369 2.689516 -0.802077
1254 0.460040 1.964171 -0.292030
2580 -0.301887 1.104538 0.542315
2045 -1.060338 1.520765 2.580093
1629 0.536349 0.380735 1.058704
537 -0.972059 1.533755 1.576042
435 -1.099833 1.688415 1.710903
2147 0.418322 0.630083 3.964520
2572 -0.092843 0.772843 0.778588
2333 0.352289 0.769443 0.371374
1665 -0.035172 0.992826 0.370092
93 1.935943 4.795617 -1.439474
1610 0.624836 0.575271 0.483769
1334 4.398153 1.599381 0.866972
2479 1.945605 0.730603 0.666698
854 3.605868 0.651419 2.274895
612 0.012867 0.584519 1.121057
2576 -1.089952 1.945577 1.034747
778 2.154881 0.325479 3.758153
1569 1.487496 0.326662 2.243012
929 3.315454 0.496950 2.565952
181 1.092230 1.090243 -0.023292
2295 -0.119544 0.819183 0.671049
627 1.049696 0.324913 2.190085
1614 1.844083 0.270274 2.283816
629 0.456183 0.473932 2.524974
656 0.825214 0.367663 1.457918
412 -1.869923 2.713810 2.255856
1137 -1.366891 2.127789 1.658736
1691 0.788846 1.107515 -0.054488
1507 1.176224 2.088417 -0.542761
623 1.287789 0.302578 2.426650
1624 1.884778 0.421726 1.312247
310 1.079571 5.356043 -1.399165
9 0.071495 0.987234 0.188498
1899 0.572153 0.392563 3.088743
1089 -1.344684 1.842302 2.499483
2350 2.058132 0.874529 0.352097
1964 -0.889950 2.587100 0.216093
1326 1.890036 1.561546 -0.332054
2124 -1.437875 1.912522 3.279001
293 1.121789 4.855628 -1.307040
1486 0.515912 0.935366 -0.093628
1120 -0.901338 1.559927 1.189611
572 0.827976 0.384112 2.589193
1297 3.670124 1.409352 0.671471
1846 0.576552 0.386417 2.584414
654 0.517671 0.451700 1.197912
236 0.844713 5.774696 -1.359740
207 0.359412 3.823492 -0.810813
303 1.361521 4.653463 -1.324065
703 1.220290 0.275912 1.075792
1168 0.402552 0.717031 0.392484
2315 -0.084101 0.764145 1.005372
1176 0.751626 0.808533 0.290984
515 -1.239705 1.783269 2.071620
1105 -1.584761 2.667969 1.390871
1937 -0.824436 3.500626 -0.052913
1770 0.045762 0.672441 0.836665
596 0.437662 0.460519 2.037253
2154 0.499962 0.630762 3.972048
2324 -0.154712 0.659918 1.020863
1189 0.552248 0.705103 0.437046
1194 0.713574 0.513669 0.715187
2095 -0.622641 1.221271 4.068309
507 -0.831762 1.242213 1.952276
219 0.731425 5.869409 -1.363647
757 2.647215 0.340598 3.712811
21 3.164773 1.929976 -0.220358
1096 -0.821312 1.189868 1.339444
204 0.424666 3.949334 -0.877606
1581 2.266927 0.286832 3.577105
1202 1.166742 0.755973 0.307157
1101 -0.850221 1.264982 1.204422
590 0.256956 0.591051 3.006466
1192 0.347607 0.839382 0.424743
423 -1.417867 2.090725 1.904959
795 1.673838 0.244994 2.429044
673 0.655235 0.433485 1.057489
1961 -0.363870 3.212038 -0.349884
1557 1.512542 0.486105 0.890655
460 -0.883817 1.788271 0.587900
668 1.091826 0.328300 1.848601
1552 0.665127 0.658543 0.298819
2597 -1.168304 2.025737 1.033756
1619 0.996586 0.360473 1.689343
775 2.520070 0.322238 3.947255
2413 3.583270 0.735461 1.798075
79 1.998147 2.789329 -0.848566
1560 1.197663 0.279304 2.358837
765 3.329839 0.407273 4.038803
474 -0.018006 0.704074 0.764458
1578 1.687039 0.249981 2.780864
888 2.303410 0.276121 2.769975
1534 -0.061145 1.706498 0.050486
2132 -1.075767 1.496122 3.584541
945 3.038569 0.393653 3.099240
49 2.909060 2.458953 -0.562595
143 1.866924 1.920494 -0.441007
912 3.931218 0.564979 3.311208
2429 2.214143 1.400863 -0.054372
1813 0.620277 0.356372 1.766915
1181 0.334804 1.026427 0.184479
798 0.868961 0.370870 3.014860
67 2.670880 2.078644 -0.454585
1870 -0.047433 1.088489 5.069781
35 1.245563 0.297943 1.528067
2605 -1.317976 2.765613 0.791786
384 -1.583697 2.317309 2.115986
2198 0.872096 0.472705 3.905161
711 1.051718 0.293863 2.154440
898 3.271699 0.485071 2.979896
770 2.890085 0.503480 1.862066
614 0.634398 0.368442 1.205721
1481 2.573128 3.375350 -1.004304
777 2.211107 0.305624 3.547673
2351 1.720884 1.057996 0.152303
1563 2.992717 0.352262 3.395215
1218 0.490330 0.982108 0.222069
351 1.155579 3.453586 -0.979065
2193 0.897845 0.347422 2.776554
569 0.634201 0.507870 0.685089
928 4.038456 0.544907 3.316266
1341 2.247315 1.103917 0.145072
121 1.355923 1.817689 -0.449850
885 2.554662 0.263162 3.451482
2586 -0.968493 1.584853 1.228470
1389 2.670677 1.080281 0.490505
1458 0.791653 2.558139 -0.631869
1225 -0.230070 1.499282 0.153563
2583 -0.461316 1.445184 0.530030
2242 0.231153 0.640827 0.802208
116 0.801361 1.376508 -0.214262
2071 -1.053334 1.588392 3.848972
2539 -0.424067 1.137128 0.687186
1951 -0.731301 2.785668 0.064152
660 1.264287 0.347719 1.617680
2489 -0.313195 1.145253 0.455681
1384 2.861115 0.905642 0.730503
1895 0.500775 0.432543 3.026624
418 -1.505368 2.289511 1.771381
12 1.622709 1.493759 -0.332366
998 4.323766 0.638183 3.439431
2050 -1.413516 1.913347 3.232448
2131 -1.163742 1.620472 2.841105
1086 -0.683120 1.007512 2.162670
96 2.154411 1.724573 -0.272363
2378 2.358526 0.811742 0.583847
1360 0.910724 0.634297 0.153041
144 1.648075 1.753385 -0.416916
922 2.367542 0.242976 3.581828
914 3.464776 0.424109 3.406898
724 0.655655 0.630565 0.280950
1058 -1.699299 2.778477 1.530619
1352 2.658463 1.449025 0.017594
80 1.675244 3.113234 -0.943677
169 0.839754 0.861199 0.195464
2229 0.622726 0.459994 3.564943
1371 1.384968 1.153669 -0.167636
863 0.521246 0.457300 0.394037
692 -0.160505 0.891346 0.879543
475 0.440228 0.390331 1.099494
1704 0.161766 0.665254 0.955530
1436 1.867954 2.859159 -0.917670
3 2.985555 2.296862 -0.499488
2582 -0.280334 1.084723 0.550285
1074 -1.484860 2.030357 2.173074
2266 0.425462 0.439013 1.427126
2202 0.180467 0.695312 3.881702
670 1.039608 0.338284 1.769570
2090 -0.353563 1.008697 4.028067
488 0.788392 0.412752 0.626283
2373 2.257740 1.106399 0.255079
2190 1.610002 0.447217 4.744708
2216 -0.233757 0.805405 3.157042
2230 1.018996 0.506461 4.404943
543 1.529508 0.829456 0.320628
535 -0.958749 1.433783 1.807926
428 -1.988854 3.031563 2.347424
549 1.215764 0.562097 0.620613
2428 1.687752 1.609236 -0.283593
675 0.112601 0.776974 0.495922
1944 0.195230 1.334593 -0.182996
832 1.518248 0.308505 2.481433
1588 1.278613 0.435876 0.853828
581 0.495175 0.409322 2.188733
1522 1.192443 1.691076 -0.328102
1688 0.545955 0.765892 0.328425
2047 -1.542167 2.170621 4.277331
419 -1.468427 2.241390 1.814301
2461 0.198576 0.760168 0.586062
1359 1.051375 0.592564 0.214350
1712 -0.510428 0.963282 2.154652
1370 0.948101 1.051380 -0.075299
2415 1.300063 0.463460 0.828791
2631 -1.977288 3.399549 1.594004
2073 -1.028090 1.557752 3.614005
550 0.915069 0.572225 0.671697
512 -0.454240 0.921802 2.375559
2189 1.679570 0.442105 4.850183
509 -0.816635 1.287604 1.830116
2416 1.815690 0.572276 0.825676
1659 0.187212 0.512894 0.907866
321 0.918178 5.871209 -1.385967
2493 -1.119502 1.951627 1.223408
688 0.579557 0.661212 0.511464
1820 1.290961 0.230703 2.365662
500 -0.839412 1.482835 1.163759
909 4.605543 0.695277 3.595433
2104 -1.408057 2.057590 4.613096
2337 -0.461234 1.140283 0.828131
23 1.184071 1.478531 -0.351038
179 0.862937 0.760437 0.252457
25 0.528364 1.224713 -0.183831
1322 2.843961 1.112095 0.556180
2062 -1.009100 1.552019 4.017270
2441 1.324217 1.393102 -0.186134
1760 0.036025 0.561464 1.929256
1107 -1.572933 2.446599 1.639031
635 0.830839 0.385113 2.008537
1071 -1.570853 2.431270 1.655870
817 0.590325 0.477491 0.905650
2462 0.463454 0.643651 0.414053
1079 -1.263685 2.147784 1.304413
2499 -1.262775 1.944612 1.525640
988 3.879701 0.513728 3.346583
521 -1.400597 1.945631 2.569474
2567 -1.795554 3.739244 0.988516
1719 0.448220 0.567337 0.659651
1747 0.172839 0.647319 0.837775
1995 -1.283646 4.640702 0.037815
1958 -0.798623 2.103218 0.286151
2561 -1.956573 3.723866 1.250249
1651 0.485664 0.302443 1.588719
984 2.000239 0.249508 2.833896
796 0.397443 0.349966 1.244506
1530 0.692338 2.029099 -0.430037
2247 0.691202 0.527294 0.804301
2212 0.868190 0.582652 4.640409
689 0.410989 0.641853 0.548827
387 -1.470098 2.258270 1.719037
1621 2.640054 0.399039 2.413148
1515 0.705674 0.841863 0.057632
1099 -1.054109 1.604480 1.210155
1705 -0.085473 0.764701 0.976759
1204 0.181784 0.514100 1.101585
2162 1.346517 0.442801 4.413975
449 -1.099282 1.723023 1.715708
338 1.243210 3.775649 -1.061248
1997 -1.170638 5.064231 -0.146165
1779 0.035947 0.537482 1.175524
1699 0.201753 0.679694 0.619741
1762 -0.425746 0.871603 1.421713
632 0.739414 0.432184 2.541385
1796 1.429156 0.214354 2.150606
250 0.569200 4.297945 -0.994930
1806 0.455575 0.519605 3.529958
1126 -0.743548 1.526506 0.860708
2411 2.282860 0.610866 1.081149
579 0.721708 0.411628 1.537577
2316 -0.247647 0.849336 1.013792
2268 0.605645 0.417681 0.686662
531 -0.850587 1.387574 1.752712
491 0.422334 0.421765 1.070788
334 1.265484 5.268500 -1.325866
1852 -0.064795 0.978161 4.436418
835 1.838384 0.302297 3.669386
10 1.842157 1.772176 -0.464175
306 2.175776 4.154906 -1.311981
2356 0.851887 0.901602 0.040496
376 1.203625 3.609822 -0.991539
259 0.759423 5.452118 -1.277914
613 0.263991 0.505900 1.334252
2110 0.124541 0.586744 2.808440
1521 1.321210 1.660279 -0.335310
1670 0.079933 1.207708 0.247396
1091 -1.808600 2.454434 2.746020
1170 0.719306 0.363447 1.115112
2300 -0.342744 0.986663 0.795563
1216 0.591402 0.962298 0.170694
128 2.709244 2.290359 -0.500465
2275 -0.521138 1.144926 0.953542
532 -0.542915 1.065450 1.320916
1487 0.684623 1.577136 -0.235807
779 2.298278 0.324988 3.715205
1262 0.573961 0.988323 0.106331
2569 -0.841740 2.373956 0.297468
2063 -0.907667 1.321742 2.809703
1378 0.706505 1.063963 -0.226333
440 -0.878604 1.436212 1.581295
1752 -0.570703 1.031197 1.614639
1731 0.105038 0.759715 0.420979
2267 0.365751 0.714115 0.486581
564 0.661538 0.859150 0.259692
59 2.077561 2.205339 -0.590880
1291 2.722179 1.279336 0.180567
2541 -0.370294 1.255582 0.512426
344 1.308274 5.131494 -1.378610
1459 -0.063945 1.426259 -0.024080
773 0.871560 0.338424 1.015366
1714 0.253352 0.468213 2.305980
2503 -0.896580 1.644012 0.962325
2038 -1.083174 1.584412 3.265876
2244 0.176688 0.689245 0.912158
126 3.086053 2.815726 -0.748414
1427 2.477624 2.329041 -0.695609
1816 0.706455 0.381684 0.332290
1157 -0.125359 0.751652 0.698805
993 1.527915 0.290104 3.435351
1832 0.325753 0.666457 4.000616
2142 1.131995 0.365590 3.705966
325 0.636018 4.464648 -1.037623
1966 -0.122880 1.647968 -0.004912
769 2.951494 0.358484 3.086766
1354 2.550102 1.147212 0.332447
568 0.795862 0.395800 0.921529
1064 -1.692970 2.604045 1.637042
694 -0.687776 1.350952 0.978018
2518 -1.393691 2.626465 1.025272
151 2.531151 2.381817 -0.616438
522 -1.426510 2.039373 2.184503
2379 1.681402 0.845034 0.399009
774 2.119194 0.275913 2.851920
400 -0.991417 1.553871 1.542140
2494 -0.590686 1.277840 0.851084
700 2.426527 0.342870 2.945091
1656 0.642309 0.370651 1.528505
1305 0.148987 0.916699 0.089622
732 1.498002 0.242837 2.519135
2117 -0.937788 1.309078 1.972134
411 -1.502249 2.006975 3.012672
206 0.573127 3.870121 -0.908424
1249 0.423096 1.092250 0.061316
1110 -1.386725 2.528921 1.203891
2536 -0.642534 1.565802 0.549186
1403 1.542795 0.925282 0.016982
2041 -1.301349 1.830787 3.484992
1504 1.796562 2.458104 -0.679587
1445 1.767113 1.920702 -0.499467
2639 -1.790204 3.410854 1.182427
592 -0.084553 0.755255 3.231164
139 3.114516 2.463819 -0.532659
245 -0.588956 5.727864 -0.747854
2385 1.238662 0.958243 0.045077
182 1.218239 0.871237 0.151938
772 2.876663 0.335765 3.141173
1318 3.792617 1.357524 0.785507
950 3.884630 0.535691 3.450355
8 2.437998 1.972731 -0.430659
95 1.726712 2.380087 -0.725516
1190 0.415399 0.878138 0.367187
1494 1.880252 2.451678 -0.715665
809 0.625810 0.507976 0.722111
604 0.191647 0.619435 3.079627
2353 0.817503 0.782865 0.190303
1457 0.702264 2.298552 -0.526439
1981 -0.728740 3.794343 -0.195270
2070 -0.686482 1.073020 2.478294
1579 2.016586 0.302693 3.021463
1982 -0.623890 4.221596 -0.435390
994 1.733509 0.259063 3.276415
161 2.789794 2.268842 -0.479678
1815 0.388355 0.376825 1.393490
1805 -0.197578 0.794254 3.141509
755 2.784594 0.371399 3.727795
1898 0.114507 0.688859 3.302140
2344 2.040390 0.996176 0.310367
989 2.519621 0.338554 2.351856
468 -0.516515 1.002250 1.180142
1585 1.038407 0.304047 2.216255
131 1.360047 1.830960 -0.436333
828 1.449895 0.333480 3.670758
1726 0.372311 0.427324 1.349560
1580 2.286827 0.305440 3.003585
1861 0.384064 0.459849 3.074325
2449 1.994570 1.068569 0.234146
2080 -0.801075 1.277219 3.273859
529 -0.769892 1.287681 1.697649
1788 1.946151 0.320755 2.308339
15 3.176819 2.128490 -0.380006
1696 0.000024 0.929257 0.415467
2188 1.712130 0.425794 4.659665
804 1.221329 0.308771 2.972070
1943 -0.421686 2.090485 0.037336
1127 -1.205018 1.776036 1.872877
1824 0.095267 0.506041 0.336092
2442 1.388997 1.373028 -0.186585
1362 0.453940 0.553214 0.459382
7 1.433701 1.091196 -0.072071
1241 0.044843 1.692243 0.008907
1830 0.323082 0.544292 3.332950
2384 2.592826 1.075987 0.403222
89 2.053375 2.774607 -0.911955
84 2.245819 2.145375 -0.586667
1167 1.312541 0.589871 0.573045
824 1.705409 0.364987 3.957457
975 3.376561 0.460834 3.127567
1889 -0.396671 0.716990 0.881472
2277 0.273831 0.497425 1.046181
1707 -0.433135 0.868057 2.415579
2173 0.644430 0.522764 3.790129
24 2.222581 1.192728 -0.000618
2374 2.053718 0.726937 0.697230
104 1.888426 1.908594 -0.442227
97 1.467782 1.937841 -0.539861
1574 1.649320 0.329273 2.602865
367 0.423423 3.967093 -0.882904
2434 2.116727 2.018247 -0.505080
2227 0.341245 0.522532 3.061716
213 0.511285 5.820494 -1.237213
747 0.768423 0.329416 1.605019
843 0.639135 0.349918 1.335997
2342 0.944550 0.771755 0.273478
958 3.778631 0.515594 3.303930
190 0.486150 0.831455 0.137335
2107 0.143031 0.494259 2.116030
1136 -1.423802 2.133902 1.871452
1939 -0.359292 1.951742 0.072411
606 0.614928 0.484256 3.237673
278 0.616886 5.164772 -1.174944
202 -0.924261 4.913279 -0.311907
970 3.337947 0.485257 2.784162
2034 -1.381270 1.845564 2.450202
2643 -1.862523 3.446852 1.282182
2003 -0.452260 5.001350 -0.660668
2088 -0.551355 1.102596 3.844609
1134 -1.281817 2.019325 1.529510
2172 0.118372 0.543641 1.747866
2097 -0.944009 1.422471 3.395443
2386 1.028510 0.729100 0.270664
2199 1.021355 0.490366 4.078889
2309 0.387021 0.634527 0.456507
222 0.732155 5.668696 -1.308127
1123 -1.500331 2.110693 2.258648
489 0.250676 0.485832 1.234386
674 0.783864 0.549227 0.388025
1406 2.166342 0.672081 0.770369
1377 1.401803 2.973728 -0.908505
1808 1.238633 0.392889 3.904128
453 -0.873860 1.459280 1.414897
2574 -0.653333 1.268672 0.759518
2302 -0.425771 1.430529 0.518798
1594 0.722735 0.428831 0.796725
138 2.958502 2.325602 -0.499382
1992 -0.785967 4.084776 -0.236999
1296 2.911450 1.164181 0.513144
870 2.162411 0.436697 1.322778
2474 0.845558 0.985132 0.174025
1193 0.451507 0.596988 0.639778
793 1.574609 0.280218 3.142211
2460 0.418563 0.643854 0.546727
1616 1.954401 0.453934 0.939189
91 2.188657 3.947310 -1.266138
1749 -0.230388 0.765455 1.754600
886 2.786027 0.335060 3.384263
71 1.803510 2.186840 -0.606734
712 1.564135 0.290027 3.117341
448 -0.966464 1.465685 1.861607
1930 -0.352516 2.560227 -0.105086
953 3.133193 0.396139 3.046071
1793 1.059099 0.263218 2.074476
1061 -2.094956 3.343566 1.895340
1333 3.437307 1.240837 0.704764
1880 -0.179946 0.778642 3.236375
422 -1.219763 1.877108 1.572453
511 -0.767284 1.280467 1.558718
1472 1.916236 3.020129 -0.890700
1872 -0.207308 0.627145 2.002314
1606 0.986584 0.397544 1.094986
2084 -0.564383 1.169016 3.885830
1027 -1.225969 1.731383 2.037704
2151 0.668709 0.569139 3.878047
1379 1.463401 0.765918 0.183283
1474 2.107066 3.209842 -0.952475
1596 1.434832 0.360156 1.526506
1794 1.532035 0.351958 1.226389
1686 0.325227 0.739142 0.422827
2343 0.726018 0.678123 0.316302
2471 0.605310 0.872377 0.250315
299 0.271294 3.012665 -0.676906
2205 0.518686 0.655589 4.254906
1589 1.264673 0.366679 1.295262
258 0.645484 4.805979 -1.111025
2465 -0.018309 0.848557 0.578503
29 2.289036 2.593383 -0.760275
977 2.228854 0.361638 2.098239
158 1.790718 1.718191 -0.391118
2087 -0.731163 1.330031 4.055858
56 0.835028 1.090964 -0.115801
640 0.895083 0.485480 0.965101
2092 -0.787519 1.358620 4.089984
2544 -0.589438 1.486466 0.547874
715 2.537694 0.331036 4.351447
708 3.539742 0.442816 3.940179
410 -1.804253 2.422332 3.113823
1729 0.208156 0.535979 2.609334
406 -0.371343 1.075107 0.343938
1600 1.883426 0.283210 2.401642
1582 1.948406 0.267947 3.524715
2299 -0.556534 1.383307 0.640238
1590 0.833726 0.532439 0.494792
1630 0.753016 0.405671 1.025118
2557 -2.382197 3.643661 2.228568
1597 1.035491 0.350433 1.366156
1316 2.429965 0.772627 0.680459
1975 -0.984171 4.406725 -0.183832
2228 0.444693 0.599648 3.734339
2611 -1.526330 2.907653 1.052141
390 -1.483226 2.142328 2.388386
398 -1.655241 2.388058 2.221881
471 -0.001498 0.604703 1.057224
2265 0.212212 0.526350 1.412370
399 -0.576191 1.049212 1.460729
52 1.593466 1.577834 -0.335135
740 2.832597 0.364075 3.451048
73 1.967618 2.205654 -0.627856
1520 0.732326 1.683551 -0.286076
2000 -0.966826 4.832686 -0.272257
1763 -0.449551 0.924668 1.090388
2424 0.517522 0.776178 0.322126
1838 0.537269 0.467139 3.306169
69 3.462194 2.632447 -0.557746
1700 -0.215050 1.066534 0.441164
1093 -1.475778 2.036830 2.360316
1417 1.513085 2.998379 -0.875934
514 -1.014404 1.516918 1.856713
2369 2.235049 1.611208 -0.219689
1320 3.948768 1.557191 0.606794
831 1.472539 0.331433 3.565792
1720 0.153663 0.592140 0.817483
401 -2.079250 2.907475 2.865335
1480 2.367542 3.311326 -1.021432
847 0.993382 0.264717 1.170838
1730 0.021928 0.626050 2.595318
878 3.591646 0.513716 2.805775
1437 2.062206 3.758481 -1.146837
294 1.535076 5.071905 -1.459056
923 2.536578 0.289670 3.718108
506 -1.879032 2.798122 2.248163
1737 -0.497191 0.993532 1.197232
754 3.361704 0.361876 4.380037
933 1.143571 0.373362 0.961965
510 -0.683215 1.122643 1.518895
1307 3.302110 1.297095 0.556954
2556 -2.914408 4.233489 3.405178
129 2.004220 1.704106 -0.278945
2495 -0.246255 1.336696 0.239175
913 4.332448 0.686712 3.294822
990 1.314959 0.284603 1.580464
1425 1.845860 3.277338 -1.003420
920 2.885855 0.451127 2.071470
559 0.917000 0.473399 0.753320
1135 -0.933532 1.546368 1.351096
1412 -0.167353 3.675559 -0.517074
1989 -0.939545 4.179342 -0.151743
264 0.028664 3.972864 -0.673739
115 1.621949 1.874513 -0.422367
248 -0.159600 5.436013 -0.904788
479 -0.738505 1.316476 1.343443
346 1.568602 4.371271 -1.296702
482 1.028362 0.636877 0.483064
54 2.431195 2.094193 -0.494360
2145 1.045893 0.272580 2.892664
2163 1.401137 0.452592 4.634985
350 1.054253 4.279354 -1.119258
2555 -2.949502 4.250997 3.403362
894 4.137461 0.603252 3.354271
1547 2.021077 0.480489 1.210342
1556 1.500903 0.432597 1.196843
616 0.608053 0.354127 1.208091
2281 0.105288 0.861597 0.636821
1375 1.093313 4.299634 -1.115163
2456 0.514763 0.978254 -0.002813
2522 -1.371532 2.854297 0.792196
1675 0.112800 0.694781 0.479471
646 0.249657 0.531080 1.262699
1882 -0.153926 0.701422 2.289333
408 -1.575708 2.251948 2.304807
2191 0.603361 0.438004 3.060838
1309 2.391682 1.186875 0.112433
1012 -0.816520 1.323928 0.969502
1739 0.065265 0.685587 0.867120
1465 0.705144 1.700655 -0.339523
562 0.481050 0.575183 0.709308
1706 -0.348742 0.923203 1.271759
1004 -1.326640 2.708870 0.784664
498 -0.656956 1.158126 1.537470
421 -1.720621 2.527475 2.277366
2293 -0.244646 1.074519 0.632882
876 4.134282 0.561568 3.422196
1892 -0.363126 0.971480 3.629954
1738 0.276394 0.461415 1.612984
501 -1.501806 2.221685 1.780800
1317 3.178819 1.137271 0.656298
1489 1.846162 2.715052 -0.820024
486 0.387251 0.619242 0.302557
883 3.127565 0.396310 3.226999
1432 2.369861 3.414841 -1.115271
800 0.810644 0.310823 1.649106
2082 -1.128154 1.572219 3.135368
2606 -0.820709 2.221242 0.366045
2308 0.200690 0.723341 0.637556
2215 0.243419 0.747420 4.255506
1799 0.849556 0.287119 1.920165
2018 -0.905192 5.004380 -0.346467
223 0.599419 5.001194 -1.183390
61 2.880673 2.564562 -0.667189
907 3.303683 0.515321 2.328793
2283 0.317354 0.651895 0.623776
1325 1.721332 0.860706 0.268571
1349 1.818340 0.823621 0.310751
2243 0.221912 0.568274 1.088451
42 2.152121 2.853375 -0.893077
317 0.518180 3.818157 -0.888361
2249 0.337674 0.718665 0.553243
527 -1.052801 1.613250 1.865689
853 4.049602 0.662114 2.860582
1692 0.166275 0.664957 0.653343
1374 0.342421 0.460143 0.090696
395 -1.401852 1.961640 2.203386
781 1.289240 0.235155 2.741993
1287 2.665822 1.031981 0.518042
252 -0.492207 4.538117 -0.540037
2149 1.423336 0.361943 3.838149
1856 0.341019 0.543701 3.271891
1464 0.468836 1.590766 -0.177101
407 -0.887938 1.475452 1.100394
78 1.850835 2.197859 -0.637404
2037 -1.020724 1.505351 3.486989
347 0.510870 3.077663 -0.738229
2562 -1.963482 3.357547 1.537045
388 -1.713611 2.501308 2.326792
257 0.454916 5.388527 -1.152330
2237 0.097468 0.741717 0.855373
28 1.774888 1.905106 -0.428815
185 0.982433 0.895332 0.198170
241 0.130213 5.627921 -1.055210
1367 1.561780 0.992878 0.050946
1018 -1.360058 2.059357 1.645114
1583 1.478414 0.286302 2.732937
2469 0.670818 1.095087 0.070611
1047 -1.357534 2.576133 0.918498
1094 -0.910809 1.348993 1.096166
1971 -0.995798 5.043838 -0.259559
1713 -0.138763 0.738617 1.512999
2338 0.191190 0.791789 0.471958
1294 1.952674 0.780995 0.446418
1366 0.907680 0.812177 0.143502
364 1.302827 3.190153 -0.914405
2436 1.324801 1.525791 -0.330911
145 2.559819 2.232090 -0.507523
483 -0.276924 0.866388 1.056068
1130 -1.109277 1.717756 1.599412
628 0.959649 0.365757 1.094697
1935 -0.861126 4.546099 -0.286142
2612 -1.465713 2.844257 1.029670
1687 0.286450 0.907645 0.267089
1063 -1.779209 2.759464 1.690503
936 2.587083 0.362331 2.435901
1142 -0.197632 0.741849 1.217854
1708 -0.014280 0.596817 1.940195
1188 0.884978 0.793861 0.243957
276 0.746746 5.287994 -1.244243
1151 -1.016112 1.624410 1.410479
1337 4.024318 1.380771 0.895455
1426 2.115417 3.545752 -1.088306
365 0.803807 3.283090 -0.858540
1697 -0.223832 1.467156 0.250983
891 3.871519 0.479325 3.772743
1893 -0.141588 0.831650 3.675894
575 1.084802 0.350614 2.903845
1111 -1.232079 2.018072 1.372216
484 -0.085014 0.833982 0.673739
1498 2.209040 2.978751 -0.868480
1826 0.691994 0.415701 3.069920
759 2.940990 0.360342 3.908376
2160 0.680484 0.388181 2.926315
1798 1.053034 0.340889 2.911306
1986 -0.743052 3.295566 -0.176421
1740 -0.725076 1.168943 2.045929
1148 -1.738127 2.548040 2.179441
1825 0.721786 0.330611 2.642537
2020 -0.858900 4.374912 -0.251753
77 2.137545 2.775534 -0.840958
892 3.960842 0.464859 3.730760
1283 0.424539 0.739290 0.284226
1850 0.346535 0.514364 3.088816
329 0.988293 5.193193 -1.311315
1843 1.101651 0.283453 1.476322
312 1.171794 4.866125 -1.315921
1419 1.706984 3.560251 -1.093991
2279 0.528727 0.589811 0.648467
2161 0.767813 0.377536 2.919683
31 2.143441 2.357076 -0.672098
1421 1.486057 3.401607 -1.013543
1955 -0.587188 4.586676 -0.494885
2253 0.568725 0.775506 0.263575
1159 0.708568 0.359331 0.800908
1599 1.068903 0.293878 1.744165
391 -1.675814 2.336750 2.434512
275 0.797425 5.566329 -1.265095
2245 0.183184 0.584349 1.271100
1387 2.306577 1.033999 0.304358
2570 -0.481684 1.929448 0.100681
1069 -0.915380 2.079570 0.424936
323 0.903387 5.292840 -1.294848
271 0.230787 3.032147 -0.621076
63 2.383934 3.065897 -0.946203
446 -0.449006 1.002105 1.032506
2590 -0.349513 1.078945 0.651953
1315 3.545590 1.289512 0.636852
713 1.577898 0.265289 2.855139
1163 1.156947 0.723123 0.449550
2623 -0.842902 2.202350 0.414978
1072 -1.789067 2.926306 1.523464
1338 2.605464 0.775884 0.851638
297 1.150667 4.826866 -1.284620
290 1.583100 4.636927 -1.357907
2502 -1.487621 2.644891 1.182553
2417 1.166024 0.504669 0.657140
1821 1.021503 0.260671 1.716880
14 2.767960 1.984622 -0.345655
649 0.700466 0.470544 0.963383
38 1.179629 0.862941 0.095688
183 1.693973 0.973793 0.202009
2311 0.111934 0.693775 0.885029
1638 1.910118 0.332997 1.864572
1817 0.904486 0.351049 1.093558
2498 -0.756845 1.389450 1.072036
2079 -1.147345 1.637425 3.597365
2014 -0.849878 5.244777 -0.420967
1931 -0.900163 4.474590 -0.240187
1416 1.884210 2.964539 -0.850316
281 0.703005 5.295902 -1.255857
2478 1.623106 0.966721 0.210622
1215 0.655402 0.955205 0.182451
2289 0.992119 0.468931 0.735824
586 0.630164 0.460056 2.883751
172 0.193104 0.592396 1.141949
1973 -0.772646 3.025662 0.004954
2501 -1.309647 2.521966 0.993637
203 0.302783 3.508190 -0.750053
2094 -0.384451 1.015166 3.658981
2593 -0.101505 0.995571 0.238592
1676 0.812223 0.937035 0.141474
1635 1.187257 0.332674 1.355738
991 1.810948 0.203335 2.840481
2005 -0.789451 4.384614 -0.263195
839 1.000067 0.293599 1.321573
2284 -0.149350 0.758275 1.014984
1544 0.968523 0.326525 1.065152
731 2.138332 0.287456 2.890865
792 1.196093 0.314605 3.233870
16 2.919796 1.166996 0.259026
880 3.781748 0.504854 3.472252
2250 0.246001 0.674695 0.616802
76 2.713634 2.921938 -0.861231
1311 3.798065 1.426948 0.644186
195 0.659732 0.911315 -0.033878
1564 3.335678 0.418642 3.444059
610 0.614748 0.421191 0.896975
87 1.786312 1.463658 -0.247181
1517 1.127430 1.708072 -0.362299
2155 0.475617 0.571436 3.595576
539 -1.288537 1.750182 2.694039
2218 0.441092 0.495043 3.440180
1764 0.363285 0.574947 0.472785
404 -1.606953 2.401115 2.018478
221 1.060288 5.541414 -1.371544
11 1.499705 1.219424 -0.235268
1795 2.060675 0.423266 1.442772
1139 -1.243921 1.905231 1.725329
1015 -0.782642 1.518131 0.844058
1062 -1.664593 2.443237 1.992064
570 0.295390 0.720738 0.286776
554 1.265959 0.576249 0.445650
803 1.198506 0.350048 3.087660
578 0.146640 0.522276 1.657205
2430 1.281168 0.715060 0.446387
926 2.418705 0.248580 3.138181
925 1.651778 0.237817 3.492775
434 -1.407766 2.054129 2.182161
1976 -0.633937 3.240007 -0.151168
979 1.802323 0.202174 3.047354
882 2.999570 0.448037 2.437803
1085 -0.934576 1.387317 1.617673
1748 0.126693 0.602228 1.321062
695 1.121130 0.474135 1.005851
218 0.538640 5.431883 -1.201954
1070 -1.632481 2.415873 1.778434
588 -0.007725 0.649985 2.115128
420 -1.552529 2.289397 1.940161
2410 2.687641 0.926882 0.735762
2588 -0.393318 1.140357 0.607175
1092 -1.753950 2.383330 2.697195
177 0.613320 0.770982 0.183658
1956 -0.249528 3.854570 -0.542537
62 3.071108 2.707277 -0.677843
461 -1.791174 2.694108 1.937261
566 0.672184 0.618718 0.538905
2187 1.144991 0.315634 3.358668
1631 0.622102 0.334504 1.110588
1509 0.749617 1.786625 -0.451892
473 -0.083807 0.729747 1.036011
227 0.149991 4.468679 -0.847506
2001 -0.542970 3.762106 -0.322130
1407 2.087720 1.009829 0.252459
55 1.204074 0.955035 0.035272
1141 -1.559255 2.408305 1.827785
1983 -0.456757 4.734406 -0.616190
2086 -0.554342 1.056325 3.327591
864 1.605231 0.294561 1.607436
415 -0.841055 1.232321 1.831382
1057 -1.419208 2.357659 1.363317
1355 1.243626 1.036543 -0.063214
2370 1.585239 1.477402 -0.291899
1435 2.041027 3.960248 -1.246119
2492 -1.146345 1.817062 1.385144
725 0.595237 0.675710 0.497810
2515 -0.915118 1.834707 0.856783
678 0.332428 0.518272 0.890655
2537 -0.765352 1.517224 0.808954
874 4.286343 0.664112 3.115443
2345 2.233744 1.032344 0.319974
1090 -1.787079 2.559867 2.214544
917 1.126111 0.179662 1.266003
916 3.657949 0.561309 2.801255
331 1.023057 4.161609 -1.079602
2270 -1.444637 2.236612 2.085503
871 3.562037 0.631235 2.204948
2488 0.130687 0.674459 0.568406
2225 1.096827 0.256574 2.842609
784 2.228242 0.318107 3.998661
502 -1.384816 1.810742 2.588935
313 1.440008 4.641271 -1.309424
2340 1.902487 0.897056 0.393193
2049 -1.323207 1.865704 3.255860
2532 -0.377412 1.149713 0.608545
1301 4.636650 1.641811 1.014290
2052 -1.602370 2.185702 2.231698
1925 -0.245090 2.431363 -0.246536
215 0.738011 4.854144 -1.129911
751 3.578984 0.412243 3.843400
2646 -1.759641 2.871300 1.576989
57 0.707526 1.011611 -0.086586
1721 -0.060270 0.676723 1.214668
30 2.096828 2.502313 -0.762096
1567 0.944146 0.286154 1.867984
2214 0.472910 0.692886 4.337988
1801 0.550273 0.614419 4.265240
702 1.712221 0.316422 1.602023
111 1.563141 1.482339 -0.244897
1887 -0.635265 1.037737 3.262291
1985 -0.781537 4.689521 -0.388716
1434 2.329013 3.506001 -1.106722
745 1.457561 0.251765 2.718013
2317 -0.167295 0.785728 0.904621
1933 -0.225525 3.468361 -0.484188
1022 0.305131 0.557741 0.756434
1536 0.473693 1.128921 0.038521
1746 0.215830 0.587527 0.764831
1221 0.391798 1.279478 0.030109
2554 -0.113576 0.819496 0.733435
1735 -0.301301 0.904670 1.272680
2028 -0.693064 4.885074 -0.451454
26 1.337314 1.273847 -0.220688
965 2.159597 0.308481 2.276086
987 2.915249 0.328777 3.232483
620 1.569834 0.299624 3.578957
915 3.705561 0.466288 3.305146
2380 2.459701 1.079319 0.372550
1433 1.424570 4.313563 -1.242003
470 0.132953 0.534709 1.160645
2209 1.570918 0.186807 3.480938
960 3.878888 0.607408 2.832995
124 1.245913 1.463383 -0.233991
2220 0.202782 0.909331 4.916690
2615 -1.050876 1.870272 1.089260
1913 0.688971 2.595873 -0.636206
1759 -0.391223 0.939773 1.128119
1766 -0.001652 0.635993 1.163831
545 0.916004 0.580070 0.637280
1453 0.674786 3.288239 -0.801001
1450 1.839828 2.346175 -0.708999
2326 -0.290059 0.978623 0.947608
58 1.616898 0.983002 -0.153562
2280 0.151175 0.805802 0.635710
1669 0.228899 0.710568 0.566795
609 0.719406 0.490045 3.181945
1837 0.718374 0.251005 2.030168
741 1.798057 0.327518 3.963976
2525 -0.983250 1.648929 0.963838
1926 -1.036994 4.187654 -0.101094
2059 -1.380750 1.954581 4.157311
308 1.250295 4.747240 -1.297666
2644 -1.813251 3.504972 1.125459
392 -1.723900 2.487799 2.358189
2186 1.570881 0.385134 4.492609
2432 1.928646 2.360467 -0.629280
402 -1.708436 2.528741 2.242799
1666 0.913846 0.401622 0.887960
2613 -1.198217 2.418239 0.758834
2111 0.199320 0.525753 2.009499
314 1.277514 5.098946 -1.335192
1314 1.170629 0.646678 -0.057616
2240 0.950729 0.587823 0.542600
1814 0.633353 0.498066 3.669469
802 1.171489 0.312515 3.076203
2101 -1.149848 1.700668 3.783539
2346 1.851516 0.965221 0.246365
585 0.322281 0.446407 1.744468
2241 0.673392 0.567865 0.680334
827 1.751401 0.335892 3.939078
1115 -1.041225 2.115401 0.740936
1381 3.218855 1.305556 0.420564
1551 0.882157 0.859678 0.091095
1938 -0.434196 2.192170 0.031820
1503 2.186449 2.545593 -0.698511
2323 -0.783048 1.337107 1.303355
244 -0.268875 5.264681 -0.782532
1598 0.777074 0.327615 1.566622
1451 1.708901 3.355033 -1.014048
1053 -1.887945 2.928970 1.964052
1429 2.427193 3.411144 -1.063926
1391 3.371230 1.315761 0.534364
2152 0.267539 0.659298 3.613261
2361 1.035866 0.776421 0.346262
1960 -0.927584 4.054250 -0.126873
2431 1.037277 1.030691 -0.010632
74 2.317714 3.768188 -1.206709
684 0.723822 0.441722 0.783684
2529 0.178743 1.070398 0.196815
1742 -0.084994 0.775736 0.853913
2577 -1.166190 2.056276 1.121487
1017 -1.004586 1.706001 1.122097
855 3.951910 0.619247 2.813361
1841 0.463689 0.396717 2.349859
2446 1.977146 1.097094 0.167268
2517 -0.469359 1.218368 0.561754
2291 -0.255840 1.252226 0.477112
872 3.727779 0.594521 2.656430
2320 0.633351 0.361923 2.103496
2579 -0.352501 1.075308 0.689540
716 2.226933 0.317496 4.056552
1601 1.422683 0.335106 1.661527
160 2.200031 2.078960 -0.496172
1158 0.205063 0.393752 1.288571
1393 3.299287 1.481774 0.349226
823 1.291971 0.300308 3.239331
2388 0.348739 0.867749 0.114065
186 1.436584 0.861727 0.178153
81 1.500533 2.139454 -0.569494
1942 0.061147 1.175245 0.101526
1733 0.569792 0.815424 0.274996
1424 1.817614 3.203446 -0.949193
1510 0.849934 1.831608 -0.413145
283 1.059877 4.859177 -1.288012
1840 0.271902 0.620501 3.360581
1940 0.035895 0.893370 0.328300
45 2.787179 2.621335 -0.687606
493 -0.132398 0.649466 1.202725
672 0.185369 0.429992 1.092528
356 1.006859 4.210403 -1.101986
1792 1.753530 0.266487 2.320668
2096 -0.434007 1.061289 3.947311
2077 -0.954407 1.369181 1.877881
593 1.019213 0.340675 1.965010
1275 0.672158 0.607214 0.542569
119 0.352592 1.500431 -0.160187
1797 1.277544 0.329956 3.655888
2192 1.151702 0.345625 3.597419
238 0.392642 5.686788 -1.203895
1871 -0.118259 0.838838 3.605406
1881 0.122438 0.464912 1.542724
1339 3.437787 1.291465 0.573388
1033 -1.933957 3.093207 1.813972
251 -0.676473 4.993020 -0.493760
355 1.044955 4.392748 -1.153821
1289 2.207893 0.879189 0.468438
176 0.370907 0.656155 0.339500
149 1.766127 1.440523 -0.234260
1988 -0.539748 4.260947 -0.501260
368 0.696107 3.607143 -0.853489
611 0.054204 0.561308 0.733342
587 0.208744 0.515511 1.974173
114 1.473388 1.606242 -0.335683
212 0.377578 4.492465 -0.965629
676 0.779910 0.544178 0.606258
710 2.356473 0.288800 3.267102
561 0.595379 0.688734 0.442098
729 1.940485 0.289257 3.730800
723 0.498839 0.672796 0.543378
2278 0.011346 0.695921 0.816203
2418 1.458681 0.624384 0.640988
1197 0.777546 0.736476 0.411493
983 0.990018 0.285349 1.566517
1095 -1.443043 1.933092 2.765153
1288 3.041791 1.063462 0.698869
1037 -1.086607 2.126243 0.705318
288 0.015728 1.659601 -0.155575
2366 1.307557 0.616333 0.535321
2137 0.718940 0.306370 2.324214
1380 2.977675 1.116161 0.529083
342 1.011776 4.882600 -1.226165
665 1.008286 0.295825 1.783444
1140 -1.242142 1.992797 1.570554
1401 3.017257 1.861942 -0.179396
1965 -0.583798 3.377804 -0.264406
622 0.924983 0.376191 1.628026
50 0.770067 1.225013 -0.128321
1728 0.143478 0.523142 1.668699
690 -0.303817 0.760783 1.296549
68 2.892633 2.522330 -0.649046
1695 -0.084531 1.080107 0.384339
973 3.651621 0.531407 3.070010
361 1.266145 3.694790 -1.046569
820 1.141184 0.309564 1.893739
1233 -0.203505 1.798875 0.092103
1114 -1.234809 2.087653 1.275792
40 1.402970 1.732329 -0.433183
637 0.459476 0.575255 0.970390
2548 -1.090326 2.283683 0.724826
833 1.468207 0.286708 2.662045
552 0.767509 0.661657 0.251671
1382 1.606363 1.010456 0.056725
1122 -1.581904 2.291708 2.175472
1954 -0.388639 3.892238 -0.501759
1365 1.175468 0.633683 0.357487
386 -0.589603 1.143374 0.880417
1496 1.596446 1.116638 -0.091275
2332 -0.047486 0.815980 0.627380
1423 0.939566 2.306865 -0.554021
287 -0.762194 4.894678 -0.476773
1505 1.937702 2.996275 -0.870556
254 0.462933 5.166771 -1.142937
2553 -0.534801 1.041112 0.974609
2635 -1.141363 1.776713 1.424549
1744 -0.204459 0.773220 1.453886
305 1.551301 4.062493 -1.231737
2046 -1.339393 1.878862 2.918194
2491 -0.304755 0.821003 1.143895
2543 -1.281798 2.548459 0.940482
2563 -1.885848 3.355027 1.403829
789 1.648616 0.362612 4.062299
680 0.949334 0.382677 1.498991
1592 0.984012 0.496498 0.748659
2592 -0.772254 1.616284 0.756937
2290 0.143946 0.712035 0.654116
1591 1.427215 0.642868 0.517113
1443 0.815181 2.513983 -0.594233
1463 0.495271 2.173857 -0.416558
1668 -0.027723 0.816350 0.788900
2251 0.119576 0.782267 0.554542
505 -1.008943 1.435580 3.086240
2016 -1.106400 4.824986 -0.146992
1146 -1.285980 2.046226 1.461458
2439 1.146055 1.520692 -0.255559
822 1.192559 0.341447 2.897511
492 -0.180722 1.092276 0.072084
2470 0.547947 1.072343 0.087087
1858 -0.142029 0.864784 3.743672
2589 -0.193827 0.994324 0.468241
309 1.182248 4.854406 -1.288551
118 1.544909 1.650047 -0.333328
2440 1.645036 1.984095 -0.474635
557 0.903966 0.349751 1.936761
2433 1.917215 2.156482 -0.561387
216 0.837543 4.790802 -1.169510
454 1.001528 0.607197 0.250506
2504 -0.285538 0.836648 0.948397
1323 3.161124 1.294000 0.500282
53 1.947621 2.497658 -0.774064
47 3.202087 2.979930 -0.841381
2180 0.833313 0.652796 4.696466
1615 2.694263 0.360479 2.596826
1866 -0.179055 0.976683 4.098199
112 1.134135 1.335380 -0.223759
2009 -0.197701 4.228488 -0.617181
1811 0.959524 0.307557 2.389692
1525 0.366264 1.435534 -0.098454
476 0.483609 0.339322 1.179436
255 0.481813 5.272937 -1.146529
701 2.364527 0.335961 2.733294
1113 -0.183434 1.144136 0.457609
1626 0.835201 0.440986 0.872181
2166 -0.158023 0.672405 1.456030
859 4.125348 0.738187 2.663642
1678 0.512733 0.542822 0.835612
658 1.097246 0.322303 2.058480
478 -0.244889 0.993147 0.666056
1878 -1.339574 1.849568 2.059564
1963 -0.777260 4.517463 -0.365290
1112 -1.008478 1.733297 1.135600
2454 1.264398 1.054102 0.022167
919 2.696696 0.443964 1.945527
2573 0.185389 0.648782 0.601921
1915 0.142922 3.773033 -0.738391
2064 -0.819635 1.229740 2.850366
2327 -0.112597 0.862705 0.919882
1751 0.661564 0.540898 0.661885
2437 0.959225 2.890401 -0.784675
1835 0.487090 0.440775 3.086288
1921 -0.561859 2.000948 0.115632
1593 1.267756 0.709471 0.335039
2357 0.682677 1.194687 -0.115477
1775 -0.257443 0.753687 1.440051
743 1.697610 0.330572 3.959627
1431 2.544864 3.293682 -1.033315
100 1.407285 0.912509 0.053916
1026 -0.265227 0.893076 0.593409
2560 -1.826617 3.481906 1.184203
2036 -0.408997 0.960526 2.991362
1065 -1.508971 2.644873 1.036059
360 1.653277 3.860123 -1.193158
150 2.325583 2.019986 -0.481418
844 0.748200 0.351581 2.315428
2035 -0.212986 0.781954 2.988866
589 0.142712 0.604243 2.568821
1919 0.053843 1.624546 -0.017686
709 3.469239 0.444402 3.735418
1969 -0.275954 3.650409 -0.490880
1732 0.269697 0.844898 0.309665
1055 -1.279397 2.793962 0.637388
1818 0.804943 0.393529 0.811140
2531 0.110680 0.929626 0.348172
2545 -0.439926 1.582239 0.334342
1452 1.581220 3.641371 -1.107970
1694 0.083707 0.982873 0.343565
1912 -0.305281 2.800505 -0.225097
2128 -0.206001 0.729197 1.603241
2269 0.563630 0.820764 0.173724
682 0.728224 0.474380 0.752828
1088 -0.754151 1.101588 2.661701
940 3.656399 0.520342 2.929944
82 2.611355 1.924803 -0.338385
1143 -1.036666 1.605390 1.729660
1957 -0.942574 1.696132 0.840172
125 2.545349 2.363531 -0.605061
417 -0.870964 1.236492 2.445465
733 2.670678 0.290439 3.496799
1566 1.364854 0.277986 2.474112
83 2.215579 1.973865 -0.447283
576 0.921941 0.392898 3.054932
409 -1.271099 1.771009 2.514992
187 1.841646 1.805102 -0.395222
5 1.441581 1.353888 -0.203490
602 0.027460 0.790798 3.296480
1441 0.964103 1.731318 -0.361939
159 1.636960 2.337494 -0.737033
1932 -0.511817 3.750315 -0.387802
2546 0.029332 1.462324 0.008031
718 1.071299 0.266834 2.311948
284 0.655436 4.962831 -1.173103
1819 0.880971 0.307895 1.661781
2617 -0.941493 2.276430 0.570957
1125 -1.290992 2.100474 1.423892
1002 0.021904 0.546767 2.061908
1698 0.037641 1.086196 0.294403
27 1.998185 1.843252 -0.438022
1945 -0.461536 1.673720 0.200397
837 2.071784 0.282292 3.379256
456 -0.079922 0.797998 0.613541
2528 -0.038263 1.121316 0.280329
884 2.451584 0.268621 2.473894
1756 -0.376999 0.780692 2.131889
2549 -0.491279 1.670824 0.334855
2414 0.978058 0.333084 1.047576
2438 1.133357 2.973017 -0.873295
1636 2.663597 0.499822 1.715235
924 2.063527 0.229848 2.630381
1693 0.357711 0.872507 0.225847
1499 1.189371 1.601393 -0.410922
1612 1.730520 0.449485 1.441725
2480 2.231818 0.918653 0.578581
2318 0.465343 0.396366 1.645476
1372 0.352775 2.300876 -0.444904
841 0.884996 0.332993 2.929515
982 1.335395 0.384568 1.180284
296 1.171744 4.573303 -1.240167
362 1.329862 3.843579 -1.084488
807 0.861536 0.382058 1.088421
538 -0.694582 1.186018 1.636239
2523 -1.668778 3.222826 0.954634
1993 -0.716997 4.103981 -0.235845
1803 -0.098769 0.854768 3.890609
2477 2.199529 1.162023 0.204209
1413 0.329706 2.682866 -0.522057
1420 1.652883 2.426662 -0.707554
2334 -0.077729 0.836297 0.624080
1290 1.724036 0.953123 0.105149
1717 0.177300 0.800399 0.514224
2419 1.045714 0.650875 0.490003
1005 -1.702080 3.228959 1.108253
1677 0.966225 1.141680 0.018794
788 1.491720 0.353358 3.804971
253 0.297381 5.073770 -1.057122
1385 1.741468 0.730927 0.313104
801 0.655951 0.334232 1.298288
1701 -0.073703 0.975561 0.519404
1914 -0.208820 2.894523 -0.303302
567 1.111785 0.499444 0.826174
1103 -1.216096 1.770968 1.694250
301 1.172356 3.846159 -1.080236
1790 2.821105 0.352606 2.677115
1495 2.165004 1.692076 -0.333288
2625 -1.226265 2.527393 0.808906
875 4.072503 0.692880 2.706656
908 2.310895 0.306798 2.007880
1869 -0.149205 1.093513 4.837088
1364 3.734741 0.947114 1.413509
2550 0.431457 0.681792 0.238150
1388 3.104337 1.216174 0.557550
2458 0.291806 0.808829 0.360668
1546 1.184654 0.357291 1.329451
2472 0.385798 0.736349 0.481082
455 -1.146116 1.770631 1.520635
1758 -0.088368 0.610927 1.239453
2396 1.682404 0.828541 0.461755
2481 1.122366 0.778710 0.312457
2069 -0.762740 1.232020 3.479870
1418 1.504184 3.259498 -0.971109
706 2.324681 0.334959 2.625058
787 1.926260 0.276639 3.154666
1555 -0.496968 1.925883 0.126698
1587 0.987879 0.390656 0.392346
721 1.178965 0.646437 0.452125
416 -1.482235 2.140202 2.112432
2614 1.213067 1.581253 -0.280680
571 0.821192 0.490726 0.895123
403 -2.000734 2.733455 2.770981
2600 -0.127763 0.888980 0.544476
1067 -0.117748 1.250636 0.013349
110 2.016900 1.723700 -0.379284
414 -1.413196 2.019448 2.137887
2585 -0.766936 1.599468 0.811869
441 -0.727275 1.262607 1.745673
348 0.637349 4.169670 -0.990156
2183 0.180823 0.858758 4.504745
995 2.519061 0.357189 2.926969
2273 -0.333872 1.056779 0.884159
2542 -1.059917 2.032862 0.958382
307 1.835808 3.996178 -1.250662
873 3.869426 0.633818 2.658150
553 0.159589 0.625547 0.584520
46 2.394863 2.090750 -0.498826
1753 -0.707673 1.184033 2.061724
2276 -0.996613 2.107536 0.616427
2254 -0.158153 1.048286 0.338753
1292 3.054900 1.238172 0.424694
2211 1.458527 0.232745 3.589610
2591 -0.240363 1.291286 0.277258
2551 -1.637504 3.214215 1.105971
1208 0.750614 0.773204 0.331467
107 1.711018 1.801236 -0.364718
366 1.188753 3.905268 -1.103880
893 3.466192 0.495762 2.776059
2505 -1.514628 2.849879 1.134273
2239 0.190417 0.522854 1.801129
746 1.657146 0.302859 3.268290
1917 0.516793 1.814481 -0.323193
2496 -0.318111 1.333768 0.344020
242 -0.501346 5.075593 -0.647463
1703 -0.180832 0.818014 1.080015
966 2.666173 0.422398 2.232179
1941 0.014098 1.364487 0.134561
2387 0.204481 0.829024 0.193365
861 2.673915 1.166369 0.312406
1950 -0.451883 2.187908 0.102492
457 -0.567238 1.122251 0.799709
142 2.064989 1.752018 -0.294967
978 3.769447 0.538155 3.195278
737 2.636943 0.306014 3.702425
651 0.745393 0.340505 1.964302
263 0.567515 5.127339 -1.175663
560 0.779920 0.547123 0.564089
239 0.089180 5.157703 -0.985973
233 0.875542 4.872904 -1.198917
2207 0.285271 0.532251 1.736308
1491 2.209560 2.277498 -0.647813
2391 1.626536 0.970204 0.153451
2133 -0.662271 1.148234 3.206676
1428 2.008103 3.854266 -1.230464
1351 2.837937 1.471213 0.104407
175 1.458478 1.240147 -0.105691
1076 -1.992620 3.294050 1.762501
102 1.806349 2.055410 -0.597107
1019 -1.050119 1.570136 1.611745
101 2.050344 2.383990 -0.678966
379 0.613773 4.073916 -0.981428
1059 -2.027560 3.381349 1.595925
2033 0.162603 0.509943 1.582611
2255 0.510818 1.013198 0.091885
726 0.639452 0.688075 0.509678
349 1.069902 3.822370 -1.025179
103 0.762708 0.898192 0.102510
2208 0.580634 0.387596 2.031147
2174 0.543426 0.436279 2.821331
881 3.500405 0.468354 3.186552
2232 0.861085 0.504285 3.815757
1030 1.263924 0.510032 0.958472
2236 0.752998 0.704528 0.387458
1682 0.208122 0.515576 1.304379
1319 2.158048 1.205420 -0.076428
237 1.036709 4.399017 -1.143573
1922 0.319052 0.998308 0.034277
135 0.848175 1.101169 -0.053147
1508 0.822218 1.648226 -0.296129
558 1.037323 0.345977 1.690852
1875 -0.229094 0.948100 3.859835
619 1.121525 0.398386 1.419381
2126 -1.031088 1.459413 3.257811
704 2.682070 0.317540 3.374368
1133 -1.309658 1.975384 1.814330
972 3.545824 0.532016 2.636296
2105 -0.285446 0.778371 1.712970
2068 -0.459047 0.906963 0.801855
1602 0.749725 0.411555 1.161859
1776 -0.595391 1.039806 2.847646
2179 1.101562 0.285187 2.319483
981 1.285983 0.301257 1.832978
375 0.865842 4.430157 -1.123835
683 0.742167 0.618316 0.571825
2184 0.506734 0.493097 3.603191
1036 -1.378109 2.730391 0.827887
669 1.246209 0.204722 2.734277
1745 -0.111175 0.771465 1.206583
2054 -1.159050 1.544552 0.995042
1029 0.930375 0.507065 0.853902
2272 0.293466 0.761300 0.317582
1702 -0.253517 1.040052 0.744735
1787 2.149269 0.228822 2.984273
601 1.055651 0.375027 2.805013
735 2.347273 0.292107 3.312684
205 0.526749 3.394219 -0.753510
1920 -0.714279 3.844044 -0.281457
845 0.737822 0.365733 2.902141
734 2.362696 0.293447 3.692499
1010 -1.471436 3.994066 0.460565
2339 0.042556 0.867720 0.576069
240 0.237734 4.883059 -1.011755
2487 -0.631633 1.230202 1.012306
869 3.842510 0.587149 2.760943
286 -0.842713 4.853363 -0.427478
1802 -0.179694 0.908448 3.794118
300 0.254622 3.656068 -0.829249
279 0.472858 4.709755 -1.037762
490 0.381075 0.418704 1.692851
1324 2.120241 0.858988 0.411184
556 2.161783 0.652535 0.852720
2628 -1.349105 2.831394 0.775284
1987 -0.559283 1.929444 0.183056
1786 2.383597 0.284758 3.064165
2252 -0.204885 1.015496 0.584471
34 1.099660 1.277014 -0.208595
1827 0.686470 0.495318 3.767062
834 1.285986 0.328307 3.533099
868 3.717721 0.579029 2.549321
2444 1.724039 0.946180 0.253098
2500 -0.677967 1.779869 0.441333
856 2.959610 0.432759 2.471893
650 0.708070 0.700269 0.429845
1302 3.921677 1.371677 0.876630
1048 -1.516423 2.206454 1.825471
630 0.929623 0.316765 2.563634
1667 -0.090143 0.920276 0.707717
1554 1.194184 0.504049 0.260425
1490 1.285839 2.796638 -0.824824
1031 -1.754487 2.700023 1.671650
852 3.114645 0.450125 2.508123
842 0.637558 0.382403 2.155180
98 0.488282 0.585401 0.318601
2535 -1.276831 2.712231 0.744109
2377 3.086691 0.539262 2.049579
728 1.412790 0.267264 2.346045
2376 2.204676 1.701962 -0.287638
1003 -0.197087 0.614067 1.211865
2288 -0.860299 1.628188 1.063492
2287 0.397980 0.655034 0.647155
1777 0.348450 0.665908 0.603220
1395 2.063034 0.860282 0.446305
427 -1.861251 2.819276 2.063164
739 2.220642 0.251868 3.289064
292 1.048147 4.385603 -1.197347
1949 -1.123550 3.221907 0.303894
1124 -1.444216 2.231684 1.664413
1013 -1.134300 2.298903 0.688496
799 1.022815 0.354695 2.924093
2558 -2.159307 3.139683 2.448197
1851 0.265555 0.652569 3.816093
1209 -0.052915 1.781982 -0.001469
494 -0.034148 0.675054 3.060734
41 1.517582 1.524876 -0.308773
2604 -0.998715 2.321368 0.602031
148 2.668728 2.302161 -0.530014
565 1.398083 0.695340 0.476590
2455 1.175472 1.113051 -0.034221
224 0.512299 4.085854 -0.939272
736 2.563089 0.307669 2.868238
1038 -0.150948 0.566542 1.278619
1054 -1.418067 2.377805 1.331054
2022 -0.891222 4.173975 -0.216734
285 0.359512 4.272236 -0.893961
722 0.589732 0.704015 0.467938
705 2.711912 0.348877 2.660661
1518 0.854808 1.343973 -0.126841
727 1.680337 0.249600 2.914460
1778 -0.043811 0.650750 2.309399
2571 -1.488929 3.035631 0.895809
805 1.818833 0.343040 3.775279
848 1.225929 0.250953 2.371822
691 0.060202 0.878044 0.583863
2002 -0.676357 4.394357 -0.334103
653 1.162547 0.362990 1.863246
2626 0.034662 0.790604 0.162843
2021 -0.591115 3.958880 -0.352536
444 -1.659390 2.560245 1.890921
108 0.504484 1.581289 -0.186393
1690 0.568872 0.658930 0.492187
699 0.893032 0.364791 2.917020
2587 -0.186261 0.851610 0.373343
2445 1.516546 2.574536 -0.777482
2164 0.009273 0.611807 1.886304
18 0.725505 0.827267 0.051722
1383 2.996433 1.034334 0.698220
918 2.355907 0.314703 1.883154
249 0.484613 2.223055 -0.364088
662 0.801163 0.256579 2.040993
1009 -1.301060 3.557331 0.344677
2526 -1.645127 2.943185 1.253267
2559 -1.580570 2.943695 1.145912
2328 -0.281611 0.802679 2.115661
2594 -1.306641 2.818326 0.794777
2490 -0.419970 0.896181 1.529627
374 -0.272257 2.753738 -0.269976
2341 2.564506 1.441387 -0.011625
2596 -0.047928 1.113976 0.209753
1066 -1.562231 2.392588 1.781915
749 2.016291 0.263694 3.373245
2516 1.100745 1.624306 -0.290272
742 3.185301 0.627209 1.572919
582 1.185938 0.342237 2.126624
750 0.629833 0.397370 2.613923
472 -0.884693 1.458519 1.693437
555 0.831803 0.372633 2.135890
197 2.594821 2.335487 -0.624420
1916 0.164449 3.196337 -0.611234
686 -0.819623 1.538983 0.993959
1045 -1.027431 2.106422 0.727155
2264 0.102092 0.683813 1.428582
1750 -0.871516 1.287807 2.170213
1947 0.238931 3.963620 -0.826409
1595 1.218781 0.274752 2.432720
2348 2.305434 1.570374 -0.185410
1172 0.018345 0.940728 0.448489
2508 -0.432450 1.616203 0.254793
2178 1.112346 0.345135 3.475690
1911 -0.479404 3.979235 -0.465652
1049 -0.929785 1.743220 1.035395
188 0.811161 1.322110 -0.199374
1903 0.363909 0.539209 2.935307
1844 0.154870 0.625617 3.146204
1833 -0.261936 0.794443 2.828083
1924 -0.515790 3.320850 -0.266574
2286 -0.544020 1.355244 0.781082
2627 -1.528663 2.484440 1.381296
600 0.639978 0.431376 1.641479
2256 0.219857 0.629042 1.193220
2271 0.593506 0.909574 0.248284
1857 0.279193 0.534271 2.911817
1549 1.248423 0.310836 2.163725
2513 -1.138129 2.355178 0.675901
1303 1.998053 0.833803 0.419631
890 2.674180 0.303494 2.579806
1888 -0.377580 0.684330 0.755683
2533 0.189228 1.205992 0.208237
1948 -0.522580 2.344272 0.118527
1946 -0.729771 2.824783 0.039152
1430 2.202497 0.302453 2.405478
1845 0.212088 0.615103 3.064994
2029 -0.539002 3.435070 -0.256101
1782 -0.208981 0.770445 2.552988
109 2.262749 1.727639 -0.336963
1014 -1.384993 1.944859 1.900546
1456 1.233858 3.183619 -0.909045
2210 1.428982 0.148466 2.898351
17 2.569405 1.096669 0.225802
1876 -0.464826 0.969819 3.197953
1363 1.570331 1.683668 -0.320940
66 1.389371 0.441611 1.125292
2246 0.719215 0.857847 0.196116
2325 -1.577111 2.627725 1.321087
2514 -0.944126 1.678775 1.229427
