2553 3
1542 0.155224 0.288517 0.774031
1140 -0.511737 1.474509 1.195618
690 0.088558 -0.157344 1.760086
1620 1.611777 -1.170162 2.939581
2139 -1.110202 1.164761 2.604023
1626 0.573964 -0.404616 1.527493
1523 1.617788 -1.054104 2.684583
798 0.671922 0.609957 0.480397
1119 -0.029815 1.269073 0.730596
1269 -0.429973 -0.175278 3.450674
248 4.273896 1.398344 0.880090
818 0.909478 1.113135 0.331100
1128 -0.270707 1.444154 0.985583
1313 -1.552183 3.195407 2.644368
1641 0.885561 -0.835211 2.332676
1125 -0.322056 1.253601 1.069827
664 -0.191727 -0.537667 4.132946
1262 -0.414026 -0.198591 3.753894
2398 2.258867 -0.174972 1.152987
1332 -1.311513 3.369896 2.291552
1242 -0.104900 -0.300954 2.883591
1528 0.904453 -0.835996 2.488983
802 0.128783 0.938359 0.600474
63 0.266060 0.397500 0.875801
2638 -0.059885 1.212368 0.645955
2302 -1.481060 1.742491 3.073739
1344 -0.883865 1.900837 1.684655
2055 0.292026 1.197167 0.477799
734 2.032972 1.916876 0.243227
1389 -0.876751 2.440867 1.686609
1574 0.794963 -0.338882 1.548672
1831 -0.304965 0.854213 0.998859
940 0.344322 0.585785 0.698205
1071 0.047644 1.128668 0.684890
586 -0.441265 -0.480403 4.798636
1535 1.463597 -0.720254 1.923893
730 2.575649 2.376992 0.189431
1142 -0.128793 0.949159 0.897600
1273 -0.479172 -0.048237 3.094050
358 4.064968 0.949757 0.995390
1343 -0.911864 2.032642 1.698085
1856 -1.407987 1.477203 3.088212
1078 0.061761 1.015877 0.753204
1300 -1.430786 3.404194 2.509129
1405 -1.151931 2.867910 1.968421
323 2.225650 0.926711 0.400318
247 4.202273 1.476457 0.785032
1604 1.241790 -0.889374 2.422977
2140 -1.270379 1.320199 2.891624
2146 -1.137071 1.128732 2.647291
366 3.044480 0.569306 0.897353
2440 0.981107 -0.039038 0.982381
1130 -0.325598 1.669663 1.081530
1170 -0.929438 0.756782 2.602198
91 0.803424 -0.239321 1.346390
2230 -0.081640 0.549850 0.861976
316 3.635774 0.624132 1.044171
1939 3.411686 2.887104 0.209234
1055 -0.277491 1.621589 0.981158
1618 1.460582 -0.999651 2.575993
1484 1.064162 -0.605527 1.828249
1972 2.757079 2.297361 0.214963
1737 2.192934 3.328955 0.207264
1982 3.515992 2.486269 0.281287
526 4.100563 -0.543907 2.302608
2117 0.217760 0.647250 0.717111
1614 1.670726 -1.153443 2.893386
1263 -0.328972 -0.153004 3.041972
481 4.091902 -0.609839 2.313597
90 0.557952 -0.087296 1.198901
2119 0.316287 0.752752 0.617068
301 3.574958 0.995752 0.776250
809 0.243215 0.661127 0.615776
1314 -1.610228 3.788042 2.810265
799 0.739688 0.817852 0.443290
1347 -0.253583 1.094357 0.698521
2350 1.010511 0.312174 0.585181
416 2.916272 -0.638942 1.969774
2002 2.555208 1.506105 0.319598
1975 3.718232 3.063394 0.255413
1807 -1.353260 1.536086 2.861971
1330 -1.241544 2.421922 2.147166
2479 1.203805 0.041141 0.861439
1095 -0.195255 1.408701 0.851454
671 -0.482278 -0.177921 3.728471
1266 -0.358865 -0.283054 3.952482
1977 2.800122 2.344575 0.197113
2092 0.228666 0.977301 0.613715
1331 -1.309031 2.547956 2.283844
1352 -1.245483 2.761310 2.143368
668 -0.861952 0.144756 3.984725
311 3.266785 1.002982 0.692334
837 0.345216 0.855037 0.524595
975 0.203518 0.816077 0.597842
1378 -1.148123 2.859529 2.089412
2188 -1.484744 1.626824 3.231795
2391 3.120740 1.286030 0.556918
1144 -0.158031 0.914621 0.887751
1854 -1.775293 1.928011 3.835923
423 2.561155 -0.771858 2.078135
796 0.502238 1.127091 0.394968
1276 -0.436745 -0.222464 3.580913
2446 0.533626 0.252400 0.813500
527 4.617884 -0.409716 2.327617
42 0.377502 0.392953 0.750596
1034 -1.148329 2.727617 2.099934
1100 -0.558003 1.461848 1.304129
1129 -0.392205 1.538485 1.142131
833 0.202867 0.975037 0.517815
1598 1.376481 -0.932300 2.409988
731 2.698331 2.454867 0.186502
377 3.704244 0.764772 0.975003
2118 0.341505 0.537189 0.705326
2390 2.848825 0.997490 0.594750
1345 -1.010012 2.108725 1.875087
2642 -0.036386 0.885175 0.640517
1654 1.612759 -1.016514 2.543287
1180 -0.588329 -0.051701 3.576259
1608 1.668114 -1.078142 2.699914
1062 -0.008659 1.087359 0.753034
733 2.079059 1.928697 0.195064
271 3.152716 1.106712 0.623089
1274 -0.263146 -0.125536 2.671793
229 3.314575 1.248681 0.604458
810 0.339186 0.713192 0.492533
1642 0.952436 -0.948286 2.752217
2480 1.465497 -0.090529 1.005808
635 0.161792 -0.721276 3.799013
498 3.270344 -0.273177 1.613809
1133 -0.327720 1.559870 0.997674
2644 -0.126408 1.940554 0.759993
1390 -0.454623 1.496976 1.060427
2158 -1.223589 0.796546 3.555141
1619 1.675249 -1.139078 2.884171
225 2.588418 0.997310 0.524987
1841 -0.990839 1.281561 2.152629
509 3.653189 -0.415822 1.967441
530 4.094871 -0.361968 2.047943
1483 1.275152 -0.741420 2.062431
1517 1.590050 -0.913809 2.350644
2258 -0.312457 0.659088 1.274093
1485 1.140383 -0.634570 1.845266
512 3.481126 -0.591802 2.125126
227 3.069032 0.525573 0.908857
255 3.537414 1.183535 0.686746
2430 1.177545 -0.257354 1.243296
1035 -0.688589 2.102499 1.354580
521 3.023308 -0.520067 1.828132
1573 0.666662 -0.247205 1.454279
674 -0.089305 -0.298441 2.710879
1873 -1.568445 1.581926 3.354678
2637 -0.148116 1.256994 0.721290
404 2.569159 -0.709829 1.984020
1577 0.997622 -0.492729 1.649411
974 0.157615 0.828373 0.673648
496 3.796979 -0.665906 2.306222
2277 -0.692768 0.980566 1.624921
2355 2.771542 0.895791 0.608161
807 0.959419 1.628608 0.276750
1312 -0.905598 1.465604 1.810338
2023 1.677256 0.528684 0.488016
1327 -0.661900 2.046706 1.314067
2478 1.096847 -0.202715 1.131739
765 -0.042214 0.818877 0.657349
1461 1.212954 -0.779333 2.137276
1762 2.210818 3.418854 0.176444
2129 0.092458 0.573117 0.769848
1934 3.239238 2.825771 0.213315
277 3.955540 0.923512 0.962911
926 0.620518 0.735183 0.451726
1895 -1.578481 1.932056 3.091320
1270 -0.542728 -0.070983 3.553459
1177 -0.514495 0.004244 3.180978
1233 -0.408990 -0.255721 3.762168
2531 0.337969 2.937601 0.615354
1935 3.423657 2.516984 0.268107
1515 1.624842 -0.861036 2.269718
1388 -0.751689 1.937856 1.515610
573 -0.481329 -0.324539 4.307402
285 4.292596 1.133556 0.951503
825 0.361682 1.093872 0.478895
2380 3.341186 1.724393 0.448605
1275 -0.031807 -0.520514 3.478682
2088 0.255033 0.943516 0.598402
1272 -0.413207 -0.146348 3.012108
1734 2.563785 3.885432 0.200560
1241 -0.319995 -0.076751 2.638568
2464 1.419894 -0.201210 1.145814
1131 -0.386012 1.610311 1.120683
1519 1.490240 -0.944683 2.427108
2444 1.103542 -0.519349 1.679688
2094 0.184013 1.041426 0.613422
1735 2.286870 3.018010 0.185449
2038 0.343353 0.578940 0.626848
410 2.162831 -0.848919 2.059425
1341 -1.295967 3.263153 2.216889
1927 1.370825 1.389776 0.258246
2209 -1.344189 1.272044 2.884455
224 3.215131 1.153878 0.599913
2037 0.678144 0.408187 0.644600
1877 -1.305433 1.397326 2.930952
811 0.363733 0.546813 0.571127
1853 -1.090171 1.392595 2.365086
1575 0.684019 -0.160584 1.248264
300 3.876872 0.976102 0.898904
1299 -1.365451 3.358102 2.389306
816 0.746713 1.133988 0.343498
414 2.962979 -0.728942 2.132252
1607 1.795632 -1.093036 2.737916
1563 0.915409 -0.347415 1.419384
797 0.425947 1.128057 0.431352
1240 -0.406785 -0.032070 2.855545
341 3.817817 0.533069 1.115145
1617 1.506423 -1.003066 2.586235
1102 -0.033245 1.081202 0.619351
2449 1.225040 0.245693 0.602332
814 0.846002 1.194702 0.302125
1268 -0.386511 -0.251176 3.738580
1395 -0.990454 2.044727 1.833380
517 3.254166 -0.196608 1.554757
800 0.505152 0.814455 0.533848
2367 2.254596 0.820674 0.535027
2404 1.674852 1.084151 0.318510
727 1.150501 1.255026 0.201469
2082 0.233695 1.043727 0.596954
2338 2.131687 0.826948 0.501433
2081 0.355144 0.963357 0.526746
826 0.023683 1.022145 0.655432
1136 -0.228128 1.544400 0.897998
1739 1.990529 2.347299 0.114185
415 3.173768 -0.645192 2.053566
845 0.745709 0.262338 0.545245
1226 -0.523413 -0.042756 3.359704
1916 2.898344 2.319568 0.222376
343 4.046333 0.821512 1.048008
65 0.489386 0.264739 0.838761
1306 -1.396564 3.220487 2.395119
2489 0.427431 2.029714 0.378211
412 2.361240 -0.670635 1.901522
1725 1.942159 4.124436 0.317441
1587 1.631532 -0.817935 2.129045
1677 2.021328 2.886130 0.128752
1074 -0.155396 1.393418 0.931418
2080 0.239337 1.100845 0.560716
877 0.234632 0.766387 0.677539
289 3.277461 0.924829 0.715375
1176 -0.381045 -0.263599 3.804913
2160 -1.380734 1.061159 3.463558
1072 -0.174958 1.303585 0.914602
2200 -1.218388 1.208241 2.758560
1817 -0.835291 1.116498 1.950613
1124 -0.307893 1.412253 1.053492
2450 1.164230 0.081210 0.814634
2096 0.378144 0.672741 0.606441
1952 0.865372 0.665505 0.321370
763 0.004766 0.930702 0.570314
1169 -0.844663 0.550003 2.731102
1581 1.614367 -0.792097 2.011787
1105 0.189121 0.739349 0.701376
1160 -0.615397 -0.125085 4.052818
1525 1.302846 -0.461248 1.440074
750 0.547927 1.424602 0.344235
1382 -0.664428 1.541764 1.446489
1555 1.015740 -0.573104 1.723363
2436 0.883251 0.015095 0.924079
1337 -1.404408 3.061465 2.386482
363 2.811810 0.630819 0.749788
2083 0.278909 0.872207 0.607407
1325 -1.293581 2.599764 2.282944
342 3.387412 0.620552 0.940601
2214 -0.449001 0.766279 1.351398
2242 -0.285266 0.564689 1.259404
1938 3.417491 2.449553 0.252839
658 0.384655 -0.468747 1.996432
625 -0.435047 -0.286256 4.009169
677 -0.019706 0.034980 1.495870
744 1.008825 1.766625 0.274684
2264 -0.389389 0.703122 1.364445
1606 1.766101 -1.094681 2.717571
1249 -0.077170 -0.489952 3.591053
13 1.151202 0.178163 0.683272
1976 3.895543 3.069440 0.270851
230 2.793252 1.074715 0.562044
667 -0.506364 -0.215735 4.060520
2123 0.333498 1.126506 0.514937
64 0.329054 0.397761 0.827134
77 0.740660 0.427145 0.581357
2568 0.011558 5.109390 1.291913
310 2.675265 1.012745 0.511741
1415 1.352939 -0.735809 2.049750
2359 2.056675 1.066861 0.343821
1084 -0.086813 1.056610 0.721036
345 4.419027 0.749084 1.251903
62 0.007322 0.792786 0.791385
1134 -0.354192 1.775580 1.035330
1096 -0.395719 1.545172 1.075275
1329 -0.889401 2.326416 1.640381
324 3.673234 0.991489 0.836025
108 0.508907 0.026972 1.055710
507 4.170942 -0.313135 2.035008
836 -0.159694 0.901138 0.813527
770 1.568306 1.981205 0.230728
1896 -1.722110 1.966453 3.474349
2189 -1.437192 1.313895 3.317796
900 -0.296406 1.044527 1.057886
922 0.328953 0.758968 0.636737
2466 1.558044 0.289870 0.606184
1647 1.019051 -0.592892 1.769326
1379 -1.322517 3.310296 2.382582
2102 0.575155 0.878100 0.467838
376 3.312944 0.792070 0.845528
1146 -0.215965 1.041553 0.877063
2412 2.847343 0.732483 0.734247
853 0.138174 0.627595 0.677295
2157 -1.359507 1.138765 3.375907
1964 3.187736 2.502930 0.229910
1143 -0.231458 1.029816 0.981723
2208 -1.457999 1.579790 2.940683
1855 -1.749953 1.932936 3.743013
2007 2.315220 1.807289 0.238870
2441 0.908270 -0.054812 1.013034
815 1.006007 1.586336 0.263438
1695 1.816812 3.967544 0.273680
510 3.571014 -0.607697 2.159772
878 0.451246 0.500373 0.633178
1445 1.424691 -1.125741 3.060435
1628 1.080697 -0.984936 2.987833
2142 -0.799344 0.825680 2.129654
1436 1.365821 -0.863154 2.357084
2465 1.804170 0.077492 0.849367
2394 2.353000 0.619474 0.644079
895 0.164351 0.902687 0.594127
1070 0.024999 1.118369 0.715102
947 0.409040 0.406523 0.813228
2078 0.272306 1.170998 0.515675
838 0.335105 0.744821 0.541207
2358 2.815860 0.611947 0.777216
1346 -1.055742 2.643731 1.883959
1839 -1.471707 1.722929 3.011291
2622 0.522167 2.421587 0.386164
1998 2.384747 1.259284 0.362894
1239 -0.479555 -0.045357 3.158906
620 -0.382904 -0.147029 3.173902
626 -0.035744 -0.577394 3.796354
1962 2.744164 1.558151 0.323858
369 2.814435 0.780352 0.658300
834 0.182473 0.923199 0.529270
1355 -1.180776 3.042254 2.086298
689 0.295555 0.056387 0.963792
2087 0.136345 1.161781 0.612273
275 3.513247 0.593462 1.003136
694 0.521321 -0.589592 2.144272
1057 -0.221552 1.456288 0.884403
2022 1.708433 1.225213 0.245904
1161 -0.515073 -0.160403 3.822207
2282 -0.211304 1.038204 0.808308
1668 1.757057 3.465370 0.237673
4 0.624258 0.085244 0.869452
1933 3.147658 2.496977 0.244593
1672 2.267530 3.614964 0.178460
329 4.201656 0.850226 1.101299
604 -0.485967 -0.505626 5.342778
2312 -0.459045 0.466561 1.703535
2447 0.659397 0.147663 0.850864
1150 -0.353381 1.490597 0.908426
1822 -0.069791 0.725568 0.858104
240 4.324369 1.412129 0.842613
1524 1.631494 -0.756852 1.970392
1336 -1.447815 3.632358 2.552444
735 1.919935 1.793801 0.222422
1771 1.799594 2.977000 0.184612
2091 0.252494 1.016467 0.616555
2116 0.224692 0.613567 0.701848
1120 -0.119154 1.491736 0.773367
1926 1.001243 1.063805 0.318952
330 3.913461 0.706717 1.085123
1399 -1.530084 2.741638 2.660560
268 3.657206 1.060876 0.790649
344 3.532275 0.670584 0.962087
1971 2.233881 2.438407 0.151325
2109 0.696549 0.699532 0.482104
930 0.244199 0.607011 0.667837
1932 3.402543 2.871268 0.208289
1362 -1.250746 2.888961 2.245171
2437 1.363466 -0.201910 1.150944
2615 0.317652 1.069251 0.366317
1623 1.562770 -1.182797 3.044987
1141 -0.396498 1.431547 1.059432
1703 2.627198 4.783015 0.301495
967 0.022040 0.792296 0.794310
824 0.227290 1.002860 0.548216
2025 1.584681 0.449760 0.514649
95 0.653857 -0.254605 1.379256
1571 0.899733 -0.436086 1.694287
2162 -1.348682 1.338900 3.001888
957 0.315596 0.421279 0.815239
1255 -0.128758 -0.622758 4.457666
2463 1.469694 -0.167385 1.194175
2313 -0.032907 0.090336 1.489680
2452 1.005614 -0.071060 0.960790
233 3.857691 1.168225 0.791958
2257 -0.225799 0.667554 1.094214
1135 -0.440683 1.972906 1.117351
1469 1.405553 -0.698554 1.937531
1486 1.001247 -0.251150 1.133584
1075 -0.002681 0.958798 0.787241
1500 1.499131 -0.864633 2.296269
1085 -0.387331 1.362142 1.051637
2161 -1.425477 1.305269 3.300036
866 0.372011 0.416700 0.788455
1629 0.777050 -0.451081 1.692858
548 -0.543284 -0.060605 3.454307
808 0.254086 0.488192 0.575135
749 0.341584 1.261468 0.431838
2019 3.352802 2.787786 0.219237
2278 -0.178143 0.403848 1.274510
1558 1.375752 -0.791602 2.156781
605 -0.364220 -0.554064 4.739045
459 3.321669 -0.821060 2.313337
469 1.348210 -0.430485 1.297616
228 2.948879 0.992255 0.614354
307 2.921717 1.218513 0.513730
976 0.242513 0.809222 0.619781
597 -0.610567 -0.184043 4.169284
2124 0.287955 0.928998 0.610633
357 4.234642 0.968499 1.014321
1386 -0.794593 2.035382 1.553101
306 4.150033 1.484911 0.734495
567 -0.379977 0.029902 2.361485
892 0.168942 1.009890 0.634728
448 1.894573 -0.377453 1.360074
2435 1.006133 0.087780 0.831767
336 3.775915 0.889259 0.904288
463 2.419391 -0.568713 1.705626
1635 1.126812 -0.941599 2.647759
1522 1.694644 -1.193277 3.048127
1534 1.688652 -1.049295 2.637144
549 -0.648723 0.038991 3.390429
1674 1.978316 3.192917 0.163142
1829 -0.434913 0.812833 1.303752
352 3.345679 0.596586 0.928201
69 0.802863 -0.073781 1.014256
847 1.238326 0.644351 0.382914
691 0.193998 -0.042459 1.288357
518 3.004883 -0.101685 1.359979
656 -0.163104 -0.380859 3.139256
1676 2.354791 3.420806 0.173100
1770 1.255181 3.381051 0.310850
2363 2.421958 1.296937 0.363843
1694 1.536628 3.911860 0.362862
1448 0.872122 -0.648523 2.080508
2572 0.028496 4.957488 1.266788
2351 1.876390 1.283350 0.258143
258 1.716308 1.138755 0.224300
1602 1.200169 -0.822279 2.289943
12 0.953958 -0.153969 1.004570
1727 1.974863 4.416595 0.319506
1317 -1.590366 3.824183 2.802162
284 4.657523 1.330289 0.969679
260 1.652957 0.891792 0.299447
1599 1.293442 -0.870865 2.401951
2009 2.071821 1.053642 0.380616
2151 -0.463649 0.727208 1.375321
94 0.647836 -0.218566 1.370905
1387 -0.649533 1.762403 1.401331
2364 2.589202 0.568502 0.704101
1184 -0.776637 0.159603 3.655467
1086 -0.570026 1.321223 1.284229
1565 1.282058 -0.627028 1.829797
1649 1.562027 -1.118690 2.727209
832 0.418256 1.243640 0.392623
2265 -0.686272 0.965613 1.807081
2301 -1.370481 1.462903 2.944334
1702 2.264454 4.324789 0.293850
831 0.564080 1.237612 0.338085
272 3.322961 1.180553 0.613344
2539 0.274209 5.066363 1.143332
1892 -1.903408 1.993231 3.959918
2432 1.287531 -0.093616 1.034531
1489 1.246215 -0.444556 1.447200
2582 -0.556105 3.662890 1.376483
2221 -1.549284 2.085085 2.912878
2403 1.353098 0.466023 0.561758
1451 1.301472 -0.996102 2.724688
1079 -0.008478 1.018014 0.779875
2318 0.152795 -0.223632 1.814713
1443 0.999116 -0.696293 2.144292
740 0.832267 1.535333 0.317312
665 -0.184859 -0.465806 3.776014
2244 -0.577162 0.833058 1.653312
2099 0.870280 0.883144 0.367496
1311 -1.027496 1.626368 1.937292
333 3.668613 0.615116 1.022026
428 2.601564 -0.584415 1.792421
1700 2.415136 4.665291 0.307429
216 1.507024 1.114886 0.208366
443 3.035334 -0.462809 1.766659
1655 1.201771 -0.572270 1.638129
201 2.234115 0.987395 0.438126
1427 0.833317 -0.376365 1.543722
45 0.510790 0.384721 0.731000
603 -0.373265 -0.499800 4.673668
587 -0.637990 -0.383655 5.456215
1237 -0.682621 0.025341 3.743411
232 1.986899 0.896936 0.414912
872 -0.057277 1.042459 0.806161
1471 1.242871 -0.634452 1.811432
1076 -0.139183 1.258666 0.856714
1167 -0.191062 -0.040128 2.075982
1754 1.828564 2.806992 0.132822
2276 -0.743630 0.665044 2.299623
1367 -1.376050 3.436265 2.459963
813 0.729528 1.148146 0.352568
1951 2.064744 1.577208 0.205887
1925 1.276277 1.329936 0.248322
962 0.543938 -0.067589 1.117225
563 -0.576573 -0.180472 3.908702
1780 2.306764 4.652363 0.326203
2020 3.195608 2.788328 0.210535
2056 0.263962 1.236199 0.519327
840 0.255198 0.944480 0.530054
1503 1.627704 -0.985414 2.533931
1381 -0.786065 1.939352 1.541681
821 1.428329 1.499800 0.264920
308 3.354502 1.149482 0.660521
880 0.398302 0.556386 0.632135
2641 0.190691 0.965355 0.435432
2305 -1.021699 1.158766 2.343219
1080 0.062058 0.951363 0.737399
504 3.673486 -0.493020 2.044276
636 -0.341979 -0.345619 3.843378
2612 1.139253 3.142452 0.310443
1882 -0.869952 0.759785 2.359637
266 1.865515 0.640835 0.433280
361 3.046220 0.331382 0.986447
2138 -0.581017 0.961276 1.407071
1452 1.367984 -1.012268 2.666813
37 1.157680 0.012031 0.867316
2164 -1.153091 0.687635 3.427063
1644 1.270195 -1.100779 2.993953
1185 -0.800180 0.191165 3.519747
1937 2.787163 1.835179 0.275753
1217 0.442499 -0.635933 2.459526
1334 -1.244126 2.915036 2.110189
1521 1.568835 -1.075006 2.804643
270 3.842861 1.120779 0.829307
1319 -1.552469 2.984182 2.676557
977 0.150998 0.783599 0.763261
2159 -1.183468 0.723722 3.457472
249 3.578506 1.289083 0.640958
1383 -0.595934 1.495978 1.354038
1497 1.766482 -0.393656 1.359589
403 2.352028 -0.531779 1.674240
1265 0.053041 -0.513679 3.115034
1665 1.033724 1.316724 0.212522
2647 -0.060319 4.719029 1.270154
1632 0.896591 -0.861043 2.520759
864 0.227123 0.562728 0.725511
438 1.570007 -0.465792 1.297824
1351 -1.186419 3.055274 2.078762
2130 0.479350 0.684017 0.466830
442 3.221124 -0.637385 2.071285
1099 -0.590843 1.345050 1.379943
222 2.134046 1.046638 0.386783
616 -0.522157 -0.327428 4.645453
1467 1.059128 -0.777675 2.218454
1651 1.259001 -0.923563 2.280896
2492 0.216191 4.470319 0.950833
1768 1.124184 2.442084 0.182298
231 2.506438 1.080623 0.476794
1779 2.314238 4.587053 0.300207
1929 1.989478 1.702380 0.205300
2383 2.378336 1.105540 0.399713
1915 2.981928 2.616710 0.186945
276 3.646959 0.597748 1.049638
1198 -0.461861 -0.313964 4.211967
1991 2.697284 2.096428 0.224869
1719 2.526844 5.125670 0.322902
992 0.284646 0.159511 0.949526
2386 3.006490 0.885698 0.681472
742 0.809169 1.656121 0.310780
499 3.721350 -0.373642 1.938835
1281 -0.228900 -0.518174 4.356286
2051 0.325144 1.219446 0.564800
1548 0.560442 -0.020457 0.898656
68 1.074195 -0.175151 1.134126
2387 2.606930 1.088129 0.482454
873 -0.047975 0.839840 0.830850
2357 2.592215 0.640694 0.712199
1179 -0.590305 0.093506 3.192238
1376 -1.329745 3.489761 2.320294
1132 -0.349623 1.639047 1.068693
508 3.919040 -0.278824 1.850747
331 3.502311 0.676398 0.942208
2114 0.234359 1.070591 0.612139
2425 0.602358 0.025175 0.931840
788 0.738616 1.039006 0.325994
1103 0.036626 0.994885 0.667935
948 0.313913 0.577427 0.802747
1637 0.907341 -0.823078 2.521728
670 -0.403953 -0.220006 3.726286
1601 1.356517 -0.953331 2.584828
2095 0.158776 0.920849 0.645727
1310 -1.449858 3.358734 2.518905
2569 0.211082 4.752942 1.091245
1083 0.070101 0.963138 0.665247
283 4.516636 1.252077 0.936039
92 0.869335 -0.252975 1.346942
1505 1.686625 -1.014911 2.589540
1564 1.067392 -0.465364 1.592091
1073 0.013578 1.058661 0.742632
274 3.834896 0.936419 0.891350
1918 1.493446 1.574100 0.192474
89 0.899969 -0.349553 1.444923
2553 -0.882708 3.229441 1.696424
903 -0.230369 1.079841 1.014648
302 3.141459 1.108192 0.608401
1749 1.848448 2.999975 0.162311
1504 1.602593 -0.998577 2.542522
920 0.713383 0.742485 0.375042
2552 -0.674086 3.635107 1.494527
1596 1.574678 -1.089905 2.727971
1518 1.493436 -0.934989 2.436369
291 3.597053 0.998662 0.796149
1507 1.247118 -0.349353 1.281673
1550 1.409089 -0.580106 1.703452
2385 3.220612 0.772686 0.794576
771 0.551535 0.896276 0.379746
2241 -0.423612 0.735077 1.332277
564 -0.504418 -0.095735 3.425625
1815 -1.250923 1.476479 2.616172
1520 1.698109 -1.067186 2.688879
1559 0.863993 -0.599405 1.899317
2418 3.421138 0.856511 0.873768
1024 -0.443552 1.453607 1.124944
2281 -0.374538 0.638879 1.350879
2290 -0.762517 1.089109 1.770911
1412 1.841126 -1.129321 2.774891
1636 1.166787 -1.037605 2.944984
2402 0.915801 0.225224 0.719357
1118 -0.021146 1.269396 0.727135
1950 2.539623 2.159806 0.183956
951 0.283170 0.405566 0.830523
568 -0.555647 -0.162710 3.912549
1326 -1.374983 2.829942 2.378350
304 4.441194 1.325907 0.910681
1650 1.604273 -1.108576 2.811819
581 -0.527643 -0.308614 4.351345
2047 0.314368 0.906696 0.578840
2205 -1.200648 0.744667 3.230601
939 0.108306 0.712602 0.716112
1653 1.706463 -0.683734 1.760893
946 0.485581 0.271592 0.812914
719 1.555865 1.590039 0.194585
2473 1.094254 -0.138131 1.089027
2156 -1.202894 0.963516 3.122452
2537 0.376240 4.541940 0.953262
1531 1.230618 -0.964737 2.594090
2054 0.196790 1.187712 0.595901
1553 1.444202 -0.761370 2.059847
1874 -1.788247 1.819108 3.730382
522 3.222821 -0.553880 1.944329
1763 1.765510 2.437621 0.153225
2207 -1.484353 1.486048 3.237595
1499 1.367547 -0.679241 1.899511
1419 1.770014 -1.006594 2.509390
305 4.011946 1.205851 0.801005
644 -0.064532 -0.448570 3.184834
2333 1.320451 0.746082 0.450059
340 3.934074 0.581895 1.192453
1814 -1.465516 1.671307 3.042474
1277 0.060998 -0.600847 3.555944
1631 1.048308 -0.651340 2.052624
2191 -0.708176 0.692991 1.962566
2131 0.295584 0.503886 0.700597
1374 -1.309407 3.772620 2.306850
2193 -0.327022 0.680106 1.050358
538 3.419349 -0.857149 2.399666
1421 1.096148 -0.669099 1.923649
354 3.709371 0.841160 0.934550
1480 1.359398 -0.702237 1.906875
2175 -1.481137 1.297037 3.442145
1733 2.292876 3.442868 0.186487
732 2.555900 2.295512 0.198674
841 0.184696 0.805636 0.546174
984 0.383973 -0.008913 1.176601
1082 0.072497 0.924743 0.631474
1496 1.831458 -0.271748 1.225642
1673 1.993901 3.145684 0.108477
935 0.628132 0.479938 0.593716
102 0.584495 -0.109358 1.216216
787 0.626814 1.198046 0.367852
2594 0.432935 2.145270 0.375361
1633 0.614441 -0.765709 2.710326
1600 1.184154 -0.731420 2.121321
1824 -0.017469 0.872500 0.711263
839 0.223398 0.958189 0.533417
745 1.089166 2.025086 0.264255
1139 -0.594143 1.258147 1.359316
2639 -0.277263 1.554797 0.784430
659 -0.564538 -0.213871 4.194957
287 4.356841 1.053608 1.031073
2424 0.750750 0.164908 0.728321
1238 -0.752893 0.228317 3.254011
215 2.954870 1.414391 0.482111
953 0.477203 0.200371 0.876576
1594 1.189335 -0.967314 2.688140
1840 -1.400488 1.666041 2.940185
899 0.212891 0.937729 0.538771
1439 1.035600 -0.507961 1.698733
218 2.198517 1.305626 0.316656
968 0.146840 0.577976 0.841733
584 -0.354102 -0.542896 4.844181
2307 -0.841023 0.969638 2.128450
1761 2.165225 3.686163 0.208824
1827 -0.048407 0.585973 0.782326
1101 -0.130435 0.970022 0.759530
36 0.991849 0.038445 0.866692
1999 1.961457 1.161486 0.315110
2166 -0.549466 0.603540 1.483747
434 2.700850 -0.522177 1.760557
406 2.163001 -0.626487 1.737527
2036 0.637770 0.607822 0.538185
477 1.931720 -0.417405 1.408478
1187 -0.780388 0.172234 3.463957
1767 1.681330 3.184091 0.218809
1122 -0.420659 1.858774 1.039249
969 0.058238 0.769940 0.841660
1340 -1.453892 3.080496 2.534682
2052 0.290601 1.210838 0.586547
1720 2.328545 4.737487 0.311601
757 1.244945 2.508571 0.257790
326 3.237321 0.707764 0.832247
353 3.523149 0.679574 0.968215
1759 2.411558 4.171435 0.264044
688 -0.064771 -0.041858 1.665611
1264 -0.360295 -0.216637 3.596074
1766 2.235348 3.819182 0.184858
1477 1.470331 -0.710013 1.950367
1348 -0.322268 1.061168 0.955061
1862 -1.959596 1.773523 4.571025
1333 -1.142722 3.646371 2.008771
932 0.414756 0.415611 0.762754
2619 0.349758 1.657204 0.346294
1693 1.261471 2.899471 0.236030
2460 1.318987 0.095746 0.798758
950 0.235307 0.273938 0.936508
1748 1.613061 3.869769 0.274025
1466 1.505080 -1.021606 2.580656
876 0.067613 0.907919 0.774926
484 4.029715 -0.803311 2.595619
2405 2.365828 1.177296 0.425591
2365 2.945683 0.446885 0.864533
1634 0.746156 -0.723400 2.474248
1188 -0.507065 0.145310 2.557751
500 3.258302 -0.179637 1.521730
1259 -0.196713 -0.398581 3.701401
1936 2.495473 1.766504 0.241091
1203 -0.401877 -0.373532 4.173797
964 0.115126 0.631866 0.640040
1400 -1.108830 1.970145 2.044486
1622 1.648457 -1.196803 3.056443
417 2.373643 -0.439841 1.555269
1552 1.366194 -0.755161 2.042625
1717 1.504439 2.843879 0.232647
2544 -0.074278 5.533500 1.532429
27 0.745134 0.182591 0.819406
2086 0.228605 1.083015 0.616861
1481 1.305998 -0.656443 1.881457
407 2.461597 -0.320710 1.420661
2285 -0.992951 1.240544 2.115030
764 -0.070437 0.981219 0.620234
1098 -0.380199 1.144628 1.049226
949 0.251884 0.556697 0.808354
2500 0.502508 3.905323 0.700358
236 3.793372 0.831547 0.917064
778 1.053431 1.737379 0.249314
418 2.208511 -0.506226 1.564298
2190 -1.158093 1.092380 2.745790
1832 -0.303775 0.763732 0.977956
1056 -0.294203 1.424595 0.979249
2577 -0.192757 3.155784 0.952020
1046 -0.391685 2.146355 1.056053
1712 2.598507 4.224648 0.229486
1501 1.630075 -0.959410 2.359752
425 2.668916 -0.631738 1.919365
795 0.719860 1.073613 0.344531
1820 -0.792098 1.266396 1.684842
2178 -1.707341 1.551715 3.914480
1615 1.309446 -0.819250 2.286369
1220 -0.073371 -0.353156 2.927463
1968 3.032868 2.828863 0.184833
1825 0.115281 0.782352 0.662390
2397 2.255137 -0.147228 1.139157
2176 -1.646577 1.554986 3.662195
941 0.262878 0.345111 0.791989
1751 2.094666 3.631334 0.207730
1060 -0.179363 1.375206 0.895757
2260 -0.103735 0.351272 1.205963
846 1.241330 0.253554 0.656762
15 1.191699 -0.518333 1.494218
928 0.504573 0.766537 0.482993
2171 -1.035026 0.948017 2.636497
576 -0.326246 -0.355615 3.772509
901 -0.396471 0.957706 1.186343
2229 -0.091206 0.322613 1.029943
2580 -0.574685 3.790619 1.408931
2353 2.043630 1.025015 0.404312
1765 2.156016 3.950830 0.228101
1104 0.170117 0.848139 0.687871
2289 -0.717778 1.027619 1.684148
2427 0.960542 -0.004470 0.936197
1422 1.049026 -0.447319 1.428939
736 1.824288 1.790761 0.226434
226 3.812539 1.015946 0.859981
1624 1.399981 -0.909665 2.380799
615 -0.609977 -0.309975 4.679517
2598 0.035303 3.363685 0.892068
884 0.142331 0.919217 0.691495
1652 1.765755 -0.774628 1.921954
356 3.726025 0.863525 0.915077
273 3.998819 1.146170 0.866863
378 4.067922 0.757198 1.098820
533 1.579466 -0.679134 1.780716
2113 0.238172 0.835356 0.631697
643 -0.080566 -0.042686 1.620414
725 1.623168 1.397164 0.256070
2275 -0.628417 0.465592 2.255699
781 0.367045 1.033899 0.420994
889 0.273139 1.004672 0.556767
351 2.152045 0.525456 0.568277
43 0.534150 0.217798 0.855560
1192 -0.545184 -0.225438 4.141186
1760 2.224026 3.880414 0.233923
426 2.623351 -0.519270 1.776630
1473 1.578303 -0.885612 2.325032
2259 -0.425481 0.567268 1.541011
1967 2.721515 1.978321 0.236957
2172 -1.192624 1.108587 2.893921
490 4.366863 -0.426868 2.207134
109 0.336555 0.291170 0.853071
1202 -0.017558 -0.670233 4.153450
2107 0.437940 0.434013 0.653341
1380 -0.644599 2.032903 1.304763
267 2.232240 0.969516 0.342296
1576 0.878916 -0.361498 1.553851
887 -0.043559 1.260188 0.722226
593 -0.590535 -0.316136 4.867762
574 -0.343131 -0.460546 4.295282
476 0.810309 -0.346058 1.121503
421 2.280699 -0.518623 1.613176
1335 -1.443025 3.785805 2.529258
1225 -0.270001 -0.288397 3.301663
1089 -0.268713 1.330961 0.967817
2335 1.789699 0.619766 0.559362
1616 1.669373 -1.088795 2.659408
1061 -0.160043 1.507941 0.855254
2112 0.367181 0.802267 0.554961
1588 1.725716 -1.053830 2.606400
746 1.045179 1.977299 0.309569
2122 0.095412 1.074494 0.666325
1640 0.653117 -0.806149 2.717209
1423 1.369457 -0.859525 2.307494
1165 -0.813305 0.215669 3.561827
1595 1.591369 -1.091140 2.819170
1613 1.345356 -0.885370 2.371950
367 3.144447 0.652479 0.850228
1811 -1.539564 1.644727 3.285650
1970 2.380567 2.710629 0.151566
1468 1.606452 -0.854418 2.161686
2101 0.542718 1.085714 0.406668
609 -0.795478 0.001841 4.120319
924 0.450340 0.731536 0.583418
1116 0.337648 0.747406 0.474053
1868 -1.875447 1.854223 4.183867
1258 -0.018677 -0.523299 3.275758
2269 -1.091379 1.490026 2.241624
883 0.149996 0.843999 0.707991
2001 2.300555 1.385711 0.325129
1648 1.200630 -0.974423 2.650141
25 0.646135 0.382348 0.565524
1359 -1.093768 2.518862 1.901950
679 -0.425940 0.010006 2.738478
1818 -1.130697 1.512818 2.321224
803 0.202035 1.046514 0.433635
916 0.412432 0.657704 0.582163
2163 -1.104134 1.034513 2.603633
942 0.433765 0.373538 0.793861
1260 -0.063098 -0.369453 3.000673
2336 1.895473 0.651796 0.550259
569 -0.357036 -0.193999 3.217234
1462 1.393881 -0.932166 2.393217
1151 -0.353647 1.286597 1.034700
2104 0.345509 1.094024 0.472843
1250 0.341927 -0.752044 3.371622
1291 -1.127355 3.223042 2.017420
2516 -0.119127 0.970195 0.607235
535 2.571851 -0.875937 2.185731
424 2.821667 -0.633514 1.952020
2400 0.851911 -0.017559 0.840519
2618 0.172749 1.930493 0.444563
314 1.043777 0.324159 0.402386
705 1.318755 1.943587 0.229740
2442 1.034847 -0.142987 1.073315
1772 1.971869 3.157556 0.158167
2237 -0.208309 1.058416 0.770685
252 3.298915 1.279408 0.599169
327 3.777198 0.711125 1.025942
608 -0.477910 -0.219935 3.789121
1639 1.028183 -0.707549 1.969313
1560 1.079384 -0.734076 2.088927
1138 -0.060505 0.893839 0.735973
1465 1.362938 -1.035366 2.535865
1090 0.022397 0.953575 0.766772
1350 -1.264041 2.398241 2.219392
1360 -1.366611 2.960074 2.355661
1940 3.653406 3.118912 0.209251
628 0.409852 -0.771162 3.089907
639 -0.516517 -0.079462 3.348268
1309 -1.546599 3.435526 2.686536
1914 2.286402 2.200046 0.174174
1689 1.091592 3.631953 0.382841
762 -0.288388 0.966502 0.780117
1764 1.636233 2.101865 0.115342
1585 1.134086 -0.418362 1.454635
724 1.395472 1.302082 0.240360
278 2.946632 0.745128 0.703647
1572 0.674388 -0.208478 1.385057
2218 -0.646475 0.683921 1.800319
1583 1.921085 -0.489108 1.597747
630 0.266205 -0.506223 2.353853
760 0.284772 1.218985 0.444912
1963 2.858797 1.529827 0.357187
1547 1.715498 -0.769202 1.983536
290 2.600567 0.723012 0.621728
206 1.938277 1.617372 0.203823
2068 0.327860 1.290796 0.421901
1189 -0.325717 -0.227782 3.332858
59 0.304190 0.484283 0.753842
936 0.408625 0.597254 0.635157
682 -0.342843 -0.350214 3.662894
1357 -1.263926 2.461833 2.190964
1842 -1.399512 1.660660 2.902553
41 0.753402 0.265552 0.756484
1298 -1.084658 2.921163 1.937134
1605 1.567595 -1.052355 2.682335
365 2.829802 0.715825 0.717101
1107 0.306402 1.175650 0.499850
2393 3.278359 1.320394 0.556008
894 -0.031347 1.010153 0.779938
1808 -1.719296 1.852493 3.695002
747 0.765798 1.374168 0.322210
257 2.906847 0.876114 0.653286
513 3.576915 -0.417552 1.893560
822 1.554280 1.758148 0.241037
485 4.138876 -0.759955 2.531118
506 3.251843 -0.004730 1.367144
704 1.200181 1.719376 0.215483
1148 -0.166832 0.902663 0.911369
997 0.250922 0.398046 0.793023
915 0.510448 0.473986 0.575156
501 3.211935 -0.159669 1.518190
598 -0.631520 -0.075587 4.083038
1806 -1.185335 1.304378 2.712600
205 1.854234 1.623401 0.205121
210 3.451839 1.361374 0.567492
1229 -0.347483 -0.404525 4.274956
2231 0.198756 0.633669 0.518098
2125 0.346244 0.863662 0.549873
570 -0.554046 -0.066284 3.680163
2074 0.505438 1.185707 0.278316
420 1.740293 -0.499709 1.488873
1232 -0.302870 -0.429572 4.087451
1835 -0.797473 1.212158 1.628347
1696 1.832529 4.441364 0.391957
1476 1.516997 -0.915311 2.301936
1315 -1.477971 3.582955 2.584577
871 -0.188365 1.145787 0.900574
1123 -0.256613 1.322161 0.990160
433 3.395473 -0.483059 1.962034
2225 -0.973123 1.159372 2.205596
1435 1.455296 -0.899549 2.463235
2084 0.286094 1.092100 0.559056
927 0.275901 0.703210 0.649920
2416 2.814039 1.141582 0.532336
1106 0.343140 1.108777 0.488382
2165 -0.825338 0.510943 2.565492
332 3.808420 0.629145 1.110481
1215 0.499805 -0.668411 2.132734
1247 -0.302162 -0.303402 3.692967
2379 3.119843 1.549691 0.463855
754 1.458695 3.201992 0.292131
2469 2.508385 0.023711 1.092457
554 -0.754237 0.114785 3.435647
2457 1.002892 -0.266270 1.231044
1278 -0.375449 -0.332328 3.997060
2462 1.356851 -0.258663 1.262857
687 -0.170622 0.339507 1.113016
253 2.745804 1.317716 0.424113
2299 -1.118234 1.770091 2.107966
1713 2.195796 3.789838 0.210130
780 0.713555 1.449520 0.335970
1586 1.701840 -0.767336 2.039016
865 0.482611 0.386304 0.763177
93 0.791330 -0.256663 1.397837
2620 0.263752 1.230021 0.343862
2334 1.490554 0.963693 0.380842
2043 0.047455 0.825025 0.760084
2409 2.809651 1.567075 0.395502
211 3.325188 1.325602 0.532193
1402 -0.987233 2.236280 1.787964
325 2.961911 0.790785 0.716274
1117 0.141144 1.082649 0.607821
101 0.384243 0.016060 1.188401
1426 0.883035 -0.280982 1.319232
2291 -1.128882 1.452040 2.330654
2343 2.652215 1.235565 0.426306
80 0.989205 -0.026061 1.015012
945 0.474818 0.224406 0.853535
676 -0.164253 -0.148714 2.361361
717 0.273795 1.263651 0.383831
1292 -0.949376 2.718102 1.734254
1213 0.394228 -0.775858 3.016366
1837 -1.770534 1.927601 3.674029
402 2.629908 -0.286266 1.438375
1425 1.122269 -0.579551 1.743573
1989 2.979955 2.413363 0.210858
1108 0.255614 0.980825 0.494154
409 2.467706 -0.704258 1.902159
534 2.612546 -0.901038 2.230724
2243 -0.230203 0.633361 1.099674
623 -0.717637 -0.001626 3.815321
1715 1.200228 1.992941 0.245314
1305 -1.045273 2.965597 1.866275
1294 -0.917949 2.224775 1.701132
220 1.975150 1.129814 0.322096
1958 3.086995 2.305051 0.256448
2144 -1.302957 1.457171 2.769082
1724 2.161878 4.395770 0.310483
261 2.837989 0.929470 0.615011
1638 0.715375 -0.741707 2.491999
1342 -1.016634 2.460574 1.784873
1742 2.001579 3.696486 0.256970
2565 0.393415 2.979418 0.591349
2451 1.251828 0.135472 0.751321
2413 2.827725 0.659876 0.760158
1308 -1.495178 3.247436 2.567829
2173 -1.480675 1.262493 3.556819
879 0.376508 0.440504 0.682756
1320 -1.362662 2.767066 2.384209
546 -0.342726 -0.277987 3.675030
1726 2.338266 4.505598 0.291782
1887 -1.531615 1.351604 3.526540
910 0.344649 0.652652 0.684884
595 -0.564637 -0.355403 4.838718
2027 2.009281 1.077459 0.322450
1230 -0.374289 -0.141669 3.267586
931 0.296093 0.721321 0.675867
629 0.696371 -0.852400 2.725734
1996 1.843426 0.999122 0.328116
60 0.219331 0.480213 0.840329
715 0.295888 1.324010 0.468236
495 3.611054 -0.754968 2.359497
1514 1.211043 -0.922104 2.464005
511 2.850277 -0.398786 1.676695
2016 2.256450 1.876177 0.204188
2041 0.113576 0.560186 0.806604
2306 -0.782534 1.021512 1.914497
2431 0.922058 -0.124731 1.071050
1965 2.759658 2.147949 0.234256
1354 -1.128271 2.618910 1.935101
1744 1.325940 2.799058 0.232062
532 0.909624 -0.211224 1.151250
315 2.193153 0.599020 0.581783
1533 1.670826 -1.066106 2.595495
447 1.567011 -0.619010 1.658236
1883 -0.939457 0.683066 2.678951
1280 -0.251690 -0.497926 4.228289
1282 -0.403626 -0.347530 4.245832
1800 -1.704529 1.875203 3.532633
488 3.941215 -0.410292 2.052078
28 0.897313 0.182982 0.802943
1248 -0.003795 -0.500415 3.238614
2488 0.541769 2.326617 0.384376
2314 -0.181380 0.211870 1.587139
98 0.572699 -0.306304 1.537290
364 3.152563 0.677004 0.819549
1823 -0.032823 0.656894 0.852486
835 0.394330 1.114067 0.459093
1728 2.123886 4.530945 0.323566
1592 1.112023 -0.825677 2.430895
2476 0.945521 -0.416529 1.450251
2261 0.106566 0.041400 1.220589
317 4.006773 0.834836 1.030285
440 3.089421 -0.359921 1.670288
1880 -0.518187 0.484131 1.710232
1603 1.390023 -1.024660 2.777978
812 0.796050 1.095090 0.332439
455 3.010316 -0.514125 1.861866
1193 -0.361061 -0.281171 3.725761
2128 0.123983 0.835536 0.718957
680 -0.233007 -0.199452 2.928538
2304 -1.112378 1.254376 2.440514
1736 2.172449 3.025163 0.199673
2021 3.100502 2.649057 0.205519
914 0.341282 0.584893 0.720241
2010 2.049745 1.375987 0.257261
461 3.650473 -0.790141 2.391030
293 4.483213 1.285138 0.945957
2262 -0.254931 0.363622 1.464578
58 0.228614 0.462794 0.802875
1551 1.006978 -0.503654 1.626952
462 3.800302 -0.787458 2.448409
726 1.780890 1.487991 0.224149
1711 2.437084 4.125676 0.267401
2199 -0.932347 0.893721 2.362442
1059 -0.208397 1.725788 0.894936
2115 -0.005275 0.798360 0.815658
2624 0.428767 4.489020 0.946697
1365 -1.373214 3.352723 2.438213
2456 0.917238 -0.024105 1.010231
634 0.373714 -0.816701 3.466822
990 0.589158 0.224061 0.769364
657 0.192400 -0.334888 2.046772
666 -0.213757 -0.439032 3.865889
1339 -1.099313 2.661669 1.847862
2443 1.350739 -0.483686 1.604234
1699 2.061324 4.439041 0.353666
2640 -0.633829 1.788376 1.198651
49 0.495270 0.400119 0.761014
2315 -0.516428 0.475580 1.892069
2559 0.285258 5.213073 1.200346
1474 1.130686 -0.694543 2.019941
641 -0.334284 -0.216787 3.216709
1293 -1.273721 3.261670 2.310434
1168 -0.586651 0.162152 2.841015
996 0.411554 0.363542 0.645594
1304 -0.483905 1.078820 1.113462
1385 -0.804773 2.043667 1.573069
51 0.407551 -0.051055 1.238883
819 1.020742 1.431875 0.281652
1511 1.296344 -0.769601 2.093220
775 0.481145 1.364380 0.399801
1414 1.127986 -0.500690 1.563659
1245 0.197996 -0.450301 2.454340
1163 -0.518743 -0.174448 3.820620
516 2.219636 0.032917 0.958439
1404 -1.257018 2.278639 2.205138
1257 0.238185 -0.659124 3.165138
1747 1.500910 3.546233 0.253258
1377 -1.099760 2.561074 1.970504
2296 -0.845217 1.868296 1.589686
2000 2.146602 1.374490 0.311972
40 0.777119 0.318491 0.726204
472 3.042879 -0.659760 2.018429
2445 0.654318 -0.027229 1.096622
2227 -0.162755 0.229190 1.238007
756 1.324425 2.643522 0.247357
2583 -0.509780 3.803763 1.354971
288 3.681297 0.731872 0.960837
1591 1.532125 -1.012990 2.580501
35 1.193144 -0.010790 0.886238
617 -0.543499 -0.358718 4.807816
779 0.656828 1.430175 0.311146
896 0.217193 0.959970 0.635191
1261 0.161974 -0.577903 3.158220
328 3.706001 0.718165 0.995287
1506 1.339957 -0.741642 2.071242
692 0.209854 -0.362487 2.214045
1210 -0.106113 -0.654994 4.300874
843 0.509144 0.930479 0.401712
858 0.165348 0.769048 0.646530
2470 2.762699 0.101444 1.077917
2226 -0.141701 0.296008 1.149887
1582 1.264725 -0.525832 1.651946
1872 -1.801646 1.769384 3.904697
2564 0.251109 2.601198 0.547153
2152 -0.867365 0.785682 2.319562
239 4.052839 1.346937 0.795325
929 0.240247 0.735283 0.615826
213 2.333630 1.224417 0.329355
2108 0.882563 0.115324 0.768562
2354 2.891032 0.948047 0.621846
2320 -0.451524 0.509155 1.808230
528 4.036713 -0.551804 2.236091
1222 0.023386 -0.586795 3.711255
214 2.475663 1.547903 0.301237
2392 3.011691 1.190607 0.520813
2381 3.369390 1.563474 0.446513
2613 0.315498 1.616242 0.326875
2127 0.156025 1.004300 0.655765
2502 0.546198 3.957649 0.652847
904 -0.118851 0.977148 0.912071
297 3.118564 1.046957 0.635824
2057 0.155822 1.402838 0.565455
1609 1.460054 -0.953782 2.471276
1063 -0.058549 1.227556 0.818330
1246 -0.095671 -0.373396 3.247149
1597 1.096712 -0.684545 1.951369
1442 1.022210 -0.595175 1.979058
1424 1.097991 -0.492238 1.654121
1570 1.172641 -0.760926 2.247423
806 1.163372 1.838869 0.249050
2560 0.263270 5.164777 1.145935
1798 -1.530244 1.674806 3.139777
292 3.796665 1.269098 0.747474
2098 0.733688 0.505564 0.559636
1732 1.985229 2.333964 0.149024
2121 0.226133 1.209046 0.608695
575 -0.523523 -0.345502 4.524833
242 3.074776 1.309726 0.506099
1666 1.627645 2.615587 0.169889
654 -0.050246 -0.340049 2.688694
2203 -1.385354 1.228863 3.251093
1723 1.988418 3.686815 0.211640
1738 1.656588 2.171568 0.125702
2597 0.194113 2.676081 0.637389
2410 2.823565 1.621646 0.346013
531 4.159668 -0.390770 2.077429
2396 2.100934 -0.186529 1.170359
772 0.743661 0.831318 0.348421
1397 -1.278756 2.758583 2.271350
986 0.127442 0.206574 0.968671
346 4.214264 0.904880 1.081220
1195 -0.303710 -0.267327 3.392039
1121 -0.331526 1.923859 1.006280
1186 -0.670536 0.041524 3.589829
74 0.505871 0.039639 0.909456
83 0.470815 0.156988 0.780922
241 3.781239 1.357139 0.708758
2223 -1.391668 1.628798 2.890974
1052 -0.080468 1.147739 0.787310
675 -0.044036 -0.523248 3.642284
54 0.440832 0.185013 1.020478
1953 1.972354 1.518492 0.231371
1729 1.845534 4.409038 0.328319
1879 -1.056611 0.872728 2.759117
2003 2.489764 1.043938 0.439547
2300 -1.214152 1.473897 2.645316
1271 -0.360780 -0.099303 2.722805
2045 0.384547 0.963383 0.552125
1813 -1.606055 1.749821 3.422281
1690 0.190769 3.139745 0.596582
1478 0.930654 -0.251653 1.101581
2213 -0.538611 0.712846 1.605803
2219 -1.385604 1.591028 2.729316
2089 -0.067868 1.265744 0.759360
2578 -0.200214 3.705518 1.085291
338 3.473227 0.373191 1.143825
1969 2.944374 2.479036 0.174221
1812 -1.615730 1.740443 3.390532
2433 1.359010 0.030844 0.928397
1401 -1.433515 3.123565 2.479446
2040 0.236730 0.688106 0.624656
2279 0.197319 -0.072642 1.480891
337 3.065771 0.480242 0.917436
737 2.297017 2.396156 0.175383
259 1.566345 1.004368 0.241322
478 3.641165 -0.566637 2.166872
1557 1.453621 -0.910218 2.410269
1356 -1.370716 2.917950 2.361385
1688 0.791350 3.155523 0.406176
1324 -1.141598 2.153255 2.046563
2472 1.379880 0.066000 0.879167
965 0.288040 0.591837 0.707608
296 3.043947 1.194984 0.456091
439 2.227390 -0.477063 1.543583
2179 -1.253166 0.964316 3.273885
580 -0.587711 -0.223709 4.414452
561 -0.608074 -0.126931 4.052789
804 0.398660 0.946388 0.362688
480 3.814396 -0.701414 2.375507
22 0.481871 0.397727 0.683016
1450 1.178355 -0.998753 2.705595
985 0.455153 -0.185609 1.232499
299 2.684209 0.989270 0.501154
1156 -0.438193 -0.149158 3.348024
1704 2.249499 3.554347 0.186798
2066 0.155631 0.745108 0.577738
269 3.848395 1.110734 0.805936
2201 -1.337578 1.381166 2.897063
855 0.348836 0.516820 0.676145
1463 0.789257 -0.671487 2.056287
282 3.909991 1.096035 0.804765
1769 1.411955 3.354773 0.250888
1847 -1.430934 2.055425 2.688231
2344 2.204118 1.171136 0.361061
678 -0.012270 -0.382743 2.766180
1774 1.826581 2.821051 0.173301
3 0.770268 0.274073 0.665372
870 -0.040753 0.986207 0.818110
320 3.737095 0.902348 0.952228
2606 0.629814 1.998762 0.286090
2475 0.573186 -0.260390 1.323116
1353 -1.196724 3.126768 2.125658
1740 1.840622 2.147037 0.148563
2524 0.331410 4.025334 0.846047
911 0.369962 0.583261 0.712403
1200 0.022741 -0.576895 3.547802
1867 -1.986686 1.915750 4.372138
1803 -1.355829 1.453841 2.963436
758 0.754772 1.761244 0.305697
1707 2.324393 4.177602 0.240186
349 3.074877 0.623416 0.817403
256 3.221102 1.224172 0.535884
1884 -0.774082 0.733947 1.903978
88 0.648884 -0.048029 1.124455
2310 -0.901862 1.385576 1.954255
784 0.306686 0.783865 0.473936
505 3.182714 -0.255131 1.606390
1115 0.399933 0.648649 0.414825
1470 1.499886 -0.907704 2.310183
1687 0.970054 3.320222 0.400661
318 2.488876 0.394780 0.766906
2297 -0.266906 1.605558 0.814058
2316 -0.332319 0.325184 1.755677
2268 -0.854145 0.966262 2.007847
468 1.527369 -0.517873 1.385074
844 0.907360 0.547109 0.463757
2004 2.482656 0.813381 0.571072
1516 1.464294 -0.786824 2.097140
2522 0.075210 4.694768 1.159526
1590 1.770597 -0.871750 2.131497
1403 -1.262622 2.243500 2.238706
1297 -0.987767 2.717327 1.781287
2046 0.309653 0.970955 0.562440
67 0.522700 0.234933 0.843301
2245 -0.564644 0.878284 1.566750
1716 1.017291 1.572674 0.255343
1459 1.509775 -1.089739 2.882165
2111 0.515737 0.876386 0.452209
78 0.890300 0.170931 0.789394
594 -0.507131 -0.446469 4.826582
1979 2.949352 2.118286 0.252272
1495 1.657262 -0.332137 1.262706
1708 2.457602 3.084169 0.118040
1697 1.147052 3.648665 0.409503
319 1.191620 0.569632 0.304405
2248 -0.638698 1.001341 1.569150
244 3.482023 1.519117 0.555996
1384 -0.670485 1.445236 1.454113
254 3.110925 1.380099 0.485642
607 -0.505418 -0.412748 4.987055
243 3.352875 1.216287 0.617563
2453 1.118190 -0.409698 1.382827
57 0.044921 0.631427 0.823444
830 0.204223 0.921259 0.595183
1204 -0.173771 -0.616013 4.515331
1407 -0.635043 3.230318 1.360947
983 0.661008 -0.179720 1.267527
2645 -0.189934 1.677977 0.774853
2339 3.023756 0.966635 0.631691
2073 0.238858 1.343093 0.448255
2494 -0.522016 3.525311 1.292280
217 1.699603 1.128612 0.253865
1441 0.598339 -0.164792 1.260145
768 0.597425 1.428136 0.333306
738 1.780485 2.312041 0.177223
1392 -0.749658 2.047433 1.426153
2579 -0.367040 3.686016 1.238379
2024 2.057500 0.664649 0.548834
681 -0.493016 -0.199919 3.876095
26 0.245932 0.497599 0.734920
419 1.662530 -0.490879 1.462305
1094 0.046097 1.014509 0.635068
1890 -1.739010 1.759323 3.793154
2340 3.041018 1.271008 0.495842
2550 -0.399869 3.941696 1.346510
2399 1.340262 0.131090 0.739765
1990 2.872380 2.537949 0.190090
1589 1.388083 -0.474141 1.438532
1959 2.582027 1.836167 0.213499
2529 0.316780 3.531290 0.716612
2373 2.309234 1.092444 0.476456
2292 -0.945037 1.534342 1.898615
55 0.502711 0.250738 0.802885
1363 -1.156677 2.763859 2.059194
387 2.300972 -0.098751 1.119513
1431 0.741716 -0.343460 1.462193
2332 1.272268 0.442091 0.569843
1162 -0.556281 -0.111015 3.716275
869 0.164802 0.565811 0.809386
693 0.065746 -0.523995 3.018581
1627 0.672893 -0.647218 2.130476
2540 0.402339 4.894917 1.000888
445 1.412115 -0.431923 1.306778
655 -0.219315 -0.388357 3.544844
2303 -1.582368 1.820781 3.250526
435 2.184962 -0.226560 1.259702
1928 1.392068 1.476763 0.266857
1865 -1.870435 1.785811 4.218997
457 3.058603 -0.721291 2.093619
769 1.167209 1.784177 0.232555
1358 -1.184720 2.615004 2.084372
203 1.422947 0.511209 0.472807
1216 0.503929 -0.628345 2.211591
2634 0.261817 1.338901 0.335381
2005 2.929539 0.644042 0.774622
2311 -0.864656 1.282056 1.907298
2085 0.221962 1.178921 0.615511
720 1.737632 1.224432 0.311049
1175 0.216280 -0.453093 2.201749
1224 -0.145330 -0.432827 3.613781
1488 1.262707 -0.522676 1.530649
66 0.532791 0.244071 0.843228
483 3.994820 -0.782182 2.564695
2576 -0.034763 2.585511 0.739821
321 3.442042 0.969894 0.799866
1804 -1.474513 1.517833 3.210891
613 -0.635374 -0.337165 5.105285
718 0.587808 1.546649 0.328786
993 0.316568 0.351580 0.775520
2477 0.766171 -0.477991 1.632565
1197 -0.186124 -0.512241 3.936898
741 0.596866 1.238907 0.341284
2132 0.441969 0.140814 0.887923
1437 1.379475 -0.928366 2.328384
322 1.916508 0.873719 0.363219
794 0.515706 0.361311 0.524331
1236 -0.531313 -0.172353 3.958871
432 3.439043 -0.214332 1.678703
829 0.166338 0.855693 0.607633
823 1.065683 1.559924 0.289092
14 1.113261 -0.125028 1.006486
672 -0.123114 -0.224815 2.502697
2090 0.045026 1.272547 0.717172
2541 0.311195 4.595050 1.015259
1302 -1.186753 2.936235 2.133302
75 0.878060 0.082348 0.715462
1799 -1.590623 1.720803 3.379039
2324 -1.085492 1.153693 2.597001
2382 2.884509 1.091308 0.526578
863 0.195192 0.708986 0.753719
350 2.369968 0.357322 0.764716
1556 1.362411 -0.867178 2.317811
755 1.845825 3.258224 0.205374
2169 -0.922858 1.411081 1.773703
619 -0.492332 -0.422048 4.745234
71 0.596231 0.174833 0.847529
1417 2.502845 -0.965461 2.354613
1625 1.074382 -0.897302 2.477697
589 -0.659221 -0.263866 4.988541
262 2.766334 0.716522 0.661550
646 -0.105259 -0.480825 3.499889
1838 -1.634643 2.059924 3.080060
2309 -1.067810 1.385862 2.326545
1482 1.321418 -0.696279 1.957745
2616 0.297684 1.128946 0.406598
1902 -1.410914 1.169925 3.329456
1881 -0.631998 0.495270 2.057438
1434 1.582241 -1.015910 2.666349
982 0.470170 0.076072 0.995623
1201 -0.036489 -0.639150 4.175773
1267 -0.361346 -0.176279 3.194326
84 0.226706 0.408192 0.879459
1645 1.386895 -0.939238 2.408436
467 1.186684 -0.533996 1.365571
2076 0.275721 1.329723 0.436427
368 2.745106 0.720088 0.674401
537 2.953100 -0.799345 2.189655
1214 0.379571 -0.526716 2.137493
1307 -1.599429 3.271743 2.739300
2474 1.205266 -0.533848 1.465839
1207 -0.170312 -0.469214 3.915832
2106 0.413740 0.638985 0.558311
585 -0.379520 -0.422751 4.314353
571 -0.464174 -0.216614 3.674785
921 0.367890 0.769183 0.562668
489 3.581894 -0.202563 1.653214
1888 -1.494430 1.467646 3.236726
2426 0.535698 0.114533 0.766407
748 0.469392 1.108151 0.436541
648 -0.383968 -0.080384 2.993926
2236 -0.116122 0.950167 0.707079
684 -0.232179 -0.326290 3.286568
1731 1.680171 2.743917 0.171758
1418 2.170967 -0.946798 2.278461
2352 1.814047 0.849129 0.431354
453 3.071510 -0.438561 1.765809
987 0.093539 0.397196 0.837546
1227 0.013192 -0.655112 4.084979
1797 -1.048402 1.085627 2.295532
596 -0.534730 -0.439238 5.170133
640 -0.413048 -0.150026 3.046325
97 0.362256 0.082732 1.004835
52 0.879946 -0.261638 1.302169
431 3.237740 -0.105890 1.470640
2414 3.224893 0.775312 0.838167
1960 2.480989 1.747230 0.211509
1157 -0.584777 -0.179097 4.151725
235 3.512097 1.092960 0.802835
1775 1.768376 3.103436 0.178680
2389 3.199001 1.186607 0.620072
602 -0.581955 -0.264217 4.433821
828 0.060261 0.885876 0.579771
2439 1.542345 -0.430544 1.424618
782 0.607393 1.439370 0.375064
2167 -0.861812 0.647527 2.390256
1464 1.138432 -0.749217 2.079816
1316 -1.653268 3.851341 2.858759
2361 2.163732 1.076300 0.409056
2360 2.238212 1.149104 0.350649
1792 -1.254196 1.572620 2.507036
1166 -0.686153 0.173388 3.166675
2411 2.652668 0.860153 0.617155
2145 -1.315401 1.477760 2.744387
1446 1.696361 -1.268368 3.221673
1460 1.503787 -0.987315 2.548623
408 2.641810 -0.231891 1.418612
2147 -1.444483 1.323886 3.297485
2170 -1.120462 1.028815 2.714243
2247 -0.666994 0.948521 1.696753
520 3.122784 -0.454413 1.772235
743 1.075691 1.378008 0.249380
2064 0.127895 1.279613 0.531221
1961 2.028471 1.424004 0.263170
956 0.446212 0.267312 0.892210
2177 -1.550644 1.444524 3.494694
464 1.095585 -0.377272 1.106000
1289 -1.273147 3.504645 2.237530
827 -0.008638 0.953821 0.653323
1743 1.811220 4.072188 0.338308
2053 0.228112 1.162514 0.605891
2646 -0.170327 3.692290 1.061873
2042 0.280274 0.354730 0.798523
2049 0.301917 1.185240 0.533974
379 3.770556 0.859492 0.924592
165 2.246980 1.088742 0.322952
776 0.534852 1.211355 0.367551
2584 -0.367258 4.439278 1.415740
1610 0.836811 -0.439788 1.565691
1646 1.482742 -1.076548 2.793595
1449 0.931750 -0.813702 2.375914
487 4.181890 -0.382164 2.139974
2280 -0.139749 0.001439 1.954551
72 0.872648 0.164016 0.762331
2059 0.230499 1.728435 0.499113
2575 -0.009833 2.369084 0.665062
1253 -0.227947 -0.470132 4.080253
716 0.600507 1.309706 0.347480
1428 0.896358 -0.342393 1.443134
144 2.040798 0.399874 0.635374
1438 1.312757 -0.895169 2.404588
2468 2.212651 0.162897 0.889111
107 0.640452 -0.153719 1.239685
1801 -0.829617 0.885312 2.014536
413 2.298713 -0.500276 1.558607
952 0.502095 0.007189 1.137866
2551 -0.724639 3.279144 1.476829
905 -0.181263 0.950171 0.971649
1660 0.873443 -0.741943 2.320468
937 0.291107 0.818636 0.666776
2187 -1.448436 1.517184 3.116204
1251 -0.029690 -0.589574 3.983431
591 -0.651585 -0.316200 5.134265
2384 2.719510 1.108333 0.482679
2595 0.205483 2.655290 0.622345
773 0.859713 1.115955 0.325104
2039 0.191777 0.913599 0.557275
1493 1.598406 -0.437587 1.372814
545 -0.556664 -0.124999 3.618052
388 1.783813 -0.072837 0.931724
430 2.675242 -0.518357 1.720096
1954 2.479044 1.785268 0.255441
2284 -1.098739 1.373667 2.376273
2585 -0.519076 4.646243 1.554453
1077 -0.033142 0.943752 0.762382
1893 -1.773931 1.724332 3.870599
2454 0.960311 -0.343529 1.325276
2217 -0.637022 0.634105 1.955105
1942 3.349298 2.843979 0.203617
515 2.341936 0.013699 1.037376
943 0.342617 0.482060 0.758669
1502 0.965058 -0.739771 2.175508
465 3.050900 -0.515416 1.870222
1630 1.126950 -0.663803 2.020084
638 -0.819492 0.242636 3.188982
212 3.350945 1.403642 0.547992
1206 -0.149071 -0.557296 4.134618
1219 -0.061422 -0.578328 3.974936
966 0.178642 0.473820 0.879563
471 3.114569 -0.760269 2.177207
2438 1.567995 -0.365523 1.380608
23 0.633468 0.407551 0.640524
2075 0.459011 1.190989 0.409718
209 2.959923 1.364207 0.450663
854 0.153924 0.621149 0.750092
1794 -0.725383 1.114840 1.732404
897 0.345674 1.081991 0.509398
460 3.787039 -0.671583 2.293027
614 -0.588972 -0.386150 5.056034
882 0.200104 0.702061 0.707308
1338 -1.261463 2.706621 2.073586
2588 -0.601184 2.954221 1.241302
961 0.842617 -0.309516 1.343520
523 2.418803 -0.285076 1.373377
1051 -0.098814 1.041028 0.822919
370 2.793174 1.027634 0.549467
519 3.372617 -0.097550 1.470351
1444 1.448085 -1.048767 2.831115
1886 -1.456546 1.219719 3.418740
1885 -1.184441 1.230301 2.351780
294 3.476314 1.138990 0.685836
61 0.060798 0.762427 0.807556
645 0.029407 -0.428738 2.830832
1178 -0.577364 0.031684 3.324754
2220 -1.453544 1.965790 2.666302
2388 2.811060 0.962462 0.607413
494 4.062062 -0.523802 2.232450
458 3.309233 -0.597325 2.068114
793 0.708157 0.887382 0.327970
104 0.477058 -0.255283 1.406101
1244 0.267745 -0.359713 1.962133
2238 -0.225467 0.499711 1.262291
885 0.052156 1.035427 0.688436
1997 1.944167 1.442431 0.244065
2026 2.012625 0.999317 0.369334
2586 -0.551141 3.664153 1.405838
1974 3.669834 2.828153 0.269161
2198 -1.036231 0.940674 2.594932
2168 -0.660235 0.936401 1.624302
1657 1.228126 -0.891800 2.493091
204 2.409873 1.517391 0.311366
923 0.381882 0.775120 0.595889
79 0.886087 -0.136173 1.163511
1223 -0.254567 -0.343134 3.455622
1375 -1.390254 3.905339 2.437358
2267 -0.152994 0.408532 1.174860
391 2.870393 0.283038 1.021464
547 -0.299000 -0.211968 3.248005
1494 1.252229 0.053632 0.815494
933 0.728054 0.072562 0.858236
1860 -1.820240 1.635310 4.164458
34 1.174482 -0.009413 0.927730
470 2.520169 -0.410476 1.542413
2401 0.940898 0.172416 0.755018
2283 -0.736265 1.105241 1.752616
1643 0.812350 -0.732109 2.096070
2527 0.380229 4.046003 0.769412
1058 -0.066039 1.393669 0.770910
2204 -1.280731 1.108134 3.166580
1050 -0.220891 1.295396 0.948415
2570 0.182546 4.759167 1.111434
2371 1.000658 0.262119 0.676738
898 0.166003 0.788044 0.723699
1852 -1.031760 1.424239 2.122356
1030 -0.934103 2.146256 1.674340
1349 -0.940697 1.745645 1.747910
2448 1.337966 0.039215 0.890693
100 0.585055 -0.104112 1.224485
2611 1.023041 3.937533 0.500602
886 0.088987 1.051134 0.672623
21 0.450592 0.189366 0.914781
893 0.356615 0.760554 0.580353
660 -0.404841 -0.320236 4.083528
1113 0.026830 0.852051 0.732312
1826 0.150949 0.517217 0.683100
1819 -0.947264 1.173963 2.176766
1211 0.025640 -0.494747 2.865597
2407 2.171418 0.919417 0.481338
1147 -0.471929 1.067270 1.177023
1983 3.195500 2.535258 0.259870
2326 -1.012492 0.996391 2.514094
1561 0.410554 -0.155887 1.300388
2581 -0.498158 3.314363 1.267111
1781 2.369340 4.433299 0.262222
1369 -0.924525 2.666627 1.653602
2194 -0.223079 1.072056 0.774691
493 3.567247 -0.517686 2.077878
1864 -1.997620 1.770506 4.696702
963 0.532921 0.073697 0.875345
339 3.870757 0.454938 1.263948
2062 0.181124 1.867135 0.564880
1621 1.526631 -1.231543 3.188274
56 0.475192 0.236084 0.910431
2349 2.268108 0.862103 0.518879
32 1.049443 0.264267 0.749266
1288 -1.081872 3.015571 1.904926
1458 1.603293 -1.085718 2.687221
1472 1.360565 -0.628371 1.806657
29 1.136308 0.376070 0.484774
938 0.299640 0.767857 0.630076
466 2.361300 -0.390045 1.497261
429 2.020318 -0.314879 1.275203
2366 2.396914 1.042140 0.417549
555 -0.704946 0.060493 3.475538
422 2.539984 -0.658177 1.851624
1870 -1.889382 1.904095 4.025145
960 0.857836 -0.250493 1.199884
642 -0.194559 -0.175914 2.523250
1087 -0.237909 1.478239 0.978961
2408 1.178192 0.572866 0.482570
1828 -0.415030 0.939525 1.175161
1984 2.804380 2.605605 0.177813
48 0.374171 0.625781 0.676970
2605 0.378273 3.043982 0.573412
1773 2.002211 2.945000 0.139905
1491 1.621833 -0.313769 1.192416
612 -0.588595 -0.364733 5.101357
1025 0.072511 0.900235 0.699918
2543 0.053484 5.292433 1.389077
7 0.629206 0.109370 0.961510
1917 2.652063 2.185344 0.209290
1667 1.754598 3.195560 0.202872
552 -0.472470 -0.032846 3.035367
820 1.228366 1.581445 0.246546
2607 0.544343 1.975822 0.353127
486 3.396183 -0.346808 1.737357
2319 -0.105758 0.140791 1.582170
2141 -0.541612 0.372367 1.995221
1212 0.762386 -0.727627 1.921712
1897 -1.433448 1.242330 3.369686
393 3.042801 0.120684 1.168565
1301 -1.239730 3.005120 2.137373
1671 1.925348 3.223138 0.166970
106 0.469554 -0.105648 1.262103
2458 1.054648 -0.102913 0.986780
1234 -0.385541 -0.291672 4.002644
1097 -0.721461 2.048194 1.421645
2487 0.331341 2.669470 0.541527
2180 -1.340856 1.309303 2.994486
606 -0.537237 -0.408942 5.041994
1447 1.320965 -0.945746 2.490482
761 0.389087 1.202746 0.397549
1656 1.127493 -0.460185 1.454590
2625 0.158954 3.784669 0.914296
1793 -0.962148 1.282112 2.033777
1981 3.409722 2.421081 0.296163
566 -0.220746 0.157723 1.502694
207 1.382771 1.506159 0.097339
1836 -1.480112 1.476124 3.279869
1857 -0.507217 0.706406 1.377027
2573 0.109558 4.707339 1.175347
1891 -1.318990 1.578443 2.559550
2321 -0.676059 0.716784 2.067549
286 4.408519 1.113823 0.993498
250 3.355679 0.982543 0.738749
1137 -0.147184 1.351866 0.810461
881 0.230836 0.561532 0.680699
2323 -0.813617 0.912333 2.093324
1802 -1.367354 1.576562 2.935370
2224 -1.179614 1.354380 2.601779
859 0.335296 0.912550 0.548481
1670 1.385467 2.398077 0.190015
2192 -0.797873 0.808318 2.000024
1235 -0.600331 -0.133772 4.023150
2571 -0.205576 4.057746 1.203910
1876 -1.398264 1.716888 2.783384
1508 1.198181 -0.406605 1.435182
362 2.742912 0.821582 0.617273
783 0.528653 1.181909 0.357675
988 0.426654 0.090296 1.038530
295 4.022130 1.222218 0.831002
427 3.119008 -0.500344 1.831590
789 0.479815 0.633609 0.438376
1669 1.371962 2.531110 0.171239
334 3.850889 0.439340 1.224186
1454 1.371878 -0.846784 2.299209
1512 1.306190 -0.944074 2.517259
475 1.133870 -0.615126 1.407856
559 -0.401102 -0.208181 3.397992
385 3.046027 0.148253 1.166237
2526 0.189032 1.150809 0.345545
1846 -1.204520 1.866378 2.299592
44 0.626036 0.308476 0.753498
1543 0.241351 0.173729 0.968525
2100 0.608051 0.607741 0.532948
1898 -0.935255 0.604281 2.683708
944 0.430737 0.324587 0.885012
1498 1.578997 -0.633108 1.724117
2143 -1.051242 0.877033 2.756652
264 3.184608 1.294998 0.464665
891 0.226807 0.772277 0.689449
355 2.950798 0.633223 0.798093
1834 -0.799298 0.989955 1.915788
1432 1.348208 -0.826197 2.271963
238 2.858566 1.003726 0.494420
188 2.648297 0.811450 0.589247
401 2.342820 -0.608853 1.752750
650 -0.494297 -0.078335 3.301340
1183 -0.603551 -0.046416 3.663212
474 1.192571 -0.662437 1.509981
1778 2.046330 4.245889 0.265311
2530 0.347707 1.994121 0.364167
2018 2.350576 1.886052 0.198067
2434 1.158461 -0.088628 1.058129
1290 -0.821715 2.669049 1.418678
560 -0.572672 -0.157403 3.667300
47 0.417966 0.593650 0.615411
632 0.433319 -0.543911 2.215955
251 3.678417 1.390810 0.631427
1871 -1.894694 1.947142 4.118243
562 -0.637514 -0.205565 4.394094
2428 1.053843 -0.114616 1.094104
934 0.433098 0.445942 0.672479
2174 -1.501999 1.449817 3.411165
1791 -1.582586 1.629426 3.376171
39 1.291815 0.373599 0.590841
398 3.317220 0.012986 1.357293
2621 0.492825 2.393862 0.422850
2503 0.732520 3.971690 0.627567
2362 1.909946 0.984315 0.396794
577 -0.487087 -0.356494 4.473683
1569 1.139473 -0.720347 2.174911
817 0.636983 1.093697 0.381735
2044 0.275951 0.626975 0.685445
1429 0.956234 -0.362554 1.418322
2455 0.886952 0.013156 0.919370
751 0.625536 1.262107 0.309000
857 -0.069303 0.964937 0.775027
405 2.886500 -0.449192 1.687803
599 -0.510126 -0.274091 4.205755
1509 1.323102 -0.134749 0.987471
1205 -0.123141 -0.568149 4.120747
2375 1.033625 0.344103 0.579309
579 -0.323889 -0.499659 4.640987
2079 0.275953 1.174855 0.552904
1003 0.169884 1.154472 0.549854
1809 -1.669868 1.794334 3.624836
2542 0.118508 4.821520 1.156929
723 1.834424 1.181943 0.322733
1416 1.902116 -1.022213 2.525254
592 -0.590849 -0.335737 4.967314
1182 -0.546992 0.060625 2.990305
2536 0.038104 1.330642 0.521570
1966 2.552876 1.747475 0.268287
1705 1.791543 3.007659 0.160284
70 0.446569 0.180126 0.922476
1145 -0.568304 1.262297 1.305742
1490 1.732275 -0.247509 1.112301
624 -0.655224 -0.034330 3.789675
2228 -0.021854 0.086132 1.139067
2097 0.547192 0.638188 0.612602
2558 0.243626 4.937865 1.118789
590 -0.667441 -0.247194 4.770772
1993 3.086496 2.581670 0.185491
1878 -0.782716 0.748555 2.055227
2348 2.479438 1.005596 0.539562
2406 2.592175 1.276937 0.451765
497 2.899703 -0.324229 1.599300
2298 -1.112964 1.781968 2.041956
2636 -0.169920 1.638161 0.727695
1111 0.322749 0.817133 0.504897
479 3.518073 -0.707061 2.250781
189 2.438921 0.455767 0.746662
2105 0.166206 0.987728 0.612609
1894 -1.737550 1.678650 3.810030
712 1.209185 1.664540 0.194883
2342 2.777226 1.166280 0.481884
2368 1.124011 0.528457 0.470145
1479 0.885664 -0.072558 0.894667
76 0.641358 0.324092 0.670368
2337 2.567603 0.933646 0.567154
1536 1.228138 -0.813362 2.126436
1714 2.142506 2.241269 0.151232
1027 -0.051868 0.940807 0.778915
862 0.148557 0.739949 0.741400
550 -0.492752 0.130338 2.521037
1941 3.500546 2.792492 0.232390
1692 0.453351 2.919385 0.496220
1455 1.295615 -0.893517 2.383610
1945 1.931560 1.586646 0.217248
2376 1.595747 0.747836 0.422667
2048 0.323476 0.836093 0.614120
2186 -1.452184 1.369295 3.220677
2546 -0.154137 4.877388 1.403352
491 4.155193 -0.518016 2.264245
82 0.580352 0.160435 0.896609
2069 -0.002431 1.549994 0.627132
386 2.783019 -0.125908 1.315610
2548 -0.257624 4.538992 1.368039
662 -0.427121 -0.338964 4.015184
1757 2.112287 2.667973 0.119133
1127 -0.253641 1.371037 0.988704
1413 1.577737 -0.938449 2.368655
1741 2.125673 3.783172 0.251922
437 2.296145 -0.044028 1.101868
621 -0.473545 0.015231 2.762518
1721 1.857438 3.139046 0.184824
2294 -1.122635 2.353010 1.872691
1955 2.345820 1.811590 0.204553
1698 2.021486 4.091024 0.294719
529 3.553501 -0.411284 1.892395
1256 0.277764 -0.885973 4.215056
105 0.524963 -0.119642 1.209250
1706 2.339991 2.611331 0.055462
525 4.143841 -0.501820 2.216509
1475 1.549875 -1.069472 2.688781
312 1.339722 0.589429 0.381350
450 2.935014 -0.140844 1.369408
111 0.579807 0.191376 0.886202
1994 3.142719 2.694445 0.198283
2501 0.401111 3.250530 0.621000
2608 0.523830 1.265427 0.235991
572 -0.530458 -0.175742 3.703949
2317 0.351856 -0.068281 1.209594
394 2.996584 -0.016105 1.298253
1028 -0.418474 1.657632 1.131536
2058 0.032889 1.543168 0.577126
10 0.448883 0.190134 0.713473
1859 -1.146174 0.813988 3.068423
1995 2.502215 2.004644 0.205946
50 0.501484 0.247175 0.823007
912 0.352794 0.590473 0.689490
2286 -1.219655 1.563852 2.500395
1088 -0.348069 1.668673 0.999602
925 0.395682 0.804368 0.596719
2341 3.126926 1.772850 0.380398
279 2.011211 0.617645 0.549689
482 3.975311 -0.765047 2.492939
2252 -0.662408 1.020057 1.704089
1758 1.290610 2.501685 0.171820
2249 -0.855786 0.974940 2.161505
110 0.469372 0.428940 0.666170
1691 0.890289 3.411025 0.411038
2295 -0.886101 2.332042 1.532292
2272 -0.859971 0.809816 2.296094
627 0.395365 -0.862885 3.506160
192 3.796737 0.599157 1.082757
2643 -0.011431 1.545528 0.611840
1659 0.849058 -0.780945 2.389563
397 3.684606 0.136948 1.353521
1391 -0.431216 1.712624 1.046819
2417 3.195830 0.994177 0.664097
16 0.924043 -0.443825 1.473849
2103 0.485059 0.888752 0.481662
1611 0.963970 -0.427205 1.515327
1279 -0.334587 -0.369437 3.894384
359 3.061935 0.398580 0.980271
1554 1.145363 -0.642351 1.917611
2185 -1.288834 1.477551 2.649185
2520 0.236512 3.242817 0.750824
786 0.858679 1.466593 0.290612
767 0.637031 1.089445 0.339768
303 4.066680 1.248931 0.827086
2155 -1.117105 0.880826 2.921778
2017 3.095331 2.512273 0.232117
2517 0.259036 3.192725 0.716028
1318 -1.674250 3.298142 2.862642
1529 0.715031 -0.696676 2.337529
1546 1.669827 -0.793256 2.087008
1371 -0.760056 2.387789 1.493093
396 3.157893 0.228792 1.125292
759 0.320597 1.299619 0.467859
1889 -1.376135 1.265069 3.174898
2148 -1.244554 1.433415 2.499745
2614 -0.067743 1.133907 0.595927
2461 1.498824 0.109233 0.815875
371 2.684986 0.638645 0.684437
2196 -0.463625 0.858055 1.109506
2532 -0.003561 3.953171 1.040504
1722 1.378265 2.125461 0.164195
2374 1.162425 0.185275 0.661918
1199 -0.078619 -0.485712 3.569562
1194 0.170549 -0.464874 2.385582
1730 1.383349 2.578417 0.190108
637 -0.534872 -0.233827 4.160758
2372 1.899315 0.853010 0.443800
1064 0.125162 0.807615 0.730528
2034 0.662754 0.445410 0.667958
1440 0.838877 -0.296448 1.396902
2050 0.360299 1.142790 0.523211
2377 1.807854 1.068482 0.326085
1538 1.118357 -0.733100 1.909854
1980 2.705309 1.742481 0.294408
411 2.493446 -0.842331 2.181094
2429 1.211934 -0.226186 1.207909
2521 0.404299 3.639072 0.714375
663 -0.227301 -0.500910 4.040297
970 0.193447 0.580041 0.842883
2120 0.314083 0.740440 0.622633
2253 -0.721904 1.103980 1.726993
1745 0.974600 2.264580 0.238133
166 3.063198 0.471002 0.921545
234 3.441334 1.168434 0.652033
954 0.468112 0.192843 0.996616
2263 -0.148587 0.385576 1.250826
2274 -0.863455 0.843553 2.358695
202 0.282086 0.809306 0.341025
2525 0.212394 3.478075 0.806163
1164 -0.533942 -0.136111 3.798962
2345 1.880927 0.730144 0.454367
700 0.731788 1.619557 0.333298
1584 1.639263 -0.555353 1.663287
2356 2.319858 0.746233 0.543728
120 2.784117 0.563045 0.815985
2063 0.195855 1.978462 0.535372
1252 -0.142565 -0.524351 4.086964
805 0.474166 1.038426 0.479248
1012 -0.127672 1.785684 0.749475
2150 -1.392738 1.388677 3.039958
973 0.082093 0.825749 0.740127
1866 -1.548660 1.630837 3.266171
647 -0.102802 -0.503310 3.678724
1752 2.225899 2.978325 0.122440
551 -0.577779 -0.004738 3.071122
524 3.655958 -0.378824 1.903873
11 0.877491 -0.252721 1.210035
19 0.807134 0.208598 0.753123
959 0.465449 0.154242 0.961151
1181 -0.368941 -0.316922 3.949861
558 -0.319116 -0.328115 3.689297
246 3.221976 1.567868 0.479039
1149 -0.209096 1.104455 0.917514
1126 -0.368667 1.417216 1.121696
1228 -0.238591 -0.528172 4.351788
785 0.152367 0.766692 0.605043
6 0.520620 0.107618 0.981601
2491 0.985708 3.447324 0.390465
556 -0.464058 -0.289026 3.824811
1370 -0.935198 2.775232 1.692338
2271 -0.911727 1.159520 1.886904
1159 -0.501270 -0.216416 3.997094
2609 1.137339 3.281312 0.320716
2629 -0.013635 0.979590 0.473213
1718 2.363679 4.740203 0.323769
503 3.016243 -0.169547 1.443777
126 0.857581 0.134813 0.773699
1005 -0.363859 1.854311 0.995843
436 2.313200 -0.175811 1.201573
2378 1.575168 0.687183 0.461962
2110 0.921807 0.993048 0.352437
134 1.565964 -0.266745 1.229503
2070 0.069447 1.153977 0.650987
372 3.235439 0.645631 0.895388
2590 -0.641675 2.120772 1.114674
456 2.935168 -0.424551 1.710824
1821 -0.604834 1.044815 1.513156
1430 0.788682 -0.334717 1.365691
2072 0.164988 1.455395 0.529360
140 2.059051 -0.363161 1.381333
9 0.487854 0.115114 0.953046
2346 1.948355 0.765718 0.468093
1221 -0.033020 -0.605083 3.962137
2308 -1.148803 1.440194 2.416520
2519 0.320920 3.291079 0.698933
995 0.712535 0.398532 0.526332
633 0.460586 -0.804771 3.089060
1943 3.365403 2.853052 0.218731
1530 0.878542 -0.789767 2.373611
81 0.577553 0.206676 0.827112
1110 -0.101089 1.372254 0.782128
162 2.697007 0.686450 0.664274
753 1.077434 2.178765 0.225296
129 1.796628 -0.074545 0.988279
1567 1.136113 -0.719223 2.074685
1709 2.468317 3.846467 0.236222
502 3.749612 -0.379215 1.923435
867 0.310178 0.504868 0.754544
2035 0.795811 0.498877 0.632317
728 1.118873 0.812345 0.316582
389 1.244335 0.171519 0.561587
2423 0.863568 -0.020434 0.951766
1678 1.783882 2.597713 0.157475
714 0.678928 1.347525 0.354802
1544 0.329685 0.130563 1.007843
1394 -0.443072 1.129416 1.085241
1054 -0.123346 1.354148 0.814999
157 1.839558 1.283529 0.198311
913 0.586262 0.416454 0.610996
1091 0.007463 1.084076 0.734995
1328 -0.398975 1.538121 0.902934
709 0.030412 0.608943 0.623696
703 1.221764 2.094554 0.256881
452 3.254966 -0.648957 2.042933
2184 -1.086631 1.584933 2.009612
2149 -1.319509 1.286631 3.009060
1593 0.806196 -0.876597 2.827999
446 2.150703 -0.761336 1.963070
1081 -0.091876 1.080598 0.809089
298 3.489973 1.122632 0.739007
1049 -0.321710 1.201428 0.985878
2467 1.729577 0.278896 0.646877
2415 3.278081 1.087862 0.673174
860 0.338455 0.713047 0.589503
955 0.523930 0.258968 0.850478
2370 1.119198 0.287460 0.622146
991 0.654214 0.316985 0.703415
281 2.917066 0.724314 0.720247
2589 -0.433124 2.793011 1.106244
399 3.033969 -0.478227 1.775835
1155 -0.179810 0.008281 1.848575
1924 2.962327 2.717058 0.189835
777 1.193158 1.979105 0.222176
1579 0.849450 -0.544268 1.759558
31 1.115418 0.186646 0.710341
622 -0.602899 0.239970 2.523386
2648 0.019187 4.129299 1.052480
1406 -0.467654 2.423818 1.030060
245 3.242086 1.410065 0.525364
1612 1.100695 -0.670845 2.002868
143 3.383229 0.310647 1.102980
219 2.124663 1.142382 0.351692
2067 0.248988 1.118065 0.427690
2181 -1.360971 1.316695 3.025354
1701 1.896171 3.709084 0.234769
1002 0.470725 0.888980 0.411027
852 0.218022 0.640299 0.601694
1913 2.593518 2.289275 0.179119
766 -0.177509 0.661895 0.815062
702 1.069575 1.822849 0.236028
2566 0.457064 2.460280 0.444398
1396 -0.769826 1.565441 1.499666
24 0.730250 0.545364 0.464065
739 1.524455 2.060010 0.201570
2206 -1.539201 1.310594 3.525486
2137 -0.730466 0.768090 1.930114
130 2.481994 -0.374466 1.480179
2077 0.152383 1.377605 0.555025
2504 0.795632 2.975668 0.382907
148 2.526374 1.065487 0.451457
153 2.334363 1.179684 0.309148
610 -0.762766 -0.005462 3.975829
2563 0.257687 3.024846 0.661547
451 3.752485 -0.580393 2.121536
1746 1.497324 3.135647 0.240979
2535 0.213083 2.448873 0.554351
2266 -0.583605 0.775662 1.660651
1287 -1.431570 3.580599 2.492273
2555 -0.298334 4.721238 1.444643
611 -0.665140 -0.248657 4.785900
729 1.320603 1.422335 0.225617
1323 -1.068816 2.021438 1.961436
514 3.543187 -0.483713 2.012187
1492 1.680978 -0.436714 1.392363
2617 0.539645 1.656936 0.298588
2557 -0.583646 3.761963 1.396450
176 2.472679 0.867920 0.530613
1545 0.652022 -0.228204 1.315787
1372 -0.821314 2.402421 1.525280
1549 0.867944 -0.229728 1.065049
565 -0.428507 -0.049730 2.946065
1069 0.002668 1.203645 0.777917
38 1.126240 -0.136898 1.019380
2015 1.396205 1.169574 0.248859
701 0.863099 1.916221 0.262158
578 -0.248279 -0.473053 4.017312
2567 0.436513 3.641296 0.688669
1537 1.327177 -0.850633 2.212841
263 2.946115 0.692826 0.681824
1393 -1.069402 2.707749 1.913376
223 1.936225 0.800193 0.485376
631 0.466911 -0.490036 1.913952
121 2.988674 0.350602 0.976767
1686 1.321685 3.450790 0.329090
980 0.356543 0.377152 0.734374
1196 -0.369602 -0.446189 4.444702
2273 -1.004177 0.845344 2.702494
2012 1.372794 1.147499 0.277459
2538 0.287499 4.234089 0.977072
2549 -0.370309 4.514176 1.485482
1753 2.303085 3.176717 0.143057
2515 0.230905 2.441046 0.532741
2493 -0.259921 3.371814 1.045516
1053 -0.039131 1.008562 0.759144
2093 0.248539 0.716243 0.660767
1036 0.037394 1.467566 0.569212
492 4.070738 -0.425122 2.093649
177 2.685236 1.796862 0.196079
588 -0.512973 -0.371752 5.081890
2197 -0.754702 0.822822 1.798745
1368 -1.220361 3.250802 2.125867
449 2.208860 -0.120834 1.113293
1011 -0.733506 2.315694 1.411647
1067 -0.033016 1.156263 0.755328
1978 2.990974 2.232118 0.231004
2369 0.855061 0.689762 0.307057
1243 0.025832 -0.261617 2.354886
1675 2.369743 3.601712 0.180012
2495 -0.321304 3.592638 1.132724
1987 2.437805 2.245014 0.145457
1919 2.135067 2.018567 0.145511
1580 1.421782 -0.764600 2.059905
1863 -1.642084 1.308957 4.080346
1526 1.023495 -0.764976 2.150000
2635 0.073778 2.306691 0.680224
2325 -1.104911 1.052970 2.791626
2419 2.098375 0.201300 0.817962
1788 -1.339247 1.416033 2.791657
706 1.052495 2.030670 0.265260
2061 0.142056 1.745655 0.553281
1453 1.582255 -1.109473 2.897815
30 0.925916 0.238845 0.702099
152 2.420044 1.089559 0.390181
2545 -0.102561 4.649734 1.251942
1988 2.809704 2.138954 0.223827
536 2.739455 -0.854377 2.212964
544 -0.421784 -0.267170 3.816787
1931 1.381459 1.158682 0.199762
2126 0.157906 1.070038 0.546616
2518 0.172750 2.901913 0.704563
117 2.582199 0.777300 0.582409
902 -0.158236 0.944782 0.920077
156 2.787414 1.362821 0.372601
17 0.764653 0.092577 0.818564
2395 1.949117 0.165644 0.787972
1900 -0.878527 0.442355 2.822854
150 2.930424 0.218893 1.031770
1830 -0.424940 0.919581 1.306446
890 0.243934 0.762720 0.692372
390 2.360495 0.492335 0.682098
1420 1.598524 -0.824377 2.085657
137 2.681457 -0.713538 2.006382
2256 -0.278717 0.769559 1.111687
2631 -0.039887 1.551897 0.512402
1433 1.457402 -0.751504 2.011122
8 0.575079 0.147812 0.959708
1789 -1.505225 1.570798 3.188931
1321 -1.411281 3.068491 2.473796
861 0.005749 0.922463 0.818562
1805 -1.603780 1.678978 3.396380
1923 2.394803 2.019520 0.186046
1755 2.286597 3.122385 0.161289
699 0.846557 1.291195 0.298929
1861 -1.826038 1.658161 4.229838
132 2.422783 -0.046527 1.084664
888 -0.108197 1.313021 0.684727
360 2.778829 0.191512 1.028121
1973 3.384193 2.534818 0.272731
2471 2.503482 0.055519 1.055966
1029 -0.582276 1.754402 1.278174
2322 -0.923198 0.939133 2.347677
1361 -1.367506 3.167141 2.407390
33 1.048314 0.087729 0.830522
2523 0.176635 4.670815 1.064720
195 2.372011 1.920930 0.132658
265 3.650573 1.302452 0.650027
2216 -0.273973 0.833520 0.913026
2547 -0.433489 4.354726 1.461164
2632 0.233374 4.424055 1.004311
473 3.211047 -0.558773 1.953242
1068 0.028394 1.051720 0.729941
1018 -0.359235 1.410931 1.072267
1992 3.419518 2.815130 0.244684
1037 -0.168807 1.711993 0.793216
1527 1.192591 -0.691967 1.827110
2246 -0.794574 1.435946 1.607726
2498 0.391113 4.648329 1.003687
221 3.037083 1.540406 0.432484
1920 3.132217 2.645021 0.201323
1218 0.137185 -0.400462 2.298499
2006 1.617989 1.057320 0.262348
669 -0.481432 -0.052540 3.213690
874 -0.208989 1.242774 0.855808
118 1.376107 0.165682 0.705166
2556 -0.262186 4.620153 1.355823
194 2.029700 2.551013 0.083278
1532 1.790596 -1.139535 2.859491
174 1.559288 0.666527 0.395467
1158 -0.691202 -0.110829 4.157008
1093 0.157850 0.818625 0.613796
454 3.338116 -0.476074 1.873525
208 1.210351 1.475433 0.138311
1026 -0.113066 0.942354 0.831554
1843 -1.449075 1.605536 2.961986
583 -0.391700 0.071237 2.306452
1921 2.243549 1.923210 0.197543
711 1.486198 2.076946 0.179367
2065 0.171162 0.946833 0.510397
146 2.737978 0.553261 0.729328
392 3.315203 0.195461 1.189463
1901 -0.775197 0.761897 1.958190
96 0.431611 -0.178203 1.452483
1869 -1.746931 1.681580 3.843373
2610 0.999341 3.350365 0.398611
186 2.063109 0.430370 0.651342
124 3.069171 0.177656 1.117373
99 0.719079 -0.208183 1.314280
2562 0.064204 4.525206 1.134245
123 2.299274 0.009157 0.998169
1578 0.535270 0.081895 0.723175
906 0.137409 0.527814 0.811717
989 0.414208 0.063684 1.095384
348 1.618959 1.130804 0.153438
994 0.508889 0.462403 0.672121
1710 2.650506 3.630687 0.132161
383 3.223818 -0.149647 1.452795
169 3.711352 -0.179556 1.675208
196 2.435219 1.832898 0.177267
1373 -0.847584 2.485981 1.531513
20 0.721379 0.198262 0.835445
2587 -0.410435 4.067831 1.370383
1756 2.237509 3.015924 0.135660
441 3.508741 -0.410289 1.865509
2270 -1.095863 1.267861 2.358871
2215 -0.523549 0.688891 1.591124
2153 -0.833939 0.888009 2.153993
978 0.408270 0.368557 0.748063
180 2.713983 0.515963 0.747796
958 0.379114 0.262962 0.938082
122 2.819735 0.204354 1.019342
2327 -1.024852 1.119306 2.446735
713 0.700666 0.861944 0.372694
1364 -1.232949 2.770247 2.197627
1398 -1.326309 2.610282 2.318288
1092 0.106079 0.915948 0.619852
2212 -0.574262 0.716020 1.713814
2008 2.896111 1.664666 0.359798
2202 -1.454094 1.219268 3.566323
2222 -1.551295 1.906345 3.049493
73 0.949994 -0.036256 0.924578
444 3.424821 -0.511085 1.987813
1510 1.316243 -0.399924 1.373870
721 1.265554 1.126351 0.288385
1664 1.694328 2.430402 0.129558
2211 -0.667133 0.715405 1.822472
1922 2.339711 2.104371 0.177607
868 0.170892 0.599394 0.795532
1790 -1.514549 1.552915 3.297838
801 0.317206 1.088102 0.548050
1231 -0.575440 -0.092945 3.657763
2599 0.322803 3.640805 0.751992
2071 0.053248 1.284047 0.653881
1796 -1.659281 1.503020 3.758794
131 2.381043 -0.232147 1.258822
1658 1.008398 -0.913122 2.648606
2528 0.381791 3.070948 0.578003
557 -0.390175 -0.239137 3.458583
168 4.111239 -0.308753 1.970958
2011 0.671642 0.792675 0.402864
2600 0.412581 3.778156 0.691500
2250 -0.532079 1.035935 1.282127
182 1.661821 0.123155 0.845671
347 2.190159 0.310717 0.775875
1930 1.401455 1.208897 0.229212
1015 -0.285559 1.728525 0.930824
400 2.964563 -0.541961 1.825965
2591 -0.802474 1.982190 1.321082
1303 0.119048 0.556426 0.507129
115 1.964396 0.782291 0.429527
155 2.704859 1.566194 0.269191
1899 -0.744600 0.512113 2.411370
2060 0.202050 2.320294 0.538776
53 0.490433 0.139479 0.991267
1456 0.920692 -0.555043 1.700899
178 2.373359 1.870188 0.190501
147 2.689253 0.715620 0.644266
2596 0.304387 3.541405 0.725849
2592 -0.340717 1.963831 0.834565
1295 -1.143992 2.987797 2.055064
1283 -0.511515 -0.185446 3.776597
2561 0.160157 4.532409 1.069773
673 0.222630 -0.229396 1.629443
1191 -0.335266 -0.302518 3.617845
2328 -0.774253 0.731687 2.327348
1562 0.713738 -0.406111 1.563103
145 2.243993 0.841201 0.503376
2293 -1.141724 2.128198 2.035239
2013 1.581458 0.972969 0.313811
695 -0.171686 -0.254454 2.682482
2210 -1.170513 1.127710 2.744209
87 0.414562 0.479296 0.685767
2182 -1.061971 1.128712 2.329513
112 1.201664 0.138359 0.711816
1986 2.198172 2.087257 0.152233
1816 -1.013595 1.425150 2.132455
2633 0.226375 3.102767 0.691428
313 1.193105 0.336465 0.462977
103 0.541350 -0.301220 1.524523
164 1.889649 0.549178 0.569516
158 2.289797 0.704866 0.493352
161 2.883810 0.497649 0.842030
1944 2.478777 2.164605 0.173841
2630 0.281361 0.980694 0.321315
553 -0.731077 0.100722 3.391650
908 -0.048664 1.056677 0.862883
649 -0.215968 -0.073699 2.230678
2499 0.317440 3.980044 0.824331
1985 2.991108 2.687387 0.166781
163 1.982872 0.605411 0.527462
2154 -0.998364 0.741596 2.772398
309 3.439500 1.187251 0.675057
1366 -1.271997 2.982244 2.275764
46 0.214875 0.216253 0.916934
237 3.521270 0.963739 0.742771
971 0.142600 0.694535 0.773444
1810 -1.754053 1.756307 3.844091
1566 1.235180 -0.565054 1.683754
875 -0.096780 1.160495 0.819570
1190 0.060021 -0.615809 3.454317
2505 0.494189 2.885803 0.499716
125 3.391822 0.211082 1.216352
2254 -0.481230 0.881657 1.364809
539 2.973408 -0.826765 2.200245
149 2.756524 0.590274 0.783083
1949 2.277579 2.329721 0.163662
138 2.111107 -0.579473 1.726192
1114 0.411366 0.668962 0.507614
2240 -0.345179 0.616010 1.341707
2593 0.160020 1.937415 0.497884
1457 1.105701 -0.760123 2.119206
618 -0.437872 -0.302757 4.185287
1296 -1.253080 3.136974 2.224376
2028 2.395516 1.477182 0.309567
1513 1.085080 -0.738707 2.164738
683 -0.357924 -0.270747 3.605160
1795 -1.207931 1.394900 2.522349
1750 1.981569 3.454659 0.224857
135 1.740145 -0.340745 1.382040
128 1.948060 0.009078 0.937580
2623 0.668764 3.467871 0.564390
335 3.810798 0.455838 1.202387
1112 0.045877 0.854835 0.743235
193 3.466395 0.745908 0.867579
1786 -0.624007 0.947084 1.396506
2239 -0.199110 0.318579 1.443033
2033 0.190123 0.813330 0.658762
543 -0.471652 -0.161255 3.339077
136 1.633399 -0.185123 1.047997
1568 0.907536 -0.514608 1.731639
171 3.708813 -0.126447 1.594584
160 2.827478 0.834294 0.628627
2183 -0.118093 0.880325 0.559323
919 0.489717 0.639752 0.440063
173 2.213322 0.268723 0.748514
114 2.483088 1.105023 0.371400
1065 0.197395 0.693805 0.630006
1776 2.012866 3.168705 0.154248
1322 -1.421698 3.073282 2.557591
710 0.117240 0.911969 0.496375
909 -0.006520 1.106712 0.837182
142 2.841699 -0.164390 1.372033
1254 -0.308334 -0.247419 3.438376
2133 0.333837 0.294481 0.847738
384 3.250049 -0.094895 1.451653
907 0.255873 0.656684 0.604724
1787 -1.219203 1.180382 2.703130
917 0.559060 0.734253 0.556273
752 1.093186 2.381214 0.227997
1848 -1.420485 2.011670 2.586286
1850 -1.369660 1.404218 3.032045
2255 -0.694301 1.247046 1.394256
601 -0.662842 -0.146286 4.280777
5 0.611952 0.179910 0.898264
856 -0.129298 1.044773 0.873781
170 3.873492 -0.230657 1.797554
167 3.494955 0.432692 1.059322
116 1.958588 0.606073 0.532625
159 2.487393 0.869512 0.466153
191 3.534873 0.626707 0.938421
792 1.085447 1.166845 0.329064
2628 0.079425 1.544268 0.409077
190 2.413054 0.029498 1.054870
151 2.116293 0.243630 0.804236
1487 0.852246 -0.577482 1.660196
2195 -0.542553 0.570476 1.519845
1013 -0.170493 2.071231 0.830435
1016 -0.190723 1.527560 0.828027
998 0.033767 0.758083 0.699926
708 0.102872 0.604923 0.627976
972 0.001751 0.903688 0.838506
1048 -0.475861 1.933300 1.141669
2496 -0.418160 3.487966 1.244051
183 1.256207 -0.053702 0.975151
1019 -0.358778 1.713358 1.052356
187 1.049771 0.405834 0.458885
1912 2.432754 2.016304 0.190282
154 2.399205 1.674927 0.192276
1047 0.439950 1.167248 0.297644
722 2.050620 1.294377 0.344441
1858 -1.442865 1.422349 3.228242
1171 -1.259307 0.950414 3.140494
848 1.369061 1.691239 0.200220
2554 -0.887518 3.194767 1.592244
651 -0.470490 -0.147141 3.372541
172 2.953308 0.099821 1.112527
981 0.417202 0.298903 0.802227
2288 -1.262514 1.319842 2.610378
1903 -1.288546 1.175868 2.922852
2014 1.554449 1.010209 0.319130
1045 -0.113474 1.856484 0.760366
141 2.644015 -0.212233 1.392209
1956 1.915328 1.432858 0.274940
181 2.084639 0.379294 0.698481
139 2.313480 -0.333968 1.348698
2347 1.998390 0.511220 0.620132
1066 -0.195922 1.258742 0.937306
127 1.565793 -0.235028 1.213204
2601 0.593415 3.726136 0.571464
1851 -1.411942 1.559306 2.846389
2459 1.359898 -0.119526 1.117722
1017 -0.305015 1.665853 0.995766
280 2.052449 0.408185 0.707932
133 1.683025 0.027073 0.896043
918 0.490543 1.020614 0.417446
1957 2.484754 1.943467 0.241842
175 2.155738 0.758296 0.555739
2574 0.226591 2.163296 0.482646
395 2.956863 -0.015175 1.235300
1844 -0.597892 0.673502 1.781463
2490 0.577285 3.317360 0.492083
113 2.593951 0.725560 0.649109
842 0.574840 1.163172 0.380459
774 1.090534 1.473156 0.255571
2481 1.543040 -0.242843 1.247266
2497 -0.342645 3.472102 1.172349
1682 1.575107 2.198586 0.119458
375 3.278736 0.814478 0.783381
1209 -0.181511 -0.505417 3.794241
1109 -0.250467 1.650367 0.853052
661 -0.252360 -0.312241 3.269151
1875 -1.344385 1.382267 3.011761
1023 -0.419289 1.825648 1.088464
2287 -1.048475 1.232229 2.241733
2232 -0.017036 1.557340 0.635164
1782 1.885994 3.507452 0.193648
179 2.407688 0.721738 0.524773
2533 0.152535 3.622557 0.843654
1004 0.149310 1.101620 0.617635
1033 -0.893613 2.238367 1.591341
184 1.780003 0.130663 0.893037
686 -0.561503 -0.034048 2.910299
685 -0.559972 0.091070 2.667793
18 0.783021 0.059108 0.872490
582 -0.434739 -0.109273 3.044284
979 0.412544 0.653647 0.605329
653 0.065814 -0.004327 0.987638
185 2.243129 0.379499 0.733126
2604 0.550670 2.744229 0.410785
1038 0.150917 0.956813 0.556079
1014 -0.152878 2.122416 0.778293
119 2.105895 0.408193 0.661339
1845 -0.914755 1.381284 1.813552
1009 -0.436668 1.873608 1.036175
2251 -0.661864 1.177994 1.577513
1208 -0.125835 -0.341711 3.070911
2626 0.243930 3.160250 0.689130
2029 1.875201 0.981783 0.331968
652 -0.220727 -0.290012 2.571106
1833 -0.827194 1.376626 1.638207
1174 0.807126 -0.537249 1.451828
2603 0.518457 2.490128 0.432352
2486 0.258796 1.770718 0.397257
1010 -0.276605 1.809734 0.883921
1948 2.073430 1.873406 0.104245
600 -0.355670 -0.183385 2.898227
1910 0.585800 0.609214 0.441767
1031 -0.147837 -0.278360 2.277014
1947 1.827172 1.498004 0.210920
2602 0.456403 2.573411 0.438357
1777 1.148576 1.744194 0.191130
1408 -0.612881 1.842908 1.154580
1022 -0.248145 1.110346 0.824090
2510 -0.677846 1.894173 1.265978
1006 -0.143535 1.355534 0.775496
197 1.672622 0.129651 0.685836
707 0.629122 1.293607 0.279888
2534 0.371489 2.126773 0.253447
1684 0.775953 1.944707 0.204224
1008 1.707709 1.501179 0.155882
1946 1.317305 1.017932 0.231384
85 1.086373 0.169176 0.718245
2507 -0.042718 1.729741 0.470098
