0 1 0 199999
1 1 200000 399999
2 1 400000 599999
3 1 600000 799999
4 1 800000 999999
5 1 1000000 1199999
6 1 1200000 1399999
7 1 1400000 1599999
8 1 1600000 1799999
9 1 1800000 1999999
10 1 2000000 2199999
11 1 2200000 2399999
12 1 2400000 2599999
13 1 2600000 2799999
14 1 2800000 2999999
427 1 85400000 85599999
428 1 85600000 85799999
429 1 85800000 85999999
430 1 86000000 86199999
431 1 86200000 86399999
432 1 86400000 86599999
433 1 86600000 86799999
434 1 86800000 86999999
435 1 87000000 87199999
925 1 185000000 185199999
986 2 0 199999
987 2 200000 399999
988 2 400000 599999
989 2 600000 799999
990 2 800000 999999
991 2 1000000 1199999
992 2 1200000 1399999
993 2 1400000 1599999
994 2 1600000 1799999
995 2 1800000 1999999
996 2 2000000 2199999
997 2 2200000 2399999
998 2 2400000 2599999
999 2 2600000 2799999
1000 2 2800000 2999999
1862 2 175200000 175399999
1863 2 175400000 175599999
1864 2 175600000 175799999
1866 2 176000000 176199999
1867 2 176200000 176399999
1895 3 0 199999
1896 3 200000 399999
1897 3 400000 599999
1898 3 600000 799999
1899 3 800000 999999
1900 3 1000000 1199999
1901 3 1200000 1399999
1902 3 1400000 1599999
1903 3 1600000 1799999
1904 3 1800000 1999999
1905 3 2000000 2199999
1906 3 2200000 2399999
1907 3 2400000 2599999
1908 3 2600000 2799999
1909 3 2800000 2999999
2693 4 0 199999
2694 4 200000 399999
2695 4 400000 599999
2696 4 600000 799999
2697 4 800000 999999
2698 4 1000000 1199999
2699 4 1200000 1399999
2700 4 1400000 1599999
2701 4 1600000 1799999
2702 4 1800000 1999999
2703 4 2000000 2199999
2704 4 2200000 2399999
2705 4 2400000 2599999
2706 4 2600000 2799999
2707 4 2800000 2999999
2850 4 31400000 31599999
2902 4 41800000 41999999
2904 4 42200000 42399999
2905 4 42400000 42599999
3472 5 0 199999
3473 5 200000 399999
3474 5 400000 599999
3475 5 600000 799999
3476 5 800000 999999
3477 5 1000000 1199999
3478 5 1200000 1399999
3479 5 1400000 1599999
3480 5 1600000 1799999
3481 5 1800000 1999999
3482 5 2000000 2199999
3483 5 2200000 2399999
3484 5 2400000 2599999
3485 5 2600000 2799999
3486 5 2800000 2999999
3600 5 25600000 25799999
3601 5 25800000 25999999
3602 5 26000000 26199999
3952 5 96000000 96199999
4235 6 0 199999
4236 6 200000 399999
4237 6 400000 599999
4238 6 600000 799999
4239 6 800000 999999
4240 6 1000000 1199999
4241 6 1200000 1399999
4242 6 1400000 1599999
4243 6 1600000 1799999
4244 6 1800000 1999999
4245 6 2000000 2199999
4246 6 2200000 2399999
4247 6 2400000 2599999
4248 6 2600000 2799999
4249 6 2800000 2999999
4983 7 0 199999
4984 7 200000 399999
4985 7 400000 599999
4986 7 600000 799999
4987 7 800000 999999
4988 7 1000000 1199999
4989 7 1200000 1399999
4990 7 1400000 1599999
4991 7 1600000 1799999
4992 7 1800000 1999999
4993 7 2000000 2199999
4994 7 2200000 2399999
4995 7 2400000 2599999
4996 7 2600000 2799999
4997 7 2800000 2999999
5022 7 7800000 7999999
5024 7 8200000 8399999
5025 7 8400000 8599999
5026 7 8600000 8799999
5034 7 10200000 10399999
5089 7 21200000 21399999
5095 7 22400000 22599999
5097 7 22800000 22999999
5151 7 33600000 33799999
5180 7 39400000 39599999
5181 7 39600000 39799999
5182 7 39800000 39999999
5183 7 40000000 40199999
5184 7 40200000 40399999
5185 7 40400000 40599999
5186 7 40600000 40799999
5187 7 40800000 40999999
5188 7 41000000 41199999
5189 7 41200000 41399999
5190 7 41400000 41599999
5191 7 41600000 41799999
5192 7 41800000 41999999
5193 7 42000000 42199999
5194 7 42200000 42399999
5195 7 42400000 42599999
5196 7 42600000 42799999
5197 7 42800000 42999999
5198 7 43000000 43199999
5199 7 43200000 43399999
5200 7 43400000 43599999
5201 7 43600000 43799999
5202 7 43800000 43999999
5203 7 44000000 44199999
5204 7 44200000 44399999
5205 7 44400000 44599999
5206 7 44600000 44799999
5207 7 44800000 44999999
5208 7 45000000 45199999
5209 7 45200000 45399999
5210 7 45400000 45599999
5211 7 45600000 45799999
5212 7 45800000 45999999
5213 7 46000000 46199999
5746 8 0 199999
5747 8 200000 399999
5748 8 400000 599999
5749 8 600000 799999
5750 8 800000 999999
5751 8 1000000 1199999
5752 8 1200000 1399999
5753 8 1400000 1599999
5754 8 1600000 1799999
5755 8 1800000 1999999
5756 8 2000000 2199999
5757 8 2200000 2399999
5758 8 2400000 2599999
5759 8 2600000 2799999
5760 8 2800000 2999999
5847 8 20200000 20399999
5848 8 20400000 20599999
5849 8 20600000 20799999
5850 8 20800000 20999999
5851 8 21000000 21199999
5852 8 21200000 21399999
5853 8 21400000 21599999
5854 8 21600000 21799999
5855 8 21800000 21999999
6028 8 56400000 56599999
6029 8 56600000 56799999
6030 8 56800000 56999999
6031 8 57000000 57199999
6032 8 57200000 57399999
6033 8 57400000 57599999
6034 8 57600000 57799999
6405 9 0 199999
6406 9 200000 399999
6407 9 400000 599999
6408 9 600000 799999
6409 9 800000 999999
6410 9 1000000 1199999
6411 9 1200000 1399999
6412 9 1400000 1599999
6413 9 1600000 1799999
6414 9 1800000 1999999
6415 9 2000000 2199999
6416 9 2200000 2399999
6417 9 2400000 2599999
6418 9 2600000 2799999
6419 9 2800000 2999999
7026 10 0 199999
7027 10 200000 399999
7028 10 400000 599999
7029 10 600000 799999
7030 10 800000 999999
7031 10 1000000 1199999
7032 10 1200000 1399999
7033 10 1400000 1599999
7034 10 1600000 1799999
7035 10 1800000 1999999
7036 10 2000000 2199999
7037 10 2200000 2399999
7038 10 2400000 2599999
7039 10 2600000 2799999
7040 10 2800000 2999999
7676 11 0 199999
7677 11 200000 399999
7678 11 400000 599999
7679 11 600000 799999
7680 11 800000 999999
7681 11 1000000 1199999
7682 11 1200000 1399999
7683 11 1400000 1599999
7684 11 1600000 1799999
7685 11 1800000 1999999
7686 11 2000000 2199999
7687 11 2200000 2399999
7688 11 2400000 2599999
7689 11 2600000 2799999
7690 11 2800000 2999999
8286 12 0 199999
8287 12 200000 399999
8288 12 400000 599999
8289 12 600000 799999
8290 12 800000 999999
8291 12 1000000 1199999
8292 12 1200000 1399999
8293 12 1400000 1599999
8294 12 1600000 1799999
8295 12 1800000 1999999
8296 12 2000000 2199999
8297 12 2200000 2399999
8298 12 2400000 2599999
8299 12 2600000 2799999
8300 12 2800000 2999999
8397 12 22200000 22399999
8398 12 22400000 22599999
8404 12 23600000 23799999
8498 12 42400000 42599999
8893 13 0 199999
8894 13 200000 399999
8895 13 400000 599999
8896 13 600000 799999
8897 13 800000 999999
8898 13 1000000 1199999
8899 13 1200000 1399999
8900 13 1400000 1599999
8901 13 1600000 1799999
8902 13 1800000 1999999
8903 13 2000000 2199999
8904 13 2200000 2399999
8905 13 2400000 2599999
8906 13 2600000 2799999
8907 13 2800000 2999999
9354 13 92200000 92399999
9355 13 92400000 92599999
9495 14 0 199999
9496 14 200000 399999
9497 14 400000 599999
9498 14 600000 799999
9499 14 800000 999999
9500 14 1000000 1199999
9501 14 1200000 1399999
9502 14 1400000 1599999
9503 14 1600000 1799999
9504 14 1800000 1999999
9505 14 2000000 2199999
9506 14 2200000 2399999
9507 14 2400000 2599999
9508 14 2600000 2799999
9509 14 2800000 2999999
9512 14 3400000 3599999
9522 14 5400000 5599999
9528 14 6600000 6799999
10121 15 0 199999
10122 15 200000 399999
10123 15 400000 599999
10124 15 600000 799999
10125 15 800000 999999
10126 15 1000000 1199999
10127 15 1200000 1399999
10128 15 1400000 1599999
10129 15 1600000 1799999
10130 15 1800000 1999999
10131 15 2000000 2199999
10132 15 2200000 2399999
10133 15 2400000 2599999
10134 15 2600000 2799999
10135 15 2800000 2999999
10639 16 0 199999
10640 16 200000 399999
10641 16 400000 599999
10642 16 600000 799999
10643 16 800000 999999
10644 16 1000000 1199999
10645 16 1200000 1399999
10646 16 1400000 1599999
10647 16 1600000 1799999
10648 16 1800000 1999999
10649 16 2000000 2199999
10650 16 2200000 2399999
10651 16 2400000 2599999
10652 16 2600000 2799999
10653 16 2800000 2999999
11131 17 0 199999
11132 17 200000 399999
11133 17 400000 599999
11134 17 600000 799999
11135 17 800000 999999
11136 17 1000000 1199999
11137 17 1200000 1399999
11138 17 1400000 1599999
11139 17 1600000 1799999
11140 17 1800000 1999999
11141 17 2000000 2199999
11142 17 2200000 2399999
11143 17 2400000 2599999
11144 17 2600000 2799999
11145 17 2800000 2999999
11164 17 6600000 6799999
11608 18 0 199999
11609 18 200000 399999
11610 18 400000 599999
11611 18 600000 799999
11612 18 800000 999999
11613 18 1000000 1199999
11614 18 1200000 1399999
11615 18 1400000 1599999
11616 18 1600000 1799999
11617 18 1800000 1999999
11618 18 2000000 2199999
11619 18 2200000 2399999
11620 18 2400000 2599999
11621 18 2600000 2799999
11622 18 2800000 2999999
12062 19 0 199999
12063 19 200000 399999
12064 19 400000 599999
12065 19 600000 799999
12066 19 800000 999999
12067 19 1000000 1199999
12068 19 1200000 1399999
12069 19 1400000 1599999
12070 19 1600000 1799999
12071 19 1800000 1999999
12072 19 2000000 2199999
12073 19 2200000 2399999
12074 19 2400000 2599999
12075 19 2600000 2799999
12076 19 2800000 2999999
12369 X 0 199999
12370 X 200000 399999
12371 X 400000 599999
12372 X 600000 799999
12373 X 800000 999999
12374 X 1000000 1199999
12375 X 1200000 1399999
12376 X 1400000 1599999
12377 X 1600000 1799999
12378 X 1800000 1999999
12379 X 2000000 2199999
12380 X 2200000 2399999
12381 X 2400000 2599999
12382 X 2600000 2799999
12383 X 2800000 2999999
12491 X 24400000 24599999
12501 X 26400000 26599999
12503 X 26800000 26999999
12506 X 27400000 27599999
12508 X 27800000 27999999
12511 X 28400000 28599999
12513 X 28800000 28999999
12517 X 29600000 29799999
12518 X 29800000 29999999
12530 X 32200000 32399999
12978 X 121800000 121999999
12980 X 122200000 122399999
12981 X 122400000 122599999
13202 X 166600000 166650295
13203 Y 0 199999
13204 Y 200000 399999
13205 Y 400000 599999
13206 Y 600000 799999
13207 Y 800000 999999
13208 Y 1000000 1199999
13209 Y 1200000 1399999
13210 Y 1400000 1599999
13211 Y 1600000 1799999
13212 Y 1800000 1999999
13213 Y 2000000 2199999
13214 Y 2200000 2399999
13215 Y 2400000 2599999
13216 Y 2600000 2799999
13217 Y 2800000 2999999
13218 Y 3000000 3199999
13219 Y 3200000 3399999
13220 Y 3400000 3599999
13221 Y 3600000 3799999
13222 Y 3800000 3999999
13223 Y 4000000 4199999
13224 Y 4200000 4399999
13225 Y 4400000 4599999
13226 Y 4600000 4799999
13227 Y 4800000 4999999
13228 Y 5000000 5199999
13229 Y 5200000 5399999
13230 Y 5400000 5599999
13231 Y 5600000 5799999
13232 Y 5800000 5999999
13233 Y 6000000 6199999
13234 Y 6200000 6399999
13235 Y 6400000 6599999
13236 Y 6600000 6799999
13237 Y 6800000 6999999
13238 Y 7000000 7199999
13239 Y 7200000 7399999
13240 Y 7400000 7599999
13241 Y 7600000 7799999
13242 Y 7800000 7999999
13243 Y 8000000 8199999
13244 Y 8200000 8399999
13245 Y 8400000 8599999
13246 Y 8600000 8799999
13247 Y 8800000 8999999
13248 Y 9000000 9199999
13249 Y 9200000 9399999
13250 Y 9400000 9599999
13251 Y 9600000 9799999
13252 Y 9800000 9999999
13253 Y 10000000 10199999
13254 Y 10200000 10399999
13255 Y 10400000 10599999
13256 Y 10600000 10799999
13257 Y 10800000 10999999
13258 Y 11000000 11199999
13259 Y 11200000 11399999
13260 Y 11400000 11599999
13261 Y 11600000 11799999
13262 Y 11800000 11999999
13263 Y 12000000 12199999
13264 Y 12200000 12399999
13265 Y 12400000 12599999
13266 Y 12600000 12799999
13267 Y 12800000 12999999
13268 Y 13000000 13199999
13269 Y 13200000 13399999
13270 Y 13400000 13599999
13271 Y 13600000 13799999
13272 Y 13800000 13999999
13273 Y 14000000 14199999
13274 Y 14200000 14399999
13275 Y 14400000 14599999
13276 Y 14600000 14799999
13277 Y 14800000 14999999
13278 Y 15000000 15199999
13279 Y 15200000 15399999
13280 Y 15400000 15599999
13281 Y 15600000 15799999
13282 Y 15800000 15902554
