bin1 bin2 count p_value
6 3083 38 2.4413257353143925e-70
7 3083 33 3.5365387351539274e-59
8 3083 36 7.807741213509037e-66
9 3083 41 3.4282149417677282e-77
9 4998 24 4.877040971401479e-40
9 4999 9 4.550499982197619e-12
10 3083 39 1.3057315479790239e-72
11 3083 37 4.4321524785797875e-68
12 3083 32 5.481137469316124e-57
13 3083 29 1.6559508859422791e-50
14 3083 33 3.5365387351539274e-59
15 3083 22 5.5745123204814096e-36
16 3083 18 4.0365117079343827e-28
17 3083 20 5.264100906035327e-32
18 3083 23 5.334961361826553e-38
19 3083 38 2.4413257353143925e-70
19 3235 18 4.0365117079343827e-28
20 3083 35 1.333662717127583e-63
21 3083 30 1.1872382422161874e-52
22 3083 30 1.1872382422161874e-52
23 3083 22 5.5745123204814096e-36
24 3083 21 5.553518498403369e-34
25 3083 23 5.334961361826553e-38
26 3083 33 3.5365387351539274e-59
27 3083 21 5.553518498403369e-34
28 3083 23 5.334961361826553e-38
29 1399 11 2.1657281686282822e-15
29 3083 17 3.248310887126252e-26
30 3083 13 7.18473627926367e-19
31 3083 21 5.553518498403369e-34
32 3083 10 1.0426398476969194e-13
33 1712 20 5.264100906035327e-32
33 3083 18 4.0365117079343827e-28
34 2951 11 2.1657281686282822e-15
34 3083 20 5.264100906035327e-32
35 2951 24 4.877040971401479e-40
35 3083 11 2.1657281686282822e-15
36 3083 9 4.550499982197619e-12
37 3083 11 2.1657281686282822e-15
37 3672 13 7.18473627926367e-19
38 3083 13 7.18473627926367e-19
41 3083 10 1.0426398476969194e-13
42 3083 17 3.248310887126252e-26
43 2375 19 4.736924979859577e-30
43 3083 17 3.248310887126252e-26
44 3083 20 5.264100906035327e-32
45 2814 9 4.550499982197619e-12
45 3083 17 3.248310887126252e-26
46 3083 14 1.1622446867236606e-20
47 3083 9 4.550499982197619e-12
48 3083 13 7.18473627926367e-19
49 3074 9 4.550499982197619e-12
49 3083 10 1.0426398476969194e-13
50 3083 22 5.5745123204814096e-36
51 3083 12 4.111789441788162e-17
52 3083 9 4.550499982197619e-12
53 3083 10 1.0426398476969194e-13
54 3083 8 1.7826711023225111e-10
55 3083 8 1.7826711023225111e-10
56 3083 13 7.18473627926367e-19
57 3083 10 1.0426398476969194e-13
58 3083 11 2.1657281686282822e-15
61 3083 23 5.334961361826553e-38
62 3083 9 4.550499982197619e-12
64 3083 9 4.550499982197619e-12
65 1139 10 1.0426398476969194e-13
66 3083 13 7.18473627926367e-19
67 906 10 1.0426398476969194e-13
67 3083 11 2.1657281686282822e-15
67 3124 9 4.550499982197619e-12
68 3083 21 5.553518498403369e-34
69 3083 11 2.1657281686282822e-15
70 3083 20 5.264100906035327e-32
71 3083 18 4.0365117079343827e-28
72 3083 19 4.736924979859577e-30
73 3083 9 4.550499982197619e-12
74 3083 17 3.248310887126252e-26
75 3083 16 2.4610367022573913e-24
76 3083 15 1.749418264273158e-22
77 3083 16 2.4610367022573913e-24
78 3083 15 1.749418264273158e-22
79 3083 13 7.18473627926367e-19
80 3083 13 7.18473627926367e-19
81 3083 16 2.4610367022573913e-24
82 3083 11 2.1657281686282822e-15
84 3083 13 7.18473627926367e-19
85 3083 12 4.111789441788162e-17
86 3083 12 4.111789441788162e-17
87 3083 10 1.0426398476969194e-13
97 3139 13 7.18473627926367e-19
99 911 14 1.1622446867236606e-20
100 3083 10 1.0426398476969194e-13
101 3083 8 1.7826711023225111e-10
103 3083 9 4.550499982197619e-12
104 2044 8 1.7826711023225111e-10
104 3083 17 3.248310887126252e-26
105 3083 9 4.550499982197619e-12
106 4360 8 1.7826711023225111e-10
108 3083 13 7.18473627926367e-19
111 3083 11 2.1657281686282822e-15
111 4918 40 6.785460560658021e-75
113 3881 14 1.1622446867236606e-20
116 2504 14 1.1622446867236606e-20
119 3083 9 4.550499982197619e-12
120 3083 8 1.7826711023225111e-10
121 1208 9 4.550499982197619e-12
126 2522 8 1.7826711023225111e-10
130 2546 20 5.264100906035327e-32
130 3833 19 4.736924979859577e-30
132 2703 16 2.4610367022573913e-24
132 2704 35 1.333662717127583e-63
133 481 8 1.7826711023225111e-10
134 1342 10 1.0426398476969194e-13
134 1935 8 1.7826711023225111e-10
136 4407 8 1.7826711023225111e-10
139 585 8 1.7826711023225111e-10
141 1569 12 4.111789441788162e-17
149 3878 13 7.18473627926367e-19
160 4661 18 4.0365117079343827e-28
168 585 25 4.266093978178181e-42
168 586 9 4.550499982197619e-12
169 4872 14 1.1622446867236606e-20
179 871 15 1.749418264273158e-22
180 401 29 1.6559508859422791e-50
180 402 20 5.264100906035327e-32
180 403 28 2.2252645945851313e-48
180 404 16 2.4610367022573913e-24
180 405 10 1.0426398476969194e-13
180 406 11 2.1657281686282822e-15
180 407 10 1.0426398476969194e-13
180 409 11 2.1657281686282822e-15
180 411 15 1.749418264273158e-22
180 415 9 4.550499982197619e-12
180 417 11 2.1657281686282822e-15
180 428 8 1.7826711023225111e-10
180 429 8 1.7826711023225111e-10
180 1085 11 2.1657281686282822e-15
180 1086 28 2.2252645945851313e-48
180 1087 8 1.7826711023225111e-10
180 1088 11 2.1657281686282822e-15
180 1089 13 7.18473627926367e-19
180 1090 8 1.7826711023225111e-10
180 1092 8 1.7826711023225111e-10
180 1094 9 4.550499982197619e-12
180 1097 10 1.0426398476969194e-13
180 1103 8 1.7826711023225111e-10
180 1106 8 1.7826711023225111e-10
180 1110 8 1.7826711023225111e-10
180 1118 8 1.7826711023225111e-10
180 3083 79 8.869980287082779e-172
186 1127 15 1.749418264273158e-22
195 1600 11 2.1657281686282822e-15
196 2255 9 4.550499982197619e-12
196 4857 9 4.550499982197619e-12
198 2753 11 2.1657281686282822e-15
210 703 21 5.553518498403369e-34
214 2714 8 1.7826711023225111e-10
214 2715 14 1.1622446867236606e-20
221 1929 9 4.550499982197619e-12
221 2137 17 3.248310887126252e-26
222 1929 57 2.003497169697448e-115
223 1929 8 1.7826711023225111e-10
225 827 11 2.1657281686282822e-15
225 2435 15 1.749418264273158e-22
233 4291 28 2.2252645945851313e-48
236 1914 8 1.7826711023225111e-10
248 3692 10 1.0426398476969194e-13
251 1110 13 7.18473627926367e-19
253 911 10 1.0426398476969194e-13
255 1747 15 1.749418264273158e-22
258 4138 8 1.7826711023225111e-10
260 1213 19 4.736924979859577e-30
270 3069 17 3.248310887126252e-26
271 3069 11 2.1657281686282822e-15
273 2397 56 5.839349749633769e-113
274 2052 13 7.18473627926367e-19
274 2397 9 4.550499982197619e-12
277 1946 11 2.1657281686282822e-15
277 3560 13 7.18473627926367e-19
277 3561 30 1.1872382422161874e-52
287 2829 17 3.248310887126252e-26
294 3390 10 1.0426398476969194e-13
295 912 16 2.4610367022573913e-24
299 1159 8 1.7826711023225111e-10
302 595 9 4.550499982197619e-12
304 3911 18 4.0365117079343827e-28
309 2611 24 4.877040971401479e-40
310 4516 13 7.18473627926367e-19
311 4516 10 1.0426398476969194e-13
318 1973 15 1.749418264273158e-22
318 3218 25 4.266093978178181e-42
322 1116 9 4.550499982197619e-12
323 5042 26 3.5763704680158746e-44
326 1420 13 7.18473627926367e-19
327 2176 8 1.7826711023225111e-10
328 3139 12 4.111789441788162e-17
337 1126 12 4.111789441788162e-17
343 4113 21 5.553518498403369e-34
347 3069 24 4.877040971401479e-40
347 4339 15 1.749418264273158e-22
349 994 8 1.7826711023225111e-10
354 2465 11 2.1657281686282822e-15
359 2377 22 5.5745123204814096e-36
365 1064 14 1.1622446867236606e-20
366 4881 8 1.7826711023225111e-10
374 2349 8 1.7826711023225111e-10
381 3899 9 4.550499982197619e-12
383 2657 8 1.7826711023225111e-10
401 3083 48 1.369840399511913e-93
401 4612 10 1.0426398476969194e-13
402 3083 31 8.209753249797565e-55
403 3083 35 1.333662717127583e-63
404 3083 37 4.4321524785797875e-68
405 3083 37 4.4321524785797875e-68
406 2495 26 3.5763704680158746e-44
406 2496 10 1.0426398476969194e-13
406 3083 46 7.540556788366334e-89
407 3083 32 5.481137469316124e-57
408 3083 28 2.2252645945851313e-48
409 3083 29 1.6559508859422791e-50
410 3083 19 4.736924979859577e-30
411 3083 14 1.1622446867236606e-20
412 3083 15 1.749418264273158e-22
413 3083 15 1.749418264273158e-22
414 3083 22 5.5745123204814096e-36
415 3083 24 4.877040971401479e-40
416 3083 18 4.0365117079343827e-28
417 3083 23 5.334961361826553e-38
417 3641 15 1.749418264273158e-22
418 3083 23 5.334961361826553e-38
419 3083 29 1.6559508859422791e-50
419 3584 12 4.111789441788162e-17
420 3083 15 1.749418264273158e-22
421 3083 15 1.749418264273158e-22
422 3083 16 2.4610367022573913e-24
423 2775 10 1.0426398476969194e-13
423 3083 11 2.1657281686282822e-15
424 3083 15 1.749418264273158e-22
425 1745 8 1.7826711023225111e-10
425 3083 16 2.4610367022573913e-24
426 3083 17 3.248310887126252e-26
426 4534 9 4.550499982197619e-12
427 3083 15 1.749418264273158e-22
428 3083 11 2.1657281686282822e-15
429 3083 8 1.7826711023225111e-10
430 3055 9 4.550499982197619e-12
430 3083 21 5.553518498403369e-34
431 3083 27 2.8775939035153013e-46
432 3083 14 1.1622446867236606e-20
433 3083 20 5.264100906035327e-32
434 3083 19 4.736924979859577e-30
435 3083 9 4.550499982197619e-12
436 3083 18 4.0365117079343827e-28
437 3083 17 3.248310887126252e-26
438 3083 9 4.550499982197619e-12
439 3083 10 1.0426398476969194e-13
440 3083 13 7.18473627926367e-19
441 1166 10 1.0426398476969194e-13
441 2432 14 1.1622446867236606e-20
441 3083 8 1.7826711023225111e-10
442 2667 8 1.7826711023225111e-10
442 3083 10 1.0426398476969194e-13
444 3083 14 1.1622446867236606e-20
446 3083 8 1.7826711023225111e-10
447 3083 9 4.550499982197619e-12
448 3083 14 1.1622446867236606e-20
457 3083 11 2.1657281686282822e-15
457 4512 8 1.7826711023225111e-10
459 1942 12 4.111789441788162e-17
459 3058 8 1.7826711023225111e-10
460 3083 8 1.7826711023225111e-10
461 3083 9 4.550499982197619e-12
463 3083 10 1.0426398476969194e-13
464 3083 8 1.7826711023225111e-10
469 3083 8 1.7826711023225111e-10
470 3083 10 1.0426398476969194e-13
471 3083 11 2.1657281686282822e-15
472 3083 12 4.111789441788162e-17
473 3083 13 7.18473627926367e-19
473 3132 11 2.1657281686282822e-15
480 1113 11 2.1657281686282822e-15
483 1887 30 1.1872382422161874e-52
483 3083 10 1.0426398476969194e-13
484 4160 8 1.7826711023225111e-10
486 3174 9 4.550499982197619e-12
486 3190 8 1.7826711023225111e-10
487 3083 10 1.0426398476969194e-13
487 4018 34 2.2072256855127113e-61
489 1849 13 7.18473627926367e-19
491 1068 13 7.18473627926367e-19
491 3083 10 1.0426398476969194e-13
492 4195 11 2.1657281686282822e-15
493 2859 11 2.1657281686282822e-15
497 3083 8 1.7826711023225111e-10
499 3083 11 2.1657281686282822e-15
499 3740 10 1.0426398476969194e-13
501 3159 10 1.0426398476969194e-13
507 2717 11 2.1657281686282822e-15
508 2717 53 1.2700156244019578e-105
509 2717 18 4.0365117079343827e-28
509 3798 10 1.0426398476969194e-13
510 2717 11 2.1657281686282822e-15
516 2438 17 3.248310887126252e-26
516 3025 9 4.550499982197619e-12
521 1120 15 1.749418264273158e-22
521 1121 33 3.5365387351539274e-59
530 4440 10 1.0426398476969194e-13
532 3050 9 4.550499982197619e-12
532 4529 8 1.7826711023225111e-10
534 1665 12 4.111789441788162e-17
534 1666 46 7.540556788366334e-89
534 1667 14 1.1622446867236606e-20
534 3378 11 2.1657281686282822e-15
542 1290 15 1.749418264273158e-22
542 1291 29 1.6559508859422791e-50
549 4172 9 4.550499982197619e-12
561 2159 17 3.248310887126252e-26
562 2601 8 1.7826711023225111e-10
564 2128 15 1.749418264273158e-22
578 3838 8 1.7826711023225111e-10
586 4475 9 4.550499982197619e-12
592 3083 16 2.4610367022573913e-24
592 4922 8 1.7826711023225111e-10
593 5143 31 8.209753249797565e-55
594 2962 16 2.4610367022573913e-24
594 2963 27 2.8775939035153013e-46
597 1052 18 4.0365117079343827e-28
602 2845 10 1.0426398476969194e-13
613 2127 10 1.0426398476969194e-13
620 2141 19 4.736924979859577e-30
621 4078 25 4.266093978178181e-42
622 920 21 5.553518498403369e-34
623 5165 9 4.550499982197619e-12
629 2270 11 2.1657281686282822e-15
632 4846 24 4.877040971401479e-40
636 1014 9 4.550499982197619e-12
637 3767 8 1.7826711023225111e-10
637 3768 19 4.736924979859577e-30
639 2326 31 8.209753249797565e-55
639 3308 14 1.1622446867236606e-20
651 1269 31 8.209753249797565e-55
654 2645 16 2.4610367022573913e-24
657 4000 32 5.481137469316124e-57
663 2184 11 2.1657281686282822e-15
666 1478 8 1.7826711023225111e-10
667 1478 30 1.1872382422161874e-52
674 4012 37 4.4321524785797875e-68
683 957 23 5.334961361826553e-38
684 1426 8 1.7826711023225111e-10
687 4637 13 7.18473627926367e-19
695 1204 11 2.1657281686282822e-15
702 2664 21 5.553518498403369e-34
702 3909 34 2.2072256855127113e-61
703 3909 34 2.2072256855127113e-61
704 1282 9 4.550499982197619e-12
704 2560 17 3.248310887126252e-26
704 2561 50 2.2588059140162514e-98
704 3909 8 1.7826711023225111e-10
710 2992 29 1.6559508859422791e-50
711 5114 9 4.550499982197619e-12
716 4982 9 4.550499982197619e-12
720 1203 33 3.5365387351539274e-59
724 1959 10 1.0426398476969194e-13
727 1382 8 1.7826711023225111e-10
729 1819 23 5.334961361826553e-38
754 3828 8 1.7826711023225111e-10
754 4373 11 2.1657281686282822e-15
755 1388 8 1.7826711023225111e-10
756 3319 8 1.7826711023225111e-10
757 1388 8 1.7826711023225111e-10
757 1436 9 4.550499982197619e-12
757 3319 9 4.550499982197619e-12
758 775 9 4.550499982197619e-12
758 1390 8 1.7826711023225111e-10
758 3320 10 1.0426398476969194e-13
758 4541 24 4.877040971401479e-40
765 3083 20 5.264100906035327e-32
766 3083 28 2.2252645945851313e-48
767 3083 18 4.0365117079343827e-28
768 3083 15 1.749418264273158e-22
769 3083 17 3.248310887126252e-26
770 3083 12 4.111789441788162e-17
771 3083 17 3.248310887126252e-26
771 3951 8 1.7826711023225111e-10
771 3952 9 4.550499982197619e-12
772 3083 8 1.7826711023225111e-10
773 1244 8 1.7826711023225111e-10
773 3083 18 4.0365117079343827e-28
774 3083 16 2.4610367022573913e-24
775 3083 24 4.877040971401479e-40
775 4541 10 1.0426398476969194e-13
776 3083 30 1.1872382422161874e-52
777 3083 29 1.6559508859422791e-50
778 3083 26 3.5763704680158746e-44
779 3083 13 7.18473627926367e-19
780 3083 14 1.1622446867236606e-20
781 3083 14 1.1622446867236606e-20
782 3083 9 4.550499982197619e-12
784 3083 8 1.7826711023225111e-10
785 3083 10 1.0426398476969194e-13
787 2958 12 4.111789441788162e-17
788 3083 10 1.0426398476969194e-13
789 3083 11 2.1657281686282822e-15
790 4434 8 1.7826711023225111e-10
791 3083 11 2.1657281686282822e-15
792 3083 8 1.7826711023225111e-10
794 3083 16 2.4610367022573913e-24
795 3083 8 1.7826711023225111e-10
796 3083 11 2.1657281686282822e-15
797 1389 25 4.266093978178181e-42
797 3083 19 4.736924979859577e-30
798 3083 9 4.550499982197619e-12
799 3083 9 4.550499982197619e-12
802 3083 13 7.18473627926367e-19
803 3083 11 2.1657281686282822e-15
804 3083 8 1.7826711023225111e-10
805 3083 10 1.0426398476969194e-13
806 3083 9 4.550499982197619e-12
806 3615 8 1.7826711023225111e-10
806 5096 28 2.2252645945851313e-48
807 3083 9 4.550499982197619e-12
807 3798 18 4.0365117079343827e-28
807 5096 8 1.7826711023225111e-10
808 3083 9 4.550499982197619e-12
808 5243 8 1.7826711023225111e-10
810 3083 8 1.7826711023225111e-10
811 3083 9 4.550499982197619e-12
812 3083 9 4.550499982197619e-12
813 2577 8 1.7826711023225111e-10
813 3083 8 1.7826711023225111e-10
814 3083 15 1.749418264273158e-22
815 3083 12 4.111789441788162e-17
816 3083 11 2.1657281686282822e-15
818 3083 8 1.7826711023225111e-10
819 3083 8 1.7826711023225111e-10
820 3083 18 4.0365117079343827e-28
821 3083 9 4.550499982197619e-12
822 1419 13 7.18473627926367e-19
822 3083 8 1.7826711023225111e-10
823 1419 27 2.8775939035153013e-46
823 3083 9 4.550499982197619e-12
824 3083 10 1.0426398476969194e-13
826 3694 9 4.550499982197619e-12
827 3083 13 7.18473627926367e-19
830 3083 8 1.7826711023225111e-10
831 3083 13 7.18473627926367e-19
831 3829 27 2.8775939035153013e-46
832 1404 18 4.0365117079343827e-28
832 3083 17 3.248310887126252e-26
832 3771 27 2.8775939035153013e-46
833 3083 8 1.7826711023225111e-10
834 3083 9 4.550499982197619e-12
835 3083 8 1.7826711023225111e-10
837 2372 8 1.7826711023225111e-10
837 3220 15 1.749418264273158e-22
839 3083 14 1.1622446867236606e-20
840 3083 8 1.7826711023225111e-10
841 3083 8 1.7826711023225111e-10
849 4001 14 1.1622446867236606e-20
861 3083 14 1.1622446867236606e-20
861 3870 8 1.7826711023225111e-10
865 3083 12 4.111789441788162e-17
866 3083 12 4.111789441788162e-17
866 3454 9 4.550499982197619e-12
867 3083 8 1.7826711023225111e-10
876 2869 14 1.1622446867236606e-20
876 3083 8 1.7826711023225111e-10
880 3083 8 1.7826711023225111e-10
890 4552 12 4.111789441788162e-17
908 1455 18 4.0365117079343827e-28
911 3844 26 3.5763704680158746e-44
911 4360 9 4.550499982197619e-12
917 3712 16 2.4610367022573913e-24
923 1849 11 2.1657281686282822e-15
928 2027 19 4.736924979859577e-30
930 2468 9 4.550499982197619e-12
931 1103 8 1.7826711023225111e-10
931 4126 10 1.0426398476969194e-13
931 4127 8 1.7826711023225111e-10
931 4432 11 2.1657281686282822e-15
932 4536 8 1.7826711023225111e-10
933 1714 26 3.5763704680158746e-44
934 2412 22 5.5745123204814096e-36
935 1344 12 4.111789441788162e-17
935 2474 35 1.333662717127583e-63
936 3665 8 1.7826711023225111e-10
941 2331 12 4.111789441788162e-17
945 3869 8 1.7826711023225111e-10
947 2197 11 2.1657281686282822e-15
949 3329 10 1.0426398476969194e-13
957 4123 37 4.4321524785797875e-68
957 4124 28 2.2252645945851313e-48
960 4700 8 1.7826711023225111e-10
961 4532 14 1.1622446867236606e-20
967 4927 12 4.111789441788162e-17
969 3744 16 2.4610367022573913e-24
977 4179 9 4.550499982197619e-12
982 2193 21 5.553518498403369e-34
990 3965 14 1.1622446867236606e-20
1013 5098 13 7.18473627926367e-19
1014 3412 9 4.550499982197619e-12
1020 3340 8 1.7826711023225111e-10
1023 2455 16 2.4610367022573913e-24
1033 3878 23 5.334961361826553e-38
1033 3879 10 1.0426398476969194e-13
1035 1140 37 4.4321524785797875e-68
1035 1141 12 4.111789441788162e-17
1040 1879 8 1.7826711023225111e-10
1042 4012 8 1.7826711023225111e-10
1048 4997 12 4.111789441788162e-17
1049 3437 21 5.553518498403369e-34
1050 2678 16 2.4610367022573913e-24
1051 2991 11 2.1657281686282822e-15
1051 4353 11 2.1657281686282822e-15
1070 3424 10 1.0426398476969194e-13
1070 3613 9 4.550499982197619e-12
1085 1703 40 6.785460560658021e-75
1085 1704 28 2.2252645945851313e-48
1085 1705 8 1.7826711023225111e-10
1085 2003 18 4.0365117079343827e-28
1085 2309 54 4.650608155816369e-108
1085 2310 14 1.1622446867236606e-20
1085 2311 12 4.111789441788162e-17
1085 3083 17 3.248310887126252e-26
1085 3570 11 2.1657281686282822e-15
1085 4062 29 1.6559508859422791e-50
1086 1682 10 1.0426398476969194e-13
1086 3083 43 8.05999502678354e-82
1086 4270 9 4.550499982197619e-12
1087 3083 24 4.877040971401479e-40
1088 3083 25 4.266093978178181e-42
1089 3083 17 3.248310887126252e-26
1090 3083 29 1.6559508859422791e-50
1091 3083 22 5.5745123204814096e-36
1092 3083 19 4.736924979859577e-30
1093 3083 22 5.5745123204814096e-36
1094 3083 22 5.5745123204814096e-36
1095 3083 22 5.5745123204814096e-36
1096 3083 37 4.4321524785797875e-68
1097 3083 22 5.5745123204814096e-36
1098 3083 27 2.8775939035153013e-46
1099 3083 17 3.248310887126252e-26
1100 3083 25 4.266093978178181e-42
1101 3083 33 3.5365387351539274e-59
1101 4853 16 2.4610367022573913e-24
1102 3083 26 3.5763704680158746e-44
1103 3083 13 7.18473627926367e-19
1104 3083 11 2.1657281686282822e-15
1105 3083 11 2.1657281686282822e-15
1106 3083 17 3.248310887126252e-26
1107 3083 9 4.550499982197619e-12
1108 3083 17 3.248310887126252e-26
1109 3083 26 3.5763704680158746e-44
1110 3083 17 3.248310887126252e-26
1110 3386 11 2.1657281686282822e-15
1111 3083 13 7.18473627926367e-19
1112 3083 10 1.0426398476969194e-13
1113 3083 9 4.550499982197619e-12
1114 3083 16 2.4610367022573913e-24
1115 3083 10 1.0426398476969194e-13
1116 3083 12 4.111789441788162e-17
1117 3083 15 1.749418264273158e-22
1117 4102 10 1.0426398476969194e-13
1118 3083 14 1.1622446867236606e-20
1119 3083 12 4.111789441788162e-17
1120 2474 12 4.111789441788162e-17
1120 3083 14 1.1622446867236606e-20
1121 3083 12 4.111789441788162e-17
1122 3083 14 1.1622446867236606e-20
1123 3083 14 1.1622446867236606e-20
1124 3083 12 4.111789441788162e-17
1125 3083 12 4.111789441788162e-17
1125 3674 9 4.550499982197619e-12
1126 3083 9 4.550499982197619e-12
1127 3083 9 4.550499982197619e-12
1128 3083 11 2.1657281686282822e-15
1129 3083 11 2.1657281686282822e-15
1130 3083 10 1.0426398476969194e-13
1131 3083 9 4.550499982197619e-12
1132 3083 12 4.111789441788162e-17
1133 3083 13 7.18473627926367e-19
1133 5110 8 1.7826711023225111e-10
1135 3083 9 4.550499982197619e-12
1137 3083 11 2.1657281686282822e-15
1140 3083 9 4.550499982197619e-12
1140 4671 9 4.550499982197619e-12
1141 3083 8 1.7826711023225111e-10
1143 3083 11 2.1657281686282822e-15
1144 3083 11 2.1657281686282822e-15
1145 3083 12 4.111789441788162e-17
1146 1653 11 2.1657281686282822e-15
1146 3083 13 7.18473627926367e-19
1147 3083 15 1.749418264273158e-22
1148 3083 14 1.1622446867236606e-20
1149 3083 12 4.111789441788162e-17
1151 3083 8 1.7826711023225111e-10
1153 3083 9 4.550499982197619e-12
1153 4751 9 4.550499982197619e-12
1157 1721 17 3.248310887126252e-26
1158 3083 10 1.0426398476969194e-13
1158 3598 9 4.550499982197619e-12
1160 3083 15 1.749418264273158e-22
1161 3083 13 7.18473627926367e-19
1161 4605 25 4.266093978178181e-42
1162 3083 13 7.18473627926367e-19
1165 3029 11 2.1657281686282822e-15
1165 3083 11 2.1657281686282822e-15
1167 3083 9 4.550499982197619e-12
1168 3083 9 4.550499982197619e-12
1170 4538 10 1.0426398476969194e-13
1172 3933 8 1.7826711023225111e-10
1176 3083 12 4.111789441788162e-17
1183 4915 10 1.0426398476969194e-13
1186 2649 9 4.550499982197619e-12
1187 2385 8 1.7826711023225111e-10
1192 3083 8 1.7826711023225111e-10
1193 3083 8 1.7826711023225111e-10
1210 1491 8 1.7826711023225111e-10
1217 3395 16 2.4610367022573913e-24
1219 3274 8 1.7826711023225111e-10
1221 4852 13 7.18473627926367e-19
1221 4853 9 4.550499982197619e-12
1223 4486 10 1.0426398476969194e-13
1228 3354 10 1.0426398476969194e-13
1229 3354 13 7.18473627926367e-19
1252 3681 8 1.7826711023225111e-10
1276 1523 12 4.111789441788162e-17
1276 3083 8 1.7826711023225111e-10
1276 5121 9 4.550499982197619e-12
1291 3469 10 1.0426398476969194e-13
1296 2832 11 2.1657281686282822e-15
1301 4173 13 7.18473627926367e-19
1306 3167 15 1.749418264273158e-22
1308 2698 26 3.5763704680158746e-44
1311 2566 11 2.1657281686282822e-15
1312 4573 14 1.1622446867236606e-20
1313 3429 13 7.18473627926367e-19
1313 4384 27 2.8775939035153013e-46
1317 3196 11 2.1657281686282822e-15
1324 3588 12 4.111789441788162e-17
1335 2197 12 4.111789441788162e-17
1342 3922 18 4.0365117079343827e-28
1343 4299 22 5.5745123204814096e-36
1350 4841 9 4.550499982197619e-12
1353 1475 17 3.248310887126252e-26
1353 1476 52 3.39159422495521e-103
1354 4405 9 4.550499982197619e-12
1360 3083 8 1.7826711023225111e-10
1367 1942 10 1.0426398476969194e-13
1367 4308 19 4.736924979859577e-30
1368 4308 12 4.111789441788162e-17
1373 4538 11 2.1657281686282822e-15
1374 3083 8 1.7826711023225111e-10
1378 1631 8 1.7826711023225111e-10
1380 1628 9 4.550499982197619e-12
1381 1628 10 1.0426398476969194e-13
1382 1628 17 3.248310887126252e-26
1382 2552 8 1.7826711023225111e-10
1386 4686 19 4.736924979859577e-30
1388 4236 14 1.1622446867236606e-20
1389 3083 8 1.7826711023225111e-10
1389 4009 21 5.553518498403369e-34
1389 4723 44 3.754766265658139e-84
1390 4723 17 3.248310887126252e-26
1397 3083 16 2.4610367022573913e-24
1397 3327 14 1.1622446867236606e-20
1397 3570 12 4.111789441788162e-17
1397 3571 8 1.7826711023225111e-10
1397 4270 10 1.0426398476969194e-13
1398 2454 32 5.481137469316124e-57
1398 3083 22 5.5745123204814096e-36
1399 3083 22 5.5745123204814096e-36
1400 3083 14 1.1622446867236606e-20
1401 3083 17 3.248310887126252e-26
1402 3083 13 7.18473627926367e-19
1403 3083 11 2.1657281686282822e-15
1404 3083 16 2.4610367022573913e-24
1405 3083 12 4.111789441788162e-17
1406 3083 8 1.7826711023225111e-10
1407 2930 9 4.550499982197619e-12
1407 3083 14 1.1622446867236606e-20
1408 3083 18 4.0365117079343827e-28
1408 3799 8 1.7826711023225111e-10
1409 3083 16 2.4610367022573913e-24
1410 3083 12 4.111789441788162e-17
1411 3083 12 4.111789441788162e-17
1412 3083 8 1.7826711023225111e-10
1415 3083 11 2.1657281686282822e-15
1416 3083 9 4.550499982197619e-12
1417 3083 12 4.111789441788162e-17
1418 3083 14 1.1622446867236606e-20
1419 3083 11 2.1657281686282822e-15
1420 3083 16 2.4610367022573913e-24
1420 4439 9 4.550499982197619e-12
1421 3083 8 1.7826711023225111e-10
1422 3083 16 2.4610367022573913e-24
1422 4356 8 1.7826711023225111e-10
1424 3083 8 1.7826711023225111e-10
1425 3083 12 4.111789441788162e-17
1427 3083 14 1.1622446867236606e-20
1429 3083 8 1.7826711023225111e-10
1429 4879 14 1.1622446867236606e-20
1430 2642 8 1.7826711023225111e-10
1430 3083 11 2.1657281686282822e-15
1430 4879 8 1.7826711023225111e-10
1431 3083 14 1.1622446867236606e-20
1432 3083 11 2.1657281686282822e-15
1433 3083 13 7.18473627926367e-19
1433 4044 16 2.4610367022573913e-24
1436 3083 9 4.550499982197619e-12
1437 3083 12 4.111789441788162e-17
1438 3083 11 2.1657281686282822e-15
1440 3083 12 4.111789441788162e-17
1441 3083 11 2.1657281686282822e-15
1446 3083 8 1.7826711023225111e-10
1447 3083 9 4.550499982197619e-12
1450 3083 11 2.1657281686282822e-15
1450 3312 8 1.7826711023225111e-10
1451 3083 8 1.7826711023225111e-10
1453 3083 8 1.7826711023225111e-10
1454 3083 12 4.111789441788162e-17
1455 3083 14 1.1622446867236606e-20
1456 3083 19 4.736924979859577e-30
1456 3744 9 4.550499982197619e-12
1457 3083 116 0.0
1458 3083 11 2.1657281686282822e-15
1460 3083 12 4.111789441788162e-17
1461 3083 8 1.7826711023225111e-10
1462 3083 8 1.7826711023225111e-10
1465 2007 25 4.266093978178181e-42
1465 3083 9 4.550499982197619e-12
1467 2983 8 1.7826711023225111e-10
1469 4308 9 4.550499982197619e-12
1474 5118 17 3.248310887126252e-26
1478 2439 13 7.18473627926367e-19
1480 3781 9 4.550499982197619e-12
1481 2762 10 1.0426398476969194e-13
1485 2382 8 1.7826711023225111e-10
1485 2383 9 4.550499982197619e-12
1489 2494 15 1.749418264273158e-22
1493 1861 10 1.0426398476969194e-13
1495 1836 10 1.0426398476969194e-13
1498 3083 8 1.7826711023225111e-10
1502 4723 29 1.6559508859422791e-50
1530 3034 11 2.1657281686282822e-15
1540 3048 9 4.550499982197619e-12
1541 3048 65 1.8412200208978038e-135
1542 3048 9 4.550499982197619e-12
1542 3192 8 1.7826711023225111e-10
1547 2330 9 4.550499982197619e-12
1550 3844 9 4.550499982197619e-12
1550 3845 16 2.4610367022573913e-24
1550 4270 22 5.5745123204814096e-36
1552 1815 8 1.7826711023225111e-10
1554 2457 9 4.550499982197619e-12
1556 4085 9 4.550499982197619e-12
1567 3527 15 1.749418264273158e-22
1571 4279 9 4.550499982197619e-12
1572 2731 35 1.333662717127583e-63
1572 2732 22 5.5745123204814096e-36
1576 4274 9 4.550499982197619e-12
1577 4274 26 3.5763704680158746e-44
1588 5268 9 4.550499982197619e-12
1599 3083 8 1.7826711023225111e-10
1620 3222 8 1.7826711023225111e-10
1621 3222 15 1.749418264273158e-22
1622 2140 16 2.4610367022573913e-24
1634 3275 13 7.18473627926367e-19
1635 4329 8 1.7826711023225111e-10
1636 5228 11 2.1657281686282822e-15
1637 3253 10 1.0426398476969194e-13
1638 3281 9 4.550499982197619e-12
1639 3083 8 1.7826711023225111e-10
1646 4184 13 7.18473627926367e-19
1650 2779 10 1.0426398476969194e-13
1652 3874 15 1.749418264273158e-22
1652 3875 26 3.5763704680158746e-44
1652 3876 9 4.550499982197619e-12
1652 4509 9 4.550499982197619e-12
1652 4510 49 5.629153489065927e-96
1663 1705 17 3.248310887126252e-26
1668 1914 12 4.111789441788162e-17
1668 4372 8 1.7826711023225111e-10
1669 4723 8 1.7826711023225111e-10
1674 3083 8 1.7826711023225111e-10
1680 3306 10 1.0426398476969194e-13
1682 2655 8 1.7826711023225111e-10
1683 5093 13 7.18473627926367e-19
1685 2838 21 5.553518498403369e-34
1685 3294 12 4.111789441788162e-17
1685 4541 88 6.935241645490458e-196
1689 3305 8 1.7826711023225111e-10
1690 2448 22 5.5745123204814096e-36
1690 2673 8 1.7826711023225111e-10
1694 1995 9 4.550499982197619e-12
1703 3083 31 8.209753249797565e-55
1703 3294 9 4.550499982197619e-12
1703 3570 9 4.550499982197619e-12
1703 3571 10 1.0426398476969194e-13
1703 4270 13 7.18473627926367e-19
1703 4541 156 0.0
1703 4658 14 1.1622446867236606e-20
1704 2708 13 7.18473627926367e-19
1704 3083 46 7.540556788366334e-89
1704 4270 19 4.736924979859577e-30
1704 4658 11 2.1657281686282822e-15
1705 3083 32 5.481137469316124e-57
1705 4270 8 1.7826711023225111e-10
1706 3083 31 8.209753249797565e-55
1707 3083 25 4.266093978178181e-42
1708 3083 38 2.4413257353143925e-70
1709 3083 28 2.2252645945851313e-48
1709 3677 14 1.1622446867236606e-20
1710 3083 25 4.266093978178181e-42
1711 3083 14 1.1622446867236606e-20
1711 4578 18 4.0365117079343827e-28
1712 2427 8 1.7826711023225111e-10
1712 2647 12 4.111789441788162e-17
1712 3083 21 5.553518498403369e-34
1713 3083 24 4.877040971401479e-40
1713 4159 8 1.7826711023225111e-10
1714 3083 21 5.553518498403369e-34
1714 4301 13 7.18473627926367e-19
1715 3083 16 2.4610367022573913e-24
1716 3083 27 2.8775939035153013e-46
1717 3083 23 5.334961361826553e-38
1718 3083 15 1.749418264273158e-22
1719 3083 18 4.0365117079343827e-28
1720 2414 19 4.736924979859577e-30
1720 3083 10 1.0426398476969194e-13
1721 3083 22 5.5745123204814096e-36
1722 3083 20 5.264100906035327e-32
1723 3083 13 7.18473627926367e-19
1724 3083 19 4.736924979859577e-30
1725 3083 12 4.111789441788162e-17
1726 3083 14 1.1622446867236606e-20
1727 3083 12 4.111789441788162e-17
1728 3083 10 1.0426398476969194e-13
1729 3083 13 7.18473627926367e-19
1729 3161 9 4.550499982197619e-12
1730 3083 11 2.1657281686282822e-15
1731 3083 20 5.264100906035327e-32
1732 2373 28 2.2252645945851313e-48
1732 3083 23 5.334961361826553e-38
1733 3083 21 5.553518498403369e-34
1733 4757 17 3.248310887126252e-26
1734 3083 19 4.736924979859577e-30
1735 3083 10 1.0426398476969194e-13
1736 3083 11 2.1657281686282822e-15
1736 5039 8 1.7826711023225111e-10
1737 3083 11 2.1657281686282822e-15
1738 3083 15 1.749418264273158e-22
1739 3083 15 1.749418264273158e-22
1741 3083 22 5.5745123204814096e-36
1742 3083 10 1.0426398476969194e-13
1743 3083 15 1.749418264273158e-22
1744 3083 17 3.248310887126252e-26
1745 3083 13 7.18473627926367e-19
1746 3083 20 5.264100906035327e-32
1746 3412 8 1.7826711023225111e-10
1747 3083 13 7.18473627926367e-19
1748 3083 14 1.1622446867236606e-20
1749 2364 19 4.736924979859577e-30
1749 3083 11 2.1657281686282822e-15
1750 2364 29 1.6559508859422791e-50
1750 3083 10 1.0426398476969194e-13
1751 3083 8 1.7826711023225111e-10
1752 3083 14 1.1622446867236606e-20
1753 3083 12 4.111789441788162e-17
1754 3083 21 5.553518498403369e-34
1755 3083 9 4.550499982197619e-12
1756 3083 13 7.18473627926367e-19
1757 3083 9 4.550499982197619e-12
1758 2331 8 1.7826711023225111e-10
1758 3083 18 4.0365117079343827e-28
1758 4255 8 1.7826711023225111e-10
1758 4510 10 1.0426398476969194e-13
1758 4769 8 1.7826711023225111e-10
1760 3083 9 4.550499982197619e-12
1762 3083 9 4.550499982197619e-12
1763 3083 8 1.7826711023225111e-10
1764 3083 12 4.111789441788162e-17
1765 3083 13 7.18473627926367e-19
1766 3083 13 7.18473627926367e-19
1767 3083 20 5.264100906035327e-32
1768 3083 11 2.1657281686282822e-15
1771 3083 10 1.0426398476969194e-13
1771 3375 9 4.550499982197619e-12
1771 3376 56 5.839349749633769e-113
1771 3377 10 1.0426398476969194e-13
1771 3444 8 1.7826711023225111e-10
1772 3083 13 7.18473627926367e-19
1773 3083 10 1.0426398476969194e-13
1774 3083 8 1.7826711023225111e-10
1775 3083 9 4.550499982197619e-12
1776 3083 8 1.7826711023225111e-10
1777 3083 11 2.1657281686282822e-15
1781 3083 8 1.7826711023225111e-10
1782 3083 9 4.550499982197619e-12
1784 3083 10 1.0426398476969194e-13
1785 3083 9 4.550499982197619e-12
1795 3083 9 4.550499982197619e-12
1796 3083 9 4.550499982197619e-12
1797 4569 15 1.749418264273158e-22
1799 3083 9 4.550499982197619e-12
1800 3083 9 4.550499982197619e-12
1801 3083 10 1.0426398476969194e-13
1804 3083 10 1.0426398476969194e-13
1804 4950 15 1.749418264273158e-22
1809 3220 10 1.0426398476969194e-13
1810 3661 28 2.2252645945851313e-48
1810 4328 11 2.1657281686282822e-15
1811 4328 19 4.736924979859577e-30
1812 3661 8 1.7826711023225111e-10
1813 2258 22 5.5745123204814096e-36
1824 2216 11 2.1657281686282822e-15
1830 3169 14 1.1622446867236606e-20
1830 3170 40 6.785460560658021e-75
1830 4833 11 2.1657281686282822e-15
1831 4833 32 5.481137469316124e-57
1832 4833 29 1.6559508859422791e-50
1837 4888 14 1.1622446867236606e-20
1837 4889 50 2.2588059140162514e-98
1837 4890 15 1.749418264273158e-22
1837 4891 8 1.7826711023225111e-10
1841 2832 14 1.1622446867236606e-20
1849 4361 38 2.4413257353143925e-70
1850 4361 17 3.248310887126252e-26
1850 5164 12 4.111789441788162e-17
1851 2641 17 3.248310887126252e-26
1858 2812 12 4.111789441788162e-17
1868 2325 12 4.111789441788162e-17
1870 4922 8 1.7826711023225111e-10
1880 2206 23 5.334961361826553e-38
1880 4892 16 2.4610367022573913e-24
1903 5162 11 2.1657281686282822e-15
1909 4014 11 2.1657281686282822e-15
1909 5036 10 1.0426398476969194e-13
1910 5036 28 2.2252645945851313e-48
1912 4852 9 4.550499982197619e-12
1914 4372 23 5.334961361826553e-38
1919 2387 9 4.550499982197619e-12
1920 3290 9 4.550499982197619e-12
1921 3290 16 2.4610367022573913e-24
1926 3705 16 2.4610367022573913e-24
1927 2870 8 1.7826711023225111e-10
1927 5136 15 1.749418264273158e-22
1928 3767 8 1.7826711023225111e-10
1933 4154 8 1.7826711023225111e-10
1954 4589 11 2.1657281686282822e-15
1959 3859 9 4.550499982197619e-12
1963 2378 10 1.0426398476969194e-13
1963 2379 33 3.5365387351539274e-59
1964 3677 12 4.111789441788162e-17
1966 4817 12 4.111789441788162e-17
1967 2432 8 1.7826711023225111e-10
1978 3731 14 1.1622446867236606e-20
1978 3881 15 1.749418264273158e-22
1990 4365 10 1.0426398476969194e-13
1991 2462 8 1.7826711023225111e-10
1991 2858 11 2.1657281686282822e-15
1991 2990 38 2.4413257353143925e-70
1992 2990 9 4.550499982197619e-12
1993 2241 8 1.7826711023225111e-10
2003 3083 74 1.2319633322791348e-158
2003 4255 27 2.8775939035153013e-46
2004 3083 52 3.39159422495521e-103
2004 4255 11 2.1657281686282822e-15
2005 3083 50 2.2588059140162514e-98
2006 3083 37 4.4321524785797875e-68
2006 4255 12 4.111789441788162e-17
2007 3083 27 2.8775939035153013e-46
2007 4255 9 4.550499982197619e-12
2008 3083 13 7.18473627926367e-19
2009 3083 33 3.5365387351539274e-59
2010 3083 42 1.6848954120617805e-79
2010 4255 11 2.1657281686282822e-15
2011 2814 26 3.5763704680158746e-44
2011 3083 18 4.0365117079343827e-28
2011 5289 13 7.18473627926367e-19
2011 5290 12 4.111789441788162e-17
2018 3083 10 1.0426398476969194e-13
2019 3083 10 1.0426398476969194e-13
2021 4662 11 2.1657281686282822e-15
2022 3083 16 2.4610367022573913e-24
2023 3083 12 4.111789441788162e-17
2024 3083 19 4.736924979859577e-30
2025 2521 8 1.7826711023225111e-10
2025 3083 11 2.1657281686282822e-15
2026 3083 11 2.1657281686282822e-15
2030 3083 17 3.248310887126252e-26
2031 3083 24 4.877040971401479e-40
2031 3876 16 2.4610367022573913e-24
2032 3083 20 5.264100906035327e-32
2034 3083 12 4.111789441788162e-17
2035 3083 10 1.0426398476969194e-13
2036 3083 12 4.111789441788162e-17
2036 4411 11 2.1657281686282822e-15
2037 3083 19 4.736924979859577e-30
2038 3083 12 4.111789441788162e-17
2044 2689 8 1.7826711023225111e-10
2044 3083 10 1.0426398476969194e-13
2046 2391 10 1.0426398476969194e-13
2046 2392 26 3.5763704680158746e-44
2046 2393 11 2.1657281686282822e-15
2047 3083 10 1.0426398476969194e-13
2048 3083 16 2.4610367022573913e-24
2049 3083 9 4.550499982197619e-12
2050 3083 14 1.1622446867236606e-20
2051 3083 8 1.7826711023225111e-10
2053 3083 10 1.0426398476969194e-13
2054 3083 17 3.248310887126252e-26
2055 2628 14 1.1622446867236606e-20
2055 3083 15 1.749418264273158e-22
2057 3083 8 1.7826711023225111e-10
2058 3083 9 4.550499982197619e-12
2059 3083 12 4.111789441788162e-17
2061 3480 15 1.749418264273158e-22
2066 3265 9 4.550499982197619e-12
2066 4776 10 1.0426398476969194e-13
2067 3083 12 4.111789441788162e-17
2068 3083 9 4.550499982197619e-12
2069 3083 12 4.111789441788162e-17
2070 3083 11 2.1657281686282822e-15
2074 3083 11 2.1657281686282822e-15
2092 4988 9 4.550499982197619e-12
2096 3083 8 1.7826711023225111e-10
2110 3083 8 1.7826711023225111e-10
2113 3638 8 1.7826711023225111e-10
2141 3392 8 1.7826711023225111e-10
2146 3083 9 4.550499982197619e-12
2163 4021 19 4.736924979859577e-30
2169 4915 11 2.1657281686282822e-15
2171 4215 8 1.7826711023225111e-10
2172 5288 15 1.749418264273158e-22
2181 2522 9 4.550499982197619e-12
2184 3952 27 2.8775939035153013e-46
2184 4073 20 5.264100906035327e-32
2189 2323 19 4.736924979859577e-30
2189 4649 26 3.5763704680158746e-44
2190 4649 15 1.749418264273158e-22
2196 3262 12 4.111789441788162e-17
2201 2426 12 4.111789441788162e-17
2203 3848 10 1.0426398476969194e-13
2204 4402 29 1.6559508859422791e-50
2215 2661 11 2.1657281686282822e-15
2215 2662 24 4.877040971401479e-40
2218 3361 14 1.1622446867236606e-20
2220 3561 20 5.264100906035327e-32
2220 4083 10 1.0426398476969194e-13
2221 3105 8 1.7826711023225111e-10
2232 2917 12 4.111789441788162e-17
2239 2922 35 1.333662717127583e-63
2242 4534 10 1.0426398476969194e-13
2255 2969 12 4.111789441788162e-17
2264 3680 11 2.1657281686282822e-15
2268 4925 29 1.6559508859422791e-50
2269 3279 8 1.7826711023225111e-10
2271 4297 12 4.111789441788162e-17
2272 3439 17 3.248310887126252e-26
2300 3165 9 4.550499982197619e-12
2301 3320 8 1.7826711023225111e-10
2309 3083 93 1.623338594553349e-209
2309 4255 11 2.1657281686282822e-15
2310 3083 91 4.81378729085327e-204
2310 4255 14 1.1622446867236606e-20
2310 4541 126 0.0
2311 2652 16 2.4610367022573913e-24
2311 3083 58 6.730532355352584e-118
2312 3083 47 3.253751340835043e-91
2312 3571 12 4.111789441788162e-17
2312 4255 11 2.1657281686282822e-15
2313 3083 33 3.5365387351539274e-59
2314 3083 40 6.785460560658021e-75
2314 3843 22 5.5745123204814096e-36
2314 3844 8 1.7826711023225111e-10
2315 3083 33 3.5365387351539274e-59
2315 4255 8 1.7826711023225111e-10
2316 3083 30 1.1872382422161874e-52
2317 3016 8 1.7826711023225111e-10
2317 3083 33 3.5365387351539274e-59
2318 3083 29 1.6559508859422791e-50
2318 3124 12 4.111789441788162e-17
2319 3083 29 1.6559508859422791e-50
2320 3083 61 2.2545457278953216e-125
2321 3083 46 7.540556788366334e-89
2322 3083 37 4.4321524785797875e-68
2323 3083 44 3.754766265658139e-84
2323 3620 10 1.0426398476969194e-13
2324 3083 31 8.209753249797565e-55
2324 5251 11 2.1657281686282822e-15
2325 3083 26 3.5763704680158746e-44
2326 3083 29 1.6559508859422791e-50
2327 3083 24 4.877040971401479e-40
2328 3083 23 5.334961361826553e-38
2329 3083 21 5.553518498403369e-34
2330 3083 25 4.266093978178181e-42
2331 3083 24 4.877040971401479e-40
2332 3083 15 1.749418264273158e-22
2333 3083 18 4.0365117079343827e-28
2334 3083 19 4.736924979859577e-30
2335 3083 21 5.553518498403369e-34
2335 4694 10 1.0426398476969194e-13
2336 3083 12 4.111789441788162e-17
2337 3083 14 1.1622446867236606e-20
2338 3083 20 5.264100906035327e-32
2339 3083 19 4.736924979859577e-30
2340 3083 19 4.736924979859577e-30
2341 3083 11 2.1657281686282822e-15
2349 3083 16 2.4610367022573913e-24
2349 4510 8 1.7826711023225111e-10
2350 3083 20 5.264100906035327e-32
2351 3083 16 2.4610367022573913e-24
2352 3083 13 7.18473627926367e-19
2353 3083 21 5.553518498403369e-34
2354 3083 13 7.18473627926367e-19
2355 3083 8 1.7826711023225111e-10
2356 3083 16 2.4610367022573913e-24
2357 3083 22 5.5745123204814096e-36
2358 3083 14 1.1622446867236606e-20
2359 3083 17 3.248310887126252e-26
2359 3420 11 2.1657281686282822e-15
2360 3083 11 2.1657281686282822e-15
2361 2720 10 1.0426398476969194e-13
2361 2892 13 7.18473627926367e-19
2361 3083 9 4.550499982197619e-12
2363 3083 16 2.4610367022573913e-24
2367 3083 11 2.1657281686282822e-15
2368 3083 11 2.1657281686282822e-15
2369 3083 8 1.7826711023225111e-10
2370 3083 9 4.550499982197619e-12
2371 3083 9 4.550499982197619e-12
2372 3083 12 4.111789441788162e-17
2372 4191 11 2.1657281686282822e-15
2373 3083 16 2.4610367022573913e-24
2373 5254 24 4.877040971401479e-40
2375 3083 14 1.1622446867236606e-20
2376 3083 9 4.550499982197619e-12
2377 3083 15 1.749418264273158e-22
2378 3083 9 4.550499982197619e-12
2380 3083 14 1.1622446867236606e-20
2382 3083 9 4.550499982197619e-12
2383 3083 14 1.1622446867236606e-20
2385 4391 12 4.111789441788162e-17
2386 3083 13 7.18473627926367e-19
2387 3083 12 4.111789441788162e-17
2388 3586 11 2.1657281686282822e-15
2394 3083 10 1.0426398476969194e-13
2399 3083 10 1.0426398476969194e-13
2401 3572 14 1.1622446867236606e-20
2407 3839 20 5.264100906035327e-32
2409 4674 13 7.18473627926367e-19
2412 3083 8 1.7826711023225111e-10
2420 3083 8 1.7826711023225111e-10
2423 3083 9 4.550499982197619e-12
2434 4501 20 5.264100906035327e-32
2435 4142 13 7.18473627926367e-19
2435 4501 8 1.7826711023225111e-10
2437 4972 12 4.111789441788162e-17
2440 3083 8 1.7826711023225111e-10
2441 2844 8 1.7826711023225111e-10
2441 2845 18 4.0365117079343827e-28
2446 3083 9 4.550499982197619e-12
2458 3908 19 4.736924979859577e-30
2459 4740 8 1.7826711023225111e-10
2478 2677 31 8.209753249797565e-55
2481 5241 12 4.111789441788162e-17
2488 4714 16 2.4610367022573913e-24
2494 3215 12 4.111789441788162e-17
2495 3215 16 2.4610367022573913e-24
2503 3430 8 1.7826711023225111e-10
2505 4790 14 1.1622446867236606e-20
2506 3907 11 2.1657281686282822e-15
2510 3426 13 7.18473627926367e-19
2511 3330 8 1.7826711023225111e-10
2511 3426 38 2.4413257353143925e-70
2511 5064 10 1.0426398476969194e-13
2512 3426 8 1.7826711023225111e-10
2520 2929 15 1.749418264273158e-22
2520 2930 39 1.3057315479790239e-72
2520 2931 155 0.0
2520 2932 14 1.1622446867236606e-20
2520 2934 9 4.550499982197619e-12
2521 5067 10 1.0426398476969194e-13
2555 3330 9 4.550499982197619e-12
2555 3331 26 3.5763704680158746e-44
2563 3718 14 1.1622446867236606e-20
2563 4651 14 1.1622446867236606e-20
2564 4651 12 4.111789441788162e-17
2565 4651 28 2.2252645945851313e-48
2566 3563 8 1.7826711023225111e-10
2566 4651 36 7.807741213509037e-66
2566 4833 8 1.7826711023225111e-10
2566 4956 12 4.111789441788162e-17
2573 3083 35 1.333662717127583e-63
2574 3083 44 3.754766265658139e-84
2575 3083 34 2.2072256855127113e-61
2575 4543 8 1.7826711023225111e-10
2576 3083 18 4.0365117079343827e-28
2577 3083 25 4.266093978178181e-42
2578 2930 11 2.1657281686282822e-15
2578 3083 23 5.334961361826553e-38
2578 3497 14 1.1622446867236606e-20
2578 3499 12 4.111789441788162e-17
2578 5268 10 1.0426398476969194e-13
2579 3083 19 4.736924979859577e-30
2579 3499 8 1.7826711023225111e-10
2580 3083 21 5.553518498403369e-34
2581 3083 23 5.334961361826553e-38
2582 3083 25 4.266093978178181e-42
2583 3083 23 5.334961361826553e-38
2584 3083 14 1.1622446867236606e-20
2585 3083 15 1.749418264273158e-22
2586 3083 23 5.334961361826553e-38
2587 3083 24 4.877040971401479e-40
2588 3083 22 5.5745123204814096e-36
2589 3083 10 1.0426398476969194e-13
2590 3083 12 4.111789441788162e-17
2591 3083 25 4.266093978178181e-42
2592 3083 20 5.264100906035327e-32
2593 3083 21 5.553518498403369e-34
2594 3083 24 4.877040971401479e-40
2595 3083 32 5.481137469316124e-57
2596 3083 25 4.266093978178181e-42
2597 3083 29 1.6559508859422791e-50
2598 3083 20 5.264100906035327e-32
2599 3083 19 4.736924979859577e-30
2600 3083 13 7.18473627926367e-19
2601 3083 15 1.749418264273158e-22
2602 3083 15 1.749418264273158e-22
2603 3083 13 7.18473627926367e-19
2604 3083 13 7.18473627926367e-19
2605 3083 13 7.18473627926367e-19
2605 5120 12 4.111789441788162e-17
2606 3083 15 1.749418264273158e-22
2606 5120 9 4.550499982197619e-12
2607 3083 18 4.0365117079343827e-28
2607 5120 10 1.0426398476969194e-13
2608 3083 20 5.264100906035327e-32
2608 4721 10 1.0426398476969194e-13
2609 3083 24 4.877040971401479e-40
2610 3083 20 5.264100906035327e-32
2611 3083 15 1.749418264273158e-22
2612 3083 8 1.7826711023225111e-10
2613 3083 12 4.111789441788162e-17
2614 3083 11 2.1657281686282822e-15
2615 3083 10 1.0426398476969194e-13
2616 3083 15 1.749418264273158e-22
2617 3083 11 2.1657281686282822e-15
2618 3083 11 2.1657281686282822e-15
2620 3083 8 1.7826711023225111e-10
2621 3083 9 4.550499982197619e-12
2621 4052 11 2.1657281686282822e-15
2627 3083 14 1.1622446867236606e-20
2628 3083 13 7.18473627926367e-19
2629 3083 14 1.1622446867236606e-20
2630 3083 18 4.0365117079343827e-28
2631 3083 14 1.1622446867236606e-20
2632 3083 13 7.18473627926367e-19
2634 3083 8 1.7826711023225111e-10
2636 3083 9 4.550499982197619e-12
2637 3083 16 2.4610367022573913e-24
2640 3083 8 1.7826711023225111e-10
2641 3083 15 1.749418264273158e-22
2642 3083 10 1.0426398476969194e-13
2644 3083 8 1.7826711023225111e-10
2646 3083 10 1.0426398476969194e-13
2646 3103 9 4.550499982197619e-12
2647 3083 14 1.1622446867236606e-20
2647 4157 14 1.1622446867236606e-20
2647 4158 11 2.1657281686282822e-15
2648 3083 12 4.111789441788162e-17
2651 3083 9 4.550499982197619e-12
2652 3083 9 4.550499982197619e-12
2655 3083 8 1.7826711023225111e-10
2657 4493 9 4.550499982197619e-12
2658 3083 11 2.1657281686282822e-15
2659 3083 9 4.550499982197619e-12
2661 3083 10 1.0426398476969194e-13
2662 3083 11 2.1657281686282822e-15
2668 3083 8 1.7826711023225111e-10
2668 4221 15 1.749418264273158e-22
2673 3083 9 4.550499982197619e-12
2674 4321 12 4.111789441788162e-17
2676 3083 8 1.7826711023225111e-10
2677 3083 8 1.7826711023225111e-10
2679 3083 9 4.550499982197619e-12
2680 3083 8 1.7826711023225111e-10
2681 3083 8 1.7826711023225111e-10
2681 3570 9 4.550499982197619e-12
2682 3083 8 1.7826711023225111e-10
2683 3083 9 4.550499982197619e-12
2684 3083 8 1.7826711023225111e-10
2686 3083 9 4.550499982197619e-12
2688 3083 8 1.7826711023225111e-10
2692 4522 8 1.7826711023225111e-10
2693 3083 10 1.0426398476969194e-13
2696 5222 20 5.264100906035327e-32
2697 3083 11 2.1657281686282822e-15
2700 4088 10 1.0426398476969194e-13
2702 4631 24 4.877040971401479e-40
2702 4632 9 4.550499982197619e-12
2705 3083 9 4.550499982197619e-12
2713 5151 14 1.1622446867236606e-20
2718 4833 8 1.7826711023225111e-10
2720 5110 9 4.550499982197619e-12
2724 3120 14 1.1622446867236606e-20
2729 4589 8 1.7826711023225111e-10
2732 3642 36 7.807741213509037e-66
2743 4390 12 4.111789441788162e-17
2759 4775 9 4.550499982197619e-12
2769 3772 9 4.550499982197619e-12
2780 4356 17 3.248310887126252e-26
2781 4356 11 2.1657281686282822e-15
2784 3309 9 4.550499982197619e-12
2803 4363 20 5.264100906035327e-32
2803 4364 45 1.704261174034602e-86
2808 3729 14 1.1622446867236606e-20
2814 5290 14 1.1622446867236606e-20
2822 3083 13 7.18473627926367e-19
2822 3422 13 7.18473627926367e-19
2823 3083 13 7.18473627926367e-19
2824 3083 10 1.0426398476969194e-13
2825 3083 22 5.5745123204814096e-36
2826 3083 29 1.6559508859422791e-50
2827 3083 26 3.5763704680158746e-44
2828 3083 33 3.5365387351539274e-59
2829 3083 30 1.1872382422161874e-52
2830 3083 26 3.5763704680158746e-44
2831 3083 17 3.248310887126252e-26
2832 3083 15 1.749418264273158e-22
2833 3083 19 4.736924979859577e-30
2834 3083 16 2.4610367022573913e-24
2835 3083 16 2.4610367022573913e-24
2836 3083 11 2.1657281686282822e-15
2837 3083 15 1.749418264273158e-22
2838 3083 10 1.0426398476969194e-13
2838 4541 9 4.550499982197619e-12
2839 3083 12 4.111789441788162e-17
2840 3083 20 5.264100906035327e-32
2841 3083 22 5.5745123204814096e-36
2842 3083 21 5.553518498403369e-34
2842 3513 12 4.111789441788162e-17
2843 3083 16 2.4610367022573913e-24
2844 3083 16 2.4610367022573913e-24
2845 3083 11 2.1657281686282822e-15
2846 3083 8 1.7826711023225111e-10
2847 3083 9 4.550499982197619e-12
2848 3083 9 4.550499982197619e-12
2848 3111 17 3.248310887126252e-26
2849 3083 16 2.4610367022573913e-24
2850 3083 14 1.1622446867236606e-20
2851 3083 13 7.18473627926367e-19
2851 4907 17 3.248310887126252e-26
2852 3083 22 5.5745123204814096e-36
2853 3083 16 2.4610367022573913e-24
2855 3083 11 2.1657281686282822e-15
2857 3083 15 1.749418264273158e-22
2858 3083 9 4.550499982197619e-12
2859 3083 18 4.0365117079343827e-28
2859 3570 26 3.5763704680158746e-44
2861 3083 10 1.0426398476969194e-13
2863 3083 10 1.0426398476969194e-13
2864 3083 15 1.749418264273158e-22
2865 3083 11 2.1657281686282822e-15
2866 3083 14 1.1622446867236606e-20
2867 3083 9 4.550499982197619e-12
2869 3083 9 4.550499982197619e-12
2870 3384 14 1.1622446867236606e-20
2871 3083 8 1.7826711023225111e-10
2872 3083 11 2.1657281686282822e-15
2873 3083 8 1.7826711023225111e-10
2874 3083 9 4.550499982197619e-12
2876 4809 35 1.333662717127583e-63
2876 4810 11 2.1657281686282822e-15
2878 3083 10 1.0426398476969194e-13
2883 3083 10 1.0426398476969194e-13
2884 3083 9 4.550499982197619e-12
2885 3083 9 4.550499982197619e-12
2886 3083 9 4.550499982197619e-12
2889 3083 9 4.550499982197619e-12
2890 3083 9 4.550499982197619e-12
2893 3083 8 1.7826711023225111e-10
2894 3083 12 4.111789441788162e-17
2895 3083 10 1.0426398476969194e-13
2899 3083 8 1.7826711023225111e-10
2900 3083 12 4.111789441788162e-17
2904 3083 13 7.18473627926367e-19
2905 3083 10 1.0426398476969194e-13
2921 3606 10 1.0426398476969194e-13
2935 4092 8 1.7826711023225111e-10
2938 5163 11 2.1657281686282822e-15
2947 3575 14 1.1622446867236606e-20
2948 3575 58 6.730532355352584e-118
2949 3575 9 4.550499982197619e-12
2950 3575 9 4.550499982197619e-12
2972 4525 10 1.0426398476969194e-13
2975 3083 9 4.550499982197619e-12
2979 3546 9 4.550499982197619e-12
2980 3546 8 1.7826711023225111e-10
2992 4079 10 1.0426398476969194e-13
3003 4340 13 7.18473627926367e-19
3021 5117 9 4.550499982197619e-12
3022 3303 16 2.4610367022573913e-24
3030 4608 14 1.1622446867236606e-20
3031 4608 9 4.550499982197619e-12
3045 4096 10 1.0426398476969194e-13
3050 4529 16 2.4610367022573913e-24
3075 4956 16 2.4610367022573913e-24
3083 3327 10 1.0426398476969194e-13
3083 3328 19 4.736924979859577e-30
3083 3329 12 4.111789441788162e-17
3083 3330 14 1.1622446867236606e-20
3083 3331 15 1.749418264273158e-22
3083 3332 8 1.7826711023225111e-10
3083 3334 10 1.0426398476969194e-13
3083 3336 9 4.550499982197619e-12
3083 3337 9 4.550499982197619e-12
3083 3338 8 1.7826711023225111e-10
3083 3340 10 1.0426398476969194e-13
3083 3341 10 1.0426398476969194e-13
3083 3343 9 4.550499982197619e-12
3083 3345 14 1.1622446867236606e-20
3083 3347 11 2.1657281686282822e-15
3083 3348 9 4.550499982197619e-12
3083 3351 10 1.0426398476969194e-13
3083 3354 9 4.550499982197619e-12
3083 3372 9 4.550499982197619e-12
3083 3376 8 1.7826711023225111e-10
3083 3380 8 1.7826711023225111e-10
3083 3386 10 1.0426398476969194e-13
3083 3395 10 1.0426398476969194e-13
3083 3431 8 1.7826711023225111e-10
3083 3570 18 4.0365117079343827e-28
3083 3571 51 8.854120810987677e-101
3083 3572 41 3.4282149417677282e-77
3083 3573 26 3.5763704680158746e-44
3083 3574 17 3.248310887126252e-26
3083 3575 34 2.2072256855127113e-61
3083 3576 16 2.4610367022573913e-24
3083 3577 22 5.5745123204814096e-36
3083 3578 17 3.248310887126252e-26
3083 3579 16 2.4610367022573913e-24
3083 3580 24 4.877040971401479e-40
3083 3581 24 4.877040971401479e-40
3083 3582 30 1.1872382422161874e-52
3083 3583 23 5.334961361826553e-38
3083 3584 15 1.749418264273158e-22
3083 3585 15 1.749418264273158e-22
3083 3586 21 5.553518498403369e-34
3083 3587 17 3.248310887126252e-26
3083 3588 15 1.749418264273158e-22
3083 3589 13 7.18473627926367e-19
3083 3590 9 4.550499982197619e-12
3083 3591 11 2.1657281686282822e-15
3083 3592 31 8.209753249797565e-55
3083 3593 11 2.1657281686282822e-15
3083 3594 13 7.18473627926367e-19
3083 3595 11 2.1657281686282822e-15
3083 3596 11 2.1657281686282822e-15
3083 3597 14 1.1622446867236606e-20
3083 3598 18 4.0365117079343827e-28
3083 3600 17 3.248310887126252e-26
3083 3601 10 1.0426398476969194e-13
3083 3602 18 4.0365117079343827e-28
3083 3603 20 5.264100906035327e-32
3083 3604 11 2.1657281686282822e-15
3083 3605 10 1.0426398476969194e-13
3083 3606 16 2.4610367022573913e-24
3083 3607 14 1.1622446867236606e-20
3083 3608 8 1.7826711023225111e-10
3083 3611 14 1.1622446867236606e-20
3083 3612 11 2.1657281686282822e-15
3083 3613 13 7.18473627926367e-19
3083 3614 13 7.18473627926367e-19
3083 3615 8 1.7826711023225111e-10
3083 3616 11 2.1657281686282822e-15
3083 3620 12 4.111789441788162e-17
3083 3621 11 2.1657281686282822e-15
3083 3622 11 2.1657281686282822e-15
3083 3623 12 4.111789441788162e-17
3083 3624 10 1.0426398476969194e-13
3083 3629 12 4.111789441788162e-17
3083 3630 10 1.0426398476969194e-13
3083 3632 13 7.18473627926367e-19
3083 3635 8 1.7826711023225111e-10
3083 3636 13 7.18473627926367e-19
3083 3637 10 1.0426398476969194e-13
3083 3641 8 1.7826711023225111e-10
3083 3646 8 1.7826711023225111e-10
3083 3650 8 1.7826711023225111e-10
3083 3651 11 2.1657281686282822e-15
3083 3653 8 1.7826711023225111e-10
3083 3662 12 4.111789441788162e-17
3083 3666 8 1.7826711023225111e-10
3083 3672 8 1.7826711023225111e-10
3083 3680 56 5.839349749633769e-113
3083 3683 8 1.7826711023225111e-10
3083 3692 8 1.7826711023225111e-10
3083 3699 8 1.7826711023225111e-10
3083 3822 10 1.0426398476969194e-13
3083 3823 11 2.1657281686282822e-15
3083 3824 19 4.736924979859577e-30
3083 3825 9 4.550499982197619e-12
3083 3826 13 7.18473627926367e-19
3083 3827 10 1.0426398476969194e-13
3083 3828 17 3.248310887126252e-26
3083 3829 20 5.264100906035327e-32
3083 3830 27 2.8775939035153013e-46
3083 3831 21 5.553518498403369e-34
3083 3832 22 5.5745123204814096e-36
3083 3833 21 5.553518498403369e-34
3083 3834 31 8.209753249797565e-55
3083 3835 21 5.553518498403369e-34
3083 3836 28 2.2252645945851313e-48
3083 3837 14 1.1622446867236606e-20
3083 3838 24 4.877040971401479e-40
3083 3839 29 1.6559508859422791e-50
3083 3840 24 4.877040971401479e-40
3083 3841 23 5.334961361826553e-38
3083 3842 31 8.209753249797565e-55
3083 3843 58 6.730532355352584e-118
3083 3844 54 4.650608155816369e-108
3083 3845 44 3.754766265658139e-84
3083 3846 14 1.1622446867236606e-20
3083 3847 17 3.248310887126252e-26
3083 3848 15 1.749418264273158e-22
3083 3849 11 2.1657281686282822e-15
3083 3850 16 2.4610367022573913e-24
3083 3851 9 4.550499982197619e-12
3083 3852 12 4.111789441788162e-17
3083 3853 12 4.111789441788162e-17
3083 3860 10 1.0426398476969194e-13
3083 3862 13 7.18473627926367e-19
3083 3864 9 4.550499982197619e-12
3083 3867 9 4.550499982197619e-12
3083 3868 11 2.1657281686282822e-15
3083 3869 8 1.7826711023225111e-10
3083 3872 12 4.111789441788162e-17
3083 3873 8 1.7826711023225111e-10
3083 3875 8 1.7826711023225111e-10
3083 3876 10 1.0426398476969194e-13
3083 3877 9 4.550499982197619e-12
3083 3880 8 1.7826711023225111e-10
3083 3903 8 1.7826711023225111e-10
3083 3908 9 4.550499982197619e-12
3083 4062 28 2.2252645945851313e-48
3083 4063 19 4.736924979859577e-30
3083 4064 29 1.6559508859422791e-50
3083 4065 14 1.1622446867236606e-20
3083 4066 19 4.736924979859577e-30
3083 4067 17 3.248310887126252e-26
3083 4068 17 3.248310887126252e-26
3083 4069 23 5.334961361826553e-38
3083 4070 24 4.877040971401479e-40
3083 4071 18 4.0365117079343827e-28
3083 4072 26 3.5763704680158746e-44
3083 4073 19 4.736924979859577e-30
3083 4074 15 1.749418264273158e-22
3083 4075 12 4.111789441788162e-17
3083 4076 11 2.1657281686282822e-15
3083 4077 21 5.553518498403369e-34
3083 4078 16 2.4610367022573913e-24
3083 4079 20 5.264100906035327e-32
3083 4080 20 5.264100906035327e-32
3083 4081 23 5.334961361826553e-38
3083 4082 19 4.736924979859577e-30
3083 4083 9 4.550499982197619e-12
3083 4084 14 1.1622446867236606e-20
3083 4085 22 5.5745123204814096e-36
3083 4086 19 4.736924979859577e-30
3083 4087 24 4.877040971401479e-40
3083 4088 21 5.553518498403369e-34
3083 4089 12 4.111789441788162e-17
3083 4090 16 2.4610367022573913e-24
3083 4091 13 7.18473627926367e-19
3083 4092 16 2.4610367022573913e-24
3083 4093 9 4.550499982197619e-12
3083 4094 17 3.248310887126252e-26
3083 4095 10 1.0426398476969194e-13
3083 4096 20 5.264100906035327e-32
3083 4098 9 4.550499982197619e-12
3083 4099 16 2.4610367022573913e-24
3083 4100 17 3.248310887126252e-26
3083 4101 17 3.248310887126252e-26
3083 4102 10 1.0426398476969194e-13
3083 4103 15 1.749418264273158e-22
3083 4104 9 4.550499982197619e-12
3083 4105 11 2.1657281686282822e-15
3083 4106 10 1.0426398476969194e-13
3083 4107 17 3.248310887126252e-26
3083 4109 14 1.1622446867236606e-20
3083 4110 9 4.550499982197619e-12
3083 4111 15 1.749418264273158e-22
3083 4112 15 1.749418264273158e-22
3083 4115 9 4.550499982197619e-12
3083 4117 12 4.111789441788162e-17
3083 4118 15 1.749418264273158e-22
3083 4119 10 1.0426398476969194e-13
3083 4122 8 1.7826711023225111e-10
3083 4124 10 1.0426398476969194e-13
3083 4125 8 1.7826711023225111e-10
3083 4126 8 1.7826711023225111e-10
3083 4127 12 4.111789441788162e-17
3083 4128 13 7.18473627926367e-19
3083 4129 8 1.7826711023225111e-10
3083 4130 10 1.0426398476969194e-13
3083 4132 11 2.1657281686282822e-15
3083 4133 13 7.18473627926367e-19
3083 4135 9 4.550499982197619e-12
3083 4138 9 4.550499982197619e-12
3083 4139 8 1.7826711023225111e-10
3083 4156 8 1.7826711023225111e-10
3083 4157 8 1.7826711023225111e-10
3083 4162 8 1.7826711023225111e-10
3083 4166 10 1.0426398476969194e-13
3083 4174 9 4.550499982197619e-12
3083 4201 9 4.550499982197619e-12
3083 4203 9 4.550499982197619e-12
3083 4207 11 2.1657281686282822e-15
3083 4217 8 1.7826711023225111e-10
3083 4218 9 4.550499982197619e-12
3083 4255 303 0.0
3083 4270 13 7.18473627926367e-19
3083 4271 27 2.8775939035153013e-46
3083 4272 26 3.5763704680158746e-44
3083 4273 21 5.553518498403369e-34
3083 4274 23 5.334961361826553e-38
3083 4275 19 4.736924979859577e-30
3083 4276 25 4.266093978178181e-42
3083 4277 24 4.877040971401479e-40
3083 4278 24 4.877040971401479e-40
3083 4279 20 5.264100906035327e-32
3083 4280 14 1.1622446867236606e-20
3083 4281 15 1.749418264273158e-22
3083 4282 14 1.1622446867236606e-20
3083 4283 22 5.5745123204814096e-36
3083 4284 21 5.553518498403369e-34
3083 4285 17 3.248310887126252e-26
3083 4286 12 4.111789441788162e-17
3083 4287 17 3.248310887126252e-26
3083 4288 16 2.4610367022573913e-24
3083 4289 16 2.4610367022573913e-24
3083 4290 10 1.0426398476969194e-13
3083 4291 12 4.111789441788162e-17
3083 4292 9 4.550499982197619e-12
3083 4294 12 4.111789441788162e-17
3083 4295 11 2.1657281686282822e-15
3083 4296 17 3.248310887126252e-26
3083 4297 10 1.0426398476969194e-13
3083 4298 10 1.0426398476969194e-13
3083 4301 11 2.1657281686282822e-15
3083 4302 10 1.0426398476969194e-13
3083 4304 8 1.7826711023225111e-10
3083 4305 8 1.7826711023225111e-10
3083 4308 8 1.7826711023225111e-10
3083 4312 12 4.111789441788162e-17
3083 4313 9 4.550499982197619e-12
3083 4315 14 1.1622446867236606e-20
3083 4317 9 4.550499982197619e-12
3083 4318 13 7.18473627926367e-19
3083 4319 9 4.550499982197619e-12
3083 4327 8 1.7826711023225111e-10
3083 4334 10 1.0426398476969194e-13
3083 4336 9 4.550499982197619e-12
3083 4467 48 1.369840399511913e-93
3083 4468 27 2.8775939035153013e-46
3083 4469 25 4.266093978178181e-42
3083 4470 32 5.481137469316124e-57
3083 4471 29 1.6559508859422791e-50
3083 4472 19 4.736924979859577e-30
3083 4473 14 1.1622446867236606e-20
3083 4475 11 2.1657281686282822e-15
3083 4476 10 1.0426398476969194e-13
3083 4478 10 1.0426398476969194e-13
3083 4479 12 4.111789441788162e-17
3083 4480 12 4.111789441788162e-17
3083 4481 11 2.1657281686282822e-15
3083 4482 15 1.749418264273158e-22
3083 4483 12 4.111789441788162e-17
3083 4484 9 4.550499982197619e-12
3083 4485 14 1.1622446867236606e-20
3083 4486 17 3.248310887126252e-26
3083 4488 13 7.18473627926367e-19
3083 4489 13 7.18473627926367e-19
3083 4490 17 3.248310887126252e-26
3083 4491 14 1.1622446867236606e-20
3083 4492 27 2.8775939035153013e-46
3083 4493 15 1.749418264273158e-22
3083 4494 17 3.248310887126252e-26
3083 4495 15 1.749418264273158e-22
3083 4496 17 3.248310887126252e-26
3083 4497 16 2.4610367022573913e-24
3083 4498 12 4.111789441788162e-17
3083 4500 13 7.18473627926367e-19
3083 4501 12 4.111789441788162e-17
3083 4502 10 1.0426398476969194e-13
3083 4503 9 4.550499982197619e-12
3083 4504 14 1.1622446867236606e-20
3083 4505 11 2.1657281686282822e-15
3083 4508 11 2.1657281686282822e-15
3083 4509 15 1.749418264273158e-22
3083 4510 16 2.4610367022573913e-24
3083 4511 9 4.550499982197619e-12
3083 4513 9 4.550499982197619e-12
3083 4514 8 1.7826711023225111e-10
3083 4515 11 2.1657281686282822e-15
3083 4516 16 2.4610367022573913e-24
3083 4518 8 1.7826711023225111e-10
3083 4519 8 1.7826711023225111e-10
3083 4521 8 1.7826711023225111e-10
3083 4522 8 1.7826711023225111e-10
3083 4525 16 2.4610367022573913e-24
3083 4529 8 1.7826711023225111e-10
3083 4530 10 1.0426398476969194e-13
3083 4531 8 1.7826711023225111e-10
3083 4537 8 1.7826711023225111e-10
3083 4541 14 1.1622446867236606e-20
3083 4548 9 4.550499982197619e-12
3083 4658 84 4.214321198373515e-185
3083 4659 9 4.550499982197619e-12
3083 4662 10 1.0426398476969194e-13
3083 4665 11 2.1657281686282822e-15
3083 4666 9 4.550499982197619e-12
3083 4667 8 1.7826711023225111e-10
3083 4668 13 7.18473627926367e-19
3083 4670 10 1.0426398476969194e-13
3083 4671 8 1.7826711023225111e-10
3083 4672 11 2.1657281686282822e-15
3083 4676 12 4.111789441788162e-17
3083 4678 9 4.550499982197619e-12
3083 4679 12 4.111789441788162e-17
3083 4681 12 4.111789441788162e-17
3083 4682 10 1.0426398476969194e-13
3083 4686 13 7.18473627926367e-19
3083 4687 10 1.0426398476969194e-13
3083 4690 8 1.7826711023225111e-10
3083 4691 10 1.0426398476969194e-13
3083 4693 8 1.7826711023225111e-10
3083 4694 9 4.550499982197619e-12
3083 4702 8 1.7826711023225111e-10
3083 4723 10 1.0426398476969194e-13
3083 4730 10 1.0426398476969194e-13
3083 4841 9 4.550499982197619e-12
3083 4842 9 4.550499982197619e-12
3083 4843 13 7.18473627926367e-19
3083 4846 9 4.550499982197619e-12
3083 4848 9 4.550499982197619e-12
3083 4854 9 4.550499982197619e-12
3083 4855 9 4.550499982197619e-12
3083 4858 17 3.248310887126252e-26
3083 4859 10 1.0426398476969194e-13
3083 4863 10 1.0426398476969194e-13
3083 4866 12 4.111789441788162e-17
3083 4868 11 2.1657281686282822e-15
3083 4869 9 4.550499982197619e-12
3083 4875 8 1.7826711023225111e-10
3083 4876 9 4.550499982197619e-12
3083 4878 8 1.7826711023225111e-10
3083 4880 9 4.550499982197619e-12
3083 4883 10 1.0426398476969194e-13
3083 4888 9 4.550499982197619e-12
3083 4893 10 1.0426398476969194e-13
3083 4894 8 1.7826711023225111e-10
3083 4897 10 1.0426398476969194e-13
3083 4898 12 4.111789441788162e-17
3083 4902 8 1.7826711023225111e-10
3083 4906 9 4.550499982197619e-12
3083 4907 8 1.7826711023225111e-10
3083 4908 8 1.7826711023225111e-10
3083 4915 8 1.7826711023225111e-10
3083 4916 8 1.7826711023225111e-10
3083 4968 9 4.550499982197619e-12
3083 4969 11 2.1657281686282822e-15
3083 4970 12 4.111789441788162e-17
3083 4971 18 4.0365117079343827e-28
3083 4972 23 5.334961361826553e-38
3083 4974 10 1.0426398476969194e-13
3083 4975 10 1.0426398476969194e-13
3083 4976 11 2.1657281686282822e-15
3083 4977 14 1.1622446867236606e-20
3083 4978 12 4.111789441788162e-17
3083 4979 16 2.4610367022573913e-24
3083 4980 19 4.736924979859577e-30
3083 4981 10 1.0426398476969194e-13
3083 4982 14 1.1622446867236606e-20
3083 4983 11 2.1657281686282822e-15
3083 4985 8 1.7826711023225111e-10
3083 4989 10 1.0426398476969194e-13
3083 4990 11 2.1657281686282822e-15
3083 4998 13 7.18473627926367e-19
3083 5001 9 4.550499982197619e-12
3083 5003 12 4.111789441788162e-17
3083 5025 11 2.1657281686282822e-15
3083 5026 13 7.18473627926367e-19
3083 5027 10 1.0426398476969194e-13
3083 5028 9 4.550499982197619e-12
3083 5048 8 1.7826711023225111e-10
3083 5056 8 1.7826711023225111e-10
3083 5066 9 4.550499982197619e-12
3086 4328 14 1.1622446867236606e-20
3102 4852 9 4.550499982197619e-12
3110 3615 19 4.736924979859577e-30
3136 4330 13 7.18473627926367e-19
3136 4331 8 1.7826711023225111e-10
3142 4110 10 1.0426398476969194e-13
3142 4111 13 7.18473627926367e-19
3142 4882 9 4.550499982197619e-12
3142 4883 21 5.553518498403369e-34
3142 4884 40 6.785460560658021e-75
3142 4885 10 1.0426398476969194e-13
3153 4397 15 1.749418264273158e-22
3155 3459 13 7.18473627926367e-19
3160 3707 8 1.7826711023225111e-10
3161 3707 14 1.1622446867236606e-20
3163 3935 12 4.111789441788162e-17
3169 4698 12 4.111789441788162e-17
3173 3724 9 4.550499982197619e-12
3202 3704 24 4.877040971401479e-40
3202 4219 16 2.4610367022573913e-24
3218 3331 9 4.550499982197619e-12
3232 4106 20 5.264100906035327e-32
3232 4107 38 2.4413257353143925e-70
3232 4108 40 6.785460560658021e-75
3232 4175 14 1.1622446867236606e-20
3243 3619 12 4.111789441788162e-17
3244 3674 27 2.8775939035153013e-46
3244 4127 24 4.877040971401479e-40
3263 3935 9 4.550499982197619e-12
3264 4004 13 7.18473627926367e-19
3264 5089 18 4.0365117079343827e-28
3267 4641 8 1.7826711023225111e-10
3269 3588 10 1.0426398476969194e-13
3285 3463 17 3.248310887126252e-26
3294 4541 144 0.0
3294 4620 8 1.7826711023225111e-10
3306 4904 40 6.785460560658021e-75
3312 4923 8 1.7826711023225111e-10
3320 4950 9 4.550499982197619e-12
3320 4951 8 1.7826711023225111e-10
3320 4952 9 4.550499982197619e-12
3320 4953 8 1.7826711023225111e-10
3320 4954 17 3.248310887126252e-26
3320 4955 23 5.334961361826553e-38
3320 4956 55 1.6659002940993328e-110
3327 4467 16 2.4610367022573913e-24
3337 4562 33 3.5365387351539274e-59
3337 4563 9 4.550499982197619e-12
3344 3649 19 4.736924979859577e-30
3349 4172 10 1.0426398476969194e-13
3354 4219 11 2.1657281686282822e-15
3378 3716 22 5.5745123204814096e-36
3390 4020 9 4.550499982197619e-12
3396 4349 8 1.7826711023225111e-10
3401 5125 22 5.5745123204814096e-36
3416 5172 19 4.736924979859577e-30
3417 4746 14 1.1622446867236606e-20
3428 4242 9 4.550499982197619e-12
3434 3773 8 1.7826711023225111e-10
3443 5161 10 1.0426398476969194e-13
3464 3804 10 1.0426398476969194e-13
3521 3962 10 1.0426398476969194e-13
3541 3775 16 2.4610367022573913e-24
3542 3775 43 8.05999502678354e-82
3543 3775 10 1.0426398476969194e-13
3546 5250 16 2.4610367022573913e-24
3550 5234 8 1.7826711023225111e-10
3551 4233 8 1.7826711023225111e-10
3556 4088 14 1.1622446867236606e-20
3559 4170 8 1.7826711023225111e-10
3561 4381 10 1.0426398476969194e-13
3598 3879 23 5.334961361826553e-38
3620 4517 12 4.111789441788162e-17
3635 3950 12 4.111789441788162e-17
3642 3886 9 4.550499982197619e-12
3642 5236 8 1.7826711023225111e-10
3644 4669 16 2.4610367022573913e-24
3646 4609 10 1.0426398476969194e-13
3653 4516 10 1.0426398476969194e-13
3680 4255 307 0.0
3687 4694 8 1.7826711023225111e-10
3690 4253 13 7.18473627926367e-19
3698 4990 24 4.877040971401479e-40
3701 4690 8 1.7826711023225111e-10
3716 4672 18 4.0365117079343827e-28
3745 4870 10 1.0426398476969194e-13
3753 4510 13 7.18473627926367e-19
3755 4636 11 2.1657281686282822e-15
3758 4877 12 4.111789441788162e-17
3762 4381 23 5.334961361826553e-38
3767 4503 10 1.0426398476969194e-13
3836 4255 8 1.7826711023225111e-10
3843 4914 11 2.1657281686282822e-15
3850 5100 8 1.7826711023225111e-10
3876 4067 8 1.7826711023225111e-10
3903 4812 10 1.0426398476969194e-13
3906 4970 8 1.7826711023225111e-10
3914 4433 17 3.248310887126252e-26
3932 5102 11 2.1657281686282822e-15
3938 4326 13 7.18473627926367e-19
3944 4933 8 1.7826711023225111e-10
3952 4260 14 1.1622446867236606e-20
3969 4375 11 2.1657281686282822e-15
3975 4184 15 1.749418264273158e-22
3984 4926 10 1.0426398476969194e-13
3994 5026 11 2.1657281686282822e-15
4032 4942 13 7.18473627926367e-19
4064 4830 22 5.5745123204814096e-36
4093 4615 11 2.1657281686282822e-15
4125 5137 15 1.749418264273158e-22
4126 4613 9 4.550499982197619e-12
4129 4512 17 3.248310887126252e-26
4161 5001 9 4.550499982197619e-12
4180 5163 9 4.550499982197619e-12
4219 4623 18 4.0365117079343827e-28
4248 4741 11 2.1657281686282822e-15
4255 4272 9 4.550499982197619e-12
4255 4273 9 4.550499982197619e-12
4255 4281 8 1.7826711023225111e-10
4255 4295 8 1.7826711023225111e-10
4255 4327 8 1.7826711023225111e-10
4255 4658 16 2.4610367022573913e-24
4259 4384 11 2.1657281686282822e-15
4270 4658 35 1.333662717127583e-63
4270 4659 23 5.334961361826553e-38
4270 4660 9 4.550499982197619e-12
4270 4661 9 4.550499982197619e-12
4270 4840 36 7.807741213509037e-66
4270 4841 14 1.1622446867236606e-20
4270 4842 9 4.550499982197619e-12
4270 4844 10 1.0426398476969194e-13
4270 4849 9 4.550499982197619e-12
4270 4851 9 4.550499982197619e-12
4270 4854 8 1.7826711023225111e-10
4270 4856 8 1.7826711023225111e-10
4270 4862 9 4.550499982197619e-12
4294 4707 12 4.111789441788162e-17
4298 4550 12 4.111789441788162e-17
4298 4551 14 1.1622446867236606e-20
4306 5179 8 1.7826711023225111e-10
4308 4554 9 4.550499982197619e-12
4309 4554 16 2.4610367022573913e-24
4349 4622 12 4.111789441788162e-17
4365 4920 20 5.264100906035327e-32
4378 5000 13 7.18473627926367e-19
4379 4470 9 4.550499982197619e-12
4384 4744 9 4.550499982197619e-12
4384 4878 11 2.1657281686282822e-15
4393 5279 9 4.550499982197619e-12
4438 5162 20 5.264100906035327e-32
4484 4952 22 5.5745123204814096e-36
4529 4902 35 1.333662717127583e-63
4529 4903 10 1.0426398476969194e-13
4541 4799 18 4.0365117079343827e-28
4642 4691 8 1.7826711023225111e-10
4651 4956 19 4.736924979859577e-30
4686 4861 9 4.550499982197619e-12
4722 5072 9 4.550499982197619e-12
4736 5034 10 1.0426398476969194e-13
4747 4955 9 4.550499982197619e-12
4910 5210 20 5.264100906035327e-32
4926 4975 19 4.736924979859577e-30
