bin1 bin2 count p_value
6 3082 33 4.048149874972828e-63
7 3082 30 3.198457939186647e-56
8 3082 32 8.350851854086664e-61
9 3082 37 1.606137739857444e-72
9 4996 11 1.1623180487779545e-16
10 3082 33 4.048149874972828e-63
11 3082 26 2.9901790997253424e-47
12 3082 33 4.048149874972828e-63
13 3082 35 8.600616415289058e-68
14 3082 23 1.0363334424308425e-40
15 3082 19 2.8079690554941015e-32
16 3082 19 2.8079690554941015e-32
17 3082 19 2.8079690554941015e-32
18 3082 20 2.363048215488429e-34
19 3082 34 1.8969973233589315e-65
20 3082 28 1.0574128058313328e-51
21 3082 28 1.0574128058313328e-51
22 3082 20 2.363048215488429e-34
23 3082 18 3.157874128287832e-30
24 3082 28 1.0574128058313328e-51
25 3082 20 2.363048215488429e-34
26 3082 26 2.9901790997253424e-47
27 455 7 9.855425665646945e-10
27 3082 17 3.3518535604089412e-28
28 3082 16 3.3475794519016473e-26
29 3082 16 3.3475794519016473e-26
30 3082 21 1.886746727703302e-36
31 3082 25 4.726989132940108e-45
32 3082 25 4.726989132940108e-45
33 1712 10 7.350193457587715e-15
33 3082 19 2.8079690554941015e-32
34 3082 13 2.230782914535079e-20
35 2951 12 1.6789754864255266e-18
35 3082 14 2.7423352190632847e-22
36 3082 21 1.886746727703302e-36
37 3082 16 3.3475794519016473e-26
38 3082 16 3.3475794519016473e-26
39 3082 19 2.8079690554941015e-32
40 3082 13 2.230782914535079e-20
41 3082 16 3.3475794519016473e-26
42 3082 12 1.6789754864255266e-18
43 2375 7 9.855425665646945e-10
43 3082 11 1.1623180487779545e-16
44 3082 19 2.8079690554941015e-32
45 3082 15 3.1350062955633164e-24
46 3082 14 2.7423352190632847e-22
47 3082 17 3.3518535604089412e-28
48 3082 16 3.3475794519016473e-26
49 3082 15 3.1350062955633164e-24
50 3082 20 2.363048215488429e-34
51 3082 15 3.1350062955633164e-24
52 3082 10 7.350193457587715e-15
53 3082 11 1.1623180487779545e-16
54 3082 9 4.2111006855770585e-13
55 3082 20 2.363048215488429e-34
56 3082 20 2.363048215488429e-34
57 3082 15 3.1350062955633164e-24
58 3082 13 2.230782914535079e-20
59 3082 15 3.1350062955633164e-24
60 3082 11 1.1623180487779545e-16
61 3082 11 1.1623180487779545e-16
62 3082 11 1.1623180487779545e-16
63 3082 14 2.7423352190632847e-22
64 1139 8 2.164199244968547e-11
64 3082 10 7.350193457587715e-15
65 3082 9 4.2111006855770585e-13
66 3082 7 9.855425665646945e-10
67 3082 11 1.1623180487779545e-16
68 3082 19 2.8079690554941015e-32
69 3082 11 1.1623180487779545e-16
70 3082 15 3.1350062955633164e-24
71 3082 16 3.3475794519016473e-26
72 3082 15 3.1350062955633164e-24
73 3082 13 2.230782914535079e-20
74 3082 16 3.3475794519016473e-26
75 3082 12 1.6789754864255266e-18
76 3082 13 2.230782914535079e-20
77 3082 9 4.2111006855770585e-13
78 3082 14 2.7423352190632847e-22
79 3082 9 4.2111006855770585e-13
80 3082 10 7.350193457587715e-15
81 3082 13 2.230782914535079e-20
82 3082 7 9.855425665646945e-10
83 3082 7 9.855425665646945e-10
85 3082 8 2.164199244968547e-11
86 3082 7 9.855425665646945e-10
87 3082 15 3.1350062955633164e-24
88 3082 9 4.2111006855770585e-13
94 3082 10 7.350193457587715e-15
95 3082 7 9.855425665646945e-10
101 3082 8 2.164199244968547e-11
102 3082 8 2.164199244968547e-11
105 3082 9 4.2111006855770585e-13
105 4358 7 9.855425665646945e-10
106 3082 11 1.1623180487779545e-16
107 1906 8 2.164199244968547e-11
107 3082 7 9.855425665646945e-10
108 3082 7 9.855425665646945e-10
109 3082 8 2.164199244968547e-11
110 3082 10 7.350193457587715e-15
111 3082 8 2.164199244968547e-11
111 4916 19 2.8079690554941015e-32
116 2504 8 2.164199244968547e-11
117 930 7 9.855425665646945e-10
117 3082 9 4.2111006855770585e-13
118 3082 8 2.164199244968547e-11
119 3082 7 9.855425665646945e-10
121 1208 8 2.164199244968547e-11
125 3082 7 9.855425665646945e-10
130 2546 9 4.2111006855770585e-13
130 3832 11 1.1623180487779545e-16
132 2703 19 2.8079690554941015e-32
141 1569 7 9.855425665646945e-10
148 3877 7 9.855425665646945e-10
160 4659 16 3.3475794519016473e-26
167 585 15 3.1350062955633164e-24
167 586 7 9.855425665646945e-10
169 4870 7 9.855425665646945e-10
179 871 8 2.164199244968547e-11
180 401 24 7.157278720437605e-43
180 402 8 2.164199244968547e-11
180 403 10 7.350193457587715e-15
180 404 7 9.855425665646945e-10
180 405 13 2.230782914535079e-20
180 407 8 2.164199244968547e-11
180 409 10 7.350193457587715e-15
180 410 8 2.164199244968547e-11
180 411 8 2.164199244968547e-11
180 412 12 1.6789754864255266e-18
180 413 11 1.1623180487779545e-16
180 414 12 1.6789754864255266e-18
180 415 11 1.1623180487779545e-16
180 416 7 9.855425665646945e-10
180 417 10 7.350193457587715e-15
180 419 10 7.350193457587715e-15
180 421 10 7.350193457587715e-15
180 422 10 7.350193457587715e-15
180 423 9 4.2111006855770585e-13
180 424 11 1.1623180487779545e-16
180 425 8 2.164199244968547e-11
180 428 14 2.7423352190632847e-22
180 429 11 1.1623180487779545e-16
180 430 7 9.855425665646945e-10
180 432 7 9.855425665646945e-10
180 433 7 9.855425665646945e-10
180 434 7 9.855425665646945e-10
180 437 7 9.855425665646945e-10
180 438 7 9.855425665646945e-10
180 440 7 9.855425665646945e-10
180 448 7 9.855425665646945e-10
180 1085 8 2.164199244968547e-11
180 1086 17 3.3518535604089412e-28
180 1087 7 9.855425665646945e-10
180 1090 8 2.164199244968547e-11
180 1092 7 9.855425665646945e-10
180 1094 8 2.164199244968547e-11
180 1096 8 2.164199244968547e-11
180 1097 8 2.164199244968547e-11
180 1111 7 9.855425665646945e-10
180 1117 9 4.2111006855770585e-13
180 1120 8 2.164199244968547e-11
180 1124 8 2.164199244968547e-11
180 3082 65 1.5564012882866893e-143
195 4181 8 2.164199244968547e-11
196 4855 7 9.855425665646945e-10
198 2753 7 9.855425665646945e-10
207 1493 9 4.2111006855770585e-13
210 703 9 4.2111006855770585e-13
222 1928 36 3.775655476547443e-70
225 2435 14 2.7423352190632847e-22
233 4289 13 2.230782914535079e-20
251 1110 12 1.6789754864255266e-18
255 1747 16 3.3475794519016473e-26
258 4137 7 9.855425665646945e-10
260 1213 12 1.6789754864255266e-18
269 3082 8 2.164199244968547e-11
270 3069 20 2.363048215488429e-34
273 2397 26 2.9901790997253424e-47
277 660 7 9.855425665646945e-10
277 3559 13 2.230782914535079e-20
277 3560 9 4.2111006855770585e-13
287 2829 10 7.350193457587715e-15
295 912 11 1.1623180487779545e-16
304 3910 10 7.350193457587715e-15
308 2610 10 7.350193457587715e-15
309 2610 8 2.164199244968547e-11
318 1973 14 2.7423352190632847e-22
318 3216 14 2.7423352190632847e-22
323 3868 8 2.164199244968547e-11
323 5040 7 9.855425665646945e-10
326 1419 9 4.2111006855770585e-13
328 3138 10 7.350193457587715e-15
337 1126 13 2.230782914535079e-20
343 4112 15 3.1350062955633164e-24
347 3069 14 2.7423352190632847e-22
347 4337 10 7.350193457587715e-15
359 2377 11 1.1623180487779545e-16
365 1064 12 1.6789754864255266e-18
366 4878 7 9.855425665646945e-10
401 3082 45 5.996525353132967e-92
401 4609 13 2.230782914535079e-20
402 3082 22 1.432493373519395e-38
403 3082 20 2.363048215488429e-34
404 3082 21 1.886746727703302e-36
405 3082 14 2.7423352190632847e-22
406 2495 16 3.3475794519016473e-26
406 3082 21 1.886746727703302e-36
407 3082 16 3.3475794519016473e-26
408 3082 29 5.926723985167499e-54
409 3082 18 3.157874128287832e-30
410 3082 19 2.8079690554941015e-32
411 3082 23 1.0363334424308425e-40
412 3082 20 2.363048215488429e-34
413 3082 19 2.8079690554941015e-32
414 3082 21 1.886746727703302e-36
415 3082 24 7.157278720437605e-43
416 3082 23 1.0363334424308425e-40
417 3082 32 8.350851854086664e-61
418 3082 24 7.157278720437605e-43
419 3082 25 4.726989132940108e-45
420 3082 21 1.886746727703302e-36
421 3082 24 7.157278720437605e-43
422 2607 9 4.2111006855770585e-13
422 3082 16 3.3475794519016473e-26
423 3082 23 1.0363334424308425e-40
424 3082 25 4.726989132940108e-45
424 3752 7 9.855425665646945e-10
425 3082 15 3.1350062955633164e-24
426 3082 16 3.3475794519016473e-26
427 3082 19 2.8079690554941015e-32
428 3082 17 3.3518535604089412e-28
429 3082 11 1.1623180487779545e-16
430 3082 20 2.363048215488429e-34
431 3082 16 3.3475794519016473e-26
432 3082 13 2.230782914535079e-20
433 3082 23 1.0363334424308425e-40
434 3082 13 2.230782914535079e-20
435 3082 10 7.350193457587715e-15
436 3082 11 1.1623180487779545e-16
437 3082 18 3.157874128287832e-30
438 3082 9 4.2111006855770585e-13
439 3082 11 1.1623180487779545e-16
440 3082 16 3.3475794519016473e-26
441 3082 17 3.3518535604089412e-28
442 3082 15 3.1350062955633164e-24
443 3082 13 2.230782914535079e-20
444 3082 20 2.363048215488429e-34
444 3264 8 2.164199244968547e-11
445 3082 11 1.1623180487779545e-16
446 3082 11 1.1623180487779545e-16
447 3197 7 9.855425665646945e-10
448 3082 11 1.1623180487779545e-16
449 3082 11 1.1623180487779545e-16
451 3082 9 4.2111006855770585e-13
453 3082 11 1.1623180487779545e-16
455 1622 7 9.855425665646945e-10
455 3082 7 9.855425665646945e-10
456 3082 12 1.6789754864255266e-18
457 3082 9 4.2111006855770585e-13
457 3868 8 2.164199244968547e-11
459 1942 9 4.2111006855770585e-13
460 3082 8 2.164199244968547e-11
461 3082 7 9.855425665646945e-10
462 3082 8 2.164199244968547e-11
463 3082 8 2.164199244968547e-11
464 3082 7 9.855425665646945e-10
465 3082 13 2.230782914535079e-20
466 3082 14 2.7423352190632847e-22
467 3082 15 3.1350062955633164e-24
468 3082 9 4.2111006855770585e-13
469 3082 8 2.164199244968547e-11
472 3082 9 4.2111006855770585e-13
473 3082 7 9.855425665646945e-10
476 3082 10 7.350193457587715e-15
480 1113 9 4.2111006855770585e-13
481 3082 7 9.855425665646945e-10
483 1887 12 1.6789754864255266e-18
483 3082 7 9.855425665646945e-10
484 4159 7 9.855425665646945e-10
485 3173 9 4.2111006855770585e-13
487 4017 17 3.3518535604089412e-28
489 1849 8 2.164199244968547e-11
490 1068 7 9.855425665646945e-10
499 3739 8 2.164199244968547e-11
508 2717 30 3.198457939186647e-56
510 2717 7 9.855425665646945e-10
515 2438 7 9.855425665646945e-10
521 1121 17 3.3518535604089412e-28
534 1665 10 7.350193457587715e-15
534 1666 22 1.432493373519395e-38
534 3376 8 2.164199244968547e-11
538 3082 7 9.855425665646945e-10
539 1758 7 9.855425665646945e-10
542 1290 18 3.157874128287832e-30
561 2159 10 7.350193457587715e-15
563 2127 13 2.230782914535079e-20
577 1360 7 9.855425665646945e-10
593 5141 7 9.855425665646945e-10
594 2962 15 3.1350062955633164e-24
597 1052 12 1.6789754864255266e-18
602 2845 8 2.164199244968547e-11
620 2141 12 1.6789754864255266e-18
622 920 15 3.1350062955633164e-24
623 5163 11 1.1623180487779545e-16
632 4844 13 2.230782914535079e-20
637 3766 10 7.350193457587715e-15
638 2326 20 2.363048215488429e-34
638 3307 12 1.6789754864255266e-18
651 1269 20 2.363048215488429e-34
657 3999 12 1.6789754864255266e-18
667 1478 14 2.7423352190632847e-22
674 4011 18 3.157874128287832e-30
676 2176 8 2.164199244968547e-11
683 957 8 2.164199244968547e-11
687 4635 11 1.1623180487779545e-16
692 2526 8 2.164199244968547e-11
695 1203 7 9.855425665646945e-10
702 3907 17 3.3518535604089412e-28
704 2560 21 1.886746727703302e-36
707 1373 7 9.855425665646945e-10
708 3533 7 9.855425665646945e-10
710 2991 14 2.7423352190632847e-22
716 4980 8 2.164199244968547e-11
720 1203 17 3.3518535604089412e-28
723 1662 7 9.855425665646945e-10
729 1819 8 2.164199244968547e-11
729 3545 8 2.164199244968547e-11
754 3827 10 7.350193457587715e-15
758 4538 15 3.1350062955633164e-24
765 3082 16 3.3475794519016473e-26
766 3082 23 1.0363334424308425e-40
767 3082 20 2.363048215488429e-34
768 3082 13 2.230782914535079e-20
769 3082 17 3.3518535604089412e-28
770 3082 17 3.3518535604089412e-28
771 3082 18 3.157874128287832e-30
772 3082 13 2.230782914535079e-20
773 1244 7 9.855425665646945e-10
773 3082 18 3.157874128287832e-30
774 3082 13 2.230782914535079e-20
775 1941 8 2.164199244968547e-11
775 3082 18 3.157874128287832e-30
776 3082 12 1.6789754864255266e-18
777 3082 16 3.3475794519016473e-26
778 3082 24 7.157278720437605e-43
779 3082 12 1.6789754864255266e-18
780 3082 8 2.164199244968547e-11
781 3082 11 1.1623180487779545e-16
782 3082 17 3.3518535604089412e-28
783 3082 15 3.1350062955633164e-24
784 3082 10 7.350193457587715e-15
785 3082 11 1.1623180487779545e-16
786 3082 17 3.3518535604089412e-28
787 2958 7 9.855425665646945e-10
787 3082 13 2.230782914535079e-20
788 3082 15 3.1350062955633164e-24
789 3082 10 7.350193457587715e-15
791 3082 9 4.2111006855770585e-13
792 3082 7 9.855425665646945e-10
793 3082 16 3.3475794519016473e-26
794 3082 10 7.350193457587715e-15
795 3082 8 2.164199244968547e-11
796 3082 9 4.2111006855770585e-13
797 1388 19 2.8079690554941015e-32
797 3082 12 1.6789754864255266e-18
798 3082 14 2.7423352190632847e-22
799 3082 8 2.164199244968547e-11
800 3082 7 9.855425665646945e-10
801 3082 10 7.350193457587715e-15
804 3082 8 2.164199244968547e-11
805 3082 9 4.2111006855770585e-13
806 5093 16 3.3475794519016473e-26
808 3082 12 1.6789754864255266e-18
811 3082 11 1.1623180487779545e-16
812 3082 8 2.164199244968547e-11
813 3082 7 9.855425665646945e-10
814 3082 12 1.6789754864255266e-18
823 1419 8 2.164199244968547e-11
823 3082 9 4.2111006855770585e-13
824 3082 9 4.2111006855770585e-13
825 3082 7 9.855425665646945e-10
826 3693 7 9.855425665646945e-10
830 3828 17 3.3518535604089412e-28
832 1404 8 2.164199244968547e-11
832 3770 12 1.6789754864255266e-18
838 4644 10 7.350193457587715e-15
840 3082 7 9.855425665646945e-10
849 3999 13 2.230782914535079e-20
861 3082 7 9.855425665646945e-10
874 1399 7 9.855425665646945e-10
875 3942 7 9.855425665646945e-10
876 2869 10 7.350193457587715e-15
879 3082 7 9.855425665646945e-10
896 3082 11 1.1623180487779545e-16
905 1611 7 9.855425665646945e-10
908 1455 16 3.3475794519016473e-26
910 3843 7 9.855425665646945e-10
911 3843 17 3.3518535604089412e-28
917 3711 10 7.350193457587715e-15
923 1848 12 1.6789754864255266e-18
927 2026 12 1.6789754864255266e-18
931 4429 9 4.2111006855770585e-13
933 1714 7 9.855425665646945e-10
934 2412 9 4.2111006855770585e-13
934 2697 7 9.855425665646945e-10
935 2474 8 2.164199244968547e-11
941 2331 9 4.2111006855770585e-13
947 2197 7 9.855425665646945e-10
949 3328 8 2.164199244968547e-11
957 4122 25 4.726989132940108e-45
961 4530 8 2.164199244968547e-11
982 2193 8 2.164199244968547e-11
990 3963 7 9.855425665646945e-10
1010 4670 7 9.855425665646945e-10
1023 2455 7 9.855425665646945e-10
1032 3877 20 2.363048215488429e-34
1033 1151 7 9.855425665646945e-10
1035 1140 27 1.8143496928227338e-49
1040 1878 9 4.2111006855770585e-13
1041 4011 9 4.2111006855770585e-13
1049 3436 9 4.2111006855770585e-13
1050 2678 12 1.6789754864255266e-18
1060 2652 9 4.2111006855770585e-13
1070 3423 11 1.1623180487779545e-16
1070 3612 15 3.1350062955633164e-24
1085 1703 24 7.157278720437605e-43
1085 2003 10 7.350193457587715e-15
1085 2309 28 1.0574128058313328e-51
1085 3082 16 3.3475794519016473e-26
1085 4061 7 9.855425665646945e-10
1085 4656 9 4.2111006855770585e-13
1086 3082 19 2.8079690554941015e-32
1087 3082 8 2.164199244968547e-11
1088 3082 16 3.3475794519016473e-26
1089 3082 21 1.886746727703302e-36
1090 3082 11 1.1623180487779545e-16
1091 3082 21 1.886746727703302e-36
1092 3082 17 3.3518535604089412e-28
1093 3082 20 2.363048215488429e-34
1094 3082 17 3.3518535604089412e-28
1095 3082 17 3.3518535604089412e-28
1096 3082 24 7.157278720437605e-43
1097 3082 17 3.3518535604089412e-28
1098 3082 20 2.363048215488429e-34
1099 3082 21 1.886746727703302e-36
1100 3082 19 2.8079690554941015e-32
1101 3082 17 3.3518535604089412e-28
1101 4490 7 9.855425665646945e-10
1102 3082 18 3.157874128287832e-30
1103 3082 14 2.7423352190632847e-22
1104 3082 14 2.7423352190632847e-22
1105 3082 11 1.1623180487779545e-16
1106 3082 14 2.7423352190632847e-22
1107 3082 16 3.3475794519016473e-26
1108 3082 18 3.157874128287832e-30
1109 3082 17 3.3518535604089412e-28
1110 3082 21 1.886746727703302e-36
1111 3082 14 2.7423352190632847e-22
1112 3082 14 2.7423352190632847e-22
1113 3082 15 3.1350062955633164e-24
1114 3082 21 1.886746727703302e-36
1115 3082 13 2.230782914535079e-20
1116 3082 12 1.6789754864255266e-18
1117 3082 14 2.7423352190632847e-22
1117 4101 7 9.855425665646945e-10
1118 3082 17 3.3518535604089412e-28
1119 3082 15 3.1350062955633164e-24
1120 3082 15 3.1350062955633164e-24
1122 3082 22 1.432493373519395e-38
1123 3082 15 3.1350062955633164e-24
1124 3082 14 2.7423352190632847e-22
1125 3082 10 7.350193457587715e-15
1126 3082 9 4.2111006855770585e-13
1127 3082 11 1.1623180487779545e-16
1128 3082 7 9.855425665646945e-10
1130 3082 8 2.164199244968547e-11
1131 3082 11 1.1623180487779545e-16
1132 3082 7 9.855425665646945e-10
1133 3082 15 3.1350062955633164e-24
1134 3082 8 2.164199244968547e-11
1135 3082 10 7.350193457587715e-15
1136 3082 14 2.7423352190632847e-22
1137 3082 9 4.2111006855770585e-13
1138 3082 12 1.6789754864255266e-18
1139 3082 7 9.855425665646945e-10
1140 4669 7 9.855425665646945e-10
1142 3082 7 9.855425665646945e-10
1143 3082 8 2.164199244968547e-11
1144 3082 7 9.855425665646945e-10
1145 1653 7 9.855425665646945e-10
1145 3082 12 1.6789754864255266e-18
1146 3082 14 2.7423352190632847e-22
1147 3082 9 4.2111006855770585e-13
1151 3082 8 2.164199244968547e-11
1152 3082 9 4.2111006855770585e-13
1157 1720 12 1.6789754864255266e-18
1161 3082 7 9.855425665646945e-10
1161 4602 13 2.230782914535079e-20
1165 3082 8 2.164199244968547e-11
1166 3082 7 9.855425665646945e-10
1167 3082 7 9.855425665646945e-10
1168 3082 8 2.164199244968547e-11
1170 3082 10 7.350193457587715e-15
1179 3082 8 2.164199244968547e-11
1180 3082 7 9.855425665646945e-10
1185 3082 8 2.164199244968547e-11
1186 3082 7 9.855425665646945e-10
1198 3082 7 9.855425665646945e-10
1204 3082 7 9.855425665646945e-10
1218 3273 8 2.164199244968547e-11
1221 4850 8 2.164199244968547e-11
1291 3468 8 2.164199244968547e-11
1312 3428 7 9.855425665646945e-10
1312 4382 10 7.350193457587715e-15
1317 3195 14 2.7423352190632847e-22
1319 4935 7 9.855425665646945e-10
1330 2034 7 9.855425665646945e-10
1334 2197 8 2.164199244968547e-11
1343 4297 7 9.855425665646945e-10
1349 4839 7 9.855425665646945e-10
1351 3312 7 9.855425665646945e-10
1353 1475 19 2.8079690554941015e-32
1353 1476 11 1.1623180487779545e-16
1356 4554 7 9.855425665646945e-10
1367 4306 13 2.230782914535079e-20
1372 4536 11 1.1623180487779545e-16
1377 3276 7 9.855425665646945e-10
1380 1629 7 9.855425665646945e-10
1381 1628 7 9.855425665646945e-10
1382 1628 12 1.6789754864255266e-18
1383 3313 7 9.855425665646945e-10
1386 3311 8 2.164199244968547e-11
1386 3313 7 9.855425665646945e-10
1386 4684 13 2.230782914535079e-20
1388 4008 15 3.1350062955633164e-24
1389 4721 31 1.6637871390419857e-58
1397 3082 15 3.1350062955633164e-24
1397 3569 9 4.2111006855770585e-13
1398 2454 21 1.886746727703302e-36
1398 3082 15 3.1350062955633164e-24
1399 3082 7 9.855425665646945e-10
1400 3082 10 7.350193457587715e-15
1401 2432 7 9.855425665646945e-10
1401 3082 18 3.157874128287832e-30
1402 3082 15 3.1350062955633164e-24
1403 3082 8 2.164199244968547e-11
1404 3082 8 2.164199244968547e-11
1407 3082 10 7.350193457587715e-15
1408 3082 12 1.6789754864255266e-18
1409 3082 15 3.1350062955633164e-24
1410 3082 14 2.7423352190632847e-22
1411 3082 11 1.1623180487779545e-16
1412 3082 7 9.855425665646945e-10
1415 3082 9 4.2111006855770585e-13
1416 3082 10 7.350193457587715e-15
1417 3082 14 2.7423352190632847e-22
1418 3082 8 2.164199244968547e-11
1419 3082 11 1.1623180487779545e-16
1420 3082 8 2.164199244968547e-11
1422 3082 11 1.1623180487779545e-16
1423 3082 11 1.1623180487779545e-16
1427 2434 7 9.855425665646945e-10
1427 3082 9 4.2111006855770585e-13
1429 2642 7 9.855425665646945e-10
1429 4877 11 1.1623180487779545e-16
1431 3082 9 4.2111006855770585e-13
1432 3082 8 2.164199244968547e-11
1433 3082 9 4.2111006855770585e-13
1433 4043 7 9.855425665646945e-10
1434 3082 8 2.164199244968547e-11
1435 3082 13 2.230782914535079e-20
1436 3082 11 1.1623180487779545e-16
1437 3082 16 3.3475794519016473e-26
1438 3082 8 2.164199244968547e-11
1439 3082 7 9.855425665646945e-10
1440 3082 7 9.855425665646945e-10
1445 3082 9 4.2111006855770585e-13
1450 3082 8 2.164199244968547e-11
1450 3311 7 9.855425665646945e-10
1452 3082 10 7.350193457587715e-15
1453 3082 8 2.164199244968547e-11
1455 3082 10 7.350193457587715e-15
1456 3082 15 3.1350062955633164e-24
1457 3082 75 1.1025159718266547e-170
1458 3082 12 1.6789754864255266e-18
1459 3082 10 7.350193457587715e-15
1465 2007 9 4.2111006855770585e-13
1465 3082 7 9.855425665646945e-10
1467 3082 7 9.855425665646945e-10
1472 3082 7 9.855425665646945e-10
1474 5115 8 2.164199244968547e-11
1478 2439 9 4.2111006855770585e-13
1485 3082 7 9.855425665646945e-10
1488 2493 7 9.855425665646945e-10
1492 1860 9 4.2111006855770585e-13
1502 4721 11 1.1623180487779545e-16
1503 3082 9 4.2111006855770585e-13
1530 3033 9 4.2111006855770585e-13
1540 3048 10 7.350193457587715e-15
1541 3048 36 3.775655476547443e-70
1541 3191 7 9.855425665646945e-10
1550 4268 7 9.855425665646945e-10
1553 4870 7 9.855425665646945e-10
1554 2456 10 7.350193457587715e-15
1567 3526 10 7.350193457587715e-15
1571 4277 7 9.855425665646945e-10
1572 2731 28 1.0574128058313328e-51
1576 4272 9 4.2111006855770585e-13
1621 2140 8 2.164199244968547e-11
1632 2172 7 9.855425665646945e-10
1636 3308 7 9.855425665646945e-10
1637 4552 7 9.855425665646945e-10
1646 4183 7 9.855425665646945e-10
1652 3873 20 2.363048215488429e-34
1652 3874 13 2.230782914535079e-20
1652 4507 25 4.726989132940108e-45
1663 1705 10 7.350193457587715e-15
1682 5091 10 7.350193457587715e-15
1684 2650 7 9.855425665646945e-10
1685 2838 20 2.363048215488429e-34
1685 3293 11 1.1623180487779545e-16
1685 4538 47 6.347069492247695e-97
1690 2448 12 1.6789754864255266e-18
1703 2309 7 9.855425665646945e-10
1703 3082 37 1.606137739857444e-72
1703 3293 7 9.855425665646945e-10
1703 4268 9 4.2111006855770585e-13
1703 4538 105 0.0
1703 4656 7 9.855425665646945e-10
1704 3082 48 1.987526394131754e-99
1705 3082 30 3.198457939186647e-56
1706 3082 32 8.350851854086664e-61
1707 3082 27 1.8143496928227338e-49
1708 3082 23 1.0363334424308425e-40
1709 3082 26 2.9901790997253424e-47
1710 3082 23 1.0363334424308425e-40
1711 3082 14 2.7423352190632847e-22
1711 4576 9 4.2111006855770585e-13
1712 3082 17 3.3518535604089412e-28
1713 3082 31 1.6637871390419857e-58
1714 3082 13 2.230782914535079e-20
1714 4299 10 7.350193457587715e-15
1715 3082 9 4.2111006855770585e-13
1716 3082 11 1.1623180487779545e-16
1717 3082 13 2.230782914535079e-20
1718 3082 17 3.3518535604089412e-28
1719 3082 9 4.2111006855770585e-13
1720 2413 7 9.855425665646945e-10
1720 3082 20 2.363048215488429e-34
1721 3082 22 1.432493373519395e-38
1722 3082 16 3.3475794519016473e-26
1723 3082 17 3.3518535604089412e-28
1724 3082 17 3.3518535604089412e-28
1725 3082 21 1.886746727703302e-36
1726 3082 21 1.886746727703302e-36
1727 3082 16 3.3475794519016473e-26
1728 3082 19 2.8079690554941015e-32
1729 3082 17 3.3518535604089412e-28
1730 3082 11 1.1623180487779545e-16
1731 3082 18 3.157874128287832e-30
1732 2373 8 2.164199244968547e-11
1732 3082 20 2.363048215488429e-34
1733 3082 16 3.3475794519016473e-26
1733 4755 7 9.855425665646945e-10
1734 3082 16 3.3475794519016473e-26
1735 3082 13 2.230782914535079e-20
1736 3082 19 2.8079690554941015e-32
1737 3082 12 1.6789754864255266e-18
1738 3082 11 1.1623180487779545e-16
1739 3082 14 2.7423352190632847e-22
1740 3082 23 1.0363334424308425e-40
1741 3082 20 2.363048215488429e-34
1742 3082 14 2.7423352190632847e-22
1743 3082 16 3.3475794519016473e-26
1744 3082 13 2.230782914535079e-20
1745 3082 17 3.3518535604089412e-28
1746 3082 11 1.1623180487779545e-16
1747 3082 11 1.1623180487779545e-16
1748 3082 7 9.855425665646945e-10
1749 2364 12 1.6789754864255266e-18
1749 3082 12 1.6789754864255266e-18
1750 2364 9 4.2111006855770585e-13
1750 3082 22 1.432493373519395e-38
1751 3082 16 3.3475794519016473e-26
1752 3082 10 7.350193457587715e-15
1753 3082 17 3.3518535604089412e-28
1755 3082 11 1.1623180487779545e-16
1756 3082 13 2.230782914535079e-20
1757 3082 13 2.230782914535079e-20
1758 3082 13 2.230782914535079e-20
1759 3082 12 1.6789754864255266e-18
1760 3082 16 3.3475794519016473e-26
1762 3082 8 2.164199244968547e-11
1763 3082 9 4.2111006855770585e-13
1764 3082 12 1.6789754864255266e-18
1766 3082 10 7.350193457587715e-15
1767 3082 9 4.2111006855770585e-13
1769 3082 8 2.164199244968547e-11
1770 3082 7 9.855425665646945e-10
1771 3082 9 4.2111006855770585e-13
1771 3375 41 3.892035395924639e-82
1772 3082 12 1.6789754864255266e-18
1773 3082 8 2.164199244968547e-11
1775 3082 9 4.2111006855770585e-13
1775 4129 7 9.855425665646945e-10
1776 3082 9 4.2111006855770585e-13
1777 3082 7 9.855425665646945e-10
1780 3082 10 7.350193457587715e-15
1787 3082 8 2.164199244968547e-11
1789 3082 8 2.164199244968547e-11
1790 3082 8 2.164199244968547e-11
1793 3082 9 4.2111006855770585e-13
1797 4566 8 2.164199244968547e-11
1798 3082 7 9.855425665646945e-10
1799 3082 7 9.855425665646945e-10
1803 3082 8 2.164199244968547e-11
1804 4948 9 4.2111006855770585e-13
1805 3082 7 9.855425665646945e-10
1808 3082 7 9.855425665646945e-10
1810 3660 11 1.1623180487779545e-16
1829 3168 28 1.0574128058313328e-51
1831 4831 18 3.157874128287832e-30
1832 4831 9 4.2111006855770585e-13
1837 4887 32 8.350851854086664e-61
1841 2832 7 9.855425665646945e-10
1845 4078 12 1.6789754864255266e-18
1849 4358 19 2.8079690554941015e-32
1851 2641 9 4.2111006855770585e-13
1858 2812 12 1.6789754864255266e-18
1870 2787 7 9.855425665646945e-10
1879 2206 12 1.6789754864255266e-18
1880 4890 11 1.1623180487779545e-16
1907 3461 7 9.855425665646945e-10
1914 4369 11 1.1623180487779545e-16
1921 3289 8 2.164199244968547e-11
1926 3704 7 9.855425665646945e-10
1927 5134 14 2.7423352190632847e-22
1928 3765 7 9.855425665646945e-10
1930 2749 7 9.855425665646945e-10
1946 2743 7 9.855425665646945e-10
1963 2378 7 9.855425665646945e-10
1963 2379 11 1.1623180487779545e-16
1965 4815 9 4.2111006855770585e-13
1978 3879 13 2.230782914535079e-20
1991 2990 24 7.157278720437605e-43
2003 3082 66 3.270821210642573e-146
2003 4254 19 2.8079690554941015e-32
2004 3082 22 1.432493373519395e-38
2005 3082 29 5.926723985167499e-54
2005 4254 8 2.164199244968547e-11
2006 3082 29 5.926723985167499e-54
2006 4254 10 7.350193457587715e-15
2007 3082 26 2.9901790997253424e-47
2008 3082 12 1.6789754864255266e-18
2009 3082 28 1.0574128058313328e-51
2010 3082 27 1.8143496928227338e-49
2010 4254 7 9.855425665646945e-10
2011 2814 16 3.3475794519016473e-26
2011 3082 14 2.7423352190632847e-22
2011 5287 10 7.350193457587715e-15
2018 3082 18 3.157874128287832e-30
2019 3082 9 4.2111006855770585e-13
2021 3082 20 2.363048215488429e-34
2022 3082 19 2.8079690554941015e-32
2023 3082 21 1.886746727703302e-36
2024 3082 26 2.9901790997253424e-47
2025 3082 13 2.230782914535079e-20
2026 3082 18 3.157874128287832e-30
2027 3082 12 1.6789754864255266e-18
2029 3082 10 7.350193457587715e-15
2030 3082 26 2.9901790997253424e-47
2031 3082 20 2.363048215488429e-34
2031 3875 7 9.855425665646945e-10
2031 4254 7 9.855425665646945e-10
2032 3082 15 3.1350062955633164e-24
2033 3082 8 2.164199244968547e-11
2034 3082 17 3.3518535604089412e-28
2035 3082 13 2.230782914535079e-20
2036 3082 20 2.363048215488429e-34
2036 4508 7 9.855425665646945e-10
2037 3082 24 7.157278720437605e-43
2037 4254 7 9.855425665646945e-10
2038 3082 13 2.230782914535079e-20
2045 3082 11 1.1623180487779545e-16
2046 2392 12 1.6789754864255266e-18
2046 3082 11 1.1623180487779545e-16
2047 3082 18 3.157874128287832e-30
2048 3082 16 3.3475794519016473e-26
2049 3082 19 2.8079690554941015e-32
2050 3082 12 1.6789754864255266e-18
2051 3082 8 2.164199244968547e-11
2052 3082 12 1.6789754864255266e-18
2053 3082 9 4.2111006855770585e-13
2054 3082 17 3.3518535604089412e-28
2054 4254 9 4.2111006855770585e-13
2055 2627 8 2.164199244968547e-11
2055 2628 7 9.855425665646945e-10
2055 3082 14 2.7423352190632847e-22
2056 3082 13 2.230782914535079e-20
2057 3082 14 2.7423352190632847e-22
2058 3082 21 1.886746727703302e-36
2058 4254 7 9.855425665646945e-10
2059 3082 9 4.2111006855770585e-13
2060 3082 12 1.6789754864255266e-18
2061 3479 8 2.164199244968547e-11
2066 3082 8 2.164199244968547e-11
2067 3082 14 2.7423352190632847e-22
2068 3082 10 7.350193457587715e-15
2071 3082 8 2.164199244968547e-11
2072 3082 12 1.6789754864255266e-18
2073 3082 11 1.1623180487779545e-16
2074 3082 7 9.855425665646945e-10
2090 3082 11 1.1623180487779545e-16
2091 3082 11 1.1623180487779545e-16
2091 4986 7 9.855425665646945e-10
2093 3082 7 9.855425665646945e-10
2094 3082 7 9.855425665646945e-10
2098 3082 12 1.6789754864255266e-18
2101 3082 10 7.350193457587715e-15
2101 4842 7 9.855425665646945e-10
2104 3082 7 9.855425665646945e-10
2105 3082 8 2.164199244968547e-11
2163 4019 8 2.164199244968547e-11
2170 4214 8 2.164199244968547e-11
2174 3082 7 9.855425665646945e-10
2175 3082 9 4.2111006855770585e-13
2183 4072 8 2.164199244968547e-11
2184 3951 7 9.855425665646945e-10
2185 3951 7 9.855425665646945e-10
2189 2322 12 1.6789754864255266e-18
2189 4647 20 2.363048215488429e-34
2201 2426 8 2.164199244968547e-11
2204 4400 23 1.0363334424308425e-40
2215 2661 18 3.157874128287832e-30
2218 3360 7 9.855425665646945e-10
2220 3560 25 4.726989132940108e-45
2220 4081 7 9.855425665646945e-10
2221 3103 8 2.164199244968547e-11
2239 2922 15 3.1350062955633164e-24
2255 2969 7 9.855425665646945e-10
2255 2970 7 9.855425665646945e-10
2264 3679 8 2.164199244968547e-11
2268 4922 21 1.886746727703302e-36
2269 3278 8 2.164199244968547e-11
2271 4295 10 7.350193457587715e-15
2309 3082 69 2.6994693271530432e-154
2309 4254 17 3.3518535604089412e-28
2310 3082 45 5.996525353132967e-92
2310 4254 9 4.2111006855770585e-13
2310 4538 87 2.675909359794315e-204
2311 2652 14 2.7423352190632847e-22
2311 3082 47 6.347069492247695e-97
2311 4254 10 7.350193457587715e-15
2312 3082 35 8.600616415289058e-68
2312 3569 9 4.2111006855770585e-13
2312 4254 7 9.855425665646945e-10
2313 3082 30 3.198457939186647e-56
2314 3082 33 4.048149874972828e-63
2314 3842 7 9.855425665646945e-10
2315 3082 35 8.600616415289058e-68
2316 3082 24 7.157278720437605e-43
2317 3016 8 2.164199244968547e-11
2317 3082 25 4.726989132940108e-45
2318 3082 24 7.157278720437605e-43
2319 3082 25 4.726989132940108e-45
2320 3082 33 4.048149874972828e-63
2321 3082 35 8.600616415289058e-68
2322 3082 32 8.350851854086664e-61
2323 3082 28 1.0574128058313328e-51
2323 3619 8 2.164199244968547e-11
2324 3082 26 2.9901790997253424e-47
2325 3082 19 2.8079690554941015e-32
2326 3082 27 1.8143496928227338e-49
2327 3082 18 3.157874128287832e-30
2328 3082 21 1.886746727703302e-36
2329 3082 24 7.157278720437605e-43
2330 3082 28 1.0574128058313328e-51
2331 3082 23 1.0363334424308425e-40
2331 4254 9 4.2111006855770585e-13
2332 3082 24 7.157278720437605e-43
2333 3082 21 1.886746727703302e-36
2333 4254 7 9.855425665646945e-10
2334 3082 15 3.1350062955633164e-24
2335 3082 16 3.3475794519016473e-26
2336 3082 20 2.363048215488429e-34
2337 3082 20 2.363048215488429e-34
2338 3082 17 3.3518535604089412e-28
2339 3082 20 2.363048215488429e-34
2340 3082 28 1.0574128058313328e-51
2341 3082 11 1.1623180487779545e-16
2349 3082 17 3.3518535604089412e-28
2350 3082 22 1.432493373519395e-38
2351 3082 13 2.230782914535079e-20
2352 3082 18 3.157874128287832e-30
2353 3082 19 2.8079690554941015e-32
2354 3082 21 1.886746727703302e-36
2355 3082 21 1.886746727703302e-36
2356 3082 16 3.3475794519016473e-26
2357 3082 19 2.8079690554941015e-32
2358 3082 14 2.7423352190632847e-22
2359 3082 19 2.8079690554941015e-32
2360 3082 13 2.230782914535079e-20
2361 2720 8 2.164199244968547e-11
2361 2892 9 4.2111006855770585e-13
2362 3082 15 3.1350062955633164e-24
2363 3082 14 2.7423352190632847e-22
2364 3082 10 7.350193457587715e-15
2365 3069 7 9.855425665646945e-10
2365 3082 10 7.350193457587715e-15
2366 3082 12 1.6789754864255266e-18
2367 3082 9 4.2111006855770585e-13
2368 3082 7 9.855425665646945e-10
2369 3082 14 2.7423352190632847e-22
2370 3082 7 9.855425665646945e-10
2371 3082 8 2.164199244968547e-11
2372 3082 19 2.8079690554941015e-32
2373 3082 11 1.1623180487779545e-16
2374 3082 18 3.157874128287832e-30
2376 3082 10 7.350193457587715e-15
2377 3082 7 9.855425665646945e-10
2378 3082 14 2.7423352190632847e-22
2379 3082 8 2.164199244968547e-11
2381 3082 7 9.855425665646945e-10
2382 3082 7 9.855425665646945e-10
2383 3082 10 7.350193457587715e-15
2384 3082 8 2.164199244968547e-11
2385 3082 7 9.855425665646945e-10
2385 4389 7 9.855425665646945e-10
2386 3082 9 4.2111006855770585e-13
2393 3082 10 7.350193457587715e-15
2394 3082 10 7.350193457587715e-15
2397 3082 11 1.1623180487779545e-16
2398 3082 16 3.3475794519016473e-26
2399 3082 12 1.6789754864255266e-18
2400 3082 8 2.164199244968547e-11
2401 3571 10 7.350193457587715e-15
2404 3082 7 9.855425665646945e-10
2405 3082 8 2.164199244968547e-11
2406 3082 7 9.855425665646945e-10
2408 4672 7 9.855425665646945e-10
2423 3082 10 7.350193457587715e-15
2434 4499 10 7.350193457587715e-15
2435 4141 7 9.855425665646945e-10
2437 4970 8 2.164199244968547e-11
2441 2844 10 7.350193457587715e-15
2449 4218 7 9.855425665646945e-10
2453 3082 10 7.350193457587715e-15
2458 3907 9 4.2111006855770585e-13
2478 2677 12 1.6789754864255266e-18
2494 3214 16 3.3475794519016473e-26
2510 3424 11 1.1623180487779545e-16
2511 3424 28 1.0574128058313328e-51
2519 3390 8 2.164199244968547e-11
2520 2677 7 9.855425665646945e-10
2520 2930 24 7.157278720437605e-43
2520 2931 85 1.2716175641238005e-198
2522 3082 7 9.855425665646945e-10
2554 3329 29 5.926723985167499e-54
2565 4649 14 2.7423352190632847e-22
2566 4649 14 2.7423352190632847e-22
2573 3082 33 4.048149874972828e-63
2574 3082 25 4.726989132940108e-45
2575 3082 30 3.198457939186647e-56
2576 3082 24 7.157278720437605e-43
2577 3082 23 1.0363334424308425e-40
2578 2930 10 7.350193457587715e-15
2578 3082 21 1.886746727703302e-36
2578 3496 7 9.855425665646945e-10
2578 3498 8 2.164199244968547e-11
2579 3082 21 1.886746727703302e-36
2580 3082 14 2.7423352190632847e-22
2581 3082 30 3.198457939186647e-56
2582 3082 29 5.926723985167499e-54
2583 3082 14 2.7423352190632847e-22
2584 3082 24 7.157278720437605e-43
2585 3082 18 3.157874128287832e-30
2586 3082 14 2.7423352190632847e-22
2587 3082 15 3.1350062955633164e-24
2588 3082 14 2.7423352190632847e-22
2589 3082 24 7.157278720437605e-43
2590 3082 23 1.0363334424308425e-40
2591 3082 16 3.3475794519016473e-26
2592 3082 28 1.0574128058313328e-51
2593 3082 19 2.8079690554941015e-32
2594 3082 18 3.157874128287832e-30
2595 3082 17 3.3518535604089412e-28
2596 3082 14 2.7423352190632847e-22
2597 3082 11 1.1623180487779545e-16
2598 3082 10 7.350193457587715e-15
2599 3082 13 2.230782914535079e-20
2600 3082 14 2.7423352190632847e-22
2601 3082 15 3.1350062955633164e-24
2602 3082 13 2.230782914535079e-20
2603 3082 23 1.0363334424308425e-40
2604 3082 11 1.1623180487779545e-16
2604 4247 7 9.855425665646945e-10
2605 3082 8 2.164199244968547e-11
2605 5117 9 4.2111006855770585e-13
2606 3082 7 9.855425665646945e-10
2607 3082 17 3.3518535604089412e-28
2608 3082 13 2.230782914535079e-20
2609 3082 10 7.350193457587715e-15
2609 4844 7 9.855425665646945e-10
2610 3082 10 7.350193457587715e-15
2611 3082 15 3.1350062955633164e-24
2612 3082 20 2.363048215488429e-34
2613 3082 16 3.3475794519016473e-26
2614 3082 8 2.164199244968547e-11
2616 3082 9 4.2111006855770585e-13
2618 3082 8 2.164199244968547e-11
2620 3082 15 3.1350062955633164e-24
2622 3082 8 2.164199244968547e-11
2623 3082 9 4.2111006855770585e-13
2625 3082 11 1.1623180487779545e-16
2626 3082 7 9.855425665646945e-10
2627 3082 12 1.6789754864255266e-18
2628 3082 14 2.7423352190632847e-22
2629 3082 13 2.230782914535079e-20
2630 3082 10 7.350193457587715e-15
2631 3082 7 9.855425665646945e-10
2632 3082 12 1.6789754864255266e-18
2633 3082 9 4.2111006855770585e-13
2634 3082 7 9.855425665646945e-10
2635 3082 10 7.350193457587715e-15
2636 3082 8 2.164199244968547e-11
2637 3082 14 2.7423352190632847e-22
2640 3082 9 4.2111006855770585e-13
2641 3082 11 1.1623180487779545e-16
2642 3082 10 7.350193457587715e-15
2645 3158 8 2.164199244968547e-11
2646 3082 10 7.350193457587715e-15
2647 4156 7 9.855425665646945e-10
2648 3082 7 9.855425665646945e-10
2650 3082 9 4.2111006855770585e-13
2653 3082 8 2.164199244968547e-11
2656 3082 8 2.164199244968547e-11
2658 3082 9 4.2111006855770585e-13
2659 4721 7 9.855425665646945e-10
2660 3082 8 2.164199244968547e-11
2661 3082 9 4.2111006855770585e-13
2668 3082 7 9.855425665646945e-10
2677 3082 10 7.350193457587715e-15
2678 3082 8 2.164199244968547e-11
2679 3082 8 2.164199244968547e-11
2680 3082 8 2.164199244968547e-11
2681 3082 7 9.855425665646945e-10
2696 3082 7 9.855425665646945e-10
2696 5220 11 1.1623180487779545e-16
2697 3082 9 4.2111006855770585e-13
2700 3082 7 9.855425665646945e-10
2702 4629 18 3.157874128287832e-30
2713 5149 10 7.350193457587715e-15
2724 3118 11 1.1623180487779545e-16
2732 3641 16 3.3475794519016473e-26
2742 4388 12 1.6789754864255266e-18
2780 4353 12 1.6789754864255266e-18
2795 3074 7 9.855425665646945e-10
2803 4361 30 3.198457939186647e-56
2803 4362 9 4.2111006855770585e-13
2808 3728 7 9.855425665646945e-10
2814 5287 8 2.164199244968547e-11
2822 3082 18 3.157874128287832e-30
2823 3082 14 2.7423352190632847e-22
2824 3082 17 3.3518535604089412e-28
2825 3082 15 3.1350062955633164e-24
2826 3082 16 3.3475794519016473e-26
2827 3082 17 3.3518535604089412e-28
2828 3082 17 3.3518535604089412e-28
2829 3082 23 1.0363334424308425e-40
2830 3082 21 1.886746727703302e-36
2831 3082 14 2.7423352190632847e-22
2832 3082 14 2.7423352190632847e-22
2833 3082 16 3.3475794519016473e-26
2834 3082 18 3.157874128287832e-30
2835 3082 10 7.350193457587715e-15
2836 3082 10 7.350193457587715e-15
2837 3082 10 7.350193457587715e-15
2838 3082 19 2.8079690554941015e-32
2838 4538 8 2.164199244968547e-11
2839 3082 10 7.350193457587715e-15
2840 3082 21 1.886746727703302e-36
2841 3082 18 3.157874128287832e-30
2842 3082 17 3.3518535604089412e-28
2843 3082 16 3.3475794519016473e-26
2844 3082 15 3.1350062955633164e-24
2845 3082 10 7.350193457587715e-15
2846 3082 13 2.230782914535079e-20
2847 3082 11 1.1623180487779545e-16
2847 3110 9 4.2111006855770585e-13
2848 3082 8 2.164199244968547e-11
2849 3082 17 3.3518535604089412e-28
2850 3082 11 1.1623180487779545e-16
2850 4905 11 1.1623180487779545e-16
2851 3082 18 3.157874128287832e-30
2852 3082 12 1.6789754864255266e-18
2853 3082 11 1.1623180487779545e-16
2854 3082 14 2.7423352190632847e-22
2855 3082 11 1.1623180487779545e-16
2856 3082 10 7.350193457587715e-15
2857 3082 10 7.350193457587715e-15
2859 3082 11 1.1623180487779545e-16
2860 3082 11 1.1623180487779545e-16
2861 3082 16 3.3475794519016473e-26
2862 3082 12 1.6789754864255266e-18
2863 3082 8 2.164199244968547e-11
2864 3082 17 3.3518535604089412e-28
2866 3082 11 1.1623180487779545e-16
2867 3082 14 2.7423352190632847e-22
2868 3082 12 1.6789754864255266e-18
2869 3082 10 7.350193457587715e-15
2871 3082 10 7.350193457587715e-15
2872 3082 8 2.164199244968547e-11
2874 3082 7 9.855425665646945e-10
2876 3082 11 1.1623180487779545e-16
2876 4807 12 1.6789754864255266e-18
2878 3082 9 4.2111006855770585e-13
2879 3082 9 4.2111006855770585e-13
2882 3082 7 9.855425665646945e-10
2886 3082 8 2.164199244968547e-11
2892 3082 8 2.164199244968547e-11
2893 3082 7 9.855425665646945e-10
2897 3082 8 2.164199244968547e-11
2898 3082 9 4.2111006855770585e-13
2899 3082 9 4.2111006855770585e-13
2902 3082 8 2.164199244968547e-11
2905 3082 9 4.2111006855770585e-13
2909 3082 7 9.855425665646945e-10
2921 3605 7 9.855425665646945e-10
2938 5161 7 9.855425665646945e-10
2940 3509 7 9.855425665646945e-10
2948 3574 23 1.0363334424308425e-40
2971 4523 7 9.855425665646945e-10
2980 3082 7 9.855425665646945e-10
2992 4078 10 7.350193457587715e-15
3003 4337 9 4.2111006855770585e-13
3030 4606 13 2.230782914535079e-20
3043 5089 7 9.855425665646945e-10
3045 4095 7 9.855425665646945e-10
3071 4156 7 9.855425665646945e-10
3075 4954 8 2.164199244968547e-11
3082 3326 11 1.1623180487779545e-16
3082 3327 8 2.164199244968547e-11
3082 3328 8 2.164199244968547e-11
3082 3329 15 3.1350062955633164e-24
3082 3330 10 7.350193457587715e-15
3082 3332 12 1.6789754864255266e-18
3082 3333 12 1.6789754864255266e-18
3082 3334 10 7.350193457587715e-15
3082 3335 11 1.1623180487779545e-16
3082 3336 15 3.1350062955633164e-24
3082 3337 7 9.855425665646945e-10
3082 3338 9 4.2111006855770585e-13
3082 3339 12 1.6789754864255266e-18
3082 3340 9 4.2111006855770585e-13
3082 3342 9 4.2111006855770585e-13
3082 3343 14 2.7423352190632847e-22
3082 3344 7 9.855425665646945e-10
3082 3345 10 7.350193457587715e-15
3082 3346 9 4.2111006855770585e-13
3082 3347 9 4.2111006855770585e-13
3082 3352 8 2.164199244968547e-11
3082 3353 9 4.2111006855770585e-13
3082 3382 9 4.2111006855770585e-13
3082 3383 7 9.855425665646945e-10
3082 3392 8 2.164199244968547e-11
3082 3396 7 9.855425665646945e-10
3082 3569 21 1.886746727703302e-36
3082 3570 31 1.6637871390419857e-58
3082 3571 25 4.726989132940108e-45
3082 3572 19 2.8079690554941015e-32
3082 3573 23 1.0363334424308425e-40
3082 3574 27 1.8143496928227338e-49
3082 3575 16 3.3475794519016473e-26
3082 3576 17 3.3518535604089412e-28
3082 3577 18 3.157874128287832e-30
3082 3578 23 1.0363334424308425e-40
3082 3579 16 3.3475794519016473e-26
3082 3580 25 4.726989132940108e-45
3082 3581 20 2.363048215488429e-34
3082 3582 21 1.886746727703302e-36
3082 3583 18 3.157874128287832e-30
3082 3584 14 2.7423352190632847e-22
3082 3585 16 3.3475794519016473e-26
3082 3586 27 1.8143496928227338e-49
3082 3587 24 7.157278720437605e-43
3082 3588 11 1.1623180487779545e-16
3082 3590 16 3.3475794519016473e-26
3082 3591 15 3.1350062955633164e-24
3082 3592 13 2.230782914535079e-20
3082 3593 11 1.1623180487779545e-16
3082 3594 16 3.3475794519016473e-26
3082 3595 13 2.230782914535079e-20
3082 3596 16 3.3475794519016473e-26
3082 3597 14 2.7423352190632847e-22
3082 3598 18 3.157874128287832e-30
3082 3599 14 2.7423352190632847e-22
3082 3600 11 1.1623180487779545e-16
3082 3601 11 1.1623180487779545e-16
3082 3602 11 1.1623180487779545e-16
3082 3603 15 3.1350062955633164e-24
3082 3604 13 2.230782914535079e-20
3082 3605 13 2.230782914535079e-20
3082 3606 12 1.6789754864255266e-18
3082 3607 11 1.1623180487779545e-16
3082 3609 14 2.7423352190632847e-22
3082 3610 19 2.8079690554941015e-32
3082 3611 14 2.7423352190632847e-22
3082 3612 14 2.7423352190632847e-22
3082 3613 7 9.855425665646945e-10
3082 3614 8 2.164199244968547e-11
3082 3615 9 4.2111006855770585e-13
3082 3620 11 1.1623180487779545e-16
3082 3621 7 9.855425665646945e-10
3082 3622 9 4.2111006855770585e-13
3082 3624 8 2.164199244968547e-11
3082 3625 9 4.2111006855770585e-13
3082 3629 7 9.855425665646945e-10
3082 3630 9 4.2111006855770585e-13
3082 3635 8 2.164199244968547e-11
3082 3636 7 9.855425665646945e-10
3082 3638 9 4.2111006855770585e-13
3082 3639 10 7.350193457587715e-15
3082 3640 8 2.164199244968547e-11
3082 3644 7 9.855425665646945e-10
3082 3648 10 7.350193457587715e-15
3082 3649 9 4.2111006855770585e-13
3082 3656 9 4.2111006855770585e-13
3082 3658 9 4.2111006855770585e-13
3082 3659 9 4.2111006855770585e-13
3082 3660 7 9.855425665646945e-10
3082 3662 7 9.855425665646945e-10
3082 3667 8 2.164199244968547e-11
3082 3679 30 3.198457939186647e-56
3082 3689 8 2.164199244968547e-11
3082 3821 11 1.1623180487779545e-16
3082 3822 20 2.363048215488429e-34
3082 3823 14 2.7423352190632847e-22
3082 3824 22 1.432493373519395e-38
3082 3825 16 3.3475794519016473e-26
3082 3826 12 1.6789754864255266e-18
3082 3827 14 2.7423352190632847e-22
3082 3828 17 3.3518535604089412e-28
3082 3829 15 3.1350062955633164e-24
3082 3830 11 1.1623180487779545e-16
3082 3831 19 2.8079690554941015e-32
3082 3832 14 2.7423352190632847e-22
3082 3833 13 2.230782914535079e-20
3082 3834 13 2.230782914535079e-20
3082 3835 27 1.8143496928227338e-49
3082 3836 10 7.350193457587715e-15
3082 3837 16 3.3475794519016473e-26
3082 3838 21 1.886746727703302e-36
3082 3839 19 2.8079690554941015e-32
3082 3840 20 2.363048215488429e-34
3082 3841 19 2.8079690554941015e-32
3082 3842 29 5.926723985167499e-54
3082 3843 25 4.726989132940108e-45
3082 3844 21 1.886746727703302e-36
3082 3845 8 2.164199244968547e-11
3082 3846 14 2.7423352190632847e-22
3082 3847 12 1.6789754864255266e-18
3082 3848 15 3.1350062955633164e-24
3082 3849 13 2.230782914535079e-20
3082 3850 11 1.1623180487779545e-16
3082 3853 8 2.164199244968547e-11
3082 3854 7 9.855425665646945e-10
3082 3856 7 9.855425665646945e-10
3082 3859 11 1.1623180487779545e-16
3082 3860 15 3.1350062955633164e-24
3082 3861 8 2.164199244968547e-11
3082 3862 7 9.855425665646945e-10
3082 3863 8 2.164199244968547e-11
3082 3864 14 2.7423352190632847e-22
3082 3865 8 2.164199244968547e-11
3082 3866 11 1.1623180487779545e-16
3082 3869 9 4.2111006855770585e-13
3082 3871 9 4.2111006855770585e-13
3082 3873 10 7.350193457587715e-15
3082 3874 7 9.855425665646945e-10
3082 3875 9 4.2111006855770585e-13
3082 3876 9 4.2111006855770585e-13
3082 3878 8 2.164199244968547e-11
3082 3882 8 2.164199244968547e-11
3082 3883 7 9.855425665646945e-10
3082 3885 7 9.855425665646945e-10
3082 3897 8 2.164199244968547e-11
3082 3902 7 9.855425665646945e-10
3082 3907 7 9.855425665646945e-10
3082 3909 7 9.855425665646945e-10
3082 3924 8 2.164199244968547e-11
3082 4061 34 1.8969973233589315e-65
3082 4062 20 2.363048215488429e-34
3082 4063 20 2.363048215488429e-34
3082 4064 21 1.886746727703302e-36
3082 4065 16 3.3475794519016473e-26
3082 4066 16 3.3475794519016473e-26
3082 4067 24 7.157278720437605e-43
3082 4068 26 2.9901790997253424e-47
3082 4069 20 2.363048215488429e-34
3082 4070 18 3.157874128287832e-30
3082 4071 27 1.8143496928227338e-49
3082 4072 24 7.157278720437605e-43
3082 4073 25 4.726989132940108e-45
3082 4074 18 3.157874128287832e-30
3082 4075 27 1.8143496928227338e-49
3082 4076 17 3.3518535604089412e-28
3082 4077 15 3.1350062955633164e-24
3082 4078 24 7.157278720437605e-43
3082 4079 20 2.363048215488429e-34
3082 4080 21 1.886746727703302e-36
3082 4081 19 2.8079690554941015e-32
3082 4082 12 1.6789754864255266e-18
3082 4083 16 3.3475794519016473e-26
3082 4084 19 2.8079690554941015e-32
3082 4085 16 3.3475794519016473e-26
3082 4086 16 3.3475794519016473e-26
3082 4087 24 7.157278720437605e-43
3082 4088 17 3.3518535604089412e-28
3082 4089 11 1.1623180487779545e-16
3082 4090 20 2.363048215488429e-34
3082 4091 16 3.3475794519016473e-26
3082 4092 21 1.886746727703302e-36
3082 4093 16 3.3475794519016473e-26
3082 4094 16 3.3475794519016473e-26
3082 4095 14 2.7423352190632847e-22
3082 4096 15 3.1350062955633164e-24
3082 4097 12 1.6789754864255266e-18
3082 4098 15 3.1350062955633164e-24
3082 4099 17 3.3518535604089412e-28
3082 4100 14 2.7423352190632847e-22
3082 4101 11 1.1623180487779545e-16
3082 4102 17 3.3518535604089412e-28
3082 4103 11 1.1623180487779545e-16
3082 4104 10 7.350193457587715e-15
3082 4105 9 4.2111006855770585e-13
3082 4106 9 4.2111006855770585e-13
3082 4108 11 1.1623180487779545e-16
3082 4109 10 7.350193457587715e-15
3082 4110 11 1.1623180487779545e-16
3082 4111 13 2.230782914535079e-20
3082 4112 8 2.164199244968547e-11
3082 4113 7 9.855425665646945e-10
3082 4114 9 4.2111006855770585e-13
3082 4115 12 1.6789754864255266e-18
3082 4116 14 2.7423352190632847e-22
3082 4117 7 9.855425665646945e-10
3082 4119 11 1.1623180487779545e-16
3082 4120 11 1.1623180487779545e-16
3082 4121 7 9.855425665646945e-10
3082 4122 8 2.164199244968547e-11
3082 4123 11 1.1623180487779545e-16
3082 4124 8 2.164199244968547e-11
3082 4125 8 2.164199244968547e-11
3082 4126 11 1.1623180487779545e-16
3082 4127 13 2.230782914535079e-20
3082 4128 15 3.1350062955633164e-24
3082 4129 10 7.350193457587715e-15
3082 4130 8 2.164199244968547e-11
3082 4131 12 1.6789754864255266e-18
3082 4132 11 1.1623180487779545e-16
3082 4133 7 9.855425665646945e-10
3082 4137 12 1.6789754864255266e-18
3082 4141 8 2.164199244968547e-11
3082 4152 7 9.855425665646945e-10
3082 4155 7 9.855425665646945e-10
3082 4217 7 9.855425665646945e-10
3082 4220 8 2.164199244968547e-11
3082 4254 254 0.0
3082 4268 20 2.363048215488429e-34
3082 4269 22 1.432493373519395e-38
3082 4270 24 7.157278720437605e-43
3082 4271 24 7.157278720437605e-43
3082 4272 24 7.157278720437605e-43
3082 4273 13 2.230782914535079e-20
3082 4274 19 2.8079690554941015e-32
3082 4275 18 3.157874128287832e-30
3082 4276 14 2.7423352190632847e-22
3082 4277 14 2.7423352190632847e-22
3082 4278 20 2.363048215488429e-34
3082 4279 15 3.1350062955633164e-24
3082 4280 13 2.230782914535079e-20
3082 4281 12 1.6789754864255266e-18
3082 4282 16 3.3475794519016473e-26
3082 4283 9 4.2111006855770585e-13
3082 4284 12 1.6789754864255266e-18
3082 4286 19 2.8079690554941015e-32
3082 4287 15 3.1350062955633164e-24
3082 4288 11 1.1623180487779545e-16
3082 4289 13 2.230782914535079e-20
3082 4290 16 3.3475794519016473e-26
3082 4291 15 3.1350062955633164e-24
3082 4292 8 2.164199244968547e-11
3082 4293 14 2.7423352190632847e-22
3082 4294 16 3.3475794519016473e-26
3082 4295 10 7.350193457587715e-15
3082 4296 16 3.3475794519016473e-26
3082 4297 10 7.350193457587715e-15
3082 4298 10 7.350193457587715e-15
3082 4299 9 4.2111006855770585e-13
3082 4300 10 7.350193457587715e-15
3082 4301 11 1.1623180487779545e-16
3082 4303 10 7.350193457587715e-15
3082 4304 11 1.1623180487779545e-16
3082 4305 11 1.1623180487779545e-16
3082 4306 8 2.164199244968547e-11
3082 4307 9 4.2111006855770585e-13
3082 4309 7 9.855425665646945e-10
3082 4310 7 9.855425665646945e-10
3082 4312 8 2.164199244968547e-11
3082 4315 9 4.2111006855770585e-13
3082 4318 9 4.2111006855770585e-13
3082 4319 9 4.2111006855770585e-13
3082 4320 7 9.855425665646945e-10
3082 4323 10 7.350193457587715e-15
3082 4324 7 9.855425665646945e-10
3082 4326 10 7.350193457587715e-15
3082 4327 9 4.2111006855770585e-13
3082 4331 9 4.2111006855770585e-13
3082 4332 7 9.855425665646945e-10
3082 4334 10 7.350193457587715e-15
3082 4335 8 2.164199244968547e-11
3082 4341 8 2.164199244968547e-11
3082 4346 8 2.164199244968547e-11
3082 4465 51 5.2636512616888235e-107
3082 4466 32 8.350851854086664e-61
3082 4467 33 4.048149874972828e-63
3082 4468 27 1.8143496928227338e-49
3082 4469 19 2.8079690554941015e-32
3082 4470 11 1.1623180487779545e-16
3082 4471 17 3.3518535604089412e-28
3082 4474 10 7.350193457587715e-15
3082 4476 14 2.7423352190632847e-22
3082 4477 23 1.0363334424308425e-40
3082 4478 17 3.3518535604089412e-28
3082 4479 24 7.157278720437605e-43
3082 4480 15 3.1350062955633164e-24
3082 4481 18 3.157874128287832e-30
3082 4482 14 2.7423352190632847e-22
3082 4483 20 2.363048215488429e-34
3082 4484 13 2.230782914535079e-20
3082 4485 9 4.2111006855770585e-13
3082 4486 10 7.350193457587715e-15
3082 4487 13 2.230782914535079e-20
3082 4488 16 3.3475794519016473e-26
3082 4489 17 3.3518535604089412e-28
3082 4490 13 2.230782914535079e-20
3082 4491 13 2.230782914535079e-20
3082 4492 12 1.6789754864255266e-18
3082 4493 10 7.350193457587715e-15
3082 4494 16 3.3475794519016473e-26
3082 4495 17 3.3518535604089412e-28
3082 4496 7 9.855425665646945e-10
3082 4497 15 3.1350062955633164e-24
3082 4498 10 7.350193457587715e-15
3082 4499 14 2.7423352190632847e-22
3082 4500 9 4.2111006855770585e-13
3082 4502 13 2.230782914535079e-20
3082 4503 7 9.855425665646945e-10
3082 4504 8 2.164199244968547e-11
3082 4506 11 1.1623180487779545e-16
3082 4507 14 2.7423352190632847e-22
3082 4508 9 4.2111006855770585e-13
3082 4510 8 2.164199244968547e-11
3082 4511 8 2.164199244968547e-11
3082 4512 8 2.164199244968547e-11
3082 4513 11 1.1623180487779545e-16
3082 4514 9 4.2111006855770585e-13
3082 4516 9 4.2111006855770585e-13
3082 4517 7 9.855425665646945e-10
3082 4519 11 1.1623180487779545e-16
3082 4520 7 9.855425665646945e-10
3082 4521 10 7.350193457587715e-15
3082 4523 12 1.6789754864255266e-18
3082 4524 8 2.164199244968547e-11
3082 4526 7 9.855425665646945e-10
3082 4529 8 2.164199244968547e-11
3082 4530 9 4.2111006855770585e-13
3082 4535 9 4.2111006855770585e-13
3082 4656 46 1.976203740869974e-94
3082 4657 9 4.2111006855770585e-13
3082 4658 7 9.855425665646945e-10
3082 4659 11 1.1623180487779545e-16
3082 4660 7 9.855425665646945e-10
3082 4664 9 4.2111006855770585e-13
3082 4671 7 9.855425665646945e-10
3082 4679 8 2.164199244968547e-11
3082 4684 8 2.164199244968547e-11
3082 4687 7 9.855425665646945e-10
3082 4701 7 9.855425665646945e-10
3082 4789 7 9.855425665646945e-10
3082 4838 9 4.2111006855770585e-13
3082 4839 14 2.7423352190632847e-22
3082 4841 11 1.1623180487779545e-16
3082 4844 13 2.230782914535079e-20
3082 4847 8 2.164199244968547e-11
3082 4852 9 4.2111006855770585e-13
3082 4856 9 4.2111006855770585e-13
3082 4857 9 4.2111006855770585e-13
3082 4858 13 2.230782914535079e-20
3082 4859 12 1.6789754864255266e-18
3082 4861 8 2.164199244968547e-11
3082 4864 8 2.164199244968547e-11
3082 4865 7 9.855425665646945e-10
3082 4867 8 2.164199244968547e-11
3082 4869 7 9.855425665646945e-10
3082 4870 10 7.350193457587715e-15
3082 4871 10 7.350193457587715e-15
3082 4874 8 2.164199244968547e-11
3082 4877 9 4.2111006855770585e-13
3082 4878 7 9.855425665646945e-10
3082 4881 7 9.855425665646945e-10
3082 4889 7 9.855425665646945e-10
3082 4900 8 2.164199244968547e-11
3082 4902 8 2.164199244968547e-11
3082 4914 8 2.164199244968547e-11
3082 4915 9 4.2111006855770585e-13
3082 4931 7 9.855425665646945e-10
3082 4965 8 2.164199244968547e-11
3082 4966 12 1.6789754864255266e-18
3082 4967 10 7.350193457587715e-15
3082 4968 11 1.1623180487779545e-16
3082 4969 7 9.855425665646945e-10
3082 4972 11 1.1623180487779545e-16
3082 4973 11 1.1623180487779545e-16
3082 4974 13 2.230782914535079e-20
3082 4975 8 2.164199244968547e-11
3082 4976 14 2.7423352190632847e-22
3082 4977 10 7.350193457587715e-15
3082 4978 15 3.1350062955633164e-24
3082 4979 7 9.855425665646945e-10
3082 4980 9 4.2111006855770585e-13
3082 4981 9 4.2111006855770585e-13
3082 4982 7 9.855425665646945e-10
3082 4984 7 9.855425665646945e-10
3082 4985 7 9.855425665646945e-10
3082 4987 8 2.164199244968547e-11
3082 4988 8 2.164199244968547e-11
3082 4990 8 2.164199244968547e-11
3082 4991 8 2.164199244968547e-11
3082 4992 7 9.855425665646945e-10
3082 4996 9 4.2111006855770585e-13
3082 4997 8 2.164199244968547e-11
3082 5000 9 4.2111006855770585e-13
3082 5040 7 9.855425665646945e-10
3082 5044 8 2.164199244968547e-11
3085 4326 9 4.2111006855770585e-13
3108 3614 11 1.1623180487779545e-16
3118 4566 11 1.1623180487779545e-16
3119 5281 7 9.855425665646945e-10
3134 4328 20 2.363048215488429e-34
3141 4109 7 9.855425665646945e-10
3141 4881 21 1.886746727703302e-36
3141 4882 12 1.6789754864255266e-18
3152 4395 16 3.3475794519016473e-26
3160 3706 7 9.855425665646945e-10
3162 3934 7 9.855425665646945e-10
3201 3702 10 7.350193457587715e-15
3201 4218 11 1.1623180487779545e-16
3231 4106 25 4.726989132940108e-45
3231 4174 9 4.2111006855770585e-13
3242 3618 9 4.2111006855770585e-13
3242 3673 16 3.3475794519016473e-26
3243 3673 9 4.2111006855770585e-13
3243 4126 9 4.2111006855770585e-13
3263 5087 13 2.230782914535079e-20
3266 4639 7 9.855425665646945e-10
3267 3587 7 9.855425665646945e-10
3284 3462 11 1.1623180487779545e-16
3293 4538 66 3.270821210642573e-146
3305 4902 14 2.7423352190632847e-22
3317 4924 7 9.855425665646945e-10
3319 4953 16 3.3475794519016473e-26
3319 4954 28 1.0574128058313328e-51
3326 4465 7 9.855425665646945e-10
3336 4560 17 3.3518535604089412e-28
3377 3715 23 1.0363334424308425e-40
3395 4347 7 9.855425665646945e-10
3399 5123 22 1.432493373519395e-38
3415 5170 11 1.1623180487779545e-16
3416 4300 10 7.350193457587715e-15
3416 4744 7 9.855425665646945e-10
3433 3772 7 9.855425665646945e-10
3455 5254 8 2.164199244968547e-11
3463 3803 8 2.164199244968547e-11
3541 3774 20 2.363048215488429e-34
3544 5248 11 1.1623180487779545e-16
3555 4087 7 9.855425665646945e-10
3558 4169 9 4.2111006855770585e-13
3597 3878 9 4.2111006855770585e-13
3642 4667 14 2.7423352190632847e-22
3644 4606 9 4.2111006855770585e-13
3679 4254 254 0.0
3697 4988 11 1.1623180487779545e-16
3715 4670 11 1.1623180487779545e-16
3761 4379 18 3.157874128287832e-30
3905 4968 10 7.350193457587715e-15
3930 5100 7 9.855425665646945e-10
3936 4324 8 2.164199244968547e-11
3943 4931 8 2.164199244968547e-11
3951 4258 7 9.855425665646945e-10
3956 5095 8 2.164199244968547e-11
4031 4940 10 7.350193457587715e-15
4063 4828 8 2.164199244968547e-11
4092 4613 8 2.164199244968547e-11
4124 5135 7 9.855425665646945e-10
4165 4722 8 2.164199244968547e-11
4218 4621 10 7.350193457587715e-15
4246 4739 10 7.350193457587715e-15
4254 4271 10 7.350193457587715e-15
4254 4272 12 1.6789754864255266e-18
4254 4273 9 4.2111006855770585e-13
4254 4274 8 2.164199244968547e-11
4254 4278 7 9.855425665646945e-10
4254 4280 9 4.2111006855770585e-13
4254 4281 8 2.164199244968547e-11
4254 4282 9 4.2111006855770585e-13
4254 4285 7 9.855425665646945e-10
4254 4287 8 2.164199244968547e-11
4254 4288 7 9.855425665646945e-10
4254 4291 11 1.1623180487779545e-16
4254 4293 9 4.2111006855770585e-13
4254 4294 8 2.164199244968547e-11
4254 4295 7 9.855425665646945e-10
4254 4296 10 7.350193457587715e-15
4254 4297 8 2.164199244968547e-11
4254 4301 8 2.164199244968547e-11
4254 4304 7 9.855425665646945e-10
4254 4465 7 9.855425665646945e-10
4254 4477 7 9.855425665646945e-10
4254 4656 10 7.350193457587715e-15
4258 4381 7 9.855425665646945e-10
4268 4656 14 2.7423352190632847e-22
4268 4838 13 2.230782914535079e-20
4268 4854 7 9.855425665646945e-10
4268 4855 7 9.855425665646945e-10
4268 4860 11 1.1623180487779545e-16
4268 4881 7 9.855425665646945e-10
4292 4704 7 9.855425665646945e-10
4292 4705 7 9.855425665646945e-10
4296 4548 7 9.855425665646945e-10
4297 4841 8 2.164199244968547e-11
4307 4552 7 9.855425665646945e-10
4376 4998 9 4.2111006855770585e-13
4377 4467 8 2.164199244968547e-11
4482 4950 10 7.350193457587715e-15
4508 4843 8 2.164199244968547e-11
4527 4900 11 1.1623180487779545e-16
4538 4797 12 1.6789754864255266e-18
4550 5253 8 2.164199244968547e-11
4908 5208 10 7.350193457587715e-15
4924 4973 9 4.2111006855770585e-13
