bin1 bin2 count p_value
6 765 6 1.1102230246251565e-16
6 4505 3 1.2344458788504653e-11
6 4506 6 1.1102230246251565e-16
11 4506 3 1.2344458788504653e-11
13 4181 3 1.2344458788504653e-11
14 4465 5 1.1102230246251565e-16
36 2803 3 1.2344458788504653e-11
36 4345 3 1.2344458788504653e-11
45 1655 3 1.2344458788504653e-11
46 1126 3 1.2344458788504653e-11
51 2336 3 1.2344458788504653e-11
53 3082 5 1.1102230246251565e-16
55 2727 4 1.2212453270876722e-15
55 3082 3 1.2344458788504653e-11
59 537 3 1.2344458788504653e-11
60 1216 3 1.2344458788504653e-11
73 3901 3 1.2344458788504653e-11
74 2101 3 1.2344458788504653e-11
77 3203 3 1.2344458788504653e-11
79 1775 3 1.2344458788504653e-11
81 758 3 1.2344458788504653e-11
82 2577 3 1.2344458788504653e-11
83 1920 3 1.2344458788504653e-11
85 2824 3 1.2344458788504653e-11
85 4329 3 1.2344458788504653e-11
86 548 3 1.2344458788504653e-11
86 2598 3 1.2344458788504653e-11
87 4328 3 1.2344458788504653e-11
89 1194 4 1.2212453270876722e-15
94 1918 3 1.2344458788504653e-11
103 684 3 1.2344458788504653e-11
104 1714 3 1.2344458788504653e-11
109 815 4 1.2212453270876722e-15
109 2595 3 1.2344458788504653e-11
110 4227 3 1.2344458788504653e-11
113 1853 3 1.2344458788504653e-11
117 758 4 1.2212453270876722e-15
117 1660 3 1.2344458788504653e-11
122 3668 3 1.2344458788504653e-11
126 3123 3 1.2344458788504653e-11
127 4563 4 1.2212453270876722e-15
130 3082 3 1.2344458788504653e-11
138 1625 3 1.2344458788504653e-11
145 3290 5 1.1102230246251565e-16
145 5100 5 1.1102230246251565e-16
153 1184 3 1.2344458788504653e-11
154 3105 3 1.2344458788504653e-11
163 2137 3 1.2344458788504653e-11
165 975 3 1.2344458788504653e-11
165 1775 3 1.2344458788504653e-11
175 3557 3 1.2344458788504653e-11
177 1600 3 1.2344458788504653e-11
177 2528 3 1.2344458788504653e-11
177 4476 3 1.2344458788504653e-11
180 401 3 1.2344458788504653e-11
180 765 11 1.1102230246251565e-16
180 1977 4 1.2212453270876722e-15
180 2139 3 1.2344458788504653e-11
180 3082 3 1.2344458788504653e-11
180 4465 5 1.1102230246251565e-16
180 4505 5 1.1102230246251565e-16
180 4506 6 1.1102230246251565e-16
182 1291 3 1.2344458788504653e-11
186 4840 3 1.2344458788504653e-11
194 3318 3 1.2344458788504653e-11
194 4419 3 1.2344458788504653e-11
197 5241 3 1.2344458788504653e-11
198 3518 3 1.2344458788504653e-11
202 4525 3 1.2344458788504653e-11
203 2068 3 1.2344458788504653e-11
218 2274 3 1.2344458788504653e-11
219 1444 3 1.2344458788504653e-11
221 2795 3 1.2344458788504653e-11
224 911 3 1.2344458788504653e-11
232 2317 3 1.2344458788504653e-11
235 3539 3 1.2344458788504653e-11
237 4364 3 1.2344458788504653e-11
239 1369 3 1.2344458788504653e-11
242 2536 3 1.2344458788504653e-11
242 4479 3 1.2344458788504653e-11
243 3660 3 1.2344458788504653e-11
245 1802 3 1.2344458788504653e-11
246 5188 3 1.2344458788504653e-11
251 2116 3 1.2344458788504653e-11
255 3188 3 1.2344458788504653e-11
255 3754 3 1.2344458788504653e-11
260 2504 3 1.2344458788504653e-11
262 3234 3 1.2344458788504653e-11
264 3155 3 1.2344458788504653e-11
265 1901 3 1.2344458788504653e-11
265 2680 3 1.2344458788504653e-11
266 4839 3 1.2344458788504653e-11
267 1022 3 1.2344458788504653e-11
268 1732 3 1.2344458788504653e-11
272 472 3 1.2344458788504653e-11
274 2807 3 1.2344458788504653e-11
275 3000 3 1.2344458788504653e-11
288 3130 3 1.2344458788504653e-11
289 2695 4 1.2212453270876722e-15
293 2102 3 1.2344458788504653e-11
296 3273 3 1.2344458788504653e-11
300 3133 3 1.2344458788504653e-11
303 3850 3 1.2344458788504653e-11
308 4768 3 1.2344458788504653e-11
313 2257 3 1.2344458788504653e-11
313 3701 3 1.2344458788504653e-11
322 1990 3 1.2344458788504653e-11
322 3242 3 1.2344458788504653e-11
323 736 3 1.2344458788504653e-11
324 667 3 1.2344458788504653e-11
324 3395 3 1.2344458788504653e-11
326 4310 3 1.2344458788504653e-11
328 4621 3 1.2344458788504653e-11
332 4329 4 1.2212453270876722e-15
342 954 3 1.2344458788504653e-11
346 1372 4 1.2212453270876722e-15
352 4468 3 1.2344458788504653e-11
354 2923 3 1.2344458788504653e-11
361 2487 3 1.2344458788504653e-11
365 1703 3 1.2344458788504653e-11
366 1670 3 1.2344458788504653e-11
371 3763 3 1.2344458788504653e-11
372 3023 3 1.2344458788504653e-11
372 3921 3 1.2344458788504653e-11
378 2531 3 1.2344458788504653e-11
383 835 3 1.2344458788504653e-11
390 2405 3 1.2344458788504653e-11
390 3553 3 1.2344458788504653e-11
390 5062 3 1.2344458788504653e-11
391 3141 3 1.2344458788504653e-11
394 2312 7 1.1102230246251565e-16
394 4676 11 1.1102230246251565e-16
401 3082 4 1.2212453270876722e-15
402 1329 3 1.2344458788504653e-11
402 3082 3 1.2344458788504653e-11
402 4672 3 1.2344458788504653e-11
402 4704 3 1.2344458788504653e-11
405 770 9 1.1102230246251565e-16
406 1174 3 1.2344458788504653e-11
406 2210 3 1.2344458788504653e-11
415 2800 3 1.2344458788504653e-11
421 3940 3 1.2344458788504653e-11
422 1630 3 1.2344458788504653e-11
422 1708 3 1.2344458788504653e-11
424 2239 3 1.2344458788504653e-11
425 1709 3 1.2344458788504653e-11
426 3544 3 1.2344458788504653e-11
426 3879 3 1.2344458788504653e-11
430 3082 3 1.2344458788504653e-11
438 4697 3 1.2344458788504653e-11
440 1148 3 1.2344458788504653e-11
440 3569 3 1.2344458788504653e-11
444 1363 3 1.2344458788504653e-11
445 3649 3 1.2344458788504653e-11
445 4727 5 1.1102230246251565e-16
446 3964 3 1.2344458788504653e-11
449 3288 3 1.2344458788504653e-11
452 3082 3 1.2344458788504653e-11
458 4656 3 1.2344458788504653e-11
461 1545 3 1.2344458788504653e-11
462 873 3 1.2344458788504653e-11
470 2404 3 1.2344458788504653e-11
470 3134 3 1.2344458788504653e-11
470 4947 3 1.2344458788504653e-11
471 3351 3 1.2344458788504653e-11
475 2594 3 1.2344458788504653e-11
480 1255 3 1.2344458788504653e-11
482 2826 3 1.2344458788504653e-11
484 1563 10 1.1102230246251565e-16
485 862 3 1.2344458788504653e-11
487 2791 3 1.2344458788504653e-11
488 2810 3 1.2344458788504653e-11
492 3423 3 1.2344458788504653e-11
492 4336 3 1.2344458788504653e-11
495 1542 3 1.2344458788504653e-11
497 3582 3 1.2344458788504653e-11
505 1823 3 1.2344458788504653e-11
505 3931 5 1.1102230246251565e-16
511 3916 3 1.2344458788504653e-11
516 4677 3 1.2344458788504653e-11
520 2712 3 1.2344458788504653e-11
534 1659 4 1.2212453270876722e-15
534 1666 3 1.2344458788504653e-11
534 4801 3 1.2344458788504653e-11
539 4547 3 1.2344458788504653e-11
542 4663 3 1.2344458788504653e-11
559 1750 3 1.2344458788504653e-11
570 1091 3 1.2344458788504653e-11
575 770 3 1.2344458788504653e-11
582 3401 3 1.2344458788504653e-11
585 820 3 1.2344458788504653e-11
592 2573 3 1.2344458788504653e-11
596 1728 3 1.2344458788504653e-11
598 3082 3 1.2344458788504653e-11
604 2808 3 1.2344458788504653e-11
605 2449 3 1.2344458788504653e-11
614 1772 3 1.2344458788504653e-11
617 4768 3 1.2344458788504653e-11
618 811 3 1.2344458788504653e-11
620 3732 3 1.2344458788504653e-11
622 920 7 1.1102230246251565e-16
624 4448 3 1.2344458788504653e-11
627 3412 3 1.2344458788504653e-11
627 4382 3 1.2344458788504653e-11
631 3151 3 1.2344458788504653e-11
642 1658 3 1.2344458788504653e-11
644 4441 3 1.2344458788504653e-11
645 4880 3 1.2344458788504653e-11
656 1042 3 1.2344458788504653e-11
656 3166 3 1.2344458788504653e-11
659 4065 3 1.2344458788504653e-11
668 2742 3 1.2344458788504653e-11
670 1182 3 1.2344458788504653e-11
671 3082 6 1.1102230246251565e-16
682 3793 3 1.2344458788504653e-11
695 5100 3 1.2344458788504653e-11
699 4490 3 1.2344458788504653e-11
704 4241 3 1.2344458788504653e-11
707 1620 4 1.2212453270876722e-15
718 1214 3 1.2344458788504653e-11
721 1247 4 1.2212453270876722e-15
731 1986 3 1.2344458788504653e-11
731 4322 3 1.2344458788504653e-11
732 2165 3 1.2344458788504653e-11
732 2363 3 1.2344458788504653e-11
733 2176 3 1.2344458788504653e-11
733 2468 3 1.2344458788504653e-11
734 1970 3 1.2344458788504653e-11
740 5092 3 1.2344458788504653e-11
743 2594 3 1.2344458788504653e-11
754 1426 3 1.2344458788504653e-11
754 3194 3 1.2344458788504653e-11
755 4354 3 1.2344458788504653e-11
758 775 21 1.1102230246251565e-16
758 1148 4 1.2212453270876722e-15
758 1660 3 1.2344458788504653e-11
758 1665 5 1.1102230246251565e-16
758 3183 5 1.1102230246251565e-16
758 3569 6 1.1102230246251565e-16
758 3764 3 1.2344458788504653e-11
758 4204 9 1.1102230246251565e-16
758 4419 3 1.2344458788504653e-11
758 4538 4 1.2212453270876722e-15
758 4656 8 1.1102230246251565e-16
758 4954 3 1.2344458788504653e-11
765 1085 12 1.1102230246251565e-16
765 2139 6 1.1102230246251565e-16
765 2573 9 1.1102230246251565e-16
765 3082 5 1.1102230246251565e-16
765 4268 5 1.1102230246251565e-16
765 4465 13 1.1102230246251565e-16
765 4505 4 1.2212453270876722e-15
765 4656 15 1.1102230246251565e-16
770 3293 3 1.2344458788504653e-11
770 4296 13 1.1102230246251565e-16
774 3048 3 1.2344458788504653e-11
775 1148 11 1.1102230246251565e-16
775 1660 4 1.2212453270876722e-15
775 3183 5 1.1102230246251565e-16
775 4204 3 1.2344458788504653e-11
775 4730 3 1.2344458788504653e-11
775 4923 4 1.2212453270876722e-15
779 2634 3 1.2344458788504653e-11
793 3082 3 1.2344458788504653e-11
799 1430 3 1.2344458788504653e-11
799 3283 3 1.2344458788504653e-11
801 3082 3 1.2344458788504653e-11
806 3103 3 1.2344458788504653e-11
820 4211 3 1.2344458788504653e-11
823 2375 3 1.2344458788504653e-11
824 3144 3 1.2344458788504653e-11
825 2282 3 1.2344458788504653e-11
830 1128 3 1.2344458788504653e-11
833 4557 3 1.2344458788504653e-11
836 2812 3 1.2344458788504653e-11
873 3267 3 1.2344458788504653e-11
874 3384 3 1.2344458788504653e-11
877 1585 3 1.2344458788504653e-11
878 4296 3 1.2344458788504653e-11
879 3279 3 1.2344458788504653e-11
880 4420 3 1.2344458788504653e-11
886 4100 3 1.2344458788504653e-11
896 2810 3 1.2344458788504653e-11
897 1320 4 1.2212453270876722e-15
899 1179 3 1.2344458788504653e-11
902 2051 3 1.2344458788504653e-11
904 4366 3 1.2344458788504653e-11
917 1158 3 1.2344458788504653e-11
917 3593 3 1.2344458788504653e-11
917 4447 3 1.2344458788504653e-11
922 1995 3 1.2344458788504653e-11
927 2206 3 1.2344458788504653e-11
932 2468 3 1.2344458788504653e-11
937 3647 3 1.2344458788504653e-11
939 4846 3 1.2344458788504653e-11
949 2176 3 1.2344458788504653e-11
950 4905 3 1.2344458788504653e-11
960 4548 3 1.2344458788504653e-11
963 1794 3 1.2344458788504653e-11
975 4699 3 1.2344458788504653e-11
976 1502 3 1.2344458788504653e-11
986 2117 3 1.2344458788504653e-11
986 2126 3 1.2344458788504653e-11
987 1131 3 1.2344458788504653e-11
988 3742 3 1.2344458788504653e-11
991 1564 3 1.2344458788504653e-11
993 4878 3 1.2344458788504653e-11
1003 4664 3 1.2344458788504653e-11
1016 2495 3 1.2344458788504653e-11
1019 5116 3 1.2344458788504653e-11
1028 3518 3 1.2344458788504653e-11
1033 4246 3 1.2344458788504653e-11
1034 2525 3 1.2344458788504653e-11
1035 1377 3 1.2344458788504653e-11
1036 4029 3 1.2344458788504653e-11
1040 2854 3 1.2344458788504653e-11
1049 5100 3 1.2344458788504653e-11
1052 4042 3 1.2344458788504653e-11
1059 4992 4 1.2212453270876722e-15
1060 4980 3 1.2344458788504653e-11
1063 4268 3 1.2344458788504653e-11
1063 4656 3 1.2344458788504653e-11
1067 3667 3 1.2344458788504653e-11
1085 1546 13 1.1102230246251565e-16
1085 1703 6 1.1102230246251565e-16
1085 2139 8 1.1102230246251565e-16
1085 2309 6 1.1102230246251565e-16
1085 2455 3 1.2344458788504653e-11
1085 3082 4 1.2212453270876722e-15
1085 3569 5 1.1102230246251565e-16
1085 4268 3 1.2344458788504653e-11
1085 4465 21 1.1102230246251565e-16
1085 4656 9 1.1102230246251565e-16
1086 4296 4 1.2212453270876722e-15
1087 4913 3 1.2344458788504653e-11
1088 3082 3 1.2344458788504653e-11
1092 1441 3 1.2344458788504653e-11
1097 1841 3 1.2344458788504653e-11
1098 4449 3 1.2344458788504653e-11
1103 2511 3 1.2344458788504653e-11
1106 3082 3 1.2344458788504653e-11
1107 4068 5 1.1102230246251565e-16
1126 4544 3 1.2344458788504653e-11
1129 1625 3 1.2344458788504653e-11
1131 4385 3 1.2344458788504653e-11
1135 5102 10 1.1102230246251565e-16
1136 4548 3 1.2344458788504653e-11
1148 3183 3 1.2344458788504653e-11
1150 4080 3 1.2344458788504653e-11
1153 1484 3 1.2344458788504653e-11
1167 3456 3 1.2344458788504653e-11
1172 5282 3 1.2344458788504653e-11
1173 5287 3 1.2344458788504653e-11
1174 5089 3 1.2344458788504653e-11
1177 3640 3 1.2344458788504653e-11
1184 2813 3 1.2344458788504653e-11
1195 2788 3 1.2344458788504653e-11
1195 3179 3 1.2344458788504653e-11
1197 2074 3 1.2344458788504653e-11
1197 5091 3 1.2344458788504653e-11
1207 2052 3 1.2344458788504653e-11
1209 4454 4 1.2212453270876722e-15
1210 4612 3 1.2344458788504653e-11
1212 3024 3 1.2344458788504653e-11
1219 1475 3 1.2344458788504653e-11
1225 1591 3 1.2344458788504653e-11
1231 2588 3 1.2344458788504653e-11
1234 2522 3 1.2344458788504653e-11
1243 3759 3 1.2344458788504653e-11
1246 2561 4 1.2212453270876722e-15
1253 3003 3 1.2344458788504653e-11
1258 1680 3 1.2344458788504653e-11
1286 3757 3 1.2344458788504653e-11
1286 4750 3 1.2344458788504653e-11
1293 3859 3 1.2344458788504653e-11
1305 5281 3 1.2344458788504653e-11
1327 1846 3 1.2344458788504653e-11
1342 4852 3 1.2344458788504653e-11
1344 3243 3 1.2344458788504653e-11
1345 2173 3 1.2344458788504653e-11
1348 4552 3 1.2344458788504653e-11
1352 3853 3 1.2344458788504653e-11
1356 2859 3 1.2344458788504653e-11
1368 3082 4 1.2212453270876722e-15
1368 4235 3 1.2344458788504653e-11
1372 1814 26 1.1102230246251565e-16
1372 1832 10 1.1102230246251565e-16
1372 3360 3 1.2344458788504653e-11
1372 4851 4 1.2212453270876722e-15
1377 4329 3 1.2344458788504653e-11
1385 3297 3 1.2344458788504653e-11
1390 5197 3 1.2344458788504653e-11
1397 3082 7 1.1102230246251565e-16
1398 3082 5 1.1102230246251565e-16
1398 4002 3 1.2344458788504653e-11
1400 3082 5 1.1102230246251565e-16
1409 2337 3 1.2344458788504653e-11
1418 3082 5 1.1102230246251565e-16
1420 2989 3 1.2344458788504653e-11
1435 5085 3 1.2344458788504653e-11
1437 2670 3 1.2344458788504653e-11
1437 4270 3 1.2344458788504653e-11
1447 5231 3 1.2344458788504653e-11
1454 2686 3 1.2344458788504653e-11
1456 2760 3 1.2344458788504653e-11
1456 2763 3 1.2344458788504653e-11
1457 3082 39 1.1102230246251565e-16
1457 3843 3 1.2344458788504653e-11
1457 4465 11 1.1102230246251565e-16
1461 3194 3 1.2344458788504653e-11
1473 3856 3 1.2344458788504653e-11
1482 3800 3 1.2344458788504653e-11
1490 1943 3 1.2344458788504653e-11
1492 3332 3 1.2344458788504653e-11
1498 4668 3 1.2344458788504653e-11
1502 4823 3 1.2344458788504653e-11
1506 2154 3 1.2344458788504653e-11
1507 4875 3 1.2344458788504653e-11
1515 4439 3 1.2344458788504653e-11
1515 5098 3 1.2344458788504653e-11
1519 1982 3 1.2344458788504653e-11
1524 3348 3 1.2344458788504653e-11
1532 4287 3 1.2344458788504653e-11
1537 2960 3 1.2344458788504653e-11
1537 3071 3 1.2344458788504653e-11
1538 3082 3 1.2344458788504653e-11
1545 4944 3 1.2344458788504653e-11
1546 2949 3 1.2344458788504653e-11
1549 3692 3 1.2344458788504653e-11
1550 3838 3 1.2344458788504653e-11
1550 4268 18 1.1102230246251565e-16
1551 2914 3 1.2344458788504653e-11
1568 2629 3 1.2344458788504653e-11
1573 2864 3 1.2344458788504653e-11
1573 3580 3 1.2344458788504653e-11
1584 3555 3 1.2344458788504653e-11
1591 3683 3 1.2344458788504653e-11
1603 3237 3 1.2344458788504653e-11
1610 4954 3 1.2344458788504653e-11
1611 3319 5 1.1102230246251565e-16
1611 4458 3 1.2344458788504653e-11
1611 4649 5 1.1102230246251565e-16
1611 4954 4 1.2212453270876722e-15
1613 2640 3 1.2344458788504653e-11
1613 5062 3 1.2344458788504653e-11
1617 4453 3 1.2344458788504653e-11
1618 3082 5 1.1102230246251565e-16
1619 1707 3 1.2344458788504653e-11
1619 4829 3 1.2344458788504653e-11
1622 2402 3 1.2344458788504653e-11
1625 2932 3 1.2344458788504653e-11
1628 3967 3 1.2344458788504653e-11
1630 4105 3 1.2344458788504653e-11
1637 2270 3 1.2344458788504653e-11
1637 2809 3 1.2344458788504653e-11
1638 3431 3 1.2344458788504653e-11
1641 2103 3 1.2344458788504653e-11
1644 3193 3 1.2344458788504653e-11
1660 4656 4 1.2212453270876722e-15
1661 2792 3 1.2344458788504653e-11
1663 2037 3 1.2344458788504653e-11
1672 3526 3 1.2344458788504653e-11
1678 2708 3 1.2344458788504653e-11
1678 4337 4 1.2212453270876722e-15
1679 3766 3 1.2344458788504653e-11
1681 4280 3 1.2344458788504653e-11
1685 2838 4 1.2212453270876722e-15
1685 4531 7 1.1102230246251565e-16
1685 4538 5 1.1102230246251565e-16
1703 2310 3 1.2344458788504653e-11
1703 3082 3 1.2344458788504653e-11
1703 4538 15 1.1102230246251565e-16
1703 4656 8 1.1102230246251565e-16
1704 2010 3 1.2344458788504653e-11
1707 3574 3 1.2344458788504653e-11
1708 3915 3 1.2344458788504653e-11
1710 2334 3 1.2344458788504653e-11
1715 2067 3 1.2344458788504653e-11
1737 4443 3 1.2344458788504653e-11
1749 3082 4 1.2212453270876722e-15
1756 3082 3 1.2344458788504653e-11
1785 3048 3 1.2344458788504653e-11
1788 4470 3 1.2344458788504653e-11
1790 3239 3 1.2344458788504653e-11
1790 3909 3 1.2344458788504653e-11
1794 3720 3 1.2344458788504653e-11
1798 4874 3 1.2344458788504653e-11
1802 3485 3 1.2344458788504653e-11
1802 4051 3 1.2344458788504653e-11
1803 3138 3 1.2344458788504653e-11
1803 3509 3 1.2344458788504653e-11
1806 2545 3 1.2344458788504653e-11
1829 2406 3 1.2344458788504653e-11
1849 3506 3 1.2344458788504653e-11
1866 4158 3 1.2344458788504653e-11
1870 2404 3 1.2344458788504653e-11
1877 2148 3 1.2344458788504653e-11
1882 2895 3 1.2344458788504653e-11
1883 4408 3 1.2344458788504653e-11
1885 4048 3 1.2344458788504653e-11
1891 4204 6 1.1102230246251565e-16
1893 5107 3 1.2344458788504653e-11
1894 2500 3 1.2344458788504653e-11
1894 2834 3 1.2344458788504653e-11
1894 3082 4 1.2212453270876722e-15
1895 4551 3 1.2344458788504653e-11
1898 4031 3 1.2344458788504653e-11
1907 2174 4 1.2212453270876722e-15
1907 2560 3 1.2344458788504653e-11
1908 2794 3 1.2344458788504653e-11
1913 5269 3 1.2344458788504653e-11
1915 3494 3 1.2344458788504653e-11
1931 4355 3 1.2344458788504653e-11
1933 4469 3 1.2344458788504653e-11
1946 3712 3 1.2344458788504653e-11
1951 3082 3 1.2344458788504653e-11
1951 4986 3 1.2344458788504653e-11
1954 4593 4 1.2212453270876722e-15
1955 3126 3 1.2344458788504653e-11
1955 3924 3 1.2344458788504653e-11
1967 2737 3 1.2344458788504653e-11
1969 4173 3 1.2344458788504653e-11
1972 3312 3 1.2344458788504653e-11
1973 2675 3 1.2344458788504653e-11
1974 3255 3 1.2344458788504653e-11
1979 3167 3 1.2344458788504653e-11
1979 4660 3 1.2344458788504653e-11
1985 3843 3 1.2344458788504653e-11
1993 2730 3 1.2344458788504653e-11
2003 3082 3 1.2344458788504653e-11
2003 3086 3 1.2344458788504653e-11
2004 3082 3 1.2344458788504653e-11
2006 3082 4 1.2212453270876722e-15
2011 5287 7 1.1102230246251565e-16
2032 3757 3 1.2344458788504653e-11
2047 4311 3 1.2344458788504653e-11
2055 4546 3 1.2344458788504653e-11
2091 2664 3 1.2344458788504653e-11
2098 4587 3 1.2344458788504653e-11
2105 4656 3 1.2344458788504653e-11
2112 2825 3 1.2344458788504653e-11
2114 3082 4 1.2212453270876722e-15
2134 3157 3 1.2344458788504653e-11
2135 3239 3 1.2344458788504653e-11
2139 4465 11 1.1102230246251565e-16
2161 2791 3 1.2344458788504653e-11
2161 4090 3 1.2344458788504653e-11
2170 4512 3 1.2344458788504653e-11
2172 3897 3 1.2344458788504653e-11
2176 3852 3 1.2344458788504653e-11
2179 3082 3 1.2344458788504653e-11
2180 2384 3 1.2344458788504653e-11
2191 4839 3 1.2344458788504653e-11
2202 2665 4 1.2212453270876722e-15
2204 3082 3 1.2344458788504653e-11
2204 3291 3 1.2344458788504653e-11
2206 3210 3 1.2344458788504653e-11
2206 3371 3 1.2344458788504653e-11
2206 3951 3 1.2344458788504653e-11
2207 3538 3 1.2344458788504653e-11
2209 4319 3 1.2344458788504653e-11
2210 4308 3 1.2344458788504653e-11
2211 4512 3 1.2344458788504653e-11
2213 2807 3 1.2344458788504653e-11
2218 5283 3 1.2344458788504653e-11
2229 4143 3 1.2344458788504653e-11
2233 5174 3 1.2344458788504653e-11
2236 4250 3 1.2344458788504653e-11
2236 4604 3 1.2344458788504653e-11
2238 4432 3 1.2344458788504653e-11
2251 2812 4 1.2212453270876722e-15
2252 3121 5 1.1102230246251565e-16
2263 4284 3 1.2344458788504653e-11
2266 4514 3 1.2344458788504653e-11
2269 4308 3 1.2344458788504653e-11
2282 4546 3 1.2344458788504653e-11
2288 4011 3 1.2344458788504653e-11
2292 3138 3 1.2344458788504653e-11
2295 4520 3 1.2344458788504653e-11
2296 2968 3 1.2344458788504653e-11
2299 2802 3 1.2344458788504653e-11
2299 4119 3 1.2344458788504653e-11
2299 4572 3 1.2344458788504653e-11
2300 3760 3 1.2344458788504653e-11
2301 3003 3 1.2344458788504653e-11
2309 3082 6 1.1102230246251565e-16
2310 3082 3 1.2344458788504653e-11
2310 4538 22 1.1102230246251565e-16
2311 3082 3 1.2344458788504653e-11
2311 4485 3 1.2344458788504653e-11
2312 4656 4 1.2212453270876722e-15
2312 4954 4 1.2212453270876722e-15
2313 3082 4 1.2212453270876722e-15
2318 3082 3 1.2344458788504653e-11
2320 2773 3 1.2344458788504653e-11
2322 4632 3 1.2344458788504653e-11
2326 3038 3 1.2344458788504653e-11
2330 4445 3 1.2344458788504653e-11
2340 3598 3 1.2344458788504653e-11
2351 4983 3 1.2344458788504653e-11
2358 4830 3 1.2344458788504653e-11
2363 2719 3 1.2344458788504653e-11
2369 3152 3 1.2344458788504653e-11
2370 3082 3 1.2344458788504653e-11
2374 2800 3 1.2344458788504653e-11
2384 3558 3 1.2344458788504653e-11
2386 2677 3 1.2344458788504653e-11
2386 4594 3 1.2344458788504653e-11
2389 2581 3 1.2344458788504653e-11
2389 3853 3 1.2344458788504653e-11
2401 3040 3 1.2344458788504653e-11
2401 3868 3 1.2344458788504653e-11
2414 2959 3 1.2344458788504653e-11
2414 3753 3 1.2344458788504653e-11
2430 4062 3 1.2344458788504653e-11
2457 5076 3 1.2344458788504653e-11
2461 4383 3 1.2344458788504653e-11
2467 4078 3 1.2344458788504653e-11
2477 5153 3 1.2344458788504653e-11
2484 3865 3 1.2344458788504653e-11
2495 4802 3 1.2344458788504653e-11
2502 3767 3 1.2344458788504653e-11
2507 4095 5 1.1102230246251565e-16
2509 3411 3 1.2344458788504653e-11
2512 4111 3 1.2344458788504653e-11
2513 5068 3 1.2344458788504653e-11
2519 3064 3 1.2344458788504653e-11
2524 2747 3 1.2344458788504653e-11
2525 4327 3 1.2344458788504653e-11
2527 4282 3 1.2344458788504653e-11
2532 3698 3 1.2344458788504653e-11
2532 4967 3 1.2344458788504653e-11
2539 3611 3 1.2344458788504653e-11
2542 3672 3 1.2344458788504653e-11
2544 3082 3 1.2344458788504653e-11
2546 2579 3 1.2344458788504653e-11
2547 3082 3 1.2344458788504653e-11
2552 2694 4 1.2212453270876722e-15
2560 2826 3 1.2344458788504653e-11
2563 4649 3 1.2344458788504653e-11
2563 4954 3 1.2344458788504653e-11
2564 3075 3 1.2344458788504653e-11
2564 4649 7 1.1102230246251565e-16
2565 3712 3 1.2344458788504653e-11
2565 4649 6 1.1102230246251565e-16
2566 4649 8 1.1102230246251565e-16
2573 3082 4 1.2212453270876722e-15
2573 3293 7 1.1102230246251565e-16
2573 3758 5 1.1102230246251565e-16
2573 3823 3 1.2344458788504653e-11
2573 4821 4 1.2212453270876722e-15
2573 5123 5 1.1102230246251565e-16
2574 3082 4 1.2212453270876722e-15
2577 3082 3 1.2344458788504653e-11
2584 3110 3 1.2344458788504653e-11
2586 3243 3 1.2344458788504653e-11
2589 3082 3 1.2344458788504653e-11
2589 4896 3 1.2344458788504653e-11
2594 2853 3 1.2344458788504653e-11
2599 2901 3 1.2344458788504653e-11
2610 3082 5 1.1102230246251565e-16
2619 4544 3 1.2344458788504653e-11
2621 3874 3 1.2344458788504653e-11
2622 5287 3 1.2344458788504653e-11
2630 4284 3 1.2344458788504653e-11
2634 3019 3 1.2344458788504653e-11
2634 3350 3 1.2344458788504653e-11
2635 4279 3 1.2344458788504653e-11
2637 3665 3 1.2344458788504653e-11
2656 4206 3 1.2344458788504653e-11
2664 3314 3 1.2344458788504653e-11
2676 4421 3 1.2344458788504653e-11
2682 3082 5 1.1102230246251565e-16
2682 4465 4 1.2212453270876722e-15
2686 3082 3 1.2344458788504653e-11
2688 3790 3 1.2344458788504653e-11
2691 4443 3 1.2344458788504653e-11
2695 4220 4 1.2212453270876722e-15
2697 3246 3 1.2344458788504653e-11
2704 4945 3 1.2344458788504653e-11
2706 3425 3 1.2344458788504653e-11
2708 3662 3 1.2344458788504653e-11
2722 3202 3 1.2344458788504653e-11
2742 4519 3 1.2344458788504653e-11
2756 5234 3 1.2344458788504653e-11
2762 4353 3 1.2344458788504653e-11
2763 4245 3 1.2344458788504653e-11
2787 3293 4 1.2212453270876722e-15
2787 3652 5 1.1102230246251565e-16
2787 3758 5 1.1102230246251565e-16
2787 4964 4 1.2212453270876722e-15
2787 5123 4 1.2212453270876722e-15
2789 2984 3 1.2344458788504653e-11
2790 3299 3 1.2344458788504653e-11
2793 5034 3 1.2344458788504653e-11
2800 3951 3 1.2344458788504653e-11
2800 4044 3 1.2344458788504653e-11
2803 3068 3 1.2344458788504653e-11
2803 4455 3 1.2344458788504653e-11
2808 3649 3 1.2344458788504653e-11
2809 4772 3 1.2344458788504653e-11
2810 4047 3 1.2344458788504653e-11
2814 5287 5 1.1102230246251565e-16
2832 3464 3 1.2344458788504653e-11
2842 3126 3 1.2344458788504653e-11
2844 4411 3 1.2344458788504653e-11
2850 4620 3 1.2344458788504653e-11
2853 3390 3 1.2344458788504653e-11
2859 3569 12 1.1102230246251565e-16
2859 4268 4 1.2212453270876722e-15
2869 3082 3 1.2344458788504653e-11
2895 3789 3 1.2344458788504653e-11
2900 3904 3 1.2344458788504653e-11
2900 4505 3 1.2344458788504653e-11
2901 4330 3 1.2344458788504653e-11
2902 3082 5 1.1102230246251565e-16
2905 4346 3 1.2344458788504653e-11
2927 4948 3 1.2344458788504653e-11
2927 5092 3 1.2344458788504653e-11
2928 3082 4 1.2212453270876722e-15
2935 3451 3 1.2344458788504653e-11
2943 4810 3 1.2344458788504653e-11
2944 3941 3 1.2344458788504653e-11
2959 4953 3 1.2344458788504653e-11
2963 3966 3 1.2344458788504653e-11
2974 3569 3 1.2344458788504653e-11
2976 4616 4 1.2212453270876722e-15
2977 3082 22 1.1102230246251565e-16
2978 3082 3 1.2344458788504653e-11
2986 3958 3 1.2344458788504653e-11
2999 4396 3 1.2344458788504653e-11
3002 4521 3 1.2344458788504653e-11
3003 3502 3 1.2344458788504653e-11
3016 5158 3 1.2344458788504653e-11
3020 3374 3 1.2344458788504653e-11
3026 4201 3 1.2344458788504653e-11
3030 3657 3 1.2344458788504653e-11
3033 4433 3 1.2344458788504653e-11
3036 3627 3 1.2344458788504653e-11
3041 3376 3 1.2344458788504653e-11
3041 4506 6 1.1102230246251565e-16
3051 3840 3 1.2344458788504653e-11
3054 3940 3 1.2344458788504653e-11
3056 3082 4 1.2212453270876722e-15
3057 5079 3 1.2344458788504653e-11
3068 3187 3 1.2344458788504653e-11
3071 4602 3 1.2344458788504653e-11
3075 4649 8 1.1102230246251565e-16
3075 4954 13 1.1102230246251565e-16
3082 3326 4 1.2212453270876722e-15
3082 3327 3 1.2344458788504653e-11
3082 3329 4 1.2212453270876722e-15
3082 3396 3 1.2344458788504653e-11
3082 3411 3 1.2344458788504653e-11
3082 3458 3 1.2344458788504653e-11
3082 3473 3 1.2344458788504653e-11
3082 3515 3 1.2344458788504653e-11
3082 3547 3 1.2344458788504653e-11
3082 3775 5 1.1102230246251565e-16
3082 3795 8 1.1102230246251565e-16
3082 3799 3 1.2344458788504653e-11
3082 3826 3 1.2344458788504653e-11
3082 3838 3 1.2344458788504653e-11
3082 3843 7 1.1102230246251565e-16
3082 3844 3 1.2344458788504653e-11
3082 3869 3 1.2344458788504653e-11
3082 3929 4 1.2212453270876722e-15
3082 4075 3 1.2344458788504653e-11
3082 4087 3 1.2344458788504653e-11
3082 4164 3 1.2344458788504653e-11
3082 4194 3 1.2344458788504653e-11
3082 4208 4 1.2212453270876722e-15
3082 4234 3 1.2344458788504653e-11
3082 4270 3 1.2344458788504653e-11
3082 4274 3 1.2344458788504653e-11
3082 4277 3 1.2344458788504653e-11
3082 4281 4 1.2212453270876722e-15
3082 4282 3 1.2344458788504653e-11
3082 4362 4 1.2212453270876722e-15
3082 4397 3 1.2344458788504653e-11
3082 4415 3 1.2344458788504653e-11
3082 4465 30 1.1102230246251565e-16
3082 4656 15 1.1102230246251565e-16
3082 4661 3 1.2344458788504653e-11
3082 4665 3 1.2344458788504653e-11
3082 4674 3 1.2344458788504653e-11
3082 4711 3 1.2344458788504653e-11
3082 4965 4 1.2212453270876722e-15
3082 4973 4 1.2212453270876722e-15
3082 4977 3 1.2344458788504653e-11
3082 4978 4 1.2212453270876722e-15
3082 5046 4 1.2212453270876722e-15
3082 5100 3 1.2344458788504653e-11
3082 5173 25 1.1102230246251565e-16
3082 5281 6 1.1102230246251565e-16
3098 3638 3 1.2344458788504653e-11
3101 3739 3 1.2344458788504653e-11
3113 5091 3 1.2344458788504653e-11
3116 4519 3 1.2344458788504653e-11
3123 4671 3 1.2344458788504653e-11
3123 4975 3 1.2344458788504653e-11
3137 3370 3 1.2344458788504653e-11
3138 3486 3 1.2344458788504653e-11
3138 4259 3 1.2344458788504653e-11
3138 4954 4 1.2212453270876722e-15
3147 5227 3 1.2344458788504653e-11
3181 4130 3 1.2344458788504653e-11
3181 4456 3 1.2344458788504653e-11
3183 3326 3 1.2344458788504653e-11
3183 4204 4 1.2212453270876722e-15
3183 4656 3 1.2344458788504653e-11
3183 4730 3 1.2344458788504653e-11
3183 4923 3 1.2344458788504653e-11
3187 4280 3 1.2344458788504653e-11
3194 4683 3 1.2344458788504653e-11
3209 4763 3 1.2344458788504653e-11
3228 3864 3 1.2344458788504653e-11
3230 3505 3 1.2344458788504653e-11
3240 3539 3 1.2344458788504653e-11
3240 4223 3 1.2344458788504653e-11
3260 4114 3 1.2344458788504653e-11
3271 4630 3 1.2344458788504653e-11
3287 4215 3 1.2344458788504653e-11
3287 4538 12 1.1102230246251565e-16
3290 3860 3 1.2344458788504653e-11
3290 5100 3 1.2344458788504653e-11
3293 3652 3 1.2344458788504653e-11
3293 3671 7 1.1102230246251565e-16
3293 3758 6 1.1102230246251565e-16
3293 4225 5 1.1102230246251565e-16
3293 4801 3 1.2344458788504653e-11
3293 4821 5 1.1102230246251565e-16
3293 5123 6 1.1102230246251565e-16
3318 3666 3 1.2344458788504653e-11
3319 4457 3 1.2344458788504653e-11
3319 4458 3 1.2344458788504653e-11
3319 4951 6 1.1102230246251565e-16
3319 4952 5 1.1102230246251565e-16
3319 4954 7 1.1102230246251565e-16
3331 3579 3 1.2344458788504653e-11
3337 4465 4 1.2212453270876722e-15
3340 4538 3 1.2344458788504653e-11
3346 4398 3 1.2344458788504653e-11
3374 4934 3 1.2344458788504653e-11
3393 4408 3 1.2344458788504653e-11
3408 3617 3 1.2344458788504653e-11
3431 4004 3 1.2344458788504653e-11
3456 4414 3 1.2344458788504653e-11
3465 3946 3 1.2344458788504653e-11
3469 4697 3 1.2344458788504653e-11
3473 4294 3 1.2344458788504653e-11
3476 3766 3 1.2344458788504653e-11
3487 4444 3 1.2344458788504653e-11
3495 3868 3 1.2344458788504653e-11
3511 4998 3 1.2344458788504653e-11
3512 4135 3 1.2344458788504653e-11
3515 4775 3 1.2344458788504653e-11
3520 3689 3 1.2344458788504653e-11
3538 5249 3 1.2344458788504653e-11
3558 4940 3 1.2344458788504653e-11
3569 4204 3 1.2344458788504653e-11
3569 4268 4 1.2212453270876722e-15
3569 4538 3 1.2344458788504653e-11
3569 4656 9 1.1102230246251565e-16
3569 4954 3 1.2344458788504653e-11
3571 4268 4 1.2212453270876722e-15
3578 4275 3 1.2344458788504653e-11
3623 4545 3 1.2344458788504653e-11
3652 4821 5 1.1102230246251565e-16
3652 5123 8 1.1102230246251565e-16
3654 4804 3 1.2344458788504653e-11
3654 5025 3 1.2344458788504653e-11
3655 4931 3 1.2344458788504653e-11
3674 3860 3 1.2344458788504653e-11
3712 4649 4 1.2212453270876722e-15
3720 4520 3 1.2344458788504653e-11
3730 4886 3 1.2344458788504653e-11
3731 5191 3 1.2344458788504653e-11
3753 3902 3 1.2344458788504653e-11
3758 4964 3 1.2344458788504653e-11
3758 5123 5 1.1102230246251565e-16
3761 4616 3 1.2344458788504653e-11
3764 4204 5 1.1102230246251565e-16
3764 4538 3 1.2344458788504653e-11
3764 4656 4 1.2212453270876722e-15
3774 4928 3 1.2344458788504653e-11
3780 4818 3 1.2344458788504653e-11
3803 5287 8 1.1102230246251565e-16
3831 5253 4 1.2212453270876722e-15
3843 4465 7 1.1102230246251565e-16
3853 4660 3 1.2344458788504653e-11
3854 4661 3 1.2344458788504653e-11
3866 4531 3 1.2344458788504653e-11
3873 4966 3 1.2344458788504653e-11
3877 5251 3 1.2344458788504653e-11
3908 5197 7 1.1102230246251565e-16
3919 4679 4 1.2212453270876722e-15
3929 4425 3 1.2344458788504653e-11
3936 4629 3 1.2344458788504653e-11
3957 4883 3 1.2344458788504653e-11
3978 4325 3 1.2344458788504653e-11
3996 4345 3 1.2344458788504653e-11
3998 4268 3 1.2344458788504653e-11
3998 5102 3 1.2344458788504653e-11
4004 4251 3 1.2344458788504653e-11
4004 4450 3 1.2344458788504653e-11
4013 4633 3 1.2344458788504653e-11
4070 4479 3 1.2344458788504653e-11
4097 4560 7 1.1102230246251565e-16
4097 5102 5 1.1102230246251565e-16
4101 4861 3 1.2344458788504653e-11
4141 5171 4 1.2212453270876722e-15
4144 4772 3 1.2344458788504653e-11
4156 5134 3 1.2344458788504653e-11
4165 4892 3 1.2344458788504653e-11
4204 4268 8 1.1102230246251565e-16
4204 4656 16 1.1102230246251565e-16
4206 4572 3 1.2344458788504653e-11
4207 4553 3 1.2344458788504653e-11
4213 4326 3 1.2344458788504653e-11
4214 5099 3 1.2344458788504653e-11
4268 4656 13 1.1102230246251565e-16
4268 4657 6 1.1102230246251565e-16
4268 4658 3 1.2344458788504653e-11
4268 4659 3 1.2344458788504653e-11
4268 4838 4 1.2212453270876722e-15
4268 4873 3 1.2344458788504653e-11
4268 4954 4 1.2212453270876722e-15
4283 4593 3 1.2344458788504653e-11
4307 4598 3 1.2344458788504653e-11
4354 5100 3 1.2344458788504653e-11
4433 4736 5 1.1102230246251565e-16
4456 5184 3 1.2344458788504653e-11
4458 4954 5 1.1102230246251565e-16
4465 4656 9 1.1102230246251565e-16
4480 4951 3 1.2344458788504653e-11
4499 4756 3 1.2344458788504653e-11
4526 4980 3 1.2344458788504653e-11
4538 4656 3 1.2344458788504653e-11
4538 4797 3 1.2344458788504653e-11
4538 4923 3 1.2344458788504653e-11
4553 4951 3 1.2344458788504653e-11
4560 5102 7 1.1102230246251565e-16
4568 4697 3 1.2344458788504653e-11
4605 4802 3 1.2344458788504653e-11
4607 4798 3 1.2344458788504653e-11
4648 4954 3 1.2344458788504653e-11
4649 4954 11 1.1102230246251565e-16
4656 4838 12 1.1102230246251565e-16
4656 4954 5 1.1102230246251565e-16
4686 5130 3 1.2344458788504653e-11
4688 4862 3 1.2344458788504653e-11
4730 4923 6 1.1102230246251565e-16
4831 4954 4 1.2212453270876722e-15
4852 5130 7 1.1102230246251565e-16
