bin1 bin2 count p_value
11 3112 3 2.5890009025530958e-09
23 985 3 2.5890009025530958e-09
24 981 3 2.5890009025530958e-09
46 487 3 2.5890009025530958e-09
55 487 4 1.4762635558440707e-12
105 3379 6 1.1102230246251565e-16
116 4757 4 1.4762635558440707e-12
126 443 3 2.5890009025530958e-09
127 2239 3 2.5890009025530958e-09
127 3622 4 1.4762635558440707e-12
145 636 4 1.4762635558440707e-12
159 1675 4 1.4762635558440707e-12
180 765 3 2.5890009025530958e-09
184 2952 3 2.5890009025530958e-09
190 709 3 2.5890009025530958e-09
208 4642 4 1.4762635558440707e-12
211 3279 6 1.1102230246251565e-16
211 3442 3 2.5890009025530958e-09
243 458 3 2.5890009025530958e-09
243 485 3 2.5890009025530958e-09
249 4158 3 2.5890009025530958e-09
254 433 4 1.4762635558440707e-12
298 2502 3 2.5890009025530958e-09
304 2502 3 2.5890009025530958e-09
313 1326 3 2.5890009025530958e-09
323 1316 7 1.1102230246251565e-16
366 717 3 2.5890009025530958e-09
387 1388 3 2.5890009025530958e-09
392 3887 5 6.661338147750939e-16
394 2312 4 1.4762635558440707e-12
394 4676 3 2.5890009025530958e-09
405 770 3 2.5890009025530958e-09
405 4296 3 2.5890009025530958e-09
407 4636 3 2.5890009025530958e-09
415 1486 5 6.661338147750939e-16
416 1269 3 2.5890009025530958e-09
426 1566 3 2.5890009025530958e-09
440 4923 4 1.4762635558440707e-12
457 4924 3 2.5890009025530958e-09
482 4052 3 2.5890009025530958e-09
484 2477 4 1.4762635558440707e-12
489 2420 7 1.1102230246251565e-16
495 1882 3 2.5890009025530958e-09
496 3044 4 1.4762635558440707e-12
515 3114 3 2.5890009025530958e-09
517 3104 4 1.4762635558440707e-12
534 1024 3 2.5890009025530958e-09
553 3772 3 2.5890009025530958e-09
570 1813 3 2.5890009025530958e-09
588 1744 3 2.5890009025530958e-09
622 920 4 1.4762635558440707e-12
647 4625 3 2.5890009025530958e-09
657 4048 3 2.5890009025530958e-09
659 4950 4 1.4762635558440707e-12
673 3961 6 1.1102230246251565e-16
674 3962 4 1.4762635558440707e-12
683 1376 3 2.5890009025530958e-09
683 1382 3 2.5890009025530958e-09
699 1380 5 6.661338147750939e-16
712 3962 3 2.5890009025530958e-09
713 3961 3 2.5890009025530958e-09
722 1530 6 1.1102230246251565e-16
731 1525 3 2.5890009025530958e-09
741 2684 4 1.4762635558440707e-12
741 3328 3 2.5890009025530958e-09
758 775 9 1.1102230246251565e-16
758 1665 3 2.5890009025530958e-09
758 4538 6 1.1102230246251565e-16
758 4656 4 1.4762635558440707e-12
758 4730 3 2.5890009025530958e-09
765 1085 3 2.5890009025530958e-09
765 2573 3 2.5890009025530958e-09
765 4465 6 1.1102230246251565e-16
765 4656 7 1.1102230246251565e-16
769 2172 4 1.4762635558440707e-12
769 3946 7 1.1102230246251565e-16
770 4296 4 1.4762635558440707e-12
775 3293 3 2.5890009025530958e-09
780 5121 3 2.5890009025530958e-09
790 4432 3 2.5890009025530958e-09
806 4403 4 1.4762635558440707e-12
810 3073 5 6.661338147750939e-16
819 1354 3 2.5890009025530958e-09
828 3380 7 1.1102230246251565e-16
830 1845 3 2.5890009025530958e-09
830 2251 3 2.5890009025530958e-09
834 3226 4 1.4762635558440707e-12
850 4236 4 1.4762635558440707e-12
855 2550 3 2.5890009025530958e-09
895 4753 3 2.5890009025530958e-09
897 2177 5 6.661338147750939e-16
913 4248 3 2.5890009025530958e-09
961 1924 3 2.5890009025530958e-09
996 2220 4 1.4762635558440707e-12
1052 4187 7 1.1102230246251565e-16
1055 2902 3 2.5890009025530958e-09
1078 1717 3 2.5890009025530958e-09
1085 4465 6 1.1102230246251565e-16
1085 4656 6 1.1102230246251565e-16
1117 1627 3 2.5890009025530958e-09
1119 2623 3 2.5890009025530958e-09
1120 2622 4 1.4762635558440707e-12
1138 3439 3 2.5890009025530958e-09
1139 3439 5 6.661338147750939e-16
1165 4474 9 1.1102230246251565e-16
1194 4857 3 2.5890009025530958e-09
1195 4857 7 1.1102230246251565e-16
1240 4702 3 2.5890009025530958e-09
1245 1960 3 2.5890009025530958e-09
1274 2600 3 2.5890009025530958e-09
1282 2690 3 2.5890009025530958e-09
1282 2696 6 1.1102230246251565e-16
1287 4884 4 1.4762635558440707e-12
1288 2384 3 2.5890009025530958e-09
1293 4471 3 2.5890009025530958e-09
1294 4478 3 2.5890009025530958e-09
1296 4545 3 2.5890009025530958e-09
1301 4473 3 2.5890009025530958e-09
1307 3938 4 1.4762635558440707e-12
1327 1965 3 2.5890009025530958e-09
1356 4516 3 2.5890009025530958e-09
1372 1814 13 1.1102230246251565e-16
1372 1832 4 1.4762635558440707e-12
1373 3149 3 2.5890009025530958e-09
1376 2676 3 2.5890009025530958e-09
1397 3082 6 1.1102230246251565e-16
1417 1845 3 2.5890009025530958e-09
1425 3088 3 2.5890009025530958e-09
1457 3082 18 1.1102230246251565e-16
1457 4465 5 6.661338147750939e-16
1473 4992 3 2.5890009025530958e-09
1479 3846 3 2.5890009025530958e-09
1479 4536 3 2.5890009025530958e-09
1484 2723 3 2.5890009025530958e-09
1486 3218 3 2.5890009025530958e-09
1526 4736 3 2.5890009025530958e-09
1546 4948 5 6.661338147750939e-16
1550 4268 8 1.1102230246251565e-16
1552 2750 3 2.5890009025530958e-09
1563 2701 3 2.5890009025530958e-09
1614 3505 3 2.5890009025530958e-09
1618 3082 3 2.5890009025530958e-09
1632 1811 4 1.4762635558440707e-12
1649 4913 4 1.4762635558440707e-12
1661 2364 3 2.5890009025530958e-09
1685 4538 4 1.4762635558440707e-12
1692 3226 4 1.4762635558440707e-12
1703 4538 3 2.5890009025530958e-09
1705 4275 3 2.5890009025530958e-09
1744 3688 3 2.5890009025530958e-09
1752 3671 6 1.1102230246251565e-16
1773 2826 3 2.5890009025530958e-09
1783 2727 3 2.5890009025530958e-09
1811 2448 4 1.4762635558440707e-12
1811 3639 3 2.5890009025530958e-09
1811 4944 3 2.5890009025530958e-09
1814 2070 4 1.4762635558440707e-12
1843 3084 3 2.5890009025530958e-09
1862 2951 3 2.5890009025530958e-09
1866 4641 3 2.5890009025530958e-09
1887 3082 4 1.4762635558440707e-12
1887 3279 5 6.661338147750939e-16
1914 3725 3 2.5890009025530958e-09
1922 3725 3 2.5890009025530958e-09
1940 3239 3 2.5890009025530958e-09
1948 4253 3 2.5890009025530958e-09
2030 3198 3 2.5890009025530958e-09
2094 4704 3 2.5890009025530958e-09
2137 3288 3 2.5890009025530958e-09
2139 4465 4 1.4762635558440707e-12
2180 2610 3 2.5890009025530958e-09
2186 4194 3 2.5890009025530958e-09
2191 3578 3 2.5890009025530958e-09
2207 4633 3 2.5890009025530958e-09
2209 4119 3 2.5890009025530958e-09
2229 3455 3 2.5890009025530958e-09
2229 3527 4 1.4762635558440707e-12
2232 4680 3 2.5890009025530958e-09
2233 5041 3 2.5890009025530958e-09
2239 3342 5 6.661338147750939e-16
2239 3622 5 6.661338147750939e-16
2257 2670 7 1.1102230246251565e-16
2310 4538 4 1.4762635558440707e-12
2321 3212 3 2.5890009025530958e-09
2337 4777 8 1.1102230246251565e-16
2386 2859 3 2.5890009025530958e-09
2390 4374 4 1.4762635558440707e-12
2446 4131 3 2.5890009025530958e-09
2448 3639 4 1.4762635558440707e-12
2448 4944 3 2.5890009025530958e-09
2472 3826 3 2.5890009025530958e-09
2506 2835 4 1.4762635558440707e-12
2522 3547 3 2.5890009025530958e-09
2562 4615 3 2.5890009025530958e-09
2566 4649 4 1.4762635558440707e-12
2607 4473 4 1.4762635558440707e-12
2621 3539 3 2.5890009025530958e-09
2689 4326 4 1.4762635558440707e-12
2718 3664 4 1.4762635558440707e-12
2729 4605 3 2.5890009025530958e-09
2732 3017 3 2.5890009025530958e-09
2755 3104 3 2.5890009025530958e-09
2756 3104 3 2.5890009025530958e-09
2779 3212 3 2.5890009025530958e-09
2784 4363 4 1.4762635558440707e-12
2784 4376 3 2.5890009025530958e-09
2859 3569 4 1.4762635558440707e-12
2873 4932 3 2.5890009025530958e-09
2896 4179 4 1.4762635558440707e-12
2968 3762 4 1.4762635558440707e-12
2971 4811 4 1.4762635558440707e-12
2977 3082 10 1.1102230246251565e-16
2985 4442 3 2.5890009025530958e-09
3033 4342 3 2.5890009025530958e-09
3034 3082 4 1.4762635558440707e-12
3034 4757 3 2.5890009025530958e-09
3040 4526 5 6.661338147750939e-16
3040 4573 6 1.1102230246251565e-16
3044 3848 3 2.5890009025530958e-09
3054 3286 3 2.5890009025530958e-09
3064 3451 6 1.1102230246251565e-16
3074 4339 3 2.5890009025530958e-09
3082 4194 3 2.5890009025530958e-09
3082 4415 3 2.5890009025530958e-09
3082 4465 11 1.1102230246251565e-16
3082 4656 7 1.1102230246251565e-16
3082 5173 13 1.1102230246251565e-16
3084 4901 3 2.5890009025530958e-09
3129 3517 3 2.5890009025530958e-09
3165 3774 3 2.5890009025530958e-09
3170 4126 3 2.5890009025530958e-09
3183 4204 5 6.661338147750939e-16
3220 4160 3 2.5890009025530958e-09
3226 3394 3 2.5890009025530958e-09
3237 3517 6 1.1102230246251565e-16
3244 4073 3 2.5890009025530958e-09
3278 4801 3 2.5890009025530958e-09
3287 4538 3 2.5890009025530958e-09
3293 3671 4 1.4762635558440707e-12
3293 3758 4 1.4762635558440707e-12
3316 3453 3 2.5890009025530958e-09
3387 4274 3 2.5890009025530958e-09
3396 4116 3 2.5890009025530958e-09
3397 4295 5 6.661338147750939e-16
3457 3978 3 2.5890009025530958e-09
3558 4341 3 2.5890009025530958e-09
3569 4268 3 2.5890009025530958e-09
3613 4217 3 2.5890009025530958e-09
3639 4187 3 2.5890009025530958e-09
3650 4065 4 1.4762635558440707e-12
3719 3992 4 1.4762635558440707e-12
3909 4162 4 1.4762635558440707e-12
3954 4255 3 2.5890009025530958e-09
3994 4679 3 2.5890009025530958e-09
4003 4144 4 1.4762635558440707e-12
4003 4145 4 1.4762635558440707e-12
4032 4113 5 6.661338147750939e-16
4180 4991 4 1.4762635558440707e-12
4183 4614 4 1.4762635558440707e-12
4204 4268 5 6.661338147750939e-16
4204 4656 13 1.1102230246251565e-16
4268 4656 5 6.661338147750939e-16
4288 4519 3 2.5890009025530958e-09
4316 4829 4 1.4762635558440707e-12
4345 4558 3 2.5890009025530958e-09
4373 5026 3 2.5890009025530958e-09
4534 4857 6 1.1102230246251565e-16
4544 4883 4 1.4762635558440707e-12
4557 4952 3 2.5890009025530958e-09
4649 4954 3 2.5890009025530958e-09
4730 4923 4 1.4762635558440707e-12
4749 4930 3 2.5890009025530958e-09
4781 5183 3 2.5890009025530958e-09
4824 4848 3 2.5890009025530958e-09
