bin1 bin2 count p_value
6 3083 14 3.5852837478614764e-21
6 4510 7 3.5318927104577404e-09
7 3083 20 9.280646827918797e-33
8 3083 16 6.321574856705719e-25
9 3083 32 2.8707700512753106e-58
10 3083 32 2.8707700512753106e-58
10 5001 18 8.604558895886735e-29
10 5002 21 8.89253864173825e-35
11 3083 21 8.89253864173825e-35
12 3083 24 5.820286660382112e-41
13 2882 8 9.33627694550081e-11
13 3083 21 8.89253864173825e-35
14 3083 29 1.1892923774047278e-51
15 3083 9 2.186506977970686e-12
16 3083 11 8.737557984538537e-16
17 3083 15 4.9265453817248504e-23
18 3083 12 1.518183394596934e-17
19 3083 17 7.604255143108965e-27
19 3235 10 4.592544479167147e-14
20 3083 9 2.186506977970686e-12
21 3083 17 7.604255143108965e-27
22 3083 16 6.321574856705719e-25
23 3083 9 2.186506977970686e-12
24 3083 10 4.592544479167147e-14
25 3083 20 9.280646827918797e-33
26 3083 10 4.592544479167147e-14
27 3083 14 3.5852837478614764e-21
28 3083 16 6.321574856705719e-25
29 3083 12 1.518183394596934e-17
30 3083 7 3.5318927104577404e-09
31 3083 13 2.425778595836361e-19
32 3083 11 8.737557984538537e-16
33 1712 12 1.518183394596934e-17
33 1713 13 2.425778595836361e-19
33 3083 14 3.5852837478614764e-21
34 3083 17 7.604255143108965e-27
35 2951 7 3.5318927104577404e-09
35 3083 9 2.186506977970686e-12
36 3083 13 2.425778595836361e-19
37 3083 11 8.737557984538537e-16
37 3673 7 3.5318927104577404e-09
38 3083 13 2.425778595836361e-19
40 3083 7 3.5318927104577404e-09
41 3083 10 4.592544479167147e-14
42 2823 7 3.5318927104577404e-09
42 3083 13 2.425778595836361e-19
44 2376 13 2.425778595836361e-19
46 3083 9 2.186506977970686e-12
48 3083 13 2.425778595836361e-19
49 3074 7 3.5318927104577404e-09
51 3083 7 3.5318927104577404e-09
53 3083 7 3.5318927104577404e-09
54 3083 8 9.33627694550081e-11
55 3083 8 9.33627694550081e-11
57 3083 11 8.737557984538537e-16
58 3083 7 3.5318927104577404e-09
62 3083 7 3.5318927104577404e-09
66 3083 8 9.33627694550081e-11
67 3125 9 2.186506977970686e-12
68 3083 8 9.33627694550081e-11
73 1459 7 3.5318927104577404e-09
76 3083 7 3.5318927104577404e-09
76 4521 7 3.5318927104577404e-09
80 3083 8 9.33627694550081e-11
86 3083 9 2.186506977970686e-12
88 3083 10 4.592544479167147e-14
97 3139 9 2.186506977970686e-12
98 3083 7 3.5318927104577404e-09
99 911 7 3.5318927104577404e-09
103 3083 8 9.33627694550081e-11
105 3083 7 3.5318927104577404e-09
108 1906 7 3.5318927104577404e-09
110 3083 7 3.5318927104577404e-09
111 4920 43 1.2316370704418114e-83
116 1651 7 3.5318927104577404e-09
116 3083 7 3.5318927104577404e-09
117 931 9 2.186506977970686e-12
117 3083 8 9.33627694550081e-11
117 4188 7 3.5318927104577404e-09
119 1864 7 3.5318927104577404e-09
121 1208 8 9.33627694550081e-11
122 3083 9 2.186506977970686e-12
124 4930 8 9.33627694550081e-11
129 724 7 3.5318927104577404e-09
130 2546 17 7.604255143108965e-27
130 3834 7 3.5318927104577404e-09
133 2703 7 3.5318927104577404e-09
133 2704 16 6.321574856705719e-25
135 4653 7 3.5318927104577404e-09
141 1570 7 3.5318927104577404e-09
149 3879 7 3.5318927104577404e-09
149 4522 7 3.5318927104577404e-09
160 4663 12 1.518183394596934e-17
168 585 11 8.737557984538537e-16
168 586 10 4.592544479167147e-14
169 4874 10 4.592544479167147e-14
179 871 17 7.604255143108965e-27
180 401 17 7.604255143108965e-27
180 402 10 4.592544479167147e-14
180 403 7 3.5318927104577404e-09
180 1085 7 3.5318927104577404e-09
180 1086 15 4.9265453817248504e-23
180 1087 10 4.592544479167147e-14
180 1088 12 1.518183394596934e-17
180 3083 57 5.322510386598859e-118
186 1127 13 2.425778595836361e-19
196 2255 9 2.186506977970686e-12
198 2753 7 3.5318927104577404e-09
210 704 7 3.5318927104577404e-09
221 2137 8 9.33627694550081e-11
222 1929 30 7.682088883933538e-54
223 1929 10 4.592544479167147e-14
234 4292 17 7.604255143108965e-27
256 1747 7 3.5318927104577404e-09
270 1376 8 9.33627694550081e-11
271 729 7 3.5318927104577404e-09
271 1338 7 3.5318927104577404e-09
271 3069 20 9.280646827918797e-33
271 3249 7 3.5318927104577404e-09
273 2397 30 7.682088883933538e-54
274 2052 7 3.5318927104577404e-09
274 2053 8 9.33627694550081e-11
274 2397 17 7.604255143108965e-27
276 1946 7 3.5318927104577404e-09
277 661 10 4.592544479167147e-14
277 1946 7 3.5318927104577404e-09
277 3562 16 6.321574856705719e-25
278 3562 11 8.737557984538537e-16
287 2829 9 2.186506977970686e-12
291 659 7 3.5318927104577404e-09
295 912 10 4.592544479167147e-14
299 1159 9 2.186506977970686e-12
304 3912 24 5.820286660382112e-41
309 2611 21 8.89253864173825e-35
310 3071 7 3.5318927104577404e-09
311 534 7 3.5318927104577404e-09
311 4518 12 1.518183394596934e-17
318 3218 20 9.280646827918797e-33
319 1973 12 1.518183394596934e-17
326 1420 7 3.5318927104577404e-09
327 2176 8 9.33627694550081e-11
328 3139 15 4.9265453817248504e-23
337 1126 7 3.5318927104577404e-09
344 4114 8 9.33627694550081e-11
347 3069 15 4.9265453817248504e-23
348 4340 11 8.737557984538537e-16
349 994 7 3.5318927104577404e-09
359 2377 15 4.9265453817248504e-23
365 725 7 3.5318927104577404e-09
366 1064 15 4.9265453817248504e-23
366 3315 7 3.5318927104577404e-09
381 3901 10 4.592544479167147e-14
401 3083 27 2.5390484163172096e-47
402 3083 36 2.6489961518393882e-67
402 4614 13 2.425778595836361e-19
403 3083 23 7.028431733864822e-39
404 3083 22 8.100086583877444e-37
405 1102 7 3.5318927104577404e-09
405 3083 21 8.89253864173825e-35
406 1102 7 3.5318927104577404e-09
406 3083 21 8.89253864173825e-35
406 4475 7 3.5318927104577404e-09
407 2495 7 3.5318927104577404e-09
407 2496 23 7.028431733864822e-39
407 3083 13 2.425778595836361e-19
408 3083 20 9.280646827918797e-33
409 3083 16 6.321574856705719e-25
410 3083 10 4.592544479167147e-14
411 3083 11 8.737557984538537e-16
412 3083 10 4.592544479167147e-14
413 3083 10 4.592544479167147e-14
414 3083 14 3.5852837478614764e-21
415 3083 19 9.186949798971584e-31
416 3083 19 9.186949798971584e-31
416 4470 7 3.5318927104577404e-09
417 3083 17 7.604255143108965e-27
417 3642 14 3.5852837478614764e-21
418 3083 22 8.100086583877444e-37
419 3083 12 1.518183394596934e-17
419 3585 9 2.186506977970686e-12
420 3083 14 3.5852837478614764e-21
421 3083 14 3.5852837478614764e-21
422 3083 19 9.186949798971584e-31
423 2608 13 2.425778595836361e-19
423 3083 10 4.592544479167147e-14
424 3083 14 3.5852837478614764e-21
424 3755 7 3.5318927104577404e-09
425 3083 15 4.9265453817248504e-23
426 3083 13 2.425778595836361e-19
427 3083 8 9.33627694550081e-11
428 3083 12 1.518183394596934e-17
430 3055 10 4.592544479167147e-14
430 3083 14 3.5852837478614764e-21
431 3083 18 8.604558895886735e-29
432 3083 15 4.9265453817248504e-23
433 3083 24 5.820286660382112e-41
434 3083 11 8.737557984538537e-16
435 3083 12 1.518183394596934e-17
436 3083 14 3.5852837478614764e-21
437 3083 12 1.518183394596934e-17
439 3083 7 3.5318927104577404e-09
440 3083 9 2.186506977970686e-12
441 3083 19 9.186949798971584e-31
442 3083 7 3.5318927104577404e-09
443 2668 7 3.5318927104577404e-09
443 3083 10 4.592544479167147e-14
444 3083 10 4.592544479167147e-14
445 3083 14 3.5852837478614764e-21
448 1169 9 2.186506977970686e-12
448 2656 8 9.33627694550081e-11
448 3083 8 9.33627694550081e-11
448 4516 7 3.5318927104577404e-09
449 1169 7 3.5318927104577404e-09
450 4515 8 9.33627694550081e-11
452 4513 8 9.33627694550081e-11
452 4514 7 3.5318927104577404e-09
453 2523 7 3.5318927104577404e-09
453 2696 7 3.5318927104577404e-09
453 4515 7 3.5318927104577404e-09
455 4846 7 3.5318927104577404e-09
456 2555 8 9.33627694550081e-11
456 2691 9 2.186506977970686e-12
456 4518 7 3.5318927104577404e-09
456 4555 8 9.33627694550081e-11
457 2938 7 3.5318927104577404e-09
457 3083 7 3.5318927104577404e-09
457 4516 8 9.33627694550081e-11
457 4519 8 9.33627694550081e-11
458 4519 8 9.33627694550081e-11
459 1942 8 9.33627694550081e-11
459 4515 9 2.186506977970686e-12
459 4516 7 3.5318927104577404e-09
459 4518 7 3.5318927104577404e-09
463 1880 8 9.33627694550081e-11
465 3083 7 3.5318927104577404e-09
466 3083 9 2.186506977970686e-12
469 3083 7 3.5318927104577404e-09
473 3083 9 2.186506977970686e-12
483 1887 21 8.89253864173825e-35
487 4019 22 8.100086583877444e-37
489 1849 7 3.5318927104577404e-09
493 2860 13 2.425778595836361e-19
493 3083 7 3.5318927104577404e-09
499 3741 8 9.33627694550081e-11
508 2717 34 9.322256681180097e-63
509 2717 21 8.89253864173825e-35
509 3799 10 4.592544479167147e-14
516 2438 11 8.737557984538537e-16
521 1121 9 2.186506977970686e-12
527 3083 7 3.5318927104577404e-09
532 3050 8 9.33627694550081e-11
532 4531 7 3.5318927104577404e-09
534 1665 8 9.33627694550081e-11
534 1666 34 9.322256681180097e-63
534 1667 31 4.781543216447434e-56
534 3378 7 3.5318927104577404e-09
539 3270 7 3.5318927104577404e-09
540 3083 7 3.5318927104577404e-09
542 1289 8 9.33627694550081e-11
542 1290 7 3.5318927104577404e-09
542 1291 31 4.781543216447434e-56
549 4173 9 2.186506977970686e-12
562 2159 7 3.5318927104577404e-09
562 2602 7 3.5318927104577404e-09
564 2128 11 8.737557984538537e-16
576 3291 7 3.5318927104577404e-09
578 3839 11 8.737557984538537e-16
592 3083 8 9.33627694550081e-11
593 5146 10 4.592544479167147e-14
594 2963 23 7.028431733864822e-39
594 5146 10 4.592544479167147e-14
603 2845 13 2.425778595836361e-19
620 2142 19 9.186949798971584e-31
621 4079 10 4.592544479167147e-14
622 920 15 4.9265453817248504e-23
623 920 9 2.186506977970686e-12
624 5168 9 2.186506977970686e-12
629 2271 7 3.5318927104577404e-09
632 4848 21 8.89253864173825e-35
636 1014 7 3.5318927104577404e-09
637 3769 12 1.518183394596934e-17
639 2326 22 8.100086583877444e-37
639 3309 16 6.321574856705719e-25
651 1269 33 1.6641250522194448e-60
654 2645 16 6.321574856705719e-25
657 4001 29 1.1892923774047278e-51
658 4001 17 7.604255143108965e-27
667 1478 20 9.280646827918797e-33
674 4013 16 6.321574856705719e-25
674 4014 7 3.5318927104577404e-09
683 957 21 8.89253864173825e-35
687 4639 12 1.518183394596934e-17
692 2526 8 9.33627694550081e-11
692 3480 7 3.5318927104577404e-09
696 1204 10 4.592544479167147e-14
700 4260 8 9.33627694550081e-11
702 2664 7 3.5318927104577404e-09
702 3910 12 1.518183394596934e-17
703 3910 27 2.5390484163172096e-47
704 1282 7 3.5318927104577404e-09
704 3548 7 3.5318927104577404e-09
704 3910 8 9.33627694550081e-11
705 2560 9 2.186506977970686e-12
705 2561 28 1.772237240728879e-49
705 2562 9 2.186506977970686e-12
707 3312 8 9.33627694550081e-11
708 1690 7 3.5318927104577404e-09
709 1690 7 3.5318927104577404e-09
709 3312 7 3.5318927104577404e-09
710 2992 19 9.186949798971584e-31
712 5117 7 3.5318927104577404e-09
716 4985 10 4.592544479167147e-14
719 3027 9 2.186506977970686e-12
720 1203 20 9.280646827918797e-33
724 3317 7 3.5318927104577404e-09
724 3318 7 3.5318927104577404e-09
725 3309 7 3.5318927104577404e-09
726 3313 7 3.5318927104577404e-09
727 3309 7 3.5318927104577404e-09
727 3310 7 3.5318927104577404e-09
727 3311 8 9.33627694550081e-11
727 3313 7 3.5318927104577404e-09
728 935 7 3.5318927104577404e-09
729 1375 8 9.33627694550081e-11
729 1642 7 3.5318927104577404e-09
729 2555 7 3.5318927104577404e-09
730 1820 13 2.425778595836361e-19
731 3280 7 3.5318927104577404e-09
731 3311 8 9.33627694550081e-11
731 3312 9 2.186506977970686e-12
731 3315 8 9.33627694550081e-11
731 3316 8 9.33627694550081e-11
732 3290 7 3.5318927104577404e-09
740 3311 7 3.5318927104577404e-09
741 2938 7 3.5318927104577404e-09
742 3466 7 3.5318927104577404e-09
754 3319 8 9.33627694550081e-11
754 4374 7 3.5318927104577404e-09
755 1343 7 3.5318927104577404e-09
756 1375 7 3.5318927104577404e-09
756 1387 7 3.5318927104577404e-09
756 3319 12 1.518183394596934e-17
757 1373 7 3.5318927104577404e-09
757 1389 7 3.5318927104577404e-09
757 1390 7 3.5318927104577404e-09
757 3318 8 9.33627694550081e-11
757 3319 12 1.518183394596934e-17
757 3320 8 9.33627694550081e-11
758 775 13 2.425778595836361e-19
758 1390 8 9.33627694550081e-11
758 1436 10 4.592544479167147e-14
758 1695 10 4.592544479167147e-14
758 1995 8 9.33627694550081e-11
758 2301 7 3.5318927104577404e-09
758 3319 10 4.592544479167147e-14
758 3320 18 8.604558895886735e-29
758 4543 26 3.4929345537392535e-45
765 3083 10 4.592544479167147e-14
766 3083 15 4.9265453817248504e-23
767 3083 15 4.9265453817248504e-23
768 3083 16 6.321574856705719e-25
769 3083 12 1.518183394596934e-17
770 3083 10 4.592544479167147e-14
771 3083 14 3.5852837478614764e-21
771 3953 8 9.33627694550081e-11
771 4543 8 9.33627694550081e-11
772 3083 8 9.33627694550081e-11
773 3083 10 4.592544479167147e-14
774 3083 14 3.5852837478614764e-21
775 3083 16 6.321574856705719e-25
775 4543 9 2.186506977970686e-12
776 3083 16 6.321574856705719e-25
777 3083 19 9.186949798971584e-31
778 3083 13 2.425778595836361e-19
779 3083 15 4.9265453817248504e-23
780 3083 8 9.33627694550081e-11
781 3083 12 1.518183394596934e-17
782 3083 9 2.186506977970686e-12
785 3083 7 3.5318927104577404e-09
785 3747 8 9.33627694550081e-11
787 2958 7 3.5318927104577404e-09
788 3083 9 2.186506977970686e-12
789 3083 10 4.592544479167147e-14
790 4436 10 4.592544479167147e-14
791 3083 8 9.33627694550081e-11
792 3083 11 8.737557984538537e-16
793 3083 8 9.33627694550081e-11
794 3083 9 2.186506977970686e-12
795 3083 7 3.5318927104577404e-09
796 3083 7 3.5318927104577404e-09
797 1389 24 5.820286660382112e-41
797 3083 12 1.518183394596934e-17
799 3083 7 3.5318927104577404e-09
800 3083 9 2.186506977970686e-12
803 3083 10 4.592544479167147e-14
806 3083 7 3.5318927104577404e-09
807 5099 25 4.60779254676325e-43
808 3083 8 9.33627694550081e-11
809 3083 7 3.5318927104577404e-09
811 3083 10 4.592544479167147e-14
813 3083 14 3.5852837478614764e-21
814 3083 9 2.186506977970686e-12
815 3083 15 4.9265453817248504e-23
815 3923 10 4.592544479167147e-14
816 3083 7 3.5318927104577404e-09
818 3083 8 9.33627694550081e-11
819 3083 10 4.592544479167147e-14
820 3083 8 9.33627694550081e-11
821 3083 8 9.33627694550081e-11
823 1419 28 1.772237240728879e-49
823 3083 15 4.9265453817248504e-23
824 3083 12 1.518183394596934e-17
826 3695 9 2.186506977970686e-12
831 3083 7 3.5318927104577404e-09
831 3830 30 7.682088883933538e-54
831 3831 8 9.33627694550081e-11
833 1405 8 9.33627694550081e-11
833 3772 17 7.604255143108965e-27
833 3773 7 3.5318927104577404e-09
834 3083 8 9.33627694550081e-11
835 3083 8 9.33627694550081e-11
837 2372 13 2.425778595836361e-19
837 3220 8 9.33627694550081e-11
840 3083 7 3.5318927104577404e-09
850 4002 10 4.592544479167147e-14
859 3083 9 2.186506977970686e-12
861 3083 7 3.5318927104577404e-09
861 3871 7 3.5318927104577404e-09
861 3872 10 4.592544479167147e-14
866 3083 7 3.5318927104577404e-09
868 3083 9 2.186506977970686e-12
876 2869 18 8.604558895886735e-29
876 3083 10 4.592544479167147e-14
876 3944 11 8.737557984538537e-16
901 1486 8 9.33627694550081e-11
906 1611 9 2.186506977970686e-12
908 1455 21 8.89253864173825e-35
911 3846 15 4.9265453817248504e-23
912 3846 7 3.5318927104577404e-09
918 3713 8 9.33627694550081e-11
923 1849 10 4.592544479167147e-14
928 2027 33 1.6641250522194448e-60
931 4127 16 6.321574856705719e-25
931 4167 13 2.425778595836361e-19
931 4433 13 2.425778595836361e-19
932 4538 9 2.186506977970686e-12
933 1714 17 7.604255143108965e-27
935 1345 10 4.592544479167147e-14
935 2412 7 3.5318927104577404e-09
935 2474 21 8.89253864173825e-35
935 3271 10 4.592544479167147e-14
936 1345 10 4.592544479167147e-14
936 1375 7 3.5318927104577404e-09
936 3666 7 3.5318927104577404e-09
937 1666 7 3.5318927104577404e-09
937 2784 9 2.186506977970686e-12
937 3318 7 3.5318927104577404e-09
937 4256 8 9.33627694550081e-11
938 1666 8 9.33627694550081e-11
938 2784 9 2.186506977970686e-12
941 2332 13 2.425778595836361e-19
950 1378 7 3.5318927104577404e-09
950 1623 7 3.5318927104577404e-09
950 2554 7 3.5318927104577404e-09
950 3232 7 3.5318927104577404e-09
952 1759 7 3.5318927104577404e-09
952 4356 7 3.5318927104577404e-09
957 4124 18 8.604558895886735e-29
957 4125 32 2.8707700512753106e-58
962 1760 7 3.5318927104577404e-09
962 4535 10 4.592544479167147e-14
967 4605 7 3.5318927104577404e-09
969 3745 9 2.186506977970686e-12
982 2194 9 2.186506977970686e-12
990 3966 13 2.425778595836361e-19
1013 5101 11 8.737557984538537e-16
1033 3879 9 2.186506977970686e-12
1033 3880 14 3.5852837478614764e-21
1035 1140 28 1.772237240728879e-49
1035 3159 8 9.33627694550081e-11
1048 5000 11 8.737557984538537e-16
1050 2678 17 7.604255143108965e-27
1050 3438 15 4.9265453817248504e-23
1051 1652 10 4.592544479167147e-14
1051 2991 10 4.592544479167147e-14
1061 2652 9 2.186506977970686e-12
1063 3061 7 3.5318927104577404e-09
1078 1696 10 4.592544479167147e-14
1085 1703 11 8.737557984538537e-16
1085 1704 17 7.604255143108965e-27
1085 2003 11 8.737557984538537e-16
1085 2004 10 4.592544479167147e-14
1085 2309 35 5.0509243266811136e-65
1085 2310 26 3.4929345537392535e-45
1085 3083 7 3.5318927104577404e-09
1085 3572 9 2.186506977970686e-12
1085 4063 8 9.33627694550081e-11
1086 3083 16 6.321574856705719e-25
1087 3083 20 9.280646827918797e-33
1088 3083 18 8.604558895886735e-29
1089 3083 11 8.737557984538537e-16
1090 3083 17 7.604255143108965e-27
1091 3083 12 1.518183394596934e-17
1092 3083 18 8.604558895886735e-29
1093 3083 15 4.9265453817248504e-23
1094 3083 9 2.186506977970686e-12
1095 3083 19 9.186949798971584e-31
1096 3083 19 9.186949798971584e-31
1097 3083 15 4.9265453817248504e-23
1098 3083 20 9.280646827918797e-33
1099 3083 11 8.737557984538537e-16
1100 3083 15 4.9265453817248504e-23
1101 3083 17 7.604255143108965e-27
1101 4684 7 3.5318927104577404e-09
1101 4843 7 3.5318927104577404e-09
1101 4855 13 2.425778595836361e-19
1101 4856 7 3.5318927104577404e-09
1102 1709 7 3.5318927104577404e-09
1102 3083 16 6.321574856705719e-25
1103 3083 16 6.321574856705719e-25
1105 3083 12 1.518183394596934e-17
1106 3083 12 1.518183394596934e-17
1108 3083 12 1.518183394596934e-17
1109 3083 17 7.604255143108965e-27
1110 3083 8 9.33627694550081e-11
1111 3083 12 1.518183394596934e-17
1113 3083 7 3.5318927104577404e-09
1114 3083 9 2.186506977970686e-12
1115 3083 9 2.186506977970686e-12
1116 3083 10 4.592544479167147e-14
1117 3083 10 4.592544479167147e-14
1118 3083 18 8.604558895886735e-29
1119 3083 7 3.5318927104577404e-09
1120 2475 8 9.33627694550081e-11
1120 3083 9 2.186506977970686e-12
1121 3083 10 4.592544479167147e-14
1122 3083 14 3.5852837478614764e-21
1123 3083 9 2.186506977970686e-12
1125 3083 12 1.518183394596934e-17
1126 3083 7 3.5318927104577404e-09
1127 3083 10 4.592544479167147e-14
1129 3083 7 3.5318927104577404e-09
1130 3083 7 3.5318927104577404e-09
1131 3083 9 2.186506977970686e-12
1135 3083 8 9.33627694550081e-11
1137 3083 8 9.33627694550081e-11
1140 4673 14 3.5852837478614764e-21
1141 3083 8 9.33627694550081e-11
1144 3083 9 2.186506977970686e-12
1144 4033 8 9.33627694550081e-11
1145 3083 9 2.186506977970686e-12
1146 1653 12 1.518183394596934e-17
1148 3083 11 8.737557984538537e-16
1149 3083 10 4.592544479167147e-14
1159 3083 7 3.5318927104577404e-09
1160 3083 8 9.33627694550081e-11
1161 2059 7 3.5318927104577404e-09
1161 4607 22 8.100086583877444e-37
1166 3029 11 8.737557984538537e-16
1167 3083 7 3.5318927104577404e-09
1168 3083 7 3.5318927104577404e-09
1169 2701 7 3.5318927104577404e-09
1170 2702 7 3.5318927104577404e-09
1170 3655 7 3.5318927104577404e-09
1172 3083 7 3.5318927104577404e-09
1172 3310 8 9.33627694550081e-11
1176 3083 8 9.33627694550081e-11
1183 4917 10 4.592544479167147e-14
1210 1491 7 3.5318927104577404e-09
1217 3396 9 2.186506977970686e-12
1218 3165 7 3.5318927104577404e-09
1219 3274 8 9.33627694550081e-11
1221 4854 15 4.9265453817248504e-23
1221 4855 8 9.33627694550081e-11
1221 4856 10 4.592544479167147e-14
1229 3356 7 3.5318927104577404e-09
1276 1523 10 4.592544479167147e-14
1277 5124 10 4.592544479167147e-14
1282 2840 7 3.5318927104577404e-09
1291 3470 9 2.186506977970686e-12
1296 1682 7 3.5318927104577404e-09
1296 2832 11 8.737557984538537e-16
1306 3167 8 9.33627694550081e-11
1308 2698 7 3.5318927104577404e-09
1309 2698 17 7.604255143108965e-27
1312 2566 11 8.737557984538537e-16
1313 3430 8 9.33627694550081e-11
1313 4385 8 9.33627694550081e-11
1313 4575 8 9.33627694550081e-11
1317 3197 16 6.321574856705719e-25
1324 3589 7 3.5318927104577404e-09
1330 2552 7 3.5318927104577404e-09
1330 2554 7 3.5318927104577404e-09
1336 3675 7 3.5318927104577404e-09
1338 4216 7 3.5318927104577404e-09
1340 3312 7 3.5318927104577404e-09
1342 3923 9 2.186506977970686e-12
1343 3279 7 3.5318927104577404e-09
1344 2695 7 3.5318927104577404e-09
1344 4300 18 8.604558895886735e-29
1344 4522 7 3.5318927104577404e-09
1345 2976 7 3.5318927104577404e-09
1345 4526 7 3.5318927104577404e-09
1346 4217 7 3.5318927104577404e-09
1346 4522 7 3.5318927104577404e-09
1347 3281 7 3.5318927104577404e-09
1350 4843 12 1.518183394596934e-17
1351 1628 8 9.33627694550081e-11
1351 4209 7 3.5318927104577404e-09
1351 4518 7 3.5318927104577404e-09
1352 1627 7 3.5318927104577404e-09
1353 1476 28 1.772237240728879e-49
1353 2311 7 3.5318927104577404e-09
1353 2782 7 3.5318927104577404e-09
1354 4523 7 3.5318927104577404e-09
1356 1623 7 3.5318927104577404e-09
1356 3312 7 3.5318927104577404e-09
1356 3317 7 3.5318927104577404e-09
1359 4214 7 3.5318927104577404e-09
1360 3083 10 4.592544479167147e-14
1361 1641 7 3.5318927104577404e-09
1361 2549 7 3.5318927104577404e-09
1368 4309 31 4.781543216447434e-56
1373 3331 8 9.33627694550081e-11
1373 3362 7 3.5318927104577404e-09
1373 4540 9 2.186506977970686e-12
1373 4558 7 3.5318927104577404e-09
1375 1636 7 3.5318927104577404e-09
1376 1633 8 9.33627694550081e-11
1376 1636 7 3.5318927104577404e-09
1376 4726 7 3.5318927104577404e-09
1377 1621 7 3.5318927104577404e-09
1378 1624 8 9.33627694550081e-11
1378 1628 7 3.5318927104577404e-09
1378 2976 8 9.33627694550081e-11
1378 4927 7 3.5318927104577404e-09
1382 1628 11 8.737557984538537e-16
1382 3311 7 3.5318927104577404e-09
1382 3316 7 3.5318927104577404e-09
1386 4524 7 3.5318927104577404e-09
1388 2554 7 3.5318927104577404e-09
1388 4238 8 9.33627694550081e-11
1389 3318 9 2.186506977970686e-12
1389 4010 27 2.5390484163172096e-47
1389 4223 7 3.5318927104577404e-09
1389 4725 23 7.028431733864822e-39
1390 3320 7 3.5318927104577404e-09
1390 4725 45 2.054667210731159e-88
1398 2454 14 3.5852837478614764e-21
1398 3083 23 7.028431733864822e-39
1399 3083 18 8.604558895886735e-29
1400 3083 9 2.186506977970686e-12
1401 3083 9 2.186506977970686e-12
1402 3083 10 4.592544479167147e-14
1403 3083 9 2.186506977970686e-12
1404 3083 8 9.33627694550081e-11
1405 3083 7 3.5318927104577404e-09
1406 3083 8 9.33627694550081e-11
1407 2930 9 2.186506977970686e-12
1407 3083 9 2.186506977970686e-12
1408 3083 8 9.33627694550081e-11
1409 3083 15 4.9265453817248504e-23
1411 3083 8 9.33627694550081e-11
1417 3083 15 4.9265453817248504e-23
1418 3083 10 4.592544479167147e-14
1419 3083 11 8.737557984538537e-16
1420 3083 8 9.33627694550081e-11
1422 3083 11 8.737557984538537e-16
1423 3083 12 1.518183394596934e-17
1424 3083 15 4.9265453817248504e-23
1425 3083 14 3.5852837478614764e-21
1426 3083 9 2.186506977970686e-12
1427 3083 8 9.33627694550081e-11
1428 3083 8 9.33627694550081e-11
1429 3083 8 9.33627694550081e-11
1430 4881 9 2.186506977970686e-12
1431 3083 10 4.592544479167147e-14
1432 3083 7 3.5318927104577404e-09
1433 3083 11 8.737557984538537e-16
1433 4045 11 8.737557984538537e-16
1434 3083 9 2.186506977970686e-12
1436 3083 9 2.186506977970686e-12
1437 3365 9 2.186506977970686e-12
1439 3088 7 3.5318927104577404e-09
1439 4515 7 3.5318927104577404e-09
1440 3083 8 9.33627694550081e-11
1441 3083 8 9.33627694550081e-11
1447 3083 7 3.5318927104577404e-09
1448 3083 10 4.592544479167147e-14
1450 2992 7 3.5318927104577404e-09
1450 3083 8 9.33627694550081e-11
1450 3312 11 8.737557984538537e-16
1452 3083 8 9.33627694550081e-11
1454 3083 8 9.33627694550081e-11
1456 3083 7 3.5318927104577404e-09
1456 3745 7 3.5318927104577404e-09
1457 3083 66 4.043303287998265e-141
1457 3745 11 8.737557984538537e-16
1457 4256 8 9.33627694550081e-11
1457 4522 8 9.33627694550081e-11
1458 3083 14 3.5852837478614764e-21
1459 3083 7 3.5318927104577404e-09
1460 3083 7 3.5318927104577404e-09
1461 3083 8 9.33627694550081e-11
1463 2937 7 3.5318927104577404e-09
1463 2969 11 8.737557984538537e-16
1465 3083 7 3.5318927104577404e-09
1466 2007 25 4.60779254676325e-43
1466 3083 7 3.5318927104577404e-09
1468 2983 9 2.186506977970686e-12
1469 4309 8 9.33627694550081e-11
1474 5121 8 9.33627694550081e-11
1475 3083 9 2.186506977970686e-12
1478 2439 9 2.186506977970686e-12
1480 3783 8 9.33627694550081e-11
1489 2494 7 3.5318927104577404e-09
1495 1836 7 3.5318927104577404e-09
1524 2044 8 9.33627694550081e-11
1540 3049 11 8.737557984538537e-16
1541 3049 58 1.564852197135781e-120
1542 3049 21 8.89253864173825e-35
1542 3192 13 2.425778595836361e-19
1547 2330 10 4.592544479167147e-14
1551 4271 11 8.737557984538537e-16
1556 4086 8 9.33627694550081e-11
1567 3529 10 4.592544479167147e-14
1572 2732 22 8.100086583877444e-37
1577 4275 23 7.028431733864822e-39
1584 5225 8 9.33627694550081e-11
1611 3139 7 3.5318927104577404e-09
1621 3222 13 2.425778595836361e-19
1622 2140 9 2.186506977970686e-12
1622 4336 8 9.33627694550081e-11
1622 4513 7 3.5318927104577404e-09
1623 4217 7 3.5318927104577404e-09
1623 4218 7 3.5318927104577404e-09
1624 4515 7 3.5318927104577404e-09
1624 4525 7 3.5318927104577404e-09
1626 2686 7 3.5318927104577404e-09
1626 4518 7 3.5318927104577404e-09
1632 4524 7 3.5318927104577404e-09
1635 3275 8 9.33627694550081e-11
1637 2556 8 9.33627694550081e-11
1637 4531 7 3.5318927104577404e-09
1646 4185 9 2.186506977970686e-12
1651 3158 7 3.5318927104577404e-09
1652 3875 7 3.5318927104577404e-09
1652 3876 40 1.4682456597067028e-76
1652 4511 8 9.33627694550081e-11
1652 4512 32 2.8707700512753106e-58
1663 1705 17 7.604255143108965e-27
1664 2213 7 3.5318927104577404e-09
1668 1915 8 9.33627694550081e-11
1668 4373 8 9.33627694550081e-11
1671 2552 7 3.5318927104577404e-09
1673 3310 7 3.5318927104577404e-09
1683 2656 8 9.33627694550081e-11
1683 5096 12 1.518183394596934e-17
1684 2650 14 3.5852837478614764e-21
1685 2838 18 8.604558895886735e-29
1685 3295 15 4.9265453817248504e-23
1685 4536 7 3.5318927104577404e-09
1685 4543 91 6.680559143371636e-209
1685 5281 7 3.5318927104577404e-09
1688 3548 8 9.33627694550081e-11
1689 3495 8 9.33627694550081e-11
1690 2448 13 2.425778595836361e-19
1690 2559 8 9.33627694550081e-11
1690 2673 8 9.33627694550081e-11
1691 2529 7 3.5318927104577404e-09
1692 3304 7 3.5318927104577404e-09
1693 2985 7 3.5318927104577404e-09
1693 3292 7 3.5318927104577404e-09
1695 4651 7 3.5318927104577404e-09
1703 2309 7 3.5318927104577404e-09
1703 3083 15 4.9265453817248504e-23
1703 3295 10 4.592544479167147e-14
1703 3572 8 9.33627694550081e-11
1703 4543 127 0.0
1704 3083 22 8.100086583877444e-37
1704 4271 21 8.89253864173825e-35
1704 4660 10 4.592544479167147e-14
1705 2708 15 4.9265453817248504e-23
1705 3083 23 7.028431733864822e-39
1706 3083 19 9.186949798971584e-31
1707 3083 16 6.321574856705719e-25
1708 3083 16 6.321574856705719e-25
1709 3083 16 6.321574856705719e-25
1709 3679 10 4.592544479167147e-14
1709 4473 8 9.33627694550081e-11
1710 3083 12 1.518183394596934e-17
1711 3083 14 3.5852837478614764e-21
1711 4580 11 8.737557984538537e-16
1712 3083 17 7.604255143108965e-27
1713 3083 12 1.518183394596934e-17
1713 4160 11 8.737557984538537e-16
1714 3083 17 7.604255143108965e-27
1714 4303 13 2.425778595836361e-19
1715 3083 11 8.737557984538537e-16
1716 3083 10 4.592544479167147e-14
1719 3083 11 8.737557984538537e-16
1720 2414 9 2.186506977970686e-12
1720 3083 12 1.518183394596934e-17
1721 3083 9 2.186506977970686e-12
1722 3083 11 8.737557984538537e-16
1724 3083 17 7.604255143108965e-27
1725 3083 10 4.592544479167147e-14
1726 3083 14 3.5852837478614764e-21
1727 3083 11 8.737557984538537e-16
1728 3083 8 9.33627694550081e-11
1729 3083 12 1.518183394596934e-17
1730 3083 9 2.186506977970686e-12
1731 3083 13 2.425778595836361e-19
1732 2373 20 9.280646827918797e-33
1732 3083 15 4.9265453817248504e-23
1733 3083 9 2.186506977970686e-12
1733 4759 8 9.33627694550081e-11
1734 3083 9 2.186506977970686e-12
1735 3083 9 2.186506977970686e-12
1736 3083 10 4.592544479167147e-14
1737 5042 7 3.5318927104577404e-09
1738 3083 7 3.5318927104577404e-09
1739 3083 10 4.592544479167147e-14
1740 3083 15 4.9265453817248504e-23
1741 3083 7 3.5318927104577404e-09
1742 3083 8 9.33627694550081e-11
1743 3083 11 8.737557984538537e-16
1744 3083 10 4.592544479167147e-14
1745 3083 12 1.518183394596934e-17
1746 3083 8 9.33627694550081e-11
1748 3083 11 8.737557984538537e-16
1749 3083 7 3.5318927104577404e-09
1750 2364 16 6.321574856705719e-25
1751 3083 7 3.5318927104577404e-09
1752 3083 10 4.592544479167147e-14
1753 3083 9 2.186506977970686e-12
1754 3083 12 1.518183394596934e-17
1755 3083 11 8.737557984538537e-16
1755 5001 7 3.5318927104577404e-09
1756 3083 9 2.186506977970686e-12
1757 3085 9 2.186506977970686e-12
1757 4520 7 3.5318927104577404e-09
1758 3083 7 3.5318927104577404e-09
1759 2351 7 3.5318927104577404e-09
1759 3083 12 1.518183394596934e-17
1759 3848 7 3.5318927104577404e-09
1759 4578 7 3.5318927104577404e-09
1759 4722 7 3.5318927104577404e-09
1762 3083 11 8.737557984538537e-16
1763 3636 8 9.33627694550081e-11
1764 3083 7 3.5318927104577404e-09
1765 3083 7 3.5318927104577404e-09
1766 3083 8 9.33627694550081e-11
1767 3083 9 2.186506977970686e-12
1768 3083 8 9.33627694550081e-11
1769 3083 7 3.5318927104577404e-09
1771 3083 9 2.186506977970686e-12
1771 3377 18 8.604558895886735e-29
1772 3083 7 3.5318927104577404e-09
1772 3377 16 6.321574856705719e-25
1773 3083 10 4.592544479167147e-14
1774 3083 17 7.604255143108965e-27
1775 3083 8 9.33627694550081e-11
1776 3083 10 4.592544479167147e-14
1790 3802 7 3.5318927104577404e-09
1794 3083 9 2.186506977970686e-12
1797 4571 12 1.518183394596934e-17
1799 3083 8 9.33627694550081e-11
1801 3083 10 4.592544479167147e-14
1805 4952 23 7.028431733864822e-39
1810 3662 20 9.280646827918797e-33
1811 3662 9 2.186506977970686e-12
1811 4329 16 6.321574856705719e-25
1813 2258 8 9.33627694550081e-11
1830 3169 7 3.5318927104577404e-09
1830 3170 23 7.028431733864822e-39
1831 4211 7 3.5318927104577404e-09
1831 4835 16 6.321574856705719e-25
1832 4835 39 3.166308703688966e-74
1837 4890 7 3.5318927104577404e-09
1837 4891 57 5.322510386598859e-118
1837 4892 14 3.5852837478614764e-21
1843 3551 11 8.737557984538537e-16
1846 4080 7 3.5318927104577404e-09
1850 4362 10 4.592544479167147e-14
1851 2641 11 8.737557984538537e-16
1851 5167 7 3.5318927104577404e-09
1859 2812 7 3.5318927104577404e-09
1867 4226 7 3.5318927104577404e-09
1868 2325 10 4.592544479167147e-14
1880 2206 11 8.737557984538537e-16
1880 2207 19 9.186949798971584e-31
1881 4895 17 7.604255143108965e-27
1885 3303 7 3.5318927104577404e-09
1910 5040 15 4.9265453817248504e-23
1914 4373 10 4.592544479167147e-14
1915 4373 24 5.820286660382112e-41
1921 3290 15 4.9265453817248504e-23
1926 3706 8 9.33627694550081e-11
1927 3706 7 3.5318927104577404e-09
1927 5139 15 4.9265453817248504e-23
1936 3307 7 3.5318927104577404e-09
1939 3309 7 3.5318927104577404e-09
1947 2743 11 8.737557984538537e-16
1954 2929 7 3.5318927104577404e-09
1954 4591 11 8.737557984538537e-16
1963 2378 8 9.33627694550081e-11
1963 2379 27 2.5390484163172096e-47
1964 3679 7 3.5318927104577404e-09
1978 3882 17 7.604255143108965e-27
1991 2858 16 6.321574856705719e-25
1991 2990 33 1.6641250522194448e-60
1992 2990 7 3.5318927104577404e-09
1995 2967 7 3.5318927104577404e-09
2003 3083 40 1.4682456597067028e-76
2004 3083 43 1.2316370704418114e-83
2004 4256 7 3.5318927104577404e-09
2005 3083 16 6.321574856705719e-25
2006 3083 19 9.186949798971584e-31
2007 3083 19 9.186949798971584e-31
2008 3083 11 8.737557984538537e-16
2009 3083 23 7.028431733864822e-39
2010 3083 29 1.1892923774047278e-51
2010 4256 7 3.5318927104577404e-09
2011 2815 19 9.186949798971584e-31
2011 3083 22 8.100086583877444e-37
2011 5293 18 8.604558895886735e-29
2019 3083 9 2.186506977970686e-12
2022 3083 11 8.737557984538537e-16
2023 3083 14 3.5852837478614764e-21
2024 3083 20 9.280646827918797e-33
2025 2521 7 3.5318927104577404e-09
2025 3083 14 3.5852837478614764e-21
2027 3083 7 3.5318927104577404e-09
2030 3083 12 1.518183394596934e-17
2031 3050 9 2.186506977970686e-12
2031 3083 14 3.5852837478614764e-21
2032 3083 15 4.9265453817248504e-23
2032 3877 14 3.5852837478614764e-21
2034 3083 9 2.186506977970686e-12
2036 3083 11 8.737557984538537e-16
2038 3083 7 3.5318927104577404e-09
2046 3083 8 9.33627694550081e-11
2047 2391 10 4.592544479167147e-14
2047 2392 18 8.604558895886735e-29
2047 3083 11 8.737557984538537e-16
2048 3083 9 2.186506977970686e-12
2049 3083 12 1.518183394596934e-17
2050 3083 14 3.5852837478614764e-21
2053 3083 8 9.33627694550081e-11
2054 3083 7 3.5318927104577404e-09
2056 2628 11 8.737557984538537e-16
2056 3086 7 3.5318927104577404e-09
2056 4516 7 3.5318927104577404e-09
2057 3083 7 3.5318927104577404e-09
2057 3086 9 2.186506977970686e-12
2057 3355 10 4.592544479167147e-14
2058 3083 7 3.5318927104577404e-09
2058 3086 7 3.5318927104577404e-09
2059 3083 7 3.5318927104577404e-09
2060 3083 11 8.737557984538537e-16
2061 3083 9 2.186506977970686e-12
2061 3481 10 4.592544479167147e-14
2066 3265 7 3.5318927104577404e-09
2066 4778 8 9.33627694550081e-11
2069 3083 8 9.33627694550081e-11
2069 3087 7 3.5318927104577404e-09
2092 4991 9 2.186506977970686e-12
2098 3083 9 2.186506977970686e-12
2102 2977 7 3.5318927104577404e-09
2102 3083 7 3.5318927104577404e-09
2102 4512 7 3.5318927104577404e-09
2139 3916 8 9.33627694550081e-11
2170 4917 7 3.5318927104577404e-09
2171 4217 9 2.186506977970686e-12
2172 5292 12 1.518183394596934e-17
2175 2872 10 4.592544479167147e-14
2178 2409 9 2.186506977970686e-12
2184 3954 14 3.5852837478614764e-21
2184 4074 16 6.321574856705719e-25
2184 4075 8 9.33627694550081e-11
2185 3954 12 1.518183394596934e-17
2189 4651 18 8.604558895886735e-29
2190 2323 15 4.9265453817248504e-23
2196 3262 16 6.321574856705719e-25
2201 2427 9 2.186506977970686e-12
2204 4403 21 8.89253864173825e-35
2206 4879 9 2.186506977970686e-12
2215 2662 18 8.604558895886735e-29
2220 3563 20 9.280646827918797e-33
2220 4084 11 8.737557984538537e-16
2232 2917 11 8.737557984538537e-16
2239 2922 33 1.6641250522194448e-60
2242 4536 8 9.33627694550081e-11
2256 2969 7 3.5318927104577404e-09
2256 2970 7 3.5318927104577404e-09
2264 2787 7 3.5318927104577404e-09
2264 3681 15 4.9265453817248504e-23
2268 2796 7 3.5318927104577404e-09
2268 4927 31 4.781543216447434e-56
2269 3280 11 8.737557984538537e-16
2271 4298 10 4.592544479167147e-14
2291 3547 7 3.5318927104577404e-09
2298 2689 7 3.5318927104577404e-09
2300 3165 8 9.33627694550081e-11
2301 2807 9 2.186506977970686e-12
2301 3318 7 3.5318927104577404e-09
2301 4263 7 3.5318927104577404e-09
2309 3083 42 2.8941441716393903e-81
2309 4256 7 3.5318927104577404e-09
2310 3083 46 8.062283518488649e-91
2310 4256 11 8.737557984538537e-16
2310 4470 7 3.5318927104577404e-09
2310 4543 110 0.0
2311 2652 15 4.9265453817248504e-23
2311 3083 23 7.028431733864822e-39
2311 3863 13 2.425778595836361e-19
2312 3083 29 1.1892923774047278e-51
2312 3572 11 8.737557984538537e-16
2313 3083 13 2.425778595836361e-19
2314 3083 14 3.5852837478614764e-21
2314 3844 22 8.100086583877444e-37
2314 3845 10 4.592544479167147e-14
2315 3083 15 4.9265453817248504e-23
2316 3083 13 2.425778595836361e-19
2316 4256 9 2.186506977970686e-12
2317 3083 11 8.737557984538537e-16
2317 4276 7 3.5318927104577404e-09
2318 3083 17 7.604255143108965e-27
2319 3083 14 3.5852837478614764e-21
2320 3083 26 3.4929345537392535e-45
2320 4256 7 3.5318927104577404e-09
2321 3083 31 4.781543216447434e-56
2322 3083 25 4.60779254676325e-43
2323 3083 18 8.604558895886735e-29
2324 3083 20 9.280646827918797e-33
2324 5255 7 3.5318927104577404e-09
2325 3083 23 7.028431733864822e-39
2326 3083 19 9.186949798971584e-31
2327 3083 12 1.518183394596934e-17
2328 3083 15 4.9265453817248504e-23
2329 3083 11 8.737557984538537e-16
2329 3089 9 2.186506977970686e-12
2330 3083 9 2.186506977970686e-12
2331 3083 15 4.9265453817248504e-23
2332 3083 18 8.604558895886735e-29
2333 3083 14 3.5852837478614764e-21
2334 3083 11 8.737557984538537e-16
2335 3083 11 8.737557984538537e-16
2336 3083 7 3.5318927104577404e-09
2339 3083 16 6.321574856705719e-25
2340 3083 18 8.604558895886735e-29
2341 3083 16 6.321574856705719e-25
2349 3083 11 8.737557984538537e-16
2350 3083 19 9.186949798971584e-31
2351 3083 13 2.425778595836361e-19
2352 3083 7 3.5318927104577404e-09
2353 3083 14 3.5852837478614764e-21
2354 3083 11 8.737557984538537e-16
2356 3083 9 2.186506977970686e-12
2357 3083 13 2.425778595836361e-19
2358 3083 8 9.33627694550081e-11
2359 3083 11 8.737557984538537e-16
2359 3421 10 4.592544479167147e-14
2360 3083 16 6.321574856705719e-25
2365 3083 7 3.5318927104577404e-09
2366 3083 7 3.5318927104577404e-09
2367 3083 7 3.5318927104577404e-09
2369 3083 11 8.737557984538537e-16
2371 3083 7 3.5318927104577404e-09
2372 3083 8 9.33627694550081e-11
2372 4193 11 8.737557984538537e-16
2373 3083 10 4.592544479167147e-14
2373 5257 17 7.604255143108965e-27
2374 3083 16 6.321574856705719e-25
2375 3083 7 3.5318927104577404e-09
2376 3083 13 2.425778595836361e-19
2377 3083 8 9.33627694550081e-11
2378 3083 8 9.33627694550081e-11
2385 4392 10 4.592544479167147e-14
2387 3083 10 4.592544479167147e-14
2395 3083 8 9.33627694550081e-11
2396 3083 7 3.5318927104577404e-09
2397 3083 11 8.737557984538537e-16
2398 3083 9 2.186506977970686e-12
2401 3573 15 4.9265453817248504e-23
2402 3083 10 4.592544479167147e-14
2407 3840 8 9.33627694550081e-11
2409 4677 8 9.33627694550081e-11
2435 4503 9 2.186506977970686e-12
2452 4782 8 9.33627694550081e-11
2458 3909 8 9.33627694550081e-11
2458 3910 17 7.604255143108965e-27
2459 4742 8 9.33627694550081e-11
2464 3564 7 3.5318927104577404e-09
2465 3083 7 3.5318927104577404e-09
2476 3083 7 3.5318927104577404e-09
2478 2677 33 1.6641250522194448e-60
2479 2677 10 4.592544479167147e-14
2482 5244 7 3.5318927104577404e-09
2488 4716 7 3.5318927104577404e-09
2495 3215 17 7.604255143108965e-27
2503 3432 8 9.33627694550081e-11
2505 4792 7 3.5318927104577404e-09
2506 3909 8 9.33627694550081e-11
2510 3427 8 9.33627694550081e-11
2511 3427 22 8.100086583877444e-37
2519 4448 7 3.5318927104577404e-09
2520 2928 7 3.5318927104577404e-09
2520 2930 26 3.4929345537392535e-45
2520 2931 100 1.8629628394710428e-234
2520 2932 18 8.604558895886735e-29
2521 4554 7 3.5318927104577404e-09
2521 5070 7 3.5318927104577404e-09
2522 3318 8 9.33627694550081e-11
2529 4051 7 3.5318927104577404e-09
2530 3237 7 3.5318927104577404e-09
2549 2780 8 9.33627694550081e-11
2550 3315 7 3.5318927104577404e-09
2554 3313 7 3.5318927104577404e-09
2555 3332 25 4.60779254676325e-43
2564 4653 7 3.5318927104577404e-09
2565 4653 19 9.186949798971584e-31
2566 4653 51 5.110966377569774e-103
2566 4835 7 3.5318927104577404e-09
2566 4958 10 4.592544479167147e-14
2573 3083 12 1.518183394596934e-17
2574 3083 31 4.781543216447434e-56
2575 3083 19 9.186949798971584e-31
2575 4545 12 1.518183394596934e-17
2576 3083 18 8.604558895886735e-29
2577 3083 13 2.425778595836361e-19
2578 3083 19 9.186949798971584e-31
2578 3499 10 4.592544479167147e-14
2579 3083 14 3.5852837478614764e-21
2580 3083 12 1.518183394596934e-17
2581 3083 17 7.604255143108965e-27
2582 3083 11 8.737557984538537e-16
2583 3083 27 2.5390484163172096e-47
2584 3083 19 9.186949798971584e-31
2585 3083 19 9.186949798971584e-31
2586 3083 12 1.518183394596934e-17
2587 3083 14 3.5852837478614764e-21
2588 3083 14 3.5852837478614764e-21
2589 3083 16 6.321574856705719e-25
2590 3083 13 2.425778595836361e-19
2591 3083 20 9.280646827918797e-33
2592 3083 18 8.604558895886735e-29
2593 3083 20 9.280646827918797e-33
2594 3083 22 8.100086583877444e-37
2595 3083 16 6.321574856705719e-25
2596 3083 10 4.592544479167147e-14
2597 3083 16 6.321574856705719e-25
2598 3083 10 4.592544479167147e-14
2601 3083 10 4.592544479167147e-14
2602 3083 17 7.604255143108965e-27
2603 3083 12 1.518183394596934e-17
2604 3083 10 4.592544479167147e-14
2605 3083 10 4.592544479167147e-14
2605 4249 15 4.9265453817248504e-23
2605 5123 11 8.737557984538537e-16
2606 3083 9 2.186506977970686e-12
2607 3083 11 8.737557984538537e-16
2608 3083 15 4.9265453817248504e-23
2608 3084 7 3.5318927104577404e-09
2609 3083 10 4.592544479167147e-14
2609 4723 18 8.604558895886735e-29
2610 3083 8 9.33627694550081e-11
2610 4512 7 3.5318927104577404e-09
2611 3083 8 9.33627694550081e-11
2611 4494 7 3.5318927104577404e-09
2612 3083 11 8.737557984538537e-16
2613 3083 8 9.33627694550081e-11
2614 3469 7 3.5318927104577404e-09
2615 3083 10 4.592544479167147e-14
2617 3083 10 4.592544479167147e-14
2617 4661 7 3.5318927104577404e-09
2618 3083 12 1.518183394596934e-17
2620 3083 11 8.737557984538537e-16
2621 3083 8 9.33627694550081e-11
2621 4053 7 3.5318927104577404e-09
2625 3083 8 9.33627694550081e-11
2626 3083 7 3.5318927104577404e-09
2627 3083 10 4.592544479167147e-14
2628 3083 13 2.425778595836361e-19
2629 2828 7 3.5318927104577404e-09
2631 3083 9 2.186506977970686e-12
2632 3083 7 3.5318927104577404e-09
2633 3083 12 1.518183394596934e-17
2635 3083 7 3.5318927104577404e-09
2637 3083 12 1.518183394596934e-17
2640 3083 7 3.5318927104577404e-09
2642 3083 7 3.5318927104577404e-09
2643 3083 7 3.5318927104577404e-09
2646 3083 8 9.33627694550081e-11
2647 3083 15 4.9265453817248504e-23
2647 4158 10 4.592544479167147e-14
2647 4159 14 3.5852837478614764e-21
2648 3083 12 1.518183394596934e-17
2650 3083 10 4.592544479167147e-14
2651 3117 7 3.5318927104577404e-09
2659 3849 7 3.5318927104577404e-09
2660 3083 8 9.33627694550081e-11
2674 3083 7 3.5318927104577404e-09
2676 3083 7 3.5318927104577404e-09
2677 3083 7 3.5318927104577404e-09
2678 3676 7 3.5318927104577404e-09
2683 4217 7 3.5318927104577404e-09
2683 4254 7 3.5318927104577404e-09
2690 4341 7 3.5318927104577404e-09
2692 4523 7 3.5318927104577404e-09
2693 3083 7 3.5318927104577404e-09
2697 4217 7 3.5318927104577404e-09
2697 4218 8 9.33627694550081e-11
2697 5225 18 8.604558895886735e-29
2700 4843 8 9.33627694550081e-11
2702 4633 19 9.186949798971584e-31
2708 4223 9 2.186506977970686e-12
2709 3483 10 4.592544479167147e-14
2714 5154 14 3.5852837478614764e-21
2724 3120 10 4.592544479167147e-14
2727 5155 8 9.33627694550081e-11
2730 4591 8 9.33627694550081e-11
2732 3643 20 9.280646827918797e-33
2742 4530 8 9.33627694550081e-11
2743 4392 16 6.321574856705719e-25
2778 3075 9 2.186506977970686e-12
2781 4357 21 8.89253864173825e-35
2783 3271 8 9.33627694550081e-11
2784 4455 7 3.5318927104577404e-09
2795 3074 10 4.592544479167147e-14
2804 4364 13 2.425778595836361e-19
2804 4365 36 2.6489961518393882e-67
2812 3524 7 3.5318927104577404e-09
2815 5293 12 1.518183394596934e-17
2823 3083 13 2.425778595836361e-19
2823 3423 9 2.186506977970686e-12
2824 3083 9 2.186506977970686e-12
2825 3083 15 4.9265453817248504e-23
2826 3083 9 2.186506977970686e-12
2827 3083 11 8.737557984538537e-16
2828 3083 14 3.5852837478614764e-21
2829 3083 28 1.772237240728879e-49
2830 3083 27 2.5390484163172096e-47
2831 3083 14 3.5852837478614764e-21
2832 3083 11 8.737557984538537e-16
2833 3083 12 1.518183394596934e-17
2836 3083 9 2.186506977970686e-12
2837 3083 13 2.425778595836361e-19
2838 3083 17 7.604255143108965e-27
2838 4543 9 2.186506977970686e-12
2840 3083 7 3.5318927104577404e-09
2841 3083 17 7.604255143108965e-27
2842 3083 18 8.604558895886735e-29
2843 3083 16 6.321574856705719e-25
2844 3083 12 1.518183394596934e-17
2845 3083 8 9.33627694550081e-11
2846 3083 9 2.186506977970686e-12
2847 3083 11 8.737557984538537e-16
2848 3083 8 9.33627694550081e-11
2848 3111 15 4.9265453817248504e-23
2849 3083 9 2.186506977970686e-12
2850 3083 15 4.9265453817248504e-23
2851 3083 9 2.186506977970686e-12
2851 4910 15 4.9265453817248504e-23
2852 3083 12 1.518183394596934e-17
2853 3083 11 8.737557984538537e-16
2854 3083 7 3.5318927104577404e-09
2855 3083 10 4.592544479167147e-14
2856 3083 8 9.33627694550081e-11
2858 3083 8 9.33627694550081e-11
2860 3572 21 8.89253864173825e-35
2861 3083 8 9.33627694550081e-11
2863 3083 7 3.5318927104577404e-09
2868 3083 11 8.737557984538537e-16
2869 3083 8 9.33627694550081e-11
2870 3385 8 9.33627694550081e-11
2871 3083 10 4.592544479167147e-14
2874 3083 7 3.5318927104577404e-09
2876 3083 10 4.592544479167147e-14
2877 4811 21 8.89253864173825e-35
2881 3083 10 4.592544479167147e-14
2883 3083 7 3.5318927104577404e-09
2884 3083 9 2.186506977970686e-12
2898 4489 8 9.33627694550081e-11
2900 3083 7 3.5318927104577404e-09
2903 3083 9 2.186506977970686e-12
2904 3083 7 3.5318927104577404e-09
2906 3181 7 3.5318927104577404e-09
2921 3607 20 9.280646827918797e-33
2936 3229 8 9.33627694550081e-11
2938 5166 9 2.186506977970686e-12
2947 3577 8 9.33627694550081e-11
2948 3577 56 1.770492912977927e-115
2972 4527 12 1.518183394596934e-17
2976 3271 7 3.5318927104577404e-09
2976 3282 9 2.186506977970686e-12
2976 3283 7 3.5318927104577404e-09
2980 3547 7 3.5318927104577404e-09
3022 3303 15 4.9265453817248504e-23
3031 4610 19 9.186949798971584e-31
3043 5095 10 4.592544479167147e-14
3049 3547 7 3.5318927104577404e-09
3050 4531 7 3.5318927104577404e-09
3061 3545 7 3.5318927104577404e-09
3075 3564 7 3.5318927104577404e-09
3075 4653 7 3.5318927104577404e-09
3076 4958 11 8.737557984538537e-16
3083 3329 11 8.737557984538537e-16
3083 3330 11 8.737557984538537e-16
3083 3331 8 9.33627694550081e-11
3083 3332 8 9.33627694550081e-11
3083 3333 8 9.33627694550081e-11
3083 3335 8 9.33627694550081e-11
3083 3336 8 9.33627694550081e-11
3083 3337 7 3.5318927104577404e-09
3083 3338 11 8.737557984538537e-16
3083 3339 11 8.737557984538537e-16
3083 3340 8 9.33627694550081e-11
3083 3341 8 9.33627694550081e-11
3083 3343 9 2.186506977970686e-12
3083 3344 8 9.33627694550081e-11
3083 3346 8 9.33627694550081e-11
3083 3347 14 3.5852837478614764e-21
3083 3348 7 3.5318927104577404e-09
3083 3349 13 2.425778595836361e-19
3083 3350 7 3.5318927104577404e-09
3083 3351 11 8.737557984538537e-16
3083 3352 7 3.5318927104577404e-09
3083 3428 7 3.5318927104577404e-09
3083 3572 39 3.166308703688966e-74
3083 3573 30 7.682088883933538e-54
3083 3574 18 8.604558895886735e-29
3083 3575 10 4.592544479167147e-14
3083 3576 17 7.604255143108965e-27
3083 3577 14 3.5852837478614764e-21
3083 3578 14 3.5852837478614764e-21
3083 3579 15 4.9265453817248504e-23
3083 3580 12 1.518183394596934e-17
3083 3581 7 3.5318927104577404e-09
3083 3582 13 2.425778595836361e-19
3083 3583 25 4.60779254676325e-43
3083 3584 17 7.604255143108965e-27
3083 3585 10 4.592544479167147e-14
3083 3587 9 2.186506977970686e-12
3083 3588 17 7.604255143108965e-27
3083 3589 19 9.186949798971584e-31
3083 3590 17 7.604255143108965e-27
3083 3592 7 3.5318927104577404e-09
3083 3593 12 1.518183394596934e-17
3083 3594 9 2.186506977970686e-12
3083 3595 11 8.737557984538537e-16
3083 3596 11 8.737557984538537e-16
3083 3597 11 8.737557984538537e-16
3083 3601 12 1.518183394596934e-17
3083 3602 7 3.5318927104577404e-09
3083 3603 12 1.518183394596934e-17
3083 3604 7 3.5318927104577404e-09
3083 3605 10 4.592544479167147e-14
3083 3606 8 9.33627694550081e-11
3083 3607 7 3.5318927104577404e-09
3083 3608 8 9.33627694550081e-11
3083 3611 10 4.592544479167147e-14
3083 3612 9 2.186506977970686e-12
3083 3613 9 2.186506977970686e-12
3083 3614 7 3.5318927104577404e-09
3083 3616 10 4.592544479167147e-14
3083 3617 10 4.592544479167147e-14
3083 3622 8 9.33627694550081e-11
3083 3623 9 2.186506977970686e-12
3083 3626 8 9.33627694550081e-11
3083 3627 10 4.592544479167147e-14
3083 3628 11 8.737557984538537e-16
3083 3629 9 2.186506977970686e-12
3083 3630 9 2.186506977970686e-12
3083 3633 9 2.186506977970686e-12
3083 3635 8 9.33627694550081e-11
3083 3636 10 4.592544479167147e-14
3083 3637 7 3.5318927104577404e-09
3083 3640 8 9.33627694550081e-11
3083 3641 11 8.737557984538537e-16
3083 3642 9 2.186506977970686e-12
3083 3654 7 3.5318927104577404e-09
3083 3656 8 9.33627694550081e-11
3083 3681 36 2.6489961518393882e-67
3083 3693 7 3.5318927104577404e-09
3083 3824 11 8.737557984538537e-16
3083 3825 10 4.592544479167147e-14
3083 3827 9 2.186506977970686e-12
3083 3829 7 3.5318927104577404e-09
3083 3830 16 6.321574856705719e-25
3083 3831 14 3.5852837478614764e-21
3083 3832 10 4.592544479167147e-14
3083 3833 13 2.425778595836361e-19
3083 3834 11 8.737557984538537e-16
3083 3835 21 8.89253864173825e-35
3083 3837 12 1.518183394596934e-17
3083 3838 13 2.425778595836361e-19
3083 3839 11 8.737557984538537e-16
3083 3840 17 7.604255143108965e-27
3083 3841 12 1.518183394596934e-17
3083 3842 10 4.592544479167147e-14
3083 3843 12 1.518183394596934e-17
3083 3844 39 3.166308703688966e-74
3083 3845 36 2.6489961518393882e-67
3083 3846 33 1.6641250522194448e-60
3083 3847 7 3.5318927104577404e-09
3083 3848 8 9.33627694550081e-11
3083 3849 10 4.592544479167147e-14
3083 3851 15 4.9265453817248504e-23
3083 3852 10 4.592544479167147e-14
3083 3853 7 3.5318927104577404e-09
3083 3855 7 3.5318927104577404e-09
3083 3859 7 3.5318927104577404e-09
3083 3861 12 1.518183394596934e-17
3083 3862 7 3.5318927104577404e-09
3083 3863 11 8.737557984538537e-16
3083 3864 8 9.33627694550081e-11
3083 3866 7 3.5318927104577404e-09
3083 3867 14 3.5852837478614764e-21
3083 3868 7 3.5318927104577404e-09
3083 3869 7 3.5318927104577404e-09
3083 3876 9 2.186506977970686e-12
3083 3877 7 3.5318927104577404e-09
3083 3881 8 9.33627694550081e-11
3083 3899 10 4.592544479167147e-14
3083 3900 8 9.33627694550081e-11
3083 3901 8 9.33627694550081e-11
3083 3905 7 3.5318927104577404e-09
3083 3941 8 9.33627694550081e-11
3083 4063 14 3.5852837478614764e-21
3083 4064 19 9.186949798971584e-31
3083 4065 16 6.321574856705719e-25
3083 4066 14 3.5852837478614764e-21
3083 4067 22 8.100086583877444e-37
3083 4068 7 3.5318927104577404e-09
3083 4069 8 9.33627694550081e-11
3083 4070 21 8.89253864173825e-35
3083 4071 14 3.5852837478614764e-21
3083 4072 8 9.33627694550081e-11
3083 4073 13 2.425778595836361e-19
3083 4074 26 3.4929345537392535e-45
3083 4075 21 8.89253864173825e-35
3083 4076 9 2.186506977970686e-12
3083 4077 8 9.33627694550081e-11
3083 4078 14 3.5852837478614764e-21
3083 4079 10 4.592544479167147e-14
3083 4080 24 5.820286660382112e-41
3083 4081 17 7.604255143108965e-27
3083 4082 19 9.186949798971584e-31
3083 4083 20 9.280646827918797e-33
3083 4084 9 2.186506977970686e-12
3083 4085 8 9.33627694550081e-11
3083 4086 15 4.9265453817248504e-23
3083 4087 11 8.737557984538537e-16
3083 4088 15 4.9265453817248504e-23
3083 4089 13 2.425778595836361e-19
3083 4090 11 8.737557984538537e-16
3083 4091 10 4.592544479167147e-14
3083 4092 9 2.186506977970686e-12
3083 4093 9 2.186506977970686e-12
3083 4095 11 8.737557984538537e-16
3083 4096 14 3.5852837478614764e-21
3083 4098 11 8.737557984538537e-16
3083 4099 16 6.321574856705719e-25
3083 4100 8 9.33627694550081e-11
3083 4102 9 2.186506977970686e-12
3083 4103 14 3.5852837478614764e-21
3083 4104 12 1.518183394596934e-17
3083 4106 8 9.33627694550081e-11
3083 4107 7 3.5318927104577404e-09
3083 4108 17 7.604255143108965e-27
3083 4109 10 4.592544479167147e-14
3083 4111 10 4.592544479167147e-14
3083 4112 15 4.9265453817248504e-23
3083 4113 9 2.186506977970686e-12
3083 4114 7 3.5318927104577404e-09
3083 4117 7 3.5318927104577404e-09
3083 4118 10 4.592544479167147e-14
3083 4119 7 3.5318927104577404e-09
3083 4125 10 4.592544479167147e-14
3083 4128 10 4.592544479167147e-14
3083 4129 10 4.592544479167147e-14
3083 4130 7 3.5318927104577404e-09
3083 4132 12 1.518183394596934e-17
3083 4133 15 4.9265453817248504e-23
3083 4134 8 9.33627694550081e-11
3083 4135 9 2.186506977970686e-12
3083 4139 9 2.186506977970686e-12
3083 4151 8 9.33627694550081e-11
3083 4158 7 3.5318927104577404e-09
3083 4217 8 9.33627694550081e-11
3083 4256 234 0.0
3083 4262 8 9.33627694550081e-11
3083 4271 12 1.518183394596934e-17
3083 4272 14 3.5852837478614764e-21
3083 4273 17 7.604255143108965e-27
3083 4274 14 3.5852837478614764e-21
3083 4275 13 2.425778595836361e-19
3083 4276 8 9.33627694550081e-11
3083 4277 8 9.33627694550081e-11
3083 4278 11 8.737557984538537e-16
3083 4279 10 4.592544479167147e-14
3083 4280 10 4.592544479167147e-14
3083 4282 10 4.592544479167147e-14
3083 4283 14 3.5852837478614764e-21
3083 4284 9 2.186506977970686e-12
3083 4287 12 1.518183394596934e-17
3083 4288 11 8.737557984538537e-16
3083 4289 11 8.737557984538537e-16
3083 4292 7 3.5318927104577404e-09
3083 4293 9 2.186506977970686e-12
3083 4294 10 4.592544479167147e-14
3083 4297 7 3.5318927104577404e-09
3083 4300 9 2.186506977970686e-12
3083 4301 8 9.33627694550081e-11
3083 4302 8 9.33627694550081e-11
3083 4303 11 8.737557984538537e-16
3083 4305 7 3.5318927104577404e-09
3083 4306 11 8.737557984538537e-16
3083 4312 10 4.592544479167147e-14
3083 4315 10 4.592544479167147e-14
3083 4317 10 4.592544479167147e-14
3083 4318 7 3.5318927104577404e-09
3083 4320 8 9.33627694550081e-11
3083 4330 7 3.5318927104577404e-09
3083 4337 7 3.5318927104577404e-09
3083 4338 8 9.33627694550081e-11
3083 4339 8 9.33627694550081e-11
3083 4469 26 3.4929345537392535e-45
3083 4470 36 2.6489961518393882e-67
3083 4471 17 7.604255143108965e-27
3083 4472 23 7.028431733864822e-39
3083 4473 12 1.518183394596934e-17
3083 4474 18 8.604558895886735e-29
3083 4475 8 9.33627694550081e-11
3083 4478 11 8.737557984538537e-16
3083 4480 11 8.737557984538537e-16
3083 4481 16 6.321574856705719e-25
3083 4482 11 8.737557984538537e-16
3083 4483 16 6.321574856705719e-25
3083 4484 14 3.5852837478614764e-21
3083 4485 12 1.518183394596934e-17
3083 4486 11 8.737557984538537e-16
3083 4487 13 2.425778595836361e-19
3083 4488 16 6.321574856705719e-25
3083 4489 12 1.518183394596934e-17
3083 4491 10 4.592544479167147e-14
3083 4492 15 4.9265453817248504e-23
3083 4493 12 1.518183394596934e-17
3083 4494 15 4.9265453817248504e-23
3083 4495 9 2.186506977970686e-12
3083 4496 11 8.737557984538537e-16
3083 4497 13 2.425778595836361e-19
3083 4498 14 3.5852837478614764e-21
3083 4499 7 3.5318927104577404e-09
3083 4502 12 1.518183394596934e-17
3083 4504 10 4.592544479167147e-14
3083 4506 8 9.33627694550081e-11
3083 4507 18 8.604558895886735e-29
3083 4508 12 1.518183394596934e-17
3083 4510 15 4.9265453817248504e-23
3083 4511 11 8.737557984538537e-16
3083 4513 7 3.5318927104577404e-09
3083 4528 17 7.604255143108965e-27
3083 4660 38 6.627843348659378e-72
3083 4674 10 4.592544479167147e-14
3083 4676 7 3.5318927104577404e-09
3083 4678 7 3.5318927104577404e-09
3083 4680 7 3.5318927104577404e-09
3083 4685 7 3.5318927104577404e-09
3083 4689 7 3.5318927104577404e-09
3083 4690 9 2.186506977970686e-12
3083 4696 9 2.186506977970686e-12
3083 4697 7 3.5318927104577404e-09
3083 4701 7 3.5318927104577404e-09
3083 4718 7 3.5318927104577404e-09
3083 4859 7 3.5318927104577404e-09
3083 4860 9 2.186506977970686e-12
3083 4865 8 9.33627694550081e-11
3083 4866 7 3.5318927104577404e-09
3083 4868 8 9.33627694550081e-11
3083 4873 11 8.737557984538537e-16
3083 4874 7 3.5318927104577404e-09
3083 4878 8 9.33627694550081e-11
3083 4879 10 4.592544479167147e-14
3083 4886 8 9.33627694550081e-11
3083 4887 7 3.5318927104577404e-09
3083 4896 8 9.33627694550081e-11
3083 4900 11 8.737557984538537e-16
3083 4902 8 9.33627694550081e-11
3083 4958 7 3.5318927104577404e-09
3083 4971 11 8.737557984538537e-16
3083 4972 8 9.33627694550081e-11
3083 4973 7 3.5318927104577404e-09
3083 4974 8 9.33627694550081e-11
3083 4975 12 1.518183394596934e-17
3083 4977 7 3.5318927104577404e-09
3083 4978 7 3.5318927104577404e-09
3083 4979 9 2.186506977970686e-12
3083 4980 7 3.5318927104577404e-09
3083 4981 7 3.5318927104577404e-09
3083 4983 7 3.5318927104577404e-09
3083 4988 7 3.5318927104577404e-09
3083 4993 9 2.186506977970686e-12
3083 4995 9 2.186506977970686e-12
3083 4996 9 2.186506977970686e-12
3083 4997 8 9.33627694550081e-11
3083 5002 8 9.33627694550081e-11
3083 5007 7 3.5318927104577404e-09
3083 5027 7 3.5318927104577404e-09
3083 5039 8 9.33627694550081e-11
3083 5051 7 3.5318927104577404e-09
3083 5059 8 9.33627694550081e-11
3083 5077 7 3.5318927104577404e-09
3083 5092 8 9.33627694550081e-11
3084 4073 7 3.5318927104577404e-09
3085 3329 7 3.5318927104577404e-09
3086 4330 7 3.5318927104577404e-09
3087 4330 19 9.186949798971584e-31
3088 3848 7 3.5318927104577404e-09
3089 3849 7 3.5318927104577404e-09
3110 3616 8 9.33627694550081e-11
3121 5287 9 2.186506977970686e-12
3136 4332 22 8.100086583877444e-37
3142 4112 21 8.89253864173825e-35
3142 4885 15 4.9265453817248504e-23
3142 4886 51 5.110966377569774e-103
3142 4887 12 1.518183394596934e-17
3153 4398 13 2.425778595836361e-19
3155 3460 10 4.592544479167147e-14
3161 3708 14 3.5852837478614764e-21
3163 3936 11 8.737557984538537e-16
3163 3937 8 9.33627694550081e-11
3180 4857 7 3.5318927104577404e-09
3184 4791 9 2.186506977970686e-12
3186 4985 7 3.5318927104577404e-09
3201 3705 9 2.186506977970686e-12
3202 3705 7 3.5318927104577404e-09
3202 4220 14 3.5852837478614764e-21
3203 4220 7 3.5318927104577404e-09
3215 4848 8 9.33627694550081e-11
3215 4849 7 3.5318927104577404e-09
3219 3332 7 3.5318927104577404e-09
3232 4108 10 4.592544479167147e-14
3232 4109 38 6.627843348659378e-72
3232 4176 14 3.5852837478614764e-21
3244 3620 9 2.186506977970686e-12
3244 3675 25 4.60779254676325e-43
3244 4128 22 8.100086583877444e-37
3250 3544 7 3.5318927104577404e-09
3250 4784 7 3.5318927104577404e-09
3252 3547 7 3.5318927104577404e-09
3265 4005 9 2.186506977970686e-12
3265 5092 17 7.604255143108965e-27
3268 4643 7 3.5318927104577404e-09
3269 3590 10 4.592544479167147e-14
3269 3759 7 3.5318927104577404e-09
3269 3916 7 3.5318927104577404e-09
3272 3676 7 3.5318927104577404e-09
3273 4256 7 3.5318927104577404e-09
3280 4256 8 9.33627694550081e-11
3280 4558 7 3.5318927104577404e-09
3281 4254 7 3.5318927104577404e-09
3285 3464 8 9.33627694550081e-11
3290 5222 8 9.33627694550081e-11
3295 4227 10 4.592544479167147e-14
3295 4543 118 0.0
3306 4907 24 5.820286660382112e-41
3317 4924 7 3.5318927104577404e-09
3320 4461 11 8.737557984538537e-16
3320 4958 27 2.5390484163172096e-47
3320 4959 11 8.737557984538537e-16
3321 4957 9 2.186506977970686e-12
3321 4958 24 5.820286660382112e-41
3321 4959 7 3.5318927104577404e-09
3328 4469 12 1.518183394596934e-17
3338 4564 12 1.518183394596934e-17
3338 4565 21 8.89253864173825e-35
3345 3651 10 4.592544479167147e-14
3345 5256 9 2.186506977970686e-12
3351 4173 8 9.33627694550081e-11
3355 4220 15 4.9265453817248504e-23
3380 3718 12 1.518183394596934e-17
3397 4351 10 4.592544479167147e-14
3402 5128 7 3.5318927104577404e-09
3417 5176 13 2.425778595836361e-19
3419 4388 7 3.5318927104577404e-09
3427 4712 10 4.592544479167147e-14
3429 4243 8 9.33627694550081e-11
3435 3774 7 3.5318927104577404e-09
3465 3805 10 4.592544479167147e-14
3542 3776 8 9.33627694550081e-11
3543 3776 31 4.781543216447434e-56
3547 5254 14 3.5852837478614764e-21
3553 4234 11 8.737557984538537e-16
3557 4089 7 3.5318927104577404e-09
3562 3923 9 2.186506977970686e-12
3572 4543 8 9.33627694550081e-11
3599 3880 13 2.425778595836361e-19
3614 4865 9 2.186506977970686e-12
3645 4671 10 4.592544479167147e-14
3654 4519 8 9.33627694550081e-11
3674 4332 7 3.5318927104577404e-09
3676 4301 7 3.5318927104577404e-09
3676 4523 7 3.5318927104577404e-09
3681 4256 241 0.0
3688 4696 8 9.33627694550081e-11
3700 4993 17 7.604255143108965e-27
3712 5163 8 9.33627694550081e-11
3717 4674 10 4.592544479167147e-14
3754 4512 11 8.737557984538537e-16
3756 4638 11 8.737557984538537e-16
3759 4879 7 3.5318927104577404e-09
3763 4383 12 1.518183394596934e-17
3764 4311 8 9.33627694550081e-11
3769 4505 12 1.518183394596934e-17
3847 4843 7 3.5318927104577404e-09
3851 5103 7 3.5318927104577404e-09
3915 4435 12 1.518183394596934e-17
3918 4259 7 3.5318927104577404e-09
3921 4529 7 3.5318927104577404e-09
3930 4214 7 3.5318927104577404e-09
3930 4215 9 2.186506977970686e-12
3933 5105 9 2.186506977970686e-12
3939 4327 23 7.028431733864822e-39
3953 4261 9 2.186506977970686e-12
3959 5100 7 3.5318927104577404e-09
3976 4186 18 8.604558895886735e-29
3995 5029 11 8.737557984538537e-16
4028 5245 8 9.33627694550081e-11
4033 4944 12 1.518183394596934e-17
4056 4958 7 3.5318927104577404e-09
4065 4832 20 9.280646827918797e-33
4127 4615 7 3.5318927104577404e-09
4130 4515 11 8.737557984538537e-16
4140 4544 7 3.5318927104577404e-09
4167 4727 10 4.592544479167147e-14
4181 5166 7 3.5318927104577404e-09
4206 4848 7 3.5318927104577404e-09
4215 4847 8 9.33627694550081e-11
4216 4520 7 3.5318927104577404e-09
4216 4847 7 3.5318927104577404e-09
4220 4625 21 8.89253864173825e-35
4249 4743 15 4.9265453817248504e-23
4253 4307 7 3.5318927104577404e-09
4253 4522 7 3.5318927104577404e-09
4254 4515 7 3.5318927104577404e-09
4256 4273 7 3.5318927104577404e-09
4256 4276 7 3.5318927104577404e-09
4256 4284 8 9.33627694550081e-11
4256 4291 7 3.5318927104577404e-09
4271 4660 14 3.5852837478614764e-21
4271 4661 10 4.592544479167147e-14
4271 4842 10 4.592544479167147e-14
4271 4843 8 9.33627694550081e-11
4287 4543 13 2.425778595836361e-19
4295 4709 10 4.592544479167147e-14
4299 4552 7 3.5318927104577404e-09
4299 4553 11 8.737557984538537e-16
4306 4512 7 3.5318927104577404e-09
4306 4531 7 3.5318927104577404e-09
4310 4557 15 4.9265453817248504e-23
4350 4624 11 8.737557984538537e-16
4352 4862 8 9.33627694550081e-11
4366 4922 17 7.604255143108965e-27
4379 5003 8 9.33627694550081e-11
4380 4472 8 9.33627694550081e-11
4384 4860 9 2.186506977970686e-12
4439 4993 8 9.33627694550081e-11
4439 5166 9 2.186506977970686e-12
4471 5126 8 9.33627694550081e-11
4486 4955 14 3.5852837478614764e-21
4512 4844 7 3.5318927104577404e-09
4512 4845 7 3.5318927104577404e-09
4512 4848 7 3.5318927104577404e-09
4512 4849 8 9.33627694550081e-11
4512 4920 7 3.5318927104577404e-09
4513 4848 7 3.5318927104577404e-09
4515 4848 7 3.5318927104577404e-09
4520 4846 9 2.186506977970686e-12
4520 4847 7 3.5318927104577404e-09
4531 4904 16 6.321574856705719e-25
4531 4905 14 3.5852837478614764e-21
4543 4801 17 7.604255143108965e-27
4555 5258 11 8.737557984538537e-16
4653 4958 13 2.425778595836361e-19
4851 4975 8 9.33627694550081e-11
4912 5213 22 8.100086583877444e-37
4928 4978 11 8.737557984538537e-16
4929 4978 12 1.518183394596934e-17
