0 1
1 1
2 1
3 1
4 1
5 1
172 1
173 1
174 1
396 2
397 2
398 2
399 2
400 2
401 2
747 2
748 2
761 3
762 3
763 3
764 3
765 3
766 3
1081 4
1082 4
1083 4
1084 4
1085 4
1086 4
1394 5
1395 5
1396 5
1397 5
1398 5
1399 5
1446 5
1700 6
1701 6
1702 6
1703 6
1704 6
1705 6
2000 7
2001 7
2002 7
2003 7
2004 7
2005 7
2017 7
2046 7
2080 7
2081 7
2082 7
2083 7
2084 7
2085 7
2086 7
2087 7
2088 7
2089 7
2090 7
2091 7
2092 7
2306 8
2307 8
2308 8
2309 8
2310 8
2311 8
2347 8
2348 8
2349 8
2420 8
2421 8
2571 9
2572 9
2573 9
2574 9
2575 9
2576 9
2820 10
2821 10
2822 10
2823 10
2824 10
2825 10
3081 11
3082 11
3083 11
3084 11
3085 11
3086 11
3326 12
3327 12
3328 12
3329 12
3330 12
3331 12
3374 12
3570 13
3571 13
3572 13
3573 13
3574 13
3575 13
3812 14
3813 14
3814 14
3815 14
3816 14
3817 14
3823 14
4064 15
4065 15
4066 15
4067 15
4068 15
4069 15
4272 16
4273 16
4274 16
4275 16
4276 16
4277 16
4471 17
4472 17
4473 17
4474 17
4475 17
4662 18
4663 18
4664 18
4665 18
4666 18
4667 18
4845 19
4846 19
4847 19
4848 19
4849 19
4850 19
4969 X
4970 X
4971 X
4972 X
4973 X
4974 X
5023 X
5024 X
5025 X
5214 X
5303 X
5309 Y
5311 Y
5312 Y
5313 Y
5314 Y
5315 Y
5316 Y
5317 Y
5318 Y
5319 Y
5320 Y
5321 Y
5322 Y
5323 Y
5324 Y
5325 Y
5326 Y
5327 Y
5328 Y
5329 Y
5330 Y
5331 Y
5332 Y
5333 Y
5334 Y
5335 Y
5336 Y
