0 1
1 1
2 1
3 1
4 1
5 1
172 1
173 1
174 1
395 2
396 2
397 2
398 2
399 2
400 2
746 2
747 2
760 3
761 3
762 3
763 3
764 3
765 3
1080 4
1081 4
1082 4
1083 4
1084 4
1085 4
1392 5
1393 5
1394 5
1395 5
1396 5
1397 5
1444 5
1581 5
1698 6
1699 6
1700 6
1701 6
1702 6
1703 6
1998 7
1999 7
2000 7
2001 7
2002 7
2003 7
2014 7
2015 7
2040 7
2044 7
2078 7
2079 7
2080 7
2081 7
2082 7
2083 7
2084 7
2085 7
2086 7
2087 7
2088 7
2089 7
2090 7
2304 8
2305 8
2306 8
2307 8
2308 8
2309 8
2345 8
2346 8
2347 8
2418 8
2419 8
2569 9
2570 9
2571 9
2572 9
2573 9
2574 9
2818 10
2819 10
2820 10
2821 10
2822 10
2823 10
3079 11
3080 11
3081 11
3082 11
3083 11
3084 11
3324 12
3325 12
3326 12
3327 12
3328 12
3329 12
3372 12
3568 13
3569 13
3570 13
3571 13
3572 13
3573 13
3753 13
3810 14
3811 14
3812 14
3813 14
3814 14
3815 14
3821 14
4061 15
4062 15
4063 15
4064 15
4065 15
4066 15
4269 16
4270 16
4271 16
4272 16
4273 16
4274 16
4468 17
4469 17
4470 17
4471 17
4472 17
4659 18
4660 18
4661 18
4662 18
4663 18
4664 18
4842 19
4843 19
4844 19
4845 19
4846 19
4847 19
4966 X
4967 X
4968 X
4969 X
4970 X
4971 X
5020 X
5021 X
5022 X
5025 X
5307 Y
5308 Y
5309 Y
5310 Y
5311 Y
5312 Y
5313 Y
5314 Y
5315 Y
5316 Y
5317 Y
5318 Y
5319 Y
5320 Y
5321 Y
5322 Y
5323 Y
5324 Y
5325 Y
5326 Y
5327 Y
5328 Y
5329 Y
5330 Y
5331 Y
5332 Y
