bin1 bin2 count
6 3083 38 2.166075064274391e-45
7 3083 33 1.459791266399764e-37
8 3083 36 3.218486513031829e-42
9 3083 41 3.0371930629733333e-50
9 4998 24 2.0196230733104994e-24
10 3083 39 5.374734651616459e-47
11 3083 37 8.47624716322859e-44
12 3083 32 4.8764269847877145e-36
13 3083 29 1.475018755126236e-31
14 3083 33 1.459791266399764e-37
15 3083 22 1.0719681946871952e-21
16 3083 18 1.6729175447252525e-16
17 3083 20 4.699929251219321e-19
18 3083 23 4.760836778075919e-23
19 3083 38 2.166075064274391e-45
19 3235 18 1.6729175447252525e-16
20 3083 35 1.1849651032016336e-40
21 3083 30 4.906687301770696e-33
22 3083 30 4.906687301770696e-33
23 3083 22 1.0719681946871952e-21
24 3083 21 2.3011720839783498e-20
25 3083 23 4.760836778075919e-23
26 3083 33 1.459791266399764e-37
27 3083 21 2.3011720839783498e-20
28 3083 23 4.760836778075919e-23
29 3083 17 2.900233180844394e-15
30 3083 13 1.3803128234085672e-10
31 3083 21 2.3011720839783498e-20
33 1712 20 4.699929251219321e-19
33 3083 18 1.6729175447252525e-16
34 3083 20 4.699929251219321e-19
35 2951 24 2.0196230733104994e-24
37 3672 13 1.3803128234085672e-10
38 3083 13 1.3803128234085672e-10
42 3083 17 2.900233180844394e-15
43 2375 19 9.112285032649403e-18
43 3083 17 2.900233180844394e-15
44 3083 20 4.699929251219321e-19
45 3083 17 2.900233180844394e-15
46 3083 14 1.0369300709661378e-11
48 3083 13 1.3803128234085672e-10
50 3083 22 1.0719681946871952e-21
51 3083 12 1.70073082152859e-09
56 3083 13 1.3803128234085672e-10
61 3083 23 4.760836778075919e-23
66 3083 13 1.3803128234085672e-10
68 3083 21 2.3011720839783498e-20
70 3083 20 4.699929251219321e-19
71 3083 18 1.6729175447252525e-16
72 3083 19 9.112285032649403e-18
74 3083 17 2.900233180844394e-15
75 3083 16 4.733305106767513e-14
76 3083 15 7.247169998738484e-13
77 3083 16 4.733305106767513e-14
78 3083 15 7.247169998738484e-13
79 3083 13 1.3803128234085672e-10
80 3083 13 1.3803128234085672e-10
81 3083 16 4.733305106767513e-14
84 3083 13 1.3803128234085672e-10
85 3083 12 1.70073082152859e-09
86 3083 12 1.70073082152859e-09
97 3139 13 1.3803128234085672e-10
99 911 14 1.0369300709661378e-11
104 3083 17 2.900233180844394e-15
108 3083 13 1.3803128234085672e-10
111 4918 40 1.2957898632920952e-48
113 3881 14 1.0369300709661378e-11
116 2504 14 1.0369300709661378e-11
130 2546 20 4.699929251219321e-19
130 3833 19 9.112285032649403e-18
132 2703 16 4.733305106767513e-14
132 2704 35 1.1849651032016336e-40
141 1569 12 1.70073082152859e-09
149 3878 13 1.3803128234085672e-10
160 4661 18 1.6729175447252525e-16
168 585 25 8.197716641121687e-26
169 4872 14 1.0369300709661378e-11
179 871 15 7.247169998738484e-13
180 401 29 1.475018755126236e-31
180 402 20 4.699929251219321e-19
180 403 28 4.2719251206625985e-30
180 404 16 4.733305106767513e-14
180 411 15 7.247169998738484e-13
180 1086 28 4.2719251206625985e-30
180 1089 13 1.3803128234085672e-10
180 3083 79 1.6568371991317666e-119
186 1127 15 7.247169998738484e-13
210 703 21 2.3011720839783498e-20
214 2715 14 1.0369300709661378e-11
221 2137 17 2.900233180844394e-15
222 1929 57 8.167644990547715e-78
225 2435 15 7.247169998738484e-13
233 4291 28 4.2719251206625985e-30
251 1110 13 1.3803128234085672e-10
255 1747 15 7.247169998738484e-13
260 1213 19 9.112285032649403e-18
270 3069 17 2.900233180844394e-15
273 2397 56 5.13159412922428e-76
274 2052 13 1.3803128234085672e-10
277 3560 13 1.3803128234085672e-10
277 3561 30 4.906687301770696e-33
287 2829 17 2.900233180844394e-15
295 912 16 4.733305106767513e-14
304 3911 18 1.6729175447252525e-16
309 2611 24 2.0196230733104994e-24
310 4516 13 1.3803128234085672e-10
318 1973 15 7.247169998738484e-13
318 3218 25 8.197716641121687e-26
323 5042 26 3.188905832629607e-27
326 1420 13 1.3803128234085672e-10
328 3139 12 1.70073082152859e-09
337 1126 12 1.70073082152859e-09
343 4113 21 2.3011720839783498e-20
347 3069 24 2.0196230733104994e-24
347 4339 15 7.247169998738484e-13
359 2377 22 1.0719681946871952e-21
365 1064 14 1.0369300709661378e-11
401 3083 48 5.6124094460469605e-62
402 3083 31 1.5742512382460883e-34
403 3083 35 1.1849651032016336e-40
404 3083 37 8.47624716322859e-44
405 3083 37 8.47624716322859e-44
406 2495 26 3.188905832629607e-27
406 3083 46 1.4355387442934309e-58
407 3083 32 4.8764269847877145e-36
408 3083 28 4.2719251206625985e-30
409 3083 29 1.475018755126236e-31
410 3083 19 9.112285032649403e-18
411 3083 14 1.0369300709661378e-11
412 3083 15 7.247169998738484e-13
413 3083 15 7.247169998738484e-13
414 3083 22 1.0719681946871952e-21
415 3083 24 2.0196230733104994e-24
416 3083 18 1.6729175447252525e-16
417 3083 23 4.760836778075919e-23
417 3641 15 7.247169998738484e-13
418 3083 23 4.760836778075919e-23
419 3083 29 1.475018755126236e-31
419 3584 12 1.70073082152859e-09
420 3083 15 7.247169998738484e-13
421 3083 15 7.247169998738484e-13
422 3083 16 4.733305106767513e-14
424 3083 15 7.247169998738484e-13
425 3083 16 4.733305106767513e-14
426 3083 17 2.900233180844394e-15
427 3083 15 7.247169998738484e-13
430 3083 21 2.3011720839783498e-20
431 3083 27 1.1905697123076071e-28
432 3083 14 1.0369300709661378e-11
433 3083 20 4.699929251219321e-19
434 3083 19 9.112285032649403e-18
436 3083 18 1.6729175447252525e-16
437 3083 17 2.900233180844394e-15
440 3083 13 1.3803128234085672e-10
441 2432 14 1.0369300709661378e-11
444 3083 14 1.0369300709661378e-11
448 3083 14 1.0369300709661378e-11
459 1942 12 1.70073082152859e-09
472 3083 12 1.70073082152859e-09
473 3083 13 1.3803128234085672e-10
483 1887 30 4.906687301770696e-33
487 4018 34 4.2270278477901376e-39
489 1849 13 1.3803128234085672e-10
491 1068 13 1.3803128234085672e-10
508 2717 53 1.1179670406357767e-70
509 2717 18 1.6729175447252525e-16
516 2438 17 2.900233180844394e-15
521 1120 15 7.247169998738484e-13
521 1121 33 1.459791266399764e-37
534 1665 12 1.70073082152859e-09
534 1666 46 1.4355387442934309e-58
534 1667 14 1.0369300709661378e-11
542 1290 15 7.247169998738484e-13
542 1291 29 1.475018755126236e-31
561 2159 17 2.900233180844394e-15
564 2128 15 7.247169998738484e-13
592 3083 16 4.733305106767513e-14
593 5143 31 1.5742512382460883e-34
594 2962 16 4.733305106767513e-14
594 2963 27 1.1905697123076071e-28
597 1052 18 1.6729175447252525e-16
620 2141 19 9.112285032649403e-18
621 4078 25 8.197716641121687e-26
622 920 21 2.3011720839783498e-20
632 4846 24 2.0196230733104994e-24
637 3768 19 9.112285032649403e-18
639 2326 31 1.5742512382460883e-34
639 3308 14 1.0369300709661378e-11
651 1269 31 1.5742512382460883e-34
654 2645 16 4.733305106767513e-14
657 4000 32 4.8764269847877145e-36
667 1478 30 4.906687301770696e-33
674 4012 37 8.47624716322859e-44
683 957 23 4.760836778075919e-23
687 4637 13 1.3803128234085672e-10
702 2664 21 2.3011720839783498e-20
702 3909 34 4.2270278477901376e-39
703 3909 34 4.2270278477901376e-39
704 2560 17 2.900233180844394e-15
704 2561 50 1.9916779568835255e-65
710 2992 29 1.475018755126236e-31
720 1203 33 1.459791266399764e-37
729 1819 23 4.760836778075919e-23
758 4541 24 2.0196230733104994e-24
765 3083 20 4.699929251219321e-19
766 3083 28 4.2719251206625985e-30
767 3083 18 1.6729175447252525e-16
768 3083 15 7.247169998738484e-13
769 3083 17 2.900233180844394e-15
770 3083 12 1.70073082152859e-09
771 3083 17 2.900233180844394e-15
773 3083 18 1.6729175447252525e-16
774 3083 16 4.733305106767513e-14
775 3083 24 2.0196230733104994e-24
776 3083 30 4.906687301770696e-33
777 3083 29 1.475018755126236e-31
778 3083 26 3.188905832629607e-27
779 3083 13 1.3803128234085672e-10
780 3083 14 1.0369300709661378e-11
781 3083 14 1.0369300709661378e-11
787 2958 12 1.70073082152859e-09
794 3083 16 4.733305106767513e-14
797 1389 25 8.197716641121687e-26
797 3083 19 9.112285032649403e-18
802 3083 13 1.3803128234085672e-10
806 5096 28 4.2719251206625985e-30
807 3798 18 1.6729175447252525e-16
814 3083 15 7.247169998738484e-13
815 3083 12 1.70073082152859e-09
820 3083 18 1.6729175447252525e-16
822 1419 13 1.3803128234085672e-10
823 1419 27 1.1905697123076071e-28
827 3083 13 1.3803128234085672e-10
831 3083 13 1.3803128234085672e-10
831 3829 27 1.1905697123076071e-28
832 1404 18 1.6729175447252525e-16
832 3083 17 2.900233180844394e-15
832 3771 27 1.1905697123076071e-28
837 3220 15 7.247169998738484e-13
839 3083 14 1.0369300709661378e-11
849 4001 14 1.0369300709661378e-11
861 3083 14 1.0369300709661378e-11
865 3083 12 1.70073082152859e-09
866 3083 12 1.70073082152859e-09
876 2869 14 1.0369300709661378e-11
890 4552 12 1.70073082152859e-09
908 1455 18 1.6729175447252525e-16
911 3844 26 3.188905832629607e-27
917 3712 16 4.733305106767513e-14
928 2027 19 9.112285032649403e-18
933 1714 26 3.188905832629607e-27
934 2412 22 1.0719681946871952e-21
935 1344 12 1.70073082152859e-09
935 2474 35 1.1849651032016336e-40
941 2331 12 1.70073082152859e-09
957 4123 37 8.47624716322859e-44
957 4124 28 4.2719251206625985e-30
961 4532 14 1.0369300709661378e-11
967 4927 12 1.70073082152859e-09
969 3744 16 4.733305106767513e-14
982 2193 21 2.3011720839783498e-20
990 3965 14 1.0369300709661378e-11
1013 5098 13 1.3803128234085672e-10
1023 2455 16 4.733305106767513e-14
1033 3878 23 4.760836778075919e-23
1035 1140 37 8.47624716322859e-44
1035 1141 12 1.70073082152859e-09
1048 4997 12 1.70073082152859e-09
1049 3437 21 2.3011720839783498e-20
1050 2678 16 4.733305106767513e-14
1085 1703 40 1.2957898632920952e-48
1085 1704 28 4.2719251206625985e-30
1085 2003 18 1.6729175447252525e-16
1085 2309 54 1.8991249172852065e-72
1085 2310 14 1.0369300709661378e-11
1085 2311 12 1.70073082152859e-09
1085 3083 17 2.900233180844394e-15
1085 4062 29 1.475018755126236e-31
1086 3083 43 1.5368417235082803e-53
1087 3083 24 2.0196230733104994e-24
1088 3083 25 8.197716641121687e-26
1089 3083 17 2.900233180844394e-15
1090 3083 29 1.475018755126236e-31
1091 3083 22 1.0719681946871952e-21
1092 3083 19 9.112285032649403e-18
1093 3083 22 1.0719681946871952e-21
1094 3083 22 1.0719681946871952e-21
1095 3083 22 1.0719681946871952e-21
1096 3083 37 8.47624716322859e-44
1097 3083 22 1.0719681946871952e-21
1098 3083 27 1.1905697123076071e-28
1099 3083 17 2.900233180844394e-15
1100 3083 25 8.197716641121687e-26
1101 3083 33 1.459791266399764e-37
1101 4853 16 4.733305106767513e-14
1102 3083 26 3.188905832629607e-27
1103 3083 13 1.3803128234085672e-10
1106 3083 17 2.900233180844394e-15
1108 3083 17 2.900233180844394e-15
1109 3083 26 3.188905832629607e-27
1110 3083 17 2.900233180844394e-15
1111 3083 13 1.3803128234085672e-10
1114 3083 16 4.733305106767513e-14
1116 3083 12 1.70073082152859e-09
1117 3083 15 7.247169998738484e-13
1118 3083 14 1.0369300709661378e-11
1119 3083 12 1.70073082152859e-09
1120 2474 12 1.70073082152859e-09
1120 3083 14 1.0369300709661378e-11
1121 3083 12 1.70073082152859e-09
1122 3083 14 1.0369300709661378e-11
1123 3083 14 1.0369300709661378e-11
1124 3083 12 1.70073082152859e-09
1125 3083 12 1.70073082152859e-09
1132 3083 12 1.70073082152859e-09
1133 3083 13 1.3803128234085672e-10
1145 3083 12 1.70073082152859e-09
1146 3083 13 1.3803128234085672e-10
1147 3083 15 7.247169998738484e-13
1148 3083 14 1.0369300709661378e-11
1149 3083 12 1.70073082152859e-09
1157 1721 17 2.900233180844394e-15
1160 3083 15 7.247169998738484e-13
1161 3083 13 1.3803128234085672e-10
1161 4605 25 8.197716641121687e-26
1162 3083 13 1.3803128234085672e-10
1176 3083 12 1.70073082152859e-09
1217 3395 16 4.733305106767513e-14
1221 4852 13 1.3803128234085672e-10
1229 3354 13 1.3803128234085672e-10
1276 1523 12 1.70073082152859e-09
1301 4173 13 1.3803128234085672e-10
1306 3167 15 7.247169998738484e-13
1308 2698 26 3.188905832629607e-27
1312 4573 14 1.0369300709661378e-11
1313 3429 13 1.3803128234085672e-10
1313 4384 27 1.1905697123076071e-28
1324 3588 12 1.70073082152859e-09
1335 2197 12 1.70073082152859e-09
1342 3922 18 1.6729175447252525e-16
1343 4299 22 1.0719681946871952e-21
1353 1475 17 2.900233180844394e-15
1353 1476 52 6.435742544053225e-69
1367 4308 19 9.112285032649403e-18
1368 4308 12 1.70073082152859e-09
1382 1628 17 2.900233180844394e-15
1386 4686 19 9.112285032649403e-18
1388 4236 14 1.0369300709661378e-11
1389 4009 21 2.3011720839783498e-20
1389 4723 44 3.321379847787039e-55
1390 4723 17 2.900233180844394e-15
1397 3083 16 4.733305106767513e-14
1397 3327 14 1.0369300709661378e-11
1397 3570 12 1.70073082152859e-09
1398 2454 32 4.8764269847877145e-36
1398 3083 22 1.0719681946871952e-21
1399 3083 22 1.0719681946871952e-21
1400 3083 14 1.0369300709661378e-11
1401 3083 17 2.900233180844394e-15
1402 3083 13 1.3803128234085672e-10
1404 3083 16 4.733305106767513e-14
1405 3083 12 1.70073082152859e-09
1407 3083 14 1.0369300709661378e-11
1408 3083 18 1.6729175447252525e-16
1409 3083 16 4.733305106767513e-14
1410 3083 12 1.70073082152859e-09
1411 3083 12 1.70073082152859e-09
1417 3083 12 1.70073082152859e-09
1418 3083 14 1.0369300709661378e-11
1420 3083 16 4.733305106767513e-14
1422 3083 16 4.733305106767513e-14
1425 3083 12 1.70073082152859e-09
1427 3083 14 1.0369300709661378e-11
1429 4879 14 1.0369300709661378e-11
1431 3083 14 1.0369300709661378e-11
1433 3083 13 1.3803128234085672e-10
1433 4044 16 4.733305106767513e-14
1437 3083 12 1.70073082152859e-09
1440 3083 12 1.70073082152859e-09
1454 3083 12 1.70073082152859e-09
1455 3083 14 1.0369300709661378e-11
1456 3083 19 9.112285032649403e-18
1457 3083 116 2.581614531305237e-197
1460 3083 12 1.70073082152859e-09
1465 2007 25 8.197716641121687e-26
1474 5118 17 2.900233180844394e-15
1478 2439 13 1.3803128234085672e-10
1489 2494 15 7.247169998738484e-13
1502 4723 29 1.475018755126236e-31
1541 3048 65 1.609689689467032e-92
1550 3845 16 4.733305106767513e-14
1550 4270 22 1.0719681946871952e-21
1567 3527 15 7.247169998738484e-13
1572 2731 35 1.1849651032016336e-40
1572 2732 22 1.0719681946871952e-21
1577 4274 26 3.188905832629607e-27
1621 3222 15 7.247169998738484e-13
1622 2140 16 4.733305106767513e-14
1634 3275 13 1.3803128234085672e-10
1646 4184 13 1.3803128234085672e-10
1652 3874 15 7.247169998738484e-13
1652 3875 26 3.188905832629607e-27
1652 4510 49 1.0699259164839581e-63
1663 1705 17 2.900233180844394e-15
1668 1914 12 1.70073082152859e-09
1683 5093 13 1.3803128234085672e-10
1685 2838 21 2.3011720839783498e-20
1685 3294 12 1.70073082152859e-09
1685 4541 88 1.2884005332812104e-137
1690 2448 22 1.0719681946871952e-21
1703 3083 31 1.5742512382460883e-34
1703 4270 13 1.3803128234085672e-10
1703 4541 156 0.0
1703 4658 14 1.0369300709661378e-11
1704 2708 13 1.3803128234085672e-10
1704 3083 46 1.4355387442934309e-58
1704 4270 19 9.112285032649403e-18
1705 3083 32 4.8764269847877145e-36
1706 3083 31 1.5742512382460883e-34
1707 3083 25 8.197716641121687e-26
1708 3083 38 2.166075064274391e-45
1709 3083 28 4.2719251206625985e-30
1709 3677 14 1.0369300709661378e-11
1710 3083 25 8.197716641121687e-26
1711 3083 14 1.0369300709661378e-11
1711 4578 18 1.6729175447252525e-16
1712 2647 12 1.70073082152859e-09
1712 3083 21 2.3011720839783498e-20
1713 3083 24 2.0196230733104994e-24
1714 3083 21 2.3011720839783498e-20
1714 4301 13 1.3803128234085672e-10
1715 3083 16 4.733305106767513e-14
1716 3083 27 1.1905697123076071e-28
1717 3083 23 4.760836778075919e-23
1718 3083 15 7.247169998738484e-13
1719 3083 18 1.6729175447252525e-16
1720 2414 19 9.112285032649403e-18
1721 3083 22 1.0719681946871952e-21
1722 3083 20 4.699929251219321e-19
1723 3083 13 1.3803128234085672e-10
1724 3083 19 9.112285032649403e-18
1725 3083 12 1.70073082152859e-09
1726 3083 14 1.0369300709661378e-11
1727 3083 12 1.70073082152859e-09
1729 3083 13 1.3803128234085672e-10
1731 3083 20 4.699929251219321e-19
1732 2373 28 4.2719251206625985e-30
1732 3083 23 4.760836778075919e-23
1733 3083 21 2.3011720839783498e-20
1733 4757 17 2.900233180844394e-15
1734 3083 19 9.112285032649403e-18
1738 3083 15 7.247169998738484e-13
1739 3083 15 7.247169998738484e-13
1741 3083 22 1.0719681946871952e-21
1743 3083 15 7.247169998738484e-13
1744 3083 17 2.900233180844394e-15
1745 3083 13 1.3803128234085672e-10
1746 3083 20 4.699929251219321e-19
1747 3083 13 1.3803128234085672e-10
1748 3083 14 1.0369300709661378e-11
1749 2364 19 9.112285032649403e-18
1750 2364 29 1.475018755126236e-31
1752 3083 14 1.0369300709661378e-11
1753 3083 12 1.70073082152859e-09
1754 3083 21 2.3011720839783498e-20
1756 3083 13 1.3803128234085672e-10
1758 3083 18 1.6729175447252525e-16
1764 3083 12 1.70073082152859e-09
1765 3083 13 1.3803128234085672e-10
1766 3083 13 1.3803128234085672e-10
1767 3083 20 4.699929251219321e-19
1771 3376 56 5.13159412922428e-76
1772 3083 13 1.3803128234085672e-10
1797 4569 15 7.247169998738484e-13
1804 4950 15 7.247169998738484e-13
1810 3661 28 4.2719251206625985e-30
1811 4328 19 9.112285032649403e-18
1813 2258 22 1.0719681946871952e-21
1830 3169 14 1.0369300709661378e-11
1830 3170 40 1.2957898632920952e-48
1831 4833 32 4.8764269847877145e-36
1832 4833 29 1.475018755126236e-31
1837 4888 14 1.0369300709661378e-11
1837 4889 50 1.9916779568835255e-65
1837 4890 15 7.247169998738484e-13
1841 2832 14 1.0369300709661378e-11
1849 4361 38 2.166075064274391e-45
1850 4361 17 2.900233180844394e-15
1850 5164 12 1.70073082152859e-09
1851 2641 17 2.900233180844394e-15
1858 2812 12 1.70073082152859e-09
1868 2325 12 1.70073082152859e-09
1880 2206 23 4.760836778075919e-23
1880 4892 16 4.733305106767513e-14
1910 5036 28 4.2719251206625985e-30
1914 4372 23 4.760836778075919e-23
1921 3290 16 4.733305106767513e-14
1926 3705 16 4.733305106767513e-14
1927 5136 15 7.247169998738484e-13
1963 2379 33 1.459791266399764e-37
1964 3677 12 1.70073082152859e-09
1966 4817 12 1.70073082152859e-09
1978 3731 14 1.0369300709661378e-11
1978 3881 15 7.247169998738484e-13
1991 2990 38 2.166075064274391e-45
2003 3083 74 1.0713307969686882e-109
2003 4255 27 1.1905697123076071e-28
2004 3083 52 6.435742544053225e-69
2005 3083 50 1.9916779568835255e-65
2006 3083 37 8.47624716322859e-44
2006 4255 12 1.70073082152859e-09
2007 3083 27 1.1905697123076071e-28
2008 3083 13 1.3803128234085672e-10
2009 3083 33 1.459791266399764e-37
2010 3083 42 6.925061163270553e-52
2011 2814 26 3.188905832629607e-27
2011 3083 18 1.6729175447252525e-16
2011 5289 13 1.3803128234085672e-10
2011 5290 12 1.70073082152859e-09
2022 3083 16 4.733305106767513e-14
2023 3083 12 1.70073082152859e-09
2024 3083 19 9.112285032649403e-18
2030 3083 17 2.900233180844394e-15
2031 3083 24 2.0196230733104994e-24
2031 3876 16 4.733305106767513e-14
2032 3083 20 4.699929251219321e-19
2034 3083 12 1.70073082152859e-09
2036 3083 12 1.70073082152859e-09
2037 3083 19 9.112285032649403e-18
2038 3083 12 1.70073082152859e-09
2046 2392 26 3.188905832629607e-27
2048 3083 16 4.733305106767513e-14
2050 3083 14 1.0369300709661378e-11
2054 3083 17 2.900233180844394e-15
2055 2628 14 1.0369300709661378e-11
2055 3083 15 7.247169998738484e-13
2059 3083 12 1.70073082152859e-09
2061 3480 15 7.247169998738484e-13
2067 3083 12 1.70073082152859e-09
2069 3083 12 1.70073082152859e-09
2163 4021 19 9.112285032649403e-18
2172 5288 15 7.247169998738484e-13
2184 3952 27 1.1905697123076071e-28
2184 4073 20 4.699929251219321e-19
2189 2323 19 9.112285032649403e-18
2189 4649 26 3.188905832629607e-27
2190 4649 15 7.247169998738484e-13
2196 3262 12 1.70073082152859e-09
2201 2426 12 1.70073082152859e-09
2204 4402 29 1.475018755126236e-31
2215 2662 24 2.0196230733104994e-24
2218 3361 14 1.0369300709661378e-11
2220 3561 20 4.699929251219321e-19
2232 2917 12 1.70073082152859e-09
2239 2922 35 1.1849651032016336e-40
2255 2969 12 1.70073082152859e-09
2268 4925 29 1.475018755126236e-31
2271 4297 12 1.70073082152859e-09
2272 3439 17 2.900233180844394e-15
2309 3083 93 6.477470749352832e-148
2310 3083 91 8.926500372500831e-144
2310 4255 14 1.0369300709661378e-11
2310 4541 126 9.090613342078031e-220
2311 2652 16 4.733305106767513e-14
2311 3083 58 1.2728487013717303e-79
2312 3083 47 2.8736292551440384e-60
2312 3571 12 1.70073082152859e-09
2313 3083 33 1.459791266399764e-37
2314 3083 40 1.2957898632920952e-48
2314 3843 22 1.0719681946871952e-21
2315 3083 33 1.459791266399764e-37
2316 3083 30 4.906687301770696e-33
2317 3083 33 1.459791266399764e-37
2318 3083 29 1.475018755126236e-31
2318 3124 12 1.70073082152859e-09
2319 3083 29 1.475018755126236e-31
2320 3083 61 4.256359603388217e-85
2321 3083 46 1.4355387442934309e-58
2322 3083 37 8.47624716322859e-44
2323 3083 44 3.321379847787039e-55
2324 3083 31 1.5742512382460883e-34
2325 3083 26 3.188905832629607e-27
2326 3083 29 1.475018755126236e-31
2327 3083 24 2.0196230733104994e-24
2328 3083 23 4.760836778075919e-23
2329 3083 21 2.3011720839783498e-20
2330 3083 25 8.197716641121687e-26
2331 3083 24 2.0196230733104994e-24
2332 3083 15 7.247169998738484e-13
2333 3083 18 1.6729175447252525e-16
2334 3083 19 9.112285032649403e-18
2335 3083 21 2.3011720839783498e-20
2336 3083 12 1.70073082152859e-09
2337 3083 14 1.0369300709661378e-11
2338 3083 20 4.699929251219321e-19
2339 3083 19 9.112285032649403e-18
2340 3083 19 9.112285032649403e-18
2349 3083 16 4.733305106767513e-14
2350 3083 20 4.699929251219321e-19
2351 3083 16 4.733305106767513e-14
2352 3083 13 1.3803128234085672e-10
2353 3083 21 2.3011720839783498e-20
2354 3083 13 1.3803128234085672e-10
2356 3083 16 4.733305106767513e-14
2357 3083 22 1.0719681946871952e-21
2358 3083 14 1.0369300709661378e-11
2359 3083 17 2.900233180844394e-15
2361 2892 13 1.3803128234085672e-10
2363 3083 16 4.733305106767513e-14
2372 3083 12 1.70073082152859e-09
2373 3083 16 4.733305106767513e-14
2373 5254 24 2.0196230733104994e-24
2375 3083 14 1.0369300709661378e-11
2377 3083 15 7.247169998738484e-13
2380 3083 14 1.0369300709661378e-11
2383 3083 14 1.0369300709661378e-11
2385 4391 12 1.70073082152859e-09
2386 3083 13 1.3803128234085672e-10
2387 3083 12 1.70073082152859e-09
2401 3572 14 1.0369300709661378e-11
2407 3839 20 4.699929251219321e-19
2409 4674 13 1.3803128234085672e-10
2434 4501 20 4.699929251219321e-19
2435 4142 13 1.3803128234085672e-10
2437 4972 12 1.70073082152859e-09
2441 2845 18 1.6729175447252525e-16
2458 3908 19 9.112285032649403e-18
2478 2677 31 1.5742512382460883e-34
2481 5241 12 1.70073082152859e-09
2488 4714 16 4.733305106767513e-14
2494 3215 12 1.70073082152859e-09
2495 3215 16 4.733305106767513e-14
2505 4790 14 1.0369300709661378e-11
2510 3426 13 1.3803128234085672e-10
2511 3426 38 2.166075064274391e-45
2520 2929 15 7.247169998738484e-13
2520 2930 39 5.374734651616459e-47
2520 2931 155 0.0
2520 2932 14 1.0369300709661378e-11
2555 3331 26 3.188905832629607e-27
2563 3718 14 1.0369300709661378e-11
2563 4651 14 1.0369300709661378e-11
2564 4651 12 1.70073082152859e-09
2565 4651 28 4.2719251206625985e-30
2566 4651 36 3.218486513031829e-42
2566 4956 12 1.70073082152859e-09
2573 3083 35 1.1849651032016336e-40
2574 3083 44 3.321379847787039e-55
2575 3083 34 4.2270278477901376e-39
2576 3083 18 1.6729175447252525e-16
2577 3083 25 8.197716641121687e-26
2578 3083 23 4.760836778075919e-23
2578 3497 14 1.0369300709661378e-11
2578 3499 12 1.70073082152859e-09
2579 3083 19 9.112285032649403e-18
2580 3083 21 2.3011720839783498e-20
2581 3083 23 4.760836778075919e-23
2582 3083 25 8.197716641121687e-26
2583 3083 23 4.760836778075919e-23
2584 3083 14 1.0369300709661378e-11
2585 3083 15 7.247169998738484e-13
2586 3083 23 4.760836778075919e-23
2587 3083 24 2.0196230733104994e-24
2588 3083 22 1.0719681946871952e-21
2590 3083 12 1.70073082152859e-09
2591 3083 25 8.197716641121687e-26
2592 3083 20 4.699929251219321e-19
2593 3083 21 2.3011720839783498e-20
2594 3083 24 2.0196230733104994e-24
2595 3083 32 4.8764269847877145e-36
2596 3083 25 8.197716641121687e-26
2597 3083 29 1.475018755126236e-31
2598 3083 20 4.699929251219321e-19
2599 3083 19 9.112285032649403e-18
2600 3083 13 1.3803128234085672e-10
2601 3083 15 7.247169998738484e-13
2602 3083 15 7.247169998738484e-13
2603 3083 13 1.3803128234085672e-10
2604 3083 13 1.3803128234085672e-10
2605 3083 13 1.3803128234085672e-10
2605 5120 12 1.70073082152859e-09
2606 3083 15 7.247169998738484e-13
2607 3083 18 1.6729175447252525e-16
2608 3083 20 4.699929251219321e-19
2609 3083 24 2.0196230733104994e-24
2610 3083 20 4.699929251219321e-19
2611 3083 15 7.247169998738484e-13
2613 3083 12 1.70073082152859e-09
2616 3083 15 7.247169998738484e-13
2627 3083 14 1.0369300709661378e-11
2628 3083 13 1.3803128234085672e-10
2629 3083 14 1.0369300709661378e-11
2630 3083 18 1.6729175447252525e-16
2631 3083 14 1.0369300709661378e-11
2632 3083 13 1.3803128234085672e-10
2637 3083 16 4.733305106767513e-14
2641 3083 15 7.247169998738484e-13
2647 3083 14 1.0369300709661378e-11
2647 4157 14 1.0369300709661378e-11
2648 3083 12 1.70073082152859e-09
2668 4221 15 7.247169998738484e-13
2674 4321 12 1.70073082152859e-09
2696 5222 20 4.699929251219321e-19
2702 4631 24 2.0196230733104994e-24
2713 5151 14 1.0369300709661378e-11
2724 3120 14 1.0369300709661378e-11
2732 3642 36 3.218486513031829e-42
2743 4390 12 1.70073082152859e-09
2780 4356 17 2.900233180844394e-15
2803 4363 20 4.699929251219321e-19
2803 4364 45 6.99376097623111e-57
2808 3729 14 1.0369300709661378e-11
2814 5290 14 1.0369300709661378e-11
2822 3083 13 1.3803128234085672e-10
2822 3422 13 1.3803128234085672e-10
2823 3083 13 1.3803128234085672e-10
2825 3083 22 1.0719681946871952e-21
2826 3083 29 1.475018755126236e-31
2827 3083 26 3.188905832629607e-27
2828 3083 33 1.459791266399764e-37
2829 3083 30 4.906687301770696e-33
2830 3083 26 3.188905832629607e-27
2831 3083 17 2.900233180844394e-15
2832 3083 15 7.247169998738484e-13
2833 3083 19 9.112285032649403e-18
2834 3083 16 4.733305106767513e-14
2835 3083 16 4.733305106767513e-14
2837 3083 15 7.247169998738484e-13
2839 3083 12 1.70073082152859e-09
2840 3083 20 4.699929251219321e-19
2841 3083 22 1.0719681946871952e-21
2842 3083 21 2.3011720839783498e-20
2842 3513 12 1.70073082152859e-09
2843 3083 16 4.733305106767513e-14
2844 3083 16 4.733305106767513e-14
2848 3111 17 2.900233180844394e-15
2849 3083 16 4.733305106767513e-14
2850 3083 14 1.0369300709661378e-11
2851 3083 13 1.3803128234085672e-10
2851 4907 17 2.900233180844394e-15
2852 3083 22 1.0719681946871952e-21
2853 3083 16 4.733305106767513e-14
2857 3083 15 7.247169998738484e-13
2859 3083 18 1.6729175447252525e-16
2859 3570 26 3.188905832629607e-27
2864 3083 15 7.247169998738484e-13
2866 3083 14 1.0369300709661378e-11
2870 3384 14 1.0369300709661378e-11
2876 4809 35 1.1849651032016336e-40
2894 3083 12 1.70073082152859e-09
2900 3083 12 1.70073082152859e-09
2904 3083 13 1.3803128234085672e-10
2947 3575 14 1.0369300709661378e-11
2948 3575 58 1.2728487013717303e-79
3003 4340 13 1.3803128234085672e-10
3022 3303 16 4.733305106767513e-14
3030 4608 14 1.0369300709661378e-11
3050 4529 16 4.733305106767513e-14
3075 4956 16 4.733305106767513e-14
3083 3328 19 9.112285032649403e-18
3083 3329 12 1.70073082152859e-09
3083 3330 14 1.0369300709661378e-11
3083 3331 15 7.247169998738484e-13
3083 3345 14 1.0369300709661378e-11
3083 3570 18 1.6729175447252525e-16
3083 3571 51 3.621709959497422e-67
3083 3572 41 3.0371930629733333e-50
3083 3573 26 3.188905832629607e-27
3083 3574 17 2.900233180844394e-15
3083 3575 34 4.2270278477901376e-39
3083 3576 16 4.733305106767513e-14
3083 3577 22 1.0719681946871952e-21
3083 3578 17 2.900233180844394e-15
3083 3579 16 4.733305106767513e-14
3083 3580 24 2.0196230733104994e-24
3083 3581 24 2.0196230733104994e-24
3083 3582 30 4.906687301770696e-33
3083 3583 23 4.760836778075919e-23
3083 3584 15 7.247169998738484e-13
3083 3585 15 7.247169998738484e-13
3083 3586 21 2.3011720839783498e-20
3083 3587 17 2.900233180844394e-15
3083 3588 15 7.247169998738484e-13
3083 3589 13 1.3803128234085672e-10
3083 3592 31 1.5742512382460883e-34
3083 3594 13 1.3803128234085672e-10
3083 3597 14 1.0369300709661378e-11
3083 3598 18 1.6729175447252525e-16
3083 3600 17 2.900233180844394e-15
3083 3602 18 1.6729175447252525e-16
3083 3603 20 4.699929251219321e-19
3083 3606 16 4.733305106767513e-14
3083 3607 14 1.0369300709661378e-11
3083 3611 14 1.0369300709661378e-11
3083 3613 13 1.3803128234085672e-10
3083 3614 13 1.3803128234085672e-10
3083 3620 12 1.70073082152859e-09
3083 3623 12 1.70073082152859e-09
3083 3629 12 1.70073082152859e-09
3083 3632 13 1.3803128234085672e-10
3083 3636 13 1.3803128234085672e-10
3083 3662 12 1.70073082152859e-09
3083 3680 56 5.13159412922428e-76
3083 3824 19 9.112285032649403e-18
3083 3826 13 1.3803128234085672e-10
3083 3828 17 2.900233180844394e-15
3083 3829 20 4.699929251219321e-19
3083 3830 27 1.1905697123076071e-28
3083 3831 21 2.3011720839783498e-20
3083 3832 22 1.0719681946871952e-21
3083 3833 21 2.3011720839783498e-20
3083 3834 31 1.5742512382460883e-34
3083 3835 21 2.3011720839783498e-20
3083 3836 28 4.2719251206625985e-30
3083 3837 14 1.0369300709661378e-11
3083 3838 24 2.0196230733104994e-24
3083 3839 29 1.475018755126236e-31
3083 3840 24 2.0196230733104994e-24
3083 3841 23 4.760836778075919e-23
3083 3842 31 1.5742512382460883e-34
3083 3843 58 1.2728487013717303e-79
3083 3844 54 1.8991249172852065e-72
3083 3845 44 3.321379847787039e-55
3083 3846 14 1.0369300709661378e-11
3083 3847 17 2.900233180844394e-15
3083 3848 15 7.247169998738484e-13
3083 3850 16 4.733305106767513e-14
3083 3852 12 1.70073082152859e-09
3083 3853 12 1.70073082152859e-09
3083 3862 13 1.3803128234085672e-10
3083 3872 12 1.70073082152859e-09
3083 4062 28 4.2719251206625985e-30
3083 4063 19 9.112285032649403e-18
3083 4064 29 1.475018755126236e-31
3083 4065 14 1.0369300709661378e-11
3083 4066 19 9.112285032649403e-18
3083 4067 17 2.900233180844394e-15
3083 4068 17 2.900233180844394e-15
3083 4069 23 4.760836778075919e-23
3083 4070 24 2.0196230733104994e-24
3083 4071 18 1.6729175447252525e-16
3083 4072 26 3.188905832629607e-27
3083 4073 19 9.112285032649403e-18
3083 4074 15 7.247169998738484e-13
3083 4075 12 1.70073082152859e-09
3083 4077 21 2.3011720839783498e-20
3083 4078 16 4.733305106767513e-14
3083 4079 20 4.699929251219321e-19
3083 4080 20 4.699929251219321e-19
3083 4081 23 4.760836778075919e-23
3083 4082 19 9.112285032649403e-18
3083 4084 14 1.0369300709661378e-11
3083 4085 22 1.0719681946871952e-21
3083 4086 19 9.112285032649403e-18
3083 4087 24 2.0196230733104994e-24
3083 4088 21 2.3011720839783498e-20
3083 4089 12 1.70073082152859e-09
3083 4090 16 4.733305106767513e-14
3083 4091 13 1.3803128234085672e-10
3083 4092 16 4.733305106767513e-14
3083 4094 17 2.900233180844394e-15
3083 4096 20 4.699929251219321e-19
3083 4099 16 4.733305106767513e-14
3083 4100 17 2.900233180844394e-15
3083 4101 17 2.900233180844394e-15
3083 4103 15 7.247169998738484e-13
3083 4107 17 2.900233180844394e-15
3083 4109 14 1.0369300709661378e-11
3083 4111 15 7.247169998738484e-13
3083 4112 15 7.247169998738484e-13
3083 4117 12 1.70073082152859e-09
3083 4118 15 7.247169998738484e-13
3083 4127 12 1.70073082152859e-09
3083 4128 13 1.3803128234085672e-10
3083 4133 13 1.3803128234085672e-10
3083 4255 303 0.0
3083 4270 13 1.3803128234085672e-10
3083 4271 27 1.1905697123076071e-28
3083 4272 26 3.188905832629607e-27
3083 4273 21 2.3011720839783498e-20
3083 4274 23 4.760836778075919e-23
3083 4275 19 9.112285032649403e-18
3083 4276 25 8.197716641121687e-26
3083 4277 24 2.0196230733104994e-24
3083 4278 24 2.0196230733104994e-24
3083 4279 20 4.699929251219321e-19
3083 4280 14 1.0369300709661378e-11
3083 4281 15 7.247169998738484e-13
3083 4282 14 1.0369300709661378e-11
3083 4283 22 1.0719681946871952e-21
3083 4284 21 2.3011720839783498e-20
3083 4285 17 2.900233180844394e-15
3083 4286 12 1.70073082152859e-09
3083 4287 17 2.900233180844394e-15
3083 4288 16 4.733305106767513e-14
3083 4289 16 4.733305106767513e-14
3083 4291 12 1.70073082152859e-09
3083 4294 12 1.70073082152859e-09
3083 4296 17 2.900233180844394e-15
3083 4312 12 1.70073082152859e-09
3083 4315 14 1.0369300709661378e-11
3083 4318 13 1.3803128234085672e-10
3083 4467 48 5.6124094460469605e-62
3083 4468 27 1.1905697123076071e-28
3083 4469 25 8.197716641121687e-26
3083 4470 32 4.8764269847877145e-36
3083 4471 29 1.475018755126236e-31
3083 4472 19 9.112285032649403e-18
3083 4473 14 1.0369300709661378e-11
3083 4479 12 1.70073082152859e-09
3083 4480 12 1.70073082152859e-09
3083 4482 15 7.247169998738484e-13
3083 4483 12 1.70073082152859e-09
3083 4485 14 1.0369300709661378e-11
3083 4486 17 2.900233180844394e-15
3083 4488 13 1.3803128234085672e-10
3083 4489 13 1.3803128234085672e-10
3083 4490 17 2.900233180844394e-15
3083 4491 14 1.0369300709661378e-11
3083 4492 27 1.1905697123076071e-28
3083 4493 15 7.247169998738484e-13
3083 4494 17 2.900233180844394e-15
3083 4495 15 7.247169998738484e-13
3083 4496 17 2.900233180844394e-15
3083 4497 16 4.733305106767513e-14
3083 4498 12 1.70073082152859e-09
3083 4500 13 1.3803128234085672e-10
3083 4501 12 1.70073082152859e-09
3083 4504 14 1.0369300709661378e-11
3083 4509 15 7.247169998738484e-13
3083 4510 16 4.733305106767513e-14
3083 4516 16 4.733305106767513e-14
3083 4525 16 4.733305106767513e-14
3083 4541 14 1.0369300709661378e-11
3083 4658 84 1.690853838979716e-129
3083 4668 13 1.3803128234085672e-10
3083 4676 12 1.70073082152859e-09
3083 4679 12 1.70073082152859e-09
3083 4681 12 1.70073082152859e-09
3083 4686 13 1.3803128234085672e-10
3083 4843 13 1.3803128234085672e-10
3083 4858 17 2.900233180844394e-15
3083 4866 12 1.70073082152859e-09
3083 4898 12 1.70073082152859e-09
3083 4970 12 1.70073082152859e-09
3083 4971 18 1.6729175447252525e-16
3083 4972 23 4.760836778075919e-23
3083 4977 14 1.0369300709661378e-11
3083 4978 12 1.70073082152859e-09
3083 4979 16 4.733305106767513e-14
3083 4980 19 9.112285032649403e-18
3083 4982 14 1.0369300709661378e-11
3083 4998 13 1.3803128234085672e-10
3083 5003 12 1.70073082152859e-09
3083 5026 13 1.3803128234085672e-10
3086 4328 14 1.0369300709661378e-11
3110 3615 19 9.112285032649403e-18
3136 4330 13 1.3803128234085672e-10
3142 4111 13 1.3803128234085672e-10
3142 4883 21 2.3011720839783498e-20
3142 4884 40 1.2957898632920952e-48
3153 4397 15 7.247169998738484e-13
3155 3459 13 1.3803128234085672e-10
3161 3707 14 1.0369300709661378e-11
3163 3935 12 1.70073082152859e-09
3169 4698 12 1.70073082152859e-09
3202 3704 24 2.0196230733104994e-24
3202 4219 16 4.733305106767513e-14
3232 4106 20 4.699929251219321e-19
3232 4107 38 2.166075064274391e-45
3232 4108 40 1.2957898632920952e-48
3232 4175 14 1.0369300709661378e-11
3243 3619 12 1.70073082152859e-09
3244 3674 27 1.1905697123076071e-28
3244 4127 24 2.0196230733104994e-24
3264 4004 13 1.3803128234085672e-10
3264 5089 18 1.6729175447252525e-16
3285 3463 17 2.900233180844394e-15
3294 4541 144 0.0
3306 4904 40 1.2957898632920952e-48
3320 4954 17 2.900233180844394e-15
3320 4955 23 4.760836778075919e-23
3320 4956 55 3.155843012673527e-74
3327 4467 16 4.733305106767513e-14
3337 4562 33 1.459791266399764e-37
3344 3649 19 9.112285032649403e-18
3378 3716 22 1.0719681946871952e-21
3401 5125 22 1.0719681946871952e-21
3416 5172 19 9.112285032649403e-18
3417 4746 14 1.0369300709661378e-11
3541 3775 16 4.733305106767513e-14
3542 3775 43 1.5368417235082803e-53
3546 5250 16 4.733305106767513e-14
3556 4088 14 1.0369300709661378e-11
3598 3879 23 4.760836778075919e-23
3620 4517 12 1.70073082152859e-09
3635 3950 12 1.70073082152859e-09
3644 4669 16 4.733305106767513e-14
3680 4255 307 0.0
3690 4253 13 1.3803128234085672e-10
3698 4990 24 2.0196230733104994e-24
3716 4672 18 1.6729175447252525e-16
3753 4510 13 1.3803128234085672e-10
3758 4877 12 1.70073082152859e-09
3762 4381 23 4.760836778075919e-23
3914 4433 17 2.900233180844394e-15
3938 4326 13 1.3803128234085672e-10
3952 4260 14 1.0369300709661378e-11
3975 4184 15 7.247169998738484e-13
4032 4942 13 1.3803128234085672e-10
4064 4830 22 1.0719681946871952e-21
4125 5137 15 7.247169998738484e-13
4129 4512 17 2.900233180844394e-15
4219 4623 18 1.6729175447252525e-16
4255 4658 16 4.733305106767513e-14
4270 4658 35 1.1849651032016336e-40
4270 4659 23 4.760836778075919e-23
4270 4840 36 3.218486513031829e-42
4270 4841 14 1.0369300709661378e-11
4294 4707 12 1.70073082152859e-09
4298 4550 12 1.70073082152859e-09
4298 4551 14 1.0369300709661378e-11
4309 4554 16 4.733305106767513e-14
4349 4622 12 1.70073082152859e-09
4365 4920 20 4.699929251219321e-19
4378 5000 13 1.3803128234085672e-10
4438 5162 20 4.699929251219321e-19
4484 4952 22 1.0719681946871952e-21
4529 4902 35 1.1849651032016336e-40
4541 4799 18 1.6729175447252525e-16
4651 4956 19 9.112285032649403e-18
4910 5210 20 4.699929251219321e-19
4926 4975 19 9.112285032649403e-18
