bin1 bin2 count
6 3085 20 4.444128361288131e-19
7 3085 42 6.1353938499495684e-52
8 3085 34 3.8347431841586284e-39
9 3085 37 7.621648379874398e-44
10 3085 43 1.3575714090670039e-53
10 5007 18 1.5912572494057382e-16
10 5008 16 4.5289856505276475e-14
11 3085 33 1.328242061732228e-37
12 3085 33 1.328242061732228e-37
13 3085 32 4.450138080206819e-36
14 3085 42 6.1353938499495684e-52
15 3085 25 7.63768446871756e-26
17 3085 27 1.1026890313414052e-28
18 3085 20 4.444128361288131e-19
19 3085 34 3.8347431841586284e-39
19 3237 19 8.641872660891718e-18
20 3085 30 4.504335469126075e-33
21 3085 32 4.450138080206819e-36
22 3085 27 1.1026890313414052e-28
23 3085 27 1.1026890313414052e-28
24 3085 20 4.444128361288131e-19
25 3085 21 2.169497120049547e-20
26 3085 30 4.504335469126075e-33
27 3085 26 2.9622739002944275e-27
28 3085 17 2.7668401490780442e-15
29 3085 21 2.169497120049547e-20
30 3085 13 1.3325080637071613e-10
31 3085 16 4.5289856505276475e-14
32 3085 17 2.7668401490780442e-15
33 1714 21 2.169497120049547e-20
33 3085 17 2.7668401490780442e-15
34 2953 12 1.6466951190199021e-09
34 3085 18 1.5912572494057382e-16
35 2953 24 1.8872282395202314e-24
35 3085 14 9.980596534540136e-12
37 3676 13 1.3325080637071613e-10
38 3085 13 1.3325080637071613e-10
42 3085 14 9.980596534540136e-12
43 3085 15 6.954888733999364e-13
44 2377 20 4.444128361288131e-19
44 3085 24 1.8872282395202314e-24
45 3085 14 9.980596534540136e-12
46 3085 17 2.7668401490780442e-15
48 3085 15 6.954888733999364e-13
49 3085 12 1.6466951190199021e-09
50 3085 16 4.5289856505276475e-14
51 3085 16 4.5289856505276475e-14
53 3085 12 1.6466951190199021e-09
55 3085 13 1.3325080637071613e-10
57 3085 15 6.954888733999364e-13
61 3085 16 4.5289856505276475e-14
62 3085 15 6.954888733999364e-13
66 3085 13 1.3325080637071613e-10
68 3085 17 2.7668401490780442e-15
69 3085 13 1.3325080637071613e-10
70 3085 12 1.6466951190199021e-09
71 3085 25 7.63768446871756e-26
72 3085 18 1.5912572494057382e-16
73 3085 12 1.6466951190199021e-09
74 3085 14 9.980596534540136e-12
75 3085 15 6.954888733999364e-13
77 3085 20 4.444128361288131e-19
78 3085 17 2.7668401490780442e-15
80 3085 14 9.980596534540136e-12
81 3085 13 1.3325080637071613e-10
82 3085 16 4.5289856505276475e-14
87 3085 14 9.980596534540136e-12
99 913 14 9.980596534540136e-12
105 3085 14 9.980596534540136e-12
111 4926 36 2.9025671999980604e-42
114 3887 14 9.980596534540136e-12
116 2506 15 6.954888733999364e-13
131 2547 12 1.6466951190199021e-09
131 2548 12 1.6466951190199021e-09
131 3839 16 4.5289856505276475e-14
133 2706 40 1.15484579380403e-48
135 1344 12 1.6466951190199021e-09
141 1571 12 1.6466951190199021e-09
149 3883 14 9.980596534540136e-12
161 4668 20 4.444128361288131e-19
168 585 13 1.3325080637071613e-10
168 586 22 1.0076427589695906e-21
179 873 15 6.954888733999364e-13
180 401 16 4.5289856505276475e-14
180 402 19 8.641872660891718e-18
180 403 23 4.4619293337470636e-23
180 404 17 2.7668401490780442e-15
180 405 15 6.954888733999364e-13
180 406 15 6.954888733999364e-13
180 411 13 1.3325080637071613e-10
180 418 12 1.6466951190199021e-09
180 1087 20 4.444128361288131e-19
180 1088 15 6.954888733999364e-13
180 1090 14 9.980596534540136e-12
180 3085 71 5.449976841236855e-104
181 3085 15 6.954888733999364e-13
186 1128 13 1.3325080637071613e-10
196 1601 13 1.3325080637071613e-10
198 2755 12 1.6466951190199021e-09
210 704 20 4.444128361288131e-19
215 2717 20 4.444128361288131e-19
221 2138 18 1.5912572494057382e-16
222 1930 48 4.8849083899043e-62
223 1930 21 2.169497120049547e-20
234 4296 24 1.8872282395202314e-24
249 3696 12 1.6466951190199021e-09
251 1111 12 1.6466951190199021e-09
256 1748 13 1.3325080637071613e-10
260 1215 23 4.4619293337470636e-23
271 3071 21 2.169497120049547e-20
273 2399 24 1.8872282395202314e-24
274 2399 44 2.925275635320647e-55
278 3564 39 4.804317931183117e-47
288 2831 13 1.3325080637071613e-10
295 913 17 2.7668401490780442e-15
299 1160 12 1.6466951190199021e-09
305 3916 17 2.7668401490780442e-15
309 2613 26 2.9622739002944275e-27
311 4523 20 4.444128361288131e-19
318 3220 24 1.8872282395202314e-24
319 1974 16 4.5289856505276475e-14
323 5052 19 8.641872660891718e-18
324 5052 14 9.980596534540136e-12
326 1421 13 1.3325080637071613e-10
337 1127 13 1.3325080637071613e-10
344 4118 13 1.3325080637071613e-10
347 3071 20 4.444128361288131e-19
348 4345 15 6.954888733999364e-13
360 2378 19 8.641872660891718e-18
401 3085 26 2.9622739002944275e-27
402 3085 40 1.15484579380403e-48
402 4618 13 1.3325080637071613e-10
403 3085 32 4.450138080206819e-36
404 3085 37 7.621648379874398e-44
405 3085 31 1.440890895053508e-34
406 3085 40 1.15484579380403e-48
407 2496 12 1.6466951190199021e-09
407 2497 22 1.0076427589695906e-21
407 3085 39 4.804317931183117e-47
408 3085 26 2.9622739002944275e-27
409 3085 33 1.328242061732228e-37
410 3085 16 4.5289856505276475e-14
411 3085 15 6.954888733999364e-13
412 3085 16 4.5289856505276475e-14
413 3085 14 9.980596534540136e-12
414 3085 24 1.8872282395202314e-24
415 3085 23 4.4619293337470636e-23
416 3085 16 4.5289856505276475e-14
417 3085 18 1.5912572494057382e-16
418 3085 29 1.3580794619801598e-31
418 3646 17 2.7668401490780442e-15
419 3085 22 1.0076427589695906e-21
420 3085 22 1.0076427589695906e-21
421 3085 17 2.7668401490780442e-15
422 3085 15 6.954888733999364e-13
423 3085 12 1.6466951190199021e-09
424 3085 12 1.6466951190199021e-09
425 3085 14 9.980596534540136e-12
426 3085 19 8.641872660891718e-18
427 3085 17 2.7668401490780442e-15
428 3085 13 1.3325080637071613e-10
431 3085 28 3.944905130078284e-30
432 3085 21 2.169497120049547e-20
433 3085 18 1.5912572494057382e-16
434 3085 21 2.169497120049547e-20
436 3085 15 6.954888733999364e-13
437 3085 15 6.954888733999364e-13
438 3085 12 1.6466951190199021e-09
441 2433 13 1.3325080637071613e-10
459 1944 12 1.6466951190199021e-09
473 3085 16 4.5289856505276475e-14
480 1114 12 1.6466951190199021e-09
483 1888 24 1.8872282395202314e-24
484 1888 14 9.980596534540136e-12
488 4023 33 1.328242061732228e-37
508 2720 24 1.8872282395202314e-24
509 2720 44 2.925275635320647e-55
510 2720 18 1.5912572494057382e-16
516 2439 21 2.169497120049547e-20
521 1122 35 1.0718189795724388e-40
534 1667 22 1.0076427589695906e-21
534 1668 42 6.1353938499495684e-52
534 3381 13 1.3325080637071613e-10
542 1292 38 1.9419297137963246e-45
562 2161 17 2.7668401490780442e-15
564 2129 14 9.980596534540136e-12
592 3085 16 4.5289856505276475e-14
594 5152 28 3.944905130078284e-30
595 2965 33 1.328242061732228e-37
597 1054 17 2.7668401490780442e-15
620 2143 17 2.7668401490780442e-15
621 4083 22 1.0076427589695906e-21
623 922 21 2.169497120049547e-20
632 4854 22 1.0076427589695906e-21
638 3772 22 1.0076427589695906e-21
639 2327 33 1.328242061732228e-37
639 3311 17 2.7668401490780442e-15
651 1270 29 1.3580794619801598e-31
654 2648 15 6.954888733999364e-13
658 4006 32 4.450138080206819e-36
667 1480 24 1.8872282395202314e-24
675 4018 31 1.440890895053508e-34
683 958 19 8.641872660891718e-18
683 959 15 6.954888733999364e-13
702 2666 15 6.954888733999364e-13
702 3914 12 1.6466951190199021e-09
703 3914 57 6.922074904110221e-78
705 2562 48 4.8849083899043e-62
705 2563 12 1.6466951190199021e-09
710 2994 25 7.63768446871756e-26
721 1204 34 3.8347431841586284e-39
730 1821 28 3.944905130078284e-30
758 4547 24 1.8872282395202314e-24
766 3085 12 1.6466951190199021e-09
767 3085 24 1.8872282395202314e-24
768 3085 21 2.169497120049547e-20
769 3085 16 4.5289856505276475e-14
771 3085 19 8.641872660891718e-18
772 3085 19 8.641872660891718e-18
772 3957 14 9.980596534540136e-12
774 3085 12 1.6466951190199021e-09
775 3085 16 4.5289856505276475e-14
776 3085 21 2.169497120049547e-20
777 3085 27 1.1026890313414052e-28
778 3085 21 2.169497120049547e-20
779 3085 30 4.504335469126075e-33
780 3085 16 4.5289856505276475e-14
781 3085 15 6.954888733999364e-13
783 3085 12 1.6466951190199021e-09
785 3085 12 1.6466951190199021e-09
791 4440 12 1.6466951190199021e-09
795 3085 13 1.3325080637071613e-10
798 1390 21 2.169497120049547e-20
798 3085 14 9.980596534540136e-12
799 3085 16 4.5289856505276475e-14
804 3085 14 9.980596534540136e-12
808 5105 32 4.450138080206819e-36
809 3803 19 8.641872660891718e-18
815 3085 14 9.980596534540136e-12
816 3085 13 1.3325080637071613e-10
821 3085 13 1.3325080637071613e-10
822 3085 12 1.6466951190199021e-09
824 1420 29 1.3580794619801598e-31
832 3085 12 1.6466951190199021e-09
832 3834 27 1.1026890313414052e-28
833 3085 14 9.980596534540136e-12
834 1406 18 1.5912572494057382e-16
834 3085 12 1.6466951190199021e-09
834 3776 20 4.444128361288131e-19
840 3085 14 9.980596534540136e-12
851 4006 18 1.5912572494057382e-16
867 3085 14 9.980596534540136e-12
878 2872 14 9.980596534540136e-12
892 4558 12 1.6466951190199021e-09
910 1456 15 6.954888733999364e-13
912 3850 27 1.1026890313414052e-28
919 3717 15 6.954888733999364e-13
924 1850 13 1.3325080637071613e-10
929 2028 19 8.641872660891718e-18
933 4132 12 1.6466951190199021e-09
935 1716 21 2.169497120049547e-20
936 2413 18 1.5912572494057382e-16
936 2476 30 4.504335469126075e-33
958 4128 18 1.5912572494057382e-16
958 4129 44 2.925275635320647e-55
963 4539 15 6.954888733999364e-13
969 4935 12 1.6466951190199021e-09
970 3748 14 9.980596534540136e-12
983 2195 18 1.5912572494057382e-16
991 3970 15 6.954888733999364e-13
1014 5107 14 9.980596534540136e-12
1025 2457 18 1.5912572494057382e-16
1034 3884 27 1.1026890313414052e-28
1036 1141 29 1.3580794619801598e-31
1036 1142 20 4.444128361288131e-19
1043 4018 12 1.6466951190199021e-09
1049 5006 13 1.3325080637071613e-10
1051 2680 17 2.7668401490780442e-15
1051 3441 24 1.8872282395202314e-24
1086 1704 16 4.5289856505276475e-14
1086 1705 42 6.1353938499495684e-52
1086 1706 13 1.3325080637071613e-10
1086 2004 14 9.980596534540136e-12
1086 2310 25 7.63768446871756e-26
1086 2311 42 6.1353938499495684e-52
1086 2312 12 1.6466951190199021e-09
1086 3085 13 1.3325080637071613e-10
1086 4067 14 9.980596534540136e-12
1086 4068 23 4.4619293337470636e-23
1087 3085 32 4.450138080206819e-36
1088 3085 35 1.0718189795724388e-40
1089 3085 25 7.63768446871756e-26
1090 3085 16 4.5289856505276475e-14
1091 3085 26 2.9622739002944275e-27
1092 3085 18 1.5912572494057382e-16
1093 3085 26 2.9622739002944275e-27
1094 3085 22 1.0076427589695906e-21
1095 3085 19 8.641872660891718e-18
1096 3085 29 1.3580794619801598e-31
1097 3085 29 1.3580794619801598e-31
1098 3085 29 1.3580794619801598e-31
1099 3085 18 1.5912572494057382e-16
1100 3085 21 2.169497120049547e-20
1101 3085 22 1.0076427589695906e-21
1102 3085 28 3.944905130078284e-30
1102 4861 18 1.5912572494057382e-16
1103 3085 27 1.1026890313414052e-28
1104 3085 15 6.954888733999364e-13
1106 3085 14 9.980596534540136e-12
1107 3085 16 4.5289856505276475e-14
1110 3085 29 1.3580794619801598e-31
1111 3085 18 1.5912572494057382e-16
1112 3085 16 4.5289856505276475e-14
1115 3085 12 1.6466951190199021e-09
1116 3085 14 9.980596534540136e-12
1118 3085 14 9.980596534540136e-12
1119 3085 13 1.3325080637071613e-10
1120 3085 14 9.980596534540136e-12
1121 2476 12 1.6466951190199021e-09
1121 3085 14 9.980596534540136e-12
1122 3085 14 9.980596534540136e-12
1123 3085 13 1.3325080637071613e-10
1124 3085 15 6.954888733999364e-13
1125 3085 13 1.3325080637071613e-10
1126 3085 13 1.3325080637071613e-10
1127 3085 14 9.980596534540136e-12
1128 3085 12 1.6466951190199021e-09
1130 3085 15 6.954888733999364e-13
1131 3085 12 1.6466951190199021e-09
1134 3085 12 1.6466951190199021e-09
1138 3085 12 1.6466951190199021e-09
1142 3085 14 9.980596534540136e-12
1144 3085 12 1.6466951190199021e-09
1147 1654 12 1.6466951190199021e-09
1147 3085 14 9.980596534540136e-12
1148 3085 18 1.5912572494057382e-16
1150 3085 15 6.954888733999364e-13
1158 1722 19 8.641872660891718e-18
1162 3085 17 2.7668401490780442e-15
1162 4611 25 7.63768446871756e-26
1163 3085 15 6.954888733999364e-13
1218 3398 15 6.954888733999364e-13
1223 4861 14 9.980596534540136e-12
1230 3358 19 8.641872660891718e-18
1302 4178 13 1.3325080637071613e-10
1310 2700 21 2.169497120049547e-20
1313 2567 12 1.6466951190199021e-09
1314 4389 26 2.9622739002944275e-27
1325 3592 12 1.6466951190199021e-09
1336 2199 13 1.3325080637071613e-10
1343 3927 19 8.641872660891718e-18
1345 4304 20 4.444128361288131e-19
1354 1477 20 4.444128361288131e-19
1355 1477 39 4.804317931183117e-47
1369 1943 12 1.6466951190199021e-09
1369 4313 22 1.0076427589695906e-21
1374 4544 13 1.3325080637071613e-10
1383 1629 16 4.5289856505276475e-14
1387 4693 17 2.7668401490780442e-15
1389 4242 15 6.954888733999364e-13
1390 4015 16 4.5289856505276475e-14
1390 4731 12 1.6466951190199021e-09
1391 4731 52 5.535598306473765e-69
1399 2456 25 7.63768446871756e-26
1399 3085 25 7.63768446871756e-26
1399 3575 18 1.5912572494057382e-16
1399 4276 13 1.3325080637071613e-10
1400 3085 25 7.63768446871756e-26
1401 3085 15 6.954888733999364e-13
1402 3085 17 2.7668401490780442e-15
1403 3085 19 8.641872660891718e-18
1404 3085 13 1.3325080637071613e-10
1405 3085 13 1.3325080637071613e-10
1407 3085 12 1.6466951190199021e-09
1408 2933 13 1.3325080637071613e-10
1409 3085 19 8.641872660891718e-18
1410 3085 17 2.7668401490780442e-15
1411 3085 15 6.954888733999364e-13
1412 3085 14 9.980596534540136e-12
1418 3085 12 1.6466951190199021e-09
1419 3085 12 1.6466951190199021e-09
1421 3085 14 9.980596534540136e-12
1423 3085 13 1.3325080637071613e-10
1424 3085 12 1.6466951190199021e-09
1426 3085 12 1.6466951190199021e-09
1431 4887 18 1.5912572494057382e-16
1432 3085 15 6.954888733999364e-13
1433 3085 12 1.6466951190199021e-09
1434 3085 14 9.980596534540136e-12
1442 3085 14 9.980596534540136e-12
1452 3085 12 1.6466951190199021e-09
1455 3085 12 1.6466951190199021e-09
1457 3085 14 9.980596534540136e-12
1458 3085 117 1.1048475343466025e-199
1459 3085 17 2.7668401490780442e-15
1462 3085 12 1.6466951190199021e-09
1467 2008 23 4.4619293337470636e-23
1476 5127 15 6.954888733999364e-13
1490 2495 15 6.954888733999364e-13
1494 1862 12 1.6466951190199021e-09
1504 4731 24 1.8872282395202314e-24
1542 3051 59 1.636756472815561e-81
1543 3051 22 1.0076427589695906e-21
1552 3850 14 9.980596534540136e-12
1552 4276 22 1.0076427589695906e-21
1555 2458 13 1.3325080637071613e-10
1569 3531 13 1.3325080637071613e-10
1573 2734 44 2.925275635320647e-55
1578 4279 28 3.944905130078284e-30
1622 3225 19 8.641872660891718e-18
1623 2141 14 9.980596534540136e-12
1636 3277 12 1.6466951190199021e-09
1653 3880 36 2.9025671999980604e-42
1653 4516 49 9.284862812892897e-64
1664 1706 14 9.980596534540136e-12
1669 1916 14 9.980596534540136e-12
1684 5102 12 1.6466951190199021e-09
1686 2841 21 2.169497120049547e-20
1686 4547 88 9.961993686499389e-138
1691 2450 21 2.169497120049547e-20
1704 3085 16 4.5289856505276475e-14
1704 3575 12 1.6466951190199021e-09
1704 4547 156 0.0
1705 3085 48 4.8849083899043e-62
1705 4276 26 2.9622739002944275e-27
1705 4665 16 4.5289856505276475e-14
1706 2710 12 1.6466951190199021e-09
1706 3085 36 2.9025671999980604e-42
1706 4276 12 1.6466951190199021e-09
1707 3085 24 1.8872282395202314e-24
1708 3085 31 1.440890895053508e-34
1709 3085 36 2.9025671999980604e-42
1710 3085 33 1.328242061732228e-37
1710 3682 13 1.3325080637071613e-10
1711 3085 28 3.944905130078284e-30
1712 3085 17 2.7668401490780442e-15
1712 4584 14 9.980596534540136e-12
1713 3085 15 6.954888733999364e-13
1714 2649 13 1.3325080637071613e-10
1714 3085 23 4.4619293337470636e-23
1714 4164 13 1.3325080637071613e-10
1715 3085 24 1.8872282395202314e-24
1716 3085 18 1.5912572494057382e-16
1717 3085 21 2.169497120049547e-20
1718 3085 26 2.9622739002944275e-27
1719 3085 18 1.5912572494057382e-16
1720 3085 18 1.5912572494057382e-16
1721 2415 19 8.641872660891718e-18
1721 3085 15 6.954888733999364e-13
1722 3085 19 8.641872660891718e-18
1723 3085 15 6.954888733999364e-13
1724 3085 17 2.7668401490780442e-15
1725 3085 19 8.641872660891718e-18
1726 3085 16 4.5289856505276475e-14
1728 3085 15 6.954888733999364e-13
1730 3085 15 6.954888733999364e-13
1732 3085 19 8.641872660891718e-18
1733 2374 28 3.944905130078284e-30
1733 3085 28 3.944905130078284e-30
1734 3085 13 1.3325080637071613e-10
1734 4764 15 6.954888733999364e-13
1735 3085 22 1.0076427589695906e-21
1738 3085 12 1.6466951190199021e-09
1739 3085 13 1.3325080637071613e-10
1740 3085 16 4.5289856505276475e-14
1741 3085 14 9.980596534540136e-12
1742 3085 16 4.5289856505276475e-14
1743 3085 13 1.3325080637071613e-10
1745 3085 13 1.3325080637071613e-10
1746 3085 18 1.5912572494057382e-16
1747 3085 19 8.641872660891718e-18
1748 3085 13 1.3325080637071613e-10
1749 3085 12 1.6466951190199021e-09
1750 2366 12 1.6466951190199021e-09
1750 3085 15 6.954888733999364e-13
1751 2366 35 1.0718189795724388e-40
1751 3085 13 1.3325080637071613e-10
1753 3085 13 1.3325080637071613e-10
1755 3085 20 4.444128361288131e-19
1756 3085 16 4.5289856505276475e-14
1757 3085 12 1.6466951190199021e-09
1760 3085 13 1.3325080637071613e-10
1766 3085 18 1.5912572494057382e-16
1768 3085 19 8.641872660891718e-18
1769 3085 13 1.3325080637071613e-10
1773 3085 13 1.3325080637071613e-10
1773 3379 47 2.508551986961467e-60
1773 3380 19 8.641872660891718e-18
1798 4575 15 6.954888733999364e-13
1806 4958 17 2.7668401490780442e-15
1810 3222 12 1.6466951190199021e-09
1812 3665 26 2.9622739002944275e-27
1812 4333 26 2.9622739002944275e-27
1815 2259 17 2.7668401490780442e-15
1831 3172 50 1.7232790483021061e-65
1832 4841 22 1.0076427589695906e-21
1833 4841 29 1.3580794619801598e-31
1834 4841 14 9.980596534540136e-12
1838 4897 28 3.944905130078284e-30
1838 4898 39 4.804317931183117e-47
1838 4899 13 1.3325080637071613e-10
1843 2835 15 6.954888733999364e-13
1851 4366 48 4.8849083899043e-62
1852 2644 20 4.444128361288131e-19
1852 5173 12 1.6466951190199021e-09
1869 2326 13 1.3325080637071613e-10
1881 2208 18 1.5912572494057382e-16
1882 4901 20 4.444128361288131e-19
1911 5046 27 1.1026890313414052e-28
1916 4377 24 1.8872282395202314e-24
1922 3292 21 2.169497120049547e-20
1928 3710 12 1.6466951190199021e-09
1929 5145 14 9.980596534540136e-12
1964 2380 37 7.621648379874398e-44
1967 4825 13 1.3325080637071613e-10
1979 3886 15 6.954888733999364e-13
1980 3735 16 4.5289856505276475e-14
1992 2992 28 3.944905130078284e-30
1993 2992 17 2.7668401490780442e-15
2004 3085 40 1.15484579380403e-48
2004 4260 13 1.3325080637071613e-10
2005 3085 76 1.0753582337492034e-113
2005 4260 21 2.169497120049547e-20
2006 3085 44 2.925275635320647e-55
2007 3085 46 1.256876425341475e-58
2008 3085 36 2.9025671999980604e-42
2008 4260 13 1.3325080637071613e-10
2009 3085 13 1.3325080637071613e-10
2010 3085 29 1.3580794619801598e-31
2011 3085 40 1.15484579380403e-48
2012 3085 33 1.328242061732228e-37
2013 2817 27 1.1026890313414052e-28
2013 5299 24 1.8872282395202314e-24
2020 3085 13 1.3325080637071613e-10
2023 3085 17 2.7668401490780442e-15
2023 4670 12 1.6466951190199021e-09
2025 3085 16 4.5289856505276475e-14
2026 3085 14 9.980596534540136e-12
2028 3085 15 6.954888733999364e-13
2031 3085 15 6.954888733999364e-13
2032 3085 20 4.444128361288131e-19
2033 3085 22 1.0076427589695906e-21
2033 3881 18 1.5912572494057382e-16
2038 3085 17 2.7668401490780442e-15
2039 3085 19 8.641872660891718e-18
2048 2393 15 6.954888733999364e-13
2048 2394 25 7.63768446871756e-26
2049 3085 16 4.5289856505276475e-14
2051 3085 14 9.980596534540136e-12
2056 3085 18 1.5912572494057382e-16
2057 2630 12 1.6466951190199021e-09
2062 3483 13 1.3325080637071613e-10
2068 3085 12 1.6466951190199021e-09
2070 3085 14 9.980596534540136e-12
2165 4026 20 4.444128361288131e-19
2173 5298 19 8.641872660891718e-18
2185 3958 15 6.954888733999364e-13
2185 4079 14 9.980596534540136e-12
2186 3958 21 2.169497120049547e-20
2191 2324 22 1.0076427589695906e-21
2191 4655 24 1.8872282395202314e-24
2191 4656 25 7.63768446871756e-26
2197 3264 13 1.3325080637071613e-10
2202 2428 12 1.6466951190199021e-09
2206 4407 31 1.440890895053508e-34
2216 2664 28 3.944905130078284e-30
2220 3365 15 6.954888733999364e-13
2221 4088 13 1.3325080637071613e-10
2222 3565 18 1.5912572494057382e-16
2233 2919 12 1.6466951190199021e-09
2240 2924 14 9.980596534540136e-12
2240 2925 27 1.1026890313414052e-28
2243 4540 12 1.6466951190199021e-09
2257 2972 13 1.3325080637071613e-10
2270 4933 30 4.504335469126075e-33
2272 4302 12 1.6466951190199021e-09
2273 3442 15 6.954888733999364e-13
2301 3168 13 1.3325080637071613e-10
2310 3085 45 6.141489877112039e-57
2311 3085 107 9.745950856311501e-178
2311 4260 17 2.7668401490780442e-15
2312 3085 69 3.6680669440077184e-100
2312 4547 127 3.313935522275777e-222
2313 2654 17 2.7668401490780442e-15
2313 3085 50 1.7232790483021061e-65
2313 3575 12 1.6466951190199021e-09
2314 3085 37 7.621648379874398e-44
2315 3085 44 2.925275635320647e-55
2315 3848 17 2.7668401490780442e-15
2315 3849 14 9.980596534540136e-12
2316 3085 32 4.450138080206819e-36
2317 3085 36 2.9025671999980604e-42
2318 3085 30 4.504335469126075e-33
2319 3085 31 1.440890895053508e-34
2319 3126 13 1.3325080637071613e-10
2320 3085 27 1.1026890313414052e-28
2321 3085 39 4.804317931183117e-47
2322 3085 52 5.535598306473765e-69
2323 3085 41 2.698836189954245e-50
2324 3085 43 1.3575714090670039e-53
2325 3085 28 3.944905130078284e-30
2326 3085 32 4.450138080206819e-36
2327 3085 31 1.440890895053508e-34
2328 3085 23 4.4619293337470636e-23
2329 3085 22 1.0076427589695906e-21
2330 3085 18 1.5912572494057382e-16
2331 3085 27 1.1026890313414052e-28
2332 3085 24 1.8872282395202314e-24
2333 3085 17 2.7668401490780442e-15
2334 3085 22 1.0076427589695906e-21
2335 3085 14 9.980596534540136e-12
2336 3085 20 4.444128361288131e-19
2337 3085 16 4.5289856505276475e-14
2338 3085 13 1.3325080637071613e-10
2339 3085 16 4.5289856505276475e-14
2340 3085 20 4.444128361288131e-19
2341 3085 17 2.7668401490780442e-15
2342 3085 18 1.5912572494057382e-16
2351 3085 19 8.641872660891718e-18
2352 3085 16 4.5289856505276475e-14
2354 3085 21 2.169497120049547e-20
2355 3085 16 4.5289856505276475e-14
2358 3085 22 1.0076427589695906e-21
2359 3085 19 8.641872660891718e-18
2361 3085 14 9.980596534540136e-12
2363 2894 13 1.3325080637071613e-10
2369 3085 14 9.980596534540136e-12
2373 4197 12 1.6466951190199021e-09
2374 3085 18 1.5912572494057382e-16
2374 5263 27 1.1026890313414052e-28
2377 3085 13 1.3325080637071613e-10
2378 3085 16 4.5289856505276475e-14
2395 3085 12 1.6466951190199021e-09
2402 3577 14 9.980596534540136e-12
2408 3844 19 8.641872660891718e-18
2410 4682 13 1.3325080637071613e-10
2436 4507 24 1.8872282395202314e-24
2437 4148 13 1.3325080637071613e-10
2443 2847 24 1.8872282395202314e-24
2459 3914 23 4.4619293337470636e-23
2479 2679 12 1.6466951190199021e-09
2480 2679 23 4.4619293337470636e-23
2483 5250 12 1.6466951190199021e-09
2489 4721 16 4.5289856505276475e-14
2496 3217 23 4.4619293337470636e-23
2506 4797 14 9.980596534540136e-12
2512 3429 43 1.3575714090670039e-53
2521 2932 37 7.621648379874398e-44
2521 2933 147 0.0
2521 2934 35 1.0718189795724388e-40
2521 2935 12 1.6466951190199021e-09
2556 3334 32 4.450138080206819e-36
2564 3723 12 1.6466951190199021e-09
2565 4658 14 9.980596534540136e-12
2566 4658 16 4.5289856505276475e-14
2567 4658 46 1.256876425341475e-58
2575 3085 16 4.5289856505276475e-14
2576 3085 45 6.141489877112039e-57
2577 3085 37 7.621648379874398e-44
2578 3085 25 7.63768446871756e-26
2579 3085 21 2.169497120049547e-20
2580 3085 27 1.1026890313414052e-28
2581 2932 12 1.6466951190199021e-09
2581 3085 18 1.5912572494057382e-16
2581 3503 15 6.954888733999364e-13
2582 3085 20 4.444128361288131e-19
2583 3085 19 8.641872660891718e-18
2584 3085 23 4.4619293337470636e-23
2585 3085 26 2.9622739002944275e-27
2586 3085 20 4.444128361288131e-19
2587 3085 13 1.3325080637071613e-10
2588 3085 22 1.0076427589695906e-21
2589 3085 23 4.4619293337470636e-23
2590 3085 24 1.8872282395202314e-24
2593 3085 24 1.8872282395202314e-24
2594 3085 19 8.641872660891718e-18
2595 3085 20 4.444128361288131e-19
2596 3085 20 4.444128361288131e-19
2597 3085 35 1.0718189795724388e-40
2598 3085 25 7.63768446871756e-26
2599 3085 23 4.4619293337470636e-23
2600 3085 18 1.5912572494057382e-16
2601 3085 19 8.641872660891718e-18
2602 3085 13 1.3325080637071613e-10
2603 3085 16 4.5289856505276475e-14
2604 3085 17 2.7668401490780442e-15
2605 3085 14 9.980596534540136e-12
2606 3085 12 1.6466951190199021e-09
2609 3085 14 9.980596534540136e-12
2610 3085 24 1.8872282395202314e-24
2611 3085 21 2.169497120049547e-20
2612 3085 15 6.954888733999364e-13
2613 3085 18 1.5912572494057382e-16
2614 3085 13 1.3325080637071613e-10
2615 3085 12 1.6466951190199021e-09
2616 3085 14 9.980596534540136e-12
2618 3085 13 1.3325080637071613e-10
2619 3085 14 9.980596534540136e-12
2620 3085 12 1.6466951190199021e-09
2630 3085 13 1.3325080637071613e-10
2631 3085 12 1.6466951190199021e-09
2632 3085 17 2.7668401490780442e-15
2633 3085 15 6.954888733999364e-13
2634 3085 14 9.980596534540136e-12
2643 3085 14 9.980596534540136e-12
2649 4163 20 4.444128361288131e-19
2670 4226 15 6.954888733999364e-13
2676 4327 13 1.3325080637071613e-10
2699 5232 20 4.444128361288131e-19
2704 4637 23 4.4619293337470636e-23
2716 5161 14 9.980596534540136e-12
2727 3122 13 1.3325080637071613e-10
2734 3647 34 3.8347431841586284e-39
2745 4396 12 1.6466951190199021e-09
2783 4361 23 4.4619293337470636e-23
2806 4368 12 1.6466951190199021e-09
2806 4369 56 4.3619133513324144e-76
2817 5299 17 2.7668401490780442e-15
2825 3085 15 6.954888733999364e-13
2825 3425 14 9.980596534540136e-12
2827 3085 19 8.641872660891718e-18
2828 3085 25 7.63768446871756e-26
2829 3085 21 2.169497120049547e-20
2830 3085 30 4.504335469126075e-33
2831 3085 38 1.9419297137963246e-45
2832 3085 32 4.450138080206819e-36
2833 3085 15 6.954888733999364e-13
2834 3085 14 9.980596534540136e-12
2835 3085 25 7.63768446871756e-26
2836 3085 16 4.5289856505276475e-14
2838 3085 19 8.641872660891718e-18
2839 3085 13 1.3325080637071613e-10
2840 3085 12 1.6466951190199021e-09
2842 3085 12 1.6466951190199021e-09
2843 3085 24 1.8872282395202314e-24
2844 3085 22 1.0076427589695906e-21
2845 3085 17 2.7668401490780442e-15
2847 3085 17 2.7668401490780442e-15
2850 3114 19 8.641872660891718e-18
2852 3085 18 1.5912572494057382e-16
2853 3085 14 9.980596534540136e-12
2853 4916 17 2.7668401490780442e-15
2854 3085 20 4.444128361288131e-19
2855 3085 17 2.7668401490780442e-15
2860 3085 12 1.6466951190199021e-09
2861 3085 13 1.3325080637071613e-10
2862 3575 26 2.9622739002944275e-27
2868 3085 15 6.954888733999364e-13
2872 3387 15 6.954888733999364e-13
2874 3085 13 1.3325080637071613e-10
2879 4816 20 4.444128361288131e-19
2879 4817 20 4.444128361288131e-19
2907 3085 12 1.6466951190199021e-09
2950 3580 23 4.4619293337470636e-23
2951 3580 47 2.508551986961467e-60
2974 4532 13 1.3325080637071613e-10
2982 3550 12 1.6466951190199021e-09
3006 4345 12 1.6466951190199021e-09
3024 3305 16 4.5289856505276475e-14
3033 4614 20 4.444128361288131e-19
3052 4535 14 9.980596534540136e-12
3078 4965 12 1.6466951190199021e-09
3085 3331 22 1.0076427589695906e-21
3085 3332 13 1.3325080637071613e-10
3085 3333 14 9.980596534540136e-12
3085 3334 14 9.980596534540136e-12
3085 3335 13 1.3325080637071613e-10
3085 3347 13 1.3325080637071613e-10
3085 3575 36 2.9025671999980604e-42
3085 3576 49 9.284862812892897e-64
3085 3577 31 1.440890895053508e-34
3085 3578 18 1.5912572494057382e-16
3085 3579 27 1.1026890313414052e-28
3085 3580 30 4.504335469126075e-33
3085 3581 19 8.641872660891718e-18
3085 3582 16 4.5289856505276475e-14
3085 3583 15 6.954888733999364e-13
3085 3584 25 7.63768446871756e-26
3085 3585 17 2.7668401490780442e-15
3085 3586 24 1.8872282395202314e-24
3085 3587 25 7.63768446871756e-26
3085 3588 21 2.169497120049547e-20
3085 3590 21 2.169497120049547e-20
3085 3591 16 4.5289856505276475e-14
3085 3592 15 6.954888733999364e-13
3085 3593 18 1.5912572494057382e-16
3085 3596 25 7.63768446871756e-26
3085 3597 19 8.641872660891718e-18
3085 3599 15 6.954888733999364e-13
3085 3601 13 1.3325080637071613e-10
3085 3602 15 6.954888733999364e-13
3085 3604 18 1.5912572494057382e-16
3085 3606 16 4.5289856505276475e-14
3085 3607 23 4.4619293337470636e-23
3085 3608 13 1.3325080637071613e-10
3085 3610 13 1.3325080637071613e-10
3085 3611 17 2.7668401490780442e-15
3085 3612 13 1.3325080637071613e-10
3085 3615 12 1.6466951190199021e-09
3085 3617 13 1.3325080637071613e-10
3085 3618 15 6.954888733999364e-13
3085 3625 12 1.6466951190199021e-09
3085 3627 15 6.954888733999364e-13
3085 3634 14 9.980596534540136e-12
3085 3671 12 1.6466951190199021e-09
3085 3685 56 4.3619133513324144e-76
3085 3829 21 2.169497120049547e-20
3085 3831 12 1.6466951190199021e-09
3085 3832 12 1.6466951190199021e-09
3085 3834 20 4.444128361288131e-19
3085 3835 25 7.63768446871756e-26
3085 3836 22 1.0076427589695906e-21
3085 3837 21 2.169497120049547e-20
3085 3838 22 1.0076427589695906e-21
3085 3839 26 2.9622739002944275e-27
3085 3840 24 1.8872282395202314e-24
3085 3841 24 1.8872282395202314e-24
3085 3842 18 1.5912572494057382e-16
3085 3843 17 2.7668401490780442e-15
3085 3844 33 1.328242061732228e-37
3085 3845 23 4.4619293337470636e-23
3085 3846 26 2.9622739002944275e-27
3085 3847 24 1.8872282395202314e-24
3085 3848 52 5.535598306473765e-69
3085 3849 52 5.535598306473765e-69
3085 3850 54 1.6238610015836013e-72
3085 3851 13 1.3325080637071613e-10
3085 3852 18 1.5912572494057382e-16
3085 3853 16 4.5289856505276475e-14
3085 3855 15 6.954888733999364e-13
3085 3856 13 1.3325080637071613e-10
3085 3867 13 1.3325080637071613e-10
3085 4067 13 1.3325080637071613e-10
3085 4068 27 1.1026890313414052e-28
3085 4069 29 1.3580794619801598e-31
3085 4070 21 2.169497120049547e-20
3085 4071 17 2.7668401490780442e-15
3085 4072 14 9.980596534540136e-12
3085 4073 20 4.444128361288131e-19
3085 4074 19 8.641872660891718e-18
3085 4075 26 2.9622739002944275e-27
3085 4076 15 6.954888733999364e-13
3085 4077 23 4.4619293337470636e-23
3085 4078 24 1.8872282395202314e-24
3085 4079 16 4.5289856505276475e-14
3085 4081 12 1.6466951190199021e-09
3085 4082 18 1.5912572494057382e-16
3085 4083 15 6.954888733999364e-13
3085 4084 21 2.169497120049547e-20
3085 4085 19 8.641872660891718e-18
3085 4086 14 9.980596534540136e-12
3085 4087 23 4.4619293337470636e-23
3085 4088 15 6.954888733999364e-13
3085 4090 20 4.444128361288131e-19
3085 4091 22 1.0076427589695906e-21
3085 4092 20 4.444128361288131e-19
3085 4093 20 4.444128361288131e-19
3085 4094 16 4.5289856505276475e-14
3085 4095 15 6.954888733999364e-13
3085 4096 13 1.3325080637071613e-10
3085 4097 15 6.954888733999364e-13
3085 4099 20 4.444128361288131e-19
3085 4101 16 4.5289856505276475e-14
3085 4102 12 1.6466951190199021e-09
3085 4104 12 1.6466951190199021e-09
3085 4105 17 2.7668401490780442e-15
3085 4106 17 2.7668401490780442e-15
3085 4107 13 1.3325080637071613e-10
3085 4108 12 1.6466951190199021e-09
3085 4109 15 6.954888733999364e-13
3085 4112 19 8.641872660891718e-18
3085 4116 15 6.954888733999364e-13
3085 4117 15 6.954888733999364e-13
3085 4124 17 2.7668401490780442e-15
3085 4133 14 9.980596534540136e-12
3085 4134 13 1.3325080637071613e-10
3085 4138 13 1.3325080637071613e-10
3085 4260 303 0.0
3085 4276 28 3.944905130078284e-30
3085 4277 30 4.504335469126075e-33
3085 4278 17 2.7668401490780442e-15
3085 4279 24 1.8872282395202314e-24
3085 4280 19 8.641872660891718e-18
3085 4281 22 1.0076427589695906e-21
3085 4282 26 2.9622739002944275e-27
3085 4283 22 1.0076427589695906e-21
3085 4284 21 2.169497120049547e-20
3085 4285 15 6.954888733999364e-13
3085 4286 16 4.5289856505276475e-14
3085 4287 13 1.3325080637071613e-10
3085 4288 18 1.5912572494057382e-16
3085 4289 22 1.0076427589695906e-21
3085 4290 17 2.7668401490780442e-15
3085 4292 13 1.3325080637071613e-10
3085 4293 22 1.0076427589695906e-21
3085 4295 14 9.980596534540136e-12
3085 4299 12 1.6466951190199021e-09
3085 4301 14 9.980596534540136e-12
3085 4302 14 9.980596534540136e-12
3085 4320 12 1.6466951190199021e-09
3085 4323 13 1.3325080637071613e-10
3085 4327 12 1.6466951190199021e-09
3085 4473 39 4.804317931183117e-47
3085 4474 31 1.440890895053508e-34
3085 4475 23 4.4619293337470636e-23
3085 4476 33 1.328242061732228e-37
3085 4477 27 1.1026890313414052e-28
3085 4478 26 2.9622739002944275e-27
3085 4479 15 6.954888733999364e-13
3085 4485 12 1.6466951190199021e-09
3085 4486 14 9.980596534540136e-12
3085 4489 14 9.980596534540136e-12
3085 4492 18 1.5912572494057382e-16
3085 4495 15 6.954888733999364e-13
3085 4496 16 4.5289856505276475e-14
3085 4497 14 9.980596534540136e-12
3085 4498 16 4.5289856505276475e-14
3085 4499 23 4.4619293337470636e-23
3085 4500 15 6.954888733999364e-13
3085 4501 14 9.980596534540136e-12
3085 4502 17 2.7668401490780442e-15
3085 4503 20 4.444128361288131e-19
3085 4507 13 1.3325080637071613e-10
3085 4510 13 1.3325080637071613e-10
3085 4511 12 1.6466951190199021e-09
3085 4515 15 6.954888733999364e-13
3085 4516 16 4.5289856505276475e-14
3085 4522 17 2.7668401490780442e-15
3085 4536 13 1.3325080637071613e-10
3085 4547 16 4.5289856505276475e-14
3085 4665 80 1.3608810164699379e-121
3085 4683 12 1.6466951190199021e-09
3085 4689 13 1.3325080637071613e-10
3085 4866 16 4.5289856505276475e-14
3085 4907 13 1.3325080637071613e-10
3085 4978 15 6.954888733999364e-13
3085 4980 16 4.5289856505276475e-14
3085 4981 21 2.169497120049547e-20
3085 4986 12 1.6466951190199021e-09
3085 4987 12 1.6466951190199021e-09
3085 4988 15 6.954888733999364e-13
3085 4989 17 2.7668401490780442e-15
3085 4990 14 9.980596534540136e-12
3085 4991 17 2.7668401490780442e-15
3085 5035 14 9.980596534540136e-12
3085 5037 12 1.6466951190199021e-09
3089 4334 16 4.5289856505276475e-14
3112 3620 15 6.954888733999364e-13
3138 4336 18 1.5912572494057382e-16
3144 4116 22 1.0076427589695906e-21
3144 4891 17 2.7668401490780442e-15
3144 4892 47 2.508551986961467e-60
3144 4893 13 1.3325080637071613e-10
3155 4403 15 6.954888733999364e-13
3157 3463 13 1.3325080637071613e-10
3163 3711 18 1.5912572494057382e-16
3166 3941 12 1.6466951190199021e-09
3204 3708 22 1.0076427589695906e-21
3234 4112 22 1.0076427589695906e-21
3234 4113 65 1.3322915149480355e-92
3234 4180 15 6.954888733999364e-13
3246 3623 12 1.6466951190199021e-09
3246 3678 31 1.440890895053508e-34
3246 4132 23 4.4619293337470636e-23
3267 4009 15 6.954888733999364e-13
3267 5098 22 1.0076427589695906e-21
3271 3593 12 1.6466951190199021e-09
3287 3466 16 4.5289856505276475e-14
3297 4547 144 0.0
3308 4913 36 2.9025671999980604e-42
3323 4963 16 4.5289856505276475e-14
3323 4964 39 4.804317931183117e-47
3323 4965 28 3.944905130078284e-30
3341 4569 33 1.328242061732228e-37
3347 3654 20 4.444128361288131e-19
3357 4224 12 1.6466951190199021e-09
3382 3721 22 1.0076427589695906e-21
3404 5134 28 3.944905130078284e-30
3419 5182 18 1.5912572494057382e-16
3545 3779 48 4.8849083899043e-62
3549 5260 21 2.169497120049547e-20
3565 4387 12 1.6466951190199021e-09
3602 3885 16 4.5289856505276475e-14
3625 4523 12 1.6466951190199021e-09
3639 3956 12 1.6466951190199021e-09
3685 4260 307 0.0
3703 4999 25 7.63768446871756e-26
3720 4679 18 1.5912572494057382e-16
3757 4517 13 1.3325080637071613e-10
3766 4387 24 1.8872282395202314e-24
3908 4819 12 1.6466951190199021e-09
3919 4439 17 2.7668401490780442e-15
3943 4331 15 6.954888733999364e-13
3957 4265 14 9.980596534540136e-12
3980 4190 19 8.641872660891718e-18
4037 4950 12 1.6466951190199021e-09
4070 4837 19 8.641872660891718e-18
4130 5146 14 9.980596534540136e-12
4134 4519 17 2.7668401490780442e-15
4253 4748 15 6.954888733999364e-13
4260 4665 13 1.3325080637071613e-10
4276 4665 25 7.63768446871756e-26
4276 4666 27 1.1026890313414052e-28
4276 4667 17 2.7668401490780442e-15
4276 4848 18 1.5912572494057382e-16
4276 4849 27 1.1026890313414052e-28
4299 4714 14 9.980596534540136e-12
4304 4557 19 8.641872660891718e-18
4311 5188 13 1.3325080637071613e-10
4314 4561 21 2.169497120049547e-20
4354 4628 15 6.954888733999364e-13
4370 4928 19 8.641872660891718e-18
4384 4476 12 1.6466951190199021e-09
4384 5009 13 1.3325080637071613e-10
4444 5172 22 1.0076427589695906e-21
4490 4961 22 1.0076427589695906e-21
4535 4910 12 1.6466951190199021e-09
4535 4911 31 1.440890895053508e-34
4547 4806 18 1.5912572494057382e-16
4918 5219 14 9.980596534540136e-12
4935 4985 20 4.444128361288131e-19
