bin1 bin2 count p_value
6 3083 20 9.5738095445751e-31
7 3083 26 1.538096288870965e-42
7 4508 8 5.64604437759329e-10
8 3083 26 1.538096288870965e-42
9 3083 34 2.9452104591019624e-59
9 4998 10 4.428432952605088e-13
10 3083 28 1.2722811820097824e-46
11 3083 23 1.4938220276074436e-36
12 3083 27 1.4271192922809367e-44
13 3083 21 1.1665698137259598e-32
14 3083 32 5.520065807518144e-55
15 3083 14 8.85692625321257e-20
16 3083 12 2.3402764373150714e-16
17 3083 10 4.428432952605088e-13
18 3083 17 3.8283387795915287e-25
19 3083 34 2.9452104591019624e-59
19 3235 8 5.64604437759329e-10
20 3083 30 9.014039566089779e-51
21 3083 18 5.498832612204317e-27
22 3083 19 7.456995605475318e-29
23 3083 16 2.5087223427792573e-23
24 3083 16 2.5087223427792573e-23
25 3083 15 1.5420732535043621e-21
26 3083 22 1.3521310654402753e-34
27 3083 20 9.5738095445751e-31
28 3083 12 2.3402764373150714e-16
29 3083 10 4.428432952605088e-13
31 3083 16 2.5087223427792573e-23
32 3083 14 8.85692625321257e-20
33 1712 14 8.85692625321257e-20
33 3083 18 5.498832612204317e-27
34 2951 8 5.64604437759329e-10
34 3083 14 8.85692625321257e-20
35 2951 21 1.1665698137259598e-32
35 3083 17 3.8283387795915287e-25
36 3083 16 2.5087223427792573e-23
37 3083 10 4.428432952605088e-13
38 3083 16 2.5087223427792573e-23
39 3083 13 4.732277814080472e-18
40 3083 13 4.732277814080472e-18
41 3083 11 1.0649371965848694e-14
42 3083 19 7.456995605475318e-29
43 2375 10 4.428432952605088e-13
43 3083 12 2.3402764373150714e-16
44 3083 11 1.0649371965848694e-14
45 3083 10 4.428432952605088e-13
46 3083 16 2.5087223427792573e-23
47 3083 8 5.64604437759329e-10
48 3083 22 1.3521310654402753e-34
49 3083 8 5.64604437759329e-10
50 3083 10 4.428432952605088e-13
51 3083 12 2.3402764373150714e-16
54 3083 8 5.64604437759329e-10
55 3083 14 8.85692625321257e-20
57 3083 8 5.64604437759329e-10
59 3083 15 1.5420732535043621e-21
60 3083 10 4.428432952605088e-13
61 3083 16 2.5087223427792573e-23
62 3083 9 1.6691268873417835e-11
63 3083 8 5.64604437759329e-10
64 3083 9 1.6691268873417835e-11
65 3083 9 1.6691268873417835e-11
66 3083 12 2.3402764373150714e-16
67 3083 21 1.1665698137259598e-32
68 3083 21 1.1665698137259598e-32
69 3083 19 7.456995605475318e-29
70 3083 9 1.6691268873417835e-11
71 3083 9 1.6691268873417835e-11
72 3083 14 8.85692625321257e-20
72 3085 10 4.428432952605088e-13
73 1161 8 5.64604437759329e-10
73 3083 13 4.732277814080472e-18
74 3083 16 2.5087223427792573e-23
75 3083 18 5.498832612204317e-27
76 3083 9 1.6691268873417835e-11
77 3083 12 2.3402764373150714e-16
78 3083 11 1.0649371965848694e-14
79 3083 11 1.0649371965848694e-14
82 3083 8 5.64604437759329e-10
84 3083 9 1.6691268873417835e-11
85 3083 8 5.64604437759329e-10
86 3083 13 4.732277814080472e-18
88 3083 11 1.0649371965848694e-14
89 3083 14 8.85692625321257e-20
97 3083 10 4.428432952605088e-13
97 3139 8 5.64604437759329e-10
99 911 8 5.64604437759329e-10
103 3083 13 4.732277814080472e-18
104 3083 12 2.3402764373150714e-16
107 1906 13 4.732277814080472e-18
110 3083 9 1.6691268873417835e-11
111 4918 35 2.047506141836424e-61
113 3881 10 4.428432952605088e-13
113 3882 9 1.6691268873417835e-11
114 3083 9 1.6691268873417835e-11
117 930 8 5.64604437759329e-10
117 3083 8 5.64604437759329e-10
118 3083 8 5.64604437759329e-10
119 4510 8 5.64604437759329e-10
124 4928 8 5.64604437759329e-10
129 724 9 1.6691268873417835e-11
130 2546 9 1.6691268873417835e-11
130 3833 9 1.6691268873417835e-11
132 2703 12 2.3402764373150714e-16
132 2704 17 3.8283387795915287e-25
148 460 9 1.6691268873417835e-11
149 3310 8 5.64604437759329e-10
149 3878 8 5.64604437759329e-10
168 585 24 1.5760311052761611e-38
168 586 9 1.6691268873417835e-11
177 2521 8 5.64604437759329e-10
179 871 20 9.5738095445751e-31
180 401 36 1.3787557060429122e-63
180 402 17 3.8283387795915287e-25
180 403 19 7.456995605475318e-29
180 404 9 1.6691268873417835e-11
180 419 8 5.64604437759329e-10
180 424 9 1.6691268873417835e-11
180 430 10 4.428432952605088e-13
180 1085 12 2.3402764373150714e-16
180 1086 12 2.3402764373150714e-16
180 1087 9 1.6691268873417835e-11
180 1088 9 1.6691268873417835e-11
180 1089 9 1.6691268873417835e-11
180 1091 10 4.428432952605088e-13
180 1094 8 5.64604437759329e-10
180 1095 9 1.6691268873417835e-11
180 1097 9 1.6691268873417835e-11
180 3083 66 5.351505923962536e-134
183 3083 9 1.6691268873417835e-11
186 1127 13 4.732277814080472e-18
195 1600 9 1.6691268873417835e-11
196 2255 11 1.0649371965848694e-14
198 2753 8 5.64604437759329e-10
207 1493 11 1.0649371965848694e-14
210 703 10 4.428432952605088e-13
214 2715 14 8.85692625321257e-20
221 2137 9 1.6691268873417835e-11
222 1929 29 1.0911877876149518e-48
233 4291 13 4.732277814080472e-18
258 4138 9 1.6691268873417835e-11
260 1213 13 4.732277814080472e-18
268 2782 9 1.6691268873417835e-11
270 728 8 5.64604437759329e-10
270 1601 11 1.0649371965848694e-14
270 2810 9 1.6691268873417835e-11
270 3069 14 8.85692625321257e-20
271 3069 10 4.428432952605088e-13
272 1662 8 5.64604437759329e-10
273 708 8 5.64604437759329e-10
273 1635 8 5.64604437759329e-10
273 2397 40 2.0911419125746424e-72
273 2553 8 5.64604437759329e-10
274 2052 8 5.64604437759329e-10
274 3309 8 5.64604437759329e-10
275 1347 8 5.64604437759329e-10
277 660 8 5.64604437759329e-10
277 1946 13 4.732277814080472e-18
277 3561 24 1.5760311052761611e-38
295 912 13 4.732277814080472e-18
299 1159 13 4.732277814080472e-18
304 3911 23 1.4938220276074436e-36
309 2611 24 1.5760311052761611e-38
310 4516 9 1.6691268873417835e-11
318 1973 14 8.85692625321257e-20
318 3218 15 1.5420732535043621e-21
323 5042 14 8.85692625321257e-20
326 1420 13 4.732277814080472e-18
328 3139 9 1.6691268873417835e-11
337 1126 16 2.5087223427792573e-23
343 4113 16 2.5087223427792573e-23
346 3072 8 5.64604437759329e-10
346 3291 8 5.64604437759329e-10
347 3069 12 2.3402764373150714e-16
347 4339 14 8.85692625321257e-20
365 731 11 1.0649371965848694e-14
365 1064 8 5.64604437759329e-10
365 2940 8 5.64604437759329e-10
365 3072 11 1.0649371965848694e-14
365 3289 8 5.64604437759329e-10
401 3083 42 6.847172388279824e-77
401 4612 10 4.428432952605088e-13
402 3083 20 9.5738095445751e-31
403 3083 29 1.0911877876149518e-48
404 3083 33 4.100270176664821e-57
405 3083 24 1.5760311052761611e-38
406 2495 18 5.498832612204317e-27
406 3083 30 9.014039566089779e-51
407 3083 20 9.5738095445751e-31
408 3083 12 2.3402764373150714e-16
409 3083 13 4.732277814080472e-18
410 3083 12 2.3402764373150714e-16
411 3083 12 2.3402764373150714e-16
412 3083 15 1.5420732535043621e-21
413 3083 15 1.5420732535043621e-21
413 4406 9 1.6691268873417835e-11
414 3083 21 1.1665698137259598e-32
415 3083 18 5.498832612204317e-27
416 3083 23 1.4938220276074436e-36
417 3083 20 9.5738095445751e-31
417 3641 8 5.64604437759329e-10
418 3083 23 1.4938220276074436e-36
419 3083 21 1.1665698137259598e-32
420 3083 18 5.498832612204317e-27
421 3083 13 4.732277814080472e-18
422 3083 28 1.2722811820097824e-46
423 3083 14 8.85692625321257e-20
424 3083 15 1.5420732535043621e-21
425 1745 10 4.428432952605088e-13
425 3083 13 4.732277814080472e-18
426 3083 9 1.6691268873417835e-11
428 3083 16 2.5087223427792573e-23
429 3083 16 2.5087223427792573e-23
430 3055 14 8.85692625321257e-20
430 3083 21 1.1665698137259598e-32
431 3083 25 1.5906097264845062e-40
432 3083 14 8.85692625321257e-20
433 3083 15 1.5420732535043621e-21
434 3083 19 7.456995605475318e-29
435 3083 14 8.85692625321257e-20
436 3083 22 1.3521310654402753e-34
437 3083 14 8.85692625321257e-20
438 3083 11 1.0649371965848694e-14
440 3083 18 5.498832612204317e-27
441 3083 14 8.85692625321257e-20
442 3083 14 8.85692625321257e-20
443 3083 22 1.3521310654402753e-34
444 3083 21 1.1665698137259598e-32
445 3083 8 5.64604437759329e-10
445 4510 10 4.428432952605088e-13
445 4520 8 5.64604437759329e-10
446 3083 9 1.6691268873417835e-11
447 4510 8 5.64604437759329e-10
448 3675 8 5.64604437759329e-10
448 4520 8 5.64604437759329e-10
448 4844 8 5.64604437759329e-10
449 3675 9 1.6691268873417835e-11
452 2655 8 5.64604437759329e-10
452 2935 8 5.64604437759329e-10
452 3086 8 5.64604437759329e-10
453 1337 8 5.64604437759329e-10
453 2658 8 5.64604437759329e-10
453 4328 9 1.6691268873417835e-11
453 4924 8 5.64604437759329e-10
454 1621 9 1.6691268873417835e-11
454 1635 9 1.6691268873417835e-11
454 3083 11 1.0649371965848694e-14
454 4298 8 5.64604437759329e-10
454 4843 8 5.64604437759329e-10
454 4845 8 5.64604437759329e-10
455 1344 10 4.428432952605088e-13
455 1618 9 1.6691268873417835e-11
455 1635 17 3.8283387795915287e-25
455 1636 9 1.6691268873417835e-11
455 1638 8 5.64604437759329e-10
455 2976 8 5.64604437759329e-10
455 3233 10 4.428432952605088e-13
455 3675 8 5.64604437759329e-10
455 4208 8 5.64604437759329e-10
455 4219 8 5.64604437759329e-10
455 4254 9 1.6691268873417835e-11
455 4298 9 1.6691268873417835e-11
455 4510 9 1.6691268873417835e-11
455 4517 11 1.0649371965848694e-14
455 4518 9 1.6691268873417835e-11
455 4525 12 2.3402764373150714e-16
455 4842 9 1.6691268873417835e-11
455 4845 9 1.6691268873417835e-11
455 4846 8 5.64604437759329e-10
456 950 8 5.64604437759329e-10
456 1337 8 5.64604437759329e-10
456 1343 8 5.64604437759329e-10
456 1344 9 1.6691268873417835e-11
456 1347 8 5.64604437759329e-10
456 1621 11 1.0649371965848694e-14
456 3317 11 1.0649371965848694e-14
456 3674 8 5.64604437759329e-10
456 4209 8 5.64604437759329e-10
456 4213 12 2.3402764373150714e-16
456 4214 8 5.64604437759329e-10
456 4218 9 1.6691268873417835e-11
456 4255 9 1.6691268873417835e-11
456 4256 8 5.64604437759329e-10
456 4518 8 5.64604437759329e-10
456 4841 8 5.64604437759329e-10
456 4842 11 1.0649371965848694e-14
456 4845 11 1.0649371965848694e-14
456 4848 8 5.64604437759329e-10
456 4922 8 5.64604437759329e-10
456 4924 8 5.64604437759329e-10
457 1343 9 1.6691268873417835e-11
457 1350 10 4.428432952605088e-13
457 1620 8 5.64604437759329e-10
457 1638 9 1.6691268873417835e-11
457 2686 10 4.428432952605088e-13
457 3233 8 5.64604437759329e-10
457 3317 8 5.64604437759329e-10
457 3673 8 5.64604437759329e-10
457 4256 10 4.428432952605088e-13
457 4257 8 5.64604437759329e-10
457 4328 10 4.428432952605088e-13
457 4518 10 4.428432952605088e-13
457 4846 8 5.64604437759329e-10
458 1621 8 5.64604437759329e-10
458 1638 8 5.64604437759329e-10
458 3228 8 5.64604437759329e-10
458 4213 8 5.64604437759329e-10
459 937 9 1.6691268873417835e-11
459 938 8 5.64604437759329e-10
459 1347 9 1.6691268873417835e-11
459 1378 8 5.64604437759329e-10
459 1453 8 5.64604437759329e-10
459 1942 11 1.0649371965848694e-14
459 2477 8 5.64604437759329e-10
459 3083 8 5.64604437759329e-10
459 3545 12 2.3402764373150714e-16
459 4255 9 1.6691268873417835e-11
459 4519 10 4.428432952605088e-13
459 4842 10 4.428432952605088e-13
460 2059 8 5.64604437759329e-10
460 2266 8 5.64604437759329e-10
460 3232 8 5.64604437759329e-10
460 4254 10 4.428432952605088e-13
460 4255 10 4.428432952605088e-13
460 4256 8 5.64604437759329e-10
460 4516 9 1.6691268873417835e-11
460 4842 11 1.0649371965848694e-14
460 4843 8 5.64604437759329e-10
460 4845 10 4.428432952605088e-13
460 4846 8 5.64604437759329e-10
461 4256 9 1.6691268873417835e-11
461 4517 8 5.64604437759329e-10
461 4518 8 5.64604437759329e-10
462 4522 9 1.6691268873417835e-11
465 3083 8 5.64604437759329e-10
466 3083 10 4.428432952605088e-13
469 3083 9 1.6691268873417835e-11
470 3083 11 1.0649371965848694e-14
471 3083 10 4.428432952605088e-13
472 3083 9 1.6691268873417835e-11
474 3083 12 2.3402764373150714e-16
477 4710 8 5.64604437759329e-10
483 1887 19 7.456995605475318e-29
486 3083 8 5.64604437759329e-10
487 4018 25 1.5906097264845062e-40
489 1849 8 5.64604437759329e-10
492 3083 8 5.64604437759329e-10
493 2859 13 4.732277814080472e-18
495 3083 8 5.64604437759329e-10
500 3083 9 1.6691268873417835e-11
508 2717 34 2.9452104591019624e-59
509 2717 9 1.6691268873417835e-11
521 1121 22 1.3521310654402753e-34
532 4529 9 1.6691268873417835e-11
534 1666 35 2.047506141836424e-61
534 1667 12 2.3402764373150714e-16
534 3378 12 2.3402764373150714e-16
542 1290 8 5.64604437759329e-10
542 1291 37 8.999770604062455e-66
549 4172 8 5.64604437759329e-10
561 2159 11 1.0649371965848694e-14
564 2128 22 1.3521310654402753e-34
577 3254 8 5.64604437759329e-10
578 3838 11 1.0649371965848694e-14
592 3083 10 4.428432952605088e-13
593 5143 22 1.3521310654402753e-34
594 2962 10 4.428432952605088e-13
594 2963 14 8.85692625321257e-20
622 920 21 1.1665698137259598e-32
623 5165 8 5.64604437759329e-10
632 4846 12 2.3402764373150714e-16
634 3281 8 5.64604437759329e-10
636 3281 8 5.64604437759329e-10
637 3768 10 4.428432952605088e-13
638 2326 9 1.6691268873417835e-11
639 2326 25 1.5906097264845062e-40
639 3308 10 4.428432952605088e-13
651 1269 24 1.5760311052761611e-38
655 2100 9 1.6691268873417835e-11
656 3304 10 4.428432952605088e-13
657 4000 23 1.4938220276074436e-36
663 2184 9 1.6691268873417835e-11
667 1478 23 1.4938220276074436e-36
674 4012 24 1.5760311052761611e-38
676 4702 8 5.64604437759329e-10
678 2635 9 1.6691268873417835e-11
683 957 19 7.456995605475318e-29
687 4637 12 2.3402764373150714e-16
688 1101 9 1.6691268873417835e-11
692 2526 8 5.64604437759329e-10
695 1204 8 5.64604437759329e-10
702 3909 14 8.85692625321257e-20
703 3909 17 3.8283387795915287e-25
704 1282 13 4.732277814080472e-18
704 2560 10 4.428432952605088e-13
704 2561 39 3.5026179034593166e-70
705 1378 8 5.64604437759329e-10
705 3312 8 5.64604437759329e-10
706 1331 8 5.64604437759329e-10
706 1356 10 4.428432952605088e-13
706 1358 8 5.64604437759329e-10
706 1377 8 5.64604437759329e-10
706 3310 8 5.64604437759329e-10
706 3315 9 1.6691268873417835e-11
707 1331 8 5.64604437759329e-10
707 1356 12 2.3402764373150714e-16
707 1357 8 5.64604437759329e-10
707 1360 8 5.64604437759329e-10
707 1378 8 5.64604437759329e-10
707 2265 9 1.6691268873417835e-11
707 2266 8 5.64604437759329e-10
707 3315 8 5.64604437759329e-10
707 4555 8 5.64604437759329e-10
708 3312 8 5.64604437759329e-10
710 2992 26 1.538096288870965e-42
720 1203 18 5.498832612204317e-27
724 1663 8 5.64604437759329e-10
724 1670 8 5.64604437759329e-10
724 1959 9 1.6691268873417835e-11
725 1671 8 5.64604437759329e-10
726 1357 10 4.428432952605088e-13
726 1358 8 5.64604437759329e-10
726 1360 8 5.64604437759329e-10
726 1361 11 1.0649371965848694e-14
726 1378 9 1.6691268873417835e-11
726 1621 9 1.6691268873417835e-11
726 2977 8 5.64604437759329e-10
726 3070 8 5.64604437759329e-10
726 3270 13 4.732277814080472e-18
726 3545 8 5.64604437759329e-10
727 1360 11 1.0649371965848694e-14
727 1361 9 1.6691268873417835e-11
727 1870 8 5.64604437759329e-10
728 1343 8 5.64604437759329e-10
728 1346 8 5.64604437759329e-10
728 1351 8 5.64604437759329e-10
728 1353 8 5.64604437759329e-10
728 1359 10 4.428432952605088e-13
728 1360 8 5.64604437759329e-10
728 1375 9 1.6691268873417835e-11
728 1377 8 5.64604437759329e-10
728 1618 8 5.64604437759329e-10
728 1620 8 5.64604437759329e-10
728 2976 10 4.428432952605088e-13
728 2977 9 1.6691268873417835e-11
728 3317 8 5.64604437759329e-10
728 4219 9 1.6691268873417835e-11
729 1350 9 1.6691268873417835e-11
729 1351 9 1.6691268873417835e-11
729 1353 8 5.64604437759329e-10
729 1358 11 1.0649371965848694e-14
729 1375 8 5.64604437759329e-10
729 1615 8 5.64604437759329e-10
729 1618 8 5.64604437759329e-10
729 1664 8 5.64604437759329e-10
729 2547 8 5.64604437759329e-10
729 2977 10 4.428432952605088e-13
729 3310 9 1.6691268873417835e-11
730 1358 11 1.0649371965848694e-14
730 1380 8 5.64604437759329e-10
730 1664 10 4.428432952605088e-13
730 2554 8 5.64604437759329e-10
731 1344 8 5.64604437759329e-10
732 1339 10 4.428432952605088e-13
732 1620 8 5.64604437759329e-10
732 2554 8 5.64604437759329e-10
733 1383 8 5.64604437759329e-10
740 1359 8 5.64604437759329e-10
752 1385 9 1.6691268873417835e-11
754 3828 10 4.428432952605088e-13
756 1622 8 5.64604437759329e-10
756 2449 8 5.64604437759329e-10
756 3545 8 5.64604437759329e-10
756 5154 8 5.64604437759329e-10
757 1373 8 5.64604437759329e-10
757 1389 10 4.428432952605088e-13
757 3319 8 5.64604437759329e-10
757 4460 8 5.64604437759329e-10
757 5154 8 5.64604437759329e-10
758 775 14 8.85692625321257e-20
758 1390 10 4.428432952605088e-13
758 3083 10 4.428432952605088e-13
758 3320 10 4.428432952605088e-13
758 4541 37 8.999770604062455e-66
765 3083 22 1.3521310654402753e-34
766 3083 18 5.498832612204317e-27
767 3083 9 1.6691268873417835e-11
768 3083 21 1.1665698137259598e-32
769 3083 16 2.5087223427792573e-23
770 3083 18 5.498832612204317e-27
771 3083 13 4.732277814080472e-18
772 3083 10 4.428432952605088e-13
773 3083 14 8.85692625321257e-20
774 3083 19 7.456995605475318e-29
775 3083 16 2.5087223427792573e-23
775 4541 15 1.5420732535043621e-21
776 3083 22 1.3521310654402753e-34
777 3083 32 5.520065807518144e-55
778 3083 18 5.498832612204317e-27
779 3083 15 1.5420732535043621e-21
780 3083 11 1.0649371965848694e-14
781 3083 16 2.5087223427792573e-23
783 3083 10 4.428432952605088e-13
784 3083 11 1.0649371965848694e-14
785 3083 11 1.0649371965848694e-14
786 3083 8 5.64604437759329e-10
787 2958 8 5.64604437759329e-10
787 3083 10 4.428432952605088e-13
788 3083 11 1.0649371965848694e-14
789 3083 9 1.6691268873417835e-11
791 3083 10 4.428432952605088e-13
792 3083 10 4.428432952605088e-13
794 3083 8 5.64604437759329e-10
795 3083 10 4.428432952605088e-13
796 3083 10 4.428432952605088e-13
797 1389 24 1.5760311052761611e-38
797 3083 10 4.428432952605088e-13
798 3083 14 8.85692625321257e-20
799 3083 12 2.3402764373150714e-16
801 3083 9 1.6691268873417835e-11
802 3083 13 4.732277814080472e-18
803 3083 9 1.6691268873417835e-11
804 3083 9 1.6691268873417835e-11
805 3083 14 8.85692625321257e-20
806 5096 20 9.5738095445751e-31
808 3083 8 5.64604437759329e-10
811 3083 8 5.64604437759329e-10
812 3083 8 5.64604437759329e-10
813 1148 8 5.64604437759329e-10
813 3083 17 3.8283387795915287e-25
814 3083 12 2.3402764373150714e-16
815 3083 13 4.732277814080472e-18
819 3083 12 2.3402764373150714e-16
820 3083 15 1.5420732535043621e-21
821 3083 9 1.6691268873417835e-11
823 1419 13 4.732277814080472e-18
823 3083 12 2.3402764373150714e-16
824 3083 11 1.0649371965848694e-14
826 3694 8 5.64604437759329e-10
827 3083 8 5.64604437759329e-10
828 3083 11 1.0649371965848694e-14
831 3829 16 2.5087223427792573e-23
832 1404 9 1.6691268873417835e-11
832 3771 17 3.8283387795915287e-25
836 4693 8 5.64604437759329e-10
837 2372 11 1.0649371965848694e-14
837 3220 9 1.6691268873417835e-11
841 3083 12 2.3402764373150714e-16
847 3083 9 1.6691268873417835e-11
849 4001 8 5.64604437759329e-10
861 3083 11 1.0649371965848694e-14
861 3870 11 1.0649371965848694e-14
864 3083 9 1.6691268873417835e-11
865 3083 11 1.0649371965848694e-14
867 3083 8 5.64604437759329e-10
875 3083 8 5.64604437759329e-10
890 3083 8 5.64604437759329e-10
908 1455 14 8.85692625321257e-20
911 3844 22 1.3521310654402753e-34
915 1776 8 5.64604437759329e-10
917 3712 9 1.6691268873417835e-11
923 1849 9 1.6691268873417835e-11
928 2027 19 7.456995605475318e-29
931 4126 14 8.85692625321257e-20
931 4166 8 5.64604437759329e-10
933 1714 11 1.0649371965848694e-14
934 1361 8 5.64604437759329e-10
934 2412 8 5.64604437759329e-10
934 3083 9 1.6691268873417835e-11
934 3310 8 5.64604437759329e-10
934 4520 9 1.6691268873417835e-11
934 4846 8 5.64604437759329e-10
935 1344 10 4.428432952605088e-13
935 1360 8 5.64604437759329e-10
935 1620 8 5.64604437759329e-10
935 2474 13 4.732277814080472e-18
935 2520 8 5.64604437759329e-10
935 3270 12 2.3402764373150714e-16
935 3271 11 1.0649371965848694e-14
935 3274 9 1.6691268873417835e-11
935 3282 9 1.6691268873417835e-11
935 3308 11 1.0649371965848694e-14
935 3309 8 5.64604437759329e-10
935 3317 8 5.64604437759329e-10
935 4253 9 1.6691268873417835e-11
935 4529 8 5.64604437759329e-10
936 1337 9 1.6691268873417835e-11
936 3270 12 2.3402764373150714e-16
936 3271 10 4.428432952605088e-13
936 3282 8 5.64604437759329e-10
936 3283 10 4.428432952605088e-13
936 3308 8 5.64604437759329e-10
936 3309 10 4.428432952605088e-13
936 4214 8 5.64604437759329e-10
936 4328 8 5.64604437759329e-10
937 1359 9 1.6691268873417835e-11
937 1638 8 5.64604437759329e-10
937 2265 8 5.64604437759329e-10
937 2782 10 4.428432952605088e-13
937 2783 9 1.6691268873417835e-11
937 2935 8 5.64604437759329e-10
937 2938 8 5.64604437759329e-10
937 3233 10 4.428432952605088e-13
937 3268 8 5.64604437759329e-10
937 3270 9 1.6691268873417835e-11
937 3274 12 2.3402764373150714e-16
937 3309 10 4.428432952605088e-13
937 3310 11 1.0649371965848694e-14
937 4214 8 5.64604437759329e-10
937 4925 9 1.6691268873417835e-11
938 1637 8 5.64604437759329e-10
938 2554 9 1.6691268873417835e-11
938 3233 9 1.6691268873417835e-11
938 3271 8 5.64604437759329e-10
938 3273 9 1.6691268873417835e-11
938 3274 8 5.64604437759329e-10
949 1356 8 5.64604437759329e-10
949 1360 9 1.6691268873417835e-11
949 1640 8 5.64604437759329e-10
949 2266 9 1.6691268873417835e-11
949 2783 8 5.64604437759329e-10
950 1389 8 5.64604437759329e-10
950 2265 8 5.64604437759329e-10
950 3271 8 5.64604437759329e-10
950 3316 10 4.428432952605088e-13
951 3251 10 4.428432952605088e-13
951 3280 8 5.64604437759329e-10
951 3281 8 5.64604437759329e-10
951 4214 8 5.64604437759329e-10
951 4256 8 5.64604437759329e-10
952 3316 8 5.64604437759329e-10
957 4123 29 1.0911877876149518e-48
957 4124 16 2.5087223427792573e-23
961 4532 15 1.5420732535043621e-21
964 2035 8 5.64604437759329e-10
964 5100 10 4.428432952605088e-13
977 4179 10 4.428432952605088e-13
982 2193 11 1.0649371965848694e-14
990 3965 13 4.732277814080472e-18
1010 4672 8 5.64604437759329e-10
1013 5098 10 4.428432952605088e-13
1033 3878 23 1.4938220276074436e-36
1035 1140 35 2.047506141836424e-61
1040 1879 11 1.0649371965848694e-14
1041 4012 8 5.64604437759329e-10
1048 4997 8 5.64604437759329e-10
1049 3437 15 1.5420732535043621e-21
1050 2678 9 1.6691268873417835e-11
1051 1652 8 5.64604437759329e-10
1061 2652 8 5.64604437759329e-10
1070 3424 11 1.0649371965848694e-14
1070 3613 8 5.64604437759329e-10
1085 1703 20 9.5738095445751e-31
1085 1704 11 1.0649371965848694e-14
1085 2003 8 5.64604437759329e-10
1085 2309 25 1.5906097264845062e-40
1085 3083 18 5.498832612204317e-27
1085 3571 9 1.6691268873417835e-11
1085 4062 9 1.6691268873417835e-11
1085 4658 9 1.6691268873417835e-11
1086 3083 27 1.4271192922809367e-44
1087 3083 14 8.85692625321257e-20
1088 3083 20 9.5738095445751e-31
1089 3083 16 2.5087223427792573e-23
1090 3083 22 1.3521310654402753e-34
1091 3083 15 1.5420732535043621e-21
1092 3083 20 9.5738095445751e-31
1093 3083 11 1.0649371965848694e-14
1094 3083 16 2.5087223427792573e-23
1095 3083 13 4.732277814080472e-18
1096 3083 12 2.3402764373150714e-16
1097 3083 15 1.5420732535043621e-21
1098 3083 17 3.8283387795915287e-25
1099 3083 15 1.5420732535043621e-21
1100 3083 16 2.5087223427792573e-23
1101 3083 20 9.5738095445751e-31
1101 4853 11 1.0649371965848694e-14
1102 3083 16 2.5087223427792573e-23
1103 3083 18 5.498832612204317e-27
1104 3083 11 1.0649371965848694e-14
1105 3083 17 3.8283387795915287e-25
1106 3083 11 1.0649371965848694e-14
1108 3083 13 4.732277814080472e-18
1108 5002 8 5.64604437759329e-10
1109 3083 13 4.732277814080472e-18
1110 3083 10 4.428432952605088e-13
1111 3083 10 4.428432952605088e-13
1112 3083 15 1.5420732535043621e-21
1113 3083 13 4.732277814080472e-18
1114 3083 13 4.732277814080472e-18
1115 3083 12 2.3402764373150714e-16
1116 3083 15 1.5420732535043621e-21
1117 3083 18 5.498832612204317e-27
1117 4102 11 1.0649371965848694e-14
1118 3083 10 4.428432952605088e-13
1119 3083 10 4.428432952605088e-13
1120 2474 8 5.64604437759329e-10
1120 3083 11 1.0649371965848694e-14
1122 3083 11 1.0649371965848694e-14
1123 3083 15 1.5420732535043621e-21
1124 3083 9 1.6691268873417835e-11
1125 3083 12 2.3402764373150714e-16
1125 3674 14 8.85692625321257e-20
1126 3083 13 4.732277814080472e-18
1127 3083 14 8.85692625321257e-20
1128 3083 12 2.3402764373150714e-16
1129 3083 12 2.3402764373150714e-16
1133 3083 10 4.428432952605088e-13
1133 5110 8 5.64604437759329e-10
1134 3083 9 1.6691268873417835e-11
1135 3083 8 5.64604437759329e-10
1136 3083 10 4.428432952605088e-13
1137 3083 10 4.428432952605088e-13
1139 3083 11 1.0649371965848694e-14
1140 3083 14 8.85692625321257e-20
1140 4671 9 1.6691268873417835e-11
1141 3083 9 1.6691268873417835e-11
1144 3083 9 1.6691268873417835e-11
1145 3083 10 4.428432952605088e-13
1146 1653 9 1.6691268873417835e-11
1146 3083 9 1.6691268873417835e-11
1147 3083 13 4.732277814080472e-18
1148 3083 19 7.456995605475318e-29
1157 1721 18 5.498832612204317e-27
1159 3083 8 5.64604437759329e-10
1160 3083 10 4.428432952605088e-13
1161 4605 19 7.456995605475318e-29
1165 3083 12 2.3402764373150714e-16
1167 4514 9 1.6691268873417835e-11
1169 3083 10 4.428432952605088e-13
1174 3083 8 5.64604437759329e-10
1176 3083 9 1.6691268873417835e-11
1182 3083 8 5.64604437759329e-10
1183 4915 8 5.64604437759329e-10
1190 3083 8 5.64604437759329e-10
1191 3083 8 5.64604437759329e-10
1196 3083 8 5.64604437759329e-10
1198 3083 8 5.64604437759329e-10
1219 3274 8 5.64604437759329e-10
1221 4852 10 4.428432952605088e-13
1275 2944 8 5.64604437759329e-10
1276 1523 9 1.6691268873417835e-11
1282 2839 8 5.64604437759329e-10
1291 3469 14 8.85692625321257e-20
1301 4173 12 2.3402764373150714e-16
1308 2698 11 1.0649371965848694e-14
1311 1682 8 5.64604437759329e-10
1311 4721 8 5.64604437759329e-10
1312 2294 8 5.64604437759329e-10
1312 4573 9 1.6691268873417835e-11
1313 1663 8 5.64604437759329e-10
1313 2554 8 5.64604437759329e-10
1313 3071 8 5.64604437759329e-10
1313 3429 12 2.3402764373150714e-16
1313 4328 8 5.64604437759329e-10
1317 3196 13 4.732277814080472e-18
1319 4937 11 1.0649371965848694e-14
1328 2171 9 1.6691268873417835e-11
1328 4722 10 4.428432952605088e-13
1330 4330 8 5.64604437759329e-10
1330 4524 9 1.6691268873417835e-11
1330 4954 12 2.3402764373150714e-16
1331 4721 8 5.64604437759329e-10
1332 1622 12 2.3402764373150714e-16
1336 1635 8 5.64604437759329e-10
1337 1620 10 4.428432952605088e-13
1337 2102 8 5.64604437759329e-10
1337 3232 8 5.64604437759329e-10
1337 3318 10 4.428432952605088e-13
1337 4517 8 5.64604437759329e-10
1337 4519 8 5.64604437759329e-10
1338 3230 8 5.64604437759329e-10
1338 3232 8 5.64604437759329e-10
1338 3233 10 4.428432952605088e-13
1339 3232 12 2.3402764373150714e-16
1342 1619 9 1.6691268873417835e-11
1342 1621 8 5.64604437759329e-10
1342 3922 11 1.0649371965848694e-14
1342 4218 8 5.64604437759329e-10
1342 4511 9 1.6691268873417835e-11
1343 1619 9 1.6691268873417835e-11
1343 1620 8 5.64604437759329e-10
1343 1621 12 2.3402764373150714e-16
1343 1867 8 5.64604437759329e-10
1343 2937 11 1.0649371965848694e-14
1343 4253 8 5.64604437759329e-10
1343 4299 14 8.85692625321257e-20
1343 4513 9 1.6691268873417835e-11
1343 4517 11 1.0649371965848694e-14
1344 1621 8 5.64604437759329e-10
1344 1635 8 5.64604437759329e-10
1344 4209 9 1.6691268873417835e-11
1344 4213 9 1.6691268873417835e-11
1344 4219 9 1.6691268873417835e-11
1344 4222 8 5.64604437759329e-10
1344 4524 8 5.64604437759329e-10
1344 4846 10 4.428432952605088e-13
1345 1621 11 1.0649371965848694e-14
1345 1633 8 5.64604437759329e-10
1345 1635 11 1.0649371965848694e-14
1345 1636 8 5.64604437759329e-10
1345 2101 10 4.428432952605088e-13
1345 2976 8 5.64604437759329e-10
1345 2977 8 5.64604437759329e-10
1345 3278 8 5.64604437759329e-10
1345 3317 8 5.64604437759329e-10
1345 4208 9 1.6691268873417835e-11
1345 4214 9 1.6691268873417835e-11
1345 4217 8 5.64604437759329e-10
1345 4218 12 2.3402764373150714e-16
1346 1633 9 1.6691268873417835e-11
1346 1638 8 5.64604437759329e-10
1346 2264 8 5.64604437759329e-10
1346 2655 9 1.6691268873417835e-11
1346 2977 9 1.6691268873417835e-11
1346 3232 9 1.6691268873417835e-11
1346 3279 9 1.6691268873417835e-11
1346 4922 8 5.64604437759329e-10
1347 2294 8 5.64604437759329e-10
1347 2655 8 5.64604437759329e-10
1347 3233 8 5.64604437759329e-10
1347 3279 9 1.6691268873417835e-11
1347 4208 10 4.428432952605088e-13
1347 4214 10 4.428432952605088e-13
1347 4516 8 5.64604437759329e-10
1347 4554 8 5.64604437759329e-10
1348 1633 8 5.64604437759329e-10
1348 2554 8 5.64604437759329e-10
1348 3279 9 1.6691268873417835e-11
1348 3282 8 5.64604437759329e-10
1348 4214 9 1.6691268873417835e-11
1348 4220 8 5.64604437759329e-10
1349 1620 9 1.6691268873417835e-11
1349 1635 8 5.64604437759329e-10
1349 1637 9 1.6691268873417835e-11
1349 2694 8 5.64604437759329e-10
1349 2976 12 2.3402764373150714e-16
1349 3409 8 5.64604437759329e-10
1349 4215 8 5.64604437759329e-10
1349 4255 9 1.6691268873417835e-11
1349 4523 8 5.64604437759329e-10
1349 4722 8 5.64604437759329e-10
1350 1622 9 1.6691268873417835e-11
1350 1637 10 4.428432952605088e-13
1350 1638 9 1.6691268873417835e-11
1350 1937 8 5.64604437759329e-10
1350 2056 9 1.6691268873417835e-11
1350 2940 9 1.6691268873417835e-11
1350 2975 10 4.428432952605088e-13
1350 3233 8 5.64604437759329e-10
1350 3271 8 5.64604437759329e-10
1350 4209 8 5.64604437759329e-10
1350 4524 11 1.0649371965848694e-14
1350 4841 11 1.0649371965848694e-14
1350 4844 8 5.64604437759329e-10
1352 3314 9 1.6691268873417835e-11
1353 1476 29 1.0911877876149518e-48
1353 1621 8 5.64604437759329e-10
1353 2976 8 5.64604437759329e-10
1353 3250 8 5.64604437759329e-10
1353 4519 8 5.64604437759329e-10
1353 4531 8 5.64604437759329e-10
1355 3310 9 1.6691268873417835e-11
1355 3313 8 5.64604437759329e-10
1355 4522 9 1.6691268873417835e-11
1356 1638 9 1.6691268873417835e-11
1356 2975 8 5.64604437759329e-10
1356 3544 11 1.0649371965848694e-14
1356 4556 9 1.6691268873417835e-11
1357 1635 8 5.64604437759329e-10
1358 1634 10 4.428432952605088e-13
1358 3282 9 1.6691268873417835e-11
1359 3269 8 5.64604437759329e-10
1359 3916 8 5.64604437759329e-10
1360 1622 8 5.64604437759329e-10
1360 1638 8 5.64604437759329e-10
1360 2520 8 5.64604437759329e-10
1360 2975 8 5.64604437759329e-10
1360 3271 8 5.64604437759329e-10
1360 3309 8 5.64604437759329e-10
1360 3310 8 5.64604437759329e-10
1360 3315 8 5.64604437759329e-10
1361 1640 8 5.64604437759329e-10
1361 3290 8 5.64604437759329e-10
1361 3308 8 5.64604437759329e-10
1361 3917 8 5.64604437759329e-10
1367 4308 20 9.5738095445751e-31
1373 4538 13 4.732277814080472e-18
1373 4725 8 5.64604437759329e-10
1374 1619 10 4.428432952605088e-13
1374 1620 10 4.428432952605088e-13
1374 1637 9 1.6691268873417835e-11
1374 1639 9 1.6691268873417835e-11
1374 1641 9 1.6691268873417835e-11
1374 2554 8 5.64604437759329e-10
1374 4510 8 5.64604437759329e-10
1374 4517 8 5.64604437759329e-10
1375 1620 8 5.64604437759329e-10
1375 1636 11 1.0649371965848694e-14
1375 1638 9 1.6691268873417835e-11
1375 2782 9 1.6691268873417835e-11
1375 3318 8 5.64604437759329e-10
1375 4514 9 1.6691268873417835e-11
1375 4518 9 1.6691268873417835e-11
1375 4519 8 5.64604437759329e-10
1376 1621 10 4.428432952605088e-13
1376 1633 8 5.64604437759329e-10
1376 1635 9 1.6691268873417835e-11
1376 1636 9 1.6691268873417835e-11
1376 1637 11 1.0649371965848694e-14
1376 1638 9 1.6691268873417835e-11
1376 1665 9 1.6691268873417835e-11
1376 2686 9 1.6691268873417835e-11
1376 3268 8 5.64604437759329e-10
1376 3312 9 1.6691268873417835e-11
1376 3313 9 1.6691268873417835e-11
1376 3315 11 1.0649371965848694e-14
1376 4518 9 1.6691268873417835e-11
1377 1620 9 1.6691268873417835e-11
1377 1621 10 4.428432952605088e-13
1377 1633 11 1.0649371965848694e-14
1377 1634 8 5.64604437759329e-10
1377 1635 11 1.0649371965848694e-14
1377 1637 9 1.6691268873417835e-11
1377 1638 15 1.5420732535043621e-21
1377 1670 8 5.64604437759329e-10
1377 2783 9 1.6691268873417835e-11
1377 3274 8 5.64604437759329e-10
1377 3318 8 5.64604437759329e-10
1377 4517 8 5.64604437759329e-10
1378 1633 8 5.64604437759329e-10
1378 1634 8 5.64604437759329e-10
1378 1635 8 5.64604437759329e-10
1378 1638 9 1.6691268873417835e-11
1378 2553 8 5.64604437759329e-10
1378 2937 8 5.64604437759329e-10
1378 3545 9 1.6691268873417835e-11
1378 3760 8 5.64604437759329e-10
1378 4517 8 5.64604437759329e-10
1379 1629 9 1.6691268873417835e-11
1379 2553 8 5.64604437759329e-10
1379 3317 8 5.64604437759329e-10
1379 3760 9 1.6691268873417835e-11
1379 4513 8 5.64604437759329e-10
1380 2550 9 1.6691268873417835e-11
1380 2551 8 5.64604437759329e-10
1380 2552 8 5.64604437759329e-10
1380 2554 8 5.64604437759329e-10
1380 3317 8 5.64604437759329e-10
1381 1613 8 5.64604437759329e-10
1381 1628 10 4.428432952605088e-13
1381 2552 8 5.64604437759329e-10
1381 3273 8 5.64604437759329e-10
1382 1628 17 3.8283387795915287e-25
1382 1636 9 1.6691268873417835e-11
1382 1637 8 5.64604437759329e-10
1382 2976 8 5.64604437759329e-10
1382 3277 9 1.6691268873417835e-11
1382 3318 9 1.6691268873417835e-11
1384 2297 8 5.64604437759329e-10
1386 1871 11 1.0649371965848694e-14
1386 1872 9 1.6691268873417835e-11
1386 4686 17 3.8283387795915287e-25
1388 4236 14 8.85692625321257e-20
1388 4253 8 5.64604437759329e-10
1389 1623 8 5.64604437759329e-10
1389 2976 8 5.64604437759329e-10
1389 3071 12 2.3402764373150714e-16
1389 3279 8 5.64604437759329e-10
1389 3318 10 4.428432952605088e-13
1389 4009 18 5.498832612204317e-27
1389 4253 8 5.64604437759329e-10
1389 4255 9 1.6691268873417835e-11
1389 4723 51 1.230106220210585e-97
1390 4723 16 2.5087223427792573e-23
1397 3083 8 5.64604437759329e-10
1398 2454 30 9.014039566089779e-51
1398 3083 28 1.2722811820097824e-46
1399 3083 12 2.3402764373150714e-16
1400 3083 14 8.85692625321257e-20
1401 3083 13 4.732277814080472e-18
1402 3083 18 5.498832612204317e-27
1403 3083 14 8.85692625321257e-20
1404 3083 13 4.732277814080472e-18
1405 3083 14 8.85692625321257e-20
1406 3083 8 5.64604437759329e-10
1407 3083 15 1.5420732535043621e-21
1408 3083 18 5.498832612204317e-27
1409 3083 12 2.3402764373150714e-16
1410 3083 14 8.85692625321257e-20
1411 3083 10 4.428432952605088e-13
1412 3083 8 5.64604437759329e-10
1415 3083 13 4.732277814080472e-18
1416 3083 11 1.0649371965848694e-14
1417 3083 17 3.8283387795915287e-25
1418 3083 11 1.0649371965848694e-14
1419 3083 14 8.85692625321257e-20
1420 3083 12 2.3402764373150714e-16
1421 3083 10 4.428432952605088e-13
1422 3083 14 8.85692625321257e-20
1423 3083 12 2.3402764373150714e-16
1425 3083 8 5.64604437759329e-10
1426 3083 9 1.6691268873417835e-11
1427 3083 15 1.5420732535043621e-21
1428 3083 14 8.85692625321257e-20
1429 3083 10 4.428432952605088e-13
1429 4879 10 4.428432952605088e-13
1430 3083 12 2.3402764373150714e-16
1431 3083 16 2.5087223427792573e-23
1432 3083 13 4.732277814080472e-18
1433 3083 15 1.5420732535043621e-21
1433 4044 8 5.64604437759329e-10
1435 3083 11 1.0649371965848694e-14
1436 3083 13 4.732277814080472e-18
1436 3364 9 1.6691268873417835e-11
1437 3083 23 1.4938220276074436e-36
1437 4072 8 5.64604437759329e-10
1437 4522 8 5.64604437759329e-10
1438 3083 8 5.64604437759329e-10
1439 2759 8 5.64604437759329e-10
1439 4524 8 5.64604437759329e-10
1439 4841 8 5.64604437759329e-10
1440 3083 8 5.64604437759329e-10
1444 3083 8 5.64604437759329e-10
1447 3083 14 8.85692625321257e-20
1448 3083 11 1.0649371965848694e-14
1450 3083 12 2.3402764373150714e-16
1450 3312 16 2.5087223427792573e-23
1452 3083 8 5.64604437759329e-10
1453 3083 12 2.3402764373150714e-16
1454 2448 8 5.64604437759329e-10
1454 2651 9 1.6691268873417835e-11
1454 2655 8 5.64604437759329e-10
1456 3083 12 2.3402764373150714e-16
1456 3744 10 4.428432952605088e-13
1456 4604 9 1.6691268873417835e-11
1457 2351 9 1.6691268873417835e-11
1457 3083 102 1.547461168422858e-228
1457 4255 9 1.6691268873417835e-11
1458 4209 8 5.64604437759329e-10
1459 3083 8 5.64604437759329e-10
1460 3083 9 1.6691268873417835e-11
1460 4328 8 5.64604437759329e-10
1465 2007 21 1.1665698137259598e-32
1465 3083 9 1.6691268873417835e-11
1468 3083 11 1.0649371965848694e-14
1469 3083 9 1.6691268873417835e-11
1469 4308 10 4.428432952605088e-13
1474 5118 11 1.0649371965848694e-14
1478 2439 13 4.732277814080472e-18
1480 3781 9 1.6691268873417835e-11
1489 2494 8 5.64604437759329e-10
1496 3559 9 1.6691268873417835e-11
1497 3083 8 5.64604437759329e-10
1502 4723 9 1.6691268873417835e-11
1530 3034 8 5.64604437759329e-10
1540 3048 9 1.6691268873417835e-11
1541 3048 50 2.7410531591577114e-95
1542 2937 8 5.64604437759329e-10
1542 3048 12 2.3402764373150714e-16
1547 2330 13 4.732277814080472e-18
1550 3845 9 1.6691268873417835e-11
1550 4270 10 4.428432952605088e-13
1567 3527 10 4.428432952605088e-13
1572 2731 19 7.456995605475318e-29
1572 2732 16 2.5087223427792573e-23
1576 4274 10 4.428432952605088e-13
1577 4274 14 8.85692625321257e-20
1611 3139 12 2.3402764373150714e-16
1612 4261 8 5.64604437759329e-10
1613 3083 8 5.64604437759329e-10
1617 2553 8 5.64604437759329e-10
1617 2695 8 5.64604437759329e-10
1618 2555 8 5.64604437759329e-10
1618 2938 8 5.64604437759329e-10
1618 4521 8 5.64604437759329e-10
1619 2053 8 5.64604437759329e-10
1619 2555 8 5.64604437759329e-10
1619 4722 9 1.6691268873417835e-11
1620 2695 9 1.6691268873417835e-11
1620 3282 8 5.64604437759329e-10
1621 2977 11 1.0649371965848694e-14
1621 3222 20 9.5738095445751e-31
1621 3278 9 1.6691268873417835e-11
1621 3281 8 5.64604437759329e-10
1621 4513 9 1.6691268873417835e-11
1621 4924 9 1.6691268873417835e-11
1622 2140 13 4.732277814080472e-18
1622 2449 9 1.6691268873417835e-11
1622 3271 10 4.428432952605088e-13
1622 3279 8 5.64604437759329e-10
1622 3280 9 1.6691268873417835e-11
1622 3281 9 1.6691268873417835e-11
1622 3311 11 1.0649371965848694e-14
1622 3312 9 1.6691268873417835e-11
1622 3318 8 5.64604437759329e-10
1622 4329 8 5.64604437759329e-10
1622 4335 10 4.428432952605088e-13
1622 4515 8 5.64604437759329e-10
1622 4518 8 5.64604437759329e-10
1622 4520 8 5.64604437759329e-10
1622 4846 8 5.64604437759329e-10
1623 3280 9 1.6691268873417835e-11
1633 2555 9 1.6691268873417835e-11
1633 3233 10 4.428432952605088e-13
1633 3312 9 1.6691268873417835e-11
1633 4300 9 1.6691268873417835e-11
1634 3275 15 1.5420732535043621e-21
1634 3312 8 5.64604437759329e-10
1635 2937 9 1.6691268873417835e-11
1635 3674 9 1.6691268873417835e-11
1635 4328 9 1.6691268873417835e-11
1636 3235 8 5.64604437759329e-10
1636 3271 9 1.6691268873417835e-11
1636 4926 8 5.64604437759329e-10
1637 2212 9 1.6691268873417835e-11
1637 3272 8 5.64604437759329e-10
1638 2477 10 4.428432952605088e-13
1638 3281 8 5.64604437759329e-10
1638 3282 8 5.64604437759329e-10
1639 2976 8 5.64604437759329e-10
1640 2266 8 5.64604437759329e-10
1640 3233 9 1.6691268873417835e-11
1642 3071 9 1.6691268873417835e-11
1642 3291 8 5.64604437759329e-10
1646 4184 11 1.0649371965848694e-14
1650 2779 8 5.64604437759329e-10
1651 3158 10 4.428432952605088e-13
1652 3874 8 5.64604437759329e-10
1652 3875 26 1.538096288870965e-42
1652 4509 10 4.428432952605088e-13
1652 4510 38 5.698603696047143e-68
1662 1923 8 5.64604437759329e-10
1663 1705 19 7.456995605475318e-29
1663 2783 8 5.64604437759329e-10
1664 2294 8 5.64604437759329e-10
1668 3306 8 5.64604437759329e-10
1670 3122 11 1.0649371965848694e-14
1678 3317 8 5.64604437759329e-10
1683 5093 8 5.64604437759329e-10
1685 2838 29 1.0911877876149518e-48
1685 3294 10 4.428432952605088e-13
1685 4541 80 1.1941448685585748e-169
1690 2448 14 8.85692625321257e-20
1703 3083 28 1.2722811820097824e-46
1703 3294 10 4.428432952605088e-13
1703 4541 152 0.0
1703 4658 13 4.732277814080472e-18
1704 2708 13 4.732277814080472e-18
1704 3083 41 1.2134047857135965e-74
1705 3083 20 9.5738095445751e-31
1706 3083 28 1.2722811820097824e-46
1707 3083 20 9.5738095445751e-31
1708 3083 19 7.456995605475318e-29
1709 3083 17 3.8283387795915287e-25
1709 3677 9 1.6691268873417835e-11
1710 3083 15 1.5420732535043621e-21
1711 3083 20 9.5738095445751e-31
1711 4578 13 4.732277814080472e-18
1712 3083 16 2.5087223427792573e-23
1713 3083 19 7.456995605475318e-29
1714 3083 16 2.5087223427792573e-23
1714 4301 10 4.428432952605088e-13
1715 3083 18 5.498832612204317e-27
1716 3083 14 8.85692625321257e-20
1717 3083 16 2.5087223427792573e-23
1718 3083 8 5.64604437759329e-10
1719 3083 16 2.5087223427792573e-23
1720 2414 12 2.3402764373150714e-16
1720 3083 13 4.732277814080472e-18
1721 3083 21 1.1665698137259598e-32
1722 3083 18 5.498832612204317e-27
1723 3083 28 1.2722811820097824e-46
1724 3083 12 2.3402764373150714e-16
1725 3083 9 1.6691268873417835e-11
1726 3083 12 2.3402764373150714e-16
1727 3083 18 5.498832612204317e-27
1728 3083 16 2.5087223427792573e-23
1729 3083 13 4.732277814080472e-18
1730 3083 14 8.85692625321257e-20
1731 3083 14 8.85692625321257e-20
1732 2373 16 2.5087223427792573e-23
1732 3083 18 5.498832612204317e-27
1733 3083 15 1.5420732535043621e-21
1733 4757 8 5.64604437759329e-10
1734 3083 16 2.5087223427792573e-23
1735 3083 19 7.456995605475318e-29
1736 3083 16 2.5087223427792573e-23
1737 3083 15 1.5420732535043621e-21
1738 3083 8 5.64604437759329e-10
1739 3083 13 4.732277814080472e-18
1740 3083 20 9.5738095445751e-31
1741 3083 25 1.5906097264845062e-40
1742 3083 9 1.6691268873417835e-11
1743 3083 13 4.732277814080472e-18
1744 3083 9 1.6691268873417835e-11
1745 3083 15 1.5420732535043621e-21
1746 3083 10 4.428432952605088e-13
1748 3083 14 8.85692625321257e-20
1749 2364 10 4.428432952605088e-13
1749 3083 9 1.6691268873417835e-11
1750 2364 14 8.85692625321257e-20
1750 3083 12 2.3402764373150714e-16
1751 2364 10 4.428432952605088e-13
1751 3083 17 3.8283387795915287e-25
1752 3083 10 4.428432952605088e-13
1753 3083 16 2.5087223427792573e-23
1754 3083 20 9.5738095445751e-31
1755 3083 17 3.8283387795915287e-25
1756 3083 11 1.0649371965848694e-14
1757 2610 8 5.64604437759329e-10
1757 3083 18 5.498832612204317e-27
1757 4509 9 1.6691268873417835e-11
1758 2054 8 5.64604437759329e-10
1758 3083 15 1.5420732535043621e-21
1758 3655 9 1.6691268873417835e-11
1758 4510 9 1.6691268873417835e-11
1759 3083 11 1.0649371965848694e-14
1760 3083 15 1.5420732535043621e-21
1763 3083 13 4.732277814080472e-18
1764 3083 15 1.5420732535043621e-21
1765 3083 9 1.6691268873417835e-11
1766 3083 14 8.85692625321257e-20
1767 3083 11 1.0649371965848694e-14
1768 3083 14 8.85692625321257e-20
1769 3083 10 4.428432952605088e-13
1770 3083 15 1.5420732535043621e-21
1771 3376 45 1.0463314936081407e-83
1771 3377 9 1.6691268873417835e-11
1772 3083 20 9.5738095445751e-31
1773 3083 10 4.428432952605088e-13
1776 3083 13 4.732277814080472e-18
1777 3083 8 5.64604437759329e-10
1788 3083 8 5.64604437759329e-10
1792 3083 8 5.64604437759329e-10
1795 3083 15 1.5420732535043621e-21
1797 3083 8 5.64604437759329e-10
1797 4569 14 8.85692625321257e-20
1800 2522 9 1.6691268873417835e-11
1801 3083 8 5.64604437759329e-10
1802 3083 12 2.3402764373150714e-16
1804 4950 15 1.5420732535043621e-21
1810 3661 24 1.5760311052761611e-38
1810 4328 9 1.6691268873417835e-11
1813 2258 8 5.64604437759329e-10
1824 2216 9 1.6691268873417835e-11
1830 3170 24 1.5760311052761611e-38
1831 3083 9 1.6691268873417835e-11
1831 4833 17 3.8283387795915287e-25
1832 4833 23 1.4938220276074436e-36
1837 4889 35 2.047506141836424e-61
1849 4361 21 1.1665698137259598e-32
1850 4361 9 1.6691268873417835e-11
1850 5164 10 4.428432952605088e-13
1851 2641 10 4.428432952605088e-13
1858 2812 8 5.64604437759329e-10
1867 4218 8 5.64604437759329e-10
1867 4225 8 5.64604437759329e-10
1868 2325 11 1.0649371965848694e-14
1868 2681 8 5.64604437759329e-10
1870 3763 8 5.64604437759329e-10
1879 2301 8 5.64604437759329e-10
1880 2206 25 1.5906097264845062e-40
1880 4892 11 1.0649371965848694e-14
1907 3462 9 1.6691268873417835e-11
1909 5036 12 2.3402764373150714e-16
1910 5036 8 5.64604437759329e-10
1914 4372 17 3.8283387795915287e-25
1921 3290 10 4.428432952605088e-13
1927 2870 10 4.428432952605088e-13
1927 5136 11 1.0649371965848694e-14
1937 2554 8 5.64604437759329e-10
1937 4253 8 5.64604437759329e-10
1946 2743 12 2.3402764373150714e-16
1947 2554 8 5.64604437759329e-10
1963 2378 10 4.428432952605088e-13
1963 2379 30 9.014039566089779e-51
1966 4817 9 1.6691268873417835e-11
1978 3731 8 5.64604437759329e-10
1978 3881 12 2.3402764373150714e-16
1987 2277 8 5.64604437759329e-10
1990 4365 8 5.64604437759329e-10
1991 2990 17 3.8283387795915287e-25
1994 2301 8 5.64604437759329e-10
1995 2301 8 5.64604437759329e-10
2003 2828 8 5.64604437759329e-10
2003 3083 68 5.377010621374304e-139
2003 4255 21 1.1665698137259598e-32
2004 3083 45 1.0463314936081407e-83
2004 4255 9 1.6691268873417835e-11
2005 3083 31 7.1799130310204e-53
2006 3083 28 1.2722811820097824e-46
2006 3087 9 1.6691268873417835e-11
2006 4255 9 1.6691268873417835e-11
2007 3083 27 1.4271192922809367e-44
2008 3083 12 2.3402764373150714e-16
2009 3083 29 1.0911877876149518e-48
2010 3083 24 1.5760311052761611e-38
2011 2814 15 1.5420732535043621e-21
2011 3083 19 7.456995605475318e-29
2011 5289 22 1.3521310654402753e-34
2011 5290 16 2.5087223427792573e-23
2019 3083 14 8.85692625321257e-20
2022 3083 19 7.456995605475318e-29
2023 3083 16 2.5087223427792573e-23
2024 3083 15 1.5420732535043621e-21
2025 3083 11 1.0649371965848694e-14
2026 3083 12 2.3402764373150714e-16
2027 3083 9 1.6691268873417835e-11
2030 3083 15 1.5420732535043621e-21
2031 3050 9 1.6691268873417835e-11
2031 3083 21 1.1665698137259598e-32
2031 3876 12 2.3402764373150714e-16
2032 3083 8 5.64604437759329e-10
2034 3083 15 1.5420732535043621e-21
2036 3083 22 1.3521310654402753e-34
2037 3083 15 1.5420732535043621e-21
2046 2392 10 4.428432952605088e-13
2046 2393 8 5.64604437759329e-10
2046 3083 13 4.732277814080472e-18
2047 3083 18 5.498832612204317e-27
2048 3083 12 2.3402764373150714e-16
2049 3083 11 1.0649371965848694e-14
2050 3083 16 2.5087223427792573e-23
2051 3083 11 1.0649371965848694e-14
2052 3083 17 3.8283387795915287e-25
2053 3083 14 8.85692625321257e-20
2054 3083 18 5.498832612204317e-27
2054 4510 10 4.428432952605088e-13
2054 4511 8 5.64604437759329e-10
2055 2628 12 2.3402764373150714e-16
2055 3083 10 4.428432952605088e-13
2055 4510 8 5.64604437759329e-10
2055 4511 9 1.6691268873417835e-11
2055 4515 8 5.64604437759329e-10
2055 4516 8 5.64604437759329e-10
2055 4519 8 5.64604437759329e-10
2055 4845 11 1.0649371965848694e-14
2055 4848 8 5.64604437759329e-10
2056 2655 9 1.6691268873417835e-11
2056 2656 8 5.64604437759329e-10
2056 3083 8 5.64604437759329e-10
2056 3232 9 1.6691268873417835e-11
2056 4298 9 1.6691268873417835e-11
2056 4509 8 5.64604437759329e-10
2056 4510 11 1.0649371965848694e-14
2056 4511 8 5.64604437759329e-10
2056 4515 9 1.6691268873417835e-11
2056 4518 9 1.6691268873417835e-11
2056 4519 12 2.3402764373150714e-16
2056 4520 8 5.64604437759329e-10
2056 4845 8 5.64604437759329e-10
2057 3083 9 1.6691268873417835e-11
2057 3089 9 1.6691268873417835e-11
2058 3083 13 4.732277814080472e-18
2058 4510 8 5.64604437759329e-10
2059 2329 8 5.64604437759329e-10
2059 3083 15 1.5420732535043621e-21
2059 3315 8 5.64604437759329e-10
2059 4846 13 4.732277814080472e-18
2060 3083 9 1.6691268873417835e-11
2061 3480 12 2.3402764373150714e-16
2066 3265 9 1.6691268873417835e-11
2067 3083 16 2.5087223427792573e-23
2068 3083 16 2.5087223427792573e-23
2069 3083 8 5.64604437759329e-10
2069 4855 8 5.64604437759329e-10
2070 3083 10 4.428432952605088e-13
2093 3083 9 1.6691268873417835e-11
2095 3083 8 5.64604437759329e-10
2096 3083 9 1.6691268873417835e-11
2099 3083 10 4.428432952605088e-13
2100 4216 9 1.6691268873417835e-11
2100 4510 8 5.64604437759329e-10
2101 2975 8 5.64604437759329e-10
2101 3087 10 4.428432952605088e-13
2101 4510 10 4.428432952605088e-13
2101 4522 8 5.64604437759329e-10
2102 2609 9 1.6691268873417835e-11
2102 2975 9 1.6691268873417835e-11
2102 4510 10 4.428432952605088e-13
2103 4510 8 5.64604437759329e-10
2169 4915 8 5.64604437759329e-10
2171 3233 9 1.6691268873417835e-11
2171 4215 15 1.5420732535043621e-21
2172 3307 9 1.6691268873417835e-11
2172 4522 8 5.64604437759329e-10
2172 5288 10 4.428432952605088e-13
2173 2698 8 5.64604437759329e-10
2175 2871 9 1.6691268873417835e-11
2178 2409 11 1.0649371965848694e-14
2184 3952 15 1.5420732535043621e-21
2184 4073 24 1.5760311052761611e-38
2189 2323 13 4.732277814080472e-18
2189 4649 23 1.4938220276074436e-36
2190 4649 10 4.428432952605088e-13
2201 2426 11 1.0649371965848694e-14
2204 4402 18 5.498832612204317e-27
2212 3281 8 5.64604437759329e-10
2213 2522 8 5.64604437759329e-10
2213 3545 8 5.64604437759329e-10
2215 2662 22 1.3521310654402753e-34
2220 3561 18 5.498832612204317e-27
2229 3179 8 5.64604437759329e-10
2231 3546 11 1.0649371965848694e-14
2232 2917 12 2.3402764373150714e-16
2239 2922 22 1.3521310654402753e-34
2264 3680 14 8.85692625321257e-20
2265 2783 8 5.64604437759329e-10
2265 2784 9 1.6691268873417835e-11
2265 3071 8 5.64604437759329e-10
2265 3308 12 2.3402764373150714e-16
2265 3316 8 5.64604437759329e-10
2265 3545 8 5.64604437759329e-10
2266 3272 9 1.6691268873417835e-11
2266 4846 8 5.64604437759329e-10
2268 4925 34 2.9452104591019624e-59
2271 4297 8 5.64604437759329e-10
2272 3439 13 4.732277814080472e-18
2277 4451 8 5.64604437759329e-10
2309 3083 60 3.3007015155766064e-119
2309 4255 8 5.64604437759329e-10
2310 3083 62 4.200336416516681e-124
2310 4255 10 4.428432952605088e-13
2310 4541 116 0.0
2311 2652 18 5.498832612204317e-27
2311 3083 38 5.698603696047143e-68
2311 3861 9 1.6691268873417835e-11
2312 3083 24 1.5760311052761611e-38
2312 3571 11 1.0649371965848694e-14
2313 3083 21 1.1665698137259598e-32
2314 3083 16 2.5087223427792573e-23
2314 3843 13 4.732277814080472e-18
2315 3083 21 1.1665698137259598e-32
2316 3083 26 1.538096288870965e-42
2317 3083 30 9.014039566089779e-51
2318 3083 15 1.5420732535043621e-21
2319 3083 21 1.1665698137259598e-32
2320 3083 27 1.4271192922809367e-44
2321 3083 26 1.538096288870965e-42
2321 4255 8 5.64604437759329e-10
2322 3083 28 1.2722811820097824e-46
2323 3083 26 1.538096288870965e-42
2324 3083 22 1.3521310654402753e-34
2325 3083 25 1.5906097264845062e-40
2326 2611 9 1.6691268873417835e-11
2326 3083 22 1.3521310654402753e-34
2326 4849 12 2.3402764373150714e-16
2327 3083 15 1.5420732535043621e-21
2328 3083 18 5.498832612204317e-27
2329 3083 11 1.0649371965848694e-14
2329 4255 8 5.64604437759329e-10
2330 3083 19 7.456995605475318e-29
2331 3083 17 3.8283387795915287e-25
2332 3083 13 4.732277814080472e-18
2333 3083 15 1.5420732535043621e-21
2335 3083 13 4.732277814080472e-18
2336 3083 12 2.3402764373150714e-16
2337 3083 13 4.732277814080472e-18
2338 3083 13 4.732277814080472e-18
2339 3083 12 2.3402764373150714e-16
2340 3083 23 1.4938220276074436e-36
2341 3083 18 5.498832612204317e-27
2342 3083 8 5.64604437759329e-10
2349 3083 28 1.2722811820097824e-46
2350 3083 11 1.0649371965848694e-14
2351 3083 12 2.3402764373150714e-16
2352 3083 11 1.0649371965848694e-14
2353 3083 13 4.732277814080472e-18
2354 3083 14 8.85692625321257e-20
2355 3083 15 1.5420732535043621e-21
2355 4255 8 5.64604437759329e-10
2356 3083 16 2.5087223427792573e-23
2357 3083 20 9.5738095445751e-31
2358 3083 15 1.5420732535043621e-21
2359 3083 16 2.5087223427792573e-23
2360 3083 10 4.428432952605088e-13
2361 2892 12 2.3402764373150714e-16
2362 3083 9 1.6691268873417835e-11
2365 3083 9 1.6691268873417835e-11
2366 3083 8 5.64604437759329e-10
2367 3083 15 1.5420732535043621e-21
2369 3083 16 2.5087223427792573e-23
2370 3083 12 2.3402764373150714e-16
2371 3083 9 1.6691268873417835e-11
2372 3083 13 4.732277814080472e-18
2372 4191 17 3.8283387795915287e-25
2373 3083 14 8.85692625321257e-20
2373 5254 21 1.1665698137259598e-32
2374 3083 8 5.64604437759329e-10
2375 3083 10 4.428432952605088e-13
2376 3083 10 4.428432952605088e-13
2378 3083 10 4.428432952605088e-13
2379 3083 11 1.0649371965848694e-14
2387 3083 9 1.6691268873417835e-11
2389 3083 10 4.428432952605088e-13
2390 3083 8 5.64604437759329e-10
2391 3083 10 4.428432952605088e-13
2394 3083 12 2.3402764373150714e-16
2395 3083 9 1.6691268873417835e-11
2398 3083 9 1.6691268873417835e-11
2399 3083 13 4.732277814080472e-18
2400 3083 17 3.8283387795915287e-25
2401 3083 14 8.85692625321257e-20
2401 3572 14 8.85692625321257e-20
2405 3083 9 1.6691268873417835e-11
2407 3839 14 8.85692625321257e-20
2412 3083 8 5.64604437759329e-10
2434 4501 19 7.456995605475318e-29
2435 4501 9 1.6691268873417835e-11
2437 4972 15 1.5420732535043621e-21
2438 3083 9 1.6691268873417835e-11
2448 4214 8 5.64604437759329e-10
2449 2783 8 5.64604437759329e-10
2451 4780 11 1.0649371965848694e-14
2452 3216 10 4.428432952605088e-13
2458 3908 15 1.5420732535043621e-21
2476 3083 9 1.6691268873417835e-11
2477 3316 8 5.64604437759329e-10
2477 4555 8 5.64604437759329e-10
2478 2677 32 5.520065807518144e-55
2478 3318 8 5.64604437759329e-10
2488 4714 10 4.428432952605088e-13
2494 3215 9 1.6691268873417835e-11
2495 3215 14 8.85692625321257e-20
2503 3430 14 8.85692625321257e-20
2506 3907 15 1.5420732535043621e-21
2510 3426 8 5.64604437759329e-10
2511 3330 9 1.6691268873417835e-11
2511 3426 32 5.520065807518144e-55
2511 5064 8 5.64604437759329e-10
2520 2929 9 1.6691268873417835e-11
2520 2930 37 8.999770604062455e-66
2520 2931 130 0.0
2521 5067 11 1.0649371965848694e-14
2530 4636 8 5.64604437759329e-10
2553 3282 8 5.64604437759329e-10
2554 2782 9 1.6691268873417835e-11
2554 2784 8 5.64604437759329e-10
2554 2977 11 1.0649371965848694e-14
2554 3271 10 4.428432952605088e-13
2554 3282 9 1.6691268873417835e-11
2554 3316 8 5.64604437759329e-10
2554 3317 9 1.6691268873417835e-11
2554 4219 10 4.428432952605088e-13
2554 4254 10 4.428432952605088e-13
2554 4525 8 5.64604437759329e-10
2555 3330 14 8.85692625321257e-20
2555 3331 38 5.698603696047143e-68
2556 3271 8 5.64604437759329e-10
2565 4651 16 2.5087223427792573e-23
2566 4651 30 9.014039566089779e-51
2566 4956 15 1.5420732535043621e-21
2573 3083 33 4.100270176664821e-57
2574 3083 29 1.0911877876149518e-48
2575 3083 33 4.100270176664821e-57
2576 3083 24 1.5760311052761611e-38
2577 3083 17 3.8283387795915287e-25
2578 3083 32 5.520065807518144e-55
2578 3497 9 1.6691268873417835e-11
2578 3499 13 4.732277814080472e-18
2579 3083 16 2.5087223427792573e-23
2580 3083 22 1.3521310654402753e-34
2581 3083 26 1.538096288870965e-42
2582 3083 18 5.498832612204317e-27
2583 3083 16 2.5087223427792573e-23
2584 3083 22 1.3521310654402753e-34
2585 3083 19 7.456995605475318e-29
2586 3083 16 2.5087223427792573e-23
2588 3083 26 1.538096288870965e-42
2589 3083 14 8.85692625321257e-20
2590 3083 10 4.428432952605088e-13
2591 3083 16 2.5087223427792573e-23
2592 3083 16 2.5087223427792573e-23
2593 3083 16 2.5087223427792573e-23
2594 3083 23 1.4938220276074436e-36
2595 3083 13 4.732277814080472e-18
2596 3083 20 9.5738095445751e-31
2597 3083 20 9.5738095445751e-31
2598 3083 17 3.8283387795915287e-25
2599 3083 12 2.3402764373150714e-16
2600 3083 13 4.732277814080472e-18
2601 3083 17 3.8283387795915287e-25
2602 3083 18 5.498832612204317e-27
2603 3083 13 4.732277814080472e-18
2604 3083 16 2.5087223427792573e-23
2605 3083 12 2.3402764373150714e-16
2605 5120 17 3.8283387795915287e-25
2606 3083 14 8.85692625321257e-20
2607 3083 20 9.5738095445751e-31
2608 3083 20 9.5738095445751e-31
2608 4721 22 1.3521310654402753e-34
2608 4841 11 1.0649371965848694e-14
2608 4842 8 5.64604437759329e-10
2609 3083 14 8.85692625321257e-20
2609 3086 9 1.6691268873417835e-11
2609 3871 8 5.64604437759329e-10
2610 3083 13 4.732277814080472e-18
2611 3083 20 9.5738095445751e-31
2612 3083 12 2.3402764373150714e-16
2613 3083 11 1.0649371965848694e-14
2614 3083 10 4.428432952605088e-13
2615 3083 10 4.428432952605088e-13
2616 3083 14 8.85692625321257e-20
2617 3083 10 4.428432952605088e-13
2618 3083 11 1.0649371965848694e-14
2620 3083 17 3.8283387795915287e-25
2621 3083 14 8.85692625321257e-20
2622 3083 9 1.6691268873417835e-11
2624 3083 9 1.6691268873417835e-11
2625 3083 8 5.64604437759329e-10
2626 3083 11 1.0649371965848694e-14
2627 3083 8 5.64604437759329e-10
2628 3083 16 2.5087223427792573e-23
2629 3083 12 2.3402764373150714e-16
2630 3083 13 4.732277814080472e-18
2631 3083 8 5.64604437759329e-10
2632 3083 8 5.64604437759329e-10
2634 3083 12 2.3402764373150714e-16
2635 3083 10 4.428432952605088e-13
2637 3083 15 1.5420732535043621e-21
2638 3083 8 5.64604437759329e-10
2640 3083 12 2.3402764373150714e-16
2640 4841 8 5.64604437759329e-10
2641 3083 12 2.3402764373150714e-16
2642 3083 9 1.6691268873417835e-11
2643 3083 9 1.6691268873417835e-11
2645 3083 9 1.6691268873417835e-11
2646 3083 8 5.64604437759329e-10
2646 3103 8 5.64604437759329e-10
2647 3083 12 2.3402764373150714e-16
2647 4157 14 8.85692625321257e-20
2648 3083 9 1.6691268873417835e-11
2649 3083 10 4.428432952605088e-13
2651 3083 11 1.0649371965848694e-14
2652 3083 8 5.64604437759329e-10
2654 3083 9 1.6691268873417835e-11
2655 3086 9 1.6691268873417835e-11
2655 4511 9 1.6691268873417835e-11
2655 4517 8 5.64604437759329e-10
2655 4519 8 5.64604437759329e-10
2655 4520 8 5.64604437759329e-10
2656 4510 9 1.6691268873417835e-11
2656 4529 8 5.64604437759329e-10
2656 4532 9 1.6691268873417835e-11
2657 4493 10 4.428432952605088e-13
2658 4514 8 5.64604437759329e-10
2658 4520 8 5.64604437759329e-10
2661 3083 12 2.3402764373150714e-16
2662 3083 10 4.428432952605088e-13
2663 3083 9 1.6691268873417835e-11
2663 4679 9 1.6691268873417835e-11
2664 3083 10 4.428432952605088e-13
2665 3083 8 5.64604437759329e-10
2667 3083 8 5.64604437759329e-10
2668 3083 12 2.3402764373150714e-16
2670 3083 8 5.64604437759329e-10
2674 3083 9 1.6691268873417835e-11
2675 3083 11 1.0649371965848694e-14
2679 3083 9 1.6691268873417835e-11
2680 3083 10 4.428432952605088e-13
2681 3083 11 1.0649371965848694e-14
2681 3674 8 5.64604437759329e-10
2681 4514 8 5.64604437759329e-10
2682 4218 10 4.428432952605088e-13
2682 4519 11 1.0649371965848694e-14
2682 4520 8 5.64604437759329e-10
2683 4519 8 5.64604437759329e-10
2685 4218 9 1.6691268873417835e-11
2686 3083 13 4.732277814080472e-18
2691 4518 10 4.428432952605088e-13
2691 4554 8 5.64604437759329e-10
2692 4516 8 5.64604437759329e-10
2694 3083 9 1.6691268873417835e-11
2695 4219 10 4.428432952605088e-13
2695 4925 8 5.64604437759329e-10
2695 5154 8 5.64604437759329e-10
2696 4218 9 1.6691268873417835e-11
2696 4518 8 5.64604437759329e-10
2696 4522 8 5.64604437759329e-10
2696 4523 8 5.64604437759329e-10
2696 5222 21 1.1665698137259598e-32
2697 4512 8 5.64604437759329e-10
2697 4513 8 5.64604437759329e-10
2697 4518 9 1.6691268873417835e-11
2698 4555 11 1.0649371965848694e-14
2702 4631 19 7.456995605475318e-29
2709 3482 8 5.64604437759329e-10
2711 4515 8 5.64604437759329e-10
2713 5151 18 5.498832612204317e-27
2729 4589 14 8.85692625321257e-20
2732 3642 22 1.3521310654402753e-34
2742 4528 9 1.6691268873417835e-11
2743 4390 13 4.732277814080472e-18
2769 3772 8 5.64604437759329e-10
2780 3485 9 1.6691268873417835e-11
2780 4356 10 4.428432952605088e-13
2782 2977 8 5.64604437759329e-10
2782 3280 8 5.64604437759329e-10
2782 3317 8 5.64604437759329e-10
2782 4513 8 5.64604437759329e-10
2782 4519 8 5.64604437759329e-10
2782 4520 9 1.6691268873417835e-11
2783 2977 10 4.428432952605088e-13
2783 3545 10 4.428432952605088e-13
2783 4256 8 5.64604437759329e-10
2783 4519 8 5.64604437759329e-10
2784 4219 9 1.6691268873417835e-11
2803 4363 9 1.6691268873417835e-11
2803 4364 26 1.538096288870965e-42
2808 3729 9 1.6691268873417835e-11
2813 4541 8 5.64604437759329e-10
2814 5290 13 4.732277814080472e-18
2822 3083 12 2.3402764373150714e-16
2823 3083 15 1.5420732535043621e-21
2824 3083 13 4.732277814080472e-18
2825 3083 18 5.498832612204317e-27
2826 3083 14 8.85692625321257e-20
2827 3083 10 4.428432952605088e-13
2828 3083 27 1.4271192922809367e-44
2829 3083 29 1.0911877876149518e-48
2830 3083 22 1.3521310654402753e-34
2831 3083 17 3.8283387795915287e-25
2832 3083 19 7.456995605475318e-29
2833 3083 17 3.8283387795915287e-25
2834 3083 13 4.732277814080472e-18
2835 3083 16 2.5087223427792573e-23
2838 3083 12 2.3402764373150714e-16
2838 4541 8 5.64604437759329e-10
2840 3083 11 1.0649371965848694e-14
2842 3513 8 5.64604437759329e-10
2843 3083 9 1.6691268873417835e-11
2845 3083 15 1.5420732535043621e-21
2846 3083 12 2.3402764373150714e-16
2848 3111 19 7.456995605475318e-29
2849 3083 8 5.64604437759329e-10
2850 3083 13 4.732277814080472e-18
2851 3083 8 5.64604437759329e-10
2851 4907 17 3.8283387795915287e-25
2852 3083 16 2.5087223427792573e-23
2854 3083 12 2.3402764373150714e-16
2855 3083 15 1.5420732535043621e-21
2856 3083 9 1.6691268873417835e-11
2857 3083 8 5.64604437759329e-10
2858 3083 12 2.3402764373150714e-16
2859 3083 8 5.64604437759329e-10
2859 3570 34 2.9452104591019624e-59
2859 4541 8 5.64604437759329e-10
2863 3083 10 4.428432952605088e-13
2865 3083 11 1.0649371965848694e-14
2866 3083 10 4.428432952605088e-13
2867 3083 9 1.6691268873417835e-11
2868 3083 12 2.3402764373150714e-16
2869 3083 9 1.6691268873417835e-11
2870 3384 10 4.428432952605088e-13
2871 3083 13 4.732277814080472e-18
2875 3083 10 4.428432952605088e-13
2876 3083 11 1.0649371965848694e-14
2876 4809 20 9.5738095445751e-31
2877 3083 8 5.64604437759329e-10
2878 3083 11 1.0649371965848694e-14
2879 3083 8 5.64604437759329e-10
2881 3083 15 1.5420732535043621e-21
2882 3083 11 1.0649371965848694e-14
2883 3083 11 1.0649371965848694e-14
2884 3083 9 1.6691268873417835e-11
2887 3083 9 1.6691268873417835e-11
2888 3083 8 5.64604437759329e-10
2890 3083 10 4.428432952605088e-13
2894 3083 12 2.3402764373150714e-16
2896 3083 11 1.0649371965848694e-14
2898 3083 8 5.64604437759329e-10
2898 4487 8 5.64604437759329e-10
2900 3083 8 5.64604437759329e-10
2930 3083 8 5.64604437759329e-10
2938 5163 11 1.0649371965848694e-14
2939 3492 9 1.6691268873417835e-11
2939 4255 8 5.64604437759329e-10
2948 3575 26 1.538096288870965e-42
2966 3250 8 5.64604437759329e-10
2972 4525 11 1.0649371965848694e-14
2975 3272 9 1.6691268873417835e-11
2975 3308 10 4.428432952605088e-13
2975 4209 8 5.64604437759329e-10
2975 4214 10 4.428432952605088e-13
2975 4845 8 5.64604437759329e-10
2975 4926 10 4.428432952605088e-13
2975 5154 9 1.6691268873417835e-11
2976 3268 8 5.64604437759329e-10
2976 3271 8 5.64604437759329e-10
2976 3272 8 5.64604437759329e-10
2976 3310 9 1.6691268873417835e-11
2976 3312 9 1.6691268873417835e-11
2976 3318 10 4.428432952605088e-13
2976 4844 8 5.64604437759329e-10
2976 4845 13 4.732277814080472e-18
2977 3272 9 1.6691268873417835e-11
2977 3282 10 4.428432952605088e-13
2977 3317 8 5.64604437759329e-10
2977 3318 8 5.64604437759329e-10
2977 4213 9 1.6691268873417835e-11
2977 4214 9 1.6691268873417835e-11
2977 4253 8 5.64604437759329e-10
2977 4260 9 1.6691268873417835e-11
2977 4554 8 5.64604437759329e-10
2977 4845 9 1.6691268873417835e-11
2977 4924 8 5.64604437759329e-10
2979 3546 8 5.64604437759329e-10
2980 3083 8 5.64604437759329e-10
2992 4079 9 1.6691268873417835e-11
3022 3303 25 1.5906097264845062e-40
3030 4608 9 1.6691268873417835e-11
3045 4096 10 4.428432952605088e-13
3050 4529 11 1.0649371965848694e-14
3058 3545 8 5.64604437759329e-10
3069 3291 8 5.64604437759329e-10
3071 3271 8 5.64604437759329e-10
3075 4956 13 4.732277814080472e-18
3083 3327 8 5.64604437759329e-10
3083 3328 10 4.428432952605088e-13
3083 3330 10 4.428432952605088e-13
3083 3333 10 4.428432952605088e-13
3083 3336 8 5.64604437759329e-10
3083 3338 10 4.428432952605088e-13
3083 3346 8 5.64604437759329e-10
3083 3348 9 1.6691268873417835e-11
3083 3349 8 5.64604437759329e-10
3083 3350 11 1.0649371965848694e-14
3083 3352 8 5.64604437759329e-10
3083 3381 8 5.64604437759329e-10
3083 3386 10 4.428432952605088e-13
3083 3388 8 5.64604437759329e-10
3083 3390 8 5.64604437759329e-10
3083 3393 9 1.6691268873417835e-11
3083 3394 8 5.64604437759329e-10
3083 3400 11 1.0649371965848694e-14
3083 3570 12 2.3402764373150714e-16
3083 3571 35 2.047506141836424e-61
3083 3572 34 2.9452104591019624e-59
3083 3573 18 5.498832612204317e-27
3083 3574 9 1.6691268873417835e-11
3083 3575 16 2.5087223427792573e-23
3083 3576 16 2.5087223427792573e-23
3083 3577 18 5.498832612204317e-27
3083 3578 22 1.3521310654402753e-34
3083 3579 20 9.5738095445751e-31
3083 3580 13 4.732277814080472e-18
3083 3581 18 5.498832612204317e-27
3083 3582 21 1.1665698137259598e-32
3083 3583 16 2.5087223427792573e-23
3083 3584 20 9.5738095445751e-31
3083 3585 17 3.8283387795915287e-25
3083 3586 13 4.732277814080472e-18
3083 3587 13 4.732277814080472e-18
3083 3588 28 1.2722811820097824e-46
3083 3589 18 5.498832612204317e-27
3083 3590 12 2.3402764373150714e-16
3083 3591 21 1.1665698137259598e-32
3083 3592 18 5.498832612204317e-27
3083 3593 14 8.85692625321257e-20
3083 3595 15 1.5420732535043621e-21
3083 3596 15 1.5420732535043621e-21
3083 3597 12 2.3402764373150714e-16
3083 3598 9 1.6691268873417835e-11
3083 3599 11 1.0649371965848694e-14
3083 3600 17 3.8283387795915287e-25
3083 3601 12 2.3402764373150714e-16
3083 3602 13 4.732277814080472e-18
3083 3603 14 8.85692625321257e-20
3083 3605 15 1.5420732535043621e-21
3083 3606 13 4.732277814080472e-18
3083 3607 18 5.498832612204317e-27
3083 3609 9 1.6691268873417835e-11
3083 3610 10 4.428432952605088e-13
3083 3611 16 2.5087223427792573e-23
3083 3612 10 4.428432952605088e-13
3083 3613 17 3.8283387795915287e-25
3083 3614 10 4.428432952605088e-13
3083 3615 8 5.64604437759329e-10
3083 3616 10 4.428432952605088e-13
3083 3617 11 1.0649371965848694e-14
3083 3618 11 1.0649371965848694e-14
3083 3621 8 5.64604437759329e-10
3083 3624 10 4.428432952605088e-13
3083 3626 9 1.6691268873417835e-11
3083 3629 13 4.732277814080472e-18
3083 3630 10 4.428432952605088e-13
3083 3631 8 5.64604437759329e-10
3083 3632 13 4.732277814080472e-18
3083 3634 8 5.64604437759329e-10
3083 3636 9 1.6691268873417835e-11
3083 3640 12 2.3402764373150714e-16
3083 3647 8 5.64604437759329e-10
3083 3648 12 2.3402764373150714e-16
3083 3650 11 1.0649371965848694e-14
3083 3653 8 5.64604437759329e-10
3083 3654 11 1.0649371965848694e-14
3083 3657 8 5.64604437759329e-10
3083 3658 8 5.64604437759329e-10
3083 3661 9 1.6691268873417835e-11
3083 3662 10 4.428432952605088e-13
3083 3663 8 5.64604437759329e-10
3083 3666 9 1.6691268873417835e-11
3083 3673 8 5.64604437759329e-10
3083 3680 36 1.3787557060429122e-63
3083 3681 9 1.6691268873417835e-11
3083 3692 9 1.6691268873417835e-11
3083 3822 14 8.85692625321257e-20
3083 3823 21 1.1665698137259598e-32
3083 3824 12 2.3402764373150714e-16
3083 3825 12 2.3402764373150714e-16
3083 3826 13 4.732277814080472e-18
3083 3827 8 5.64604437759329e-10
3083 3828 13 4.732277814080472e-18
3083 3829 19 7.456995605475318e-29
3083 3830 18 5.498832612204317e-27
3083 3831 18 5.498832612204317e-27
3083 3832 17 3.8283387795915287e-25
3083 3833 21 1.1665698137259598e-32
3083 3834 17 3.8283387795915287e-25
3083 3835 13 4.732277814080472e-18
3083 3836 21 1.1665698137259598e-32
3083 3837 20 9.5738095445751e-31
3083 3838 16 2.5087223427792573e-23
3083 3839 16 2.5087223427792573e-23
3083 3840 17 3.8283387795915287e-25
3083 3841 17 3.8283387795915287e-25
3083 3842 22 1.3521310654402753e-34
3083 3843 33 4.100270176664821e-57
3083 3844 31 7.1799130310204e-53
3083 3845 29 1.0911877876149518e-48
3083 3846 27 1.4271192922809367e-44
3083 3847 16 2.5087223427792573e-23
3083 3848 16 2.5087223427792573e-23
3083 3849 19 7.456995605475318e-29
3083 3850 19 7.456995605475318e-29
3083 3851 9 1.6691268873417835e-11
3083 3853 8 5.64604437759329e-10
3083 3855 8 5.64604437759329e-10
3083 3857 11 1.0649371965848694e-14
3083 3860 13 4.732277814080472e-18
3083 3861 8 5.64604437759329e-10
3083 3862 10 4.428432952605088e-13
3083 3866 9 1.6691268873417835e-11
3083 3870 9 1.6691268873417835e-11
3083 3873 9 1.6691268873417835e-11
3083 3874 9 1.6691268873417835e-11
3083 3875 14 8.85692625321257e-20
3083 3881 8 5.64604437759329e-10
3083 3888 10 4.428432952605088e-13
3083 3897 10 4.428432952605088e-13
3083 3899 9 1.6691268873417835e-11
3083 3901 8 5.64604437759329e-10
3083 3921 8 5.64604437759329e-10
3083 4062 20 9.5738095445751e-31
3083 4063 25 1.5906097264845062e-40
3083 4064 28 1.2722811820097824e-46
3083 4065 19 7.456995605475318e-29
3083 4066 29 1.0911877876149518e-48
3083 4067 13 4.732277814080472e-18
3083 4068 20 9.5738095445751e-31
3083 4069 22 1.3521310654402753e-34
3083 4070 18 5.498832612204317e-27
3083 4071 20 9.5738095445751e-31
3083 4072 25 1.5906097264845062e-40
3083 4073 17 3.8283387795915287e-25
3083 4074 17 3.8283387795915287e-25
3083 4075 20 9.5738095445751e-31
3083 4076 18 5.498832612204317e-27
3083 4077 18 5.498832612204317e-27
3083 4078 13 4.732277814080472e-18
3083 4079 16 2.5087223427792573e-23
3083 4080 23 1.4938220276074436e-36
3083 4081 23 1.4938220276074436e-36
3083 4082 17 3.8283387795915287e-25
3083 4084 17 3.8283387795915287e-25
3083 4085 19 7.456995605475318e-29
3083 4086 15 1.5420732535043621e-21
3083 4087 16 2.5087223427792573e-23
3083 4088 10 4.428432952605088e-13
3083 4089 18 5.498832612204317e-27
3083 4090 17 3.8283387795915287e-25
3083 4091 17 3.8283387795915287e-25
3083 4092 17 3.8283387795915287e-25
3083 4093 15 1.5420732535043621e-21
3083 4094 26 1.538096288870965e-42
3083 4095 21 1.1665698137259598e-32
3083 4096 13 4.732277814080472e-18
3083 4097 17 3.8283387795915287e-25
3083 4098 12 2.3402764373150714e-16
3083 4099 12 2.3402764373150714e-16
3083 4100 13 4.732277814080472e-18
3083 4101 13 4.732277814080472e-18
3083 4102 16 2.5087223427792573e-23
3083 4103 14 8.85692625321257e-20
3083 4104 14 8.85692625321257e-20
3083 4105 8 5.64604437759329e-10
3083 4107 16 2.5087223427792573e-23
3083 4108 11 1.0649371965848694e-14
3083 4109 13 4.732277814080472e-18
3083 4110 20 9.5738095445751e-31
3083 4111 17 3.8283387795915287e-25
3083 4112 8 5.64604437759329e-10
3083 4113 9 1.6691268873417835e-11
3083 4114 14 8.85692625321257e-20
3083 4115 9 1.6691268873417835e-11
3083 4119 11 1.0649371965848694e-14
3083 4120 10 4.428432952605088e-13
3083 4121 9 1.6691268873417835e-11
3083 4123 10 4.428432952605088e-13
3083 4124 15 1.5420732535043621e-21
3083 4125 18 5.498832612204317e-27
3083 4126 12 2.3402764373150714e-16
3083 4127 18 5.498832612204317e-27
3083 4128 17 3.8283387795915287e-25
3083 4129 8 5.64604437759329e-10
3083 4130 18 5.498832612204317e-27
3083 4131 16 2.5087223427792573e-23
3083 4132 14 8.85692625321257e-20
3083 4133 9 1.6691268873417835e-11
3083 4134 13 4.732277814080472e-18
3083 4135 9 1.6691268873417835e-11
3083 4137 10 4.428432952605088e-13
3083 4141 11 1.0649371965848694e-14
3083 4145 9 1.6691268873417835e-11
3083 4150 10 4.428432952605088e-13
3083 4152 11 1.0649371965848694e-14
3083 4157 8 5.64604437759329e-10
3083 4159 10 4.428432952605088e-13
3083 4161 10 4.428432952605088e-13
3083 4171 11 1.0649371965848694e-14
3083 4173 11 1.0649371965848694e-14
3083 4184 8 5.64604437759329e-10
3083 4202 11 1.0649371965848694e-14
3083 4209 12 2.3402764373150714e-16
3083 4214 8 5.64604437759329e-10
3083 4249 8 5.64604437759329e-10
3083 4255 274 0.0
3083 4270 15 1.5420732535043621e-21
3083 4271 24 1.5760311052761611e-38
3083 4272 25 1.5906097264845062e-40
3083 4273 18 5.498832612204317e-27
3083 4274 13 4.732277814080472e-18
3083 4275 15 1.5420732535043621e-21
3083 4276 16 2.5087223427792573e-23
3083 4277 9 1.6691268873417835e-11
3083 4278 15 1.5420732535043621e-21
3083 4279 19 7.456995605475318e-29
3083 4280 12 2.3402764373150714e-16
3083 4281 12 2.3402764373150714e-16
3083 4282 10 4.428432952605088e-13
3083 4283 12 2.3402764373150714e-16
3083 4284 11 1.0649371965848694e-14
3083 4285 9 1.6691268873417835e-11
3083 4288 9 1.6691268873417835e-11
3083 4289 10 4.428432952605088e-13
3083 4291 15 1.5420732535043621e-21
3083 4292 10 4.428432952605088e-13
3083 4293 10 4.428432952605088e-13
3083 4294 11 1.0649371965848694e-14
3083 4295 11 1.0649371965848694e-14
3083 4296 12 2.3402764373150714e-16
3083 4297 11 1.0649371965848694e-14
3083 4298 10 4.428432952605088e-13
3083 4299 19 7.456995605475318e-29
3083 4301 17 3.8283387795915287e-25
3083 4302 8 5.64604437759329e-10
3083 4303 14 8.85692625321257e-20
3083 4304 9 1.6691268873417835e-11
3083 4305 11 1.0649371965848694e-14
3083 4308 10 4.428432952605088e-13
3083 4310 8 5.64604437759329e-10
3083 4311 10 4.428432952605088e-13
3083 4312 10 4.428432952605088e-13
3083 4315 14 8.85692625321257e-20
3083 4317 12 2.3402764373150714e-16
3083 4322 11 1.0649371965848694e-14
3083 4324 8 5.64604437759329e-10
3083 4325 9 1.6691268873417835e-11
3083 4328 9 1.6691268873417835e-11
3083 4336 8 5.64604437759329e-10
3083 4339 10 4.428432952605088e-13
3083 4345 8 5.64604437759329e-10
3083 4354 8 5.64604437759329e-10
3083 4355 8 5.64604437759329e-10
3083 4467 52 5.392825078581924e-100
3083 4468 43 3.7595849436051715e-79
3083 4469 24 1.5760311052761611e-38
3083 4470 29 1.0911877876149518e-48
3083 4471 27 1.4271192922809367e-44
3083 4472 23 1.4938220276074436e-36
3083 4473 19 7.456995605475318e-29
3083 4475 12 2.3402764373150714e-16
3083 4476 13 4.732277814080472e-18
3083 4478 14 8.85692625321257e-20
3083 4479 13 4.732277814080472e-18
3083 4480 15 1.5420732535043621e-21
3083 4481 27 1.4271192922809367e-44
3083 4482 20 9.5738095445751e-31
3083 4483 11 1.0649371965848694e-14
3083 4484 14 8.85692625321257e-20
3083 4485 22 1.3521310654402753e-34
3083 4486 21 1.1665698137259598e-32
3083 4487 22 1.3521310654402753e-34
3083 4488 10 4.428432952605088e-13
3083 4489 11 1.0649371965848694e-14
3083 4490 18 5.498832612204317e-27
3083 4491 9 1.6691268873417835e-11
3083 4492 26 1.538096288870965e-42
3083 4493 18 5.498832612204317e-27
3083 4494 9 1.6691268873417835e-11
3083 4495 14 8.85692625321257e-20
3083 4496 18 5.498832612204317e-27
3083 4497 17 3.8283387795915287e-25
3083 4498 11 1.0649371965848694e-14
3083 4499 9 1.6691268873417835e-11
3083 4500 12 2.3402764373150714e-16
3083 4501 8 5.64604437759329e-10
3083 4502 9 1.6691268873417835e-11
3083 4503 10 4.428432952605088e-13
3083 4504 11 1.0649371965848694e-14
3083 4505 14 8.85692625321257e-20
3083 4506 15 1.5420732535043621e-21
3083 4508 15 1.5420732535043621e-21
3083 4509 15 1.5420732535043621e-21
3083 4510 10 4.428432952605088e-13
3083 4515 8 5.64604437759329e-10
3083 4516 9 1.6691268873417835e-11
3083 4519 11 1.0649371965848694e-14
3083 4522 13 4.732277814080472e-18
3083 4525 15 1.5420732535043621e-21
3083 4532 8 5.64604437759329e-10
3083 4541 8 5.64604437759329e-10
3083 4557 11 1.0649371965848694e-14
3083 4658 50 2.7410531591577114e-95
3083 4660 8 5.64604437759329e-10
3083 4664 8 5.64604437759329e-10
3083 4668 10 4.428432952605088e-13
3083 4672 10 4.428432952605088e-13
3083 4673 16 2.5087223427792573e-23
3083 4678 8 5.64604437759329e-10
3083 4681 9 1.6691268873417835e-11
3083 4682 13 4.732277814080472e-18
3083 4687 9 1.6691268873417835e-11
3083 4689 8 5.64604437759329e-10
3083 4692 11 1.0649371965848694e-14
3083 4693 14 8.85692625321257e-20
3083 4694 14 8.85692625321257e-20
3083 4695 8 5.64604437759329e-10
3083 4699 9 1.6691268873417835e-11
3083 4701 12 2.3402764373150714e-16
3083 4746 8 5.64604437759329e-10
3083 4778 8 5.64604437759329e-10
3083 4841 10 4.428432952605088e-13
3083 4842 9 1.6691268873417835e-11
3083 4843 8 5.64604437759329e-10
3083 4848 10 4.428432952605088e-13
3083 4851 8 5.64604437759329e-10
3083 4852 9 1.6691268873417835e-11
3083 4855 13 4.732277814080472e-18
3083 4856 11 1.0649371965848694e-14
3083 4857 13 4.732277814080472e-18
3083 4858 9 1.6691268873417835e-11
3083 4861 13 4.732277814080472e-18
3083 4862 9 1.6691268873417835e-11
3083 4863 13 4.732277814080472e-18
3083 4866 11 1.0649371965848694e-14
3083 4869 12 2.3402764373150714e-16
3083 4870 11 1.0649371965848694e-14
3083 4871 8 5.64604437759329e-10
3083 4875 10 4.428432952605088e-13
3083 4876 8 5.64604437759329e-10
3083 4877 8 5.64604437759329e-10
3083 4878 9 1.6691268873417835e-11
3083 4879 10 4.428432952605088e-13
3083 4880 9 1.6691268873417835e-11
3083 4881 15 1.5420732535043621e-21
3083 4883 10 4.428432952605088e-13
3083 4884 8 5.64604437759329e-10
3083 4885 9 1.6691268873417835e-11
3083 4886 8 5.64604437759329e-10
3083 4890 9 1.6691268873417835e-11
3083 4891 8 5.64604437759329e-10
3083 4892 15 1.5420732535043621e-21
3083 4896 8 5.64604437759329e-10
3083 4900 12 2.3402764373150714e-16
3083 4905 8 5.64604437759329e-10
3083 4907 8 5.64604437759329e-10
3083 4910 10 4.428432952605088e-13
3083 4911 11 1.0649371965848694e-14
3083 4918 9 1.6691268873417835e-11
3083 4921 9 1.6691268873417835e-11
3083 4923 9 1.6691268873417835e-11
3083 4925 10 4.428432952605088e-13
3083 4927 8 5.64604437759329e-10
3083 4929 10 4.428432952605088e-13
3083 4940 10 4.428432952605088e-13
3083 4945 10 4.428432952605088e-13
3083 4946 10 4.428432952605088e-13
3083 4947 9 1.6691268873417835e-11
3083 4949 8 5.64604437759329e-10
3083 4952 8 5.64604437759329e-10
3083 4953 8 5.64604437759329e-10
3083 4956 9 1.6691268873417835e-11
3083 4967 11 1.0649371965848694e-14
3083 4968 13 4.732277814080472e-18
3083 4969 16 2.5087223427792573e-23
3083 4970 14 8.85692625321257e-20
3083 4971 19 7.456995605475318e-29
3083 4972 19 7.456995605475318e-29
3083 4974 8 5.64604437759329e-10
3083 4975 11 1.0649371965848694e-14
3083 4976 11 1.0649371965848694e-14
3083 4977 10 4.428432952605088e-13
3083 4978 13 4.732277814080472e-18
3083 4979 9 1.6691268873417835e-11
3083 4980 9 1.6691268873417835e-11
3083 4981 15 1.5420732535043621e-21
3083 4982 12 2.3402764373150714e-16
3083 4987 9 1.6691268873417835e-11
3083 4990 12 2.3402764373150714e-16
3083 4991 10 4.428432952605088e-13
3083 4993 9 1.6691268873417835e-11
3083 4994 9 1.6691268873417835e-11
3083 4996 8 5.64604437759329e-10
3083 4997 13 4.732277814080472e-18
3083 4998 13 4.732277814080472e-18
3083 4999 12 2.3402764373150714e-16
3083 5001 11 1.0649371965848694e-14
3083 5002 8 5.64604437759329e-10
3083 5003 10 4.428432952605088e-13
3083 5025 15 1.5420732535043621e-21
3083 5026 8 5.64604437759329e-10
3083 5049 8 5.64604437759329e-10
3083 5066 8 5.64604437759329e-10
3083 5076 8 5.64604437759329e-10
3084 4272 10 4.428432952605088e-13
3084 4513 9 1.6691268873417835e-11
3085 4254 9 1.6691268873417835e-11
3085 4511 9 1.6691268873417835e-11
3085 4520 8 5.64604437759329e-10
3086 4328 29 1.0911877876149518e-48
3086 4510 12 2.3402764373150714e-16
3086 4524 8 5.64604437759329e-10
3087 4510 8 5.64604437759329e-10
3087 4524 8 5.64604437759329e-10
3088 4510 8 5.64604437759329e-10
3089 4510 8 5.64604437759329e-10
3089 4844 8 5.64604437759329e-10
3110 3615 8 5.64604437759329e-10
3117 4219 8 5.64604437759329e-10
3117 4299 10 4.428432952605088e-13
3136 4330 17 3.8283387795915287e-25
3136 4331 8 5.64604437759329e-10
3142 4110 10 4.428432952605088e-13
3142 4111 17 3.8283387795915287e-25
3142 4883 11 1.0649371965848694e-14
3142 4884 35 2.047506141836424e-61
3153 4397 20 9.5738095445751e-31
3155 3459 8 5.64604437759329e-10
3161 3707 8 5.64604437759329e-10
3163 3935 14 8.85692625321257e-20
3177 4513 8 5.64604437759329e-10
3179 5103 10 4.428432952605088e-13
3180 4725 8 5.64604437759329e-10
3180 4844 8 5.64604437759329e-10
3181 3674 10 4.428432952605088e-13
3186 4301 8 5.64604437759329e-10
3186 4982 10 4.428432952605088e-13
3197 4513 8 5.64604437759329e-10
3197 4841 8 5.64604437759329e-10
3199 4846 8 5.64604437759329e-10
3200 4721 9 1.6691268873417835e-11
3202 3704 16 2.5087223427792573e-23
3202 4219 9 1.6691268873417835e-11
3214 4844 8 5.64604437759329e-10
3215 4842 10 4.428432952605088e-13
3218 3331 9 1.6691268873417835e-11
3230 4843 8 5.64604437759329e-10
3232 4107 30 9.014039566089779e-51
3232 4108 23 1.4938220276074436e-36
3232 4175 14 8.85692625321257e-20
3243 3619 11 1.0649371965848694e-14
3244 3674 16 2.5087223427792573e-23
3244 4127 19 7.456995605475318e-29
3245 4207 8 5.64604437759329e-10
3264 4004 9 1.6691268873417835e-11
3264 5089 20 9.5738095445751e-31
3265 5089 8 5.64604437759329e-10
3267 4641 10 4.428432952605088e-13
3267 4927 8 5.64604437759329e-10
3268 4927 8 5.64604437759329e-10
3269 3588 15 1.5420732535043621e-21
3269 3915 10 4.428432952605088e-13
3270 3545 8 5.64604437759329e-10
3271 4255 10 4.428432952605088e-13
3271 4518 13 4.732277814080472e-18
3271 4922 9 1.6691268873417835e-11
3272 4213 8 5.64604437759329e-10
3272 4253 9 1.6691268873417835e-11
3272 4328 8 5.64604437759329e-10
3272 4518 8 5.64604437759329e-10
3272 4845 8 5.64604437759329e-10
3272 4846 8 5.64604437759329e-10
3273 4253 11 1.0649371965848694e-14
3273 4524 8 5.64604437759329e-10
3273 4846 10 4.428432952605088e-13
3285 3463 15 1.5420732535043621e-21
3291 3549 8 5.64604437759329e-10
3294 4226 12 2.3402764373150714e-16
3294 4533 10 4.428432952605088e-13
3294 4541 116 0.0
3306 4904 41 1.2134047857135965e-74
3307 4328 8 5.64604437759329e-10
3308 4253 8 5.64604437759329e-10
3308 4255 8 5.64604437759329e-10
3309 4214 8 5.64604437759329e-10
3309 4254 9 1.6691268873417835e-11
3309 4255 9 1.6691268873417835e-11
3310 4253 10 4.428432952605088e-13
3310 4845 9 1.6691268873417835e-11
3311 4513 8 5.64604437759329e-10
3311 4517 9 1.6691268873417835e-11
3312 4253 11 1.0649371965848694e-14
3312 4254 12 2.3402764373150714e-16
3312 4531 9 1.6691268873417835e-11
3313 3492 8 5.64604437759329e-10
3313 4224 8 5.64604437759329e-10
3313 4524 8 5.64604437759329e-10
3315 4216 8 5.64604437759329e-10
3315 4222 9 1.6691268873417835e-11
3315 4513 8 5.64604437759329e-10
3315 4919 8 5.64604437759329e-10
3316 4513 9 1.6691268873417835e-11
3316 4515 9 1.6691268873417835e-11
3317 3544 8 5.64604437759329e-10
3317 3545 10 4.428432952605088e-13
3317 4209 8 5.64604437759329e-10
3317 4253 9 1.6691268873417835e-11
3317 4513 9 1.6691268873417835e-11
3317 4514 9 1.6691268873417835e-11
3317 4515 8 5.64604437759329e-10
3318 4214 8 5.64604437759329e-10
3318 4219 8 5.64604437759329e-10
3318 4329 9 1.6691268873417835e-11
3318 4531 9 1.6691268873417835e-11
3319 4513 10 4.428432952605088e-13
3320 4955 9 1.6691268873417835e-11
3320 4956 35 2.047506141836424e-61
3328 4925 8 5.64604437759329e-10
3337 4562 20 9.5738095445751e-31
3337 4563 9 1.6691268873417835e-11
3344 5253 9 1.6691268873417835e-11
3354 4219 13 4.732277814080472e-18
3378 3716 20 9.5738095445751e-31
3401 5125 12 2.3402764373150714e-16
3416 5172 18 5.498832612204317e-27
3417 4746 18 5.498832612204317e-27
3434 3773 8 5.64604437759329e-10
3443 5161 9 1.6691268873417835e-11
3464 3804 8 5.64604437759329e-10
3541 3775 10 4.428432952605088e-13
3542 3775 33 4.100270176664821e-57
3545 4253 9 1.6691268873417835e-11
3545 4924 9 1.6691268873417835e-11
3546 5250 11 1.0649371965848694e-14
3551 4233 13 4.732277814080472e-18
3556 4088 12 2.3402764373150714e-16
3570 4541 9 1.6691268873417835e-11
3597 3879 8 5.64604437759329e-10
3598 3879 14 8.85692625321257e-20
3622 4255 8 5.64604437759329e-10
3632 4348 15 1.5420732535043621e-21
3644 4669 18 5.498832612204317e-27
3653 4516 8 5.64604437759329e-10
3675 4256 8 5.64604437759329e-10
3675 4513 8 5.64604437759329e-10
3675 4554 10 4.428432952605088e-13
3680 4255 287 0.0
3698 4990 19 7.456995605475318e-29
3716 4672 11 1.0649371965848694e-14
3760 4556 8 5.64604437759329e-10
3762 4381 21 1.1665698137259598e-32
3763 4310 9 1.6691268873417835e-11
3782 3941 8 5.64604437759329e-10
3848 4300 8 5.64604437759329e-10
3848 4841 8 5.64604437759329e-10
3861 4305 8 5.64604437759329e-10
3876 4067 10 4.428432952605088e-13
3903 4812 8 5.64604437759329e-10
3914 4433 11 1.0649371965848694e-14
3915 4219 8 5.64604437759329e-10
3915 4844 8 5.64604437759329e-10
3917 4515 8 5.64604437759329e-10
3917 4518 8 5.64604437759329e-10
3918 4518 8 5.64604437759329e-10
3932 4524 8 5.64604437759329e-10
3932 5102 11 1.0649371965848694e-14
3938 4326 14 8.85692625321257e-20
3975 4184 9 1.6691268873417835e-11
3984 4926 8 5.64604437759329e-10
4027 5242 12 2.3402764373150714e-16
4032 4942 10 4.428432952605088e-13
4063 4535 9 1.6691268873417835e-11
4064 4830 13 4.732277814080472e-18
4093 4615 12 2.3402764373150714e-16
4125 5137 10 4.428432952605088e-13
4126 4390 8 5.64604437759329e-10
4129 4512 22 1.3521310654402753e-34
4139 5158 8 5.64604437759329e-10
4166 4725 10 4.428432952605088e-13
4180 5163 8 5.64604437759329e-10
4208 4510 8 5.64604437759329e-10
4208 4518 8 5.64604437759329e-10
4208 4842 8 5.64604437759329e-10
4208 4924 8 5.64604437759329e-10
4209 4513 8 5.64604437759329e-10
4209 4517 11 1.0649371965848694e-14
4209 4518 9 1.6691268873417835e-11
4209 4846 8 5.64604437759329e-10
4211 4522 8 5.64604437759329e-10
4214 4520 9 1.6691268873417835e-11
4214 4846 9 1.6691268873417835e-11
4215 4515 10 4.428432952605088e-13
4215 4516 9 1.6691268873417835e-11
4215 4519 14 8.85692625321257e-20
4215 4722 9 1.6691268873417835e-11
4216 4517 9 1.6691268873417835e-11
4216 4519 9 1.6691268873417835e-11
4216 4845 9 1.6691268873417835e-11
4217 4846 8 5.64604437759329e-10
4218 4514 8 5.64604437759329e-10
4218 4517 10 4.428432952605088e-13
4218 4518 10 4.428432952605088e-13
4218 4520 9 1.6691268873417835e-11
4218 4521 8 5.64604437759329e-10
4218 4524 8 5.64604437759329e-10
4218 4846 8 5.64604437759329e-10
4219 4298 8 5.64604437759329e-10
4219 4515 8 5.64604437759329e-10
4219 4517 12 2.3402764373150714e-16
4219 4518 9 1.6691268873417835e-11
4219 4623 23 1.4938220276074436e-36
4219 4843 9 1.6691268873417835e-11
4222 4513 12 2.3402764373150714e-16
4226 4541 16 2.5087223427792573e-23
4248 4741 8 5.64604437759329e-10
4253 4511 8 5.64604437759329e-10
4253 4518 8 5.64604437759329e-10
4253 4531 8 5.64604437759329e-10
4255 4271 9 1.6691268873417835e-11
4255 4272 17 3.8283387795915287e-25
4255 4273 13 4.732277814080472e-18
4255 4274 8 5.64604437759329e-10
4255 4275 8 5.64604437759329e-10
4255 4278 9 1.6691268873417835e-11
4255 4279 8 5.64604437759329e-10
4255 4299 10 4.428432952605088e-13
4255 4328 9 1.6691268873417835e-11
4255 4513 9 1.6691268873417835e-11
4255 4515 10 4.428432952605088e-13
4255 4516 9 1.6691268873417835e-11
4255 4518 8 5.64604437759329e-10
4255 4531 8 5.64604437759329e-10
4255 4556 8 5.64604437759329e-10
4255 4658 18 5.498832612204317e-27
4255 4724 8 5.64604437759329e-10
4255 4927 9 1.6691268873417835e-11
4255 4928 9 1.6691268873417835e-11
4256 4518 9 1.6691268873417835e-11
4256 4928 8 5.64604437759329e-10
4260 4328 9 1.6691268873417835e-11
4262 4632 8 5.64604437759329e-10
4270 4658 9 1.6691268873417835e-11
4270 4840 10 4.428432952605088e-13
4286 4541 12 2.3402764373150714e-16
4294 4707 12 2.3402764373150714e-16
4298 4551 10 4.428432952605088e-13
4300 4518 8 5.64604437759329e-10
4300 4553 8 5.64604437759329e-10
4300 4846 10 4.428432952605088e-13
4308 4554 8 5.64604437759329e-10
4309 4554 12 2.3402764373150714e-16
4326 4721 8 5.64604437759329e-10
4328 4510 8 5.64604437759329e-10
4328 4842 9 1.6691268873417835e-11
4329 4518 8 5.64604437759329e-10
4330 4520 8 5.64604437759329e-10
4330 4843 8 5.64604437759329e-10
4331 4515 8 5.64604437759329e-10
4378 5000 10 4.428432952605088e-13
4379 4470 10 4.428432952605088e-13
4438 5162 10 4.428432952605088e-13
4484 4952 15 1.5420732535043621e-21
4509 4849 8 5.64604437759329e-10
4510 4842 9 1.6691268873417835e-11
4510 5048 8 5.64604437759329e-10
4511 4842 8 5.64604437759329e-10
4511 4843 8 5.64604437759329e-10
4511 4846 9 1.6691268873417835e-11
4512 4923 8 5.64604437759329e-10
4513 4843 10 4.428432952605088e-13
4513 4844 10 4.428432952605088e-13
4514 4844 9 1.6691268873417835e-11
4514 4845 10 4.428432952605088e-13
4518 4924 8 5.64604437759329e-10
4519 4846 9 1.6691268873417835e-11
4524 4841 8 5.64604437759329e-10
4529 4902 11 1.0649371965848694e-14
4529 4903 9 1.6691268873417835e-11
4531 4924 10 4.428432952605088e-13
4541 4658 12 2.3402764373150714e-16
4541 4799 23 1.4938220276074436e-36
4553 4922 8 5.64604437759329e-10
4554 4923 8 5.64604437759329e-10
4554 4924 8 5.64604437759329e-10
4651 4956 20 9.5738095445751e-31
4722 4844 9 1.6691268873417835e-11
4841 4972 8 5.64604437759329e-10
4910 5210 23 1.4938220276074436e-36
