bin1 bin2 count p_value
6 3085 20 5.005546832410615e-32
7 3085 42 1.5148617298307678e-79
8 3085 34 2.025321698689146e-61
9 3085 37 4.035936517047536e-68
10 3085 43 7.228178694744255e-82
10 5007 18 3.8578413277773297e-28
10 5008 16 2.3641048762974343e-24
11 3085 33 3.2533557109283466e-59
12 3085 33 3.2533557109283466e-59
13 2884 8 1.7476498011877368e-10
13 3085 32 5.0550990386466653e-57
14 3085 42 1.5148617298307678e-79
15 3085 25 4.005251416101477e-42
16 3085 11 2.1070575980786535e-15
17 3085 27 2.6879268164694228e-46
18 3085 20 5.005546832410615e-32
19 3085 34 2.025321698689146e-61
19 3237 19 4.5157435943934525e-30
20 3085 30 1.10054674019035e-52
21 3085 32 5.0550990386466653e-57
22 3085 27 2.6879268164694228e-46
23 3085 27 2.6879268164694228e-46
24 3085 20 5.005546832410615e-32
25 3085 21 5.267324128341603e-34
26 3085 30 1.10054674019035e-52
27 3085 26 3.349162065335918e-44
28 3085 17 3.112440304763078e-26
29 3085 21 5.267324128341603e-34
30 1401 10 1.0169762637728268e-13
30 3085 13 6.954634946965761e-19
31 3085 16 2.3641048762974343e-24
32 3085 17 3.112440304763078e-26
33 1714 21 5.267324128341603e-34
33 3085 17 3.112440304763078e-26
34 2953 12 3.9902396166622553e-17
34 3085 18 3.8578413277773297e-28
35 2953 24 4.59051529495094e-40
35 3085 14 1.1221638530571741e-20
36 3085 8 1.7476498011877368e-10
37 3085 10 1.0169762637728268e-13
37 3676 13 6.954634946965761e-19
38 3085 13 6.954634946965761e-19
39 3085 9 4.44978713724859e-12
42 3085 14 1.1221638530571741e-20
43 3085 15 1.684796298221667e-22
44 2377 20 5.005546832410615e-32
44 3085 24 4.59051529495094e-40
45 3085 14 1.1221638530571741e-20
46 3085 17 3.112440304763078e-26
47 3085 8 1.7476498011877368e-10
48 3085 15 1.684796298221667e-22
49 3077 10 1.0169762637728268e-13
49 3085 12 3.9902396166622553e-17
50 3085 16 2.3641048762974343e-24
51 3085 16 2.3641048762974343e-24
53 3085 12 3.9902396166622553e-17
55 3085 13 6.954634946965761e-19
57 3085 15 1.684796298221667e-22
58 3085 8 1.7476498011877368e-10
60 3085 9 4.44978713724859e-12
61 3085 16 2.3641048762974343e-24
62 3085 15 1.684796298221667e-22
65 1141 11 2.1070575980786535e-15
65 3085 8 1.7476498011877368e-10
66 3085 13 6.954634946965761e-19
67 908 9 4.44978713724859e-12
67 3085 8 1.7476498011877368e-10
68 3085 17 3.112440304763078e-26
69 3085 13 6.954634946965761e-19
70 3085 12 3.9902396166622553e-17
71 3085 25 4.005251416101477e-42
72 3085 18 3.8578413277773297e-28
73 3085 12 3.9902396166622553e-17
74 3085 14 1.1221638530571741e-20
75 3085 15 1.684796298221667e-22
76 3085 9 4.44978713724859e-12
77 3085 20 5.005546832410615e-32
78 3085 17 3.112440304763078e-26
79 3085 11 2.1070575980786535e-15
80 3085 14 1.1221638530571741e-20
81 3085 13 6.954634946965761e-19
82 3085 16 2.3641048762974343e-24
84 3085 11 2.1070575980786535e-15
85 3085 11 2.1070575980786535e-15
86 3085 11 2.1070575980786535e-15
87 3085 14 1.1221638530571741e-20
97 3141 11 2.1070575980786535e-15
99 913 14 1.1221638530571741e-20
100 3085 11 2.1070575980786535e-15
102 3085 8 1.7476498011877368e-10
104 3085 11 2.1070575980786535e-15
105 3085 14 1.1221638530571741e-20
108 3085 8 1.7476498011877368e-10
109 3085 8 1.7476498011877368e-10
111 3085 11 2.1070575980786535e-15
111 4926 36 7.127889112203477e-66
111 4927 8 1.7476498011877368e-10
112 3085 8 1.7476498011877368e-10
114 1753 8 1.7476498011877368e-10
114 3887 14 1.1221638530571741e-20
116 2506 15 1.684796298221667e-22
119 3085 8 1.7476498011877368e-10
121 3085 10 1.0169762637728268e-13
124 4936 8 1.7476498011877368e-10
131 2547 12 3.9902396166622553e-17
131 2548 12 3.9902396166622553e-17
131 3839 16 2.3641048762974343e-24
133 2705 8 1.7476498011877368e-10
133 2706 40 6.131845950031178e-75
135 1344 12 3.9902396166622553e-17
139 586 8 1.7476498011877368e-10
141 1571 12 3.9902396166622553e-17
149 3883 14 1.1221638530571741e-20
161 4668 20 5.005546832410615e-32
168 585 13 6.954634946965761e-19
168 586 22 5.2737938275399625e-36
170 4880 8 1.7476498011877368e-10
170 4881 10 1.0169762637728268e-13
179 873 15 1.684796298221667e-22
180 401 16 2.3641048762974343e-24
180 402 19 4.5157435943934525e-30
180 403 23 5.034333118470323e-38
180 404 17 3.112440304763078e-26
180 405 15 1.684796298221667e-22
180 406 15 1.684796298221667e-22
180 408 11 2.1070575980786535e-15
180 409 10 1.0169762637728268e-13
180 411 13 6.954634946965761e-19
180 414 10 1.0169762637728268e-13
180 418 12 3.9902396166622553e-17
180 1087 20 5.005546832410615e-32
180 1088 15 1.684796298221667e-22
180 1089 8 1.7476498011877368e-10
180 1090 14 1.1221638530571741e-20
180 1091 8 1.7476498011877368e-10
180 1095 9 4.44978713724859e-12
180 1098 8 1.7476498011877368e-10
180 3085 71 6.425017102200145e-151
181 3085 15 1.684796298221667e-22
186 1128 13 6.954634946965761e-19
196 1601 13 6.954634946965761e-19
196 4866 8 1.7476498011877368e-10
197 2257 10 1.0169762637728268e-13
198 2755 12 3.9902396166622553e-17
210 704 20 5.005546832410615e-32
215 2717 20 5.005546832410615e-32
221 2138 18 3.8578413277773297e-28
222 1930 48 1.212925966202092e-93
223 1930 21 5.267324128341603e-34
225 2436 9 4.44978713724859e-12
226 829 11 2.1070575980786535e-15
234 4296 24 4.59051529495094e-40
235 4156 10 1.0169762637728268e-13
236 1916 8 1.7476498011877368e-10
249 3696 12 3.9902396166622553e-17
251 1111 12 3.9902396166622553e-17
253 912 11 2.1070575980786535e-15
256 1748 13 6.954634946965761e-19
258 4144 10 1.0169762637728268e-13
260 1215 23 5.034333118470323e-38
270 2809 8 1.7476498011877368e-10
270 3071 10 1.0169762637728268e-13
271 3071 21 5.267324128341603e-34
273 2399 24 4.59051529495094e-40
274 2053 9 4.44978713724859e-12
274 2054 9 4.44978713724859e-12
274 2399 44 3.3586988713279593e-84
277 1947 10 1.0169762637728268e-13
278 3563 10 1.0169762637728268e-13
278 3564 39 1.1829645228243333e-72
282 1908 11 2.1070575980786535e-15
288 2831 13 6.954634946965761e-19
295 913 17 3.112440304763078e-26
295 3393 10 1.0169762637728268e-13
299 1160 12 3.9902396166622553e-17
302 595 9 4.44978713724859e-12
305 3916 17 3.112440304763078e-26
309 2613 26 3.349162065335918e-44
311 4523 20 5.005546832410615e-32
318 3220 24 4.59051529495094e-40
319 1974 16 2.3641048762974343e-24
319 3220 8 1.7476498011877368e-10
322 1118 8 1.7476498011877368e-10
323 5052 19 4.5157435943934525e-30
324 5052 14 1.1221638530571741e-20
325 695 9 4.44978713724859e-12
326 1421 13 6.954634946965761e-19
329 3141 10 1.0169762637728268e-13
337 1127 13 6.954634946965761e-19
344 4118 13 6.954634946965761e-19
344 4119 10 1.0169762637728268e-13
347 3071 20 5.005546832410615e-32
348 740 8 1.7476498011877368e-10
348 4345 15 1.684796298221667e-22
350 995 8 1.7476498011877368e-10
355 2466 11 2.1070575980786535e-15
360 2378 19 4.5157435943934525e-30
366 1065 11 2.1070575980786535e-15
366 1066 8 1.7476498011877368e-10
366 4889 9 4.44978713724859e-12
374 2350 11 2.1070575980786535e-15
381 3905 10 1.0169762637728268e-13
383 2659 9 4.44978713724859e-12
383 3294 8 1.7476498011877368e-10
392 3302 8 1.7476498011877368e-10
401 3085 26 3.349162065335918e-44
402 3085 40 6.131845950031178e-75
402 4618 13 6.954634946965761e-19
403 3085 32 5.0550990386466653e-57
404 3085 37 4.035936517047536e-68
405 3085 31 7.590928604294658e-55
406 3085 40 6.131845950031178e-75
407 2496 12 3.9902396166622553e-17
407 2497 22 5.2737938275399625e-36
407 3085 39 1.1829645228243333e-72
408 3085 26 3.349162065335918e-44
409 3085 33 3.2533557109283466e-59
410 3085 16 2.3641048762974343e-24
411 3085 15 1.684796298221667e-22
412 3085 16 2.3641048762974343e-24
413 3085 14 1.1221638530571741e-20
414 3085 24 4.59051529495094e-40
415 3085 23 5.034333118470323e-38
416 3085 16 2.3641048762974343e-24
417 3085 18 3.8578413277773297e-28
418 3085 29 1.5389476984815728e-50
418 3646 17 3.112440304763078e-26
419 3085 22 5.2737938275399625e-36
419 3588 9 4.44978713724859e-12
420 3085 22 5.2737938275399625e-36
421 3085 17 3.112440304763078e-26
422 3085 15 1.684796298221667e-22
423 3085 12 3.9902396166622553e-17
424 2777 11 2.1070575980786535e-15
424 3085 12 3.9902396166622553e-17
425 1746 9 4.44978713724859e-12
425 3085 14 1.1221638530571741e-20
426 3085 19 4.5157435943934525e-30
427 3085 17 3.112440304763078e-26
428 3085 13 6.954634946965761e-19
429 2409 8 1.7476498011877368e-10
430 3085 11 2.1070575980786535e-15
431 3057 8 1.7476498011877368e-10
431 3085 28 2.0733080840355193e-48
432 3085 21 5.267324128341603e-34
433 3085 18 3.8578413277773297e-28
434 3085 21 5.267324128341603e-34
435 3085 10 1.0169762637728268e-13
436 3085 15 1.684796298221667e-22
437 3085 15 1.684796298221667e-22
438 3085 12 3.9902396166622553e-17
439 3085 8 1.7476498011877368e-10
440 3085 9 4.44978713724859e-12
441 1168 11 2.1070575980786535e-15
441 2433 13 6.954634946965761e-19
441 3085 10 1.0169762637728268e-13
442 3085 11 2.1070575980786535e-15
443 2670 9 4.44978713724859e-12
444 3085 9 4.44978713724859e-12
445 3085 9 4.44978713724859e-12
447 3085 9 4.44978713724859e-12
448 3085 11 2.1070575980786535e-15
449 3085 8 1.7476498011877368e-10
452 3085 8 1.7476498011877368e-10
458 3085 8 1.7476498011877368e-10
459 1944 12 3.9902396166622553e-17
459 3549 8 1.7476498011877368e-10
460 1760 8 1.7476498011877368e-10
460 3085 9 4.44978713724859e-12
461 3085 11 2.1070575980786535e-15
462 3085 8 1.7476498011877368e-10
463 1881 9 4.44978713724859e-12
464 3085 9 4.44978713724859e-12
465 3085 9 4.44978713724859e-12
470 3085 9 4.44978713724859e-12
472 3085 10 1.0169762637728268e-13
473 3085 16 2.3641048762974343e-24
478 4717 9 4.44978713724859e-12
479 3911 8 1.7476498011877368e-10
480 1114 12 3.9902396166622553e-17
483 1888 24 4.59051529495094e-40
483 3085 8 1.7476498011877368e-10
484 1888 14 1.1221638530571741e-20
484 3085 8 1.7476498011877368e-10
486 3176 10 1.0169762637728268e-13
486 3193 9 4.44978713724859e-12
488 4023 33 3.2533557109283466e-59
489 1851 8 1.7476498011877368e-10
491 1069 8 1.7476498011877368e-10
491 3085 8 1.7476498011877368e-10
492 3085 8 1.7476498011877368e-10
492 4200 9 4.44978713724859e-12
493 2862 11 2.1070575980786535e-15
494 3085 9 4.44978713724859e-12
500 3745 10 1.0169762637728268e-13
501 3161 10 1.0169762637728268e-13
508 2720 24 4.59051529495094e-40
509 2720 44 3.3586988713279593e-84
509 3802 9 4.44978713724859e-12
510 2720 18 3.8578413277773297e-28
513 4516 8 1.7476498011877368e-10
516 2439 21 5.267324128341603e-34
521 1121 11 2.1070575980786535e-15
521 1122 35 1.2206394886857662e-63
531 4445 9 4.44978713724859e-12
532 3052 10 1.0169762637728268e-13
532 4535 8 1.7476498011877368e-10
534 1666 9 4.44978713724859e-12
534 1667 22 5.2737938275399625e-36
534 1668 42 1.5148617298307678e-79
534 3381 13 6.954634946965761e-19
542 1292 38 2.2174276672914047e-70
549 4177 10 1.0169762637728268e-13
562 2161 17 3.112440304763078e-26
563 2604 8 1.7476498011877368e-10
564 2129 14 1.1221638530571741e-20
578 3844 10 1.0169762637728268e-13
586 4482 9 4.44978713724859e-12
592 3085 16 2.3641048762974343e-24
592 4930 8 1.7476498011877368e-10
593 5152 10 1.0169762637728268e-13
594 5152 28 2.0733080840355193e-48
595 2965 33 3.2533557109283466e-59
597 1054 17 3.112440304763078e-26
603 2848 11 2.1070575980786535e-15
611 3018 8 1.7476498011877368e-10
613 2128 11 2.1070575980786535e-15
620 2143 17 3.112440304763078e-26
621 4083 22 5.2737938275399625e-36
621 4084 9 4.44978713724859e-12
623 922 21 5.267324128341603e-34
624 5175 10 1.0169762637728268e-13
626 2457 8 1.7476498011877368e-10
630 2272 10 1.0169762637728268e-13
632 4854 22 5.2737938275399625e-36
636 1015 9 4.44978713724859e-12
638 3772 22 5.2737938275399625e-36
639 2327 33 3.2533557109283466e-59
639 3311 17 3.112440304763078e-26
651 1270 29 1.5389476984815728e-50
652 1270 8 1.7476498011877368e-10
654 2648 15 1.684796298221667e-22
658 4006 32 5.0550990386466653e-57
663 2185 9 4.44978713724859e-12
667 1480 24 4.59051529495094e-40
668 1480 11 2.1070575980786535e-15
669 3618 9 4.44978713724859e-12
674 1868 8 1.7476498011877368e-10
675 4017 11 2.1070575980786535e-15
675 4018 31 7.590928604294658e-55
676 2178 8 1.7476498011877368e-10
683 958 19 4.5157435943934525e-30
683 959 15 1.684796298221667e-22
684 1428 9 4.44978713724859e-12
687 4643 10 1.0169762637728268e-13
696 1205 11 2.1070575980786535e-15
700 4264 9 4.44978713724859e-12
702 2666 15 1.684796298221667e-22
702 3914 12 3.9902396166622553e-17
703 3914 57 1.733800720350885e-115
704 1283 10 1.0169762637728268e-13
704 3914 11 2.1070575980786535e-15
705 2561 10 1.0169762637728268e-13
705 2562 48 1.212925966202092e-93
705 2563 12 3.9902396166622553e-17
710 2994 25 4.005251416101477e-42
711 2994 9 4.44978713724859e-12
712 5124 9 4.44978713724859e-12
718 3085 8 1.7476498011877368e-10
719 3029 8 1.7476498011877368e-10
721 1204 34 2.025321698689146e-61
723 1664 8 1.7476498011877368e-10
724 1961 11 2.1070575980786535e-15
730 1821 28 2.0733080840355193e-48
755 4378 11 2.1070575980786535e-15
756 1391 9 4.44978713724859e-12
756 3321 8 1.7476498011877368e-10
758 777 10 1.0169762637728268e-13
758 1391 10 1.0169762637728268e-13
758 1437 10 1.0169762637728268e-13
758 3085 8 1.7476498011877368e-10
758 3322 9 4.44978713724859e-12
758 4547 24 4.59051529495094e-40
766 3085 12 3.9902396166622553e-17
767 3085 24 4.59051529495094e-40
768 3085 21 5.267324128341603e-34
769 3085 16 2.3641048762974343e-24
770 3085 10 1.0169762637728268e-13
771 3085 19 4.5157435943934525e-30
772 3085 19 4.5157435943934525e-30
772 3957 14 1.1221638530571741e-20
774 3085 12 3.9902396166622553e-17
775 1245 8 1.7476498011877368e-10
775 3085 16 2.3641048762974343e-24
776 3085 21 5.267324128341603e-34
777 3085 27 2.6879268164694228e-46
777 4547 10 1.0169762637728268e-13
778 3085 21 5.267324128341603e-34
779 3085 30 1.10054674019035e-52
780 3085 16 2.3641048762974343e-24
781 3085 15 1.684796298221667e-22
782 3085 10 1.0169762637728268e-13
783 3085 12 3.9902396166622553e-17
785 3085 12 3.9902396166622553e-17
786 3085 10 1.0169762637728268e-13
788 2960 11 2.1070575980786535e-15
789 3085 8 1.7476498011877368e-10
790 3085 10 1.0169762637728268e-13
791 4440 12 3.9902396166622553e-17
793 3085 9 4.44978713724859e-12
795 3085 13 6.954634946965761e-19
796 3085 9 4.44978713724859e-12
797 3085 9 4.44978713724859e-12
798 1390 21 5.267324128341603e-34
798 3085 14 1.1221638530571741e-20
799 1390 9 4.44978713724859e-12
799 3085 16 2.3641048762974343e-24
800 3085 11 2.1070575980786535e-15
801 3085 8 1.7476498011877368e-10
803 3085 9 4.44978713724859e-12
804 3085 14 1.1221638530571741e-20
805 3085 9 4.44978713724859e-12
807 3085 11 2.1070575980786535e-15
807 3619 8 1.7476498011877368e-10
808 3085 8 1.7476498011877368e-10
808 5105 32 5.0550990386466653e-57
809 3085 9 4.44978713724859e-12
809 3803 19 4.5157435943934525e-30
810 5252 8 1.7476498011877368e-10
811 3085 10 1.0169762637728268e-13
814 3085 9 4.44978713724859e-12
815 3085 14 1.1221638530571741e-20
816 3085 13 6.954634946965761e-19
817 3085 11 2.1070575980786535e-15
819 3085 9 4.44978713724859e-12
821 3085 13 6.954634946965761e-19
822 3085 12 3.9902396166622553e-17
823 3085 8 1.7476498011877368e-10
824 1420 29 1.5389476984815728e-50
824 3085 10 1.0169762637728268e-13
825 1420 11 2.1070575980786535e-15
826 3085 8 1.7476498011877368e-10
828 3085 11 2.1070575980786535e-15
830 3085 9 4.44978713724859e-12
832 3085 12 3.9902396166622553e-17
832 3834 27 2.6879268164694228e-46
833 3085 14 1.1221638530571741e-20
834 1406 18 3.8578413277773297e-28
834 3085 12 3.9902396166622553e-17
834 3775 10 1.0169762637728268e-13
834 3776 20 5.005546832410615e-32
835 3085 10 1.0169762637728268e-13
837 4700 9 4.44978713724859e-12
838 2373 8 1.7476498011877368e-10
839 3222 10 1.0169762637728268e-13
840 3085 14 1.1221638530571741e-20
841 3085 9 4.44978713724859e-12
843 3085 10 1.0169762637728268e-13
851 4006 18 3.8578413277773297e-28
862 3085 10 1.0169762637728268e-13
866 3085 9 4.44978713724859e-12
867 3085 14 1.1221638530571741e-20
868 3458 8 1.7476498011877368e-10
868 4349 8 1.7476498011877368e-10
878 2872 14 1.1221638530571741e-20
892 4558 12 3.9902396166622553e-17
893 2281 8 1.7476498011877368e-10
910 1456 15 1.684796298221667e-22
912 3850 27 2.6879268164694228e-46
913 4365 8 1.7476498011877368e-10
919 3717 15 1.684796298221667e-22
924 1850 13 6.954634946965761e-19
924 4190 8 1.7476498011877368e-10
929 2028 19 4.5157435943934525e-30
933 4132 12 3.9902396166622553e-17
933 4171 9 4.44978713724859e-12
933 4437 9 4.44978713724859e-12
933 4542 8 1.7476498011877368e-10
935 1716 21 5.267324128341603e-34
936 2413 18 3.8578413277773297e-28
936 2475 9 4.44978713724859e-12
936 2476 30 1.10054674019035e-52
937 1346 10 1.0169762637728268e-13
938 3669 8 1.7476498011877368e-10
942 2333 10 1.0169762637728268e-13
949 2199 10 1.0169762637728268e-13
950 3333 11 2.1070575980786535e-15
953 4221 9 4.44978713724859e-12
953 4360 9 4.44978713724859e-12
958 4128 18 3.8578413277773297e-28
958 4129 44 3.3586988713279593e-84
961 4707 9 4.44978713724859e-12
963 4539 15 1.684796298221667e-22
969 4935 12 3.9902396166622553e-17
970 3748 14 1.1221638530571741e-20
978 4184 9 4.44978713724859e-12
983 2195 18 3.8578413277773297e-28
991 3970 15 1.684796298221667e-22
1014 5107 14 1.1221638530571741e-20
1015 3416 9 4.44978713724859e-12
1025 2457 18 3.8578413277773297e-28
1034 3883 8 1.7476498011877368e-10
1034 3884 27 2.6879268164694228e-46
1035 1152 8 1.7476498011877368e-10
1036 1141 29 1.5389476984815728e-50
1036 1142 20 5.005546832410615e-32
1036 3161 10 1.0169762637728268e-13
1041 1880 8 1.7476498011877368e-10
1043 4018 12 3.9902396166622553e-17
1049 5006 13 6.954634946965761e-19
1051 2680 17 3.112440304763078e-26
1051 3441 24 4.59051529495094e-40
1052 2993 8 1.7476498011877368e-10
1053 4358 10 1.0169762637728268e-13
1071 3428 11 2.1070575980786535e-15
1072 3618 9 4.44978713724859e-12
1086 1704 16 2.3641048762974343e-24
1086 1705 42 1.5148617298307678e-79
1086 1706 13 6.954634946965761e-19
1086 2004 14 1.1221638530571741e-20
1086 2310 25 4.005251416101477e-42
1086 2311 42 1.5148617298307678e-79
1086 2312 12 3.9902396166622553e-17
1086 3085 13 6.954634946965761e-19
1086 3575 9 4.44978713724859e-12
1086 4067 14 1.1221638530571741e-20
1086 4068 23 5.034333118470323e-38
1087 3085 32 5.0550990386466653e-57
1087 4276 10 1.0169762637728268e-13
1088 1684 10 1.0169762637728268e-13
1088 3085 35 1.2206394886857662e-63
1088 4276 8 1.7476498011877368e-10
1089 3085 25 4.005251416101477e-42
1090 3085 16 2.3641048762974343e-24
1091 3085 26 3.349162065335918e-44
1092 3085 18 3.8578413277773297e-28
1093 3085 26 3.349162065335918e-44
1094 3085 22 5.2737938275399625e-36
1095 3085 19 4.5157435943934525e-30
1096 3085 29 1.5389476984815728e-50
1097 3085 29 1.5389476984815728e-50
1098 3085 29 1.5389476984815728e-50
1099 3085 18 3.8578413277773297e-28
1100 3085 21 5.267324128341603e-34
1101 3085 22 5.2737938275399625e-36
1102 3085 28 2.0733080840355193e-48
1102 4861 18 3.8578413277773297e-28
1103 3085 27 2.6879268164694228e-46
1104 3085 15 1.684796298221667e-22
1105 3085 11 2.1070575980786535e-15
1106 3085 14 1.1221638530571741e-20
1107 3085 16 2.3641048762974343e-24
1108 3085 11 2.1070575980786535e-15
1109 3085 9 4.44978713724859e-12
1110 3085 29 1.5389476984815728e-50
1111 1434 10 1.0169762637728268e-13
1111 3085 18 3.8578413277773297e-28
1111 3390 10 1.0169762637728268e-13
1112 3085 16 2.3641048762974343e-24
1113 3085 10 1.0169762637728268e-13
1114 3085 10 1.0169762637728268e-13
1115 3085 12 3.9902396166622553e-17
1116 3085 14 1.1221638530571741e-20
1117 3085 8 1.7476498011877368e-10
1118 3085 14 1.1221638530571741e-20
1119 3085 13 6.954634946965761e-19
1119 4107 8 1.7476498011877368e-10
1120 3085 14 1.1221638530571741e-20
1121 2476 12 3.9902396166622553e-17
1121 3085 14 1.1221638530571741e-20
1122 3085 14 1.1221638530571741e-20
1123 3085 13 6.954634946965761e-19
1124 3085 15 1.684796298221667e-22
1125 3085 13 6.954634946965761e-19
1126 3085 13 6.954634946965761e-19
1127 3085 14 1.1221638530571741e-20
1127 3679 8 1.7476498011877368e-10
1128 3085 12 3.9902396166622553e-17
1129 3085 8 1.7476498011877368e-10
1130 3085 15 1.684796298221667e-22
1131 3085 12 3.9902396166622553e-17
1133 3085 11 2.1070575980786535e-15
1134 3085 12 3.9902396166622553e-17
1135 3085 8 1.7476498011877368e-10
1136 3085 10 1.0169762637728268e-13
1138 3085 12 3.9902396166622553e-17
1141 4679 9 4.44978713724859e-12
1142 3085 14 1.1221638530571741e-20
1144 3085 12 3.9902396166622553e-17
1145 3085 10 1.0169762637728268e-13
1146 3085 10 1.0169762637728268e-13
1147 1654 12 3.9902396166622553e-17
1147 3085 14 1.1221638530571741e-20
1148 3085 18 3.8578413277773297e-28
1149 3085 8 1.7476498011877368e-10
1150 3085 15 1.684796298221667e-22
1151 3085 8 1.7476498011877368e-10
1152 4857 8 1.7476498011877368e-10
1154 4759 10 1.0169762637728268e-13
1155 3085 10 1.0169762637728268e-13
1158 1722 19 4.5157435943934525e-30
1159 3085 8 1.7476498011877368e-10
1161 3085 9 4.44978713724859e-12
1162 3085 17 3.112440304763078e-26
1162 4611 25 4.005251416101477e-42
1163 3085 15 1.684796298221667e-22
1167 3031 9 4.44978713724859e-12
1167 3085 10 1.0169762637728268e-13
1170 3085 8 1.7476498011877368e-10
1171 2269 8 1.7476498011877368e-10
1173 3939 10 1.0169762637728268e-13
1176 2426 9 4.44978713724859e-12
1177 3085 10 1.0169762637728268e-13
1184 4923 10 1.0169762637728268e-13
1185 3085 8 1.7476498011877368e-10
1187 2652 9 4.44978713724859e-12
1218 3398 15 1.684796298221667e-22
1220 3276 10 1.0169762637728268e-13
1223 4861 14 1.1221638530571741e-20
1223 4862 9 4.44978713724859e-12
1225 4492 8 1.7476498011877368e-10
1230 3358 19 4.5157435943934525e-30
1253 3685 8 1.7476498011877368e-10
1273 5085 10 1.0169762637728268e-13
1277 1524 11 2.1070575980786535e-15
1278 5130 11 2.1070575980786535e-15
1297 2835 9 4.44978713724859e-12
1302 4178 13 6.954634946965761e-19
1307 3169 11 2.1070575980786535e-15
1309 2700 10 1.0169762637728268e-13
1310 2700 21 5.267324128341603e-34
1313 2567 12 3.9902396166622553e-17
1314 3432 11 2.1070575980786535e-15
1314 4389 26 3.349162065335918e-44
1314 4579 11 2.1070575980786535e-15
1318 3199 10 1.0169762637728268e-13
1321 4946 9 4.44978713724859e-12
1325 3592 12 3.9902396166622553e-17
1327 4782 9 4.44978713724859e-12
1336 2199 13 6.954634946965761e-19
1343 3927 19 4.5157435943934525e-30
1345 4304 20 5.005546832410615e-32
1348 4523 8 1.7476498011877368e-10
1349 4516 8 1.7476498011877368e-10
1351 4849 8 1.7476498011877368e-10
1354 1477 20 5.005546832410615e-32
1355 1477 39 1.1829645228243333e-72
1356 4410 9 4.44978713724859e-12
1361 3085 8 1.7476498011877368e-10
1362 1668 8 1.7476498011877368e-10
1363 1693 8 1.7476498011877368e-10
1368 1684 8 1.7476498011877368e-10
1369 1943 12 3.9902396166622553e-17
1369 4313 22 5.2737938275399625e-36
1374 4544 13 6.954634946965761e-19
1379 1632 8 1.7476498011877368e-10
1379 2558 8 1.7476498011877368e-10
1380 4079 8 1.7476498011877368e-10
1381 1629 8 1.7476498011877368e-10
1382 1629 9 4.44978713724859e-12
1383 1629 16 2.3641048762974343e-24
1387 4693 17 3.112440304763078e-26
1389 4242 15 1.684796298221667e-22
1390 4014 8 1.7476498011877368e-10
1390 4015 16 2.3641048762974343e-24
1390 4731 12 3.9902396166622553e-17
1391 3320 8 1.7476498011877368e-10
1391 4731 52 2.9726535698132856e-103
1399 2455 11 2.1070575980786535e-15
1399 2456 25 4.005251416101477e-42
1399 3085 25 4.005251416101477e-42
1399 3575 18 3.8578413277773297e-28
1399 4276 13 6.954634946965761e-19
1400 3085 25 4.005251416101477e-42
1401 3085 15 1.684796298221667e-22
1402 3085 17 3.112440304763078e-26
1403 2433 9 4.44978713724859e-12
1403 3085 19 4.5157435943934525e-30
1404 3085 13 6.954634946965761e-19
1405 3085 13 6.954634946965761e-19
1406 3085 11 2.1070575980786535e-15
1407 3085 12 3.9902396166622553e-17
1408 2933 13 6.954634946965761e-19
1408 3085 9 4.44978713724859e-12
1409 3085 19 4.5157435943934525e-30
1410 3085 17 3.112440304763078e-26
1410 3803 8 1.7476498011877368e-10
1411 3085 15 1.684796298221667e-22
1412 3085 14 1.1221638530571741e-20
1417 3085 11 2.1070575980786535e-15
1418 3085 12 3.9902396166622553e-17
1419 3085 12 3.9902396166622553e-17
1420 3085 11 2.1070575980786535e-15
1421 3085 14 1.1221638530571741e-20
1422 3085 8 1.7476498011877368e-10
1423 3085 13 6.954634946965761e-19
1424 3085 12 3.9902396166622553e-17
1425 3085 8 1.7476498011877368e-10
1426 3085 12 3.9902396166622553e-17
1427 3085 8 1.7476498011877368e-10
1428 3085 10 1.0169762637728268e-13
1429 3085 8 1.7476498011877368e-10
1431 2644 8 1.7476498011877368e-10
1431 3085 11 2.1070575980786535e-15
1431 4887 18 3.8578413277773297e-28
1432 3085 15 1.684796298221667e-22
1433 3085 12 3.9902396166622553e-17
1434 3085 14 1.1221638530571741e-20
1434 4049 10 1.0169762637728268e-13
1434 4050 10 1.0169762637728268e-13
1437 3085 9 4.44978713724859e-12
1438 3085 10 1.0169762637728268e-13
1438 3367 9 4.44978713724859e-12
1439 3085 10 1.0169762637728268e-13
1440 3085 8 1.7476498011877368e-10
1441 3085 8 1.7476498011877368e-10
1442 3085 14 1.1221638530571741e-20
1447 3085 11 2.1070575980786535e-15
1452 3085 12 3.9902396166622553e-17
1452 3314 9 4.44978713724859e-12
1455 3085 12 3.9902396166622553e-17
1456 2815 8 1.7476498011877368e-10
1456 3085 11 2.1070575980786535e-15
1457 3085 14 1.1221638530571741e-20
1458 3085 117 0.0
1458 3748 8 1.7476498011877368e-10
1459 3085 17 3.112440304763078e-26
1462 3085 12 3.9902396166622553e-17
1465 1760 8 1.7476498011877368e-10
1467 2008 23 5.034333118470323e-38
1467 2009 8 1.7476498011877368e-10
1471 4313 10 1.0169762637728268e-13
1476 5127 15 1.684796298221667e-22
1479 2441 8 1.7476498011877368e-10
1480 2441 8 1.7476498011877368e-10
1481 3786 9 4.44978713724859e-12
1482 2765 10 1.0169762637728268e-13
1487 2384 11 2.1070575980786535e-15
1490 2495 15 1.684796298221667e-22
1494 1862 12 3.9902396166622553e-17
1496 1837 10 1.0169762637728268e-13
1500 3085 8 1.7476498011877368e-10
1504 4731 24 4.59051529495094e-40
1532 3036 10 1.0169762637728268e-13
1542 3051 59 1.9066371086363722e-120
1543 3051 22 5.2737938275399625e-36
1543 3194 10 1.0169762637728268e-13
1548 2332 8 1.7476498011877368e-10
1552 3850 14 1.1221638530571741e-20
1552 4276 22 5.2737938275399625e-36
1553 1817 10 1.0169762637728268e-13
1555 2458 13 6.954634946965761e-19
1557 4091 9 4.44978713724859e-12
1561 4936 8 1.7476498011877368e-10
1569 3531 13 6.954634946965761e-19
1573 2733 8 1.7476498011877368e-10
1573 2734 44 3.3586988713279593e-84
1573 2735 8 1.7476498011877368e-10
1578 4279 28 2.0733080840355193e-48
1622 3225 19 4.5157435943934525e-30
1623 2141 14 1.1221638530571741e-20
1636 3277 12 3.9902396166622553e-17
1637 5237 11 2.1070575980786535e-15
1639 3255 10 1.0169762637728268e-13
1647 4190 10 1.0169762637728268e-13
1651 2781 9 4.44978713724859e-12
1653 3880 36 7.127889112203477e-66
1653 3881 8 1.7476498011877368e-10
1653 4516 49 4.971660248524664e-96
1664 1706 14 1.1221638530571741e-20
1669 1916 14 1.1221638530571741e-20
1669 4377 8 1.7476498011877368e-10
1672 3125 9 4.44978713724859e-12
1675 3085 8 1.7476498011877368e-10
1681 3308 9 4.44978713724859e-12
1681 3309 8 1.7476498011877368e-10
1684 2658 9 4.44978713724859e-12
1684 5102 12 3.9902396166622553e-17
1686 2841 21 5.267324128341603e-34
1686 3297 8 1.7476498011877368e-10
1686 4547 88 5.546067757451722e-196
1691 2450 21 5.267324128341603e-34
1691 3307 8 1.7476498011877368e-10
1704 3085 16 2.3641048762974343e-24
1704 3297 9 4.44978713724859e-12
1704 3575 12 3.9902396166622553e-17
1704 4547 156 0.0
1705 3085 48 1.212925966202092e-93
1705 4276 26 3.349162065335918e-44
1705 4665 16 2.3641048762974343e-24
1706 2710 12 3.9902396166622553e-17
1706 3085 36 7.127889112203477e-66
1706 4276 12 3.9902396166622553e-17
1707 3085 24 4.59051529495094e-40
1708 3085 31 7.590928604294658e-55
1709 3085 36 7.127889112203477e-66
1710 3085 33 3.2533557109283466e-59
1710 3682 13 6.954634946965761e-19
1711 3085 28 2.0733080840355193e-48
1712 3085 17 3.112440304763078e-26
1712 4584 14 1.1221638530571741e-20
1713 2428 8 1.7476498011877368e-10
1713 3085 15 1.684796298221667e-22
1714 2649 13 6.954634946965761e-19
1714 3085 23 5.034333118470323e-38
1714 4164 13 6.954634946965761e-19
1715 3085 24 4.59051529495094e-40
1716 3085 18 3.8578413277773297e-28
1716 4307 10 1.0169762637728268e-13
1717 3085 21 5.267324128341603e-34
1718 3085 26 3.349162065335918e-44
1719 3085 18 3.8578413277773297e-28
1720 3085 18 3.8578413277773297e-28
1721 2415 19 4.5157435943934525e-30
1721 3085 15 1.684796298221667e-22
1722 3085 19 4.5157435943934525e-30
1723 3085 15 1.684796298221667e-22
1724 3085 17 3.112440304763078e-26
1725 3085 19 4.5157435943934525e-30
1726 3085 16 2.3641048762974343e-24
1727 3085 9 4.44978713724859e-12
1728 3085 15 1.684796298221667e-22
1729 3085 11 2.1070575980786535e-15
1730 3085 15 1.684796298221667e-22
1730 3163 9 4.44978713724859e-12
1731 3085 9 4.44978713724859e-12
1732 3085 19 4.5157435943934525e-30
1733 2374 28 2.0733080840355193e-48
1733 3085 28 2.0733080840355193e-48
1734 3085 13 6.954634946965761e-19
1734 4764 15 1.684796298221667e-22
1735 3085 22 5.2737938275399625e-36
1736 3085 11 2.1070575980786535e-15
1738 3085 12 3.9902396166622553e-17
1739 3085 13 6.954634946965761e-19
1740 3085 16 2.3641048762974343e-24
1741 3085 14 1.1221638530571741e-20
1742 3085 16 2.3641048762974343e-24
1743 3085 13 6.954634946965761e-19
1744 3085 10 1.0169762637728268e-13
1745 3085 13 6.954634946965761e-19
1746 3085 18 3.8578413277773297e-28
1747 3085 19 4.5157435943934525e-30
1748 3085 13 6.954634946965761e-19
1748 3415 8 1.7476498011877368e-10
1749 3085 12 3.9902396166622553e-17
1750 2366 12 3.9902396166622553e-17
1750 3085 15 1.684796298221667e-22
1751 2366 35 1.2206394886857662e-63
1751 3085 13 6.954634946965761e-19
1752 2366 11 2.1070575980786535e-15
1752 3085 8 1.7476498011877368e-10
1753 3085 13 6.954634946965761e-19
1754 3085 11 2.1070575980786535e-15
1755 3085 20 5.005546832410615e-32
1756 3085 16 2.3641048762974343e-24
1757 3085 12 3.9902396166622553e-17
1758 3085 9 4.44978713724859e-12
1759 3085 8 1.7476498011877368e-10
1760 2333 8 1.7476498011877368e-10
1760 3085 13 6.954634946965761e-19
1760 4516 10 1.0169762637728268e-13
1761 3085 10 1.0169762637728268e-13
1762 3085 8 1.7476498011877368e-10
1764 3085 11 2.1070575980786535e-15
1766 3085 18 3.8578413277773297e-28
1767 3085 9 4.44978713724859e-12
1768 3085 19 4.5157435943934525e-30
1769 3085 13 6.954634946965761e-19
1770 3085 9 4.44978713724859e-12
1772 3085 11 2.1070575980786535e-15
1773 3085 13 6.954634946965761e-19
1773 3379 47 2.8883821352949084e-91
1773 3380 19 4.5157435943934525e-30
1774 3085 9 4.44978713724859e-12
1775 3085 8 1.7476498011877368e-10
1779 3085 11 2.1070575980786535e-15
1783 3085 11 2.1070575980786535e-15
1785 3085 9 4.44978713724859e-12
1796 3085 8 1.7476498011877368e-10
1797 3085 10 1.0169762637728268e-13
1798 3085 8 1.7476498011877368e-10
1798 4575 15 1.684796298221667e-22
1800 3085 10 1.0169762637728268e-13
1801 3085 8 1.7476498011877368e-10
1802 3085 8 1.7476498011877368e-10
1806 4958 17 3.112440304763078e-26
1810 3222 12 3.9902396166622553e-17
1812 3665 26 3.349162065335918e-44
1812 4333 26 3.349162065335918e-44
1814 2259 10 1.0169762637728268e-13
1815 2259 17 3.112440304763078e-26
1826 2218 9 4.44978713724859e-12
1831 3172 50 1.98990018368591e-98
1832 4841 22 5.2737938275399625e-36
1833 4841 29 1.5389476984815728e-50
1834 4841 14 1.1221638530571741e-20
1838 4896 8 1.7476498011877368e-10
1838 4897 28 2.0733080840355193e-48
1838 4898 39 1.1829645228243333e-72
1838 4899 13 6.954634946965761e-19
1843 2835 15 1.684796298221667e-22
1850 4366 9 4.44978713724859e-12
1851 4366 48 1.212925966202092e-93
1852 2644 20 5.005546832410615e-32
1852 5173 12 3.9902396166622553e-17
1860 2815 10 1.0169762637728268e-13
1869 2326 13 6.954634946965761e-19
1881 2207 8 1.7476498011877368e-10
1881 2208 18 3.8578413277773297e-28
1882 4901 20 5.005546832410615e-32
1885 2909 9 4.44978713724859e-12
1911 4020 9 4.44978713724859e-12
1911 5046 27 2.6879268164694228e-46
1914 4860 10 1.0169762637728268e-13
1916 4377 24 4.59051529495094e-40
1920 2388 9 4.44978713724859e-12
1922 3292 21 5.267324128341603e-34
1927 3710 10 1.0169762637728268e-13
1928 2873 9 4.44978713724859e-12
1928 3710 12 3.9902396166622553e-17
1929 3771 9 4.44978713724859e-12
1929 5145 14 1.1221638530571741e-20
1935 4160 8 1.7476498011877368e-10
1955 4595 11 2.1070575980786535e-15
1961 3865 9 4.44978713724859e-12
1964 2380 37 4.035936517047536e-68
1966 3682 8 1.7476498011877368e-10
1967 4825 13 6.954634946965761e-19
1979 3886 15 1.684796298221667e-22
1980 3735 16 2.3641048762974343e-24
1992 2860 9 4.44978713724859e-12
1992 2992 28 2.0733080840355193e-48
1993 2992 17 3.112440304763078e-26
1995 2242 8 1.7476498011877368e-10
1997 2969 8 1.7476498011877368e-10
2004 3085 40 6.131845950031178e-75
2004 4260 13 6.954634946965761e-19
2005 3085 76 5.914127040957957e-164
2005 4260 21 5.267324128341603e-34
2006 3085 44 3.3586988713279593e-84
2007 3085 46 6.710883000968248e-89
2007 4260 8 1.7476498011877368e-10
2008 3085 36 7.127889112203477e-66
2008 4260 13 6.954634946965761e-19
2009 3085 13 6.954634946965761e-19
2010 3085 29 1.5389476984815728e-50
2011 3085 40 6.131845950031178e-75
2011 4260 10 1.0169762637728268e-13
2012 3085 33 3.2533557109283466e-59
2013 2817 27 2.6879268164694228e-46
2013 5299 24 4.59051529495094e-40
2020 3085 13 6.954634946965761e-19
2023 3085 17 3.112440304763078e-26
2023 4670 12 3.9902396166622553e-17
2024 3085 9 4.44978713724859e-12
2025 3085 16 2.3641048762974343e-24
2026 2522 9 4.44978713724859e-12
2026 3085 14 1.1221638530571741e-20
2028 3085 15 1.684796298221667e-22
2031 3085 15 1.684796298221667e-22
2032 3085 20 5.005546832410615e-32
2033 3085 22 5.2737938275399625e-36
2033 3881 18 3.8578413277773297e-28
2035 3085 10 1.0169762637728268e-13
2036 3085 11 2.1070575980786535e-15
2038 3085 17 3.112440304763078e-26
2038 4416 8 1.7476498011877368e-10
2039 3085 19 4.5157435943934525e-30
2045 3085 9 4.44978713724859e-12
2045 3086 8 1.7476498011877368e-10
2048 2393 15 1.684796298221667e-22
2048 2394 25 4.005251416101477e-42
2049 3085 16 2.3641048762974343e-24
2050 3085 9 4.44978713724859e-12
2051 3085 14 1.1221638530571741e-20
2051 4260 8 1.7476498011877368e-10
2053 3085 10 1.0169762637728268e-13
2054 3085 9 4.44978713724859e-12
2055 3085 10 1.0169762637728268e-13
2056 3085 18 3.8578413277773297e-28
2057 2630 12 3.9902396166622553e-17
2058 3085 8 1.7476498011877368e-10
2060 3085 10 1.0169762637728268e-13
2062 3085 8 1.7476498011877368e-10
2062 3483 13 6.954634946965761e-19
2068 3085 12 3.9902396166622553e-17
2068 4783 11 2.1070575980786535e-15
2070 3085 14 1.1221638530571741e-20
2071 3085 11 2.1070575980786535e-15
2075 3085 11 2.1070575980786535e-15
2093 4998 9 4.44978713724859e-12
2098 3085 8 1.7476498011877368e-10
2106 3035 9 4.44978713724859e-12
2112 3085 8 1.7476498011877368e-10
2115 3642 10 1.0169762637728268e-13
2165 4026 20 5.005546832410615e-32
2171 4923 10 1.0169762637728268e-13
2173 5298 19 4.5157435943934525e-30
2182 2524 8 1.7476498011877368e-10
2185 3958 15 1.684796298221667e-22
2185 4079 14 1.1221638530571741e-20
2186 3958 21 5.267324128341603e-34
2191 2324 22 5.2737938275399625e-36
2191 4654 8 1.7476498011877368e-10
2191 4655 24 4.59051529495094e-40
2191 4656 25 4.005251416101477e-42
2197 3264 13 6.954634946965761e-19
2202 2428 12 3.9902396166622553e-17
2205 3854 10 1.0169762637728268e-13
2206 4407 31 7.590928604294658e-55
2216 2664 28 2.0733080840355193e-48
2220 3365 15 1.684796298221667e-22
2221 4088 13 6.954634946965761e-19
2222 3107 8 1.7476498011877368e-10
2222 3565 18 3.8578413277773297e-28
2230 3181 10 1.0169762637728268e-13
2233 2919 12 3.9902396166622553e-17
2240 2924 14 1.1221638530571741e-20
2240 2925 27 2.6879268164694228e-46
2243 4540 12 3.9902396166622553e-17
2257 2972 13 6.954634946965761e-19
2270 4933 30 1.10054674019035e-52
2272 4302 12 3.9902396166622553e-17
2273 3442 15 1.684796298221667e-22
2301 3168 13 6.954634946965761e-19
2310 3085 45 1.520611811250377e-86
2311 3085 107 0.0
2311 4260 17 3.112440304763078e-26
2312 3085 69 9.29774132067418e-146
2312 4260 8 1.7476498011877368e-10
2312 4547 127 0.0
2313 2654 17 3.112440304763078e-26
2313 3085 50 1.98990018368591e-98
2313 3575 12 3.9902396166622553e-17
2313 4260 10 1.0169762637728268e-13
2314 3085 37 4.035936517047536e-68
2315 3085 44 3.3586988713279593e-84
2315 3848 17 3.112440304763078e-26
2315 3849 14 1.1221638530571741e-20
2316 3085 32 5.0550990386466653e-57
2316 4260 8 1.7476498011877368e-10
2317 3085 36 7.127889112203477e-66
2318 3085 30 1.10054674019035e-52
2318 4260 8 1.7476498011877368e-10
2319 3085 31 7.590928604294658e-55
2319 3126 13 6.954634946965761e-19
2320 3085 27 2.6879268164694228e-46
2321 3085 39 1.1829645228243333e-72
2322 3085 52 2.9726535698132856e-103
2323 3085 41 3.090110592244936e-77
2324 3085 43 7.228178694744255e-82
2324 3625 9 4.44978713724859e-12
2324 4260 8 1.7476498011877368e-10
2325 3085 28 2.0733080840355193e-48
2326 3085 32 5.0550990386466653e-57
2326 5261 10 1.0169762637728268e-13
2327 3085 31 7.590928604294658e-55
2328 3085 23 5.034333118470323e-38
2329 3085 22 5.2737938275399625e-36
2330 3085 18 3.8578413277773297e-28
2331 3085 27 2.6879268164694228e-46
2332 3085 24 4.59051529495094e-40
2333 3085 17 3.112440304763078e-26
2334 3085 22 5.2737938275399625e-36
2335 3085 14 1.1221638530571741e-20
2336 3085 20 5.005546832410615e-32
2336 4701 10 1.0169762637728268e-13
2337 3085 16 2.3641048762974343e-24
2338 3085 13 6.954634946965761e-19
2339 3085 16 2.3641048762974343e-24
2340 3085 20 5.005546832410615e-32
2341 3085 17 3.112440304763078e-26
2342 3085 18 3.8578413277773297e-28
2343 3085 10 1.0169762637728268e-13
2350 3085 8 1.7476498011877368e-10
2351 3085 19 4.5157435943934525e-30
2352 3085 16 2.3641048762974343e-24
2353 3085 10 1.0169762637728268e-13
2354 3085 21 5.267324128341603e-34
2355 3085 16 2.3641048762974343e-24
2356 3085 11 2.1070575980786535e-15
2357 3085 8 1.7476498011877368e-10
2358 3085 22 5.2737938275399625e-36
2359 3085 19 4.5157435943934525e-30
2360 3085 10 1.0169762637728268e-13
2360 3423 11 2.1070575980786535e-15
2361 3085 14 1.1221638530571741e-20
2362 3085 11 2.1070575980786535e-15
2363 2894 13 6.954634946965761e-19
2364 3085 11 2.1070575980786535e-15
2365 3085 11 2.1070575980786535e-15
2367 3085 8 1.7476498011877368e-10
2368 3085 8 1.7476498011877368e-10
2369 3085 14 1.1221638530571741e-20
2372 3085 11 2.1070575980786535e-15
2373 3085 9 4.44978713724859e-12
2373 4197 12 3.9902396166622553e-17
2374 3085 18 3.8578413277773297e-28
2374 5263 27 2.6879268164694228e-46
2376 3085 8 1.7476498011877368e-10
2377 3085 13 6.954634946965761e-19
2378 3085 16 2.3641048762974343e-24
2379 3085 11 2.1070575980786535e-15
2381 3085 11 2.1070575980786535e-15
2382 3085 8 1.7476498011877368e-10
2383 3085 8 1.7476498011877368e-10
2384 3085 11 2.1070575980786535e-15
2385 3085 9 4.44978713724859e-12
2386 4397 11 2.1070575980786535e-15
2387 3085 10 1.0169762637728268e-13
2388 3085 9 4.44978713724859e-12
2389 3085 10 1.0169762637728268e-13
2390 3590 8 1.7476498011877368e-10
2395 3085 12 3.9902396166622553e-17
2400 3085 8 1.7476498011877368e-10
2401 3085 10 1.0169762637728268e-13
2402 3577 14 1.1221638530571741e-20
2408 3844 19 4.5157435943934525e-30
2410 4682 13 6.954634946965761e-19
2422 3085 9 4.44978713724859e-12
2424 3085 11 2.1070575980786535e-15
2436 4507 24 4.59051529495094e-40
2437 4148 13 6.954634946965761e-19
2443 2847 24 4.59051529495094e-40
2447 3085 8 1.7476498011877368e-10
2459 3914 23 5.034333118470323e-38
2461 4748 11 2.1070575980786535e-15
2465 3567 8 1.7476498011877368e-10
2479 2679 12 3.9902396166622553e-17
2480 2679 23 5.034333118470323e-38
2483 5250 12 3.9902396166622553e-17
2489 4721 16 2.3641048762974343e-24
2496 3217 23 5.034333118470323e-38
2504 3434 9 4.44978713724859e-12
2506 4797 14 1.1221638530571741e-20
2506 4798 8 1.7476498011877368e-10
2507 3912 8 1.7476498011877368e-10
2507 3913 8 1.7476498011877368e-10
2511 3429 10 1.0169762637728268e-13
2512 3429 43 7.228178694744255e-82
2512 5073 10 1.0169762637728268e-13
2521 2931 10 1.0169762637728268e-13
2521 2932 37 4.035936517047536e-68
2521 2933 147 0.0
2521 2934 35 1.2206394886857662e-63
2521 2935 12 3.9902396166622553e-17
2521 2937 10 1.0169762637728268e-13
2523 5077 9 4.44978713724859e-12
2556 3334 32 5.0550990386466653e-57
2564 3723 12 3.9902396166622553e-17
2565 4658 14 1.1221638530571741e-20
2566 4658 16 2.3641048762974343e-24
2567 3078 11 2.1070575980786535e-15
2567 4658 46 6.710883000968248e-89
2567 4965 11 2.1070575980786535e-15
2575 3085 16 2.3641048762974343e-24
2576 3085 45 1.520611811250377e-86
2577 3085 37 4.035936517047536e-68
2577 4549 9 4.44978713724859e-12
2578 3085 25 4.005251416101477e-42
2579 3085 21 5.267324128341603e-34
2580 3085 27 2.6879268164694228e-46
2580 3501 8 1.7476498011877368e-10
2581 2932 12 3.9902396166622553e-17
2581 3085 18 3.8578413277773297e-28
2581 3503 15 1.684796298221667e-22
2581 5277 8 1.7476498011877368e-10
2582 3085 20 5.005546832410615e-32
2583 3085 19 4.5157435943934525e-30
2584 3085 23 5.034333118470323e-38
2585 3085 26 3.349162065335918e-44
2586 3085 20 5.005546832410615e-32
2587 3085 13 6.954634946965761e-19
2588 3085 22 5.2737938275399625e-36
2589 3085 23 5.034333118470323e-38
2590 3085 24 4.59051529495094e-40
2591 3085 11 2.1070575980786535e-15
2592 3085 11 2.1070575980786535e-15
2593 3085 24 4.59051529495094e-40
2594 3085 19 4.5157435943934525e-30
2595 3085 20 5.005546832410615e-32
2596 3085 20 5.005546832410615e-32
2597 3085 35 1.2206394886857662e-63
2598 3085 25 4.005251416101477e-42
2599 3085 23 5.034333118470323e-38
2600 3085 18 3.8578413277773297e-28
2601 3085 19 4.5157435943934525e-30
2602 3085 13 6.954634946965761e-19
2603 3085 16 2.3641048762974343e-24
2604 3085 17 3.112440304763078e-26
2605 3085 14 1.1221638530571741e-20
2606 3085 12 3.9902396166622553e-17
2607 3085 11 2.1070575980786535e-15
2608 3085 8 1.7476498011877368e-10
2608 5129 11 2.1070575980786535e-15
2609 3085 14 1.1221638530571741e-20
2609 5129 9 4.44978713724859e-12
2610 3085 24 4.59051529495094e-40
2611 3085 21 5.267324128341603e-34
2612 3085 15 1.684796298221667e-22
2613 3085 18 3.8578413277773297e-28
2614 3085 13 6.954634946965761e-19
2615 3085 12 3.9902396166622553e-17
2616 3085 14 1.1221638530571741e-20
2617 3085 8 1.7476498011877368e-10
2618 3085 13 6.954634946965761e-19
2619 3085 14 1.1221638530571741e-20
2620 3085 12 3.9902396166622553e-17
2623 3085 10 1.0169762637728268e-13
2623 4057 10 1.0169762637728268e-13
2630 3085 13 6.954634946965761e-19
2631 3085 12 3.9902396166622553e-17
2632 3085 17 3.112440304763078e-26
2633 3085 15 1.684796298221667e-22
2634 3085 14 1.1221638530571741e-20
2635 3085 10 1.0169762637728268e-13
2636 3085 8 1.7476498011877368e-10
2638 3085 9 4.44978713724859e-12
2639 3085 11 2.1070575980786535e-15
2640 3085 9 4.44978713724859e-12
2643 3085 14 1.1221638530571741e-20
2644 3085 11 2.1070575980786535e-15
2648 3085 8 1.7476498011877368e-10
2648 3161 8 1.7476498011877368e-10
2649 3085 11 2.1070575980786535e-15
2649 3106 9 4.44978713724859e-12
2649 4163 20 5.005546832410615e-32
2650 3085 11 2.1070575980786535e-15
2651 3085 10 1.0169762637728268e-13
2653 3085 9 4.44978713724859e-12
2654 3085 9 4.44978713724859e-12
2655 3085 8 1.7476498011877368e-10
2659 4499 8 1.7476498011877368e-10
2661 3085 11 2.1070575980786535e-15
2662 3085 8 1.7476498011877368e-10
2663 3085 8 1.7476498011877368e-10
2664 3085 11 2.1070575980786535e-15
2670 4226 15 1.684796298221667e-22
2676 4327 13 6.954634946965761e-19
2681 3085 11 2.1070575980786535e-15
2684 3085 8 1.7476498011877368e-10
2684 3574 11 2.1070575980786535e-15
2685 3085 8 1.7476498011877368e-10
2686 3085 11 2.1070575980786535e-15
2688 3085 9 4.44978713724859e-12
2690 3085 8 1.7476498011877368e-10
2696 3085 8 1.7476498011877368e-10
2699 3085 10 1.0169762637728268e-13
2699 5232 20 5.005546832410615e-32
2702 4093 10 1.0169762637728268e-13
2704 4637 23 5.034333118470323e-38
2704 4638 8 1.7476498011877368e-10
2711 3485 8 1.7476498011877368e-10
2716 5161 14 1.1221638530571741e-20
2720 4840 8 1.7476498011877368e-10
2727 3122 13 6.954634946965761e-19
2732 4595 9 4.44978713724859e-12
2734 3646 10 1.0169762637728268e-13
2734 3647 34 2.025321698689146e-61
2745 4396 12 3.9902396166622553e-17
2771 3776 8 1.7476498011877368e-10
2783 4361 23 5.034333118470323e-38
2786 3085 8 1.7476498011877368e-10
2786 3311 9 4.44978713724859e-12
2806 4368 12 3.9902396166622553e-17
2806 4369 56 5.0661837022898634e-113
2811 3733 11 2.1070575980786535e-15
2817 5299 17 3.112440304763078e-26
2825 3085 15 1.684796298221667e-22
2825 3425 14 1.1221638530571741e-20
2826 3085 10 1.0169762637728268e-13
2827 3085 19 4.5157435943934525e-30
2828 3085 25 4.005251416101477e-42
2829 3085 21 5.267324128341603e-34
2830 3085 30 1.10054674019035e-52
2831 3085 38 2.2174276672914047e-70
2832 3085 32 5.0550990386466653e-57
2833 3085 15 1.684796298221667e-22
2834 3085 14 1.1221638530571741e-20
2835 3085 25 4.005251416101477e-42
2836 3085 16 2.3641048762974343e-24
2837 3085 9 4.44978713724859e-12
2838 3085 19 4.5157435943934525e-30
2839 3085 13 6.954634946965761e-19
2840 3085 12 3.9902396166622553e-17
2841 3085 11 2.1070575980786535e-15
2841 4547 8 1.7476498011877368e-10
2842 3085 12 3.9902396166622553e-17
2843 3085 24 4.59051529495094e-40
2844 3085 22 5.2737938275399625e-36
2845 3085 17 3.112440304763078e-26
2845 3516 11 2.1070575980786535e-15
2846 3085 11 2.1070575980786535e-15
2847 3085 17 3.112440304763078e-26
2849 3085 8 1.7476498011877368e-10
2850 3085 10 1.0169762637728268e-13
2850 3114 19 4.5157435943934525e-30
2851 3085 8 1.7476498011877368e-10
2852 3085 18 3.8578413277773297e-28
2853 3085 14 1.1221638530571741e-20
2853 4916 17 3.112440304763078e-26
2854 3085 20 5.005546832410615e-32
2855 3085 17 3.112440304763078e-26
2856 3085 10 1.0169762637728268e-13
2857 3085 11 2.1070575980786535e-15
2859 3085 9 4.44978713724859e-12
2860 3085 12 3.9902396166622553e-17
2861 3085 13 6.954634946965761e-19
2862 3085 9 4.44978713724859e-12
2862 3575 26 3.349162065335918e-44
2863 3085 8 1.7476498011877368e-10
2864 3085 8 1.7476498011877368e-10
2865 3085 9 4.44978713724859e-12
2866 3085 9 4.44978713724859e-12
2867 3085 10 1.0169762637728268e-13
2868 3085 15 1.684796298221667e-22
2870 3085 9 4.44978713724859e-12
2871 3085 10 1.0169762637728268e-13
2872 3085 8 1.7476498011877368e-10
2872 3387 15 1.684796298221667e-22
2874 3085 13 6.954634946965761e-19
2875 3085 9 4.44978713724859e-12
2876 3085 10 1.0169762637728268e-13
2879 4816 20 5.005546832410615e-32
2879 4817 20 5.005546832410615e-32
2879 4818 10 1.0169762637728268e-13
2880 3085 9 4.44978713724859e-12
2884 3085 8 1.7476498011877368e-10
2885 3085 8 1.7476498011877368e-10
2887 3085 9 4.44978713724859e-12
2888 3085 8 1.7476498011877368e-10
2891 3085 9 4.44978713724859e-12
2892 3085 10 1.0169762637728268e-13
2894 4373 8 1.7476498011877368e-10
2896 3085 10 1.0169762637728268e-13
2897 3085 11 2.1070575980786535e-15
2898 3085 10 1.0169762637728268e-13
2901 3085 8 1.7476498011877368e-10
2902 3085 8 1.7476498011877368e-10
2903 3085 9 4.44978713724859e-12
2907 3085 12 3.9902396166622553e-17
2923 3611 9 4.44978713724859e-12
2938 4098 8 1.7476498011877368e-10
2941 5172 10 1.0169762637728268e-13
2943 3514 9 4.44978713724859e-12
2949 3580 8 1.7476498011877368e-10
2950 3580 23 5.034333118470323e-38
2950 5203 8 1.7476498011877368e-10
2951 3580 47 2.8883821352949084e-91
2952 3580 11 2.1070575980786535e-15
2974 4532 13 6.954634946965761e-19
2977 3085 8 1.7476498011877368e-10
2979 3315 8 1.7476498011877368e-10
2982 3550 12 3.9902396166622553e-17
2986 4926 8 1.7476498011877368e-10
2994 4084 9 4.44978713724859e-12
3006 4345 12 3.9902396166622553e-17
3024 3305 16 2.3641048762974343e-24
3024 5126 10 1.0169762637728268e-13
3024 5147 9 4.44978713724859e-12
3033 4614 20 5.005546832410615e-32
3048 4102 10 1.0169762637728268e-13
3052 4535 14 1.1221638530571741e-20
3077 4965 9 4.44978713724859e-12
3078 4965 12 3.9902396166622553e-17
3085 3331 22 5.2737938275399625e-36
3085 3332 13 6.954634946965761e-19
3085 3333 14 1.1221638530571741e-20
3085 3334 14 1.1221638530571741e-20
3085 3335 13 6.954634946965761e-19
3085 3337 9 4.44978713724859e-12
3085 3338 9 4.44978713724859e-12
3085 3339 10 1.0169762637728268e-13
3085 3340 8 1.7476498011877368e-10
3085 3341 8 1.7476498011877368e-10
3085 3343 9 4.44978713724859e-12
3085 3344 9 4.44978713724859e-12
3085 3347 13 6.954634946965761e-19
3085 3349 11 2.1070575980786535e-15
3085 3350 8 1.7476498011877368e-10
3085 3351 11 2.1070575980786535e-15
3085 3354 9 4.44978713724859e-12
3085 3367 8 1.7476498011877368e-10
3085 3375 9 4.44978713724859e-12
3085 3390 8 1.7476498011877368e-10
3085 3394 8 1.7476498011877368e-10
3085 3399 8 1.7476498011877368e-10
3085 3402 8 1.7476498011877368e-10
3085 3574 8 1.7476498011877368e-10
3085 3575 36 7.127889112203477e-66
3085 3576 49 4.971660248524664e-96
3085 3577 31 7.590928604294658e-55
3085 3578 18 3.8578413277773297e-28
3085 3579 27 2.6879268164694228e-46
3085 3580 30 1.10054674019035e-52
3085 3581 19 4.5157435943934525e-30
3085 3582 16 2.3641048762974343e-24
3085 3583 15 1.684796298221667e-22
3085 3584 25 4.005251416101477e-42
3085 3585 17 3.112440304763078e-26
3085 3586 24 4.59051529495094e-40
3085 3587 25 4.005251416101477e-42
3085 3588 21 5.267324128341603e-34
3085 3589 11 2.1070575980786535e-15
3085 3590 21 5.267324128341603e-34
3085 3591 16 2.3641048762974343e-24
3085 3592 15 1.684796298221667e-22
3085 3593 18 3.8578413277773297e-28
3085 3595 9 4.44978713724859e-12
3085 3596 25 4.005251416101477e-42
3085 3597 19 4.5157435943934525e-30
3085 3598 11 2.1070575980786535e-15
3085 3599 15 1.684796298221667e-22
3085 3601 13 6.954634946965761e-19
3085 3602 15 1.684796298221667e-22
3085 3603 8 1.7476498011877368e-10
3085 3604 18 3.8578413277773297e-28
3085 3606 16 2.3641048762974343e-24
3085 3607 23 5.034333118470323e-38
3085 3608 13 6.954634946965761e-19
3085 3609 10 1.0169762637728268e-13
3085 3610 13 6.954634946965761e-19
3085 3611 17 3.112440304763078e-26
3085 3612 13 6.954634946965761e-19
3085 3615 12 3.9902396166622553e-17
3085 3616 11 2.1070575980786535e-15
3085 3617 13 6.954634946965761e-19
3085 3618 15 1.684796298221667e-22
3085 3619 10 1.0169762637728268e-13
3085 3620 9 4.44978713724859e-12
3085 3621 10 1.0169762637728268e-13
3085 3624 11 2.1070575980786535e-15
3085 3625 12 3.9902396166622553e-17
3085 3626 10 1.0169762637728268e-13
3085 3627 15 1.684796298221667e-22
3085 3628 10 1.0169762637728268e-13
3085 3630 9 4.44978713724859e-12
3085 3633 10 1.0169762637728268e-13
3085 3634 14 1.1221638530571741e-20
3085 3637 9 4.44978713724859e-12
3085 3640 9 4.44978713724859e-12
3085 3641 10 1.0169762637728268e-13
3085 3642 8 1.7476498011877368e-10
3085 3645 9 4.44978713724859e-12
3085 3650 9 4.44978713724859e-12
3085 3654 8 1.7476498011877368e-10
3085 3655 9 4.44978713724859e-12
3085 3658 8 1.7476498011877368e-10
3085 3660 9 4.44978713724859e-12
3085 3667 11 2.1070575980786535e-15
3085 3671 12 3.9902396166622553e-17
3085 3685 56 5.0661837022898634e-113
3085 3688 9 4.44978713724859e-12
3085 3827 8 1.7476498011877368e-10
3085 3829 21 5.267324128341603e-34
3085 3830 11 2.1070575980786535e-15
3085 3831 12 3.9902396166622553e-17
3085 3832 12 3.9902396166622553e-17
3085 3833 10 1.0169762637728268e-13
3085 3834 20 5.005546832410615e-32
3085 3835 25 4.005251416101477e-42
3085 3836 22 5.2737938275399625e-36
3085 3837 21 5.267324128341603e-34
3085 3838 22 5.2737938275399625e-36
3085 3839 26 3.349162065335918e-44
3085 3840 24 4.59051529495094e-40
3085 3841 24 4.59051529495094e-40
3085 3842 18 3.8578413277773297e-28
3085 3843 17 3.112440304763078e-26
3085 3844 33 3.2533557109283466e-59
3085 3845 23 5.034333118470323e-38
3085 3846 26 3.349162065335918e-44
3085 3847 24 4.59051529495094e-40
3085 3848 52 2.9726535698132856e-103
3085 3849 52 2.9726535698132856e-103
3085 3850 54 4.055441903651152e-108
3085 3851 13 6.954634946965761e-19
3085 3852 18 3.8578413277773297e-28
3085 3853 16 2.3641048762974343e-24
3085 3854 8 1.7476498011877368e-10
3085 3855 15 1.684796298221667e-22
3085 3856 13 6.954634946965761e-19
3085 3857 10 1.0169762637728268e-13
3085 3858 11 2.1070575980786535e-15
3085 3859 8 1.7476498011877368e-10
3085 3865 8 1.7476498011877368e-10
3085 3867 13 6.954634946965761e-19
3085 3869 9 4.44978713724859e-12
3085 3873 10 1.0169762637728268e-13
3085 3874 9 4.44978713724859e-12
3085 3877 8 1.7476498011877368e-10
3085 3878 11 2.1070575980786535e-15
3085 3881 9 4.44978713724859e-12
3085 3882 9 4.44978713724859e-12
3085 3883 9 4.44978713724859e-12
3085 3893 9 4.44978713724859e-12
3085 3901 8 1.7476498011877368e-10
3085 3902 8 1.7476498011877368e-10
3085 4067 13 6.954634946965761e-19
3085 4068 27 2.6879268164694228e-46
3085 4069 29 1.5389476984815728e-50
3085 4070 21 5.267324128341603e-34
3085 4071 17 3.112440304763078e-26
3085 4072 14 1.1221638530571741e-20
3085 4073 20 5.005546832410615e-32
3085 4074 19 4.5157435943934525e-30
3085 4075 26 3.349162065335918e-44
3085 4076 15 1.684796298221667e-22
3085 4077 23 5.034333118470323e-38
3085 4078 24 4.59051529495094e-40
3085 4079 16 2.3641048762974343e-24
3085 4080 9 4.44978713724859e-12
3085 4081 12 3.9902396166622553e-17
3085 4082 18 3.8578413277773297e-28
3085 4083 15 1.684796298221667e-22
3085 4084 21 5.267324128341603e-34
3085 4085 19 4.5157435943934525e-30
3085 4086 14 1.1221638530571741e-20
3085 4087 23 5.034333118470323e-38
3085 4088 15 1.684796298221667e-22
3085 4089 9 4.44978713724859e-12
3085 4090 20 5.005546832410615e-32
3085 4091 22 5.2737938275399625e-36
3085 4092 20 5.005546832410615e-32
3085 4093 20 5.005546832410615e-32
3085 4094 16 2.3641048762974343e-24
3085 4095 15 1.684796298221667e-22
3085 4096 13 6.954634946965761e-19
3085 4097 15 1.684796298221667e-22
3085 4098 10 1.0169762637728268e-13
3085 4099 20 5.005546832410615e-32
3085 4101 16 2.3641048762974343e-24
3085 4102 12 3.9902396166622553e-17
3085 4103 8 1.7476498011877368e-10
3085 4104 12 3.9902396166622553e-17
3085 4105 17 3.112440304763078e-26
3085 4106 17 3.112440304763078e-26
3085 4107 13 6.954634946965761e-19
3085 4108 12 3.9902396166622553e-17
3085 4109 15 1.684796298221667e-22
3085 4110 9 4.44978713724859e-12
3085 4111 11 2.1070575980786535e-15
3085 4112 19 4.5157435943934525e-30
3085 4114 10 1.0169762637728268e-13
3085 4115 8 1.7476498011877368e-10
3085 4116 15 1.684796298221667e-22
3085 4117 15 1.684796298221667e-22
3085 4118 10 1.0169762637728268e-13
3085 4121 10 1.0169762637728268e-13
3085 4122 8 1.7476498011877368e-10
3085 4123 9 4.44978713724859e-12
3085 4124 17 3.112440304763078e-26
3085 4127 9 4.44978713724859e-12
3085 4130 9 4.44978713724859e-12
3085 4131 9 4.44978713724859e-12
3085 4133 14 1.1221638530571741e-20
3085 4134 13 6.954634946965761e-19
3085 4135 10 1.0169762637728268e-13
3085 4137 11 2.1070575980786535e-15
3085 4138 13 6.954634946965761e-19
3085 4140 8 1.7476498011877368e-10
3085 4144 11 2.1070575980786535e-15
3085 4157 8 1.7476498011877368e-10
3085 4163 9 4.44978713724859e-12
3085 4167 10 1.0169762637728268e-13
3085 4171 11 2.1070575980786535e-15
3085 4179 8 1.7476498011877368e-10
3085 4207 9 4.44978713724859e-12
3085 4212 8 1.7476498011877368e-10
3085 4213 8 1.7476498011877368e-10
3085 4220 8 1.7476498011877368e-10
3085 4221 8 1.7476498011877368e-10
3085 4223 10 1.0169762637728268e-13
3085 4224 8 1.7476498011877368e-10
3085 4260 303 0.0
3085 4276 28 2.0733080840355193e-48
3085 4277 30 1.10054674019035e-52
3085 4278 17 3.112440304763078e-26
3085 4279 24 4.59051529495094e-40
3085 4280 19 4.5157435943934525e-30
3085 4281 22 5.2737938275399625e-36
3085 4282 26 3.349162065335918e-44
3085 4283 22 5.2737938275399625e-36
3085 4284 21 5.267324128341603e-34
3085 4285 15 1.684796298221667e-22
3085 4286 16 2.3641048762974343e-24
3085 4287 13 6.954634946965761e-19
3085 4288 18 3.8578413277773297e-28
3085 4289 22 5.2737938275399625e-36
3085 4290 17 3.112440304763078e-26
3085 4291 11 2.1070575980786535e-15
3085 4292 13 6.954634946965761e-19
3085 4293 22 5.2737938275399625e-36
3085 4294 11 2.1070575980786535e-15
3085 4295 14 1.1221638530571741e-20
3085 4296 8 1.7476498011877368e-10
3085 4297 10 1.0169762637728268e-13
3085 4299 12 3.9902396166622553e-17
3085 4301 14 1.1221638530571741e-20
3085 4302 14 1.1221638530571741e-20
3085 4303 10 1.0169762637728268e-13
3085 4304 8 1.7476498011877368e-10
3085 4306 11 2.1070575980786535e-15
3085 4308 8 1.7476498011877368e-10
3085 4310 9 4.44978713724859e-12
3085 4317 9 4.44978713724859e-12
3085 4318 10 1.0169762637728268e-13
3085 4319 10 1.0169762637728268e-13
3085 4320 12 3.9902396166622553e-17
3085 4322 9 4.44978713724859e-12
3085 4323 13 6.954634946965761e-19
3085 4324 10 1.0169762637728268e-13
3085 4327 12 3.9902396166622553e-17
3085 4332 9 4.44978713724859e-12
3085 4339 9 4.44978713724859e-12
3085 4341 9 4.44978713724859e-12
3085 4473 39 1.1829645228243333e-72
3085 4474 31 7.590928604294658e-55
3085 4475 23 5.034333118470323e-38
3085 4476 33 3.2533557109283466e-59
3085 4477 27 2.6879268164694228e-46
3085 4478 26 3.349162065335918e-44
3085 4479 15 1.684796298221667e-22
3085 4481 9 4.44978713724859e-12
3085 4483 8 1.7476498011877368e-10
3085 4484 10 1.0169762637728268e-13
3085 4485 12 3.9902396166622553e-17
3085 4486 14 1.1221638530571741e-20
3085 4487 11 2.1070575980786535e-15
3085 4488 11 2.1070575980786535e-15
3085 4489 14 1.1221638530571741e-20
3085 4490 10 1.0169762637728268e-13
3085 4491 10 1.0169762637728268e-13
3085 4492 18 3.8578413277773297e-28
3085 4493 10 1.0169762637728268e-13
3085 4495 15 1.684796298221667e-22
3085 4496 16 2.3641048762974343e-24
3085 4497 14 1.1221638530571741e-20
3085 4498 16 2.3641048762974343e-24
3085 4499 23 5.034333118470323e-38
3085 4500 15 1.684796298221667e-22
3085 4501 14 1.1221638530571741e-20
3085 4502 17 3.112440304763078e-26
3085 4503 20 5.005546832410615e-32
3085 4504 10 1.0169762637728268e-13
3085 4507 13 6.954634946965761e-19
3085 4508 10 1.0169762637728268e-13
3085 4509 11 2.1070575980786535e-15
3085 4510 13 6.954634946965761e-19
3085 4511 12 3.9902396166622553e-17
3085 4515 15 1.684796298221667e-22
3085 4516 16 2.3641048762974343e-24
3085 4518 11 2.1070575980786535e-15
3085 4521 9 4.44978713724859e-12
3085 4522 17 3.112440304763078e-26
3085 4528 8 1.7476498011877368e-10
3085 4532 11 2.1070575980786535e-15
3085 4536 13 6.954634946965761e-19
3085 4547 16 2.3641048762974343e-24
3085 4554 8 1.7476498011877368e-10
3085 4665 80 1.619019873581131e-174
3085 4666 11 2.1070575980786535e-15
3085 4667 8 1.7476498011877368e-10
3085 4668 8 1.7476498011877368e-10
3085 4670 8 1.7476498011877368e-10
3085 4672 10 1.0169762637728268e-13
3085 4673 11 2.1070575980786535e-15
3085 4674 8 1.7476498011877368e-10
3085 4675 11 2.1070575980786535e-15
3085 4679 11 2.1070575980786535e-15
3085 4683 12 3.9902396166622553e-17
3085 4685 9 4.44978713724859e-12
3085 4686 8 1.7476498011877368e-10
3085 4689 13 6.954634946965761e-19
3085 4690 9 4.44978713724859e-12
3085 4693 9 4.44978713724859e-12
3085 4694 11 2.1070575980786535e-15
3085 4695 10 1.0169762637728268e-13
3085 4696 8 1.7476498011877368e-10
3085 4697 9 4.44978713724859e-12
3085 4698 9 4.44978713724859e-12
3085 4700 8 1.7476498011877368e-10
3085 4701 9 4.44978713724859e-12
3085 4719 8 1.7476498011877368e-10
3085 4730 11 2.1070575980786535e-15
3085 4737 8 1.7476498011877368e-10
3085 4849 10 1.0169762637728268e-13
3085 4850 10 1.0169762637728268e-13
3085 4851 9 4.44978713724859e-12
3085 4854 10 1.0169762637728268e-13
3085 4857 8 1.7476498011877368e-10
3085 4860 8 1.7476498011877368e-10
3085 4864 8 1.7476498011877368e-10
3085 4866 16 2.3641048762974343e-24
3085 4867 11 2.1070575980786535e-15
3085 4871 8 1.7476498011877368e-10
3085 4872 10 1.0169762637728268e-13
3085 4874 9 4.44978713724859e-12
3085 4875 10 1.0169762637728268e-13
3085 4876 10 1.0169762637728268e-13
3085 4877 8 1.7476498011877368e-10
3085 4878 9 4.44978713724859e-12
3085 4884 8 1.7476498011877368e-10
3085 4885 8 1.7476498011877368e-10
3085 4886 8 1.7476498011877368e-10
3085 4888 9 4.44978713724859e-12
3085 4891 8 1.7476498011877368e-10
3085 4896 8 1.7476498011877368e-10
3085 4901 8 1.7476498011877368e-10
3085 4902 8 1.7476498011877368e-10
3085 4906 9 4.44978713724859e-12
3085 4907 13 6.954634946965761e-19
3085 4915 8 1.7476498011877368e-10
3085 4916 9 4.44978713724859e-12
3085 4977 8 1.7476498011877368e-10
3085 4978 15 1.684796298221667e-22
3085 4980 16 2.3641048762974343e-24
3085 4981 21 5.267324128341603e-34
3085 4982 10 1.0169762637728268e-13
3085 4984 10 1.0169762637728268e-13
3085 4985 8 1.7476498011877368e-10
3085 4986 12 3.9902396166622553e-17
3085 4987 12 3.9902396166622553e-17
3085 4988 15 1.684796298221667e-22
3085 4989 17 3.112440304763078e-26
3085 4990 14 1.1221638530571741e-20
3085 4991 17 3.112440304763078e-26
3085 4993 11 2.1070575980786535e-15
3085 4994 10 1.0169762637728268e-13
3085 4999 9 4.44978713724859e-12
3085 5000 10 1.0169762637728268e-13
3085 5001 8 1.7476498011877368e-10
3085 5007 10 1.0169762637728268e-13
3085 5008 8 1.7476498011877368e-10
3085 5012 9 4.44978713724859e-12
3085 5013 9 4.44978713724859e-12
3085 5033 8 1.7476498011877368e-10
3085 5034 8 1.7476498011877368e-10
3085 5035 14 1.1221638530571741e-20
3085 5037 12 3.9902396166622553e-17
3085 5039 9 4.44978713724859e-12
3085 5045 11 2.1070575980786535e-15
3085 5048 9 4.44978713724859e-12
3085 5075 8 1.7476498011877368e-10
3086 4532 8 1.7476498011877368e-10
3089 4334 16 2.3641048762974343e-24
3099 5146 10 1.0169762637728268e-13
3105 4860 10 1.0169762637728268e-13
3112 3619 8 1.7476498011877368e-10
3112 3620 15 1.684796298221667e-22
3122 4575 8 1.7476498011877368e-10
3138 4336 18 3.8578413277773297e-28
3144 4116 22 5.2737938275399625e-36
3144 4891 17 3.112440304763078e-26
3144 4892 47 2.8883821352949084e-91
3144 4893 13 6.954634946965761e-19
3155 4403 15 1.684796298221667e-22
3157 3463 13 6.954634946965761e-19
3163 3711 18 3.8578413277773297e-28
3166 3941 12 3.9902396166622553e-17
3171 4705 11 2.1070575980786535e-15
3175 3728 9 4.44978713724859e-12
3180 4809 8 1.7476498011877368e-10
3187 4796 9 4.44978713724859e-12
3188 3907 9 4.44978713724859e-12
3194 3427 8 1.7476498011877368e-10
3204 3708 22 5.2737938275399625e-36
3204 4225 9 4.44978713724859e-12
3226 3532 10 1.0169762637728268e-13
3234 4112 22 5.2737938275399625e-36
3234 4113 65 1.561234183922946e-135
3234 4114 8 1.7476498011877368e-10
3234 4180 15 1.684796298221667e-22
3246 3623 12 3.9902396166622553e-17
3246 3678 31 7.590928604294658e-55
3246 4132 23 5.034333118470323e-38
3257 3389 10 1.0169762637728268e-13
3267 4009 15 1.684796298221667e-22
3267 5098 22 5.2737938275399625e-36
3270 4647 8 1.7476498011877368e-10
3271 3593 12 3.9902396166622553e-17
3287 3466 16 2.3641048762974343e-24
3297 4540 8 1.7476498011877368e-10
3297 4547 144 0.0
3308 4913 36 7.127889112203477e-66
3323 4959 8 1.7476498011877368e-10
3323 4960 9 4.44978713724859e-12
3323 4961 9 4.44978713724859e-12
3323 4962 9 4.44978713724859e-12
3323 4963 16 2.3641048762974343e-24
3323 4964 39 1.1829645228243333e-72
3323 4965 28 2.0733080840355193e-48
3341 4568 8 1.7476498011877368e-10
3341 4569 33 3.2533557109283466e-59
3347 3654 20 5.005546832410615e-32
3353 4177 11 2.1070575980786535e-15
3353 4957 8 1.7476498011877368e-10
3357 4224 12 3.9902396166622553e-17
3382 3721 22 5.2737938275399625e-36
3394 4025 9 4.44978713724859e-12
3399 4355 9 4.44978713724859e-12
3404 5134 28 2.0733080840355193e-48
3419 5182 18 3.8578413277773297e-28
3420 4753 11 2.1070575980786535e-15
3431 4248 8 1.7476498011877368e-10
3446 5170 11 2.1070575980786535e-15
3467 3809 8 1.7476498011877368e-10
3524 3968 10 1.0169762637728268e-13
3544 3779 8 1.7476498011877368e-10
3545 3779 48 1.212925966202092e-93
3546 3779 10 1.0169762637728268e-13
3549 5260 21 5.267324128341603e-34
3553 5243 10 1.0169762637728268e-13
3555 4238 11 2.1070575980786535e-15
3559 4094 9 4.44978713724859e-12
3565 4387 12 3.9902396166622553e-17
3602 3885 16 2.3641048762974343e-24
3603 3885 8 1.7476498011877368e-10
3618 4872 8 1.7476498011877368e-10
3625 4523 12 3.9902396166622553e-17
3636 4353 8 1.7476498011877368e-10
3639 3956 12 3.9902396166622553e-17
3646 3892 10 1.0169762637728268e-13
3648 4676 10 1.0169762637728268e-13
3648 4677 11 2.1070575980786535e-15
3650 4615 10 1.0169762637728268e-13
3657 4523 9 4.44978713724859e-12
3685 4260 307 0.0
3691 4701 8 1.7476498011877368e-10
3694 4258 11 2.1070575980786535e-15
3703 4999 25 4.005251416101477e-42
3706 4698 8 1.7476498011877368e-10
3720 4679 18 3.8578413277773297e-28
3733 3891 8 1.7476498011877368e-10
3750 4879 9 4.44978713724859e-12
3757 4517 13 6.954634946965761e-19
3762 4886 9 4.44978713724859e-12
3766 4387 24 4.59051529495094e-40
3772 4509 9 4.44978713724859e-12
3841 4260 8 1.7476498011877368e-10
3848 4923 11 2.1070575980786535e-15
3856 5109 8 1.7476498011877368e-10
3881 4072 10 1.0169762637728268e-13
3908 4819 12 3.9902396166622553e-17
3919 4439 17 3.112440304763078e-26
3937 5111 11 2.1070575980786535e-15
3943 4331 15 1.684796298221667e-22
3949 4942 8 1.7476498011877368e-10
3957 4265 14 1.1221638530571741e-20
3963 5107 8 1.7476498011877368e-10
3974 4380 9 4.44978713724859e-12
3980 4190 19 4.5157435943934525e-30
3990 4935 10 1.0169762637728268e-13
3999 5035 9 4.44978713724859e-12
4037 4950 12 3.9902396166622553e-17
4070 4837 19 4.5157435943934525e-30
4099 4621 9 4.44978713724859e-12
4130 5146 14 1.1221638530571741e-20
4134 4519 17 3.112440304763078e-26
4166 5010 8 1.7476498011877368e-10
4225 4629 9 4.44978713724859e-12
4253 4748 15 1.684796298221667e-22
4260 4277 11 2.1070575980786535e-15
4260 4300 9 4.44978713724859e-12
4260 4332 8 1.7476498011877368e-10
4260 4665 13 6.954634946965761e-19
4265 4389 11 2.1070575980786535e-15
4276 4665 25 4.005251416101477e-42
4276 4666 27 2.6879268164694228e-46
4276 4667 17 3.112440304763078e-26
4276 4668 9 4.44978713724859e-12
4276 4848 18 3.8578413277773297e-28
4276 4849 27 2.6879268164694228e-46
4276 4850 10 1.0169762637728268e-13
4276 4852 9 4.44978713724859e-12
4276 4853 9 4.44978713724859e-12
4276 4859 8 1.7476498011877368e-10
4276 4865 8 1.7476498011877368e-10
4299 4714 14 1.1221638530571741e-20
4304 4556 9 4.44978713724859e-12
4304 4557 19 4.5157435943934525e-30
4311 5188 13 6.954634946965761e-19
4314 4561 21 5.267324128341603e-34
4354 4628 15 1.684796298221667e-22
4370 4928 19 4.5157435943934525e-30
4384 4476 12 3.9902396166622553e-17
4384 5009 13 6.954634946965761e-19
4390 4887 10 1.0169762637728268e-13
4399 5289 11 2.1070575980786535e-15
4444 5172 22 5.2737938275399625e-36
4490 4961 22 5.2737938275399625e-36
4516 4981 8 1.7476498011877368e-10
4535 4910 12 3.9902396166622553e-17
4535 4911 31 7.590928604294658e-55
4547 4806 18 3.8578413277773297e-28
4559 5264 9 4.44978713724859e-12
4649 4698 9 4.44978713724859e-12
4658 4965 11 2.1070575980786535e-15
4743 5044 11 2.1070575980786535e-15
4755 4963 10 1.0169762637728268e-13
4918 5219 14 1.1221638530571741e-20
4919 5219 11 2.1070575980786535e-15
4935 4985 20 5.005546832410615e-32
