bin1 bin2 count p_value
7 3087 27 1.2267399399833936e-44
8 3087 25 1.3828316443798388e-40
9 3087 36 1.1263322090839845e-63
10 3087 26 1.329635222508956e-42
10 5011 13 4.4029639586987484e-18
11 3087 23 1.3134624619356614e-36
12 3087 24 1.3779297280101657e-38
13 3087 25 1.3828316443798388e-40
14 3087 23 1.3134624619356614e-36
15 3087 23 1.3134624619356614e-36
16 3087 15 1.4186353079002426e-21
17 3087 11 1.0020881780738712e-14
18 3087 11 1.0020881780738712e-14
19 3087 22 1.195622330531365e-34
20 3087 30 7.618001577307399e-51
21 3087 29 9.274233468632637e-49
22 3087 18 4.973591185372809e-27
23 3087 22 1.195622330531365e-34
24 3087 13 4.4029639586987484e-18
25 3087 15 1.4186353079002426e-21
26 3087 20 8.561946160723868e-31
27 3087 21 1.037390502453027e-32
28 3087 14 8.194143522293709e-20
29 3087 13 4.4029639586987484e-18
31 3087 9 1.588455207700744e-11
32 3087 16 2.2948972022045098e-23
33 1716 15 1.4186353079002426e-21
33 3087 17 3.482295283346689e-25
34 3087 17 3.482295283346689e-25
35 2955 12 2.1897568967882711e-16
35 3087 17 3.482295283346689e-25
36 2955 17 3.482295283346689e-25
36 3087 17 3.482295283346689e-25
37 3087 12 2.1897568967882711e-16
38 3087 16 2.2948972022045098e-23
39 3087 10 4.190678959053382e-13
40 3087 17 3.482295283346689e-25
41 3087 11 1.0020881780738712e-14
42 3087 19 6.706680559873923e-29
43 3087 11 1.0020881780738712e-14
44 2379 11 1.0020881780738712e-14
44 3087 10 4.190678959053382e-13
45 3087 12 2.1897568967882711e-16
46 3087 10 4.190678959053382e-13
47 3087 13 4.4029639586987484e-18
48 3087 14 8.194143522293709e-20
49 3087 14 8.194143522293709e-20
51 3087 8 5.403557451025842e-10
52 3087 13 4.4029639586987484e-18
54 3087 8 5.403557451025842e-10
55 3087 10 4.190678959053382e-13
56 3087 12 2.1897568967882711e-16
58 3087 8 5.403557451025842e-10
60 3087 14 8.194143522293709e-20
61 3087 14 8.194143522293709e-20
62 3087 13 4.4029639586987484e-18
64 3087 8 5.403557451025842e-10
65 3087 10 4.190678959053382e-13
66 3087 11 1.0020881780738712e-14
67 3087 11 1.0020881780738712e-14
68 3087 20 8.561946160723868e-31
69 3087 21 1.037390502453027e-32
70 3087 11 1.0020881780738712e-14
71 3087 9 1.588455207700744e-11
72 3087 9 1.588455207700744e-11
73 3087 8 5.403557451025842e-10
74 3087 11 1.0020881780738712e-14
74 4531 8 5.403557451025842e-10
75 3087 12 2.1897568967882711e-16
76 3087 16 2.2948972022045098e-23
77 3087 10 4.190678959053382e-13
78 3087 8 5.403557451025842e-10
79 3087 8 5.403557451025842e-10
85 3087 10 4.190678959053382e-13
86 3087 11 1.0020881780738712e-14
87 3087 10 4.190678959053382e-13
89 3087 11 1.0020881780738712e-14
90 3087 10 4.190678959053382e-13
91 3087 8 5.403557451025842e-10
97 3087 8 5.403557451025842e-10
97 3144 9 1.588455207700744e-11
99 914 8 5.403557451025842e-10
100 3087 8 5.403557451025842e-10
101 3087 8 5.403557451025842e-10
104 3087 13 4.4029639586987484e-18
108 1909 12 2.1897568967882711e-16
112 4930 31 6.033701294353099e-53
114 3889 12 2.1897568967882711e-16
119 3087 9 1.588455207700744e-11
125 4939 13 4.4029639586987484e-18
130 726 9 1.588455207700744e-11
131 3841 9 1.588455207700744e-11
133 2707 8 5.403557451025842e-10
133 2708 21 1.037390502453027e-32
149 1363 8 5.403557451025842e-10
149 3206 8 5.403557451025842e-10
149 3885 10 4.190678959053382e-13
150 4534 8 5.403557451025842e-10
168 587 25 1.3828316443798388e-40
168 588 8 5.403557451025842e-10
177 2524 9 1.588455207700744e-11
179 874 19 6.706680559873923e-29
181 402 17 3.482295283346689e-25
181 403 29 9.274233468632637e-49
181 404 22 1.195622330531365e-34
181 405 12 2.1897568967882711e-16
181 415 8 5.403557451025842e-10
181 421 8 5.403557451025842e-10
181 422 8 5.403557451025842e-10
181 424 8 5.403557451025842e-10
181 435 8 5.403557451025842e-10
181 437 10 4.190678959053382e-13
181 1088 15 1.4186353079002426e-21
181 1089 14 8.194143522293709e-20
181 1091 12 2.1897568967882711e-16
181 1093 9 1.588455207700744e-11
181 1098 10 4.190678959053382e-13
181 3087 65 1.1372737541188903e-131
186 1130 10 4.190678959053382e-13
196 1603 9 1.588455207700744e-11
197 2259 11 1.0020881780738712e-14
198 2758 10 4.190678959053382e-13
208 1497 11 1.0020881780738712e-14
215 2719 17 3.482295283346689e-25
221 2140 10 4.190678959053382e-13
223 1932 29 9.274233468632637e-49
226 2439 8 5.403557451025842e-10
234 4300 13 4.4029639586987484e-18
259 4147 11 1.0020881780738712e-14
261 1216 15 1.4186353079002426e-21
268 712 8 5.403557451025842e-10
268 1362 10 4.190678959053382e-13
268 2525 9 1.588455207700744e-11
269 2786 8 5.403557451025842e-10
269 2787 10 4.190678959053382e-13
270 3681 8 5.403557451025842e-10
271 707 9 1.588455207700744e-11
271 1347 8 5.403557451025842e-10
271 1605 11 1.0020881780738712e-14
271 3073 20 8.561946160723868e-31
273 940 8 5.403557451025842e-10
273 1624 9 1.588455207700744e-11
273 3276 9 1.588455207700744e-11
274 2401 38 4.602918139799644e-68
277 1950 16 2.2948972022045098e-23
278 662 10 4.190678959053382e-13
278 3566 27 1.2267399399833936e-44
295 915 12 2.1897568967882711e-16
299 1162 13 4.4029639586987484e-18
305 3918 22 1.195622330531365e-34
309 2615 26 1.329635222508956e-42
311 4526 9 1.588455207700744e-11
319 1976 14 8.194143522293709e-20
319 3222 14 8.194143522293709e-20
324 5055 13 4.4029639586987484e-18
327 1423 13 4.4029639586987484e-18
329 3143 9 1.588455207700744e-11
338 1128 15 1.4186353079002426e-21
344 4122 15 1.4186353079002426e-21
348 3073 12 2.1897568967882711e-16
348 4348 15 1.4186353079002426e-21
365 732 8 5.403557451025842e-10
365 733 8 5.403557451025842e-10
366 732 10 4.190678959053382e-13
366 734 8 5.403557451025842e-10
366 1067 9 1.588455207700744e-11
366 1364 8 5.403557451025842e-10
366 2945 10 4.190678959053382e-13
366 3294 8 5.403557451025842e-10
368 2304 8 5.403557451025842e-10
369 710 8 5.403557451025842e-10
402 3087 8 5.403557451025842e-10
403 3087 39 2.8131982007240423e-70
403 4621 14 8.194143522293709e-20
404 3087 19 6.706680559873923e-29
405 3087 31 6.033701294353099e-53
406 3087 36 1.1263322090839845e-63
407 3087 12 2.1897568967882711e-16
408 2010 8 5.403557451025842e-10
408 2499 16 2.2948972022045098e-23
408 3087 26 1.329635222508956e-42
408 3090 9 1.588455207700744e-11
409 3087 16 2.2948972022045098e-23
410 3087 15 1.4186353079002426e-21
411 3087 10 4.190678959053382e-13
412 3087 12 2.1897568967882711e-16
413 3087 15 1.4186353079002426e-21
414 3087 10 4.190678959053382e-13
415 3087 17 3.482295283346689e-25
415 4414 10 4.190678959053382e-13
416 3087 22 1.195622330531365e-34
417 3087 18 4.973591185372809e-27
418 3087 20 8.561946160723868e-31
419 3087 21 1.037390502453027e-32
419 3648 10 4.190678959053382e-13
420 3087 17 3.482295283346689e-25
421 3087 17 3.482295283346689e-25
422 3087 17 3.482295283346689e-25
423 3087 13 4.4029639586987484e-18
424 3087 22 1.195622330531365e-34
425 3087 14 8.194143522293709e-20
426 1748 8 5.403557451025842e-10
426 3087 13 4.4029639586987484e-18
427 3087 10 4.190678959053382e-13
429 3087 11 1.0020881780738712e-14
430 3087 13 4.4029639586987484e-18
431 3087 16 2.2948972022045098e-23
432 3060 18 4.973591185372809e-27
432 3087 24 1.3779297280101657e-38
433 3087 16 2.2948972022045098e-23
434 3087 13 4.4029639586987484e-18
435 3087 21 1.037390502453027e-32
436 3087 13 4.4029639586987484e-18
437 3087 23 1.3134624619356614e-36
438 3087 16 2.2948972022045098e-23
439 3087 9 1.588455207700744e-11
440 3087 11 1.0020881780738712e-14
441 3087 9 1.588455207700744e-11
442 3087 18 4.973591185372809e-27
443 3087 12 2.1897568967882711e-16
444 3087 12 2.1897568967882711e-16
445 3087 21 1.037390502453027e-32
446 3087 15 1.4186353079002426e-21
447 2614 8 5.403557451025842e-10
447 3087 8 5.403557451025842e-10
447 4855 8 5.403557451025842e-10
448 4222 9 1.588455207700744e-11
449 3681 9 1.588455207700744e-11
453 3925 8 5.403557451025842e-10
453 4854 10 4.190678959053382e-13
454 2660 11 1.0020881780738712e-14
454 2662 9 1.588455207700744e-11
454 2939 8 5.403557451025842e-10
454 3091 9 1.588455207700744e-11
455 4856 8 5.403557451025842e-10
456 1340 11 1.0020881780738712e-14
456 1347 9 1.588455207700744e-11
456 1639 9 1.588455207700744e-11
456 1641 9 1.588455207700744e-11
456 2270 9 1.588455207700744e-11
456 2613 9 1.588455207700744e-11
456 2788 8 5.403557451025842e-10
456 3091 8 5.403557451025842e-10
456 3237 9 1.588455207700744e-11
456 3276 10 4.190678959053382e-13
456 3284 9 1.588455207700744e-11
456 3286 8 5.403557451025842e-10
456 3317 8 5.403557451025842e-10
456 4224 8 5.403557451025842e-10
456 4227 8 5.403557451025842e-10
456 4228 8 5.403557451025842e-10
456 4263 10 4.190678959053382e-13
456 4264 9 1.588455207700744e-11
456 4307 10 4.190678959053382e-13
456 4520 10 4.190678959053382e-13
456 4526 10 4.190678959053382e-13
456 4853 9 1.588455207700744e-11
456 4855 10 4.190678959053382e-13
456 4856 11 1.0020881780738712e-14
456 4939 8 5.403557451025842e-10
457 1345 9 1.588455207700744e-11
457 1346 9 1.588455207700744e-11
457 1347 8 5.403557451025842e-10
457 1622 10 4.190678959053382e-13
457 1624 9 1.588455207700744e-11
457 1626 8 5.403557451025842e-10
457 1639 12 2.1897568967882711e-16
457 2059 8 5.403557451025842e-10
457 2481 10 4.190678959053382e-13
457 3238 8 5.403557451025842e-10
457 3278 9 1.588455207700744e-11
457 3279 8 5.403557451025842e-10
457 4222 9 1.588455207700744e-11
457 4262 8 5.403557451025842e-10
457 4527 9 1.588455207700744e-11
457 4528 9 1.588455207700744e-11
457 4534 9 1.588455207700744e-11
457 4535 8 5.403557451025842e-10
457 4854 9 1.588455207700744e-11
457 4856 9 1.588455207700744e-11
457 4857 11 1.0020881780738712e-14
457 4939 8 5.403557451025842e-10
458 1340 8 5.403557451025842e-10
458 1345 13 4.4029639586987484e-18
458 1346 10 4.190678959053382e-13
458 1348 9 1.588455207700744e-11
458 1349 9 1.588455207700744e-11
458 1352 9 1.588455207700744e-11
458 1381 9 1.588455207700744e-11
458 1625 8 5.403557451025842e-10
458 1641 8 5.403557451025842e-10
458 1642 9 1.588455207700744e-11
458 2062 9 1.588455207700744e-11
458 3232 11 1.0020881780738712e-14
458 3234 8 5.403557451025842e-10
458 3276 9 1.588455207700744e-11
458 3282 8 5.403557451025842e-10
458 3321 9 1.588455207700744e-11
458 3680 9 1.588455207700744e-11
458 3681 11 1.0020881780738712e-14
458 4216 8 5.403557451025842e-10
458 4222 13 4.4029639586987484e-18
458 4230 8 5.403557451025842e-10
458 4264 11 1.0020881780738712e-14
458 4336 8 5.403557451025842e-10
458 4527 9 1.588455207700744e-11
458 4528 8 5.403557451025842e-10
458 4858 10 4.190678959053382e-13
459 1625 8 5.403557451025842e-10
459 3322 8 5.403557451025842e-10
459 4222 9 1.588455207700744e-11
459 4264 8 5.403557451025842e-10
459 4527 8 5.403557451025842e-10
459 4528 11 1.0020881780738712e-14
460 1457 8 5.403557451025842e-10
460 2690 8 5.403557451025842e-10
460 3232 8 5.403557451025842e-10
460 4222 11 1.0020881780738712e-14
460 4520 8 5.403557451025842e-10
460 4855 10 4.190678959053382e-13
461 1346 9 1.588455207700744e-11
461 1353 8 5.403557451025842e-10
461 1946 11 1.0020881780738712e-14
461 3322 9 1.588455207700744e-11
461 3551 11 1.0020881780738712e-14
461 4222 10 4.190678959053382e-13
461 4223 8 5.403557451025842e-10
461 4263 10 4.190678959053382e-13
461 4264 10 4.190678959053382e-13
461 4525 10 4.190678959053382e-13
461 4526 8 5.403557451025842e-10
461 4528 9 1.588455207700744e-11
461 4853 10 4.190678959053382e-13
461 4854 9 1.588455207700744e-11
461 4860 8 5.403557451025842e-10
462 3087 8 5.403557451025842e-10
462 3093 8 5.403557451025842e-10
462 4264 12 2.1897568967882711e-16
462 4520 9 1.588455207700744e-11
462 4522 8 5.403557451025842e-10
462 4526 8 5.403557451025842e-10
462 4858 10 4.190678959053382e-13
464 4531 9 1.588455207700744e-11
467 3087 9 1.588455207700744e-11
471 3087 11 1.0020881780738712e-14
472 3087 14 8.194143522293709e-20
474 3087 8 5.403557451025842e-10
476 3087 12 2.1897568967882711e-16
479 4720 8 5.403557451025842e-10
480 3087 9 1.588455207700744e-11
482 3087 8 5.403557451025842e-10
484 1890 10 4.190678959053382e-13
485 1890 15 1.4186353079002426e-21
489 4025 8 5.403557451025842e-10
489 4026 22 1.195622330531365e-34
493 4204 8 5.403557451025842e-10
494 2864 15 1.4186353079002426e-21
496 3087 8 5.403557451025842e-10
501 3747 9 1.588455207700744e-11
502 3087 9 1.588455207700744e-11
509 2722 9 1.588455207700744e-11
510 2722 34 2.4333791973693944e-59
510 3804 8 5.403557451025842e-10
517 2441 8 5.403557451025842e-10
522 1123 23 1.3134624619356614e-36
534 4538 9 1.588455207700744e-11
535 1669 13 4.4029639586987484e-18
535 1670 37 7.310607045339801e-66
535 3383 9 1.588455207700744e-11
539 1462 8 5.403557451025842e-10
539 1799 8 5.403557451025842e-10
544 1293 43 2.9520136228218964e-79
550 4181 8 5.403557451025842e-10
563 2163 11 1.0020881780738712e-14
565 2131 19 6.706680559873923e-29
579 3846 10 4.190678959053382e-13
593 3087 9 1.588455207700744e-11
595 5156 24 1.3779297280101657e-38
596 2967 15 1.4186353079002426e-21
622 2145 8 5.403557451025842e-10
624 923 20 8.561946160723868e-31
625 5178 8 5.403557451025842e-10
633 4857 8 5.403557451025842e-10
636 2524 8 5.403557451025842e-10
636 3286 8 5.403557451025842e-10
637 3286 9 1.588455207700744e-11
639 1298 10 4.190678959053382e-13
639 3774 12 2.1897568967882711e-16
640 2329 33 3.406928525720819e-57
640 3313 10 4.190678959053382e-13
652 1272 22 1.195622330531365e-34
655 2650 9 1.588455207700744e-11
657 1313 8 5.403557451025842e-10
657 2103 10 4.190678959053382e-13
658 3309 8 5.403557451025842e-10
659 4008 22 1.195622330531365e-34
664 2188 11 1.0020881780738712e-14
668 1482 15 1.4186353079002426e-21
669 1482 13 4.4029639586987484e-18
676 4020 23 1.3134624619356614e-36
679 2639 9 1.588455207700744e-11
684 960 19 6.706680559873923e-29
689 4646 9 1.588455207700744e-11
690 1103 9 1.588455207700744e-11
702 1364 8 5.403557451025842e-10
703 1364 8 5.403557451025842e-10
704 3916 28 1.0874730674212472e-46
705 1284 13 4.4029639586987484e-18
706 2564 40 1.670066731820288e-72
706 2565 12 2.1897568967882711e-16
707 1381 8 5.403557451025842e-10
708 1359 10 4.190678959053382e-13
708 1361 10 4.190678959053382e-13
708 1379 13 4.4029639586987484e-18
708 2269 11 1.0020881780738712e-14
708 2525 8 5.403557451025842e-10
708 2981 8 5.403557451025842e-10
708 3313 8 5.403557451025842e-10
708 3320 10 4.190678959053382e-13
708 3322 8 5.403557451025842e-10
709 1359 8 5.403557451025842e-10
709 1360 8 5.403557451025842e-10
709 3314 9 1.588455207700744e-11
709 3319 8 5.403557451025842e-10
711 1359 8 5.403557451025842e-10
711 2996 19 6.706680559873923e-29
712 2996 11 1.0020881780738712e-14
722 1205 21 1.037390502453027e-32
726 1363 8 5.403557451025842e-10
726 2176 8 5.403557451025842e-10
726 3321 8 5.403557451025842e-10
726 3322 9 1.588455207700744e-11
728 1345 8 5.403557451025842e-10
728 1361 8 5.403557451025842e-10
728 1362 8 5.403557451025842e-10
728 1363 13 4.4029639586987484e-18
728 1364 8 5.403557451025842e-10
728 1624 8 5.403557451025842e-10
728 1625 10 4.190678959053382e-13
728 2980 10 4.190678959053382e-13
728 2982 8 5.403557451025842e-10
728 3275 10 4.190678959053382e-13
728 3316 9 1.588455207700744e-11
728 3317 9 1.588455207700744e-11
729 1347 8 5.403557451025842e-10
729 1363 9 1.588455207700744e-11
729 3313 9 1.588455207700744e-11
730 938 9 1.588455207700744e-11
730 1354 8 5.403557451025842e-10
730 1362 12 2.1897568967882711e-16
730 1380 9 1.588455207700744e-11
730 1622 8 5.403557451025842e-10
730 1623 11 1.0020881780738712e-14
730 1627 8 5.403557451025842e-10
730 1641 9 1.588455207700744e-11
730 2524 10 4.190678959053382e-13
730 2980 8 5.403557451025842e-10
730 2982 9 1.588455207700744e-11
731 1357 8 5.403557451025842e-10
731 1361 13 4.4029639586987484e-18
731 1619 8 5.403557451025842e-10
731 1622 8 5.403557451025842e-10
731 1636 8 5.403557451025842e-10
731 1638 8 5.403557451025842e-10
731 1823 10 4.190678959053382e-13
731 2551 8 5.403557451025842e-10
731 4529 8 5.403557451025842e-10
732 1347 8 5.403557451025842e-10
732 1361 9 1.588455207700744e-11
732 2558 9 1.588455207700744e-11
733 2558 9 1.588455207700744e-11
734 2558 8 5.403557451025842e-10
743 1754 8 5.403557451025842e-10
753 1388 8 5.403557451025842e-10
756 3836 12 2.1897568967882711e-16
756 5167 8 5.403557451025842e-10
757 1384 8 5.403557451025842e-10
757 3314 8 5.403557451025842e-10
758 2270 8 5.403557451025842e-10
759 1392 13 4.4029639586987484e-18
759 1999 9 1.588455207700744e-11
759 2304 8 5.403557451025842e-10
759 3324 11 1.0020881780738712e-14
760 778 14 8.194143522293709e-20
760 3087 8 5.403557451025842e-10
760 4550 37 7.310607045339801e-66
768 3087 26 1.329635222508956e-42
769 3087 15 1.4186353079002426e-21
770 3087 11 1.0020881780738712e-14
771 3087 18 4.973591185372809e-27
772 3087 20 8.561946160723868e-31
773 3087 16 2.2948972022045098e-23
774 3087 11 1.0020881780738712e-14
775 3087 11 1.0020881780738712e-14
776 3087 19 6.706680559873923e-29
777 3087 17 3.482295283346689e-25
778 3087 15 1.4186353079002426e-21
778 4550 14 8.194143522293709e-20
779 3087 27 1.2267399399833936e-44
779 3090 8 5.403557451025842e-10
780 3087 21 1.037390502453027e-32
781 3087 12 2.1897568967882711e-16
782 3087 13 4.4029639586987484e-18
783 3087 14 8.194143522293709e-20
784 3087 15 1.4186353079002426e-21
785 3087 9 1.588455207700744e-11
786 3087 9 1.588455207700744e-11
787 3087 10 4.190678959053382e-13
788 3087 14 8.194143522293709e-20
790 3087 13 4.4029639586987484e-18
791 3087 9 1.588455207700744e-11
795 3087 9 1.588455207700744e-11
797 3087 10 4.190678959053382e-13
798 3087 10 4.190678959053382e-13
799 3087 8 5.403557451025842e-10
800 1391 25 1.3828316443798388e-40
800 3087 11 1.0020881780738712e-14
801 3087 15 1.4186353079002426e-21
802 3087 8 5.403557451025842e-10
804 3087 12 2.1897568967882711e-16
805 3087 10 4.190678959053382e-13
807 3087 10 4.190678959053382e-13
808 3087 8 5.403557451025842e-10
809 5108 21 1.037390502453027e-32
811 3087 9 1.588455207700744e-11
813 3087 10 4.190678959053382e-13
815 3087 9 1.588455207700744e-11
816 1151 8 5.403557451025842e-10
816 3087 17 3.482295283346689e-25
818 3087 11 1.0020881780738712e-14
821 3087 9 1.588455207700744e-11
822 3087 14 8.194143522293709e-20
823 3087 9 1.588455207700744e-11
825 3087 10 4.190678959053382e-13
826 1423 13 4.4029639586987484e-18
826 3087 12 2.1897568967882711e-16
829 3087 9 1.588455207700744e-11
829 3701 8 5.403557451025842e-10
831 3087 8 5.403557451025842e-10
833 3837 15 1.4186353079002426e-21
835 1408 10 4.190678959053382e-13
835 3778 14 8.194143522293709e-20
839 2375 9 1.588455207700744e-11
840 3225 9 1.588455207700744e-11
843 3087 8 5.403557451025842e-10
844 3087 8 5.403557451025842e-10
849 3087 9 1.588455207700744e-11
852 4008 9 1.588455207700744e-11
863 3878 10 4.190678959053382e-13
867 3087 9 1.588455207700744e-11
868 3087 9 1.588455207700744e-11
878 3087 8 5.403557451025842e-10
911 1458 16 2.2948972022045098e-23
913 3852 17 3.482295283346689e-25
920 3719 9 1.588455207700744e-11
930 2030 24 1.3779297280101657e-38
934 4135 16 2.2948972022045098e-23
934 4175 9 1.588455207700744e-11
936 1718 12 2.1897568967882711e-16
937 2557 8 5.403557451025842e-10
937 3087 8 5.403557451025842e-10
937 3550 8 5.403557451025842e-10
937 4857 8 5.403557451025842e-10
938 1347 12 2.1897568967882711e-16
938 1638 8 5.403557451025842e-10
938 1640 8 5.403557451025842e-10
938 2452 8 5.403557451025842e-10
938 2478 12 2.1897568967882711e-16
938 3274 8 5.403557451025842e-10
938 3275 12 2.1897568967882711e-16
938 3277 10 4.190678959053382e-13
938 3279 9 1.588455207700744e-11
938 3286 9 1.588455207700744e-11
938 3313 11 1.0020881780738712e-14
938 4262 10 4.190678959053382e-13
939 1363 9 1.588455207700744e-11
939 1643 8 5.403557451025842e-10
939 1666 8 5.403557451025842e-10
939 2787 11 1.0020881780738712e-14
939 3275 12 2.1897568967882711e-16
939 3287 9 1.588455207700744e-11
939 3314 9 1.588455207700744e-11
939 3322 8 5.403557451025842e-10
939 4937 9 1.588455207700744e-11
940 1362 9 1.588455207700744e-11
940 1644 8 5.403557451025842e-10
940 2269 8 5.403557451025842e-10
940 2270 8 5.403557451025842e-10
940 2558 8 5.403557451025842e-10
940 2788 9 1.588455207700744e-11
940 2979 8 5.403557451025842e-10
940 3278 10 4.190678959053382e-13
940 3322 8 5.403557451025842e-10
941 2268 8 5.403557451025842e-10
941 2526 8 5.403557451025842e-10
941 2788 8 5.403557451025842e-10
941 3237 8 5.403557451025842e-10
941 3277 9 1.588455207700744e-11
941 4257 8 5.403557451025842e-10
944 3962 8 5.403557451025842e-10
952 1644 9 1.588455207700744e-11
952 3320 8 5.403557451025842e-10
952 3321 8 5.403557451025842e-10
953 1363 8 5.403557451025842e-10
953 3256 10 4.190678959053382e-13
953 3314 8 5.403557451025842e-10
954 1682 8 5.403557451025842e-10
954 3256 10 4.190678959053382e-13
954 3284 8 5.403557451025842e-10
954 3285 8 5.403557451025842e-10
954 3286 8 5.403557451025842e-10
954 3312 9 1.588455207700744e-11
954 4262 12 2.1897568967882711e-16
959 4131 8 5.403557451025842e-10
959 4132 35 1.6821377094237345e-61
964 4542 17 3.482295283346689e-25
967 2039 9 1.588455207700744e-11
967 5113 8 5.403557451025842e-10
980 4187 9 1.588455207700744e-11
985 2197 9 1.588455207700744e-11
993 3972 13 4.4029639586987484e-18
1016 5111 10 4.190678959053382e-13
1035 3886 27 1.2267399399833936e-44
1037 3163 9 1.588455207700744e-11
1038 1142 8 5.403557451025842e-10
1038 1143 33 3.406928525720819e-57
1042 1882 11 1.0020881780738712e-14
1044 4020 8 5.403557451025842e-10
1052 2683 9 1.588455207700744e-11
1052 3443 16 2.2948972022045098e-23
1053 1656 8 5.403557451025842e-10
1063 2656 8 5.403557451025842e-10
1072 3430 11 1.0020881780738712e-14
1073 3620 8 5.403557451025842e-10
1088 1707 20 8.561946160723868e-31
1088 2007 8 5.403557451025842e-10
1088 2313 23 1.3134624619356614e-36
1088 3087 26 1.329635222508956e-42
1088 4071 12 2.1897568967882711e-16
1089 3087 19 6.706680559873923e-29
1090 3087 17 3.482295283346689e-25
1091 3087 16 2.2948972022045098e-23
1092 3087 18 4.973591185372809e-27
1093 3087 22 1.195622330531365e-34
1094 3087 20 8.561946160723868e-31
1095 3087 12 2.1897568967882711e-16
1096 3087 10 4.190678959053382e-13
1097 3087 17 3.482295283346689e-25
1098 3087 14 8.194143522293709e-20
1099 3087 9 1.588455207700744e-11
1100 3087 18 4.973591185372809e-27
1101 3087 16 2.2948972022045098e-23
1102 3087 11 1.0020881780738712e-14
1103 3087 18 4.973591185372809e-27
1104 3087 11 1.0020881780738712e-14
1104 4864 15 1.4186353079002426e-21
1105 3087 19 6.706680559873923e-29
1106 3087 11 1.0020881780738712e-14
1107 3087 12 2.1897568967882711e-16
1108 3087 13 4.4029639586987484e-18
1109 3087 9 1.588455207700744e-11
1110 3087 10 4.190678959053382e-13
1111 3087 9 1.588455207700744e-11
1111 5015 8 5.403557451025842e-10
1112 1437 9 1.588455207700744e-11
1112 3087 12 2.1897568967882711e-16
1113 3087 12 2.1897568967882711e-16
1114 3087 9 1.588455207700744e-11
1115 3087 13 4.4029639586987484e-18
1116 3087 10 4.190678959053382e-13
1117 3087 14 8.194143522293709e-20
1118 3087 16 2.2948972022045098e-23
1119 3087 20 8.561946160723868e-31
1120 3087 12 2.1897568967882711e-16
1120 4110 11 1.0020881780738712e-14
1121 3087 13 4.4029639586987484e-18
1122 2478 8 5.403557451025842e-10
1122 3087 9 1.588455207700744e-11
1123 3087 10 4.190678959053382e-13
1125 3087 19 6.706680559873923e-29
1127 3087 10 4.190678959053382e-13
1128 3087 8 5.403557451025842e-10
1128 3681 14 8.194143522293709e-20
1129 3087 18 4.973591185372809e-27
1130 3087 10 4.190678959053382e-13
1131 3087 15 1.4186353079002426e-21
1132 3087 9 1.588455207700744e-11
1135 3087 8 5.403557451025842e-10
1136 3087 8 5.403557451025842e-10
1137 3087 11 1.0020881780738712e-14
1139 3087 14 8.194143522293709e-20
1142 3087 11 1.0020881780738712e-14
1143 3087 14 8.194143522293709e-20
1143 4682 8 5.403557451025842e-10
1146 3087 8 5.403557451025842e-10
1148 1656 9 1.588455207700744e-11
1148 3087 10 4.190678959053382e-13
1149 3087 16 2.2948972022045098e-23
1150 3087 10 4.190678959053382e-13
1151 3087 14 8.194143522293709e-20
1159 1724 12 2.1897568967882711e-16
1160 3087 8 5.403557451025842e-10
1163 3087 8 5.403557451025842e-10
1164 3087 10 4.190678959053382e-13
1164 4614 17 3.482295283346689e-25
1169 4524 8 5.403557451025842e-10
1170 3087 8 5.403557451025842e-10
1171 3087 8 5.403557451025842e-10
1178 3087 9 1.588455207700744e-11
1185 4926 8 5.403557451025842e-10
1189 3087 8 5.403557451025842e-10
1194 3087 8 5.403557451025842e-10
1224 4864 13 4.4029639586987484e-18
1278 1526 11 1.0020881780738712e-14
1284 2844 11 1.0020881780738712e-14
1293 3475 15 1.4186353079002426e-21
1298 1684 8 5.403557451025842e-10
1303 4181 11 1.0020881780738712e-14
1311 2702 13 4.4029639586987484e-18
1315 2558 12 2.1897568967882711e-16
1315 3434 10 4.190678959053382e-13
1315 4583 9 1.588455207700744e-11
1316 2558 8 5.403557451025842e-10
1320 3201 14 8.194143522293709e-20
1322 4949 11 1.0020881780738712e-14
1330 2811 8 5.403557451025842e-10
1330 4732 10 4.190678959053382e-13
1333 2788 10 4.190678959053382e-13
1333 4534 9 1.588455207700744e-11
1333 4933 9 1.588455207700744e-11
1333 4966 11 1.0020881780738712e-14
1335 1626 10 4.190678959053382e-13
1335 3313 8 5.403557451025842e-10
1339 1624 9 1.588455207700744e-11
1339 1638 8 5.403557451025842e-10
1339 2297 10 4.190678959053382e-13
1339 2525 8 5.403557451025842e-10
1339 2982 8 5.403557451025842e-10
1339 3314 8 5.403557451025842e-10
1339 3322 9 1.588455207700744e-11
1340 3234 9 1.588455207700744e-11
1340 3237 11 1.0020881780738712e-14
1340 3273 11 1.0020881780738712e-14
1340 3276 9 1.588455207700744e-11
1340 3277 8 5.403557451025842e-10
1340 4520 8 5.403557451025842e-10
1341 3237 10 4.190678959053382e-13
1341 4232 8 5.403557451025842e-10
1342 3236 8 5.403557451025842e-10
1342 3925 8 5.403557451025842e-10
1344 3929 12 2.1897568967882711e-16
1345 1623 11 1.0020881780738712e-14
1345 1625 11 1.0020881780738712e-14
1345 2787 8 5.403557451025842e-10
1345 2980 8 5.403557451025842e-10
1345 4227 9 1.588455207700744e-11
1345 4262 8 5.403557451025842e-10
1345 4856 9 1.588455207700744e-11
1345 4937 8 5.403557451025842e-10
1346 2942 9 1.588455207700744e-11
1346 4217 8 5.403557451025842e-10
1346 4228 11 1.0020881780738712e-14
1346 4308 12 2.1897568967882711e-16
1347 1624 8 5.403557451025842e-10
1347 1625 10 4.190678959053382e-13
1347 1638 9 1.588455207700744e-11
1347 1639 9 1.588455207700744e-11
1347 2105 8 5.403557451025842e-10
1347 3276 8 5.403557451025842e-10
1347 4217 10 4.190678959053382e-13
1347 4222 8 5.403557451025842e-10
1347 4227 9 1.588455207700744e-11
1347 4228 8 5.403557451025842e-10
1347 4533 8 5.403557451025842e-10
1347 4857 8 5.403557451025842e-10
1347 4858 8 5.403557451025842e-10
1347 4934 9 1.588455207700744e-11
1348 1625 12 2.1897568967882711e-16
1348 1626 9 1.588455207700744e-11
1348 1638 9 1.588455207700744e-11
1348 1639 9 1.588455207700744e-11
1348 3238 8 5.403557451025842e-10
1348 3276 8 5.403557451025842e-10
1348 3284 8 5.403557451025842e-10
1348 4217 8 5.403557451025842e-10
1348 4227 8 5.403557451025842e-10
1348 4528 9 1.588455207700744e-11
1348 4529 8 5.403557451025842e-10
1348 4934 8 5.403557451025842e-10
1349 1639 8 5.403557451025842e-10
1349 4223 10 4.190678959053382e-13
1349 4224 11 1.0020881780738712e-14
1349 4934 8 5.403557451025842e-10
1350 3276 8 5.403557451025842e-10
1350 3283 11 1.0020881780738712e-14
1350 3284 11 1.0020881780738712e-14
1350 4217 8 5.403557451025842e-10
1350 4222 10 4.190678959053382e-13
1350 4228 8 5.403557451025842e-10
1351 1641 8 5.403557451025842e-10
1351 1666 8 5.403557451025842e-10
1351 3286 9 1.588455207700744e-11
1352 1623 8 5.403557451025842e-10
1352 1624 8 5.403557451025842e-10
1352 1625 8 5.403557451025842e-10
1352 1626 8 5.403557451025842e-10
1352 1641 13 4.4029639586987484e-18
1352 2060 9 1.588455207700744e-11
1352 2699 8 5.403557451025842e-10
1352 2980 11 1.0020881780738712e-14
1352 2981 9 1.588455207700744e-11
1352 3275 9 1.588455207700744e-11
1352 3276 8 5.403557451025842e-10
1352 3414 8 5.403557451025842e-10
1352 4223 8 5.403557451025842e-10
1352 4263 8 5.403557451025842e-10
1352 4264 9 1.588455207700744e-11
1352 4530 8 5.403557451025842e-10
1352 4852 8 5.403557451025842e-10
1353 1623 9 1.588455207700744e-11
1353 2699 8 5.403557451025842e-10
1353 4227 8 5.403557451025842e-10
1353 4533 9 1.588455207700744e-11
1353 4934 8 5.403557451025842e-10
1355 4535 8 5.403557451025842e-10
1356 1479 33 3.406928525720819e-57
1356 1636 8 5.403557451025842e-10
1356 2699 8 5.403557451025842e-10
1356 3254 8 5.403557451025842e-10
1356 3255 8 5.403557451025842e-10
1356 3284 8 5.403557451025842e-10
1356 4528 8 5.403557451025842e-10
1356 4529 10 4.190678959053382e-13
1356 4535 8 5.403557451025842e-10
1357 1639 8 5.403557451025842e-10
1357 3315 8 5.403557451025842e-10
1358 1638 8 5.403557451025842e-10
1358 3232 9 1.588455207700744e-11
1358 4531 8 5.403557451025842e-10
1359 1638 9 1.588455207700744e-11
1359 1640 9 1.588455207700744e-11
1359 3550 8 5.403557451025842e-10
1359 4528 8 5.403557451025842e-10
1359 4566 11 1.0020881780738712e-14
1360 1638 9 1.588455207700744e-11
1360 3274 10 4.190678959053382e-13
1360 3319 8 5.403557451025842e-10
1361 3273 8 5.403557451025842e-10
1362 1640 8 5.403557451025842e-10
1362 2270 9 1.588455207700744e-11
1362 2558 9 1.588455207700744e-11
1362 2980 9 1.588455207700744e-11
1362 3273 8 5.403557451025842e-10
1362 4532 9 1.588455207700744e-11
1363 1684 8 5.403557451025842e-10
1363 2981 10 4.190678959053382e-13
1363 3312 10 4.190678959053382e-13
1363 3313 8 5.403557451025842e-10
1364 3270 8 5.403557451025842e-10
1364 3925 8 5.403557451025842e-10
1370 4316 23 1.3134624619356614e-36
1371 2839 8 5.403557451025842e-10
1375 4548 12 2.1897568967882711e-16
1376 1641 8 5.403557451025842e-10
1376 1642 8 5.403557451025842e-10
1376 1644 8 5.403557451025842e-10
1376 3322 8 5.403557451025842e-10
1376 4223 8 5.403557451025842e-10
1377 1623 9 1.588455207700744e-11
1377 1624 8 5.403557451025842e-10
1377 1642 8 5.403557451025842e-10
1377 2699 8 5.403557451025842e-10
1377 2786 8 5.403557451025842e-10
1377 3241 9 1.588455207700744e-11
1377 3324 9 1.588455207700744e-11
1377 4527 8 5.403557451025842e-10
1377 4933 8 5.403557451025842e-10
1378 1640 9 1.588455207700744e-11
1378 1641 12 2.1897568967882711e-16
1378 1642 9 1.588455207700744e-11
1378 3317 9 1.588455207700744e-11
1378 4524 8 5.403557451025842e-10
1378 4527 8 5.403557451025842e-10
1378 4528 9 1.588455207700744e-11
1379 1624 9 1.588455207700744e-11
1379 1625 13 4.4029639586987484e-18
1379 1636 8 5.403557451025842e-10
1379 1638 8 5.403557451025842e-10
1379 1639 8 5.403557451025842e-10
1379 1640 8 5.403557451025842e-10
1379 1641 12 2.1897568967882711e-16
1379 1642 12 2.1897568967882711e-16
1379 1669 10 4.190678959053382e-13
1379 1674 9 1.588455207700744e-11
1379 2787 9 1.588455207700744e-11
1379 2979 8 5.403557451025842e-10
1379 3237 8 5.403557451025842e-10
1379 3273 9 1.588455207700744e-11
1379 3313 8 5.403557451025842e-10
1379 3316 9 1.588455207700744e-11
1379 3320 9 1.588455207700744e-11
1379 4223 8 5.403557451025842e-10
1379 4224 8 5.403557451025842e-10
1379 4527 9 1.588455207700744e-11
1379 4528 8 5.403557451025842e-10
1380 1636 9 1.588455207700744e-11
1380 1639 10 4.190678959053382e-13
1380 1641 8 5.403557451025842e-10
1380 1642 12 2.1897568967882711e-16
1380 1644 8 5.403557451025842e-10
1380 2556 10 4.190678959053382e-13
1380 2788 9 1.588455207700744e-11
1380 3278 8 5.403557451025842e-10
1380 3279 8 5.403557451025842e-10
1380 3315 8 5.403557451025842e-10
1380 3551 9 1.588455207700744e-11
1380 4527 9 1.588455207700744e-11
1380 4528 8 5.403557451025842e-10
1381 1627 8 5.403557451025842e-10
1381 3275 8 5.403557451025842e-10
1381 3277 8 5.403557451025842e-10
1381 3283 8 5.403557451025842e-10
1382 1638 8 5.403557451025842e-10
1382 2557 9 1.588455207700744e-11
1382 2558 9 1.588455207700744e-11
1383 2555 8 5.403557451025842e-10
1384 1631 13 4.4029639586987484e-18
1384 1632 12 2.1897568967882711e-16
1384 1639 8 5.403557451025842e-10
1384 1641 8 5.403557451025842e-10
1384 2558 9 1.588455207700744e-11
1384 3278 9 1.588455207700744e-11
1384 3282 8 5.403557451025842e-10
1384 3766 8 5.403557451025842e-10
1385 1631 12 2.1897568967882711e-16
1385 1640 8 5.403557451025842e-10
1388 1875 10 4.190678959053382e-13
1389 4697 16 2.2948972022045098e-23
1390 3322 8 5.403557451025842e-10
1390 4245 14 8.194143522293709e-20
1391 1622 8 5.403557451025842e-10
1391 2556 8 5.403557451025842e-10
1391 4017 19 6.706680559873923e-29
1391 4734 8 5.403557451025842e-10
1392 2269 9 1.588455207700744e-11
1392 2979 8 5.403557451025842e-10
1392 3284 8 5.403557451025842e-10
1392 3323 9 1.588455207700744e-11
1392 4734 63 1.0192503492887516e-126
1401 3087 16 2.2948972022045098e-23
1401 3577 8 5.403557451025842e-10
1402 2458 28 1.0874730674212472e-46
1402 3087 18 4.973591185372809e-27
1403 3087 12 2.1897568967882711e-16
1404 3087 14 8.194143522293709e-20
1405 3087 14 8.194143522293709e-20
1406 3087 15 1.4186353079002426e-21
1407 3087 13 4.4029639586987484e-18
1408 3087 15 1.4186353079002426e-21
1409 3087 12 2.1897568967882711e-16
1410 3087 9 1.588455207700744e-11
1411 3087 16 2.2948972022045098e-23
1412 3087 13 4.4029639586987484e-18
1414 3087 12 2.1897568967882711e-16
1415 3087 11 1.0020881780738712e-14
1419 3087 13 4.4029639586987484e-18
1420 3087 17 3.482295283346689e-25
1421 3087 14 8.194143522293709e-20
1422 3087 14 8.194143522293709e-20
1423 3087 11 1.0020881780738712e-14
1424 3087 9 1.588455207700744e-11
1425 3087 14 8.194143522293709e-20
1426 3087 13 4.4029639586987484e-18
1427 3087 8 5.403557451025842e-10
1428 3087 9 1.588455207700744e-11
1429 3087 8 5.403557451025842e-10
1430 3087 9 1.588455207700744e-11
1431 3087 12 2.1897568967882711e-16
1432 3087 11 1.0020881780738712e-14
1433 3087 9 1.588455207700744e-11
1433 4891 9 1.588455207700744e-11
1434 3087 13 4.4029639586987484e-18
1435 3087 20 8.561946160723868e-31
1436 3087 14 8.194143522293709e-20
1437 3087 9 1.588455207700744e-11
1437 4052 8 5.403557451025842e-10
1439 3087 11 1.0020881780738712e-14
1440 3087 16 2.2948972022045098e-23
1440 3369 13 4.4029639586987484e-18
1441 3087 15 1.4186353079002426e-21
1441 3091 8 5.403557451025842e-10
1442 2660 8 5.403557451025842e-10
1443 2764 8 5.403557451025842e-10
1444 3087 10 4.190678959053382e-13
1450 3087 8 5.403557451025842e-10
1451 3087 8 5.403557451025842e-10
1452 3087 9 1.588455207700744e-11
1454 3087 9 1.588455207700744e-11
1454 3317 13 4.4029639586987484e-18
1457 2660 8 5.403557451025842e-10
1457 3087 8 5.403557451025842e-10
1457 4520 9 1.588455207700744e-11
1457 4538 9 1.588455207700744e-11
1458 4532 8 5.403557451025842e-10
1459 3087 8 5.403557451025842e-10
1460 3087 95 1.1167240397434741e-209
1460 3751 9 1.588455207700744e-11
1461 2687 9 1.588455207700744e-11
1461 2688 8 5.403557451025842e-10
1461 3087 28 1.0874730674212472e-46
1463 3087 9 1.588455207700744e-11
1464 3087 8 5.403557451025842e-10
1464 4520 8 5.403557451025842e-10
1469 2010 10 4.190678959053382e-13
1469 2011 13 4.4029639586987484e-18
1469 3087 9 1.588455207700744e-11
1473 4316 10 4.190678959053382e-13
1478 5130 9 1.588455207700744e-11
1492 2497 8 5.403557451025842e-10
1500 3565 9 1.588455207700744e-11
1506 4734 9 1.588455207700744e-11
1534 3038 9 1.588455207700744e-11
1544 3053 47 2.0157975088564566e-88
1545 3053 25 1.3828316443798388e-40
1550 3089 8 5.403557451025842e-10
1551 2334 13 4.4029639586987484e-18
1554 4279 10 4.190678959053382e-13
1571 3533 11 1.0020881780738712e-14
1576 2736 25 1.3828316443798388e-40
1580 4282 17 3.482295283346689e-25
1615 3143 12 2.1897568967882711e-16
1622 2558 8 5.403557451025842e-10
1622 4223 8 5.403557451025842e-10
1622 4734 8 5.403557451025842e-10
1623 2057 8 5.403557451025842e-10
1623 2481 11 1.0020881780738712e-14
1623 2944 8 5.403557451025842e-10
1623 3277 8 5.403557451025842e-10
1623 4521 8 5.403557451025842e-10
1623 4733 8 5.403557451025842e-10
1624 3227 20 8.561946160723868e-31
1624 3286 9 1.588455207700744e-11
1624 3287 8 5.403557451025842e-10
1624 4523 8 5.403557451025842e-10
1624 4532 9 1.588455207700744e-11
1625 2143 14 8.194143522293709e-20
1625 2481 9 1.588455207700744e-11
1625 2558 8 5.403557451025842e-10
1625 3285 13 4.4029639586987484e-18
1625 3286 9 1.588455207700744e-11
1625 4344 8 5.403557451025842e-10
1625 4523 9 1.588455207700744e-11
1625 4936 8 5.403557451025842e-10
1626 2270 9 1.588455207700744e-11
1626 2555 9 1.588455207700744e-11
1626 2982 10 4.190678959053382e-13
1626 3276 10 4.190678959053382e-13
1626 3277 8 5.403557451025842e-10
1626 3285 10 4.190678959053382e-13
1626 3287 10 4.190678959053382e-13
1626 3315 9 1.588455207700744e-11
1626 3316 9 1.588455207700744e-11
1626 4217 9 1.588455207700744e-11
1626 4223 8 5.403557451025842e-10
1626 4533 9 1.588455207700744e-11
1628 3087 8 5.403557451025842e-10
1630 2688 10 4.190678959053382e-13
1631 2688 11 1.0020881780738712e-14
1632 2360 8 5.403557451025842e-10
1632 2786 9 1.588455207700744e-11
1637 3317 8 5.403557451025842e-10
1638 2980 8 5.403557451025842e-10
1638 3279 16 2.2948972022045098e-23
1638 4227 9 1.588455207700744e-11
1639 4262 8 5.403557451025842e-10
1639 5240 9 1.588455207700744e-11
1640 2525 8 5.403557451025842e-10
1641 2297 8 5.403557451025842e-10
1641 2481 8 5.403557451025842e-10
1641 3258 9 1.588455207700744e-11
1641 3275 8 5.403557451025842e-10
1641 3285 8 5.403557451025842e-10
1642 4338 10 4.190678959053382e-13
1643 2270 8 5.403557451025842e-10
1643 2981 8 5.403557451025842e-10
1643 4856 8 5.403557451025842e-10
1644 2453 8 5.403557451025842e-10
1644 3091 10 4.190678959053382e-13
1644 3238 9 1.588455207700744e-11
1644 3313 9 1.588455207700744e-11
1644 3315 8 5.403557451025842e-10
1644 3320 8 5.403557451025842e-10
1644 3321 9 1.588455207700744e-11
1644 4528 8 5.403557451025842e-10
1646 2690 8 5.403557451025842e-10
1650 4193 11 1.0020881780738712e-14
1654 3162 10 4.190678959053382e-13
1655 3882 26 1.329635222508956e-42
1656 4519 39 2.8131982007240423e-70
1667 1708 19 6.706680559873923e-29
1667 2297 8 5.403557451025842e-10
1667 2480 8 5.403557451025842e-10
1667 2788 9 1.588455207700744e-11
1667 3284 8 5.403557451025842e-10
1669 3278 9 1.588455207700744e-11
1672 1918 10 4.190678959053382e-13
1674 3127 11 1.0020881780738712e-14
1682 2534 8 5.403557451025842e-10
1682 4263 8 5.403557451025842e-10
1686 5106 9 1.588455207700744e-11
1688 2843 28 1.0874730674212472e-46
1688 3299 10 4.190678959053382e-13
1688 4550 80 7.605169806793368e-170
1693 1844 9 1.588455207700744e-11
1694 2452 13 4.4029639586987484e-18
1707 2007 10 4.190678959053382e-13
1707 3087 40 1.670066731820288e-72
1707 3299 10 4.190678959053382e-13
1707 4071 8 5.403557451025842e-10
1707 4550 152 0.0
1707 4668 8 5.403557451025842e-10
1708 2713 12 2.1897568967882711e-16
1708 3087 32 4.612664415973106e-55
1709 3087 24 1.3779297280101657e-38
1710 3087 23 1.3134624619356614e-36
1711 3087 22 1.195622330531365e-34
1712 3087 13 4.4029639586987484e-18
1713 3087 18 4.973591185372809e-27
1714 3087 14 8.194143522293709e-20
1715 3087 16 2.2948972022045098e-23
1715 4588 15 1.4186353079002426e-21
1716 2651 8 5.403557451025842e-10
1716 3087 19 6.706680559873923e-29
1717 3087 19 6.706680559873923e-29
1718 3087 13 4.4029639586987484e-18
1718 4310 8 5.403557451025842e-10
1719 3087 17 3.482295283346689e-25
1720 3087 16 2.2948972022045098e-23
1721 3087 9 1.588455207700744e-11
1722 3087 10 4.190678959053382e-13
1723 2417 8 5.403557451025842e-10
1723 3087 13 4.4029639586987484e-18
1724 3087 21 1.037390502453027e-32
1725 3087 18 4.973591185372809e-27
1726 3087 18 4.973591185372809e-27
1727 3087 21 1.037390502453027e-32
1728 3087 12 2.1897568967882711e-16
1729 3087 13 4.4029639586987484e-18
1730 3087 10 4.190678959053382e-13
1731 3087 19 6.706680559873923e-29
1732 3087 19 6.706680559873923e-29
1733 3087 12 2.1897568967882711e-16
1734 3087 12 2.1897568967882711e-16
1735 2376 14 8.194143522293709e-20
1735 3087 15 1.4186353079002426e-21
1736 3087 16 2.2948972022045098e-23
1737 3087 14 8.194143522293709e-20
1738 3087 15 1.4186353079002426e-21
1739 3087 16 2.2948972022045098e-23
1740 3087 16 2.2948972022045098e-23
1740 5051 8 5.403557451025842e-10
1741 3087 15 1.4186353079002426e-21
1742 3087 11 1.0020881780738712e-14
1743 3087 10 4.190678959053382e-13
1744 3087 23 1.3134624619356614e-36
1745 3087 21 1.037390502453027e-32
1746 3087 11 1.0020881780738712e-14
1748 3087 13 4.4029639586987484e-18
1749 3087 13 4.4029639586987484e-18
1750 3087 10 4.190678959053382e-13
1751 3087 9 1.588455207700744e-11
1752 2368 8 5.403557451025842e-10
1752 3087 14 8.194143522293709e-20
1753 2368 17 3.482295283346689e-25
1754 2368 9 1.588455207700744e-11
1754 3087 12 2.1897568967882711e-16
1755 3087 12 2.1897568967882711e-16
1756 3087 14 8.194143522293709e-20
1757 3087 15 1.4186353079002426e-21
1758 3087 16 2.2948972022045098e-23
1759 3087 11 1.0020881780738712e-14
1760 3087 14 8.194143522293709e-20
1761 3087 11 1.0020881780738712e-14
1762 3087 13 4.4029639586987484e-18
1762 3290 8 5.403557451025842e-10
1762 4520 8 5.403557451025842e-10
1763 3087 13 4.4029639586987484e-18
1764 3087 10 4.190678959053382e-13
1766 3087 9 1.588455207700744e-11
1767 3087 15 1.4186353079002426e-21
1768 3087 10 4.190678959053382e-13
1769 3087 8 5.403557451025842e-10
1770 3087 16 2.2948972022045098e-23
1771 3087 9 1.588455207700744e-11
1772 3087 13 4.4029639586987484e-18
1773 3087 10 4.190678959053382e-13
1774 3087 11 1.0020881780738712e-14
1775 3087 13 4.4029639586987484e-18
1775 3381 9 1.588455207700744e-11
1775 3382 43 2.9520136228218964e-79
1776 3087 15 1.4186353079002426e-21
1777 2057 8 5.403557451025842e-10
1777 3087 9 1.588455207700744e-11
1779 3087 9 1.588455207700744e-11
1780 3087 9 1.588455207700744e-11
1781 3087 10 4.190678959053382e-13
1792 3087 9 1.588455207700744e-11
1798 3087 8 5.403557451025842e-10
1799 3087 9 1.588455207700744e-11
1800 3087 8 5.403557451025842e-10
1801 4578 18 4.973591185372809e-27
1805 3087 11 1.0020881780738712e-14
1806 3087 11 1.0020881780738712e-14
1808 3087 8 5.403557451025842e-10
1808 4962 19 6.706680559873923e-29
1814 3668 23 1.3134624619356614e-36
1814 4336 12 2.1897568967882711e-16
1817 2262 9 1.588455207700744e-11
1828 2220 9 1.588455207700744e-11
1833 3174 26 1.329635222508956e-42
1835 4844 29 9.274233468632637e-49
1841 4899 10 4.190678959053382e-13
1841 4900 11 1.0020881780738712e-14
1841 4901 27 1.2267399399833936e-44
1853 4369 27 1.2267399399833936e-44
1854 2646 9 1.588455207700744e-11
1854 5176 9 1.588455207700744e-11
1862 2817 8 5.403557451025842e-10
1866 3212 8 5.403557451025842e-10
1871 2329 12 2.1897568967882711e-16
1872 2685 9 1.588455207700744e-11
1873 4529 8 5.403557451025842e-10
1874 3769 8 5.403557451025842e-10
1876 2558 8 5.403557451025842e-10
1876 3275 8 5.403557451025842e-10
1883 2210 29 9.274233468632637e-49
1884 4904 12 2.1897568967882711e-16
1911 3468 9 1.588455207700744e-11
1913 5049 16 2.2948972022045098e-23
1918 4380 17 3.482295283346689e-25
1924 3295 10 4.190678959053382e-13
1930 2875 10 4.190678959053382e-13
1931 5149 15 1.4186353079002426e-21
1940 2281 8 5.403557451025842e-10
1942 4538 8 5.403557451025842e-10
1950 2748 11 1.0020881780738712e-14
1950 3076 9 1.588455207700744e-11
1966 2381 8 5.403557451025842e-10
1966 2382 21 1.037390502453027e-32
1966 2383 15 1.4186353079002426e-21
1969 4828 10 4.190678959053382e-13
1982 3737 9 1.588455207700744e-11
1982 3888 11 1.0020881780738712e-14
1994 4373 10 4.190678959053382e-13
1995 2862 8 5.403557451025842e-10
1995 2995 15 1.4186353079002426e-21
1998 2305 9 1.588455207700744e-11
1999 2305 9 1.588455207700744e-11
1999 3325 8 5.403557451025842e-10
2007 2313 9 1.588455207700744e-11
2007 2833 8 5.403557451025842e-10
2007 3087 84 2.588843488617414e-180
2007 3088 8 5.403557451025842e-10
2007 4263 24 1.3779297280101657e-38
2008 3087 21 1.037390502453027e-32
2009 3087 29 9.274233468632637e-49
2009 4263 9 1.588455207700744e-11
2010 3087 29 9.274233468632637e-49
2010 3092 9 1.588455207700744e-11
2010 4263 8 5.403557451025842e-10
2011 3087 16 2.2948972022045098e-23
2012 3087 11 1.0020881780738712e-14
2013 3087 31 6.033701294353099e-53
2014 3087 18 4.973591185372809e-27
2015 2819 20 8.561946160723868e-31
2015 3087 10 4.190678959053382e-13
2015 5302 34 2.4333791973693944e-59
2022 3087 11 1.0020881780738712e-14
2023 3087 8 5.403557451025842e-10
2025 3087 17 3.482295283346689e-25
2026 3087 17 3.482295283346689e-25
2027 3087 17 3.482295283346689e-25
2028 3087 9 1.588455207700744e-11
2029 3087 11 1.0020881780738712e-14
2030 3087 16 2.2948972022045098e-23
2034 3087 17 3.482295283346689e-25
2034 4481 8 5.403557451025842e-10
2035 3054 9 1.588455207700744e-11
2035 3087 16 2.2948972022045098e-23
2035 3094 8 5.403557451025842e-10
2035 3883 12 2.1897568967882711e-16
2037 3087 9 1.588455207700744e-11
2038 3087 11 1.0020881780738712e-14
2039 3087 13 4.4029639586987484e-18
2040 3087 15 1.4186353079002426e-21
2041 3087 9 1.588455207700744e-11
2049 3087 9 1.588455207700744e-11
2050 2396 12 2.1897568967882711e-16
2050 3087 9 1.588455207700744e-11
2051 3087 14 8.194143522293709e-20
2052 3087 12 2.1897568967882711e-16
2052 3094 9 1.588455207700744e-11
2053 3087 17 3.482295283346689e-25
2054 3087 11 1.0020881780738712e-14
2055 3087 12 2.1897568967882711e-16
2056 3087 16 2.2948972022045098e-23
2057 3087 13 4.4029639586987484e-18
2057 4856 8 5.403557451025842e-10
2057 4857 9 1.588455207700744e-11
2058 3087 11 1.0020881780738712e-14
2058 4520 8 5.403557451025842e-10
2059 2632 13 4.4029639586987484e-18
2059 4520 9 1.588455207700744e-11
2059 4526 10 4.190678959053382e-13
2059 4528 9 1.588455207700744e-11
2059 4529 10 4.190678959053382e-13
2059 4857 8 5.403557451025842e-10
2059 4859 8 5.403557451025842e-10
2060 2534 8 5.403557451025842e-10
2060 2660 9 1.588455207700744e-11
2060 2701 8 5.403557451025842e-10
2060 3237 8 5.403557451025842e-10
2060 4519 9 1.588455207700744e-11
2060 4520 12 2.1897568967882711e-16
2060 4521 8 5.403557451025842e-10
2060 4525 10 4.190678959053382e-13
2060 4528 12 2.1897568967882711e-16
2060 4856 9 1.588455207700744e-11
2060 4858 8 5.403557451025842e-10
2061 3087 8 5.403557451025842e-10
2061 4534 8 5.403557451025842e-10
2061 4866 8 5.403557451025842e-10
2062 3087 16 2.2948972022045098e-23
2062 3094 8 5.403557451025842e-10
2062 3314 9 1.588455207700744e-11
2062 4336 9 1.588455207700744e-11
2062 4520 9 1.588455207700744e-11
2062 4858 8 5.403557451025842e-10
2062 4938 8 5.403557451025842e-10
2063 2614 8 5.403557451025842e-10
2063 3087 12 2.1897568967882711e-16
2063 4857 9 1.588455207700744e-11
2064 3087 9 1.588455207700744e-11
2065 3486 10 4.190678959053382e-13
2070 3087 10 4.190678959053382e-13
2070 3270 11 1.0020881780738712e-14
2071 3087 19 6.706680559873923e-29
2072 3087 8 5.403557451025842e-10
2074 3087 8 5.403557451025842e-10
2078 3087 10 4.190678959053382e-13
2094 3087 9 1.588455207700744e-11
2096 3087 9 1.588455207700744e-11
2099 3087 10 4.190678959053382e-13
2101 4293 8 5.403557451025842e-10
2102 3087 9 1.588455207700744e-11
2102 4520 9 1.588455207700744e-11
2104 3221 8 5.403557451025842e-10
2104 3236 8 5.403557451025842e-10
2104 3276 8 5.403557451025842e-10
2104 4224 8 5.403557451025842e-10
2104 4858 8 5.403557451025842e-10
2105 2614 8 5.403557451025842e-10
2105 2979 8 5.403557451025842e-10
2105 3092 8 5.403557451025842e-10
2105 4520 10 4.190678959053382e-13
2105 4529 8 5.403557451025842e-10
2106 2980 9 1.588455207700744e-11
2106 3237 8 5.403557451025842e-10
2106 3322 8 5.403557451025842e-10
2106 4520 11 1.0020881780738712e-14
2106 4532 8 5.403557451025842e-10
2129 3087 8 5.403557451025842e-10
2167 4028 8 5.403557451025842e-10
2174 4224 12 2.1897568967882711e-16
2175 3312 9 1.588455207700744e-11
2175 5301 14 8.194143522293709e-20
2176 3312 8 5.403557451025842e-10
2178 2876 9 1.588455207700744e-11
2182 2412 11 1.0020881780738712e-14
2187 4082 24 1.3779297280101657e-38
2188 3960 13 4.4029639586987484e-18
2193 2326 15 1.4186353079002426e-21
2193 4659 31 6.033701294353099e-53
2204 2430 8 5.403557451025842e-10
2208 4411 19 6.706680559873923e-29
2215 3273 8 5.403557451025842e-10
2216 3286 11 1.0020881780738712e-14
2219 2666 25 1.3828316443798388e-40
2224 3567 17 3.482295283346689e-25
2232 3183 9 1.588455207700744e-11
2235 2921 12 2.1897568967882711e-16
2243 2927 21 1.037390502453027e-32
2268 3312 11 1.0020881780738712e-14
2268 3317 8 5.403557451025842e-10
2268 3320 8 5.403557451025842e-10
2268 3686 12 2.1897568967882711e-16
2268 4242 8 5.403557451025842e-10
2269 2558 10 4.190678959053382e-13
2269 3074 8 5.403557451025842e-10
2269 3276 8 5.403557451025842e-10
2269 3277 8 5.403557451025842e-10
2269 3312 9 1.588455207700744e-11
2269 3315 8 5.403557451025842e-10
2269 4563 8 5.403557451025842e-10
2270 2980 8 5.403557451025842e-10
2270 3277 11 1.0020881780738712e-14
2270 3315 8 5.403557451025842e-10
2270 4858 8 5.403557451025842e-10
2272 4936 32 4.612664415973106e-55
2275 3445 12 2.1897568967882711e-16
2275 4306 8 5.403557451025842e-10
2298 4227 8 5.403557451025842e-10
2304 2561 8 5.403557451025842e-10
2313 3087 88 6.779335872429774e-191
2313 3088 8 5.403557451025842e-10
2313 4263 12 2.1897568967882711e-16
2313 4282 9 1.588455207700744e-11
2314 3087 31 6.033701294353099e-53
2314 4550 116 0.0
2315 2657 15 1.4186353079002426e-21
2315 3087 32 4.612664415973106e-55
2315 3869 10 4.190678959053382e-13
2316 3087 23 1.3134624619356614e-36
2316 3577 8 5.403557451025842e-10
2317 3087 19 6.706680559873923e-29
2318 3087 15 1.4186353079002426e-21
2318 3851 14 8.194143522293709e-20
2319 3087 25 1.3828316443798388e-40
2320 3087 25 1.3828316443798388e-40
2321 3087 24 1.3779297280101657e-38
2322 3087 23 1.3134624619356614e-36
2323 3087 20 8.561946160723868e-31
2324 3087 27 1.2267399399833936e-44
2324 4263 8 5.403557451025842e-10
2325 3087 24 1.3779297280101657e-38
2326 3087 26 1.329635222508956e-42
2327 3087 24 1.3779297280101657e-38
2328 3087 24 1.3779297280101657e-38
2329 3087 28 1.0874730674212472e-46
2330 2616 9 1.588455207700744e-11
2330 3087 20 8.561946160723868e-31
2330 4860 9 1.588455207700744e-11
2331 3087 17 3.482295283346689e-25
2332 3087 13 4.4029639586987484e-18
2333 3087 14 8.194143522293709e-20
2334 3087 17 3.482295283346689e-25
2334 4263 8 5.403557451025842e-10
2335 3087 14 8.194143522293709e-20
2336 3087 17 3.482295283346689e-25
2338 3087 12 2.1897568967882711e-16
2339 3087 11 1.0020881780738712e-14
2340 3087 13 4.4029639586987484e-18
2341 3087 13 4.4029639586987484e-18
2342 3087 15 1.4186353079002426e-21
2343 3087 13 4.4029639586987484e-18
2344 3087 22 1.195622330531365e-34
2345 3087 14 8.194143522293709e-20
2352 3087 12 2.1897568967882711e-16
2353 3087 22 1.195622330531365e-34
2354 3087 13 4.4029639586987484e-18
2355 3087 12 2.1897568967882711e-16
2357 3087 17 3.482295283346689e-25
2358 3087 10 4.190678959053382e-13
2359 3087 16 2.2948972022045098e-23
2360 3087 16 2.2948972022045098e-23
2361 3087 19 6.706680559873923e-29
2362 3087 15 1.4186353079002426e-21
2363 3087 16 2.2948972022045098e-23
2365 2897 12 2.1897568967882711e-16
2366 3087 9 1.588455207700744e-11
2369 3087 11 1.0020881780738712e-14
2370 3087 14 8.194143522293709e-20
2371 3087 8 5.403557451025842e-10
2373 3087 13 4.4029639586987484e-18
2374 3087 11 1.0020881780738712e-14
2375 3087 9 1.588455207700744e-11
2375 4200 14 8.194143522293709e-20
2376 3087 13 4.4029639586987484e-18
2376 5267 21 1.037390502453027e-32
2377 3087 10 4.190678959053382e-13
2378 3087 14 8.194143522293709e-20
2382 3087 8 5.403557451025842e-10
2383 3087 12 2.1897568967882711e-16
2386 3087 9 1.588455207700744e-11
2390 3087 8 5.403557451025842e-10
2391 3087 8 5.403557451025842e-10
2392 3087 9 1.588455207700744e-11
2394 3087 8 5.403557451025842e-10
2395 3087 11 1.0020881780738712e-14
2397 3087 11 1.0020881780738712e-14
2398 3087 9 1.588455207700744e-11
2403 3087 13 4.4029639586987484e-18
2404 3087 11 1.0020881780738712e-14
2404 3579 15 1.4186353079002426e-21
2405 3087 8 5.403557451025842e-10
2410 3846 17 3.482295283346689e-25
2438 4511 23 1.3134624619356614e-36
2441 3087 8 5.403557451025842e-10
2441 4985 14 8.194143522293709e-20
2442 3087 8 5.403557451025842e-10
2445 2849 11 1.0020881780738712e-14
2446 3087 8 5.403557451025842e-10
2449 3087 8 5.403557451025842e-10
2452 4216 8 5.403557451025842e-10
2453 2788 9 1.588455207700744e-11
2455 4791 9 1.588455207700744e-11
2456 3220 8 5.403557451025842e-10
2461 3916 15 1.4186353079002426e-21
2479 3087 11 1.0020881780738712e-14
2481 2681 8 5.403557451025842e-10
2481 2980 9 1.588455207700744e-11
2481 3322 11 1.0020881780738712e-14
2482 2681 28 1.0874730674212472e-46
2491 4725 11 1.0020881780738712e-14
2498 3220 20 8.561946160723868e-31
2506 3436 14 8.194143522293709e-20
2510 3915 12 2.1897568967882711e-16
2514 3431 27 1.2267399399833936e-44
2514 5076 8 5.403557451025842e-10
2515 3336 8 5.403557451025842e-10
2515 3431 15 1.4186353079002426e-21
2523 2788 9 1.588455207700744e-11
2523 3241 8 5.403557451025842e-10
2524 2934 10 4.190678959053382e-13
2524 2935 51 9.23128433977405e-98
2524 2936 118 0.0
2524 2937 10 4.190678959053382e-13
2525 5080 12 2.1897568967882711e-16
2531 2701 8 5.403557451025842e-10
2533 2686 9 1.588455207700744e-11
2534 3076 8 5.403557451025842e-10
2552 3272 8 5.403557451025842e-10
2552 3320 8 5.403557451025842e-10
2555 3320 9 1.588455207700744e-11
2556 3923 8 5.403557451025842e-10
2556 4566 10 4.190678959053382e-13
2557 3943 8 5.403557451025842e-10
2558 2787 10 4.190678959053382e-13
2558 2788 9 1.588455207700744e-11
2558 3275 8 5.403557451025842e-10
2558 3276 10 4.190678959053382e-13
2558 3322 11 1.0020881780738712e-14
2558 3336 48 9.670686025058693e-91
2558 4228 9 1.588455207700744e-11
2558 4262 11 1.0020881780738712e-14
2569 3080 10 4.190678959053382e-13
2569 4661 26 1.329635222508956e-42
2569 4968 13 4.4029639586987484e-18
2570 4661 17 3.482295283346689e-25
2577 3087 9 1.588455207700744e-11
2578 3087 36 1.1263322090839845e-63
2579 3087 23 1.3134624619356614e-36
2580 3087 29 9.274233468632637e-49
2581 3087 23 1.3134624619356614e-36
2582 3087 22 1.195622330531365e-34
2583 3087 21 1.037390502453027e-32
2583 3503 9 1.588455207700744e-11
2583 3505 15 1.4186353079002426e-21
2584 3087 18 4.973591185372809e-27
2585 3087 26 1.329635222508956e-42
2586 3087 21 1.037390502453027e-32
2587 3087 20 8.561946160723868e-31
2588 3087 13 4.4029639586987484e-18
2589 3087 19 6.706680559873923e-29
2590 3087 17 3.482295283346689e-25
2591 3087 14 8.194143522293709e-20
2592 3087 17 3.482295283346689e-25
2593 3087 18 4.973591185372809e-27
2594 3087 15 1.4186353079002426e-21
2595 3087 11 1.0020881780738712e-14
2596 3087 13 4.4029639586987484e-18
2597 3087 16 2.2948972022045098e-23
2598 3087 16 2.2948972022045098e-23
2599 3087 18 4.973591185372809e-27
2600 3087 15 1.4186353079002426e-21
2601 3087 15 1.4186353079002426e-21
2602 3087 17 3.482295283346689e-25
2603 3087 17 3.482295283346689e-25
2604 3087 15 1.4186353079002426e-21
2605 3087 9 1.588455207700744e-11
2606 3087 20 8.561946160723868e-31
2607 3087 15 1.4186353079002426e-21
2608 3087 14 8.194143522293709e-20
2609 3087 15 1.4186353079002426e-21
2610 3087 9 1.588455207700744e-11
2610 5132 17 3.482295283346689e-25
2611 3087 13 4.4029639586987484e-18
2612 3087 21 1.037390502453027e-32
2612 4481 8 5.403557451025842e-10
2613 3087 14 8.194143522293709e-20
2613 4263 8 5.403557451025842e-10
2613 4732 19 6.706680559873923e-29
2613 4853 8 5.403557451025842e-10
2614 3091 8 5.403557451025842e-10
2614 4520 9 1.588455207700744e-11
2615 3087 18 4.973591185372809e-27
2616 3087 14 8.194143522293709e-20
2617 3087 12 2.1897568967882711e-16
2618 3087 8 5.403557451025842e-10
2619 3087 12 2.1897568967882711e-16
2620 3087 11 1.0020881780738712e-14
2621 3087 17 3.482295283346689e-25
2622 3087 9 1.588455207700744e-11
2623 3087 8 5.403557451025842e-10
2624 3087 8 5.403557451025842e-10
2625 3087 12 2.1897568967882711e-16
2626 3087 10 4.190678959053382e-13
2628 3087 10 4.190678959053382e-13
2630 3087 8 5.403557451025842e-10
2631 3087 13 4.4029639586987484e-18
2633 2832 8 5.403557451025842e-10
2633 3087 15 1.4186353079002426e-21
2634 3087 9 1.588455207700744e-11
2635 3087 10 4.190678959053382e-13
2636 3087 11 1.0020881780738712e-14
2637 3087 8 5.403557451025842e-10
2639 3087 9 1.588455207700744e-11
2640 3087 8 5.403557451025842e-10
2641 3087 10 4.190678959053382e-13
2642 3087 10 4.190678959053382e-13
2644 3087 9 1.588455207700744e-11
2645 3087 11 1.0020881780738712e-14
2646 3087 12 2.1897568967882711e-16
2648 3087 8 5.403557451025842e-10
2649 3087 8 5.403557451025842e-10
2651 3087 14 8.194143522293709e-20
2651 3108 8 5.403557451025842e-10
2651 4166 14 8.194143522293709e-20
2652 3087 11 1.0020881780738712e-14
2654 3087 9 1.588455207700744e-11
2655 3087 9 1.588455207700744e-11
2655 4520 8 5.403557451025842e-10
2659 3087 8 5.403557451025842e-10
2660 3091 9 1.588455207700744e-11
2660 3237 9 1.588455207700744e-11
2660 4520 10 4.190678959053382e-13
2660 4522 9 1.588455207700744e-11
2660 4527 8 5.403557451025842e-10
2660 4542 8 5.403557451025842e-10
2662 4503 11 1.0020881780738712e-14
2663 4524 8 5.403557451025842e-10
2665 3087 11 1.0020881780738712e-14
2666 3087 8 5.403557451025842e-10
2667 3087 8 5.403557451025842e-10
2667 4690 12 2.1897568967882711e-16
2668 3087 13 4.4029639586987484e-18
2669 3087 10 4.190678959053382e-13
2670 3087 9 1.588455207700744e-11
2672 3087 10 4.190678959053382e-13
2673 3087 11 1.0020881780738712e-14
2675 3087 9 1.588455207700744e-11
2678 3087 8 5.403557451025842e-10
2679 3087 9 1.588455207700744e-11
2686 2979 9 1.588455207700744e-11
2686 3087 9 1.588455207700744e-11
2686 3314 10 4.190678959053382e-13
2686 4337 9 1.588455207700744e-11
2686 4524 9 1.588455207700744e-11
2686 4529 9 1.588455207700744e-11
2687 4262 9 1.588455207700744e-11
2687 4528 9 1.588455207700744e-11
2687 4529 10 4.190678959053382e-13
2689 4222 9 1.588455207700744e-11
2690 4226 9 1.588455207700744e-11
2690 4227 8 5.403557451025842e-10
2691 3087 9 1.588455207700744e-11
2694 4531 8 5.403557451025842e-10
2696 4525 9 1.588455207700744e-11
2696 4527 9 1.588455207700744e-11
2697 4526 8 5.403557451025842e-10
2700 4227 8 5.403557451025842e-10
2701 4527 10 4.190678959053382e-13
2701 4530 9 1.588455207700744e-11
2701 4531 8 5.403557451025842e-10
2701 5235 24 1.3779297280101657e-38
2702 4528 8 5.403557451025842e-10
2702 4529 9 1.588455207700744e-11
2704 4224 8 5.403557451025842e-10
2706 4640 18 4.973591185372809e-27
2713 3487 9 1.588455207700744e-11
2716 4520 8 5.403557451025842e-10
2718 5164 21 1.037390502453027e-32
2734 4599 13 4.4029639586987484e-18
2737 3649 21 1.037390502453027e-32
2746 4537 9 1.588455207700744e-11
2747 4398 8 5.403557451025842e-10
2747 4399 9 1.588455207700744e-11
2773 3779 9 1.588455207700744e-11
2784 4562 8 5.403557451025842e-10
2785 3498 8 5.403557451025842e-10
2785 4364 14 8.194143522293709e-20
2786 3923 8 5.403557451025842e-10
2786 4936 9 1.588455207700744e-11
2787 3551 8 5.403557451025842e-10
2788 2981 9 1.588455207700744e-11
2788 2982 8 5.403557451025842e-10
2788 4227 8 5.403557451025842e-10
2788 4264 8 5.403557451025842e-10
2808 4372 33 3.406928525720819e-57
2813 3735 9 1.588455207700744e-11
2818 4550 8 5.403557451025842e-10
2819 5302 13 4.4029639586987484e-18
2827 3087 11 1.0020881780738712e-14
2828 3087 18 4.973591185372809e-27
2829 3087 14 8.194143522293709e-20
2830 3087 19 6.706680559873923e-29
2831 3087 12 2.1897568967882711e-16
2832 3087 14 8.194143522293709e-20
2833 3087 28 1.0874730674212472e-46
2834 3087 25 1.3828316443798388e-40
2835 3087 16 2.2948972022045098e-23
2836 3087 14 8.194143522293709e-20
2837 3087 18 4.973591185372809e-27
2838 3087 13 4.4029639586987484e-18
2839 3087 21 1.037390502453027e-32
2841 3087 8 5.403557451025842e-10
2842 3087 8 5.403557451025842e-10
2843 4550 8 5.403557451025842e-10
2844 3087 8 5.403557451025842e-10
2845 3087 10 4.190678959053382e-13
2847 3087 10 4.190678959053382e-13
2849 3087 9 1.588455207700744e-11
2850 3087 13 4.4029639586987484e-18
2851 3087 10 4.190678959053382e-13
2852 3087 8 5.403557451025842e-10
2852 3116 17 3.482295283346689e-25
2854 3087 11 1.0020881780738712e-14
2855 3087 13 4.4029639586987484e-18
2855 4919 14 8.194143522293709e-20
2857 3087 14 8.194143522293709e-20
2858 3087 9 1.588455207700744e-11
2859 3087 15 1.4186353079002426e-21
2860 3087 13 4.4029639586987484e-18
2862 3087 11 1.0020881780738712e-14
2863 3087 9 1.588455207700744e-11
2864 3577 33 3.406928525720819e-57
2867 3087 11 1.0020881780738712e-14
2870 3087 9 1.588455207700744e-11
2871 3087 9 1.588455207700744e-11
2872 3087 11 1.0020881780738712e-14
2873 3087 9 1.588455207700744e-11
2874 3087 11 1.0020881780738712e-14
2874 3389 9 1.588455207700744e-11
2876 3087 11 1.0020881780738712e-14
2879 3087 9 1.588455207700744e-11
2881 3087 9 1.588455207700744e-11
2881 4820 18 4.973591185372809e-27
2882 3087 10 4.190678959053382e-13
2883 3087 11 1.0020881780738712e-14
2886 3087 14 8.194143522293709e-20
2887 3087 12 2.1897568967882711e-16
2889 3087 9 1.588455207700744e-11
2892 3087 8 5.403557451025842e-10
2893 3087 8 5.403557451025842e-10
2895 3087 10 4.190678959053382e-13
2898 3087 9 1.588455207700744e-11
2899 3087 9 1.588455207700744e-11
2900 3087 9 1.588455207700744e-11
2901 3087 8 5.403557451025842e-10
2903 4497 8 5.403557451025842e-10
2905 3087 8 5.403557451025842e-10
2942 3219 9 1.588455207700744e-11
2942 3500 9 1.588455207700744e-11
2943 4264 8 5.403557451025842e-10
2943 5176 10 4.190678959053382e-13
2945 3516 8 5.403557451025842e-10
2953 3582 27 1.2267399399833936e-44
2976 4535 13 4.4029639586987484e-18
2979 3276 8 5.403557451025842e-10
2979 4217 8 5.403557451025842e-10
2979 4857 9 1.588455207700744e-11
2980 3277 8 5.403557451025842e-10
2980 3313 9 1.588455207700744e-11
2980 3316 8 5.403557451025842e-10
2980 3322 12 2.1897568967882711e-16
2980 3552 8 5.403557451025842e-10
2980 4222 9 1.588455207700744e-11
2980 4263 8 5.403557451025842e-10
2980 4856 8 5.403557451025842e-10
2981 3275 8 5.403557451025842e-10
2981 3276 8 5.403557451025842e-10
2981 3277 8 5.403557451025842e-10
2981 3323 10 4.190678959053382e-13
2981 4222 8 5.403557451025842e-10
2981 4856 12 2.1897568967882711e-16
2981 4857 12 2.1897568967882711e-16
2981 4858 8 5.403557451025842e-10
2982 3275 8 5.403557451025842e-10
2982 3282 8 5.403557451025842e-10
2982 3287 8 5.403557451025842e-10
2982 3322 9 1.588455207700744e-11
2982 4222 8 5.403557451025842e-10
2982 4227 8 5.403557451025842e-10
2984 3552 10 4.190678959053382e-13
2997 4088 9 1.588455207700744e-11
3026 3307 21 1.037390502453027e-32
3026 3308 10 4.190678959053382e-13
3035 4617 11 1.0020881780738712e-14
3047 5104 8 5.403557451025842e-10
3050 4105 10 4.190678959053382e-13
3054 4538 11 1.0020881780738712e-14
3074 3295 8 5.403557451025842e-10
3074 3552 9 1.588455207700744e-11
3074 3553 8 5.403557451025842e-10
3075 3271 8 5.403557451025842e-10
3075 3323 8 5.403557451025842e-10
3076 3295 8 5.403557451025842e-10
3076 3312 9 1.588455207700744e-11
3080 4968 13 4.4029639586987484e-18
3087 3333 13 4.4029639586987484e-18
3087 3336 11 1.0020881780738712e-14
3087 3338 9 1.588455207700744e-11
3087 3339 8 5.403557451025842e-10
3087 3341 9 1.588455207700744e-11
3087 3349 8 5.403557451025842e-10
3087 3351 10 4.190678959053382e-13
3087 3354 12 2.1897568967882711e-16
3087 3355 11 1.0020881780738712e-14
3087 3357 10 4.190678959053382e-13
3087 3392 8 5.403557451025842e-10
3087 3400 9 1.588455207700744e-11
3087 3405 10 4.190678959053382e-13
3087 3577 24 1.3779297280101657e-38
3087 3578 28 1.0874730674212472e-46
3087 3579 25 1.3828316443798388e-40
3087 3580 12 2.1897568967882711e-16
3087 3581 13 4.4029639586987484e-18
3087 3582 15 1.4186353079002426e-21
3087 3583 17 3.482295283346689e-25
3087 3584 19 6.706680559873923e-29
3087 3585 23 1.3134624619356614e-36
3087 3586 14 8.194143522293709e-20
3087 3587 13 4.4029639586987484e-18
3087 3588 20 8.561946160723868e-31
3087 3589 16 2.2948972022045098e-23
3087 3590 20 8.561946160723868e-31
3087 3591 17 3.482295283346689e-25
3087 3592 17 3.482295283346689e-25
3087 3593 10 4.190678959053382e-13
3087 3594 20 8.561946160723868e-31
3087 3595 20 8.561946160723868e-31
3087 3596 15 1.4186353079002426e-21
3087 3597 10 4.190678959053382e-13
3087 3598 20 8.561946160723868e-31
3087 3599 17 3.482295283346689e-25
3087 3600 11 1.0020881780738712e-14
3087 3601 10 4.190678959053382e-13
3087 3602 12 2.1897568967882711e-16
3087 3603 10 4.190678959053382e-13
3087 3604 12 2.1897568967882711e-16
3087 3606 14 8.194143522293709e-20
3087 3607 16 2.2948972022045098e-23
3087 3608 10 4.190678959053382e-13
3087 3609 12 2.1897568967882711e-16
3087 3610 14 8.194143522293709e-20
3087 3611 9 1.588455207700744e-11
3087 3612 11 1.0020881780738712e-14
3087 3613 13 4.4029639586987484e-18
3087 3614 16 2.2948972022045098e-23
3087 3617 13 4.4029639586987484e-18
3087 3618 14 8.194143522293709e-20
3087 3619 9 1.588455207700744e-11
3087 3620 16 2.2948972022045098e-23
3087 3622 9 1.588455207700744e-11
3087 3623 12 2.1897568967882711e-16
3087 3625 9 1.588455207700744e-11
3087 3628 10 4.190678959053382e-13
3087 3629 8 5.403557451025842e-10
3087 3630 8 5.403557451025842e-10
3087 3631 10 4.190678959053382e-13
3087 3633 11 1.0020881780738712e-14
3087 3635 11 1.0020881780738712e-14
3087 3636 11 1.0020881780738712e-14
3087 3638 16 2.2948972022045098e-23
3087 3643 8 5.403557451025842e-10
3087 3647 11 1.0020881780738712e-14
3087 3649 10 4.190678959053382e-13
3087 3654 9 1.588455207700744e-11
3087 3655 9 1.588455207700744e-11
3087 3656 10 4.190678959053382e-13
3087 3657 9 1.588455207700744e-11
3087 3661 9 1.588455207700744e-11
3087 3664 8 5.403557451025842e-10
3087 3669 9 1.588455207700744e-11
3087 3670 8 5.403557451025842e-10
3087 3687 42 5.406883634111888e-77
3087 3830 18 4.973591185372809e-27
3087 3831 10 4.190678959053382e-13
3087 3832 14 8.194143522293709e-20
3087 3833 9 1.588455207700744e-11
3087 3835 10 4.190678959053382e-13
3087 3836 13 4.4029639586987484e-18
3087 3837 18 4.973591185372809e-27
3087 3838 20 8.561946160723868e-31
3087 3839 15 1.4186353079002426e-21
3087 3840 24 1.3779297280101657e-38
3087 3841 15 1.4186353079002426e-21
3087 3842 16 2.2948972022045098e-23
3087 3843 12 2.1897568967882711e-16
3087 3844 20 8.561946160723868e-31
3087 3845 22 1.195622330531365e-34
3087 3846 12 2.1897568967882711e-16
3087 3847 18 4.973591185372809e-27
3087 3848 15 1.4186353079002426e-21
3087 3849 19 6.706680559873923e-29
3087 3850 19 6.706680559873923e-29
3087 3851 37 7.310607045339801e-66
3087 3852 29 9.274233468632637e-49
3087 3853 23 1.3134624619356614e-36
3087 3854 23 1.3134624619356614e-36
3087 3855 17 3.482295283346689e-25
3087 3856 10 4.190678959053382e-13
3087 3857 19 6.706680559873923e-29
3087 3858 12 2.1897568967882711e-16
3087 3864 9 1.588455207700744e-11
3087 3867 9 1.588455207700744e-11
3087 3868 10 4.190678959053382e-13
3087 3869 9 1.588455207700744e-11
3087 3875 10 4.190678959053382e-13
3087 3879 8 5.403557451025842e-10
3087 3881 10 4.190678959053382e-13
3087 3882 11 1.0020881780738712e-14
3087 3883 10 4.190678959053382e-13
3087 3888 9 1.588455207700744e-11
3087 3892 8 5.403557451025842e-10
3087 3894 8 5.403557451025842e-10
3087 3896 13 4.4029639586987484e-18
3087 3905 10 4.190678959053382e-13
3087 3909 9 1.588455207700744e-11
3087 3918 9 1.588455207700744e-11
3087 3922 9 1.588455207700744e-11
3087 3943 8 5.403557451025842e-10
3087 4071 31 6.033701294353099e-53
3087 4072 27 1.2267399399833936e-44
3087 4073 20 8.561946160723868e-31
3087 4074 21 1.037390502453027e-32
3087 4075 20 8.561946160723868e-31
3087 4076 16 2.2948972022045098e-23
3087 4077 17 3.482295283346689e-25
3087 4078 16 2.2948972022045098e-23
3087 4079 16 2.2948972022045098e-23
3087 4080 23 1.3134624619356614e-36
3087 4081 17 3.482295283346689e-25
3087 4082 19 6.706680559873923e-29
3087 4083 11 1.0020881780738712e-14
3087 4084 16 2.2948972022045098e-23
3087 4085 22 1.195622330531365e-34
3087 4086 14 8.194143522293709e-20
3087 4087 11 1.0020881780738712e-14
3087 4088 18 4.973591185372809e-27
3087 4089 23 1.3134624619356614e-36
3087 4090 18 4.973591185372809e-27
3087 4091 11 1.0020881780738712e-14
3087 4092 13 4.4029639586987484e-18
3087 4093 18 4.973591185372809e-27
3087 4094 17 3.482295283346689e-25
3087 4095 13 4.4029639586987484e-18
3087 4096 17 3.482295283346689e-25
3087 4097 12 2.1897568967882711e-16
3087 4098 22 1.195622330531365e-34
3087 4099 17 3.482295283346689e-25
3087 4100 15 1.4186353079002426e-21
3087 4101 18 4.973591185372809e-27
3087 4102 21 1.037390502453027e-32
3087 4103 24 1.3779297280101657e-38
3087 4104 18 4.973591185372809e-27
3087 4105 11 1.0020881780738712e-14
3087 4106 13 4.4029639586987484e-18
3087 4107 15 1.4186353079002426e-21
3087 4108 11 1.0020881780738712e-14
3087 4109 15 1.4186353079002426e-21
3087 4110 16 2.2948972022045098e-23
3087 4111 11 1.0020881780738712e-14
3087 4112 17 3.482295283346689e-25
3087 4113 8 5.403557451025842e-10
3087 4114 8 5.403557451025842e-10
3087 4116 18 4.973591185372809e-27
3087 4118 17 3.482295283346689e-25
3087 4119 22 1.195622330531365e-34
3087 4120 15 1.4186353079002426e-21
3087 4122 13 4.4029639586987484e-18
3087 4123 11 1.0020881780738712e-14
3087 4124 10 4.190678959053382e-13
3087 4127 11 1.0020881780738712e-14
3087 4129 11 1.0020881780738712e-14
3087 4131 9 1.588455207700744e-11
3087 4132 8 5.403557451025842e-10
3087 4133 13 4.4029639586987484e-18
3087 4134 15 1.4186353079002426e-21
3087 4135 13 4.4029639586987484e-18
3087 4136 16 2.2948972022045098e-23
3087 4137 13 4.4029639586987484e-18
3087 4138 10 4.190678959053382e-13
3087 4139 13 4.4029639586987484e-18
3087 4140 13 4.4029639586987484e-18
3087 4141 9 1.588455207700744e-11
3087 4142 13 4.4029639586987484e-18
3087 4143 12 2.1897568967882711e-16
3087 4146 9 1.588455207700744e-11
3087 4149 8 5.403557451025842e-10
3087 4150 8 5.403557451025842e-10
3087 4154 8 5.403557451025842e-10
3087 4158 9 1.588455207700744e-11
3087 4160 9 1.588455207700744e-11
3087 4161 8 5.403557451025842e-10
3087 4165 9 1.588455207700744e-11
3087 4168 8 5.403557451025842e-10
3087 4170 8 5.403557451025842e-10
3087 4180 8 5.403557451025842e-10
3087 4182 8 5.403557451025842e-10
3087 4263 274 0.0
3087 4279 18 4.973591185372809e-27
3087 4280 27 1.2267399399833936e-44
3087 4281 14 8.194143522293709e-20
3087 4282 17 3.482295283346689e-25
3087 4283 14 8.194143522293709e-20
3087 4284 10 4.190678959053382e-13
3087 4285 9 1.588455207700744e-11
3087 4286 16 2.2948972022045098e-23
3087 4287 19 6.706680559873923e-29
3087 4288 12 2.1897568967882711e-16
3087 4289 8 5.403557451025842e-10
3087 4290 8 5.403557451025842e-10
3087 4291 13 4.4029639586987484e-18
3087 4292 9 1.588455207700744e-11
3087 4293 10 4.190678959053382e-13
3087 4298 9 1.588455207700744e-11
3087 4299 8 5.403557451025842e-10
3087 4300 12 2.1897568967882711e-16
3087 4302 10 4.190678959053382e-13
3087 4303 14 8.194143522293709e-20
3087 4304 8 5.403557451025842e-10
3087 4305 11 1.0020881780738712e-14
3087 4306 9 1.588455207700744e-11
3087 4307 11 1.0020881780738712e-14
3087 4308 11 1.0020881780738712e-14
3087 4309 10 4.190678959053382e-13
3087 4310 13 4.4029639586987484e-18
3087 4311 8 5.403557451025842e-10
3087 4312 11 1.0020881780738712e-14
3087 4316 8 5.403557451025842e-10
3087 4319 13 4.4029639586987484e-18
3087 4321 8 5.403557451025842e-10
3087 4322 8 5.403557451025842e-10
3087 4324 11 1.0020881780738712e-14
3087 4330 11 1.0020881780738712e-14
3087 4332 9 1.588455207700744e-11
3087 4336 8 5.403557451025842e-10
3087 4354 10 4.190678959053382e-13
3087 4476 25 1.3828316443798388e-40
3087 4477 41 9.636043508640298e-75
3087 4478 30 7.618001577307399e-51
3087 4479 22 1.195622330531365e-34
3087 4480 28 1.0874730674212472e-46
3087 4481 23 1.3134624619356614e-36
3087 4482 17 3.482295283346689e-25
3087 4483 9 1.588455207700744e-11
3087 4486 12 2.1897568967882711e-16
3087 4488 16 2.2948972022045098e-23
3087 4489 14 8.194143522293709e-20
3087 4490 20 8.561946160723868e-31
3087 4491 18 4.973591185372809e-27
3087 4492 15 1.4186353079002426e-21
3087 4493 13 4.4029639586987484e-18
3087 4494 16 2.2948972022045098e-23
3087 4495 18 4.973591185372809e-27
3087 4496 20 8.561946160723868e-31
3087 4497 12 2.1897568967882711e-16
3087 4498 12 2.1897568967882711e-16
3087 4499 16 2.2948972022045098e-23
3087 4500 15 1.4186353079002426e-21
3087 4501 11 1.0020881780738712e-14
3087 4502 28 1.0874730674212472e-46
3087 4503 16 2.2948972022045098e-23
3087 4504 10 4.190678959053382e-13
3087 4505 12 2.1897568967882711e-16
3087 4506 20 8.561946160723868e-31
3087 4507 12 2.1897568967882711e-16
3087 4508 10 4.190678959053382e-13
3087 4509 15 1.4186353079002426e-21
3087 4511 10 4.190678959053382e-13
3087 4512 9 1.588455207700744e-11
3087 4514 13 4.4029639586987484e-18
3087 4515 11 1.0020881780738712e-14
3087 4516 13 4.4029639586987484e-18
3087 4518 14 8.194143522293709e-20
3087 4519 11 1.0020881780738712e-14
3087 4525 8 5.403557451025842e-10
3087 4532 11 1.0020881780738712e-14
3087 4538 8 5.403557451025842e-10
3087 4550 8 5.403557451025842e-10
3087 4567 8 5.403557451025842e-10
3087 4668 43 2.9520136228218964e-79
3087 4669 9 1.588455207700744e-11
3087 4679 13 4.4029639586987484e-18
3087 4683 10 4.190678959053382e-13
3087 4684 13 4.4029639586987484e-18
3087 4688 8 5.403557451025842e-10
3087 4699 8 5.403557451025842e-10
3087 4703 9 1.588455207700744e-11
3087 4704 12 2.1897568967882711e-16
3087 4705 11 1.0020881780738712e-14
3087 4711 9 1.588455207700744e-11
3087 4852 8 5.403557451025842e-10
3087 4853 9 1.588455207700744e-11
3087 4854 8 5.403557451025842e-10
3087 4860 8 5.403557451025842e-10
3087 4863 9 1.588455207700744e-11
3087 4867 14 8.194143522293709e-20
3087 4868 10 4.190678959053382e-13
3087 4869 14 8.194143522293709e-20
3087 4872 9 1.588455207700744e-11
3087 4873 8 5.403557451025842e-10
3087 4874 11 1.0020881780738712e-14
3087 4875 16 2.2948972022045098e-23
3087 4877 10 4.190678959053382e-13
3087 4881 12 2.1897568967882711e-16
3087 4883 9 1.588455207700744e-11
3087 4887 10 4.190678959053382e-13
3087 4888 8 5.403557451025842e-10
3087 4889 9 1.588455207700744e-11
3087 4890 8 5.403557451025842e-10
3087 4891 8 5.403557451025842e-10
3087 4892 11 1.0020881780738712e-14
3087 4893 12 2.1897568967882711e-16
3087 4894 10 4.190678959053382e-13
3087 4895 8 5.403557451025842e-10
3087 4902 10 4.190678959053382e-13
3087 4904 11 1.0020881780738712e-14
3087 4912 9 1.588455207700744e-11
3087 4916 11 1.0020881780738712e-14
3087 4919 8 5.403557451025842e-10
3087 4922 11 1.0020881780738712e-14
3087 4944 8 5.403557451025842e-10
3087 4952 8 5.403557451025842e-10
3087 4957 11 1.0020881780738712e-14
3087 4958 8 5.403557451025842e-10
3087 4961 8 5.403557451025842e-10
3087 4980 11 1.0020881780738712e-14
3087 4981 17 3.482295283346689e-25
3087 4982 16 2.2948972022045098e-23
3087 4983 13 4.4029639586987484e-18
3087 4984 24 1.3779297280101657e-38
3087 4985 8 5.403557451025842e-10
3087 4987 11 1.0020881780738712e-14
3087 4988 8 5.403557451025842e-10
3087 4989 11 1.0020881780738712e-14
3087 4990 12 2.1897568967882711e-16
3087 4991 9 1.588455207700744e-11
3087 4992 10 4.190678959053382e-13
3087 4993 8 5.403557451025842e-10
3087 4994 13 4.4029639586987484e-18
3087 4997 9 1.588455207700744e-11
3087 4999 10 4.190678959053382e-13
3087 5002 10 4.190678959053382e-13
3087 5003 13 4.4029639586987484e-18
3087 5005 8 5.403557451025842e-10
3087 5006 9 1.588455207700744e-11
3087 5007 8 5.403557451025842e-10
3087 5008 10 4.190678959053382e-13
3087 5010 12 2.1897568967882711e-16
3087 5011 11 1.0020881780738712e-14
3087 5012 8 5.403557451025842e-10
3087 5013 8 5.403557451025842e-10
3087 5014 10 4.190678959053382e-13
3087 5016 11 1.0020881780738712e-14
3087 5036 8 5.403557451025842e-10
3087 5037 10 4.190678959053382e-13
3087 5038 12 2.1897568967882711e-16
3088 4138 8 5.403557451025842e-10
3088 4263 9 1.588455207700744e-11
3088 4491 8 5.403557451025842e-10
3088 4535 12 2.1897568967882711e-16
3089 4521 11 1.0020881780738712e-14
3089 4994 8 5.403557451025842e-10
3090 4263 10 4.190678959053382e-13
3090 4520 9 1.588455207700744e-11
3090 4732 8 5.403557451025842e-10
3091 4337 26 1.329635222508956e-42
3091 4520 13 4.4029639586987484e-18
3091 4533 8 5.403557451025842e-10
3091 4534 8 5.403557451025842e-10
3092 4520 11 1.0020881780738712e-14
3093 4226 8 5.403557451025842e-10
3093 4519 8 5.403557451025842e-10
3094 4520 8 5.403557451025842e-10
3114 3622 9 1.588455207700744e-11
3124 4578 10 4.190678959053382e-13
3140 4339 23 1.3134624619356614e-36
3146 4119 28 1.0874730674212472e-46
3147 4895 35 1.6821377094237345e-61
3147 4896 10 4.190678959053382e-13
3157 4406 21 1.037390502453027e-32
3159 3465 10 4.190678959053382e-13
3165 3713 9 1.588455207700744e-11
3168 3943 15 1.4186353079002426e-21
3184 4856 8 5.403557451025842e-10
3184 5115 9 1.588455207700744e-11
3189 4340 8 5.403557451025842e-10
3190 4995 12 2.1897568967882711e-16
3203 4858 8 5.403557451025842e-10
3204 4732 9 1.588455207700744e-11
3205 4732 9 1.588455207700744e-11
3206 3710 20 8.561946160723868e-31
3206 4228 8 5.403557451025842e-10
3219 4853 8 5.403557451025842e-10
3220 4218 8 5.403557451025842e-10
3220 4854 9 1.588455207700744e-11
3221 4855 8 5.403557451025842e-10
3223 3336 10 4.190678959053382e-13
3232 4227 8 5.403557451025842e-10
3234 4263 8 5.403557451025842e-10
3236 4115 8 5.403557451025842e-10
3236 4116 47 2.0157975088564566e-88
3236 4227 9 1.588455207700744e-11
3236 4732 8 5.403557451025842e-10
3237 4183 12 2.1897568967882711e-16
3237 4184 8 5.403557451025842e-10
3237 4529 8 5.403557451025842e-10
3237 4734 8 5.403557451025842e-10
3237 4934 8 5.403557451025842e-10
3241 4227 8 5.403557451025842e-10
3248 3625 11 1.0020881780738712e-14
3248 3681 22 1.195622330531365e-34
3248 4136 23 1.3134624619356614e-36
3269 4011 13 4.4029639586987484e-18
3269 5101 27 1.2267399399833936e-44
3272 4651 10 4.190678959053382e-13
3273 3595 15 1.4186353079002426e-21
3273 3923 9 1.588455207700744e-11
3274 3551 9 1.588455207700744e-11
3275 3550 9 1.588455207700744e-11
3275 4222 8 5.403557451025842e-10
3275 4263 9 1.588455207700744e-11
3275 4528 9 1.588455207700744e-11
3275 4856 8 5.403557451025842e-10
3275 4858 9 1.588455207700744e-11
3276 4337 9 1.588455207700744e-11
3276 4522 9 1.588455207700744e-11
3276 4528 9 1.588455207700744e-11
3276 4856 8 5.403557451025842e-10
3277 4224 8 5.403557451025842e-10
3277 4262 8 5.403557451025842e-10
3277 4857 10 4.190678959053382e-13
3277 4935 8 5.403557451025842e-10
3282 4224 8 5.403557451025842e-10
3284 4266 8 5.403557451025842e-10
3284 4337 9 1.588455207700744e-11
3285 4854 9 1.588455207700744e-11
3287 4262 8 5.403557451025842e-10
3290 3468 15 1.4186353079002426e-21
3296 3550 8 5.403557451025842e-10
3299 4234 12 2.1897568967882711e-16
3299 4543 10 4.190678959053382e-13
3299 4550 116 0.0
3310 4916 40 1.670066731820288e-72
3313 4263 8 5.403557451025842e-10
3314 4262 10 4.190678959053382e-13
3315 4264 8 5.403557451025842e-10
3315 4564 9 1.588455207700744e-11
3316 4262 9 1.588455207700744e-11
3316 4263 11 1.0020881780738712e-14
3316 4540 8 5.403557451025842e-10
3317 4262 8 5.403557451025842e-10
3317 4541 8 5.403557451025842e-10
3318 3550 8 5.403557451025842e-10
3318 4232 9 1.588455207700744e-11
3319 4460 8 5.403557451025842e-10
3320 3551 8 5.403557451025842e-10
3320 4525 11 1.0020881780738712e-14
3320 4526 8 5.403557451025842e-10
3320 4527 9 1.588455207700744e-11
3320 4529 9 1.588455207700744e-11
3321 3550 8 5.403557451025842e-10
3321 3551 9 1.588455207700744e-11
3321 4262 8 5.403557451025842e-10
3321 4522 9 1.588455207700744e-11
3321 4523 8 5.403557451025842e-10
3321 4524 9 1.588455207700744e-11
3321 4856 8 5.403557451025842e-10
3322 3550 10 4.190678959053382e-13
3322 3551 8 5.403557451025842e-10
3322 4223 8 5.403557451025842e-10
3322 4262 8 5.403557451025842e-10
3322 4338 8 5.403557451025842e-10
3322 4525 11 1.0020881780738712e-14
3323 4227 10 4.190678959053382e-13
3323 4521 8 5.403557451025842e-10
3325 3422 9 1.588455207700744e-11
3325 4967 14 8.194143522293709e-20
3325 4968 29 9.274233468632637e-49
3333 4477 8 5.403557451025842e-10
3334 4933 8 5.403557451025842e-10
3343 4572 24 1.3779297280101657e-38
3360 4228 12 2.1897568967882711e-16
3384 3723 18 4.973591185372809e-27
3406 5137 15 1.4186353079002426e-21
3422 4757 16 2.2948972022045098e-23
3422 5185 18 4.973591185372809e-27
3439 3779 9 1.588455207700744e-11
3448 5174 8 5.403557451025842e-10
3470 3811 8 5.403557451025842e-10
3547 3782 32 4.612664415973106e-55
3548 3782 12 2.1897568967882711e-16
3551 5263 13 4.4029639586987484e-18
3557 4241 14 8.194143522293709e-20
3562 4097 11 1.0020881780738712e-14
3577 4550 9 1.588455207700744e-11
3604 3887 8 5.403557451025842e-10
3605 3887 11 1.0020881780738712e-14
3638 4356 12 2.1897568967882711e-16
3650 4680 15 1.4186353079002426e-21
3659 4526 9 1.588455207700744e-11
3679 4732 8 5.403557451025842e-10
3681 4529 8 5.403557451025842e-10
3682 4522 8 5.403557451025842e-10
3687 4263 287 0.0
3705 5002 18 4.973591185372809e-27
3722 4683 11 1.0020881780738712e-14
3768 4390 21 1.037390502453027e-32
3770 4318 8 5.403557451025842e-10
3774 4513 9 1.588455207700744e-11
3789 3949 8 5.403557451025842e-10
3851 4263 8 5.403557451025842e-10
3855 4309 8 5.403557451025842e-10
3856 4309 8 5.403557451025842e-10
3858 5112 9 1.588455207700744e-11
3910 4822 9 1.588455207700744e-11
3918 4732 8 5.403557451025842e-10
3918 4860 8 5.403557451025842e-10
3922 4442 10 4.190678959053382e-13
3923 4227 8 5.403557451025842e-10
3925 4227 8 5.403557451025842e-10
3925 4525 8 5.403557451025842e-10
3925 4528 9 1.588455207700744e-11
3939 5115 9 1.588455207700744e-11
3945 4334 16 2.2948972022045098e-23
3983 4193 12 2.1897568967882711e-16
3992 4938 8 5.403557451025842e-10
4034 5254 8 5.403557451025842e-10
4039 4954 9 1.588455207700744e-11
4072 4544 8 5.403557451025842e-10
4073 4840 13 4.4029639586987484e-18
4102 4624 8 5.403557451025842e-10
4133 5150 9 1.588455207700744e-11
4137 4522 18 4.973591185372809e-27
4188 5176 8 5.403557451025842e-10
4217 4526 8 5.403557451025842e-10
4217 4527 10 4.190678959053382e-13
4217 4528 11 1.0020881780738712e-14
4217 4857 8 5.403557451025842e-10
4218 4528 9 1.588455207700744e-11
4218 4529 8 5.403557451025842e-10
4222 4307 8 5.403557451025842e-10
4222 4528 12 2.1897568967882711e-16
4222 4856 8 5.403557451025842e-10
4223 4528 8 5.403557451025842e-10
4223 4529 10 4.190678959053382e-13
4223 4732 9 1.588455207700744e-11
4223 4858 10 4.190678959053382e-13
4224 4309 8 5.403557451025842e-10
4224 4522 8 5.403557451025842e-10
4224 4523 8 5.403557451025842e-10
4224 4524 8 5.403557451025842e-10
4224 4525 10 4.190678959053382e-13
4224 4527 10 4.190678959053382e-13
4224 4528 9 1.588455207700744e-11
4224 4529 8 5.403557451025842e-10
4224 4530 8 5.403557451025842e-10
4224 4532 9 1.588455207700744e-11
4224 4564 9 1.588455207700744e-11
4224 4856 11 1.0020881780738712e-14
4224 4857 12 2.1897568967882711e-16
4224 4938 8 5.403557451025842e-10
4226 4525 8 5.403557451025842e-10
4226 4854 8 5.403557451025842e-10
4226 4938 8 5.403557451025842e-10
4227 4525 8 5.403557451025842e-10
4227 4526 10 4.190678959053382e-13
4227 4527 13 4.4029639586987484e-18
4227 4528 11 1.0020881780738712e-14
4227 4530 10 4.190678959053382e-13
4227 4855 10 4.190678959053382e-13
4227 4938 10 4.190678959053382e-13
4228 4526 8 5.403557451025842e-10
4228 4527 8 5.403557451025842e-10
4228 4633 18 4.973591185372809e-27
4234 4550 15 1.4186353079002426e-21
4256 4751 10 4.190678959053382e-13
4261 4462 8 5.403557451025842e-10
4261 4539 9 1.588455207700744e-11
4261 4562 8 5.403557451025842e-10
4262 4520 10 4.190678959053382e-13
4262 4521 8 5.403557451025842e-10
4262 4527 9 1.588455207700744e-11
4262 4528 8 5.403557451025842e-10
4262 4938 8 5.403557451025842e-10
4263 4280 17 3.482295283346689e-25
4263 4281 12 2.1897568967882711e-16
4263 4282 9 1.588455207700744e-11
4263 4284 8 5.403557451025842e-10
4263 4287 9 1.588455207700744e-11
4263 4307 9 1.588455207700744e-11
4263 4308 11 1.0020881780738712e-14
4263 4309 8 5.403557451025842e-10
4263 4316 8 5.403557451025842e-10
4263 4359 8 5.403557451025842e-10
4263 4520 8 5.403557451025842e-10
4263 4522 8 5.403557451025842e-10
4263 4526 10 4.190678959053382e-13
4263 4668 17 3.482295283346689e-25
4263 4734 8 5.403557451025842e-10
4263 4939 8 5.403557451025842e-10
4264 4522 8 5.403557451025842e-10
4264 4526 8 5.403557451025842e-10
4264 4528 10 4.190678959053382e-13
4264 4734 8 5.403557451025842e-10
4264 4939 11 1.0020881780738712e-14
4264 4940 9 1.588455207700744e-11
4265 4528 8 5.403557451025842e-10
4269 5167 8 5.403557451025842e-10
4279 4852 9 1.588455207700744e-11
4282 4863 9 1.588455207700744e-11
4293 4520 9 1.588455207700744e-11
4295 4550 12 2.1897568967882711e-16
4303 4717 11 1.0020881780738712e-14
4307 4560 9 1.588455207700744e-11
4308 4521 8 5.403557451025842e-10
4308 4528 8 5.403557451025842e-10
4309 4562 8 5.403557451025842e-10
4309 4853 9 1.588455207700744e-11
4317 4564 15 1.4186353079002426e-21
4338 4528 9 1.588455207700744e-11
4339 4533 8 5.403557451025842e-10
4357 4632 8 5.403557451025842e-10
4373 4932 9 1.588455207700744e-11
4387 4479 8 5.403557451025842e-10
4387 5012 9 1.588455207700744e-11
4447 5175 9 1.588455207700744e-11
4494 4964 13 4.4029639586987484e-18
4520 4854 14 8.194143522293709e-20
4520 4856 8 5.403557451025842e-10
4520 4857 9 1.588455207700744e-11
4520 4860 10 4.190678959053382e-13
4520 4938 8 5.403557451025842e-10
4521 4855 8 5.403557451025842e-10
4521 4858 10 4.190678959053382e-13
4523 4854 8 5.403557451025842e-10
4523 4855 11 1.0020881780738712e-14
4523 4856 9 1.588455207700744e-11
4524 4857 10 4.190678959053382e-13
4527 4859 8 5.403557451025842e-10
4539 4914 14 8.194143522293709e-20
4541 4935 9 1.588455207700744e-11
4541 4939 8 5.403557451025842e-10
4550 4668 11 1.0020881780738712e-14
4550 4810 23 1.3134624619356614e-36
4562 4934 8 5.403557451025842e-10
4563 4934 9 1.588455207700744e-11
4564 4934 10 4.190678959053382e-13
4564 4935 8 5.403557451025842e-10
4566 4938 8 5.403557451025842e-10
4661 4968 19 6.706680559873923e-29
4921 5223 8 5.403557451025842e-10
4922 5223 19 6.706680559873923e-29
