bin1 bin2 count p_value
6 3082 33 1.1102230246251565e-16
7 3082 30 1.1102230246251565e-16
8 3082 32 1.1102230246251565e-16
9 3082 37 1.1102230246251565e-16
9 4996 11 1.1102230246251565e-16
10 3082 33 1.1102230246251565e-16
11 3082 26 1.1102230246251565e-16
12 3082 33 1.1102230246251565e-16
13 3082 35 1.1102230246251565e-16
14 1397 6 3.8152814241243505e-11
14 3082 23 1.1102230246251565e-16
15 3082 19 1.1102230246251565e-16
16 3082 19 1.1102230246251565e-16
17 3082 19 1.1102230246251565e-16
18 3082 20 1.1102230246251565e-16
19 3082 34 1.1102230246251565e-16
20 3082 28 1.1102230246251565e-16
21 3082 28 1.1102230246251565e-16
22 3082 20 1.1102230246251565e-16
23 3082 18 1.1102230246251565e-16
24 3082 28 1.1102230246251565e-16
25 3082 20 1.1102230246251565e-16
26 3082 26 1.1102230246251565e-16
27 455 7 2.9765079290200447e-13
27 3082 17 1.1102230246251565e-16
28 3082 16 1.1102230246251565e-16
29 3082 16 1.1102230246251565e-16
30 3082 21 1.1102230246251565e-16
31 3082 25 1.1102230246251565e-16
32 3082 25 1.1102230246251565e-16
33 1712 10 1.1102230246251565e-16
33 3082 19 1.1102230246251565e-16
34 3082 13 1.1102230246251565e-16
35 2951 12 1.1102230246251565e-16
35 3082 14 1.1102230246251565e-16
36 3082 21 1.1102230246251565e-16
37 3082 16 1.1102230246251565e-16
38 3082 16 1.1102230246251565e-16
39 3082 19 1.1102230246251565e-16
40 3082 13 1.1102230246251565e-16
41 3082 16 1.1102230246251565e-16
42 3082 12 1.1102230246251565e-16
43 2375 7 2.9765079290200447e-13
43 3082 11 1.1102230246251565e-16
44 3082 19 1.1102230246251565e-16
45 3082 15 1.1102230246251565e-16
46 3082 14 1.1102230246251565e-16
47 3082 17 1.1102230246251565e-16
48 3082 16 1.1102230246251565e-16
49 3082 15 1.1102230246251565e-16
50 3082 20 1.1102230246251565e-16
51 3082 15 1.1102230246251565e-16
52 3082 10 1.1102230246251565e-16
53 3082 11 1.1102230246251565e-16
54 3082 9 1.1102230246251565e-16
55 3082 20 1.1102230246251565e-16
56 3082 20 1.1102230246251565e-16
57 3082 15 1.1102230246251565e-16
58 3082 13 1.1102230246251565e-16
59 3082 15 1.1102230246251565e-16
60 3082 11 1.1102230246251565e-16
61 3082 11 1.1102230246251565e-16
62 3082 11 1.1102230246251565e-16
63 3082 14 1.1102230246251565e-16
64 1139 8 1.9984014443252818e-15
64 3082 10 1.1102230246251565e-16
65 3082 9 1.1102230246251565e-16
66 3082 7 2.9765079290200447e-13
67 3082 11 1.1102230246251565e-16
68 3082 19 1.1102230246251565e-16
69 3082 11 1.1102230246251565e-16
70 3082 15 1.1102230246251565e-16
71 3082 16 1.1102230246251565e-16
72 1900 6 3.8152814241243505e-11
72 3082 15 1.1102230246251565e-16
73 3082 13 1.1102230246251565e-16
74 3082 16 1.1102230246251565e-16
75 3082 12 1.1102230246251565e-16
76 3082 13 1.1102230246251565e-16
77 3082 9 1.1102230246251565e-16
78 3082 14 1.1102230246251565e-16
79 3082 9 1.1102230246251565e-16
80 3082 10 1.1102230246251565e-16
81 3082 13 1.1102230246251565e-16
82 3082 7 2.9765079290200447e-13
83 3082 7 2.9765079290200447e-13
84 3082 6 3.8152814241243505e-11
85 3082 8 1.9984014443252818e-15
86 3082 7 2.9765079290200447e-13
87 3082 15 1.1102230246251565e-16
88 3082 9 1.1102230246251565e-16
94 3082 10 1.1102230246251565e-16
95 3082 7 2.9765079290200447e-13
96 3082 6 3.8152814241243505e-11
97 3082 6 3.8152814241243505e-11
97 3138 6 3.8152814241243505e-11
99 911 6 3.8152814241243505e-11
101 3082 8 1.9984014443252818e-15
102 3082 8 1.9984014443252818e-15
103 3082 6 3.8152814241243505e-11
105 3082 9 1.1102230246251565e-16
105 4358 7 2.9765079290200447e-13
106 3082 11 1.1102230246251565e-16
107 1906 8 1.9984014443252818e-15
107 3082 7 2.9765079290200447e-13
108 3082 7 2.9765079290200447e-13
109 3082 8 1.9984014443252818e-15
110 3082 10 1.1102230246251565e-16
111 3082 8 1.9984014443252818e-15
111 4916 19 1.1102230246251565e-16
113 3880 6 3.8152814241243505e-11
116 2504 8 1.9984014443252818e-15
117 930 7 2.9765079290200447e-13
117 3082 9 1.1102230246251565e-16
118 3082 8 1.9984014443252818e-15
119 3082 7 2.9765079290200447e-13
119 4909 6 3.8152814241243505e-11
120 3082 6 3.8152814241243505e-11
121 1208 8 1.9984014443252818e-15
122 3082 6 3.8152814241243505e-11
124 4925 6 3.8152814241243505e-11
125 3082 7 2.9765079290200447e-13
128 3082 6 3.8152814241243505e-11
130 2546 9 1.1102230246251565e-16
130 3832 11 1.1102230246251565e-16
132 2703 19 1.1102230246251565e-16
135 4649 6 3.8152814241243505e-11
139 3082 6 3.8152814241243505e-11
141 1569 7 2.9765079290200447e-13
145 3082 6 3.8152814241243505e-11
148 1639 6 3.8152814241243505e-11
148 3877 7 2.9765079290200447e-13
160 4659 16 1.1102230246251565e-16
161 3082 6 3.8152814241243505e-11
167 585 15 1.1102230246251565e-16
167 586 7 2.9765079290200447e-13
169 4870 7 2.9765079290200447e-13
176 951 6 3.8152814241243505e-11
179 871 8 1.9984014443252818e-15
180 401 24 1.1102230246251565e-16
180 402 8 1.9984014443252818e-15
180 403 10 1.1102230246251565e-16
180 404 7 2.9765079290200447e-13
180 405 13 1.1102230246251565e-16
180 407 8 1.9984014443252818e-15
180 408 6 3.8152814241243505e-11
180 409 10 1.1102230246251565e-16
180 410 8 1.9984014443252818e-15
180 411 8 1.9984014443252818e-15
180 412 12 1.1102230246251565e-16
180 413 11 1.1102230246251565e-16
180 414 12 1.1102230246251565e-16
180 415 11 1.1102230246251565e-16
180 416 7 2.9765079290200447e-13
180 417 10 1.1102230246251565e-16
180 419 10 1.1102230246251565e-16
180 421 10 1.1102230246251565e-16
180 422 10 1.1102230246251565e-16
180 423 9 1.1102230246251565e-16
180 424 11 1.1102230246251565e-16
180 425 8 1.9984014443252818e-15
180 428 14 1.1102230246251565e-16
180 429 11 1.1102230246251565e-16
180 430 7 2.9765079290200447e-13
180 432 7 2.9765079290200447e-13
180 433 7 2.9765079290200447e-13
180 434 7 2.9765079290200447e-13
180 437 7 2.9765079290200447e-13
180 438 7 2.9765079290200447e-13
180 440 7 2.9765079290200447e-13
180 442 6 3.8152814241243505e-11
180 443 6 3.8152814241243505e-11
180 448 7 2.9765079290200447e-13
180 468 6 3.8152814241243505e-11
180 1085 8 1.9984014443252818e-15
180 1086 17 1.1102230246251565e-16
180 1087 7 2.9765079290200447e-13
180 1090 8 1.9984014443252818e-15
180 1092 7 2.9765079290200447e-13
180 1094 8 1.9984014443252818e-15
180 1095 6 3.8152814241243505e-11
180 1096 8 1.9984014443252818e-15
180 1097 8 1.9984014443252818e-15
180 1103 6 3.8152814241243505e-11
180 1111 7 2.9765079290200447e-13
180 1113 6 3.8152814241243505e-11
180 1114 6 3.8152814241243505e-11
180 1115 6 3.8152814241243505e-11
180 1117 9 1.1102230246251565e-16
180 1118 6 3.8152814241243505e-11
180 1120 8 1.9984014443252818e-15
180 1124 8 1.9984014443252818e-15
180 1128 6 3.8152814241243505e-11
180 1135 6 3.8152814241243505e-11
180 1149 6 3.8152814241243505e-11
180 3082 65 1.1102230246251565e-16
180 3748 6 3.8152814241243505e-11
181 3082 6 3.8152814241243505e-11
195 1599 6 3.8152814241243505e-11
195 4181 8 1.9984014443252818e-15
196 4855 7 2.9765079290200447e-13
198 2753 7 2.9765079290200447e-13
207 1493 9 1.1102230246251565e-16
210 703 9 1.1102230246251565e-16
221 2137 6 3.8152814241243505e-11
222 1928 36 1.1102230246251565e-16
225 2435 14 1.1102230246251565e-16
233 4289 13 1.1102230246251565e-16
241 1294 6 3.8152814241243505e-11
246 3712 6 3.8152814241243505e-11
251 1110 12 1.1102230246251565e-16
255 1747 16 1.1102230246251565e-16
258 4137 7 2.9765079290200447e-13
260 1213 12 1.1102230246251565e-16
268 3069 6 3.8152814241243505e-11
269 3082 8 1.9984014443252818e-15
270 3069 20 1.1102230246251565e-16
273 2397 26 1.1102230246251565e-16
277 660 7 2.9765079290200447e-13
277 3559 13 1.1102230246251565e-16
277 3560 9 1.1102230246251565e-16
287 2829 10 1.1102230246251565e-16
295 912 11 1.1102230246251565e-16
298 1159 6 3.8152814241243505e-11
304 3428 6 3.8152814241243505e-11
304 3910 10 1.1102230246251565e-16
308 2610 10 1.1102230246251565e-16
309 1652 6 3.8152814241243505e-11
309 2610 8 1.9984014443252818e-15
310 4514 6 3.8152814241243505e-11
318 1973 14 1.1102230246251565e-16
318 3216 14 1.1102230246251565e-16
323 3868 8 1.9984014443252818e-15
323 5040 7 2.9765079290200447e-13
326 1419 9 1.1102230246251565e-16
328 3138 10 1.1102230246251565e-16
337 1126 13 1.1102230246251565e-16
343 4112 15 1.1102230246251565e-16
347 3069 14 1.1102230246251565e-16
347 4337 10 1.1102230246251565e-16
354 2465 6 3.8152814241243505e-11
359 2377 11 1.1102230246251565e-16
364 2548 6 3.8152814241243505e-11
365 1064 12 1.1102230246251565e-16
366 4878 7 2.9765079290200447e-13
390 2562 6 3.8152814241243505e-11
401 3082 45 1.1102230246251565e-16
401 4609 13 1.1102230246251565e-16
402 3082 22 1.1102230246251565e-16
403 3082 20 1.1102230246251565e-16
404 3082 21 1.1102230246251565e-16
405 3082 14 1.1102230246251565e-16
406 2495 16 1.1102230246251565e-16
406 3082 21 1.1102230246251565e-16
407 3082 16 1.1102230246251565e-16
408 3082 29 1.1102230246251565e-16
409 3082 18 1.1102230246251565e-16
410 3082 19 1.1102230246251565e-16
411 3082 23 1.1102230246251565e-16
412 3082 20 1.1102230246251565e-16
413 3082 19 1.1102230246251565e-16
414 3082 21 1.1102230246251565e-16
415 3082 24 1.1102230246251565e-16
416 3082 23 1.1102230246251565e-16
417 3082 32 1.1102230246251565e-16
418 3082 24 1.1102230246251565e-16
419 3082 25 1.1102230246251565e-16
420 3082 21 1.1102230246251565e-16
421 3082 24 1.1102230246251565e-16
422 2607 9 1.1102230246251565e-16
422 3082 16 1.1102230246251565e-16
423 3082 23 1.1102230246251565e-16
424 3082 25 1.1102230246251565e-16
424 3752 7 2.9765079290200447e-13
425 3082 15 1.1102230246251565e-16
426 3082 16 1.1102230246251565e-16
427 3082 19 1.1102230246251565e-16
428 3082 17 1.1102230246251565e-16
428 3599 6 3.8152814241243505e-11
429 3082 11 1.1102230246251565e-16
430 3082 20 1.1102230246251565e-16
431 3082 16 1.1102230246251565e-16
432 3082 13 1.1102230246251565e-16
433 3082 23 1.1102230246251565e-16
434 3082 13 1.1102230246251565e-16
435 3082 10 1.1102230246251565e-16
436 3082 11 1.1102230246251565e-16
437 3082 18 1.1102230246251565e-16
438 3082 9 1.1102230246251565e-16
439 3082 11 1.1102230246251565e-16
440 3082 16 1.1102230246251565e-16
441 3082 17 1.1102230246251565e-16
442 2667 6 3.8152814241243505e-11
442 3082 15 1.1102230246251565e-16
443 3082 13 1.1102230246251565e-16
444 3082 20 1.1102230246251565e-16
444 3264 8 1.9984014443252818e-15
445 3082 11 1.1102230246251565e-16
446 3082 11 1.1102230246251565e-16
447 3082 6 3.8152814241243505e-11
447 3197 7 2.9765079290200447e-13
448 3082 11 1.1102230246251565e-16
449 3082 11 1.1102230246251565e-16
450 3082 6 3.8152814241243505e-11
451 3082 9 1.1102230246251565e-16
452 3082 6 3.8152814241243505e-11
452 4554 6 3.8152814241243505e-11
453 2025 6 3.8152814241243505e-11
453 3082 11 1.1102230246251565e-16
453 4516 6 3.8152814241243505e-11
454 4846 6 3.8152814241243505e-11
455 1622 7 2.9765079290200447e-13
455 3082 7 2.9765079290200447e-13
455 3231 6 3.8152814241243505e-11
455 4254 6 3.8152814241243505e-11
455 4846 6 3.8152814241243505e-11
456 3082 12 1.1102230246251565e-16
457 1378 6 3.8152814241243505e-11
457 3082 9 1.1102230246251565e-16
457 3868 8 1.9984014443252818e-15
458 3082 6 3.8152814241243505e-11
459 1942 9 1.1102230246251565e-16
459 2655 6 3.8152814241243505e-11
460 3082 8 1.9984014443252818e-15
460 4513 6 3.8152814241243505e-11
461 3082 7 2.9765079290200447e-13
462 3082 8 1.9984014443252818e-15
463 3082 8 1.9984014443252818e-15
464 3082 7 2.9765079290200447e-13
465 3082 13 1.1102230246251565e-16
466 3082 14 1.1102230246251565e-16
467 3082 15 1.1102230246251565e-16
468 3082 9 1.1102230246251565e-16
469 3082 8 1.9984014443252818e-15
471 3082 6 3.8152814241243505e-11
472 3082 9 1.1102230246251565e-16
473 3082 7 2.9765079290200447e-13
476 3082 10 1.1102230246251565e-16
480 1113 9 1.1102230246251565e-16
481 3082 7 2.9765079290200447e-13
482 3082 6 3.8152814241243505e-11
483 1887 12 1.1102230246251565e-16
483 3082 7 2.9765079290200447e-13
484 3082 6 3.8152814241243505e-11
484 4159 7 2.9765079290200447e-13
485 3173 9 1.1102230246251565e-16
485 3189 6 3.8152814241243505e-11
486 3082 6 3.8152814241243505e-11
487 4017 17 1.1102230246251565e-16
489 1849 8 1.9984014443252818e-15
490 1068 7 2.9765079290200447e-13
495 4819 6 3.8152814241243505e-11
499 3739 8 1.9984014443252818e-15
507 2717 6 3.8152814241243505e-11
508 2717 30 1.1102230246251565e-16
510 2717 7 2.9765079290200447e-13
515 2438 7 2.9765079290200447e-13
515 3025 6 3.8152814241243505e-11
521 1121 17 1.1102230246251565e-16
534 1665 10 1.1102230246251565e-16
534 1666 22 1.1102230246251565e-16
534 3376 8 1.9984014443252818e-15
538 3082 7 2.9765079290200447e-13
539 1758 7 2.9765079290200447e-13
542 1290 18 1.1102230246251565e-16
561 2159 10 1.1102230246251565e-16
563 2127 13 1.1102230246251565e-16
577 1360 7 2.9765079290200447e-13
592 3082 6 3.8152814241243505e-11
593 5141 7 2.9765079290200447e-13
594 2962 15 1.1102230246251565e-16
597 1052 12 1.1102230246251565e-16
602 2845 8 1.9984014443252818e-15
604 3626 6 3.8152814241243505e-11
620 2141 12 1.1102230246251565e-16
622 920 15 1.1102230246251565e-16
623 5163 11 1.1102230246251565e-16
632 4844 13 1.1102230246251565e-16
634 1339 6 3.8152814241243505e-11
634 3311 6 3.8152814241243505e-11
637 3766 10 1.1102230246251565e-16
638 2326 20 1.1102230246251565e-16
638 3307 12 1.1102230246251565e-16
650 1269 6 3.8152814241243505e-11
651 1269 20 1.1102230246251565e-16
657 3999 12 1.1102230246251565e-16
667 1478 14 1.1102230246251565e-16
674 4011 18 1.1102230246251565e-16
676 2176 8 1.9984014443252818e-15
683 957 8 1.9984014443252818e-15
687 4635 11 1.1102230246251565e-16
692 2526 8 1.9984014443252818e-15
695 1203 7 2.9765079290200447e-13
702 2664 6 3.8152814241243505e-11
702 3907 17 1.1102230246251565e-16
704 1282 6 3.8152814241243505e-11
704 2560 21 1.1102230246251565e-16
705 1349 6 3.8152814241243505e-11
705 2477 6 3.8152814241243505e-11
705 4916 6 3.8152814241243505e-11
706 1637 6 3.8152814241243505e-11
707 1373 7 2.9765079290200447e-13
708 3533 7 2.9765079290200447e-13
709 2991 6 3.8152814241243505e-11
710 1384 6 3.8152814241243505e-11
710 2991 14 1.1102230246251565e-16
716 4980 8 1.9984014443252818e-15
720 1203 17 1.1102230246251565e-16
723 1662 7 2.9765079290200447e-13
728 1360 6 3.8152814241243505e-11
728 1641 6 3.8152814241243505e-11
728 1642 6 3.8152814241243505e-11
729 1819 8 1.9984014443252818e-15
729 3545 8 1.9984014443252818e-15
731 3281 6 3.8152814241243505e-11
731 3545 6 3.8152814241243505e-11
751 1384 6 3.8152814241243505e-11
754 1004 6 3.8152814241243505e-11
754 3827 10 1.1102230246251565e-16
755 2213 6 3.8152814241243505e-11
758 4538 15 1.1102230246251565e-16
765 3082 16 1.1102230246251565e-16
766 3082 23 1.1102230246251565e-16
767 3082 20 1.1102230246251565e-16
768 3082 13 1.1102230246251565e-16
769 3082 17 1.1102230246251565e-16
770 3082 17 1.1102230246251565e-16
771 3082 18 1.1102230246251565e-16
772 3082 13 1.1102230246251565e-16
773 1244 7 2.9765079290200447e-13
773 3082 18 1.1102230246251565e-16
774 3082 13 1.1102230246251565e-16
775 1941 8 1.9984014443252818e-15
775 3082 18 1.1102230246251565e-16
776 3082 12 1.1102230246251565e-16
777 3082 16 1.1102230246251565e-16
778 3082 24 1.1102230246251565e-16
779 3082 12 1.1102230246251565e-16
780 3082 8 1.9984014443252818e-15
781 3082 11 1.1102230246251565e-16
782 3082 17 1.1102230246251565e-16
783 3082 15 1.1102230246251565e-16
784 3082 10 1.1102230246251565e-16
785 3082 11 1.1102230246251565e-16
786 3082 17 1.1102230246251565e-16
787 2958 7 2.9765079290200447e-13
787 3082 13 1.1102230246251565e-16
788 3082 15 1.1102230246251565e-16
789 3082 10 1.1102230246251565e-16
791 3082 9 1.1102230246251565e-16
792 3082 7 2.9765079290200447e-13
793 3082 16 1.1102230246251565e-16
794 3082 10 1.1102230246251565e-16
795 3082 8 1.9984014443252818e-15
796 3082 9 1.1102230246251565e-16
797 1388 19 1.1102230246251565e-16
797 3082 12 1.1102230246251565e-16
798 3082 14 1.1102230246251565e-16
799 3082 8 1.9984014443252818e-15
800 3082 7 2.9765079290200447e-13
801 3082 10 1.1102230246251565e-16
804 3082 8 1.9984014443252818e-15
805 3082 9 1.1102230246251565e-16
806 3082 6 3.8152814241243505e-11
806 5093 16 1.1102230246251565e-16
807 3082 6 3.8152814241243505e-11
807 5093 6 3.8152814241243505e-11
808 3082 12 1.1102230246251565e-16
811 3082 11 1.1102230246251565e-16
812 3082 8 1.9984014443252818e-15
813 3082 7 2.9765079290200447e-13
814 3082 12 1.1102230246251565e-16
815 3082 6 3.8152814241243505e-11
817 3082 6 3.8152814241243505e-11
820 3082 6 3.8152814241243505e-11
821 3082 6 3.8152814241243505e-11
822 3082 6 3.8152814241243505e-11
823 1419 8 1.9984014443252818e-15
823 3082 9 1.1102230246251565e-16
824 3082 9 1.1102230246251565e-16
825 3082 7 2.9765079290200447e-13
826 3693 7 2.9765079290200447e-13
830 3828 17 1.1102230246251565e-16
831 3082 6 3.8152814241243505e-11
832 1404 8 1.9984014443252818e-15
832 3082 6 3.8152814241243505e-11
832 3770 12 1.1102230246251565e-16
833 3082 6 3.8152814241243505e-11
838 4644 10 1.1102230246251565e-16
839 3082 6 3.8152814241243505e-11
840 3082 7 2.9765079290200447e-13
849 3999 13 1.1102230246251565e-16
861 3082 7 2.9765079290200447e-13
861 3869 6 3.8152814241243505e-11
866 4341 6 3.8152814241243505e-11
873 3082 6 3.8152814241243505e-11
874 1399 7 2.9765079290200447e-13
875 3942 7 2.9765079290200447e-13
876 2869 10 1.1102230246251565e-16
879 3082 7 2.9765079290200447e-13
896 3082 11 1.1102230246251565e-16
902 4099 6 3.8152814241243505e-11
905 1611 7 2.9765079290200447e-13
908 1455 16 1.1102230246251565e-16
910 3843 7 2.9765079290200447e-13
911 3843 17 1.1102230246251565e-16
915 3082 6 3.8152814241243505e-11
917 3711 10 1.1102230246251565e-16
922 4183 6 3.8152814241243505e-11
923 1848 12 1.1102230246251565e-16
927 2026 12 1.1102230246251565e-16
931 4429 9 1.1102230246251565e-16
933 1714 7 2.9765079290200447e-13
933 2105 6 3.8152814241243505e-11
934 2171 6 3.8152814241243505e-11
934 2412 9 1.1102230246251565e-16
934 2697 7 2.9765079290200447e-13
935 1639 6 3.8152814241243505e-11
935 2474 8 1.9984014443252818e-15
935 2783 6 3.8152814241243505e-11
935 4518 6 3.8152814241243505e-11
935 4552 6 3.8152814241243505e-11
941 2331 9 1.1102230246251565e-16
947 2197 7 2.9765079290200447e-13
948 3289 6 3.8152814241243505e-11
949 3328 8 1.9984014443252818e-15
957 4120 6 3.8152814241243505e-11
957 4122 25 1.1102230246251565e-16
961 4530 8 1.9984014443252818e-15
962 1760 6 3.8152814241243505e-11
967 4924 6 3.8152814241243505e-11
982 2193 8 1.9984014443252818e-15
990 3963 7 2.9765079290200447e-13
1010 4670 7 2.9765079290200447e-13
1023 2455 7 2.9765079290200447e-13
1032 3877 20 1.1102230246251565e-16
1033 1151 7 2.9765079290200447e-13
1034 3157 6 3.8152814241243505e-11
1035 1140 27 1.1102230246251565e-16
1035 1141 6 3.8152814241243505e-11
1040 1878 9 1.1102230246251565e-16
1041 4011 9 1.1102230246251565e-16
1044 2942 6 3.8152814241243505e-11
1049 3436 9 1.1102230246251565e-16
1050 2678 12 1.1102230246251565e-16
1051 2991 6 3.8152814241243505e-11
1060 2652 9 1.1102230246251565e-16
1070 3423 11 1.1102230246251565e-16
1070 3612 15 1.1102230246251565e-16
1085 1703 24 1.1102230246251565e-16
1085 2003 10 1.1102230246251565e-16
1085 2309 28 1.1102230246251565e-16
1085 3082 16 1.1102230246251565e-16
1085 3570 6 3.8152814241243505e-11
1085 4061 7 2.9765079290200447e-13
1085 4656 9 1.1102230246251565e-16
1086 3082 19 1.1102230246251565e-16
1086 4656 6 3.8152814241243505e-11
1087 3082 8 1.9984014443252818e-15
1088 3082 16 1.1102230246251565e-16
1089 3082 21 1.1102230246251565e-16
1090 3082 11 1.1102230246251565e-16
1091 3082 21 1.1102230246251565e-16
1092 3082 17 1.1102230246251565e-16
1093 3082 20 1.1102230246251565e-16
1094 3082 17 1.1102230246251565e-16
1095 3082 17 1.1102230246251565e-16
1096 3082 24 1.1102230246251565e-16
1097 3082 17 1.1102230246251565e-16
1098 3082 20 1.1102230246251565e-16
1099 3082 21 1.1102230246251565e-16
1100 3082 19 1.1102230246251565e-16
1101 3082 17 1.1102230246251565e-16
1101 4271 6 3.8152814241243505e-11
1101 4490 7 2.9765079290200447e-13
1102 3082 18 1.1102230246251565e-16
1103 3082 14 1.1102230246251565e-16
1104 3082 14 1.1102230246251565e-16
1105 3082 11 1.1102230246251565e-16
1106 3082 14 1.1102230246251565e-16
1107 3082 16 1.1102230246251565e-16
1108 3082 18 1.1102230246251565e-16
1109 3082 17 1.1102230246251565e-16
1109 4363 6 3.8152814241243505e-11
1110 3082 21 1.1102230246251565e-16
1111 3082 14 1.1102230246251565e-16
1112 3082 14 1.1102230246251565e-16
1113 3082 15 1.1102230246251565e-16
1114 3082 21 1.1102230246251565e-16
1115 3082 13 1.1102230246251565e-16
1116 3082 12 1.1102230246251565e-16
1117 3082 14 1.1102230246251565e-16
1117 4101 7 2.9765079290200447e-13
1118 3082 17 1.1102230246251565e-16
1119 3082 15 1.1102230246251565e-16
1120 3082 15 1.1102230246251565e-16
1122 3082 22 1.1102230246251565e-16
1123 3082 15 1.1102230246251565e-16
1124 3082 14 1.1102230246251565e-16
1125 3082 10 1.1102230246251565e-16
1126 3082 9 1.1102230246251565e-16
1127 3082 11 1.1102230246251565e-16
1128 3082 7 2.9765079290200447e-13
1129 3082 6 3.8152814241243505e-11
1130 3082 8 1.9984014443252818e-15
1131 3082 11 1.1102230246251565e-16
1132 3082 7 2.9765079290200447e-13
1133 3082 15 1.1102230246251565e-16
1134 3082 8 1.9984014443252818e-15
1135 3082 10 1.1102230246251565e-16
1136 3082 14 1.1102230246251565e-16
1137 3082 9 1.1102230246251565e-16
1138 3082 12 1.1102230246251565e-16
1139 3082 7 2.9765079290200447e-13
1140 3082 6 3.8152814241243505e-11
1140 4669 7 2.9765079290200447e-13
1142 3082 7 2.9765079290200447e-13
1143 3082 8 1.9984014443252818e-15
1144 3082 7 2.9765079290200447e-13
1145 1653 7 2.9765079290200447e-13
1145 3082 12 1.1102230246251565e-16
1146 3082 14 1.1102230246251565e-16
1147 3082 9 1.1102230246251565e-16
1148 3082 6 3.8152814241243505e-11
1149 4618 6 3.8152814241243505e-11
1151 3082 8 1.9984014443252818e-15
1152 3082 9 1.1102230246251565e-16
1153 4749 6 3.8152814241243505e-11
1157 1720 12 1.1102230246251565e-16
1157 3082 6 3.8152814241243505e-11
1161 3082 7 2.9765079290200447e-13
1161 4602 13 1.1102230246251565e-16
1165 3082 8 1.9984014443252818e-15
1166 3082 7 2.9765079290200447e-13
1167 3082 7 2.9765079290200447e-13
1168 3082 8 1.9984014443252818e-15
1170 3082 10 1.1102230246251565e-16
1172 3082 6 3.8152814241243505e-11
1179 3082 8 1.9984014443252818e-15
1180 3082 7 2.9765079290200447e-13
1183 4913 6 3.8152814241243505e-11
1185 3082 8 1.9984014443252818e-15
1186 3082 7 2.9765079290200447e-13
1191 3082 6 3.8152814241243505e-11
1196 3082 6 3.8152814241243505e-11
1198 3082 7 2.9765079290200447e-13
1204 3082 7 2.9765079290200447e-13
1218 3273 8 1.9984014443252818e-15
1221 4850 8 1.9984014443252818e-15
1221 4851 6 3.8152814241243505e-11
1251 4401 6 3.8152814241243505e-11
1281 2839 6 3.8152814241243505e-11
1291 3468 8 1.9984014443252818e-15
1308 2698 6 3.8152814241243505e-11
1312 3269 6 3.8152814241243505e-11
1312 3428 7 2.9765079290200447e-13
1312 4382 10 1.1102230246251565e-16
1317 3195 14 1.1102230246251565e-16
1319 4935 7 2.9765079290200447e-13
1330 2034 7 2.9765079290200447e-13
1330 3309 6 3.8152814241243505e-11
1330 4952 6 3.8152814241243505e-11
1334 2197 8 1.9984014443252818e-15
1336 1640 6 3.8152814241243505e-11
1337 1637 6 3.8152814241243505e-11
1337 1691 6 3.8152814241243505e-11
1339 4922 6 3.8152814241243505e-11
1342 3920 6 3.8152814241243505e-11
1343 4297 7 2.9765079290200447e-13
1344 4253 6 3.8152814241243505e-11
1345 2478 6 3.8152814241243505e-11
1346 2782 6 3.8152814241243505e-11
1346 2783 6 3.8152814241243505e-11
1347 3230 6 3.8152814241243505e-11
1349 4839 7 2.9765079290200447e-13
1351 3312 7 2.9765079290200447e-13
1353 1475 19 1.1102230246251565e-16
1353 1476 11 1.1102230246251565e-16
1353 2055 6 3.8152814241243505e-11
1354 2984 6 3.8152814241243505e-11
1354 3313 6 3.8152814241243505e-11
1354 4403 6 3.8152814241243505e-11
1356 4554 7 2.9765079290200447e-13
1367 4306 13 1.1102230246251565e-16
1372 4536 11 1.1102230246251565e-16
1374 3313 6 3.8152814241243505e-11
1376 4254 6 3.8152814241243505e-11
1376 4920 6 3.8152814241243505e-11
1377 1631 6 3.8152814241243505e-11
1377 3276 7 2.9765079290200447e-13
1379 1628 6 3.8152814241243505e-11
1380 1628 6 3.8152814241243505e-11
1380 1629 7 2.9765079290200447e-13
1381 1628 7 2.9765079290200447e-13
1382 1627 6 3.8152814241243505e-11
1382 1628 12 1.1102230246251565e-16
1383 3313 7 2.9765079290200447e-13
1385 1680 6 3.8152814241243505e-11
1386 3311 8 1.9984014443252818e-15
1386 3313 7 2.9765079290200447e-13
1386 4683 6 3.8152814241243505e-11
1386 4684 13 1.1102230246251565e-16
1388 4008 15 1.1102230246251565e-16
1389 4721 31 1.1102230246251565e-16
1397 3082 15 1.1102230246251565e-16
1397 3569 9 1.1102230246251565e-16
1398 2454 21 1.1102230246251565e-16
1398 3082 15 1.1102230246251565e-16
1399 3082 7 2.9765079290200447e-13
1400 3082 10 1.1102230246251565e-16
1401 2432 7 2.9765079290200447e-13
1401 3082 18 1.1102230246251565e-16
1402 3082 15 1.1102230246251565e-16
1403 3082 8 1.9984014443252818e-15
1404 3082 8 1.9984014443252818e-15
1405 3082 6 3.8152814241243505e-11
1406 2930 6 3.8152814241243505e-11
1406 3082 6 3.8152814241243505e-11
1407 3082 10 1.1102230246251565e-16
1408 3082 12 1.1102230246251565e-16
1408 4121 6 3.8152814241243505e-11
1409 3082 15 1.1102230246251565e-16
1410 3082 14 1.1102230246251565e-16
1411 3082 11 1.1102230246251565e-16
1412 3082 7 2.9765079290200447e-13
1415 3082 9 1.1102230246251565e-16
1416 3082 10 1.1102230246251565e-16
1417 3082 14 1.1102230246251565e-16
1418 3082 8 1.9984014443252818e-15
1419 3082 11 1.1102230246251565e-16
1420 3082 8 1.9984014443252818e-15
1420 4437 6 3.8152814241243505e-11
1422 3082 11 1.1102230246251565e-16
1423 3082 11 1.1102230246251565e-16
1424 3082 6 3.8152814241243505e-11
1426 3082 6 3.8152814241243505e-11
1427 2434 7 2.9765079290200447e-13
1427 3082 9 1.1102230246251565e-16
1428 3082 6 3.8152814241243505e-11
1429 2642 7 2.9765079290200447e-13
1429 4877 11 1.1102230246251565e-16
1431 3082 9 1.1102230246251565e-16
1432 3082 8 1.9984014443252818e-15
1433 3082 9 1.1102230246251565e-16
1433 4043 7 2.9765079290200447e-13
1434 3082 8 1.9984014443252818e-15
1435 3082 13 1.1102230246251565e-16
1436 3082 11 1.1102230246251565e-16
1437 3082 16 1.1102230246251565e-16
1438 3082 8 1.9984014443252818e-15
1439 2006 6 3.8152814241243505e-11
1439 3082 7 2.9765079290200447e-13
1440 3082 7 2.9765079290200447e-13
1445 3082 9 1.1102230246251565e-16
1450 3082 8 1.9984014443252818e-15
1450 3311 7 2.9765079290200447e-13
1452 3082 10 1.1102230246251565e-16
1453 3082 8 1.9984014443252818e-15
1453 4527 6 3.8152814241243505e-11
1455 3082 10 1.1102230246251565e-16
1456 3082 15 1.1102230246251565e-16
1457 3082 75 1.1102230246251565e-16
1457 3087 6 3.8152814241243505e-11
1457 4279 6 3.8152814241243505e-11
1458 3082 12 1.1102230246251565e-16
1459 3082 10 1.1102230246251565e-16
1462 2969 6 3.8152814241243505e-11
1462 3082 6 3.8152814241243505e-11
1465 2007 9 1.1102230246251565e-16
1465 3082 7 2.9765079290200447e-13
1467 2983 6 3.8152814241243505e-11
1467 3082 7 2.9765079290200447e-13
1470 3082 6 3.8152814241243505e-11
1472 3082 7 2.9765079290200447e-13
1473 3082 6 3.8152814241243505e-11
1474 5115 8 1.9984014443252818e-15
1478 2439 9 1.1102230246251565e-16
1481 3082 6 3.8152814241243505e-11
1485 3082 7 2.9765079290200447e-13
1488 2493 7 2.9765079290200447e-13
1492 1860 9 1.1102230246251565e-16
1502 4721 11 1.1102230246251565e-16
1503 3082 9 1.1102230246251565e-16
1506 1717 6 3.8152814241243505e-11
1530 3033 9 1.1102230246251565e-16
1540 3048 10 1.1102230246251565e-16
1541 3048 36 1.1102230246251565e-16
1541 3082 6 3.8152814241243505e-11
1541 3191 7 2.9765079290200447e-13
1542 3048 6 3.8152814241243505e-11
1546 3083 6 3.8152814241243505e-11
1547 2330 6 3.8152814241243505e-11
1550 4268 7 2.9765079290200447e-13
1553 4870 7 2.9765079290200447e-13
1554 2456 10 1.1102230246251565e-16
1567 3526 10 1.1102230246251565e-16
1571 4277 7 2.9765079290200447e-13
1572 2731 28 1.1102230246251565e-16
1576 4272 9 1.1102230246251565e-16
1577 3082 6 3.8152814241243505e-11
1616 3313 6 3.8152814241243505e-11
1621 2140 8 1.9984014443252818e-15
1621 3221 6 3.8152814241243505e-11
1624 3082 6 3.8152814241243505e-11
1624 3273 6 3.8152814241243505e-11
1632 2172 7 2.9765079290200447e-13
1634 2782 6 3.8152814241243505e-11
1635 4920 6 3.8152814241243505e-11
1636 3308 7 2.9765079290200447e-13
1636 4513 6 3.8152814241243505e-11
1636 5225 6 3.8152814241243505e-11
1637 4552 7 2.9765079290200447e-13
1646 4183 7 2.9765079290200447e-13
1650 2779 6 3.8152814241243505e-11
1651 3370 6 3.8152814241243505e-11
1652 3873 20 1.1102230246251565e-16
1652 3874 13 1.1102230246251565e-16
1652 4507 25 1.1102230246251565e-16
1663 1705 10 1.1102230246251565e-16
1666 2782 6 3.8152814241243505e-11
1670 3226 6 3.8152814241243505e-11
1682 2655 6 3.8152814241243505e-11
1682 5091 10 1.1102230246251565e-16
1684 2650 7 2.9765079290200447e-13
1685 2838 20 1.1102230246251565e-16
1685 3293 11 1.1102230246251565e-16
1685 4538 47 1.1102230246251565e-16
1687 3842 6 3.8152814241243505e-11
1689 2268 6 3.8152814241243505e-11
1690 2448 12 1.1102230246251565e-16
1703 2309 7 2.9765079290200447e-13
1703 3082 37 1.1102230246251565e-16
1703 3293 7 2.9765079290200447e-13
1703 4268 9 1.1102230246251565e-16
1703 4538 105 1.1102230246251565e-16
1703 4656 7 2.9765079290200447e-13
1704 2708 6 3.8152814241243505e-11
1704 3082 48 1.1102230246251565e-16
1705 3082 30 1.1102230246251565e-16
1706 3082 32 1.1102230246251565e-16
1707 3082 27 1.1102230246251565e-16
1708 3082 23 1.1102230246251565e-16
1709 3082 26 1.1102230246251565e-16
1710 3082 23 1.1102230246251565e-16
1711 3082 14 1.1102230246251565e-16
1711 4576 9 1.1102230246251565e-16
1712 2427 6 3.8152814241243505e-11
1712 3082 17 1.1102230246251565e-16
1713 3082 31 1.1102230246251565e-16
1714 3082 13 1.1102230246251565e-16
1714 4299 10 1.1102230246251565e-16
1715 3082 9 1.1102230246251565e-16
1716 3082 11 1.1102230246251565e-16
1717 3082 13 1.1102230246251565e-16
1718 3082 17 1.1102230246251565e-16
1719 3082 9 1.1102230246251565e-16
1720 2413 7 2.9765079290200447e-13
1720 3082 20 1.1102230246251565e-16
1721 3082 22 1.1102230246251565e-16
1722 3082 16 1.1102230246251565e-16
1723 3082 17 1.1102230246251565e-16
1724 3082 17 1.1102230246251565e-16
1725 3082 21 1.1102230246251565e-16
1726 3082 21 1.1102230246251565e-16
1727 3082 16 1.1102230246251565e-16
1728 3082 19 1.1102230246251565e-16
1729 3082 17 1.1102230246251565e-16
1730 3082 11 1.1102230246251565e-16
1731 3082 18 1.1102230246251565e-16
1732 2373 8 1.9984014443252818e-15
1732 3082 20 1.1102230246251565e-16
1733 3082 16 1.1102230246251565e-16
1733 4755 7 2.9765079290200447e-13
1734 3082 16 1.1102230246251565e-16
1735 3082 13 1.1102230246251565e-16
1736 3082 19 1.1102230246251565e-16
1736 5037 6 3.8152814241243505e-11
1737 3082 12 1.1102230246251565e-16
1738 3082 11 1.1102230246251565e-16
1739 3082 14 1.1102230246251565e-16
1740 3082 23 1.1102230246251565e-16
1741 3082 20 1.1102230246251565e-16
1742 3082 14 1.1102230246251565e-16
1743 3082 16 1.1102230246251565e-16
1744 3082 13 1.1102230246251565e-16
1745 3082 17 1.1102230246251565e-16
1746 3082 11 1.1102230246251565e-16
1746 3410 6 3.8152814241243505e-11
1747 3082 11 1.1102230246251565e-16
1748 3082 7 2.9765079290200447e-13
1749 2364 12 1.1102230246251565e-16
1749 3082 12 1.1102230246251565e-16
1750 2364 9 1.1102230246251565e-16
1750 3082 22 1.1102230246251565e-16
1751 3082 16 1.1102230246251565e-16
1752 3082 10 1.1102230246251565e-16
1753 3082 17 1.1102230246251565e-16
1754 3082 6 3.8152814241243505e-11
1755 3082 11 1.1102230246251565e-16
1755 3087 6 3.8152814241243505e-11
1756 3082 13 1.1102230246251565e-16
1757 3082 13 1.1102230246251565e-16
1758 3082 13 1.1102230246251565e-16
1759 3082 12 1.1102230246251565e-16
1760 3082 16 1.1102230246251565e-16
1762 3082 8 1.9984014443252818e-15
1763 3082 9 1.1102230246251565e-16
1764 3082 12 1.1102230246251565e-16
1765 3082 6 3.8152814241243505e-11
1766 3082 10 1.1102230246251565e-16
1767 3082 9 1.1102230246251565e-16
1769 3082 8 1.9984014443252818e-15
1770 3082 7 2.9765079290200447e-13
1771 3082 9 1.1102230246251565e-16
1771 3375 41 1.1102230246251565e-16
1772 3082 12 1.1102230246251565e-16
1773 3082 8 1.9984014443252818e-15
1775 3082 9 1.1102230246251565e-16
1775 4129 7 2.9765079290200447e-13
1776 3082 9 1.1102230246251565e-16
1777 3082 7 2.9765079290200447e-13
1778 3082 6 3.8152814241243505e-11
1780 3082 10 1.1102230246251565e-16
1781 3082 6 3.8152814241243505e-11
1786 3082 6 3.8152814241243505e-11
1787 3082 8 1.9984014443252818e-15
1789 3082 8 1.9984014443252818e-15
1790 3082 8 1.9984014443252818e-15
1793 3082 9 1.1102230246251565e-16
1797 4566 8 1.9984014443252818e-15
1798 3082 7 2.9765079290200447e-13
1799 3082 7 2.9765079290200447e-13
1800 3082 6 3.8152814241243505e-11
1803 3082 8 1.9984014443252818e-15
1804 3082 6 3.8152814241243505e-11
1804 4948 9 1.1102230246251565e-16
1805 3082 7 2.9765079290200447e-13
1808 3082 7 2.9765079290200447e-13
1810 3660 11 1.1102230246251565e-16
1810 4325 6 3.8152814241243505e-11
1815 3082 6 3.8152814241243505e-11
1829 3168 28 1.1102230246251565e-16
1831 4831 18 1.1102230246251565e-16
1832 4831 9 1.1102230246251565e-16
1837 4885 6 3.8152814241243505e-11
1837 4887 32 1.1102230246251565e-16
1841 2832 7 2.9765079290200447e-13
1845 2316 6 3.8152814241243505e-11
1845 4078 12 1.1102230246251565e-16
1849 4358 19 1.1102230246251565e-16
1851 2641 9 1.1102230246251565e-16
1858 2812 12 1.1102230246251565e-16
1858 5163 6 3.8152814241243505e-11
1870 2787 7 2.9765079290200447e-13
1879 2206 12 1.1102230246251565e-16
1880 4890 11 1.1102230246251565e-16
1903 5160 6 3.8152814241243505e-11
1907 3461 7 2.9765079290200447e-13
1914 4369 11 1.1102230246251565e-16
1919 2387 6 3.8152814241243505e-11
1921 3289 8 1.9984014443252818e-15
1923 2475 6 3.8152814241243505e-11
1926 3704 7 2.9765079290200447e-13
1927 5134 14 1.1102230246251565e-16
1928 3765 7 2.9765079290200447e-13
1930 2749 7 2.9765079290200447e-13
1946 2743 7 2.9765079290200447e-13
1963 2378 7 2.9765079290200447e-13
1963 2379 11 1.1102230246251565e-16
1965 4815 9 1.1102230246251565e-16
1978 3879 13 1.1102230246251565e-16
1991 2990 24 1.1102230246251565e-16
2003 3082 66 1.1102230246251565e-16
2003 4254 19 1.1102230246251565e-16
2004 3082 22 1.1102230246251565e-16
2004 4515 6 3.8152814241243505e-11
2005 3082 29 1.1102230246251565e-16
2005 4254 8 1.9984014443252818e-15
2006 3082 29 1.1102230246251565e-16
2006 4254 10 1.1102230246251565e-16
2006 4508 6 3.8152814241243505e-11
2007 3082 26 1.1102230246251565e-16
2007 4254 6 3.8152814241243505e-11
2008 3082 12 1.1102230246251565e-16
2009 3082 28 1.1102230246251565e-16
2010 3082 27 1.1102230246251565e-16
2010 4254 7 2.9765079290200447e-13
2011 2814 16 1.1102230246251565e-16
2011 3082 14 1.1102230246251565e-16
2011 5287 10 1.1102230246251565e-16
2018 3082 18 1.1102230246251565e-16
2019 3082 9 1.1102230246251565e-16
2021 3082 20 1.1102230246251565e-16
2021 4660 6 3.8152814241243505e-11
2022 3082 19 1.1102230246251565e-16
2023 3082 21 1.1102230246251565e-16
2024 3082 26 1.1102230246251565e-16
2025 2521 6 3.8152814241243505e-11
2025 3082 13 1.1102230246251565e-16
2026 3082 18 1.1102230246251565e-16
2027 3082 12 1.1102230246251565e-16
2029 3082 10 1.1102230246251565e-16
2030 2310 6 3.8152814241243505e-11
2030 3082 26 1.1102230246251565e-16
2030 4508 6 3.8152814241243505e-11
2031 3082 20 1.1102230246251565e-16
2031 3875 7 2.9765079290200447e-13
2031 4254 7 2.9765079290200447e-13
2032 3082 15 1.1102230246251565e-16
2033 3082 8 1.9984014443252818e-15
2034 3082 17 1.1102230246251565e-16
2035 3082 13 1.1102230246251565e-16
2036 3082 20 1.1102230246251565e-16
2036 4508 7 2.9765079290200447e-13
2037 3082 24 1.1102230246251565e-16
2037 4254 7 2.9765079290200447e-13
2038 3082 13 1.1102230246251565e-16
2045 3082 11 1.1102230246251565e-16
2046 2392 12 1.1102230246251565e-16
2046 3082 11 1.1102230246251565e-16
2047 3082 18 1.1102230246251565e-16
2047 4254 6 3.8152814241243505e-11
2048 3082 16 1.1102230246251565e-16
2049 3082 19 1.1102230246251565e-16
2050 3082 12 1.1102230246251565e-16
2051 3082 8 1.9984014443252818e-15
2052 3082 12 1.1102230246251565e-16
2053 3082 9 1.1102230246251565e-16
2054 3082 17 1.1102230246251565e-16
2054 4254 9 1.1102230246251565e-16
2055 2627 8 1.9984014443252818e-15
2055 2628 7 2.9765079290200447e-13
2055 3082 14 1.1102230246251565e-16
2056 3082 13 1.1102230246251565e-16
2056 4208 6 3.8152814241243505e-11
2057 3082 14 1.1102230246251565e-16
2058 3082 21 1.1102230246251565e-16
2058 4254 7 2.9765079290200447e-13
2059 3082 9 1.1102230246251565e-16
2060 3082 12 1.1102230246251565e-16
2061 3479 8 1.9984014443252818e-15
2066 3082 8 1.9984014443252818e-15
2066 4773 6 3.8152814241243505e-11
2067 3082 14 1.1102230246251565e-16
2067 4254 6 3.8152814241243505e-11
2068 3082 10 1.1102230246251565e-16
2071 3082 8 1.9984014443252818e-15
2072 3082 12 1.1102230246251565e-16
2073 3082 11 1.1102230246251565e-16
2074 3082 7 2.9765079290200447e-13
2090 3082 11 1.1102230246251565e-16
2091 3082 11 1.1102230246251565e-16
2091 4986 7 2.9765079290200447e-13
2093 3082 7 2.9765079290200447e-13
2094 3082 7 2.9765079290200447e-13
2097 3082 6 3.8152814241243505e-11
2098 3082 12 1.1102230246251565e-16
2101 3082 10 1.1102230246251565e-16
2101 4842 7 2.9765079290200447e-13
2101 4843 6 3.8152814241243505e-11
2102 4206 6 3.8152814241243505e-11
2104 3082 7 2.9765079290200447e-13
2105 3082 8 1.9984014443252818e-15
2112 3082 6 3.8152814241243505e-11
2115 3082 6 3.8152814241243505e-11
2136 3082 6 3.8152814241243505e-11
2142 3082 6 3.8152814241243505e-11
2147 3082 6 3.8152814241243505e-11
2163 4019 8 1.9984014443252818e-15
2170 4214 8 1.9984014443252818e-15
2174 3082 7 2.9765079290200447e-13
2175 3082 9 1.1102230246251565e-16
2183 4072 8 1.9984014443252818e-15
2184 3951 7 2.9765079290200447e-13
2185 3951 7 2.9765079290200447e-13
2189 2322 12 1.1102230246251565e-16
2189 4647 20 1.1102230246251565e-16
2201 2426 8 1.9984014443252818e-15
2204 4400 23 1.1102230246251565e-16
2215 2661 18 1.1102230246251565e-16
2218 3360 7 2.9765079290200447e-13
2220 3560 25 1.1102230246251565e-16
2220 4081 7 2.9765079290200447e-13
2221 3103 8 1.9984014443252818e-15
2239 2922 15 1.1102230246251565e-16
2255 2969 7 2.9765079290200447e-13
2255 2970 7 2.9765079290200447e-13
2264 2449 6 3.8152814241243505e-11
2264 3679 8 1.9984014443252818e-15
2264 4221 6 3.8152814241243505e-11
2265 2783 6 3.8152814241243505e-11
2268 4922 21 1.1102230246251565e-16
2268 4923 6 3.8152814241243505e-11
2269 3278 8 1.9984014443252818e-15
2271 4295 10 1.1102230246251565e-16
2293 4591 6 3.8152814241243505e-11
2309 3082 69 1.1102230246251565e-16
2309 4254 17 1.1102230246251565e-16
2310 3082 45 1.1102230246251565e-16
2310 4254 9 1.1102230246251565e-16
2310 4538 87 1.1102230246251565e-16
2311 2652 14 1.1102230246251565e-16
2311 3082 47 1.1102230246251565e-16
2311 4254 10 1.1102230246251565e-16
2312 3082 35 1.1102230246251565e-16
2312 3569 9 1.1102230246251565e-16
2312 4254 7 2.9765079290200447e-13
2313 3082 30 1.1102230246251565e-16
2314 3082 33 1.1102230246251565e-16
2314 3842 7 2.9765079290200447e-13
2315 3082 35 1.1102230246251565e-16
2316 3082 24 1.1102230246251565e-16
2317 3016 8 1.9984014443252818e-15
2317 3082 25 1.1102230246251565e-16
2318 3082 24 1.1102230246251565e-16
2319 3082 25 1.1102230246251565e-16
2319 4254 6 3.8152814241243505e-11
2320 3082 33 1.1102230246251565e-16
2321 3082 35 1.1102230246251565e-16
2322 3082 32 1.1102230246251565e-16
2323 3082 28 1.1102230246251565e-16
2323 3619 8 1.9984014443252818e-15
2323 4254 6 3.8152814241243505e-11
2324 3082 26 1.1102230246251565e-16
2324 5249 6 3.8152814241243505e-11
2325 3082 19 1.1102230246251565e-16
2326 3082 27 1.1102230246251565e-16
2327 3082 18 1.1102230246251565e-16
2327 4254 6 3.8152814241243505e-11
2328 3082 21 1.1102230246251565e-16
2329 3082 24 1.1102230246251565e-16
2330 3082 28 1.1102230246251565e-16
2331 3082 23 1.1102230246251565e-16
2331 4254 9 1.1102230246251565e-16
2332 3082 24 1.1102230246251565e-16
2333 3082 21 1.1102230246251565e-16
2333 4254 7 2.9765079290200447e-13
2334 3082 15 1.1102230246251565e-16
2335 3082 16 1.1102230246251565e-16
2336 3082 20 1.1102230246251565e-16
2337 3082 20 1.1102230246251565e-16
2338 3082 17 1.1102230246251565e-16
2339 3082 20 1.1102230246251565e-16
2340 3082 28 1.1102230246251565e-16
2341 3082 11 1.1102230246251565e-16
2342 3082 6 3.8152814241243505e-11
2349 3082 17 1.1102230246251565e-16
2350 3082 22 1.1102230246251565e-16
2351 3082 13 1.1102230246251565e-16
2352 3082 18 1.1102230246251565e-16
2353 3082 19 1.1102230246251565e-16
2354 3082 21 1.1102230246251565e-16
2355 3082 21 1.1102230246251565e-16
2356 3082 16 1.1102230246251565e-16
2357 3082 19 1.1102230246251565e-16
2358 3082 14 1.1102230246251565e-16
2359 3082 19 1.1102230246251565e-16
2360 3082 13 1.1102230246251565e-16
2361 2720 8 1.9984014443252818e-15
2361 2892 9 1.1102230246251565e-16
2361 3082 6 3.8152814241243505e-11
2362 3082 15 1.1102230246251565e-16
2363 3082 14 1.1102230246251565e-16
2364 3082 10 1.1102230246251565e-16
2365 3069 7 2.9765079290200447e-13
2365 3082 10 1.1102230246251565e-16
2366 3082 12 1.1102230246251565e-16
2367 3082 9 1.1102230246251565e-16
2368 3082 7 2.9765079290200447e-13
2369 3082 14 1.1102230246251565e-16
2370 3082 7 2.9765079290200447e-13
2371 3082 8 1.9984014443252818e-15
2371 4190 6 3.8152814241243505e-11
2372 3082 19 1.1102230246251565e-16
2373 3082 11 1.1102230246251565e-16
2374 3082 18 1.1102230246251565e-16
2375 3082 6 3.8152814241243505e-11
2376 3082 10 1.1102230246251565e-16
2377 3082 7 2.9765079290200447e-13
2378 3082 14 1.1102230246251565e-16
2379 3082 8 1.9984014443252818e-15
2381 3082 7 2.9765079290200447e-13
2382 3082 7 2.9765079290200447e-13
2383 3082 10 1.1102230246251565e-16
2384 3082 8 1.9984014443252818e-15
2385 3082 7 2.9765079290200447e-13
2385 4389 7 2.9765079290200447e-13
2386 3082 9 1.1102230246251565e-16
2387 3082 6 3.8152814241243505e-11
2389 3082 6 3.8152814241243505e-11
2390 3082 6 3.8152814241243505e-11
2393 3082 10 1.1102230246251565e-16
2394 3082 10 1.1102230246251565e-16
2395 3082 6 3.8152814241243505e-11
2396 3082 6 3.8152814241243505e-11
2397 3082 11 1.1102230246251565e-16
2398 3082 16 1.1102230246251565e-16
2399 3082 12 1.1102230246251565e-16
2400 3082 8 1.9984014443252818e-15
2401 3571 10 1.1102230246251565e-16
2402 3082 6 3.8152814241243505e-11
2404 3082 7 2.9765079290200447e-13
2405 3082 8 1.9984014443252818e-15
2406 3082 7 2.9765079290200447e-13
2406 3838 6 3.8152814241243505e-11
2408 4672 7 2.9765079290200447e-13
2409 3082 6 3.8152814241243505e-11
2419 3082 6 3.8152814241243505e-11
2423 3082 10 1.1102230246251565e-16
2431 3082 6 3.8152814241243505e-11
2434 4499 10 1.1102230246251565e-16
2435 4141 7 2.9765079290200447e-13
2437 4970 8 1.9984014443252818e-15
2439 3082 6 3.8152814241243505e-11
2441 2844 10 1.1102230246251565e-16
2446 4259 6 3.8152814241243505e-11
2448 4510 6 3.8152814241243505e-11
2449 4214 6 3.8152814241243505e-11
2449 4218 7 2.9765079290200447e-13
2453 3082 10 1.1102230246251565e-16
2458 3907 9 1.1102230246251565e-16
2459 4738 6 3.8152814241243505e-11
2475 3082 6 3.8152814241243505e-11
2478 2677 12 1.1102230246251565e-16
2494 3214 16 1.1102230246251565e-16
2503 3429 6 3.8152814241243505e-11
2509 3424 6 3.8152814241243505e-11
2510 3424 11 1.1102230246251565e-16
2511 3424 28 1.1102230246251565e-16
2519 3390 8 1.9984014443252818e-15
2519 4207 6 3.8152814241243505e-11
2520 2677 7 2.9765079290200447e-13
2520 2929 6 3.8152814241243505e-11
2520 2930 24 1.1102230246251565e-16
2520 2931 85 1.1102230246251565e-16
2520 2932 6 3.8152814241243505e-11
2520 2936 6 3.8152814241243505e-11
2521 3316 6 3.8152814241243505e-11
2521 5065 6 3.8152814241243505e-11
2522 3082 7 2.9765079290200447e-13
2551 4451 6 3.8152814241243505e-11
2552 3082 6 3.8152814241243505e-11
2554 3070 6 3.8152814241243505e-11
2554 3329 29 1.1102230246251565e-16
2557 3545 6 3.8152814241243505e-11
2565 4649 14 1.1102230246251565e-16
2566 4649 14 1.1102230246251565e-16
2573 3082 33 1.1102230246251565e-16
2574 3082 25 1.1102230246251565e-16
2575 3082 30 1.1102230246251565e-16
2576 3082 24 1.1102230246251565e-16
2577 3082 23 1.1102230246251565e-16
2578 2930 10 1.1102230246251565e-16
2578 3082 21 1.1102230246251565e-16
2578 3496 7 2.9765079290200447e-13
2578 3498 8 1.9984014443252818e-15
2579 3082 21 1.1102230246251565e-16
2580 3082 14 1.1102230246251565e-16
2581 3082 30 1.1102230246251565e-16
2582 3082 29 1.1102230246251565e-16
2583 3082 14 1.1102230246251565e-16
2584 3082 24 1.1102230246251565e-16
2585 3082 18 1.1102230246251565e-16
2586 3082 14 1.1102230246251565e-16
2587 3082 15 1.1102230246251565e-16
2588 3082 14 1.1102230246251565e-16
2589 3082 24 1.1102230246251565e-16
2590 3082 23 1.1102230246251565e-16
2591 3082 16 1.1102230246251565e-16
2592 3082 28 1.1102230246251565e-16
2593 3082 19 1.1102230246251565e-16
2594 3082 18 1.1102230246251565e-16
2595 3082 17 1.1102230246251565e-16
2596 3082 14 1.1102230246251565e-16
2597 3082 11 1.1102230246251565e-16
2598 3082 10 1.1102230246251565e-16
2599 3082 13 1.1102230246251565e-16
2600 3082 14 1.1102230246251565e-16
2601 3082 15 1.1102230246251565e-16
2602 3082 13 1.1102230246251565e-16
2603 3082 23 1.1102230246251565e-16
2604 3082 11 1.1102230246251565e-16
2604 4247 7 2.9765079290200447e-13
2605 3082 8 1.9984014443252818e-15
2605 5117 9 1.1102230246251565e-16
2606 3082 7 2.9765079290200447e-13
2606 5117 6 3.8152814241243505e-11
2607 3082 17 1.1102230246251565e-16
2608 3082 13 1.1102230246251565e-16
2608 4719 6 3.8152814241243505e-11
2609 3082 10 1.1102230246251565e-16
2609 4844 7 2.9765079290200447e-13
2610 3082 10 1.1102230246251565e-16
2611 3082 15 1.1102230246251565e-16
2612 3082 20 1.1102230246251565e-16
2613 3082 16 1.1102230246251565e-16
2614 3082 8 1.9984014443252818e-15
2616 3082 9 1.1102230246251565e-16
2617 3082 6 3.8152814241243505e-11
2618 3082 8 1.9984014443252818e-15
2620 3082 15 1.1102230246251565e-16
2622 3082 8 1.9984014443252818e-15
2623 3082 9 1.1102230246251565e-16
2624 3082 6 3.8152814241243505e-11
2625 3082 11 1.1102230246251565e-16
2626 3082 7 2.9765079290200447e-13
2627 3082 12 1.1102230246251565e-16
2628 2827 6 3.8152814241243505e-11
2628 3082 14 1.1102230246251565e-16
2629 3082 13 1.1102230246251565e-16
2629 3085 6 3.8152814241243505e-11
2630 3082 10 1.1102230246251565e-16
2631 3082 7 2.9765079290200447e-13
2632 3082 12 1.1102230246251565e-16
2633 3082 9 1.1102230246251565e-16
2634 3082 7 2.9765079290200447e-13
2635 3082 10 1.1102230246251565e-16
2636 3082 8 1.9984014443252818e-15
2637 3082 14 1.1102230246251565e-16
2640 3082 9 1.1102230246251565e-16
2641 3082 11 1.1102230246251565e-16
2642 3082 10 1.1102230246251565e-16
2644 3082 6 3.8152814241243505e-11
2645 3158 8 1.9984014443252818e-15
2646 3082 10 1.1102230246251565e-16
2647 3082 6 3.8152814241243505e-11
2647 4156 7 2.9765079290200447e-13
2648 3082 7 2.9765079290200447e-13
2649 3082 6 3.8152814241243505e-11
2650 3082 9 1.1102230246251565e-16
2651 3082 6 3.8152814241243505e-11
2652 2984 6 3.8152814241243505e-11
2652 3082 6 3.8152814241243505e-11
2653 3082 8 1.9984014443252818e-15
2654 3082 6 3.8152814241243505e-11
2655 4839 6 3.8152814241243505e-11
2656 3082 8 1.9984014443252818e-15
2656 4507 6 3.8152814241243505e-11
2657 3082 6 3.8152814241243505e-11
2658 3082 9 1.1102230246251565e-16
2659 4721 7 2.9765079290200447e-13
2660 3082 8 1.9984014443252818e-15
2661 3082 9 1.1102230246251565e-16
2665 3082 6 3.8152814241243505e-11
2666 3082 6 3.8152814241243505e-11
2668 3082 7 2.9765079290200447e-13
2671 3082 6 3.8152814241243505e-11
2677 3082 10 1.1102230246251565e-16
2678 3082 8 1.9984014443252818e-15
2679 3082 8 1.9984014443252818e-15
2680 3082 8 1.9984014443252818e-15
2681 3082 7 2.9765079290200447e-13
2681 3569 6 3.8152814241243505e-11
2689 3082 6 3.8152814241243505e-11
2696 3082 7 2.9765079290200447e-13
2696 5220 11 1.1102230246251565e-16
2697 3082 9 1.1102230246251565e-16
2700 3082 7 2.9765079290200447e-13
2702 4629 18 1.1102230246251565e-16
2711 3082 6 3.8152814241243505e-11
2713 5149 10 1.1102230246251565e-16
2724 3118 11 1.1102230246251565e-16
2726 5149 6 3.8152814241243505e-11
2732 3641 16 1.1102230246251565e-16
2742 4388 12 1.1102230246251565e-16
2780 4353 12 1.1102230246251565e-16
2783 3194 6 3.8152814241243505e-11
2783 3306 6 3.8152814241243505e-11
2783 3314 6 3.8152814241243505e-11
2795 3074 7 2.9765079290200447e-13
2803 4361 30 1.1102230246251565e-16
2803 4362 9 1.1102230246251565e-16
2808 3728 7 2.9765079290200447e-13
2814 5287 8 1.9984014443252818e-15
2822 3082 18 1.1102230246251565e-16
2823 3082 14 1.1102230246251565e-16
2824 3082 17 1.1102230246251565e-16
2825 3082 15 1.1102230246251565e-16
2826 3082 16 1.1102230246251565e-16
2827 3082 17 1.1102230246251565e-16
2828 3082 17 1.1102230246251565e-16
2829 3082 23 1.1102230246251565e-16
2830 3082 21 1.1102230246251565e-16
2831 3082 14 1.1102230246251565e-16
2832 3082 14 1.1102230246251565e-16
2833 3082 16 1.1102230246251565e-16
2834 3082 18 1.1102230246251565e-16
2835 3082 10 1.1102230246251565e-16
2836 3082 10 1.1102230246251565e-16
2837 3082 10 1.1102230246251565e-16
2838 3082 19 1.1102230246251565e-16
2838 4538 8 1.9984014443252818e-15
2839 3082 10 1.1102230246251565e-16
2840 3082 21 1.1102230246251565e-16
2841 3082 18 1.1102230246251565e-16
2842 3082 17 1.1102230246251565e-16
2842 3512 6 3.8152814241243505e-11
2843 3082 16 1.1102230246251565e-16
2844 3082 15 1.1102230246251565e-16
2845 3082 10 1.1102230246251565e-16
2846 3082 13 1.1102230246251565e-16
2847 3082 11 1.1102230246251565e-16
2847 3110 9 1.1102230246251565e-16
2848 3082 8 1.9984014443252818e-15
2849 3082 17 1.1102230246251565e-16
2850 3082 11 1.1102230246251565e-16
2850 4905 11 1.1102230246251565e-16
2851 3082 18 1.1102230246251565e-16
2852 3082 12 1.1102230246251565e-16
2853 3082 11 1.1102230246251565e-16
2854 3082 14 1.1102230246251565e-16
2855 3082 11 1.1102230246251565e-16
2856 3082 10 1.1102230246251565e-16
2857 3082 10 1.1102230246251565e-16
2859 3082 11 1.1102230246251565e-16
2859 3569 6 3.8152814241243505e-11
2860 3082 11 1.1102230246251565e-16
2861 3082 16 1.1102230246251565e-16
2862 3082 12 1.1102230246251565e-16
2863 3082 8 1.9984014443252818e-15
2864 3082 17 1.1102230246251565e-16
2865 3082 6 3.8152814241243505e-11
2866 3082 11 1.1102230246251565e-16
2867 3082 14 1.1102230246251565e-16
2868 3082 12 1.1102230246251565e-16
2869 3082 10 1.1102230246251565e-16
2871 3082 10 1.1102230246251565e-16
2872 3082 8 1.9984014443252818e-15
2874 3082 7 2.9765079290200447e-13
2875 3082 6 3.8152814241243505e-11
2876 3082 11 1.1102230246251565e-16
2876 4807 12 1.1102230246251565e-16
2877 3082 6 3.8152814241243505e-11
2878 3082 9 1.1102230246251565e-16
2879 3082 9 1.1102230246251565e-16
2882 3082 7 2.9765079290200447e-13
2883 3082 6 3.8152814241243505e-11
2884 3082 6 3.8152814241243505e-11
2885 3082 6 3.8152814241243505e-11
2886 3082 8 1.9984014443252818e-15
2890 3082 6 3.8152814241243505e-11
2891 3876 6 3.8152814241243505e-11
2892 3082 8 1.9984014443252818e-15
2893 3082 7 2.9765079290200447e-13
2897 3082 8 1.9984014443252818e-15
2898 3082 9 1.1102230246251565e-16
2899 3082 9 1.1102230246251565e-16
2900 3082 6 3.8152814241243505e-11
2902 3082 8 1.9984014443252818e-15
2905 3082 9 1.1102230246251565e-16
2909 3082 7 2.9765079290200447e-13
2919 3082 6 3.8152814241243505e-11
2921 3605 7 2.9765079290200447e-13
2922 3082 6 3.8152814241243505e-11
2931 3082 6 3.8152814241243505e-11
2937 3082 6 3.8152814241243505e-11
2938 5161 7 2.9765079290200447e-13
2939 3082 6 3.8152814241243505e-11
2940 3509 7 2.9765079290200447e-13
2940 4552 6 3.8152814241243505e-11
2948 3574 23 1.1102230246251565e-16
2950 3082 6 3.8152814241243505e-11
2971 4523 7 2.9765079290200447e-13
2980 3082 7 2.9765079290200447e-13
2992 4078 10 1.1102230246251565e-16
3003 4337 9 1.1102230246251565e-16
3030 4606 13 1.1102230246251565e-16
3043 5089 7 2.9765079290200447e-13
3045 4095 7 2.9765079290200447e-13
3069 3289 6 3.8152814241243505e-11
3071 3231 6 3.8152814241243505e-11
3071 3543 6 3.8152814241243505e-11
3071 4156 7 2.9765079290200447e-13
3075 4954 8 1.9984014443252818e-15
3082 3326 11 1.1102230246251565e-16
3082 3327 8 1.9984014443252818e-15
3082 3328 8 1.9984014443252818e-15
3082 3329 15 1.1102230246251565e-16
3082 3330 10 1.1102230246251565e-16
3082 3332 12 1.1102230246251565e-16
3082 3333 12 1.1102230246251565e-16
3082 3334 10 1.1102230246251565e-16
3082 3335 11 1.1102230246251565e-16
3082 3336 15 1.1102230246251565e-16
3082 3337 7 2.9765079290200447e-13
3082 3338 9 1.1102230246251565e-16
3082 3339 12 1.1102230246251565e-16
3082 3340 9 1.1102230246251565e-16
3082 3342 9 1.1102230246251565e-16
3082 3343 14 1.1102230246251565e-16
3082 3344 7 2.9765079290200447e-13
3082 3345 10 1.1102230246251565e-16
3082 3346 9 1.1102230246251565e-16
3082 3347 9 1.1102230246251565e-16
3082 3348 6 3.8152814241243505e-11
3082 3351 6 3.8152814241243505e-11
3082 3352 8 1.9984014443252818e-15
3082 3353 9 1.1102230246251565e-16
3082 3354 6 3.8152814241243505e-11
3082 3382 9 1.1102230246251565e-16
3082 3383 7 2.9765079290200447e-13
3082 3385 6 3.8152814241243505e-11
3082 3387 6 3.8152814241243505e-11
3082 3392 8 1.9984014443252818e-15
3082 3396 7 2.9765079290200447e-13
3082 3413 6 3.8152814241243505e-11
3082 3569 21 1.1102230246251565e-16
3082 3570 31 1.1102230246251565e-16
3082 3571 25 1.1102230246251565e-16
3082 3572 19 1.1102230246251565e-16
3082 3573 23 1.1102230246251565e-16
3082 3574 27 1.1102230246251565e-16
3082 3575 16 1.1102230246251565e-16
3082 3576 17 1.1102230246251565e-16
3082 3577 18 1.1102230246251565e-16
3082 3578 23 1.1102230246251565e-16
3082 3579 16 1.1102230246251565e-16
3082 3580 25 1.1102230246251565e-16
3082 3581 20 1.1102230246251565e-16
3082 3582 21 1.1102230246251565e-16
3082 3583 18 1.1102230246251565e-16
3082 3584 14 1.1102230246251565e-16
3082 3585 16 1.1102230246251565e-16
3082 3586 27 1.1102230246251565e-16
3082 3587 24 1.1102230246251565e-16
3082 3588 11 1.1102230246251565e-16
3082 3590 16 1.1102230246251565e-16
3082 3591 15 1.1102230246251565e-16
3082 3592 13 1.1102230246251565e-16
3082 3593 11 1.1102230246251565e-16
3082 3594 16 1.1102230246251565e-16
3082 3595 13 1.1102230246251565e-16
3082 3596 16 1.1102230246251565e-16
3082 3597 14 1.1102230246251565e-16
3082 3598 18 1.1102230246251565e-16
3082 3599 14 1.1102230246251565e-16
3082 3600 11 1.1102230246251565e-16
3082 3601 11 1.1102230246251565e-16
3082 3602 11 1.1102230246251565e-16
3082 3603 15 1.1102230246251565e-16
3082 3604 13 1.1102230246251565e-16
3082 3605 13 1.1102230246251565e-16
3082 3606 12 1.1102230246251565e-16
3082 3607 11 1.1102230246251565e-16
3082 3608 6 3.8152814241243505e-11
3082 3609 14 1.1102230246251565e-16
3082 3610 19 1.1102230246251565e-16
3082 3611 14 1.1102230246251565e-16
3082 3612 14 1.1102230246251565e-16
3082 3613 7 2.9765079290200447e-13
3082 3614 8 1.9984014443252818e-15
3082 3615 9 1.1102230246251565e-16
3082 3620 11 1.1102230246251565e-16
3082 3621 7 2.9765079290200447e-13
3082 3622 9 1.1102230246251565e-16
3082 3623 6 3.8152814241243505e-11
3082 3624 8 1.9984014443252818e-15
3082 3625 9 1.1102230246251565e-16
3082 3626 6 3.8152814241243505e-11
3082 3627 6 3.8152814241243505e-11
3082 3629 7 2.9765079290200447e-13
3082 3630 9 1.1102230246251565e-16
3082 3631 6 3.8152814241243505e-11
3082 3632 6 3.8152814241243505e-11
3082 3635 8 1.9984014443252818e-15
3082 3636 7 2.9765079290200447e-13
3082 3638 9 1.1102230246251565e-16
3082 3639 10 1.1102230246251565e-16
3082 3640 8 1.9984014443252818e-15
3082 3641 6 3.8152814241243505e-11
3082 3642 6 3.8152814241243505e-11
3082 3644 7 2.9765079290200447e-13
3082 3648 10 1.1102230246251565e-16
3082 3649 9 1.1102230246251565e-16
3082 3650 6 3.8152814241243505e-11
3082 3656 9 1.1102230246251565e-16
3082 3658 9 1.1102230246251565e-16
3082 3659 9 1.1102230246251565e-16
3082 3660 7 2.9765079290200447e-13
3082 3661 6 3.8152814241243505e-11
3082 3662 7 2.9765079290200447e-13
3082 3667 8 1.9984014443252818e-15
3082 3670 6 3.8152814241243505e-11
3082 3679 30 1.1102230246251565e-16
3082 3689 8 1.9984014443252818e-15
3082 3719 6 3.8152814241243505e-11
3082 3756 6 3.8152814241243505e-11
3082 3821 11 1.1102230246251565e-16
3082 3822 20 1.1102230246251565e-16
3082 3823 14 1.1102230246251565e-16
3082 3824 22 1.1102230246251565e-16
3082 3825 16 1.1102230246251565e-16
3082 3826 12 1.1102230246251565e-16
3082 3827 14 1.1102230246251565e-16
3082 3828 17 1.1102230246251565e-16
3082 3829 15 1.1102230246251565e-16
3082 3830 11 1.1102230246251565e-16
3082 3831 19 1.1102230246251565e-16
3082 3832 14 1.1102230246251565e-16
3082 3833 13 1.1102230246251565e-16
3082 3834 13 1.1102230246251565e-16
3082 3835 27 1.1102230246251565e-16
3082 3836 10 1.1102230246251565e-16
3082 3837 16 1.1102230246251565e-16
3082 3838 21 1.1102230246251565e-16
3082 3839 19 1.1102230246251565e-16
3082 3840 20 1.1102230246251565e-16
3082 3841 19 1.1102230246251565e-16
3082 3842 29 1.1102230246251565e-16
3082 3843 25 1.1102230246251565e-16
3082 3844 21 1.1102230246251565e-16
3082 3845 8 1.9984014443252818e-15
3082 3846 14 1.1102230246251565e-16
3082 3847 12 1.1102230246251565e-16
3082 3848 15 1.1102230246251565e-16
3082 3849 13 1.1102230246251565e-16
3082 3850 11 1.1102230246251565e-16
3082 3853 8 1.9984014443252818e-15
3082 3854 7 2.9765079290200447e-13
3082 3856 7 2.9765079290200447e-13
3082 3857 6 3.8152814241243505e-11
3082 3859 11 1.1102230246251565e-16
3082 3860 15 1.1102230246251565e-16
3082 3861 8 1.9984014443252818e-15
3082 3862 7 2.9765079290200447e-13
3082 3863 8 1.9984014443252818e-15
3082 3864 14 1.1102230246251565e-16
3082 3865 8 1.9984014443252818e-15
3082 3866 11 1.1102230246251565e-16
3082 3867 6 3.8152814241243505e-11
3082 3868 6 3.8152814241243505e-11
3082 3869 9 1.1102230246251565e-16
3082 3871 9 1.1102230246251565e-16
3082 3872 6 3.8152814241243505e-11
3082 3873 10 1.1102230246251565e-16
3082 3874 7 2.9765079290200447e-13
3082 3875 9 1.1102230246251565e-16
3082 3876 9 1.1102230246251565e-16
3082 3878 8 1.9984014443252818e-15
3082 3879 6 3.8152814241243505e-11
3082 3882 8 1.9984014443252818e-15
3082 3883 7 2.9765079290200447e-13
3082 3885 7 2.9765079290200447e-13
3082 3896 6 3.8152814241243505e-11
3082 3897 8 1.9984014443252818e-15
3082 3898 6 3.8152814241243505e-11
3082 3901 6 3.8152814241243505e-11
3082 3902 7 2.9765079290200447e-13
3082 3907 7 2.9765079290200447e-13
3082 3909 7 2.9765079290200447e-13
3082 3918 6 3.8152814241243505e-11
3082 3920 6 3.8152814241243505e-11
3082 3924 8 1.9984014443252818e-15
3082 3926 6 3.8152814241243505e-11
3082 3951 6 3.8152814241243505e-11
3082 4061 34 1.1102230246251565e-16
3082 4062 20 1.1102230246251565e-16
3082 4063 20 1.1102230246251565e-16
3082 4064 21 1.1102230246251565e-16
3082 4065 16 1.1102230246251565e-16
3082 4066 16 1.1102230246251565e-16
3082 4067 24 1.1102230246251565e-16
3082 4068 26 1.1102230246251565e-16
3082 4069 20 1.1102230246251565e-16
3082 4070 18 1.1102230246251565e-16
3082 4071 27 1.1102230246251565e-16
3082 4072 24 1.1102230246251565e-16
3082 4073 25 1.1102230246251565e-16
3082 4074 18 1.1102230246251565e-16
3082 4075 27 1.1102230246251565e-16
3082 4076 17 1.1102230246251565e-16
3082 4077 15 1.1102230246251565e-16
3082 4078 24 1.1102230246251565e-16
3082 4079 20 1.1102230246251565e-16
3082 4080 21 1.1102230246251565e-16
3082 4081 19 1.1102230246251565e-16
3082 4082 12 1.1102230246251565e-16
3082 4083 16 1.1102230246251565e-16
3082 4084 19 1.1102230246251565e-16
3082 4085 16 1.1102230246251565e-16
3082 4086 16 1.1102230246251565e-16
3082 4087 24 1.1102230246251565e-16
3082 4088 17 1.1102230246251565e-16
3082 4089 11 1.1102230246251565e-16
3082 4090 20 1.1102230246251565e-16
3082 4091 16 1.1102230246251565e-16
3082 4092 21 1.1102230246251565e-16
3082 4093 16 1.1102230246251565e-16
3082 4094 16 1.1102230246251565e-16
3082 4095 14 1.1102230246251565e-16
3082 4096 15 1.1102230246251565e-16
3082 4097 12 1.1102230246251565e-16
3082 4098 15 1.1102230246251565e-16
3082 4099 17 1.1102230246251565e-16
3082 4100 14 1.1102230246251565e-16
3082 4101 11 1.1102230246251565e-16
3082 4102 17 1.1102230246251565e-16
3082 4103 11 1.1102230246251565e-16
3082 4104 10 1.1102230246251565e-16
3082 4105 9 1.1102230246251565e-16
3082 4106 9 1.1102230246251565e-16
3082 4108 11 1.1102230246251565e-16
3082 4109 10 1.1102230246251565e-16
3082 4110 11 1.1102230246251565e-16
3082 4111 13 1.1102230246251565e-16
3082 4112 8 1.9984014443252818e-15
3082 4113 7 2.9765079290200447e-13
3082 4114 9 1.1102230246251565e-16
3082 4115 12 1.1102230246251565e-16
3082 4116 14 1.1102230246251565e-16
3082 4117 7 2.9765079290200447e-13
3082 4119 11 1.1102230246251565e-16
3082 4120 11 1.1102230246251565e-16
3082 4121 7 2.9765079290200447e-13
3082 4122 8 1.9984014443252818e-15
3082 4123 11 1.1102230246251565e-16
3082 4124 8 1.9984014443252818e-15
3082 4125 8 1.9984014443252818e-15
3082 4126 11 1.1102230246251565e-16
3082 4127 13 1.1102230246251565e-16
3082 4128 15 1.1102230246251565e-16
3082 4129 10 1.1102230246251565e-16
3082 4130 8 1.9984014443252818e-15
3082 4131 12 1.1102230246251565e-16
3082 4132 11 1.1102230246251565e-16
3082 4133 7 2.9765079290200447e-13
3082 4134 6 3.8152814241243505e-11
3082 4137 12 1.1102230246251565e-16
3082 4138 6 3.8152814241243505e-11
3082 4139 6 3.8152814241243505e-11
3082 4141 8 1.9984014443252818e-15
3082 4152 7 2.9765079290200447e-13
3082 4155 7 2.9765079290200447e-13
3082 4172 6 3.8152814241243505e-11
3082 4178 6 3.8152814241243505e-11
3082 4217 7 2.9765079290200447e-13
3082 4218 6 3.8152814241243505e-11
3082 4220 8 1.9984014443252818e-15
3082 4221 6 3.8152814241243505e-11
3082 4233 6 3.8152814241243505e-11
3082 4254 254 1.1102230246251565e-16
3082 4260 6 3.8152814241243505e-11
3082 4268 20 1.1102230246251565e-16
3082 4269 22 1.1102230246251565e-16
3082 4270 24 1.1102230246251565e-16
3082 4271 24 1.1102230246251565e-16
3082 4272 24 1.1102230246251565e-16
3082 4273 13 1.1102230246251565e-16
3082 4274 19 1.1102230246251565e-16
3082 4275 18 1.1102230246251565e-16
3082 4276 14 1.1102230246251565e-16
3082 4277 14 1.1102230246251565e-16
3082 4278 20 1.1102230246251565e-16
3082 4279 15 1.1102230246251565e-16
3082 4280 13 1.1102230246251565e-16
3082 4281 12 1.1102230246251565e-16
3082 4282 16 1.1102230246251565e-16
3082 4283 9 1.1102230246251565e-16
3082 4284 12 1.1102230246251565e-16
3082 4285 6 3.8152814241243505e-11
3082 4286 19 1.1102230246251565e-16
3082 4287 15 1.1102230246251565e-16
3082 4288 11 1.1102230246251565e-16
3082 4289 13 1.1102230246251565e-16
3082 4290 16 1.1102230246251565e-16
3082 4291 15 1.1102230246251565e-16
3082 4292 8 1.9984014443252818e-15
3082 4293 14 1.1102230246251565e-16
3082 4294 16 1.1102230246251565e-16
3082 4295 10 1.1102230246251565e-16
3082 4296 16 1.1102230246251565e-16
3082 4297 10 1.1102230246251565e-16
3082 4298 10 1.1102230246251565e-16
3082 4299 9 1.1102230246251565e-16
3082 4300 10 1.1102230246251565e-16
3082 4301 11 1.1102230246251565e-16
3082 4302 6 3.8152814241243505e-11
3082 4303 10 1.1102230246251565e-16
3082 4304 11 1.1102230246251565e-16
3082 4305 11 1.1102230246251565e-16
3082 4306 8 1.9984014443252818e-15
3082 4307 9 1.1102230246251565e-16
3082 4309 7 2.9765079290200447e-13
3082 4310 7 2.9765079290200447e-13
3082 4311 6 3.8152814241243505e-11
3082 4312 8 1.9984014443252818e-15
3082 4314 6 3.8152814241243505e-11
3082 4315 9 1.1102230246251565e-16
3082 4317 6 3.8152814241243505e-11
3082 4318 9 1.1102230246251565e-16
3082 4319 9 1.1102230246251565e-16
3082 4320 7 2.9765079290200447e-13
3082 4323 10 1.1102230246251565e-16
3082 4324 7 2.9765079290200447e-13
3082 4326 10 1.1102230246251565e-16
3082 4327 9 1.1102230246251565e-16
3082 4329 6 3.8152814241243505e-11
3082 4331 9 1.1102230246251565e-16
3082 4332 7 2.9765079290200447e-13
3082 4334 10 1.1102230246251565e-16
3082 4335 8 1.9984014443252818e-15
3082 4341 8 1.9984014443252818e-15
3082 4346 8 1.9984014443252818e-15
3082 4347 6 3.8152814241243505e-11
3082 4349 6 3.8152814241243505e-11
3082 4454 6 3.8152814241243505e-11
3082 4465 51 1.1102230246251565e-16
3082 4466 32 1.1102230246251565e-16
3082 4467 33 1.1102230246251565e-16
3082 4468 27 1.1102230246251565e-16
3082 4469 19 1.1102230246251565e-16
3082 4470 11 1.1102230246251565e-16
3082 4471 17 1.1102230246251565e-16
3082 4473 6 3.8152814241243505e-11
3082 4474 10 1.1102230246251565e-16
3082 4476 14 1.1102230246251565e-16
3082 4477 23 1.1102230246251565e-16
3082 4478 17 1.1102230246251565e-16
3082 4479 24 1.1102230246251565e-16
3082 4480 15 1.1102230246251565e-16
3082 4481 18 1.1102230246251565e-16
3082 4482 14 1.1102230246251565e-16
3082 4483 20 1.1102230246251565e-16
3082 4484 13 1.1102230246251565e-16
3082 4485 9 1.1102230246251565e-16
3082 4486 10 1.1102230246251565e-16
3082 4487 13 1.1102230246251565e-16
3082 4488 16 1.1102230246251565e-16
3082 4489 17 1.1102230246251565e-16
3082 4490 13 1.1102230246251565e-16
3082 4491 13 1.1102230246251565e-16
3082 4492 12 1.1102230246251565e-16
3082 4493 10 1.1102230246251565e-16
3082 4494 16 1.1102230246251565e-16
3082 4495 17 1.1102230246251565e-16
3082 4496 7 2.9765079290200447e-13
3082 4497 15 1.1102230246251565e-16
3082 4498 10 1.1102230246251565e-16
3082 4499 14 1.1102230246251565e-16
3082 4500 9 1.1102230246251565e-16
3082 4501 6 3.8152814241243505e-11
3082 4502 13 1.1102230246251565e-16
3082 4503 7 2.9765079290200447e-13
3082 4504 8 1.9984014443252818e-15
3082 4506 11 1.1102230246251565e-16
3082 4507 14 1.1102230246251565e-16
3082 4508 9 1.1102230246251565e-16
3082 4509 6 3.8152814241243505e-11
3082 4510 8 1.9984014443252818e-15
3082 4511 8 1.9984014443252818e-15
3082 4512 8 1.9984014443252818e-15
3082 4513 11 1.1102230246251565e-16
3082 4514 9 1.1102230246251565e-16
3082 4516 9 1.1102230246251565e-16
3082 4517 7 2.9765079290200447e-13
3082 4519 11 1.1102230246251565e-16
3082 4520 7 2.9765079290200447e-13
3082 4521 10 1.1102230246251565e-16
3082 4522 6 3.8152814241243505e-11
3082 4523 12 1.1102230246251565e-16
3082 4524 8 1.9984014443252818e-15
3082 4526 7 2.9765079290200447e-13
3082 4529 8 1.9984014443252818e-15
3082 4530 9 1.1102230246251565e-16
3082 4535 9 1.1102230246251565e-16
3082 4544 6 3.8152814241243505e-11
3082 4545 6 3.8152814241243505e-11
3082 4556 6 3.8152814241243505e-11
3082 4629 6 3.8152814241243505e-11
3082 4656 46 1.1102230246251565e-16
3082 4657 9 1.1102230246251565e-16
3082 4658 7 2.9765079290200447e-13
3082 4659 11 1.1102230246251565e-16
3082 4660 7 2.9765079290200447e-13
3082 4664 9 1.1102230246251565e-16
3082 4665 6 3.8152814241243505e-11
3082 4667 6 3.8152814241243505e-11
3082 4671 7 2.9765079290200447e-13
3082 4676 6 3.8152814241243505e-11
3082 4678 6 3.8152814241243505e-11
3082 4679 8 1.9984014443252818e-15
3082 4683 6 3.8152814241243505e-11
3082 4684 8 1.9984014443252818e-15
3082 4687 7 2.9765079290200447e-13
3082 4689 6 3.8152814241243505e-11
3082 4691 6 3.8152814241243505e-11
3082 4701 7 2.9765079290200447e-13
3082 4704 6 3.8152814241243505e-11
3082 4780 6 3.8152814241243505e-11
3082 4788 6 3.8152814241243505e-11
3082 4789 7 2.9765079290200447e-13
3082 4838 9 1.1102230246251565e-16
3082 4839 14 1.1102230246251565e-16
3082 4840 6 3.8152814241243505e-11
3082 4841 11 1.1102230246251565e-16
3082 4844 13 1.1102230246251565e-16
3082 4846 6 3.8152814241243505e-11
3082 4847 8 1.9984014443252818e-15
3082 4849 6 3.8152814241243505e-11
3082 4852 9 1.1102230246251565e-16
3082 4854 6 3.8152814241243505e-11
3082 4855 6 3.8152814241243505e-11
3082 4856 9 1.1102230246251565e-16
3082 4857 9 1.1102230246251565e-16
3082 4858 13 1.1102230246251565e-16
3082 4859 12 1.1102230246251565e-16
3082 4861 8 1.9984014443252818e-15
3082 4862 6 3.8152814241243505e-11
3082 4864 8 1.9984014443252818e-15
3082 4865 7 2.9765079290200447e-13
3082 4867 8 1.9984014443252818e-15
3082 4869 7 2.9765079290200447e-13
3082 4870 10 1.1102230246251565e-16
3082 4871 10 1.1102230246251565e-16
3082 4874 8 1.9984014443252818e-15
3082 4877 9 1.1102230246251565e-16
3082 4878 7 2.9765079290200447e-13
3082 4881 7 2.9765079290200447e-13
3082 4885 6 3.8152814241243505e-11
3082 4889 7 2.9765079290200447e-13
3082 4891 6 3.8152814241243505e-11
3082 4900 8 1.9984014443252818e-15
3082 4902 8 1.9984014443252818e-15
3082 4903 6 3.8152814241243505e-11
3082 4908 6 3.8152814241243505e-11
3082 4914 8 1.9984014443252818e-15
3082 4915 9 1.1102230246251565e-16
3082 4919 6 3.8152814241243505e-11
3082 4920 6 3.8152814241243505e-11
3082 4922 6 3.8152814241243505e-11
3082 4931 7 2.9765079290200447e-13
3082 4952 6 3.8152814241243505e-11
3082 4965 8 1.9984014443252818e-15
3082 4966 12 1.1102230246251565e-16
3082 4967 10 1.1102230246251565e-16
3082 4968 11 1.1102230246251565e-16
3082 4969 7 2.9765079290200447e-13
3082 4972 11 1.1102230246251565e-16
3082 4973 11 1.1102230246251565e-16
3082 4974 13 1.1102230246251565e-16
3082 4975 8 1.9984014443252818e-15
3082 4976 14 1.1102230246251565e-16
3082 4977 10 1.1102230246251565e-16
3082 4978 15 1.1102230246251565e-16
3082 4979 7 2.9765079290200447e-13
3082 4980 9 1.1102230246251565e-16
3082 4981 9 1.1102230246251565e-16
3082 4982 7 2.9765079290200447e-13
3082 4984 7 2.9765079290200447e-13
3082 4985 7 2.9765079290200447e-13
3082 4986 6 3.8152814241243505e-11
3082 4987 8 1.9984014443252818e-15
3082 4988 8 1.9984014443252818e-15
3082 4990 8 1.9984014443252818e-15
3082 4991 8 1.9984014443252818e-15
3082 4992 7 2.9765079290200447e-13
3082 4996 9 1.1102230246251565e-16
3082 4997 8 1.9984014443252818e-15
3082 5000 9 1.1102230246251565e-16
3082 5001 6 3.8152814241243505e-11
3082 5032 6 3.8152814241243505e-11
3082 5034 6 3.8152814241243505e-11
3082 5040 7 2.9765079290200447e-13
3082 5044 8 1.9984014443252818e-15
3082 5045 6 3.8152814241243505e-11
3083 4518 6 3.8152814241243505e-11
3085 4326 9 1.1102230246251565e-16
3085 4508 6 3.8152814241243505e-11
3085 4842 6 3.8152814241243505e-11
3108 3614 11 1.1102230246251565e-16
3118 4566 11 1.1102230246251565e-16
3119 5281 7 2.9765079290200447e-13
3134 4328 20 1.1102230246251565e-16
3141 4109 7 2.9765079290200447e-13
3141 4881 21 1.1102230246251565e-16
3141 4882 12 1.1102230246251565e-16
3152 4395 16 1.1102230246251565e-16
3154 3458 6 3.8152814241243505e-11
3160 3706 7 2.9765079290200447e-13
3162 3934 7 2.9765079290200447e-13
3201 3702 10 1.1102230246251565e-16
3201 4218 11 1.1102230246251565e-16
3231 4106 25 1.1102230246251565e-16
3231 4174 9 1.1102230246251565e-16
3231 4207 6 3.8152814241243505e-11
3242 3618 9 1.1102230246251565e-16
3242 3673 16 1.1102230246251565e-16
3242 4126 6 3.8152814241243505e-11
3243 3673 9 1.1102230246251565e-16
3243 4126 9 1.1102230246251565e-16
3263 5087 13 1.1102230246251565e-16
3265 3493 6 3.8152814241243505e-11
3266 3545 6 3.8152814241243505e-11
3266 4639 7 2.9765079290200447e-13
3267 3587 7 2.9765079290200447e-13
3270 4842 6 3.8152814241243505e-11
3281 4919 6 3.8152814241243505e-11
3284 3462 11 1.1102230246251565e-16
3293 4538 66 1.1102230246251565e-16
3304 4902 6 3.8152814241243505e-11
3305 4902 14 1.1102230246251565e-16
3310 3548 6 3.8152814241243505e-11
3316 4923 6 3.8152814241243505e-11
3316 4924 6 3.8152814241243505e-11
3317 4923 6 3.8152814241243505e-11
3317 4924 7 2.9765079290200447e-13
3319 4953 16 1.1102230246251565e-16
3319 4954 28 1.1102230246251565e-16
3326 4465 7 2.9765079290200447e-13
3331 4931 6 3.8152814241243505e-11
3336 4560 17 1.1102230246251565e-16
3377 3715 23 1.1102230246251565e-16
3395 4347 7 2.9765079290200447e-13
3399 5123 22 1.1102230246251565e-16
3415 5170 11 1.1102230246251565e-16
3416 4300 10 1.1102230246251565e-16
3416 4744 7 2.9765079290200447e-13
3433 3772 7 2.9765079290200447e-13
3442 5159 6 3.8152814241243505e-11
3449 5162 6 3.8152814241243505e-11
3455 5254 8 1.9984014443252818e-15
3463 3803 8 1.9984014443252818e-15
3483 4254 6 3.8152814241243505e-11
3491 4253 6 3.8152814241243505e-11
3541 3774 20 1.1102230246251565e-16
3544 5248 11 1.1102230246251565e-16
3555 4087 7 2.9765079290200447e-13
3558 4169 9 1.1102230246251565e-16
3597 3878 9 1.1102230246251565e-16
3633 3949 6 3.8152814241243505e-11
3642 4667 14 1.1102230246251565e-16
3644 4606 9 1.1102230246251565e-16
3679 4254 254 1.1102230246251565e-16
3697 4988 11 1.1102230246251565e-16
3715 4670 11 1.1102230246251565e-16
3761 4379 18 1.1102230246251565e-16
3766 4501 6 3.8152814241243505e-11
3822 4465 6 3.8152814241243505e-11
3835 4289 6 3.8152814241243505e-11
3839 4467 6 3.8152814241243505e-11
3869 4509 6 3.8152814241243505e-11
3874 4846 6 3.8152814241243505e-11
3905 4968 10 1.1102230246251565e-16
3913 4431 6 3.8152814241243505e-11
3914 5142 6 3.8152814241243505e-11
3917 4466 6 3.8152814241243505e-11
3930 5100 7 2.9765079290200447e-13
3936 4323 6 3.8152814241243505e-11
3936 4324 8 1.9984014443252818e-15
3943 4931 8 1.9984014443252818e-15
3951 4258 7 2.9765079290200447e-13
3956 5095 8 1.9984014443252818e-15
3974 4183 6 3.8152814241243505e-11
4031 4940 10 1.1102230246251565e-16
4063 4828 8 1.9984014443252818e-15
4092 4613 8 1.9984014443252818e-15
4124 5135 7 2.9765079290200447e-13
4127 4510 6 3.8152814241243505e-11
4165 4722 8 1.9984014443252818e-15
4206 4923 6 3.8152814241243505e-11
4212 4518 6 3.8152814241243505e-11
4214 4517 6 3.8152814241243505e-11
4218 4621 10 1.1102230246251565e-16
4218 4843 6 3.8152814241243505e-11
4218 4926 6 3.8152814241243505e-11
4246 4739 10 1.1102230246251565e-16
4254 4269 6 3.8152814241243505e-11
4254 4271 10 1.1102230246251565e-16
4254 4272 12 1.1102230246251565e-16
4254 4273 9 1.1102230246251565e-16
4254 4274 8 1.9984014443252818e-15
4254 4277 6 3.8152814241243505e-11
4254 4278 7 2.9765079290200447e-13
4254 4280 9 1.1102230246251565e-16
4254 4281 8 1.9984014443252818e-15
4254 4282 9 1.1102230246251565e-16
4254 4285 7 2.9765079290200447e-13
4254 4287 8 1.9984014443252818e-15
4254 4288 7 2.9765079290200447e-13
4254 4291 11 1.1102230246251565e-16
4254 4292 6 3.8152814241243505e-11
4254 4293 9 1.1102230246251565e-16
4254 4294 8 1.9984014443252818e-15
4254 4295 7 2.9765079290200447e-13
4254 4296 10 1.1102230246251565e-16
4254 4297 8 1.9984014443252818e-15
4254 4301 8 1.9984014443252818e-15
4254 4304 7 2.9765079290200447e-13
4254 4305 6 3.8152814241243505e-11
4254 4323 6 3.8152814241243505e-11
4254 4465 7 2.9765079290200447e-13
4254 4477 7 2.9765079290200447e-13
4254 4656 10 1.1102230246251565e-16
4254 5097 6 3.8152814241243505e-11
4258 4381 7 2.9765079290200447e-13
4268 4656 14 1.1102230246251565e-16
4268 4838 13 1.1102230246251565e-16
4268 4854 7 2.9765079290200447e-13
4268 4855 7 2.9765079290200447e-13
4268 4856 6 3.8152814241243505e-11
4268 4858 6 3.8152814241243505e-11
4268 4860 11 1.1102230246251565e-16
4268 4867 6 3.8152814241243505e-11
4268 4881 7 2.9765079290200447e-13
4268 4898 6 3.8152814241243505e-11
4292 4704 7 2.9765079290200447e-13
4292 4705 7 2.9765079290200447e-13
4296 4548 7 2.9765079290200447e-13
4296 4549 6 3.8152814241243505e-11
4297 4841 8 1.9984014443252818e-15
4298 4516 6 3.8152814241243505e-11
4299 4842 6 3.8152814241243505e-11
4306 4552 6 3.8152814241243505e-11
4307 4552 7 2.9765079290200447e-13
4326 4995 6 3.8152814241243505e-11
4347 4620 6 3.8152814241243505e-11
4348 4858 6 3.8152814241243505e-11
4363 4918 6 3.8152814241243505e-11
4376 4998 9 1.1102230246251565e-16
4377 4467 8 1.9984014443252818e-15
4482 4950 10 1.1102230246251565e-16
4508 4843 8 1.9984014443252818e-15
4508 4844 6 3.8152814241243505e-11
4511 4843 6 3.8152814241243505e-11
4515 4841 6 3.8152814241243505e-11
4527 4900 11 1.1102230246251565e-16
4527 4901 6 3.8152814241243505e-11
4538 4797 12 1.1102230246251565e-16
4550 5253 8 1.9984014443252818e-15
4640 4689 6 3.8152814241243505e-11
4671 4925 6 3.8152814241243505e-11
4908 5208 10 1.1102230246251565e-16
4924 4973 9 1.1102230246251565e-16
