bin1 bin2 count p_value
6 3083 20 1.1102230246251565e-16
7 3083 26 1.1102230246251565e-16
8 3083 26 1.1102230246251565e-16
9 3083 34 1.1102230246251565e-16
9 4998 10 1.0182542586889554e-09
10 3083 28 1.1102230246251565e-16
11 3083 23 1.1102230246251565e-16
12 3083 27 1.1102230246251565e-16
13 3083 21 1.1102230246251565e-16
14 3083 32 1.1102230246251565e-16
15 3083 14 4.9960036108132044e-15
16 3083 12 2.67752486848849e-12
17 3083 10 1.0182542586889554e-09
18 3083 17 1.1102230246251565e-16
19 3083 34 1.1102230246251565e-16
20 3083 30 1.1102230246251565e-16
21 3083 18 1.1102230246251565e-16
22 3083 19 1.1102230246251565e-16
23 3083 16 1.1102230246251565e-16
24 3083 16 1.1102230246251565e-16
25 3083 15 2.220446049250313e-16
26 3083 22 1.1102230246251565e-16
27 3083 20 1.1102230246251565e-16
28 3083 12 2.67752486848849e-12
29 3083 10 1.0182542586889554e-09
31 3083 16 1.1102230246251565e-16
32 3083 14 4.9960036108132044e-15
33 1712 14 4.9960036108132044e-15
33 3083 18 1.1102230246251565e-16
34 3083 14 4.9960036108132044e-15
35 2951 21 1.1102230246251565e-16
35 3083 17 1.1102230246251565e-16
36 3083 16 1.1102230246251565e-16
37 3083 10 1.0182542586889554e-09
38 3083 16 1.1102230246251565e-16
39 3083 13 1.2079226507921703e-13
40 3083 13 1.2079226507921703e-13
41 3083 11 5.460920604605235e-11
42 3083 19 1.1102230246251565e-16
43 2375 10 1.0182542586889554e-09
43 3083 12 2.67752486848849e-12
44 3083 11 5.460920604605235e-11
45 3083 10 1.0182542586889554e-09
46 3083 16 1.1102230246251565e-16
48 3083 22 1.1102230246251565e-16
50 3083 10 1.0182542586889554e-09
51 3083 12 2.67752486848849e-12
55 3083 14 4.9960036108132044e-15
59 3083 15 2.220446049250313e-16
60 3083 10 1.0182542586889554e-09
61 3083 16 1.1102230246251565e-16
66 3083 12 2.67752486848849e-12
67 3083 21 1.1102230246251565e-16
68 3083 21 1.1102230246251565e-16
69 3083 19 1.1102230246251565e-16
72 3083 14 4.9960036108132044e-15
72 3085 10 1.0182542586889554e-09
73 3083 13 1.2079226507921703e-13
74 3083 16 1.1102230246251565e-16
75 3083 18 1.1102230246251565e-16
77 3083 12 2.67752486848849e-12
78 3083 11 5.460920604605235e-11
79 3083 11 5.460920604605235e-11
86 3083 13 1.2079226507921703e-13
88 3083 11 5.460920604605235e-11
89 3083 14 4.9960036108132044e-15
97 3083 10 1.0182542586889554e-09
103 3083 13 1.2079226507921703e-13
104 3083 12 2.67752486848849e-12
107 1906 13 1.2079226507921703e-13
111 4918 35 1.1102230246251565e-16
113 3881 10 1.0182542586889554e-09
132 2703 12 2.67752486848849e-12
132 2704 17 1.1102230246251565e-16
168 585 24 1.1102230246251565e-16
179 871 20 1.1102230246251565e-16
180 401 36 1.1102230246251565e-16
180 402 17 1.1102230246251565e-16
180 403 19 1.1102230246251565e-16
180 430 10 1.0182542586889554e-09
180 1085 12 2.67752486848849e-12
180 1086 12 2.67752486848849e-12
180 1091 10 1.0182542586889554e-09
180 3083 66 1.1102230246251565e-16
186 1127 13 1.2079226507921703e-13
196 2255 11 5.460920604605235e-11
207 1493 11 5.460920604605235e-11
210 703 10 1.0182542586889554e-09
214 2715 14 4.9960036108132044e-15
222 1929 29 1.1102230246251565e-16
233 4291 13 1.2079226507921703e-13
260 1213 13 1.2079226507921703e-13
270 1601 11 5.460920604605235e-11
270 3069 14 4.9960036108132044e-15
271 3069 10 1.0182542586889554e-09
273 2397 40 1.1102230246251565e-16
277 1946 13 1.2079226507921703e-13
277 3561 24 1.1102230246251565e-16
295 912 13 1.2079226507921703e-13
299 1159 13 1.2079226507921703e-13
304 3911 23 1.1102230246251565e-16
309 2611 24 1.1102230246251565e-16
318 1973 14 4.9960036108132044e-15
318 3218 15 2.220446049250313e-16
323 5042 14 4.9960036108132044e-15
326 1420 13 1.2079226507921703e-13
337 1126 16 1.1102230246251565e-16
343 4113 16 1.1102230246251565e-16
347 3069 12 2.67752486848849e-12
347 4339 14 4.9960036108132044e-15
365 731 11 5.460920604605235e-11
365 3072 11 5.460920604605235e-11
401 3083 42 1.1102230246251565e-16
401 4612 10 1.0182542586889554e-09
402 3083 20 1.1102230246251565e-16
403 3083 29 1.1102230246251565e-16
404 3083 33 1.1102230246251565e-16
405 3083 24 1.1102230246251565e-16
406 2495 18 1.1102230246251565e-16
406 3083 30 1.1102230246251565e-16
407 3083 20 1.1102230246251565e-16
408 3083 12 2.67752486848849e-12
409 3083 13 1.2079226507921703e-13
410 3083 12 2.67752486848849e-12
411 3083 12 2.67752486848849e-12
412 3083 15 2.220446049250313e-16
413 3083 15 2.220446049250313e-16
414 3083 21 1.1102230246251565e-16
415 3083 18 1.1102230246251565e-16
416 3083 23 1.1102230246251565e-16
417 3083 20 1.1102230246251565e-16
418 3083 23 1.1102230246251565e-16
419 3083 21 1.1102230246251565e-16
420 3083 18 1.1102230246251565e-16
421 3083 13 1.2079226507921703e-13
422 3083 28 1.1102230246251565e-16
423 3083 14 4.9960036108132044e-15
424 3083 15 2.220446049250313e-16
425 1745 10 1.0182542586889554e-09
425 3083 13 1.2079226507921703e-13
428 3083 16 1.1102230246251565e-16
429 3083 16 1.1102230246251565e-16
430 3055 14 4.9960036108132044e-15
430 3083 21 1.1102230246251565e-16
431 3083 25 1.1102230246251565e-16
432 3083 14 4.9960036108132044e-15
433 3083 15 2.220446049250313e-16
434 3083 19 1.1102230246251565e-16
435 3083 14 4.9960036108132044e-15
436 3083 22 1.1102230246251565e-16
437 3083 14 4.9960036108132044e-15
438 3083 11 5.460920604605235e-11
440 3083 18 1.1102230246251565e-16
441 3083 14 4.9960036108132044e-15
442 3083 14 4.9960036108132044e-15
443 3083 22 1.1102230246251565e-16
444 3083 21 1.1102230246251565e-16
445 4510 10 1.0182542586889554e-09
454 3083 11 5.460920604605235e-11
455 1344 10 1.0182542586889554e-09
455 1635 17 1.1102230246251565e-16
455 3233 10 1.0182542586889554e-09
455 4517 11 5.460920604605235e-11
455 4525 12 2.67752486848849e-12
456 1621 11 5.460920604605235e-11
456 3317 11 5.460920604605235e-11
456 4213 12 2.67752486848849e-12
456 4842 11 5.460920604605235e-11
456 4845 11 5.460920604605235e-11
457 1350 10 1.0182542586889554e-09
457 2686 10 1.0182542586889554e-09
457 4256 10 1.0182542586889554e-09
457 4328 10 1.0182542586889554e-09
457 4518 10 1.0182542586889554e-09
459 1942 11 5.460920604605235e-11
459 3545 12 2.67752486848849e-12
459 4519 10 1.0182542586889554e-09
459 4842 10 1.0182542586889554e-09
460 4254 10 1.0182542586889554e-09
460 4255 10 1.0182542586889554e-09
460 4842 11 5.460920604605235e-11
460 4845 10 1.0182542586889554e-09
466 3083 10 1.0182542586889554e-09
470 3083 11 5.460920604605235e-11
471 3083 10 1.0182542586889554e-09
474 3083 12 2.67752486848849e-12
483 1887 19 1.1102230246251565e-16
487 4018 25 1.1102230246251565e-16
493 2859 13 1.2079226507921703e-13
508 2717 34 1.1102230246251565e-16
521 1121 22 1.1102230246251565e-16
534 1666 35 1.1102230246251565e-16
534 1667 12 2.67752486848849e-12
534 3378 12 2.67752486848849e-12
542 1291 37 1.1102230246251565e-16
561 2159 11 5.460920604605235e-11
564 2128 22 1.1102230246251565e-16
578 3838 11 5.460920604605235e-11
592 3083 10 1.0182542586889554e-09
593 5143 22 1.1102230246251565e-16
594 2962 10 1.0182542586889554e-09
594 2963 14 4.9960036108132044e-15
622 920 21 1.1102230246251565e-16
632 4846 12 2.67752486848849e-12
637 3768 10 1.0182542586889554e-09
639 2326 25 1.1102230246251565e-16
639 3308 10 1.0182542586889554e-09
651 1269 24 1.1102230246251565e-16
656 3304 10 1.0182542586889554e-09
657 4000 23 1.1102230246251565e-16
667 1478 23 1.1102230246251565e-16
674 4012 24 1.1102230246251565e-16
683 957 19 1.1102230246251565e-16
687 4637 12 2.67752486848849e-12
702 3909 14 4.9960036108132044e-15
703 3909 17 1.1102230246251565e-16
704 1282 13 1.2079226507921703e-13
704 2560 10 1.0182542586889554e-09
704 2561 39 1.1102230246251565e-16
706 1356 10 1.0182542586889554e-09
707 1356 12 2.67752486848849e-12
710 2992 26 1.1102230246251565e-16
720 1203 18 1.1102230246251565e-16
726 1357 10 1.0182542586889554e-09
726 1361 11 5.460920604605235e-11
726 3270 13 1.2079226507921703e-13
727 1360 11 5.460920604605235e-11
728 1359 10 1.0182542586889554e-09
728 2976 10 1.0182542586889554e-09
729 1358 11 5.460920604605235e-11
729 2977 10 1.0182542586889554e-09
730 1358 11 5.460920604605235e-11
730 1664 10 1.0182542586889554e-09
732 1339 10 1.0182542586889554e-09
754 3828 10 1.0182542586889554e-09
757 1389 10 1.0182542586889554e-09
758 775 14 4.9960036108132044e-15
758 1390 10 1.0182542586889554e-09
758 3083 10 1.0182542586889554e-09
758 3320 10 1.0182542586889554e-09
758 4541 37 1.1102230246251565e-16
765 3083 22 1.1102230246251565e-16
766 3083 18 1.1102230246251565e-16
768 3083 21 1.1102230246251565e-16
769 3083 16 1.1102230246251565e-16
770 3083 18 1.1102230246251565e-16
771 3083 13 1.2079226507921703e-13
772 3083 10 1.0182542586889554e-09
773 3083 14 4.9960036108132044e-15
774 3083 19 1.1102230246251565e-16
775 3083 16 1.1102230246251565e-16
775 4541 15 2.220446049250313e-16
776 3083 22 1.1102230246251565e-16
777 3083 32 1.1102230246251565e-16
778 3083 18 1.1102230246251565e-16
779 3083 15 2.220446049250313e-16
780 3083 11 5.460920604605235e-11
781 3083 16 1.1102230246251565e-16
783 3083 10 1.0182542586889554e-09
784 3083 11 5.460920604605235e-11
785 3083 11 5.460920604605235e-11
787 3083 10 1.0182542586889554e-09
788 3083 11 5.460920604605235e-11
791 3083 10 1.0182542586889554e-09
792 3083 10 1.0182542586889554e-09
795 3083 10 1.0182542586889554e-09
796 3083 10 1.0182542586889554e-09
797 1389 24 1.1102230246251565e-16
797 3083 10 1.0182542586889554e-09
798 3083 14 4.9960036108132044e-15
799 3083 12 2.67752486848849e-12
802 3083 13 1.2079226507921703e-13
805 3083 14 4.9960036108132044e-15
806 5096 20 1.1102230246251565e-16
813 3083 17 1.1102230246251565e-16
814 3083 12 2.67752486848849e-12
815 3083 13 1.2079226507921703e-13
819 3083 12 2.67752486848849e-12
820 3083 15 2.220446049250313e-16
823 1419 13 1.2079226507921703e-13
823 3083 12 2.67752486848849e-12
824 3083 11 5.460920604605235e-11
828 3083 11 5.460920604605235e-11
831 3829 16 1.1102230246251565e-16
832 3771 17 1.1102230246251565e-16
837 2372 11 5.460920604605235e-11
841 3083 12 2.67752486848849e-12
861 3083 11 5.460920604605235e-11
861 3870 11 5.460920604605235e-11
865 3083 11 5.460920604605235e-11
908 1455 14 4.9960036108132044e-15
911 3844 22 1.1102230246251565e-16
928 2027 19 1.1102230246251565e-16
931 4126 14 4.9960036108132044e-15
933 1714 11 5.460920604605235e-11
935 1344 10 1.0182542586889554e-09
935 2474 13 1.2079226507921703e-13
935 3270 12 2.67752486848849e-12
935 3271 11 5.460920604605235e-11
935 3308 11 5.460920604605235e-11
936 3270 12 2.67752486848849e-12
936 3271 10 1.0182542586889554e-09
936 3283 10 1.0182542586889554e-09
936 3309 10 1.0182542586889554e-09
937 2782 10 1.0182542586889554e-09
937 3233 10 1.0182542586889554e-09
937 3274 12 2.67752486848849e-12
937 3309 10 1.0182542586889554e-09
937 3310 11 5.460920604605235e-11
950 3316 10 1.0182542586889554e-09
951 3251 10 1.0182542586889554e-09
957 4123 29 1.1102230246251565e-16
957 4124 16 1.1102230246251565e-16
961 4532 15 2.220446049250313e-16
964 5100 10 1.0182542586889554e-09
977 4179 10 1.0182542586889554e-09
982 2193 11 5.460920604605235e-11
990 3965 13 1.2079226507921703e-13
1013 5098 10 1.0182542586889554e-09
1033 3878 23 1.1102230246251565e-16
1035 1140 35 1.1102230246251565e-16
1040 1879 11 5.460920604605235e-11
1049 3437 15 2.220446049250313e-16
1070 3424 11 5.460920604605235e-11
1085 1703 20 1.1102230246251565e-16
1085 1704 11 5.460920604605235e-11
1085 2309 25 1.1102230246251565e-16
1085 3083 18 1.1102230246251565e-16
1086 3083 27 1.1102230246251565e-16
1087 3083 14 4.9960036108132044e-15
1088 3083 20 1.1102230246251565e-16
1089 3083 16 1.1102230246251565e-16
1090 3083 22 1.1102230246251565e-16
1091 3083 15 2.220446049250313e-16
1092 3083 20 1.1102230246251565e-16
1093 3083 11 5.460920604605235e-11
1094 3083 16 1.1102230246251565e-16
1095 3083 13 1.2079226507921703e-13
1096 3083 12 2.67752486848849e-12
1097 3083 15 2.220446049250313e-16
1098 3083 17 1.1102230246251565e-16
1099 3083 15 2.220446049250313e-16
1100 3083 16 1.1102230246251565e-16
1101 3083 20 1.1102230246251565e-16
1101 4853 11 5.460920604605235e-11
1102 3083 16 1.1102230246251565e-16
1103 3083 18 1.1102230246251565e-16
1104 3083 11 5.460920604605235e-11
1105 3083 17 1.1102230246251565e-16
1106 3083 11 5.460920604605235e-11
1108 3083 13 1.2079226507921703e-13
1109 3083 13 1.2079226507921703e-13
1110 3083 10 1.0182542586889554e-09
1111 3083 10 1.0182542586889554e-09
1112 3083 15 2.220446049250313e-16
1113 3083 13 1.2079226507921703e-13
1114 3083 13 1.2079226507921703e-13
1115 3083 12 2.67752486848849e-12
1116 3083 15 2.220446049250313e-16
1117 3083 18 1.1102230246251565e-16
1117 4102 11 5.460920604605235e-11
1118 3083 10 1.0182542586889554e-09
1119 3083 10 1.0182542586889554e-09
1120 3083 11 5.460920604605235e-11
1122 3083 11 5.460920604605235e-11
1123 3083 15 2.220446049250313e-16
1125 3083 12 2.67752486848849e-12
1125 3674 14 4.9960036108132044e-15
1126 3083 13 1.2079226507921703e-13
1127 3083 14 4.9960036108132044e-15
1128 3083 12 2.67752486848849e-12
1129 3083 12 2.67752486848849e-12
1133 3083 10 1.0182542586889554e-09
1136 3083 10 1.0182542586889554e-09
1137 3083 10 1.0182542586889554e-09
1139 3083 11 5.460920604605235e-11
1140 3083 14 4.9960036108132044e-15
1145 3083 10 1.0182542586889554e-09
1147 3083 13 1.2079226507921703e-13
1148 3083 19 1.1102230246251565e-16
1157 1721 18 1.1102230246251565e-16
1160 3083 10 1.0182542586889554e-09
1161 4605 19 1.1102230246251565e-16
1165 3083 12 2.67752486848849e-12
1169 3083 10 1.0182542586889554e-09
1221 4852 10 1.0182542586889554e-09
1291 3469 14 4.9960036108132044e-15
1301 4173 12 2.67752486848849e-12
1308 2698 11 5.460920604605235e-11
1313 3429 12 2.67752486848849e-12
1317 3196 13 1.2079226507921703e-13
1319 4937 11 5.460920604605235e-11
1328 4722 10 1.0182542586889554e-09
1330 4954 12 2.67752486848849e-12
1332 1622 12 2.67752486848849e-12
1337 1620 10 1.0182542586889554e-09
1337 3318 10 1.0182542586889554e-09
1338 3233 10 1.0182542586889554e-09
1339 3232 12 2.67752486848849e-12
1342 3922 11 5.460920604605235e-11
1343 1621 12 2.67752486848849e-12
1343 2937 11 5.460920604605235e-11
1343 4299 14 4.9960036108132044e-15
1343 4517 11 5.460920604605235e-11
1344 4846 10 1.0182542586889554e-09
1345 1621 11 5.460920604605235e-11
1345 1635 11 5.460920604605235e-11
1345 2101 10 1.0182542586889554e-09
1345 4218 12 2.67752486848849e-12
1347 4208 10 1.0182542586889554e-09
1347 4214 10 1.0182542586889554e-09
1349 2976 12 2.67752486848849e-12
1350 1637 10 1.0182542586889554e-09
1350 2975 10 1.0182542586889554e-09
1350 4524 11 5.460920604605235e-11
1350 4841 11 5.460920604605235e-11
1353 1476 29 1.1102230246251565e-16
1356 3544 11 5.460920604605235e-11
1358 1634 10 1.0182542586889554e-09
1367 4308 20 1.1102230246251565e-16
1373 4538 13 1.2079226507921703e-13
1374 1619 10 1.0182542586889554e-09
1374 1620 10 1.0182542586889554e-09
1375 1636 11 5.460920604605235e-11
1376 1621 10 1.0182542586889554e-09
1376 1637 11 5.460920604605235e-11
1376 3315 11 5.460920604605235e-11
1377 1621 10 1.0182542586889554e-09
1377 1633 11 5.460920604605235e-11
1377 1635 11 5.460920604605235e-11
1377 1638 15 2.220446049250313e-16
1381 1628 10 1.0182542586889554e-09
1382 1628 17 1.1102230246251565e-16
1386 1871 11 5.460920604605235e-11
1386 4686 17 1.1102230246251565e-16
1388 4236 14 4.9960036108132044e-15
1389 3071 12 2.67752486848849e-12
1389 3318 10 1.0182542586889554e-09
1389 4009 18 1.1102230246251565e-16
1389 4723 51 1.1102230246251565e-16
1390 4723 16 1.1102230246251565e-16
1398 2454 30 1.1102230246251565e-16
1398 3083 28 1.1102230246251565e-16
1399 3083 12 2.67752486848849e-12
1400 3083 14 4.9960036108132044e-15
1401 3083 13 1.2079226507921703e-13
1402 3083 18 1.1102230246251565e-16
1403 3083 14 4.9960036108132044e-15
1404 3083 13 1.2079226507921703e-13
1405 3083 14 4.9960036108132044e-15
1407 3083 15 2.220446049250313e-16
1408 3083 18 1.1102230246251565e-16
1409 3083 12 2.67752486848849e-12
1410 3083 14 4.9960036108132044e-15
1411 3083 10 1.0182542586889554e-09
1415 3083 13 1.2079226507921703e-13
1416 3083 11 5.460920604605235e-11
1417 3083 17 1.1102230246251565e-16
1418 3083 11 5.460920604605235e-11
1419 3083 14 4.9960036108132044e-15
1420 3083 12 2.67752486848849e-12
1421 3083 10 1.0182542586889554e-09
1422 3083 14 4.9960036108132044e-15
1423 3083 12 2.67752486848849e-12
1427 3083 15 2.220446049250313e-16
1428 3083 14 4.9960036108132044e-15
1429 3083 10 1.0182542586889554e-09
1429 4879 10 1.0182542586889554e-09
1430 3083 12 2.67752486848849e-12
1431 3083 16 1.1102230246251565e-16
1432 3083 13 1.2079226507921703e-13
1433 3083 15 2.220446049250313e-16
1435 3083 11 5.460920604605235e-11
1436 3083 13 1.2079226507921703e-13
1437 3083 23 1.1102230246251565e-16
1447 3083 14 4.9960036108132044e-15
1448 3083 11 5.460920604605235e-11
1450 3083 12 2.67752486848849e-12
1450 3312 16 1.1102230246251565e-16
1453 3083 12 2.67752486848849e-12
1456 3083 12 2.67752486848849e-12
1456 3744 10 1.0182542586889554e-09
1457 3083 102 1.1102230246251565e-16
1465 2007 21 1.1102230246251565e-16
1468 3083 11 5.460920604605235e-11
1469 4308 10 1.0182542586889554e-09
1474 5118 11 5.460920604605235e-11
1478 2439 13 1.2079226507921703e-13
1541 3048 50 1.1102230246251565e-16
1542 3048 12 2.67752486848849e-12
1547 2330 13 1.2079226507921703e-13
1550 4270 10 1.0182542586889554e-09
1567 3527 10 1.0182542586889554e-09
1572 2731 19 1.1102230246251565e-16
1572 2732 16 1.1102230246251565e-16
1576 4274 10 1.0182542586889554e-09
1577 4274 14 4.9960036108132044e-15
1611 3139 12 2.67752486848849e-12
1621 2977 11 5.460920604605235e-11
1621 3222 20 1.1102230246251565e-16
1622 2140 13 1.2079226507921703e-13
1622 3271 10 1.0182542586889554e-09
1622 3311 11 5.460920604605235e-11
1622 4335 10 1.0182542586889554e-09
1633 3233 10 1.0182542586889554e-09
1634 3275 15 2.220446049250313e-16
1638 2477 10 1.0182542586889554e-09
1646 4184 11 5.460920604605235e-11
1651 3158 10 1.0182542586889554e-09
1652 3875 26 1.1102230246251565e-16
1652 4509 10 1.0182542586889554e-09
1652 4510 38 1.1102230246251565e-16
1663 1705 19 1.1102230246251565e-16
1670 3122 11 5.460920604605235e-11
1685 2838 29 1.1102230246251565e-16
1685 3294 10 1.0182542586889554e-09
1685 4541 80 1.1102230246251565e-16
1690 2448 14 4.9960036108132044e-15
1703 3083 28 1.1102230246251565e-16
1703 3294 10 1.0182542586889554e-09
1703 4541 152 1.1102230246251565e-16
1703 4658 13 1.2079226507921703e-13
1704 2708 13 1.2079226507921703e-13
1704 3083 41 1.1102230246251565e-16
1705 3083 20 1.1102230246251565e-16
1706 3083 28 1.1102230246251565e-16
1707 3083 20 1.1102230246251565e-16
1708 3083 19 1.1102230246251565e-16
1709 3083 17 1.1102230246251565e-16
1710 3083 15 2.220446049250313e-16
1711 3083 20 1.1102230246251565e-16
1711 4578 13 1.2079226507921703e-13
1712 3083 16 1.1102230246251565e-16
1713 3083 19 1.1102230246251565e-16
1714 3083 16 1.1102230246251565e-16
1714 4301 10 1.0182542586889554e-09
1715 3083 18 1.1102230246251565e-16
1716 3083 14 4.9960036108132044e-15
1717 3083 16 1.1102230246251565e-16
1719 3083 16 1.1102230246251565e-16
1720 2414 12 2.67752486848849e-12
1720 3083 13 1.2079226507921703e-13
1721 3083 21 1.1102230246251565e-16
1722 3083 18 1.1102230246251565e-16
1723 3083 28 1.1102230246251565e-16
1724 3083 12 2.67752486848849e-12
1726 3083 12 2.67752486848849e-12
1727 3083 18 1.1102230246251565e-16
1728 3083 16 1.1102230246251565e-16
1729 3083 13 1.2079226507921703e-13
1730 3083 14 4.9960036108132044e-15
1731 3083 14 4.9960036108132044e-15
1732 2373 16 1.1102230246251565e-16
1732 3083 18 1.1102230246251565e-16
1733 3083 15 2.220446049250313e-16
1734 3083 16 1.1102230246251565e-16
1735 3083 19 1.1102230246251565e-16
1736 3083 16 1.1102230246251565e-16
1737 3083 15 2.220446049250313e-16
1739 3083 13 1.2079226507921703e-13
1740 3083 20 1.1102230246251565e-16
1741 3083 25 1.1102230246251565e-16
1743 3083 13 1.2079226507921703e-13
1745 3083 15 2.220446049250313e-16
1746 3083 10 1.0182542586889554e-09
1748 3083 14 4.9960036108132044e-15
1749 2364 10 1.0182542586889554e-09
1750 2364 14 4.9960036108132044e-15
1750 3083 12 2.67752486848849e-12
1751 2364 10 1.0182542586889554e-09
1751 3083 17 1.1102230246251565e-16
1752 3083 10 1.0182542586889554e-09
1753 3083 16 1.1102230246251565e-16
1754 3083 20 1.1102230246251565e-16
1755 3083 17 1.1102230246251565e-16
1756 3083 11 5.460920604605235e-11
1757 3083 18 1.1102230246251565e-16
1758 3083 15 2.220446049250313e-16
1759 3083 11 5.460920604605235e-11
1760 3083 15 2.220446049250313e-16
1763 3083 13 1.2079226507921703e-13
1764 3083 15 2.220446049250313e-16
1766 3083 14 4.9960036108132044e-15
1767 3083 11 5.460920604605235e-11
1768 3083 14 4.9960036108132044e-15
1769 3083 10 1.0182542586889554e-09
1770 3083 15 2.220446049250313e-16
1771 3376 45 1.1102230246251565e-16
1772 3083 20 1.1102230246251565e-16
1773 3083 10 1.0182542586889554e-09
1776 3083 13 1.2079226507921703e-13
1795 3083 15 2.220446049250313e-16
1797 4569 14 4.9960036108132044e-15
1802 3083 12 2.67752486848849e-12
1804 4950 15 2.220446049250313e-16
1810 3661 24 1.1102230246251565e-16
1830 3170 24 1.1102230246251565e-16
1831 4833 17 1.1102230246251565e-16
1832 4833 23 1.1102230246251565e-16
1837 4889 35 1.1102230246251565e-16
1849 4361 21 1.1102230246251565e-16
1850 5164 10 1.0182542586889554e-09
1851 2641 10 1.0182542586889554e-09
1868 2325 11 5.460920604605235e-11
1880 2206 25 1.1102230246251565e-16
1880 4892 11 5.460920604605235e-11
1909 5036 12 2.67752486848849e-12
1914 4372 17 1.1102230246251565e-16
1921 3290 10 1.0182542586889554e-09
1927 2870 10 1.0182542586889554e-09
1927 5136 11 5.460920604605235e-11
1946 2743 12 2.67752486848849e-12
1963 2378 10 1.0182542586889554e-09
1963 2379 30 1.1102230246251565e-16
1978 3881 12 2.67752486848849e-12
1991 2990 17 1.1102230246251565e-16
2003 3083 68 1.1102230246251565e-16
2003 4255 21 1.1102230246251565e-16
2004 3083 45 1.1102230246251565e-16
2005 3083 31 1.1102230246251565e-16
2006 3083 28 1.1102230246251565e-16
2007 3083 27 1.1102230246251565e-16
2008 3083 12 2.67752486848849e-12
2009 3083 29 1.1102230246251565e-16
2010 3083 24 1.1102230246251565e-16
2011 2814 15 2.220446049250313e-16
2011 3083 19 1.1102230246251565e-16
2011 5289 22 1.1102230246251565e-16
2011 5290 16 1.1102230246251565e-16
2019 3083 14 4.9960036108132044e-15
2022 3083 19 1.1102230246251565e-16
2023 3083 16 1.1102230246251565e-16
2024 3083 15 2.220446049250313e-16
2025 3083 11 5.460920604605235e-11
2026 3083 12 2.67752486848849e-12
2030 3083 15 2.220446049250313e-16
2031 3083 21 1.1102230246251565e-16
2031 3876 12 2.67752486848849e-12
2034 3083 15 2.220446049250313e-16
2036 3083 22 1.1102230246251565e-16
2037 3083 15 2.220446049250313e-16
2046 2392 10 1.0182542586889554e-09
2046 3083 13 1.2079226507921703e-13
2047 3083 18 1.1102230246251565e-16
2048 3083 12 2.67752486848849e-12
2049 3083 11 5.460920604605235e-11
2050 3083 16 1.1102230246251565e-16
2051 3083 11 5.460920604605235e-11
2052 3083 17 1.1102230246251565e-16
2053 3083 14 4.9960036108132044e-15
2054 3083 18 1.1102230246251565e-16
2054 4510 10 1.0182542586889554e-09
2055 2628 12 2.67752486848849e-12
2055 3083 10 1.0182542586889554e-09
2055 4845 11 5.460920604605235e-11
2056 4510 11 5.460920604605235e-11
2056 4519 12 2.67752486848849e-12
2058 3083 13 1.2079226507921703e-13
2059 3083 15 2.220446049250313e-16
2059 4846 13 1.2079226507921703e-13
2061 3480 12 2.67752486848849e-12
2067 3083 16 1.1102230246251565e-16
2068 3083 16 1.1102230246251565e-16
2070 3083 10 1.0182542586889554e-09
2099 3083 10 1.0182542586889554e-09
2101 3087 10 1.0182542586889554e-09
2101 4510 10 1.0182542586889554e-09
2102 4510 10 1.0182542586889554e-09
2171 4215 15 2.220446049250313e-16
2172 5288 10 1.0182542586889554e-09
2178 2409 11 5.460920604605235e-11
2184 3952 15 2.220446049250313e-16
2184 4073 24 1.1102230246251565e-16
2189 2323 13 1.2079226507921703e-13
2189 4649 23 1.1102230246251565e-16
2190 4649 10 1.0182542586889554e-09
2201 2426 11 5.460920604605235e-11
2204 4402 18 1.1102230246251565e-16
2215 2662 22 1.1102230246251565e-16
2220 3561 18 1.1102230246251565e-16
2231 3546 11 5.460920604605235e-11
2232 2917 12 2.67752486848849e-12
2239 2922 22 1.1102230246251565e-16
2264 3680 14 4.9960036108132044e-15
2265 3308 12 2.67752486848849e-12
2268 4925 34 1.1102230246251565e-16
2272 3439 13 1.2079226507921703e-13
2309 3083 60 1.1102230246251565e-16
2310 3083 62 1.1102230246251565e-16
2310 4255 10 1.0182542586889554e-09
2310 4541 116 1.1102230246251565e-16
2311 2652 18 1.1102230246251565e-16
2311 3083 38 1.1102230246251565e-16
2312 3083 24 1.1102230246251565e-16
2312 3571 11 5.460920604605235e-11
2313 3083 21 1.1102230246251565e-16
2314 3083 16 1.1102230246251565e-16
2314 3843 13 1.2079226507921703e-13
2315 3083 21 1.1102230246251565e-16
2316 3083 26 1.1102230246251565e-16
2317 3083 30 1.1102230246251565e-16
2318 3083 15 2.220446049250313e-16
2319 3083 21 1.1102230246251565e-16
2320 3083 27 1.1102230246251565e-16
2321 3083 26 1.1102230246251565e-16
2322 3083 28 1.1102230246251565e-16
2323 3083 26 1.1102230246251565e-16
2324 3083 22 1.1102230246251565e-16
2325 3083 25 1.1102230246251565e-16
2326 3083 22 1.1102230246251565e-16
2326 4849 12 2.67752486848849e-12
2327 3083 15 2.220446049250313e-16
2328 3083 18 1.1102230246251565e-16
2329 3083 11 5.460920604605235e-11
2330 3083 19 1.1102230246251565e-16
2331 3083 17 1.1102230246251565e-16
2332 3083 13 1.2079226507921703e-13
2333 3083 15 2.220446049250313e-16
2335 3083 13 1.2079226507921703e-13
2336 3083 12 2.67752486848849e-12
2337 3083 13 1.2079226507921703e-13
2338 3083 13 1.2079226507921703e-13
2339 3083 12 2.67752486848849e-12
2340 3083 23 1.1102230246251565e-16
2341 3083 18 1.1102230246251565e-16
2349 3083 28 1.1102230246251565e-16
2350 3083 11 5.460920604605235e-11
2351 3083 12 2.67752486848849e-12
2352 3083 11 5.460920604605235e-11
2353 3083 13 1.2079226507921703e-13
2354 3083 14 4.9960036108132044e-15
2355 3083 15 2.220446049250313e-16
2356 3083 16 1.1102230246251565e-16
2357 3083 20 1.1102230246251565e-16
2358 3083 15 2.220446049250313e-16
2359 3083 16 1.1102230246251565e-16
2360 3083 10 1.0182542586889554e-09
2361 2892 12 2.67752486848849e-12
2367 3083 15 2.220446049250313e-16
2369 3083 16 1.1102230246251565e-16
2370 3083 12 2.67752486848849e-12
2372 3083 13 1.2079226507921703e-13
2372 4191 17 1.1102230246251565e-16
2373 3083 14 4.9960036108132044e-15
2373 5254 21 1.1102230246251565e-16
2375 3083 10 1.0182542586889554e-09
2376 3083 10 1.0182542586889554e-09
2378 3083 10 1.0182542586889554e-09
2379 3083 11 5.460920604605235e-11
2389 3083 10 1.0182542586889554e-09
2391 3083 10 1.0182542586889554e-09
2394 3083 12 2.67752486848849e-12
2399 3083 13 1.2079226507921703e-13
2400 3083 17 1.1102230246251565e-16
2401 3083 14 4.9960036108132044e-15
2401 3572 14 4.9960036108132044e-15
2407 3839 14 4.9960036108132044e-15
2434 4501 19 1.1102230246251565e-16
2437 4972 15 2.220446049250313e-16
2451 4780 11 5.460920604605235e-11
2452 3216 10 1.0182542586889554e-09
2458 3908 15 2.220446049250313e-16
2478 2677 32 1.1102230246251565e-16
2488 4714 10 1.0182542586889554e-09
2495 3215 14 4.9960036108132044e-15
2503 3430 14 4.9960036108132044e-15
2506 3907 15 2.220446049250313e-16
2511 3426 32 1.1102230246251565e-16
2520 2930 37 1.1102230246251565e-16
2520 2931 130 1.1102230246251565e-16
2521 5067 11 5.460920604605235e-11
2554 2977 11 5.460920604605235e-11
2554 3271 10 1.0182542586889554e-09
2554 4219 10 1.0182542586889554e-09
2554 4254 10 1.0182542586889554e-09
2555 3330 14 4.9960036108132044e-15
2555 3331 38 1.1102230246251565e-16
2565 4651 16 1.1102230246251565e-16
2566 4651 30 1.1102230246251565e-16
2566 4956 15 2.220446049250313e-16
2573 3083 33 1.1102230246251565e-16
2574 3083 29 1.1102230246251565e-16
2575 3083 33 1.1102230246251565e-16
2576 3083 24 1.1102230246251565e-16
2577 3083 17 1.1102230246251565e-16
2578 3083 32 1.1102230246251565e-16
2578 3499 13 1.2079226507921703e-13
2579 3083 16 1.1102230246251565e-16
2580 3083 22 1.1102230246251565e-16
2581 3083 26 1.1102230246251565e-16
2582 3083 18 1.1102230246251565e-16
2583 3083 16 1.1102230246251565e-16
2584 3083 22 1.1102230246251565e-16
2585 3083 19 1.1102230246251565e-16
2586 3083 16 1.1102230246251565e-16
2588 3083 26 1.1102230246251565e-16
2589 3083 14 4.9960036108132044e-15
2590 3083 10 1.0182542586889554e-09
2591 3083 16 1.1102230246251565e-16
2592 3083 16 1.1102230246251565e-16
2593 3083 16 1.1102230246251565e-16
2594 3083 23 1.1102230246251565e-16
2595 3083 13 1.2079226507921703e-13
2596 3083 20 1.1102230246251565e-16
2597 3083 20 1.1102230246251565e-16
2598 3083 17 1.1102230246251565e-16
2599 3083 12 2.67752486848849e-12
2600 3083 13 1.2079226507921703e-13
2601 3083 17 1.1102230246251565e-16
2602 3083 18 1.1102230246251565e-16
2603 3083 13 1.2079226507921703e-13
2604 3083 16 1.1102230246251565e-16
2605 3083 12 2.67752486848849e-12
2605 5120 17 1.1102230246251565e-16
2606 3083 14 4.9960036108132044e-15
2607 3083 20 1.1102230246251565e-16
2608 3083 20 1.1102230246251565e-16
2608 4721 22 1.1102230246251565e-16
2608 4841 11 5.460920604605235e-11
2609 3083 14 4.9960036108132044e-15
2610 3083 13 1.2079226507921703e-13
2611 3083 20 1.1102230246251565e-16
2612 3083 12 2.67752486848849e-12
2613 3083 11 5.460920604605235e-11
2614 3083 10 1.0182542586889554e-09
2615 3083 10 1.0182542586889554e-09
2616 3083 14 4.9960036108132044e-15
2617 3083 10 1.0182542586889554e-09
2618 3083 11 5.460920604605235e-11
2620 3083 17 1.1102230246251565e-16
2621 3083 14 4.9960036108132044e-15
2626 3083 11 5.460920604605235e-11
2628 3083 16 1.1102230246251565e-16
2629 3083 12 2.67752486848849e-12
2630 3083 13 1.2079226507921703e-13
2634 3083 12 2.67752486848849e-12
2635 3083 10 1.0182542586889554e-09
2637 3083 15 2.220446049250313e-16
2640 3083 12 2.67752486848849e-12
2641 3083 12 2.67752486848849e-12
2647 3083 12 2.67752486848849e-12
2647 4157 14 4.9960036108132044e-15
2649 3083 10 1.0182542586889554e-09
2651 3083 11 5.460920604605235e-11
2657 4493 10 1.0182542586889554e-09
2661 3083 12 2.67752486848849e-12
2662 3083 10 1.0182542586889554e-09
2664 3083 10 1.0182542586889554e-09
2668 3083 12 2.67752486848849e-12
2675 3083 11 5.460920604605235e-11
2680 3083 10 1.0182542586889554e-09
2681 3083 11 5.460920604605235e-11
2682 4218 10 1.0182542586889554e-09
2682 4519 11 5.460920604605235e-11
2686 3083 13 1.2079226507921703e-13
2691 4518 10 1.0182542586889554e-09
2695 4219 10 1.0182542586889554e-09
2696 5222 21 1.1102230246251565e-16
2698 4555 11 5.460920604605235e-11
2702 4631 19 1.1102230246251565e-16
2713 5151 18 1.1102230246251565e-16
2729 4589 14 4.9960036108132044e-15
2732 3642 22 1.1102230246251565e-16
2743 4390 13 1.2079226507921703e-13
2780 4356 10 1.0182542586889554e-09
2783 2977 10 1.0182542586889554e-09
2783 3545 10 1.0182542586889554e-09
2803 4364 26 1.1102230246251565e-16
2814 5290 13 1.2079226507921703e-13
2822 3083 12 2.67752486848849e-12
2823 3083 15 2.220446049250313e-16
2824 3083 13 1.2079226507921703e-13
2825 3083 18 1.1102230246251565e-16
2826 3083 14 4.9960036108132044e-15
2827 3083 10 1.0182542586889554e-09
2828 3083 27 1.1102230246251565e-16
2829 3083 29 1.1102230246251565e-16
2830 3083 22 1.1102230246251565e-16
2831 3083 17 1.1102230246251565e-16
2832 3083 19 1.1102230246251565e-16
2833 3083 17 1.1102230246251565e-16
2834 3083 13 1.2079226507921703e-13
2835 3083 16 1.1102230246251565e-16
2838 3083 12 2.67752486848849e-12
2840 3083 11 5.460920604605235e-11
2845 3083 15 2.220446049250313e-16
2846 3083 12 2.67752486848849e-12
2848 3111 19 1.1102230246251565e-16
2850 3083 13 1.2079226507921703e-13
2851 4907 17 1.1102230246251565e-16
2852 3083 16 1.1102230246251565e-16
2854 3083 12 2.67752486848849e-12
2855 3083 15 2.220446049250313e-16
2858 3083 12 2.67752486848849e-12
2859 3570 34 1.1102230246251565e-16
2863 3083 10 1.0182542586889554e-09
2865 3083 11 5.460920604605235e-11
2866 3083 10 1.0182542586889554e-09
2868 3083 12 2.67752486848849e-12
2870 3384 10 1.0182542586889554e-09
2871 3083 13 1.2079226507921703e-13
2875 3083 10 1.0182542586889554e-09
2876 3083 11 5.460920604605235e-11
2876 4809 20 1.1102230246251565e-16
2878 3083 11 5.460920604605235e-11
2881 3083 15 2.220446049250313e-16
2882 3083 11 5.460920604605235e-11
2883 3083 11 5.460920604605235e-11
2890 3083 10 1.0182542586889554e-09
2894 3083 12 2.67752486848849e-12
2896 3083 11 5.460920604605235e-11
2938 5163 11 5.460920604605235e-11
2948 3575 26 1.1102230246251565e-16
2972 4525 11 5.460920604605235e-11
2975 3308 10 1.0182542586889554e-09
2975 4214 10 1.0182542586889554e-09
2975 4926 10 1.0182542586889554e-09
2976 3318 10 1.0182542586889554e-09
2976 4845 13 1.2079226507921703e-13
2977 3282 10 1.0182542586889554e-09
3022 3303 25 1.1102230246251565e-16
3045 4096 10 1.0182542586889554e-09
3050 4529 11 5.460920604605235e-11
3075 4956 13 1.2079226507921703e-13
3083 3328 10 1.0182542586889554e-09
3083 3330 10 1.0182542586889554e-09
3083 3333 10 1.0182542586889554e-09
3083 3338 10 1.0182542586889554e-09
3083 3350 11 5.460920604605235e-11
3083 3386 10 1.0182542586889554e-09
3083 3400 11 5.460920604605235e-11
3083 3570 12 2.67752486848849e-12
3083 3571 35 1.1102230246251565e-16
3083 3572 34 1.1102230246251565e-16
3083 3573 18 1.1102230246251565e-16
3083 3575 16 1.1102230246251565e-16
3083 3576 16 1.1102230246251565e-16
3083 3577 18 1.1102230246251565e-16
3083 3578 22 1.1102230246251565e-16
3083 3579 20 1.1102230246251565e-16
3083 3580 13 1.2079226507921703e-13
3083 3581 18 1.1102230246251565e-16
3083 3582 21 1.1102230246251565e-16
3083 3583 16 1.1102230246251565e-16
3083 3584 20 1.1102230246251565e-16
3083 3585 17 1.1102230246251565e-16
3083 3586 13 1.2079226507921703e-13
3083 3587 13 1.2079226507921703e-13
3083 3588 28 1.1102230246251565e-16
3083 3589 18 1.1102230246251565e-16
3083 3590 12 2.67752486848849e-12
3083 3591 21 1.1102230246251565e-16
3083 3592 18 1.1102230246251565e-16
3083 3593 14 4.9960036108132044e-15
3083 3595 15 2.220446049250313e-16
3083 3596 15 2.220446049250313e-16
3083 3597 12 2.67752486848849e-12
3083 3599 11 5.460920604605235e-11
3083 3600 17 1.1102230246251565e-16
3083 3601 12 2.67752486848849e-12
3083 3602 13 1.2079226507921703e-13
3083 3603 14 4.9960036108132044e-15
3083 3605 15 2.220446049250313e-16
3083 3606 13 1.2079226507921703e-13
3083 3607 18 1.1102230246251565e-16
3083 3610 10 1.0182542586889554e-09
3083 3611 16 1.1102230246251565e-16
3083 3612 10 1.0182542586889554e-09
3083 3613 17 1.1102230246251565e-16
3083 3614 10 1.0182542586889554e-09
3083 3616 10 1.0182542586889554e-09
3083 3617 11 5.460920604605235e-11
3083 3618 11 5.460920604605235e-11
3083 3624 10 1.0182542586889554e-09
3083 3629 13 1.2079226507921703e-13
3083 3630 10 1.0182542586889554e-09
3083 3632 13 1.2079226507921703e-13
3083 3640 12 2.67752486848849e-12
3083 3648 12 2.67752486848849e-12
3083 3650 11 5.460920604605235e-11
3083 3654 11 5.460920604605235e-11
3083 3662 10 1.0182542586889554e-09
3083 3680 36 1.1102230246251565e-16
3083 3822 14 4.9960036108132044e-15
3083 3823 21 1.1102230246251565e-16
3083 3824 12 2.67752486848849e-12
3083 3825 12 2.67752486848849e-12
3083 3826 13 1.2079226507921703e-13
3083 3828 13 1.2079226507921703e-13
3083 3829 19 1.1102230246251565e-16
3083 3830 18 1.1102230246251565e-16
3083 3831 18 1.1102230246251565e-16
3083 3832 17 1.1102230246251565e-16
3083 3833 21 1.1102230246251565e-16
3083 3834 17 1.1102230246251565e-16
3083 3835 13 1.2079226507921703e-13
3083 3836 21 1.1102230246251565e-16
3083 3837 20 1.1102230246251565e-16
3083 3838 16 1.1102230246251565e-16
3083 3839 16 1.1102230246251565e-16
3083 3840 17 1.1102230246251565e-16
3083 3841 17 1.1102230246251565e-16
3083 3842 22 1.1102230246251565e-16
3083 3843 33 1.1102230246251565e-16
3083 3844 31 1.1102230246251565e-16
3083 3845 29 1.1102230246251565e-16
3083 3846 27 1.1102230246251565e-16
3083 3847 16 1.1102230246251565e-16
3083 3848 16 1.1102230246251565e-16
3083 3849 19 1.1102230246251565e-16
3083 3850 19 1.1102230246251565e-16
3083 3857 11 5.460920604605235e-11
3083 3860 13 1.2079226507921703e-13
3083 3862 10 1.0182542586889554e-09
3083 3875 14 4.9960036108132044e-15
3083 3888 10 1.0182542586889554e-09
3083 3897 10 1.0182542586889554e-09
3083 4062 20 1.1102230246251565e-16
3083 4063 25 1.1102230246251565e-16
3083 4064 28 1.1102230246251565e-16
3083 4065 19 1.1102230246251565e-16
3083 4066 29 1.1102230246251565e-16
3083 4067 13 1.2079226507921703e-13
3083 4068 20 1.1102230246251565e-16
3083 4069 22 1.1102230246251565e-16
3083 4070 18 1.1102230246251565e-16
3083 4071 20 1.1102230246251565e-16
3083 4072 25 1.1102230246251565e-16
3083 4073 17 1.1102230246251565e-16
3083 4074 17 1.1102230246251565e-16
3083 4075 20 1.1102230246251565e-16
3083 4076 18 1.1102230246251565e-16
3083 4077 18 1.1102230246251565e-16
3083 4078 13 1.2079226507921703e-13
3083 4079 16 1.1102230246251565e-16
3083 4080 23 1.1102230246251565e-16
3083 4081 23 1.1102230246251565e-16
3083 4082 17 1.1102230246251565e-16
3083 4084 17 1.1102230246251565e-16
3083 4085 19 1.1102230246251565e-16
3083 4086 15 2.220446049250313e-16
3083 4087 16 1.1102230246251565e-16
3083 4088 10 1.0182542586889554e-09
3083 4089 18 1.1102230246251565e-16
3083 4090 17 1.1102230246251565e-16
3083 4091 17 1.1102230246251565e-16
3083 4092 17 1.1102230246251565e-16
3083 4093 15 2.220446049250313e-16
3083 4094 26 1.1102230246251565e-16
3083 4095 21 1.1102230246251565e-16
3083 4096 13 1.2079226507921703e-13
3083 4097 17 1.1102230246251565e-16
3083 4098 12 2.67752486848849e-12
3083 4099 12 2.67752486848849e-12
3083 4100 13 1.2079226507921703e-13
3083 4101 13 1.2079226507921703e-13
3083 4102 16 1.1102230246251565e-16
3083 4103 14 4.9960036108132044e-15
3083 4104 14 4.9960036108132044e-15
3083 4107 16 1.1102230246251565e-16
3083 4108 11 5.460920604605235e-11
3083 4109 13 1.2079226507921703e-13
3083 4110 20 1.1102230246251565e-16
3083 4111 17 1.1102230246251565e-16
3083 4114 14 4.9960036108132044e-15
3083 4119 11 5.460920604605235e-11
3083 4120 10 1.0182542586889554e-09
3083 4123 10 1.0182542586889554e-09
3083 4124 15 2.220446049250313e-16
3083 4125 18 1.1102230246251565e-16
3083 4126 12 2.67752486848849e-12
3083 4127 18 1.1102230246251565e-16
3083 4128 17 1.1102230246251565e-16
3083 4130 18 1.1102230246251565e-16
3083 4131 16 1.1102230246251565e-16
3083 4132 14 4.9960036108132044e-15
3083 4134 13 1.2079226507921703e-13
3083 4137 10 1.0182542586889554e-09
3083 4141 11 5.460920604605235e-11
3083 4150 10 1.0182542586889554e-09
3083 4152 11 5.460920604605235e-11
3083 4159 10 1.0182542586889554e-09
3083 4161 10 1.0182542586889554e-09
3083 4171 11 5.460920604605235e-11
3083 4173 11 5.460920604605235e-11
3083 4202 11 5.460920604605235e-11
3083 4209 12 2.67752486848849e-12
3083 4255 274 1.1102230246251565e-16
3083 4270 15 2.220446049250313e-16
3083 4271 24 1.1102230246251565e-16
3083 4272 25 1.1102230246251565e-16
3083 4273 18 1.1102230246251565e-16
3083 4274 13 1.2079226507921703e-13
3083 4275 15 2.220446049250313e-16
3083 4276 16 1.1102230246251565e-16
3083 4278 15 2.220446049250313e-16
3083 4279 19 1.1102230246251565e-16
3083 4280 12 2.67752486848849e-12
3083 4281 12 2.67752486848849e-12
3083 4282 10 1.0182542586889554e-09
3083 4283 12 2.67752486848849e-12
3083 4284 11 5.460920604605235e-11
3083 4289 10 1.0182542586889554e-09
3083 4291 15 2.220446049250313e-16
3083 4292 10 1.0182542586889554e-09
3083 4293 10 1.0182542586889554e-09
3083 4294 11 5.460920604605235e-11
3083 4295 11 5.460920604605235e-11
3083 4296 12 2.67752486848849e-12
3083 4297 11 5.460920604605235e-11
3083 4298 10 1.0182542586889554e-09
3083 4299 19 1.1102230246251565e-16
3083 4301 17 1.1102230246251565e-16
3083 4303 14 4.9960036108132044e-15
3083 4305 11 5.460920604605235e-11
3083 4308 10 1.0182542586889554e-09
3083 4311 10 1.0182542586889554e-09
3083 4312 10 1.0182542586889554e-09
3083 4315 14 4.9960036108132044e-15
3083 4317 12 2.67752486848849e-12
3083 4322 11 5.460920604605235e-11
3083 4339 10 1.0182542586889554e-09
3083 4467 52 1.1102230246251565e-16
3083 4468 43 1.1102230246251565e-16
3083 4469 24 1.1102230246251565e-16
3083 4470 29 1.1102230246251565e-16
3083 4471 27 1.1102230246251565e-16
3083 4472 23 1.1102230246251565e-16
3083 4473 19 1.1102230246251565e-16
3083 4475 12 2.67752486848849e-12
3083 4476 13 1.2079226507921703e-13
3083 4478 14 4.9960036108132044e-15
3083 4479 13 1.2079226507921703e-13
3083 4480 15 2.220446049250313e-16
3083 4481 27 1.1102230246251565e-16
3083 4482 20 1.1102230246251565e-16
3083 4483 11 5.460920604605235e-11
3083 4484 14 4.9960036108132044e-15
3083 4485 22 1.1102230246251565e-16
3083 4486 21 1.1102230246251565e-16
3083 4487 22 1.1102230246251565e-16
3083 4488 10 1.0182542586889554e-09
3083 4489 11 5.460920604605235e-11
3083 4490 18 1.1102230246251565e-16
3083 4492 26 1.1102230246251565e-16
3083 4493 18 1.1102230246251565e-16
3083 4495 14 4.9960036108132044e-15
3083 4496 18 1.1102230246251565e-16
3083 4497 17 1.1102230246251565e-16
3083 4498 11 5.460920604605235e-11
3083 4500 12 2.67752486848849e-12
3083 4503 10 1.0182542586889554e-09
3083 4504 11 5.460920604605235e-11
3083 4505 14 4.9960036108132044e-15
3083 4506 15 2.220446049250313e-16
3083 4508 15 2.220446049250313e-16
3083 4509 15 2.220446049250313e-16
3083 4510 10 1.0182542586889554e-09
3083 4519 11 5.460920604605235e-11
3083 4522 13 1.2079226507921703e-13
3083 4525 15 2.220446049250313e-16
3083 4557 11 5.460920604605235e-11
3083 4658 50 1.1102230246251565e-16
3083 4668 10 1.0182542586889554e-09
3083 4672 10 1.0182542586889554e-09
3083 4673 16 1.1102230246251565e-16
3083 4682 13 1.2079226507921703e-13
3083 4692 11 5.460920604605235e-11
3083 4693 14 4.9960036108132044e-15
3083 4694 14 4.9960036108132044e-15
3083 4701 12 2.67752486848849e-12
3083 4841 10 1.0182542586889554e-09
3083 4848 10 1.0182542586889554e-09
3083 4855 13 1.2079226507921703e-13
3083 4856 11 5.460920604605235e-11
3083 4857 13 1.2079226507921703e-13
3083 4861 13 1.2079226507921703e-13
3083 4863 13 1.2079226507921703e-13
3083 4866 11 5.460920604605235e-11
3083 4869 12 2.67752486848849e-12
3083 4870 11 5.460920604605235e-11
3083 4875 10 1.0182542586889554e-09
3083 4879 10 1.0182542586889554e-09
3083 4881 15 2.220446049250313e-16
3083 4883 10 1.0182542586889554e-09
3083 4892 15 2.220446049250313e-16
3083 4900 12 2.67752486848849e-12
3083 4910 10 1.0182542586889554e-09
3083 4911 11 5.460920604605235e-11
3083 4925 10 1.0182542586889554e-09
3083 4929 10 1.0182542586889554e-09
3083 4940 10 1.0182542586889554e-09
3083 4945 10 1.0182542586889554e-09
3083 4946 10 1.0182542586889554e-09
3083 4967 11 5.460920604605235e-11
3083 4968 13 1.2079226507921703e-13
3083 4969 16 1.1102230246251565e-16
3083 4970 14 4.9960036108132044e-15
3083 4971 19 1.1102230246251565e-16
3083 4972 19 1.1102230246251565e-16
3083 4975 11 5.460920604605235e-11
3083 4976 11 5.460920604605235e-11
3083 4977 10 1.0182542586889554e-09
3083 4978 13 1.2079226507921703e-13
3083 4981 15 2.220446049250313e-16
3083 4982 12 2.67752486848849e-12
3083 4990 12 2.67752486848849e-12
3083 4991 10 1.0182542586889554e-09
3083 4997 13 1.2079226507921703e-13
3083 4998 13 1.2079226507921703e-13
3083 4999 12 2.67752486848849e-12
3083 5001 11 5.460920604605235e-11
3083 5003 10 1.0182542586889554e-09
3083 5025 15 2.220446049250313e-16
3084 4272 10 1.0182542586889554e-09
3086 4328 29 1.1102230246251565e-16
3086 4510 12 2.67752486848849e-12
3117 4299 10 1.0182542586889554e-09
3136 4330 17 1.1102230246251565e-16
3142 4110 10 1.0182542586889554e-09
3142 4111 17 1.1102230246251565e-16
3142 4883 11 5.460920604605235e-11
3142 4884 35 1.1102230246251565e-16
3153 4397 20 1.1102230246251565e-16
3163 3935 14 4.9960036108132044e-15
3179 5103 10 1.0182542586889554e-09
3181 3674 10 1.0182542586889554e-09
3186 4982 10 1.0182542586889554e-09
3202 3704 16 1.1102230246251565e-16
3215 4842 10 1.0182542586889554e-09
3232 4107 30 1.1102230246251565e-16
3232 4108 23 1.1102230246251565e-16
3232 4175 14 4.9960036108132044e-15
3243 3619 11 5.460920604605235e-11
3244 3674 16 1.1102230246251565e-16
3244 4127 19 1.1102230246251565e-16
3264 5089 20 1.1102230246251565e-16
3267 4641 10 1.0182542586889554e-09
3269 3588 15 2.220446049250313e-16
3269 3915 10 1.0182542586889554e-09
3271 4255 10 1.0182542586889554e-09
3271 4518 13 1.2079226507921703e-13
3273 4253 11 5.460920604605235e-11
3273 4846 10 1.0182542586889554e-09
3285 3463 15 2.220446049250313e-16
3294 4226 12 2.67752486848849e-12
3294 4533 10 1.0182542586889554e-09
3294 4541 116 1.1102230246251565e-16
3306 4904 41 1.1102230246251565e-16
3310 4253 10 1.0182542586889554e-09
3312 4253 11 5.460920604605235e-11
3312 4254 12 2.67752486848849e-12
3317 3545 10 1.0182542586889554e-09
3319 4513 10 1.0182542586889554e-09
3320 4956 35 1.1102230246251565e-16
3337 4562 20 1.1102230246251565e-16
3354 4219 13 1.2079226507921703e-13
3378 3716 20 1.1102230246251565e-16
3401 5125 12 2.67752486848849e-12
3416 5172 18 1.1102230246251565e-16
3417 4746 18 1.1102230246251565e-16
3541 3775 10 1.0182542586889554e-09
3542 3775 33 1.1102230246251565e-16
3546 5250 11 5.460920604605235e-11
3551 4233 13 1.2079226507921703e-13
3556 4088 12 2.67752486848849e-12
3598 3879 14 4.9960036108132044e-15
3632 4348 15 2.220446049250313e-16
3644 4669 18 1.1102230246251565e-16
3675 4554 10 1.0182542586889554e-09
3680 4255 287 1.1102230246251565e-16
3698 4990 19 1.1102230246251565e-16
3716 4672 11 5.460920604605235e-11
3762 4381 21 1.1102230246251565e-16
3876 4067 10 1.0182542586889554e-09
3914 4433 11 5.460920604605235e-11
3932 5102 11 5.460920604605235e-11
3938 4326 14 4.9960036108132044e-15
4027 5242 12 2.67752486848849e-12
4032 4942 10 1.0182542586889554e-09
4064 4830 13 1.2079226507921703e-13
4093 4615 12 2.67752486848849e-12
4125 5137 10 1.0182542586889554e-09
4129 4512 22 1.1102230246251565e-16
4166 4725 10 1.0182542586889554e-09
4209 4517 11 5.460920604605235e-11
4215 4515 10 1.0182542586889554e-09
4215 4519 14 4.9960036108132044e-15
4218 4517 10 1.0182542586889554e-09
4218 4518 10 1.0182542586889554e-09
4219 4517 12 2.67752486848849e-12
4219 4623 23 1.1102230246251565e-16
4222 4513 12 2.67752486848849e-12
4226 4541 16 1.1102230246251565e-16
4255 4272 17 1.1102230246251565e-16
4255 4273 13 1.2079226507921703e-13
4255 4299 10 1.0182542586889554e-09
4255 4515 10 1.0182542586889554e-09
4255 4658 18 1.1102230246251565e-16
4270 4840 10 1.0182542586889554e-09
4286 4541 12 2.67752486848849e-12
4294 4707 12 2.67752486848849e-12
4298 4551 10 1.0182542586889554e-09
4300 4846 10 1.0182542586889554e-09
4309 4554 12 2.67752486848849e-12
4378 5000 10 1.0182542586889554e-09
4379 4470 10 1.0182542586889554e-09
4438 5162 10 1.0182542586889554e-09
4484 4952 15 2.220446049250313e-16
4513 4843 10 1.0182542586889554e-09
4513 4844 10 1.0182542586889554e-09
4514 4845 10 1.0182542586889554e-09
4529 4902 11 5.460920604605235e-11
4531 4924 10 1.0182542586889554e-09
4541 4658 12 2.67752486848849e-12
4541 4799 23 1.1102230246251565e-16
4651 4956 20 1.1102230246251565e-16
4910 5210 23 1.1102230246251565e-16
