bin1 bin2 count p_value
6 3083 13 1.1790568521519162e-13
7 3083 33 1.1102230246251565e-16
8 3083 19 1.1102230246251565e-16
9 3083 38 1.1102230246251565e-16
10 3083 25 1.1102230246251565e-16
10 5002 11 5.3479221051588866e-11
11 3083 24 1.1102230246251565e-16
12 3083 28 1.1102230246251565e-16
13 3083 21 1.1102230246251565e-16
14 3083 34 1.1102230246251565e-16
15 3083 17 1.1102230246251565e-16
16 3083 11 5.3479221051588866e-11
17 3083 11 5.3479221051588866e-11
18 3083 13 1.1790568521519162e-13
19 3083 36 1.1102230246251565e-16
20 3083 32 1.1102230246251565e-16
21 3083 22 1.1102230246251565e-16
22 3083 17 1.1102230246251565e-16
23 3083 19 1.1102230246251565e-16
24 3083 14 4.884981308350689e-15
25 3083 17 1.1102230246251565e-16
26 3083 23 1.1102230246251565e-16
27 3083 19 1.1102230246251565e-16
28 3083 14 4.884981308350689e-15
29 3083 10 9.991725224978154e-10
31 3083 17 1.1102230246251565e-16
32 3083 15 2.220446049250313e-16
33 3083 14 4.884981308350689e-15
34 3083 14 4.884981308350689e-15
35 2951 24 1.1102230246251565e-16
35 3083 16 1.1102230246251565e-16
36 3083 15 2.220446049250313e-16
37 3083 11 5.3479221051588866e-11
38 3083 16 1.1102230246251565e-16
39 3083 12 2.6169066913439565e-12
40 3083 16 1.1102230246251565e-16
42 3083 18 1.1102230246251565e-16
43 3083 14 4.884981308350689e-15
45 3083 15 2.220446049250313e-16
46 3083 13 1.1790568521519162e-13
48 3083 22 1.1102230246251565e-16
52 3083 10 9.991725224978154e-10
55 3083 12 2.6169066913439565e-12
59 3083 11 5.3479221051588866e-11
60 3083 11 5.3479221051588866e-11
61 3083 12 2.6169066913439565e-12
62 3083 11 5.3479221051588866e-11
64 3083 10 9.991725224978154e-10
66 3083 11 5.3479221051588866e-11
67 3083 17 1.1102230246251565e-16
68 3083 22 1.1102230246251565e-16
69 3083 21 1.1102230246251565e-16
71 3083 11 5.3479221051588866e-11
72 3083 12 2.6169066913439565e-12
73 3083 11 5.3479221051588866e-11
74 3083 14 4.884981308350689e-15
75 3083 15 2.220446049250313e-16
76 3083 12 2.6169066913439565e-12
78 3083 10 9.991725224978154e-10
79 3083 11 5.3479221051588866e-11
82 3083 10 9.991725224978154e-10
85 3083 11 5.3479221051588866e-11
88 3083 12 2.6169066913439565e-12
89 3083 14 4.884981308350689e-15
97 3083 10 9.991725224978154e-10
103 3083 11 5.3479221051588866e-11
104 3083 14 4.884981308350689e-15
108 1906 13 1.1790568521519162e-13
111 4920 35 1.1102230246251565e-16
113 3883 12 2.6169066913439565e-12
124 4930 13 1.1790568521519162e-13
133 2703 10 9.991725224978154e-10
133 2704 21 1.1102230246251565e-16
168 585 21 1.1102230246251565e-16
168 586 10 9.991725224978154e-10
179 871 20 1.1102230246251565e-16
180 401 29 1.1102230246251565e-16
180 402 21 1.1102230246251565e-16
180 403 20 1.1102230246251565e-16
180 404 10 9.991725224978154e-10
180 430 10 9.991725224978154e-10
180 1086 15 2.220446049250313e-16
180 1087 11 5.3479221051588866e-11
180 1089 10 9.991725224978154e-10
180 1091 10 9.991725224978154e-10
180 1092 10 9.991725224978154e-10
180 3083 65 1.1102230246251565e-16
186 1127 13 1.1790568521519162e-13
210 704 10 9.991725224978154e-10
214 2715 15 2.220446049250313e-16
222 1929 29 1.1102230246251565e-16
260 1214 13 1.1790568521519162e-13
268 2782 10 9.991725224978154e-10
270 1602 10 9.991725224978154e-10
271 3069 19 1.1102230246251565e-16
273 2397 36 1.1102230246251565e-16
277 1946 14 4.884981308350689e-15
277 3562 17 1.1102230246251565e-16
295 912 13 1.1790568521519162e-13
299 1159 14 4.884981308350689e-15
304 3912 23 1.1102230246251565e-16
309 2611 25 1.1102230246251565e-16
318 3218 16 1.1102230246251565e-16
319 1973 14 4.884981308350689e-15
323 5045 13 1.1790568521519162e-13
326 1420 13 1.1790568521519162e-13
337 1126 16 1.1102230246251565e-16
344 4114 15 2.220446049250313e-16
346 3291 10 9.991725224978154e-10
347 3069 10 9.991725224978154e-10
348 4340 12 2.6169066913439565e-12
365 731 11 5.3479221051588866e-11
401 3083 29 1.1102230246251565e-16
402 3083 31 1.1102230246251565e-16
402 4614 10 9.991725224978154e-10
403 3083 23 1.1102230246251565e-16
404 3083 31 1.1102230246251565e-16
405 3083 30 1.1102230246251565e-16
406 3083 24 1.1102230246251565e-16
407 2496 15 2.220446049250313e-16
407 3083 27 1.1102230246251565e-16
408 3083 15 2.220446049250313e-16
409 3083 11 5.3479221051588866e-11
410 3083 13 1.1790568521519162e-13
411 3083 13 1.1790568521519162e-13
412 3083 14 4.884981308350689e-15
413 3083 14 4.884981308350689e-15
414 3083 21 1.1102230246251565e-16
415 3083 16 1.1102230246251565e-16
416 3083 22 1.1102230246251565e-16
417 3083 20 1.1102230246251565e-16
418 3083 25 1.1102230246251565e-16
419 3083 19 1.1102230246251565e-16
420 3083 17 1.1102230246251565e-16
421 3083 15 2.220446049250313e-16
422 3083 25 1.1102230246251565e-16
423 3083 14 4.884981308350689e-15
424 3083 15 2.220446049250313e-16
425 1745 10 9.991725224978154e-10
425 3083 12 2.6169066913439565e-12
426 3083 12 2.6169066913439565e-12
428 3083 15 2.220446049250313e-16
429 3083 13 1.1790568521519162e-13
430 3055 11 5.3479221051588866e-11
430 3083 21 1.1102230246251565e-16
431 3083 24 1.1102230246251565e-16
432 3083 17 1.1102230246251565e-16
433 3083 16 1.1102230246251565e-16
434 3083 19 1.1102230246251565e-16
435 3083 13 1.1790568521519162e-13
436 3083 26 1.1102230246251565e-16
437 3083 14 4.884981308350689e-15
438 3083 11 5.3479221051588866e-11
440 3083 15 2.220446049250313e-16
441 3083 13 1.1790568521519162e-13
442 3083 15 2.220446049250313e-16
443 3083 14 4.884981308350689e-15
444 3083 28 1.1102230246251565e-16
445 3083 10 9.991725224978154e-10
448 3676 10 9.991725224978154e-10
455 1635 12 2.6169066913439565e-12
455 1638 11 5.3479221051588866e-11
455 3272 11 5.3479221051588866e-11
455 4255 10 9.991725224978154e-10
455 4519 11 5.3479221051588866e-11
455 4527 11 5.3479221051588866e-11
455 4844 11 5.3479221051588866e-11
455 4847 12 2.6169066913439565e-12
456 1344 10 9.991725224978154e-10
456 4844 12 2.6169066913439565e-12
457 1343 10 9.991725224978154e-10
457 3233 11 5.3479221051588866e-11
457 4257 12 2.6169066913439565e-12
457 4520 10 9.991725224978154e-10
458 1622 10 9.991725224978154e-10
459 1942 11 5.3479221051588866e-11
460 1343 10 9.991725224978154e-10
460 4256 10 9.991725224978154e-10
460 4521 11 5.3479221051588866e-11
466 3083 11 5.3479221051588866e-11
470 3083 12 2.6169066913439565e-12
471 3083 10 9.991725224978154e-10
472 3083 10 9.991725224978154e-10
475 3083 10 9.991725224978154e-10
483 1887 17 1.1102230246251565e-16
487 4019 26 1.1102230246251565e-16
493 2860 13 1.1790568521519162e-13
500 3083 12 2.6169066913439565e-12
508 2717 31 1.1102230246251565e-16
509 2717 12 2.6169066913439565e-12
521 1121 22 1.1102230246251565e-16
534 1666 33 1.1102230246251565e-16
534 1667 16 1.1102230246251565e-16
534 3379 11 5.3479221051588866e-11
542 1291 41 1.1102230246251565e-16
562 2159 11 5.3479221051588866e-11
564 2128 21 1.1102230246251565e-16
578 3839 12 2.6169066913439565e-12
592 3083 10 9.991725224978154e-10
593 5146 19 1.1102230246251565e-16
594 2963 18 1.1102230246251565e-16
622 920 13 1.1790568521519162e-13
623 920 10 9.991725224978154e-10
632 4848 12 2.6169066913439565e-12
637 3769 10 9.991725224978154e-10
639 2326 32 1.1102230246251565e-16
651 1269 24 1.1102230246251565e-16
657 4001 20 1.1102230246251565e-16
667 1478 22 1.1102230246251565e-16
674 4013 23 1.1102230246251565e-16
683 957 19 1.1102230246251565e-16
687 4639 12 2.6169066913439565e-12
703 3910 25 1.1102230246251565e-16
704 1282 13 1.1790568521519162e-13
705 2561 38 1.1102230246251565e-16
706 1356 10 9.991725224978154e-10
707 1356 10 9.991725224978154e-10
707 3315 10 9.991725224978154e-10
709 1361 10 9.991725224978154e-10
710 2992 26 1.1102230246251565e-16
720 1203 16 1.1102230246251565e-16
727 1360 13 1.1790568521519162e-13
727 1361 10 9.991725224978154e-10
728 1360 11 5.3479221051588866e-11
728 2976 11 5.3479221051588866e-11
728 2977 11 5.3479221051588866e-11
729 1359 10 9.991725224978154e-10
730 1358 11 5.3479221051588866e-11
730 1664 13 1.1790568521519162e-13
730 1820 12 2.6169066913439565e-12
758 775 14 4.884981308350689e-15
758 1390 10 9.991725224978154e-10
758 3083 12 2.6169066913439565e-12
758 3320 12 2.6169066913439565e-12
758 4543 37 1.1102230246251565e-16
765 3083 18 1.1102230246251565e-16
766 3083 20 1.1102230246251565e-16
767 3083 11 5.3479221051588866e-11
768 3083 18 1.1102230246251565e-16
769 3083 16 1.1102230246251565e-16
770 3083 21 1.1102230246251565e-16
771 3083 13 1.1790568521519162e-13
773 3083 14 4.884981308350689e-15
774 3083 19 1.1102230246251565e-16
775 3083 16 1.1102230246251565e-16
775 4543 15 2.220446049250313e-16
776 3083 20 1.1102230246251565e-16
777 3083 31 1.1102230246251565e-16
778 3083 18 1.1102230246251565e-16
779 3083 11 5.3479221051588866e-11
780 3083 11 5.3479221051588866e-11
781 3083 14 4.884981308350689e-15
782 3083 11 5.3479221051588866e-11
783 3083 11 5.3479221051588866e-11
785 3083 15 2.220446049250313e-16
786 3083 10 9.991725224978154e-10
788 3083 11 5.3479221051588866e-11
795 3083 11 5.3479221051588866e-11
796 3083 10 9.991725224978154e-10
797 1389 22 1.1102230246251565e-16
798 3083 16 1.1102230246251565e-16
802 3083 13 1.1790568521519162e-13
803 3083 11 5.3479221051588866e-11
805 3083 13 1.1790568521519162e-13
807 5099 23 1.1102230246251565e-16
811 3083 10 9.991725224978154e-10
813 3083 14 4.884981308350689e-15
814 3083 13 1.1790568521519162e-13
816 3083 11 5.3479221051588866e-11
819 3083 13 1.1790568521519162e-13
820 3083 15 2.220446049250313e-16
823 1419 13 1.1790568521519162e-13
823 3083 12 2.6169066913439565e-12
824 3083 13 1.1790568521519162e-13
831 3830 17 1.1102230246251565e-16
833 3772 17 1.1102230246251565e-16
837 2372 11 5.3479221051588866e-11
841 3083 12 2.6169066913439565e-12
861 3083 12 2.6169066913439565e-12
908 1455 17 1.1102230246251565e-16
911 3846 21 1.1102230246251565e-16
928 2027 21 1.1102230246251565e-16
931 4127 13 1.1790568521519162e-13
933 1714 11 5.3479221051588866e-11
935 1345 11 5.3479221051588866e-11
935 2474 12 2.6169066913439565e-12
935 3271 10 9.991725224978154e-10
935 3309 10 9.991725224978154e-10
936 3270 10 9.991725224978154e-10
936 3271 10 9.991725224978154e-10
936 3282 10 9.991725224978154e-10
937 2783 10 9.991725224978154e-10
937 3270 11 5.3479221051588866e-11
937 3274 11 5.3479221051588866e-11
937 3310 10 9.991725224978154e-10
951 3280 10 9.991725224978154e-10
957 4124 13 1.1790568521519162e-13
957 4125 29 1.1102230246251565e-16
962 4535 16 1.1102230246251565e-16
965 5103 10 9.991725224978154e-10
977 4180 10 9.991725224978154e-10
982 2194 10 9.991725224978154e-10
990 3966 13 1.1790568521519162e-13
1013 5101 10 9.991725224978154e-10
1033 3880 25 1.1102230246251565e-16
1035 1140 34 1.1102230246251565e-16
1035 3159 11 5.3479221051588866e-11
1040 1879 11 5.3479221051588866e-11
1050 3438 16 1.1102230246251565e-16
1061 2652 11 5.3479221051588866e-11
1070 3426 10 9.991725224978154e-10
1085 1703 17 1.1102230246251565e-16
1085 1704 12 2.6169066913439565e-12
1085 2309 21 1.1102230246251565e-16
1085 2310 10 9.991725224978154e-10
1085 3083 15 2.220446049250313e-16
1086 3083 26 1.1102230246251565e-16
1086 4660 12 2.6169066913439565e-12
1087 3083 18 1.1102230246251565e-16
1088 3083 17 1.1102230246251565e-16
1089 3083 17 1.1102230246251565e-16
1090 3083 21 1.1102230246251565e-16
1091 3083 18 1.1102230246251565e-16
1092 3083 22 1.1102230246251565e-16
1093 3083 11 5.3479221051588866e-11
1094 3083 12 2.6169066913439565e-12
1095 3083 13 1.1790568521519162e-13
1096 3083 17 1.1102230246251565e-16
1097 3083 12 2.6169066913439565e-12
1098 3083 17 1.1102230246251565e-16
1099 3083 18 1.1102230246251565e-16
1100 3083 12 2.6169066913439565e-12
1101 3083 19 1.1102230246251565e-16
1101 4855 11 5.3479221051588866e-11
1102 3083 16 1.1102230246251565e-16
1103 3083 18 1.1102230246251565e-16
1104 3083 13 1.1790568521519162e-13
1105 3083 15 2.220446049250313e-16
1106 3083 14 4.884981308350689e-15
1108 3083 14 4.884981308350689e-15
1109 3083 11 5.3479221051588866e-11
1111 3083 10 9.991725224978154e-10
1112 3083 14 4.884981308350689e-15
1113 3083 14 4.884981308350689e-15
1115 3083 12 2.6169066913439565e-12
1116 3083 19 1.1102230246251565e-16
1117 3083 20 1.1102230246251565e-16
1118 4103 10 9.991725224978154e-10
1119 3083 13 1.1790568521519162e-13
1123 3083 15 2.220446049250313e-16
1125 3083 13 1.1790568521519162e-13
1126 3083 12 2.6169066913439565e-12
1127 3083 16 1.1102230246251565e-16
1128 3083 13 1.1790568521519162e-13
1129 3083 15 2.220446049250313e-16
1133 3083 11 5.3479221051588866e-11
1136 3083 10 9.991725224978154e-10
1137 3083 12 2.6169066913439565e-12
1140 3083 16 1.1102230246251565e-16
1141 3083 10 9.991725224978154e-10
1146 1653 10 9.991725224978154e-10
1146 3083 13 1.1790568521519162e-13
1147 3083 15 2.220446049250313e-16
1148 3083 18 1.1102230246251565e-16
1157 1721 18 1.1102230246251565e-16
1161 3083 10 9.991725224978154e-10
1161 4607 19 1.1102230246251565e-16
1169 3083 11 5.3479221051588866e-11
1176 3083 11 5.3479221051588866e-11
1276 1523 10 9.991725224978154e-10
1291 3470 14 4.884981308350689e-15
1301 4174 13 1.1790568521519162e-13
1309 2698 10 9.991725224978154e-10
1311 4723 10 9.991725224978154e-10
1313 3430 10 9.991725224978154e-10
1313 4575 11 5.3479221051588866e-11
1317 3197 14 4.884981308350689e-15
1330 4956 12 2.6169066913439565e-12
1337 3318 10 9.991725224978154e-10
1339 3232 11 5.3479221051588866e-11
1342 3923 11 5.3479221051588866e-11
1343 1620 13 1.1790568521519162e-13
1343 1621 10 9.991725224978154e-10
1344 4215 10 9.991725224978154e-10
1344 4300 13 1.1790568521519162e-13
1345 1635 14 4.884981308350689e-15
1345 2101 10 9.991725224978154e-10
1345 4219 10 9.991725224978154e-10
1346 2686 10 9.991725224978154e-10
1348 3279 11 5.3479221051588866e-11
1348 4215 11 5.3479221051588866e-11
1349 1621 10 9.991725224978154e-10
1349 1638 10 9.991725224978154e-10
1349 2695 11 5.3479221051588866e-11
1350 1638 10 9.991725224978154e-10
1350 2976 12 2.6169066913439565e-12
1350 4526 11 5.3479221051588866e-11
1353 1476 32 1.1102230246251565e-16
1354 1621 10 9.991725224978154e-10
1357 4558 10 9.991725224978154e-10
1368 4309 18 1.1102230246251565e-16
1373 4540 14 4.884981308350689e-15
1373 4727 10 9.991725224978154e-10
1375 1637 10 9.991725224978154e-10
1375 4520 10 9.991725224978154e-10
1376 1636 10 9.991725224978154e-10
1376 1638 13 1.1790568521519162e-13
1376 3313 11 5.3479221051588866e-11
1376 3315 10 9.991725224978154e-10
1377 1635 14 4.884981308350689e-15
1377 1638 14 4.884981308350689e-15
1377 1639 10 9.991725224978154e-10
1378 1638 12 2.6169066913439565e-12
1378 2553 11 5.3479221051588866e-11
1378 3546 11 5.3479221051588866e-11
1381 2552 10 9.991725224978154e-10
1382 1628 18 1.1102230246251565e-16
1382 1636 12 2.6169066913439565e-12
1386 1871 10 9.991725224978154e-10
1386 4688 18 1.1102230246251565e-16
1388 4238 12 2.6169066913439565e-12
1389 3280 10 9.991725224978154e-10
1389 4010 17 1.1102230246251565e-16
1389 4725 38 1.1102230246251565e-16
1390 4725 34 1.1102230246251565e-16
1398 2454 29 1.1102230246251565e-16
1398 3083 27 1.1102230246251565e-16
1399 3083 13 1.1790568521519162e-13
1400 3083 16 1.1102230246251565e-16
1401 3083 12 2.6169066913439565e-12
1402 3083 17 1.1102230246251565e-16
1403 3083 16 1.1102230246251565e-16
1404 3083 12 2.6169066913439565e-12
1405 3083 14 4.884981308350689e-15
1406 3083 10 9.991725224978154e-10
1407 3083 12 2.6169066913439565e-12
1408 3083 18 1.1102230246251565e-16
1409 3083 12 2.6169066913439565e-12
1410 3083 10 9.991725224978154e-10
1411 3083 11 5.3479221051588866e-11
1412 3083 10 9.991725224978154e-10
1416 3083 11 5.3479221051588866e-11
1417 3083 18 1.1102230246251565e-16
1418 3083 12 2.6169066913439565e-12
1419 3083 14 4.884981308350689e-15
1420 3083 12 2.6169066913439565e-12
1421 3083 10 9.991725224978154e-10
1422 3083 16 1.1102230246251565e-16
1423 3083 11 5.3479221051588866e-11
1427 3083 14 4.884981308350689e-15
1428 3083 14 4.884981308350689e-15
1429 3083 11 5.3479221051588866e-11
1430 4881 10 9.991725224978154e-10
1431 3083 20 1.1102230246251565e-16
1432 3083 14 4.884981308350689e-15
1433 3083 13 1.1790568521519162e-13
1436 3083 14 4.884981308350689e-15
1437 3083 19 1.1102230246251565e-16
1437 3365 13 1.1790568521519162e-13
1447 3083 15 2.220446049250313e-16
1450 3083 11 5.3479221051588866e-11
1450 3312 17 1.1102230246251565e-16
1453 3083 11 5.3479221051588866e-11
1457 3083 104 1.1102230246251565e-16
1457 4256 10 9.991725224978154e-10
1458 3083 10 9.991725224978154e-10
1466 2007 20 1.1102230246251565e-16
1466 3083 10 9.991725224978154e-10
1468 3083 10 9.991725224978154e-10
1469 3083 11 5.3479221051588866e-11
1478 2439 13 1.1790568521519162e-13
1541 3049 51 1.1102230246251565e-16
1542 3049 13 1.1790568521519162e-13
1547 2331 12 2.6169066913439565e-12
1551 3846 11 5.3479221051588866e-11
1551 4271 10 9.991725224978154e-10
1567 3529 10 9.991725224978154e-10
1572 2732 26 1.1102230246251565e-16
1577 4275 19 1.1102230246251565e-16
1611 3139 11 5.3479221051588866e-11
1621 2977 11 5.3479221051588866e-11
1621 3222 19 1.1102230246251565e-16
1622 2140 13 1.1790568521519162e-13
1622 3281 12 2.6169066913439565e-12
1622 4336 10 9.991725224978154e-10
1635 3275 16 1.1102230246251565e-16
1635 3312 10 9.991725224978154e-10
1635 4329 10 9.991725224978154e-10
1646 4185 10 9.991725224978154e-10
1651 3158 10 9.991725224978154e-10
1652 3876 26 1.1102230246251565e-16
1652 4512 39 1.1102230246251565e-16
1663 1705 17 1.1102230246251565e-16
1685 2838 28 1.1102230246251565e-16
1685 3295 11 5.3479221051588866e-11
1685 4543 80 1.1102230246251565e-16
1690 2448 12 2.6169066913439565e-12
1703 3083 15 2.220446049250313e-16
1703 3295 10 9.991725224978154e-10
1703 4543 152 1.1102230246251565e-16
1704 3083 48 1.1102230246251565e-16
1705 2708 13 1.1790568521519162e-13
1705 3083 22 1.1102230246251565e-16
1706 3083 26 1.1102230246251565e-16
1707 3083 23 1.1102230246251565e-16
1708 3083 21 1.1102230246251565e-16
1709 3083 15 2.220446049250313e-16
1710 3083 13 1.1790568521519162e-13
1711 3083 19 1.1102230246251565e-16
1711 4580 11 5.3479221051588866e-11
1712 3083 15 2.220446049250313e-16
1713 3083 18 1.1102230246251565e-16
1714 3083 18 1.1102230246251565e-16
1714 4303 10 9.991725224978154e-10
1715 3083 15 2.220446049250313e-16
1716 3083 15 2.220446049250313e-16
1717 3083 16 1.1102230246251565e-16
1719 3083 16 1.1102230246251565e-16
1720 2414 13 1.1790568521519162e-13
1720 3083 14 4.884981308350689e-15
1721 3083 21 1.1102230246251565e-16
1722 3083 14 4.884981308350689e-15
1723 3083 19 1.1102230246251565e-16
1724 3083 20 1.1102230246251565e-16
1726 3083 15 2.220446049250313e-16
1727 3083 18 1.1102230246251565e-16
1728 3083 16 1.1102230246251565e-16
1729 3083 16 1.1102230246251565e-16
1730 3083 12 2.6169066913439565e-12
1731 3083 14 4.884981308350689e-15
1732 2373 17 1.1102230246251565e-16
1732 3083 14 4.884981308350689e-15
1733 3083 15 2.220446049250313e-16
1734 3083 14 4.884981308350689e-15
1735 3083 15 2.220446049250313e-16
1736 3083 18 1.1102230246251565e-16
1737 3083 14 4.884981308350689e-15
1738 3083 12 2.6169066913439565e-12
1739 3083 11 5.3479221051588866e-11
1740 3083 17 1.1102230246251565e-16
1741 3083 24 1.1102230246251565e-16
1742 3083 15 2.220446049250313e-16
1743 3083 12 2.6169066913439565e-12
1744 3083 11 5.3479221051588866e-11
1745 3083 13 1.1790568521519162e-13
1746 3083 11 5.3479221051588866e-11
1748 3083 13 1.1790568521519162e-13
1749 2364 10 9.991725224978154e-10
1749 3083 11 5.3479221051588866e-11
1750 2364 15 2.220446049250313e-16
1750 3083 11 5.3479221051588866e-11
1751 2364 10 9.991725224978154e-10
1751 3083 16 1.1102230246251565e-16
1753 3083 10 9.991725224978154e-10
1754 3083 17 1.1102230246251565e-16
1755 3083 19 1.1102230246251565e-16
1756 3083 10 9.991725224978154e-10
1757 3083 19 1.1102230246251565e-16
1758 3083 10 9.991725224978154e-10
1759 3083 15 2.220446049250313e-16
1760 3083 14 4.884981308350689e-15
1763 3083 12 2.6169066913439565e-12
1764 3083 15 2.220446049250313e-16
1765 3083 11 5.3479221051588866e-11
1766 3083 10 9.991725224978154e-10
1767 3083 13 1.1790568521519162e-13
1768 3083 14 4.884981308350689e-15
1770 3083 14 4.884981308350689e-15
1771 3083 10 9.991725224978154e-10
1771 3377 30 1.1102230246251565e-16
1772 3083 18 1.1102230246251565e-16
1772 3377 19 1.1102230246251565e-16
1773 3083 14 4.884981308350689e-15
1776 3083 14 4.884981308350689e-15
1795 3083 12 2.6169066913439565e-12
1797 4571 16 1.1102230246251565e-16
1802 3083 12 2.6169066913439565e-12
1805 4952 16 1.1102230246251565e-16
1810 3662 19 1.1102230246251565e-16
1830 3170 24 1.1102230246251565e-16
1831 4835 12 2.6169066913439565e-12
1832 4835 28 1.1102230246251565e-16
1837 4891 32 1.1102230246251565e-16
1850 4362 29 1.1102230246251565e-16
1851 2641 10 9.991725224978154e-10
1868 2325 11 5.3479221051588866e-11
1880 2207 23 1.1102230246251565e-16
1881 4895 11 5.3479221051588866e-11
1910 5040 10 9.991725224978154e-10
1915 4373 16 1.1102230246251565e-16
1921 3290 11 5.3479221051588866e-11
1947 2743 12 2.6169066913439565e-12
1963 2378 10 9.991725224978154e-10
1963 2379 33 1.1102230246251565e-16
1966 4820 11 5.3479221051588866e-11
1978 3882 11 5.3479221051588866e-11
1991 2990 16 1.1102230246251565e-16
1995 2302 10 9.991725224978154e-10
2003 3083 52 1.1102230246251565e-16
2003 4256 18 1.1102230246251565e-16
2004 3083 59 1.1102230246251565e-16
2004 4256 14 4.884981308350689e-15
2005 3083 28 1.1102230246251565e-16
2006 3083 26 1.1102230246251565e-16
2007 3083 28 1.1102230246251565e-16
2008 3083 11 5.3479221051588866e-11
2009 3083 24 1.1102230246251565e-16
2010 3083 28 1.1102230246251565e-16
2011 2815 17 1.1102230246251565e-16
2011 3083 23 1.1102230246251565e-16
2011 5293 34 1.1102230246251565e-16
2019 3083 15 2.220446049250313e-16
2022 3083 19 1.1102230246251565e-16
2023 3083 15 2.220446049250313e-16
2024 3083 19 1.1102230246251565e-16
2025 3083 12 2.6169066913439565e-12
2027 3083 12 2.6169066913439565e-12
2030 3083 10 9.991725224978154e-10
2031 3083 20 1.1102230246251565e-16
2032 3083 13 1.1790568521519162e-13
2032 3877 10 9.991725224978154e-10
2034 3083 11 5.3479221051588866e-11
2036 3083 21 1.1102230246251565e-16
2037 3083 13 1.1790568521519162e-13
2046 3083 10 9.991725224978154e-10
2047 2393 10 9.991725224978154e-10
2047 3083 14 4.884981308350689e-15
2048 3083 10 9.991725224978154e-10
2049 3083 16 1.1102230246251565e-16
2050 3083 18 1.1102230246251565e-16
2052 3083 11 5.3479221051588866e-11
2053 3083 17 1.1102230246251565e-16
2054 3083 18 1.1102230246251565e-16
2055 3083 10 9.991725224978154e-10
2055 4513 10 9.991725224978154e-10
2056 2628 13 1.1790568521519162e-13
2056 4512 10 9.991725224978154e-10
2056 4521 11 5.3479221051588866e-11
2056 4847 11 5.3479221051588866e-11
2057 3083 11 5.3479221051588866e-11
2057 4521 12 2.6169066913439565e-12
2058 3083 11 5.3479221051588866e-11
2059 3083 19 1.1102230246251565e-16
2059 4848 13 1.1790568521519162e-13
2059 4849 10 9.991725224978154e-10
2060 3083 10 9.991725224978154e-10
2061 3481 11 5.3479221051588866e-11
2067 3083 14 4.884981308350689e-15
2068 3083 19 1.1102230246251565e-16
2075 3083 10 9.991725224978154e-10
2091 3083 10 9.991725224978154e-10
2093 3083 11 5.3479221051588866e-11
2096 3083 10 9.991725224978154e-10
2099 3083 10 9.991725224978154e-10
2100 4512 10 9.991725224978154e-10
2171 4217 13 1.1790568521519162e-13
2172 5292 14 4.884981308350689e-15
2178 2409 11 5.3479221051588866e-11
2184 3954 15 2.220446049250313e-16
2184 4074 17 1.1102230246251565e-16
2189 4651 20 1.1102230246251565e-16
2190 2323 14 4.884981308350689e-15
2190 4651 11 5.3479221051588866e-11
2201 2427 10 9.991725224978154e-10
2204 4403 17 1.1102230246251565e-16
2215 2662 22 1.1102230246251565e-16
2220 3563 20 1.1102230246251565e-16
2232 2917 13 1.1790568521519162e-13
2239 2922 21 1.1102230246251565e-16
2264 3681 14 4.884981308350689e-15
2265 3308 13 1.1790568521519162e-13
2268 4927 34 1.1102230246251565e-16
2272 3440 13 1.1790568521519162e-13
2309 3083 45 1.1102230246251565e-16
2310 3083 74 1.1102230246251565e-16
2310 4256 11 5.3479221051588866e-11
2310 4543 116 1.1102230246251565e-16
2311 2652 14 4.884981308350689e-15
2311 3083 35 1.1102230246251565e-16
2311 3863 10 9.991725224978154e-10
2312 3083 23 1.1102230246251565e-16
2312 3572 11 5.3479221051588866e-11
2313 3083 19 1.1102230246251565e-16
2314 3083 18 1.1102230246251565e-16
2314 3844 12 2.6169066913439565e-12
2315 3083 19 1.1102230246251565e-16
2316 3083 26 1.1102230246251565e-16
2317 3083 31 1.1102230246251565e-16
2318 3083 15 2.220446049250313e-16
2319 3083 22 1.1102230246251565e-16
2320 3083 25 1.1102230246251565e-16
2321 3083 24 1.1102230246251565e-16
2322 3083 27 1.1102230246251565e-16
2323 3083 30 1.1102230246251565e-16
2324 3083 24 1.1102230246251565e-16
2325 3083 28 1.1102230246251565e-16
2326 3083 27 1.1102230246251565e-16
2326 4851 11 5.3479221051588866e-11
2327 3083 18 1.1102230246251565e-16
2328 3083 17 1.1102230246251565e-16
2329 3083 14 4.884981308350689e-15
2330 3083 16 1.1102230246251565e-16
2331 3083 16 1.1102230246251565e-16
2332 3083 16 1.1102230246251565e-16
2333 3083 14 4.884981308350689e-15
2335 3083 13 1.1790568521519162e-13
2336 3083 13 1.1790568521519162e-13
2337 3083 12 2.6169066913439565e-12
2338 3083 11 5.3479221051588866e-11
2339 3083 11 5.3479221051588866e-11
2340 3083 19 1.1102230246251565e-16
2341 3083 23 1.1102230246251565e-16
2342 3083 10 9.991725224978154e-10
2349 3083 19 1.1102230246251565e-16
2350 3083 17 1.1102230246251565e-16
2351 3083 14 4.884981308350689e-15
2352 3083 11 5.3479221051588866e-11
2353 3083 10 9.991725224978154e-10
2354 3083 16 1.1102230246251565e-16
2355 3083 13 1.1790568521519162e-13
2356 3083 17 1.1102230246251565e-16
2357 3083 20 1.1102230246251565e-16
2358 3083 14 4.884981308350689e-15
2359 3083 18 1.1102230246251565e-16
2360 3083 14 4.884981308350689e-15
2361 2892 12 2.6169066913439565e-12
2365 3083 11 5.3479221051588866e-11
2367 3083 17 1.1102230246251565e-16
2369 3083 15 2.220446049250313e-16
2370 3083 12 2.6169066913439565e-12
2371 3083 10 9.991725224978154e-10
2372 3083 10 9.991725224978154e-10
2372 4193 17 1.1102230246251565e-16
2373 3083 15 2.220446049250313e-16
2373 5257 22 1.1102230246251565e-16
2374 3083 10 9.991725224978154e-10
2375 3083 10 9.991725224978154e-10
2379 3083 10 9.991725224978154e-10
2389 3083 11 5.3479221051588866e-11
2392 3083 10 9.991725224978154e-10
2394 3083 11 5.3479221051588866e-11
2398 3083 10 9.991725224978154e-10
2400 3083 15 2.220446049250313e-16
2401 3083 10 9.991725224978154e-10
2401 3573 15 2.220446049250313e-16
2407 3840 15 2.220446049250313e-16
2435 4503 19 1.1102230246251565e-16
2437 4976 10 9.991725224978154e-10
2478 2677 31 1.1102230246251565e-16
2495 3215 19 1.1102230246251565e-16
2503 3432 13 1.1790568521519162e-13
2506 3908 10 9.991725224978154e-10
2511 3427 32 1.1102230246251565e-16
2520 2930 32 1.1102230246251565e-16
2520 2931 133 1.1102230246251565e-16
2554 4255 10 9.991725224978154e-10
2555 2783 10 9.991725224978154e-10
2555 3332 44 1.1102230246251565e-16
2565 4653 16 1.1102230246251565e-16
2566 4653 31 1.1102230246251565e-16
2566 4958 16 1.1102230246251565e-16
2573 3083 18 1.1102230246251565e-16
2574 3083 36 1.1102230246251565e-16
2575 3083 30 1.1102230246251565e-16
2576 3083 30 1.1102230246251565e-16
2577 3083 16 1.1102230246251565e-16
2578 3083 26 1.1102230246251565e-16
2579 3083 19 1.1102230246251565e-16
2579 3501 14 4.884981308350689e-15
2580 3083 19 1.1102230246251565e-16
2581 3083 27 1.1102230246251565e-16
2582 3083 16 1.1102230246251565e-16
2583 3083 19 1.1102230246251565e-16
2584 3083 20 1.1102230246251565e-16
2585 3083 19 1.1102230246251565e-16
2586 3083 18 1.1102230246251565e-16
2588 3083 25 1.1102230246251565e-16
2589 3083 13 1.1790568521519162e-13
2590 3083 10 9.991725224978154e-10
2591 3083 17 1.1102230246251565e-16
2592 3083 16 1.1102230246251565e-16
2593 3083 11 5.3479221051588866e-11
2594 3083 21 1.1102230246251565e-16
2595 3083 15 2.220446049250313e-16
2596 3083 19 1.1102230246251565e-16
2597 3083 17 1.1102230246251565e-16
2598 3083 17 1.1102230246251565e-16
2599 3083 15 2.220446049250313e-16
2600 3083 13 1.1790568521519162e-13
2601 3083 13 1.1790568521519162e-13
2602 3083 19 1.1102230246251565e-16
2603 3083 14 4.884981308350689e-15
2604 3083 15 2.220446049250313e-16
2605 3083 11 5.3479221051588866e-11
2605 5123 18 1.1102230246251565e-16
2607 3083 20 1.1102230246251565e-16
2608 3083 23 1.1102230246251565e-16
2609 3083 15 2.220446049250313e-16
2609 3089 10 9.991725224978154e-10
2609 4723 20 1.1102230246251565e-16
2610 4513 10 9.991725224978154e-10
2611 3083 22 1.1102230246251565e-16
2612 3083 12 2.6169066913439565e-12
2613 3083 12 2.6169066913439565e-12
2615 3083 12 2.6169066913439565e-12
2616 3083 13 1.1790568521519162e-13
2617 3083 10 9.991725224978154e-10
2618 3083 14 4.884981308350689e-15
2620 3083 12 2.6169066913439565e-12
2621 3083 14 4.884981308350689e-15
2624 3083 11 5.3479221051588866e-11
2626 3083 11 5.3479221051588866e-11
2629 2828 10 9.991725224978154e-10
2629 3083 15 2.220446049250313e-16
2630 3083 11 5.3479221051588866e-11
2631 3083 10 9.991725224978154e-10
2637 3083 13 1.1790568521519162e-13
2642 3083 11 5.3479221051588866e-11
2643 3083 11 5.3479221051588866e-11
2647 3083 14 4.884981308350689e-15
2647 4159 10 9.991725224978154e-10
2649 3083 10 9.991725224978154e-10
2651 3083 10 9.991725224978154e-10
2652 3083 11 5.3479221051588866e-11
2655 3087 11 5.3479221051588866e-11
2657 4495 10 9.991725224978154e-10
2661 3083 12 2.6169066913439565e-12
2662 3083 10 9.991725224978154e-10
2663 4681 10 9.991725224978154e-10
2664 3083 11 5.3479221051588866e-11
2675 3083 12 2.6169066913439565e-12
2680 3083 10 9.991725224978154e-10
2682 4521 11 5.3479221051588866e-11
2682 4522 10 9.991725224978154e-10
2686 3083 11 5.3479221051588866e-11
2686 4219 11 5.3479221051588866e-11
2694 3083 10 9.991725224978154e-10
2697 4515 10 9.991725224978154e-10
2697 5225 23 1.1102230246251565e-16
2702 4633 19 1.1102230246251565e-16
2714 5154 15 2.220446049250313e-16
2730 4591 14 4.884981308350689e-15
2732 3643 21 1.1102230246251565e-16
2743 4391 11 5.3479221051588866e-11
2743 4392 10 9.991725224978154e-10
2781 4357 15 2.220446049250313e-16
2804 4365 29 1.1102230246251565e-16
2815 5293 10 9.991725224978154e-10
2822 3083 10 9.991725224978154e-10
2823 3083 12 2.6169066913439565e-12
2824 3083 17 1.1102230246251565e-16
2825 3083 19 1.1102230246251565e-16
2826 3083 16 1.1102230246251565e-16
2828 3083 21 1.1102230246251565e-16
2829 3083 30 1.1102230246251565e-16
2830 3083 21 1.1102230246251565e-16
2831 3083 21 1.1102230246251565e-16
2832 3083 14 4.884981308350689e-15
2833 3083 18 1.1102230246251565e-16
2834 3083 19 1.1102230246251565e-16
2835 3083 17 1.1102230246251565e-16
2838 3083 10 9.991725224978154e-10
2840 3083 11 5.3479221051588866e-11
2845 3083 14 4.884981308350689e-15
2846 3083 11 5.3479221051588866e-11
2847 3083 10 9.991725224978154e-10
2848 3111 18 1.1102230246251565e-16
2850 3083 12 2.6169066913439565e-12
2851 3083 11 5.3479221051588866e-11
2851 4910 16 1.1102230246251565e-16
2852 3083 14 4.884981308350689e-15
2853 3083 10 9.991725224978154e-10
2855 3083 17 1.1102230246251565e-16
2858 3083 11 5.3479221051588866e-11
2859 3083 10 9.991725224978154e-10
2860 3572 33 1.1102230246251565e-16
2863 3083 10 9.991725224978154e-10
2865 3083 10 9.991725224978154e-10
2866 3083 11 5.3479221051588866e-11
2867 3083 11 5.3479221051588866e-11
2868 3083 10 9.991725224978154e-10
2870 3385 12 2.6169066913439565e-12
2871 3083 10 9.991725224978154e-10
2877 4811 20 1.1102230246251565e-16
2878 3083 10 9.991725224978154e-10
2881 3083 12 2.6169066913439565e-12
2883 3083 13 1.1790568521519162e-13
2896 3083 10 9.991725224978154e-10
2938 5166 11 5.3479221051588866e-11
2948 3577 25 1.1102230246251565e-16
2972 4527 13 1.1790568521519162e-13
2975 3272 10 9.991725224978154e-10
2975 3308 10 9.991725224978154e-10
2975 4215 11 5.3479221051588866e-11
2976 3318 12 2.6169066913439565e-12
2976 4847 14 4.884981308350689e-15
2977 3283 10 9.991725224978154e-10
2977 3317 10 9.991725224978154e-10
2977 4215 11 5.3479221051588866e-11
2977 4847 11 5.3479221051588866e-11
3022 3303 23 1.1102230246251565e-16
3031 4610 11 5.3479221051588866e-11
3045 4098 11 5.3479221051588866e-11
3050 4531 13 1.1790568521519162e-13
3076 4958 10 9.991725224978154e-10
3083 3329 11 5.3479221051588866e-11
3083 3331 12 2.6169066913439565e-12
3083 3335 10 9.991725224978154e-10
3083 3347 11 5.3479221051588866e-11
3083 3350 11 5.3479221051588866e-11
3083 3353 12 2.6169066913439565e-12
3083 3401 10 9.991725224978154e-10
3083 3572 34 1.1102230246251565e-16
3083 3573 33 1.1102230246251565e-16
3083 3574 17 1.1102230246251565e-16
3083 3575 11 5.3479221051588866e-11
3083 3576 19 1.1102230246251565e-16
3083 3577 13 1.1790568521519162e-13
3083 3578 17 1.1102230246251565e-16
3083 3579 24 1.1102230246251565e-16
3083 3580 19 1.1102230246251565e-16
3083 3581 16 1.1102230246251565e-16
3083 3582 14 4.884981308350689e-15
3083 3583 21 1.1102230246251565e-16
3083 3584 15 2.220446049250313e-16
3083 3585 21 1.1102230246251565e-16
3083 3586 15 2.220446049250313e-16
3083 3587 16 1.1102230246251565e-16
3083 3588 11 5.3479221051588866e-11
3083 3589 23 1.1102230246251565e-16
3083 3590 23 1.1102230246251565e-16
3083 3591 12 2.6169066913439565e-12
3083 3592 18 1.1102230246251565e-16
3083 3593 15 2.220446049250313e-16
3083 3594 20 1.1102230246251565e-16
3083 3596 13 1.1790568521519162e-13
3083 3597 15 2.220446049250313e-16
3083 3598 10 9.991725224978154e-10
3083 3599 11 5.3479221051588866e-11
3083 3601 15 2.220446049250313e-16
3083 3602 12 2.6169066913439565e-12
3083 3603 15 2.220446049250313e-16
3083 3605 11 5.3479221051588866e-11
3083 3606 13 1.1790568521519162e-13
3083 3607 14 4.884981308350689e-15
3083 3608 15 2.220446049250313e-16
3083 3611 10 9.991725224978154e-10
3083 3612 13 1.1790568521519162e-13
3083 3613 13 1.1790568521519162e-13
3083 3614 15 2.220446049250313e-16
3083 3615 10 9.991725224978154e-10
3083 3617 11 5.3479221051588866e-11
3083 3618 10 9.991725224978154e-10
3083 3619 10 9.991725224978154e-10
3083 3630 13 1.1790568521519162e-13
3083 3631 12 2.6169066913439565e-12
3083 3633 14 4.884981308350689e-15
3083 3641 12 2.6169066913439565e-12
3083 3649 10 9.991725224978154e-10
3083 3652 11 5.3479221051588866e-11
3083 3655 10 9.991725224978154e-10
3083 3663 10 9.991725224978154e-10
3083 3681 34 1.1102230246251565e-16
3083 3682 11 5.3479221051588866e-11
3083 3823 10 9.991725224978154e-10
3083 3824 23 1.1102230246251565e-16
3083 3826 15 2.220446049250313e-16
3083 3827 12 2.6169066913439565e-12
3083 3829 15 2.220446049250313e-16
3083 3830 16 1.1102230246251565e-16
3083 3831 19 1.1102230246251565e-16
3083 3832 18 1.1102230246251565e-16
3083 3833 20 1.1102230246251565e-16
3083 3834 20 1.1102230246251565e-16
3083 3835 13 1.1790568521519162e-13
3083 3836 16 1.1102230246251565e-16
3083 3837 16 1.1102230246251565e-16
3083 3838 23 1.1102230246251565e-16
3083 3839 18 1.1102230246251565e-16
3083 3840 11 5.3479221051588866e-11
3083 3841 16 1.1102230246251565e-16
3083 3842 16 1.1102230246251565e-16
3083 3843 22 1.1102230246251565e-16
3083 3844 33 1.1102230246251565e-16
3083 3845 26 1.1102230246251565e-16
3083 3846 35 1.1102230246251565e-16
3083 3847 20 1.1102230246251565e-16
3083 3848 19 1.1102230246251565e-16
3083 3849 17 1.1102230246251565e-16
3083 3850 13 1.1790568521519162e-13
3083 3851 20 1.1102230246251565e-16
3083 3858 12 2.6169066913439565e-12
3083 3861 13 1.1790568521519162e-13
3083 3863 11 5.3479221051588866e-11
3083 3876 14 4.884981308350689e-15
3083 3889 10 9.991725224978154e-10
3083 4063 19 1.1102230246251565e-16
3083 4064 26 1.1102230246251565e-16
3083 4065 29 1.1102230246251565e-16
3083 4066 18 1.1102230246251565e-16
3083 4067 27 1.1102230246251565e-16
3083 4068 13 1.1790568521519162e-13
3083 4069 16 1.1102230246251565e-16
3083 4070 24 1.1102230246251565e-16
3083 4071 16 1.1102230246251565e-16
3083 4072 19 1.1102230246251565e-16
3083 4073 27 1.1102230246251565e-16
3083 4074 18 1.1102230246251565e-16
3083 4075 16 1.1102230246251565e-16
3083 4076 15 2.220446049250313e-16
3083 4077 17 1.1102230246251565e-16
3083 4078 20 1.1102230246251565e-16
3083 4079 12 2.6169066913439565e-12
3083 4080 15 2.220446049250313e-16
3083 4081 22 1.1102230246251565e-16
3083 4082 20 1.1102230246251565e-16
3083 4083 19 1.1102230246251565e-16
3083 4085 15 2.220446049250313e-16
3083 4086 19 1.1102230246251565e-16
3083 4087 17 1.1102230246251565e-16
3083 4088 16 1.1102230246251565e-16
3083 4089 10 9.991725224978154e-10
3083 4090 18 1.1102230246251565e-16
3083 4091 16 1.1102230246251565e-16
3083 4092 18 1.1102230246251565e-16
3083 4093 19 1.1102230246251565e-16
3083 4094 16 1.1102230246251565e-16
3083 4095 26 1.1102230246251565e-16
3083 4096 22 1.1102230246251565e-16
3083 4097 16 1.1102230246251565e-16
3083 4098 14 4.884981308350689e-15
3083 4099 16 1.1102230246251565e-16
3083 4100 11 5.3479221051588866e-11
3083 4101 10 9.991725224978154e-10
3083 4102 12 2.6169066913439565e-12
3083 4103 18 1.1102230246251565e-16
3083 4104 12 2.6169066913439565e-12
3083 4105 16 1.1102230246251565e-16
3083 4108 10 9.991725224978154e-10
3083 4109 14 4.884981308350689e-15
3083 4111 21 1.1102230246251565e-16
3083 4112 16 1.1102230246251565e-16
3083 4113 12 2.6169066913439565e-12
3083 4115 13 1.1790568521519162e-13
3083 4116 11 5.3479221051588866e-11
3083 4120 13 1.1790568521519162e-13
3083 4124 11 5.3479221051588866e-11
3083 4125 12 2.6169066913439565e-12
3083 4126 19 1.1102230246251565e-16
3083 4127 13 1.1790568521519162e-13
3083 4128 16 1.1102230246251565e-16
3083 4129 18 1.1102230246251565e-16
3083 4130 12 2.6169066913439565e-12
3083 4131 17 1.1102230246251565e-16
3083 4132 15 2.220446049250313e-16
3083 4133 13 1.1790568521519162e-13
3083 4135 13 1.1790568521519162e-13
3083 4136 13 1.1790568521519162e-13
3083 4138 11 5.3479221051588866e-11
3083 4161 10 9.991725224978154e-10
3083 4181 10 9.991725224978154e-10
3083 4210 11 5.3479221051588866e-11
3083 4215 10 9.991725224978154e-10
3083 4256 274 1.1102230246251565e-16
3083 4271 14 4.884981308350689e-15
3083 4272 19 1.1102230246251565e-16
3083 4273 25 1.1102230246251565e-16
3083 4274 19 1.1102230246251565e-16
3083 4275 12 2.6169066913439565e-12
3083 4276 13 1.1790568521519162e-13
3083 4277 13 1.1790568521519162e-13
3083 4278 13 1.1790568521519162e-13
3083 4279 14 4.884981308350689e-15
3083 4280 19 1.1102230246251565e-16
3083 4281 11 5.3479221051588866e-11
3083 4282 10 9.991725224978154e-10
3083 4284 14 4.884981308350689e-15
3083 4285 10 9.991725224978154e-10
3083 4290 11 5.3479221051588866e-11
3083 4292 14 4.884981308350689e-15
3083 4295 12 2.6169066913439565e-12
3083 4296 11 5.3479221051588866e-11
3083 4297 11 5.3479221051588866e-11
3083 4298 10 9.991725224978154e-10
3083 4299 10 9.991725224978154e-10
3083 4300 14 4.884981308350689e-15
3083 4302 14 4.884981308350689e-15
3083 4303 10 9.991725224978154e-10
3083 4304 13 1.1790568521519162e-13
3083 4306 10 9.991725224978154e-10
3083 4312 12 2.6169066913439565e-12
3083 4316 10 9.991725224978154e-10
3083 4318 11 5.3479221051588866e-11
3083 4324 10 9.991725224978154e-10
3083 4340 10 9.991725224978154e-10
3083 4469 43 1.1102230246251565e-16
3083 4470 40 1.1102230246251565e-16
3083 4471 25 1.1102230246251565e-16
3083 4472 27 1.1102230246251565e-16
3083 4473 34 1.1102230246251565e-16
3083 4474 23 1.1102230246251565e-16
3083 4475 19 1.1102230246251565e-16
3083 4478 12 2.6169066913439565e-12
3083 4480 11 5.3479221051588866e-11
3083 4481 17 1.1102230246251565e-16
3083 4482 16 1.1102230246251565e-16
3083 4483 22 1.1102230246251565e-16
3083 4484 25 1.1102230246251565e-16
3083 4485 10 9.991725224978154e-10
3083 4486 11 5.3479221051588866e-11
3083 4487 19 1.1102230246251565e-16
3083 4488 21 1.1102230246251565e-16
3083 4489 23 1.1102230246251565e-16
3083 4491 12 2.6169066913439565e-12
3083 4492 20 1.1102230246251565e-16
3083 4494 23 1.1102230246251565e-16
3083 4495 20 1.1102230246251565e-16
3083 4496 14 4.884981308350689e-15
3083 4497 12 2.6169066913439565e-12
3083 4498 13 1.1790568521519162e-13
3083 4499 19 1.1102230246251565e-16
3083 4500 12 2.6169066913439565e-12
3083 4502 14 4.884981308350689e-15
3083 4504 10 9.991725224978154e-10
3083 4505 10 9.991725224978154e-10
3083 4507 17 1.1102230246251565e-16
3083 4510 13 1.1790568521519162e-13
3083 4511 14 4.884981308350689e-15
3083 4512 10 9.991725224978154e-10
3083 4521 10 9.991725224978154e-10
3083 4524 12 2.6169066913439565e-12
3083 4525 10 9.991725224978154e-10
3083 4528 15 2.220446049250313e-16
3083 4660 47 1.1102230246251565e-16
3083 4661 10 9.991725224978154e-10
3083 4675 13 1.1790568521519162e-13
3083 4684 11 5.3479221051588866e-11
3083 4694 11 5.3479221051588866e-11
3083 4695 11 5.3479221051588866e-11
3083 4696 17 1.1102230246251565e-16
3083 4703 10 9.991725224978154e-10
3083 4843 13 1.1790568521519162e-13
3083 4845 10 9.991725224978154e-10
3083 4857 10 9.991725224978154e-10
3083 4858 15 2.220446049250313e-16
3083 4860 13 1.1790568521519162e-13
3083 4863 10 9.991725224978154e-10
3083 4866 12 2.6169066913439565e-12
3083 4868 11 5.3479221051588866e-11
3083 4872 11 5.3479221051588866e-11
3083 4877 13 1.1790568521519162e-13
3083 4880 11 5.3479221051588866e-11
3083 4883 16 1.1102230246251565e-16
3083 4885 10 9.991725224978154e-10
3083 4886 11 5.3479221051588866e-11
3083 4893 11 5.3479221051588866e-11
3083 4894 11 5.3479221051588866e-11
3083 4902 10 9.991725224978154e-10
3083 4907 10 9.991725224978154e-10
3083 4913 11 5.3479221051588866e-11
3083 4931 10 9.991725224978154e-10
3083 4948 12 2.6169066913439565e-12
3083 4971 16 1.1102230246251565e-16
3083 4972 15 2.220446049250313e-16
3083 4973 12 2.6169066913439565e-12
3083 4974 21 1.1102230246251565e-16
3083 4975 20 1.1102230246251565e-16
3083 4978 11 5.3479221051588866e-11
3083 4979 14 4.884981308350689e-15
3083 4981 14 4.884981308350689e-15
3083 4983 10 9.991725224978154e-10
3083 4984 13 1.1790568521519162e-13
3083 4985 12 2.6169066913439565e-12
3083 4990 10 9.991725224978154e-10
3083 4993 10 9.991725224978154e-10
3083 4994 12 2.6169066913439565e-12
3083 4997 10 9.991725224978154e-10
3083 4999 10 9.991725224978154e-10
3083 5000 12 2.6169066913439565e-12
3083 5001 12 2.6169066913439565e-12
3083 5002 10 9.991725224978154e-10
3083 5004 14 4.884981308350689e-15
3083 5006 11 5.3479221051588866e-11
3083 5007 10 9.991725224978154e-10
3083 5028 14 4.884981308350689e-15
3083 5029 12 2.6169066913439565e-12
3085 4513 10 9.991725224978154e-10
3086 4512 11 5.3479221051588866e-11
3087 4330 23 1.1102230246251565e-16
3120 4571 11 5.3479221051588866e-11
3136 4332 22 1.1102230246251565e-16
3142 4112 29 1.1102230246251565e-16
3142 4885 10 9.991725224978154e-10
3142 4886 40 1.1102230246251565e-16
3153 4398 18 1.1102230246251565e-16
3155 3460 10 9.991725224978154e-10
3163 3936 11 5.3479221051588866e-11
3179 5106 10 9.991725224978154e-10
3186 4985 10 9.991725224978154e-10
3202 3705 18 1.1102230246251565e-16
3232 4108 10 9.991725224978154e-10
3232 4109 41 1.1102230246251565e-16
3232 4176 15 2.220446049250313e-16
3244 3620 11 5.3479221051588866e-11
3244 3675 19 1.1102230246251565e-16
3244 4128 21 1.1102230246251565e-16
3265 4005 13 1.1790568521519162e-13
3265 5092 27 1.1102230246251565e-16
3269 3590 14 4.884981308350689e-15
3270 3546 10 9.991725224978154e-10
3271 3546 10 9.991725224978154e-10
3271 4255 10 9.991725224978154e-10
3271 4256 12 2.6169066913439565e-12
3271 4520 10 9.991725224978154e-10
3273 4848 11 5.3479221051588866e-11
3285 3464 13 1.1790568521519162e-13
3295 4227 14 4.884981308350689e-15
3295 4536 10 9.991725224978154e-10
3295 4543 116 1.1102230246251565e-16
3306 4907 41 1.1102230246251565e-16
3312 4254 10 9.991725224978154e-10
3312 4255 11 5.3479221051588866e-11
3316 4517 10 9.991725224978154e-10
3320 4958 17 1.1102230246251565e-16
3321 4958 16 1.1102230246251565e-16
3338 4564 10 9.991725224978154e-10
3338 4565 19 1.1102230246251565e-16
3345 5256 10 9.991725224978154e-10
3355 4220 12 2.6169066913439565e-12
3380 3718 15 2.220446049250313e-16
3402 5128 15 2.220446049250313e-16
3417 5176 18 1.1102230246251565e-16
3418 4748 19 1.1102230246251565e-16
3543 3776 36 1.1102230246251565e-16
3547 5254 14 4.884981308350689e-15
3553 4234 14 4.884981308350689e-15
3557 4089 12 2.6169066913439565e-12
3572 4543 10 9.991725224978154e-10
3599 3880 15 2.220446049250313e-16
3633 4349 14 4.884981308350689e-15
3645 4671 16 1.1102230246251565e-16
3654 4519 11 5.3479221051588866e-11
3681 4256 287 1.1102230246251565e-16
3700 4993 19 1.1102230246251565e-16
3717 4674 12 2.6169066913439565e-12
3763 4383 20 1.1102230246251565e-16
3877 4068 10 9.991725224978154e-10
3915 4435 10 9.991725224978154e-10
3919 4520 10 9.991725224978154e-10
3933 5105 10 9.991725224978154e-10
3939 4327 17 1.1102230246251565e-16
3976 4186 12 2.6169066913439565e-12
4028 5245 12 2.6169066913439565e-12
4033 4944 10 9.991725224978154e-10
4064 4537 10 9.991725224978154e-10
4065 4832 12 2.6169066913439565e-12
4095 4617 12 2.6169066913439565e-12
4126 5140 11 5.3479221051588866e-11
4130 4515 19 1.1102230246251565e-16
4167 4727 12 2.6169066913439565e-12
4210 4519 10 9.991725224978154e-10
4210 4520 10 9.991725224978154e-10
4210 4521 10 9.991725224978154e-10
4216 4521 12 2.6169066913439565e-12
4216 4522 11 5.3479221051588866e-11
4217 4519 10 9.991725224978154e-10
4217 4524 10 9.991725224978154e-10
4219 4520 11 5.3479221051588866e-11
4219 4522 11 5.3479221051588866e-11
4219 4848 10 9.991725224978154e-10
4220 4519 12 2.6169066913439565e-12
4220 4625 22 1.1102230246251565e-16
4227 4543 15 2.220446049250313e-16
4254 4520 10 9.991725224978154e-10
4256 4273 15 2.220446049250313e-16
4256 4274 13 1.1790568521519162e-13
4256 4275 10 9.991725224978154e-10
4256 4660 18 1.1102230246251565e-16
4256 4726 10 9.991725224978154e-10
4257 4930 11 5.3479221051588866e-11
4287 4543 12 2.6169066913439565e-12
4295 4709 11 5.3479221051588866e-11
4299 4553 10 9.991725224978154e-10
4310 4557 14 4.884981308350689e-15
4329 4844 10 9.991725224978154e-10
4380 4472 10 9.991725224978154e-10
4486 4955 16 1.1102230246251565e-16
4512 4845 10 9.991725224978154e-10
4513 4845 11 5.3479221051588866e-11
4531 4905 12 2.6169066913439565e-12
4543 4660 11 5.3479221051588866e-11
4543 4801 24 1.1102230246251565e-16
4653 4958 20 1.1102230246251565e-16
4912 5213 24 1.1102230246251565e-16
