bin1 bin2 count p_value
7 3087 35 6.854235762520628e-68
8 3087 26 2.5269483158928086e-47
9 3087 32 6.7865715083354e-61
10 3087 36 2.989452849450289e-70
10 5011 12 1.554353330846221e-18
11 3087 32 6.7865715083354e-61
12 3087 24 6.127827768398865e-43
13 3087 34 1.5216902794995634e-65
14 3087 32 6.7865715083354e-61
15 3087 20 2.0765827742314087e-34
16 3087 19 2.483694891743863e-32
17 3087 15 2.8461634542133778e-24
18 3087 20 2.0765827742314087e-34
19 3087 26 2.5269483158928086e-47
20 3087 32 6.7865715083354e-61
21 3087 28 8.820314042977641e-52
22 3087 27 1.5233171775195445e-49
23 3087 18 2.8114468230943272e-30
24 3087 19 2.483694891743863e-32
25 3087 28 8.820314042977641e-52
26 3087 20 2.0765827742314087e-34
27 3087 26 2.5269483158928086e-47
28 3087 13 2.0518002232717846e-20
29 3087 20 2.0765827742314087e-34
30 3087 15 2.8461634542133778e-24
31 3087 21 1.647255225761979e-36
32 3087 26 2.5269483158928086e-47
33 1716 11 1.083072482379027e-16
33 3087 23 8.930746630241244e-41
34 3087 16 3.0194214032647447e-26
35 3087 15 2.8461634542133778e-24
36 2955 10 6.893786710159934e-15
36 3087 16 3.0194214032647447e-26
37 3087 19 2.483694891743863e-32
38 3087 17 3.0036482594420114e-28
39 3087 16 3.0194214032647447e-26
40 3087 18 2.8114468230943272e-30
41 3087 13 2.0518002232717846e-20
42 3087 15 2.8461634542133778e-24
43 3087 14 2.5059378129097543e-22
44 2379 7 9.425579048786468e-10
44 3087 11 1.083072482379027e-16
45 3087 15 2.8461634542133778e-24
46 3087 18 2.8114468230943272e-30
47 3087 14 2.5059378129097543e-22
48 3087 18 2.8114468230943272e-30
49 3087 16 3.0194214032647447e-26
50 3087 16 3.0194214032647447e-26
51 3087 17 3.0036482594420114e-28
52 3087 13 2.0518002232717846e-20
53 3087 7 9.425579048786468e-10
54 3087 12 1.554353330846221e-18
55 3087 12 1.554353330846221e-18
56 3087 19 2.483694891743863e-32
57 3087 15 2.8461634542133778e-24
58 3087 17 3.0036482594420114e-28
59 3087 13 2.0518002232717846e-20
60 3087 14 2.5059378129097543e-22
61 3087 9 3.9753963025355365e-13
62 3087 12 1.554353330846221e-18
63 3087 9 3.9753963025355365e-13
64 3087 13 2.0518002232717846e-20
65 1142 8 2.0563957943457402e-11
65 3087 10 6.893786710159934e-15
66 3087 10 6.893786710159934e-15
67 3087 9 3.9753963025355365e-13
68 3087 12 1.554353330846221e-18
69 3087 17 3.0036482594420114e-28
70 3087 11 1.083072482379027e-16
71 3087 12 1.554353330846221e-18
72 3087 21 1.647255225761979e-36
73 3087 12 1.554353330846221e-18
74 3087 12 1.554353330846221e-18
75 3087 15 2.8461634542133778e-24
76 3087 11 1.083072482379027e-16
77 3087 15 2.8461634542133778e-24
78 3087 8 2.0563957943457402e-11
79 3087 12 1.554353330846221e-18
80 3087 8 2.0563957943457402e-11
81 3087 9 3.9753963025355365e-13
82 3087 12 1.554353330846221e-18
83 3087 8 2.0563957943457402e-11
86 3087 7 9.425579048786468e-10
87 3087 11 1.083072482379027e-16
88 3087 12 1.554353330846221e-18
89 3087 10 6.893786710159934e-15
95 3087 8 2.0563957943457402e-11
97 3087 7 9.425579048786468e-10
98 3087 7 9.425579048786468e-10
102 3087 8 2.0563957943457402e-11
103 3087 7 9.425579048786468e-10
106 3087 7 9.425579048786468e-10
106 4369 7 9.425579048786468e-10
107 3087 11 1.083072482379027e-16
108 1909 8 2.0563957943457402e-11
108 3087 8 2.0563957943457402e-11
110 3087 9 3.9753963025355365e-13
111 3087 11 1.083072482379027e-16
112 4930 19 2.483694891743863e-32
116 2508 8 2.0563957943457402e-11
117 933 10 6.893786710159934e-15
118 3087 10 6.893786710159934e-15
119 3087 10 6.893786710159934e-15
131 2550 8 2.0563957943457402e-11
131 3841 11 1.083072482379027e-16
133 2708 21 1.647255225761979e-36
136 4660 8 2.0563957943457402e-11
141 1573 7 9.425579048786468e-10
161 4671 11 1.083072482379027e-16
161 4672 8 2.0563957943457402e-11
168 587 14 2.5059378129097543e-22
168 588 7 9.425579048786468e-10
179 874 9 3.9753963025355365e-13
181 402 11 1.083072482379027e-16
181 403 20 2.0765827742314087e-34
181 405 8 2.0563957943457402e-11
181 406 11 1.083072482379027e-16
181 407 9 3.9753963025355365e-13
181 409 9 3.9753963025355365e-13
181 411 9 3.9753963025355365e-13
181 412 7 9.425579048786468e-10
181 413 10 6.893786710159934e-15
181 414 14 2.5059378129097543e-22
181 415 14 2.5059378129097543e-22
181 416 8 2.0563957943457402e-11
181 417 9 3.9753963025355365e-13
181 419 10 6.893786710159934e-15
181 420 8 2.0563957943457402e-11
181 421 8 2.0563957943457402e-11
181 423 11 1.083072482379027e-16
181 424 10 6.893786710159934e-15
181 425 10 6.893786710159934e-15
181 426 10 6.893786710159934e-15
181 427 7 9.425579048786468e-10
181 430 13 2.0518002232717846e-20
181 431 13 2.0518002232717846e-20
181 432 8 2.0563957943457402e-11
181 434 9 3.9753963025355365e-13
181 439 8 2.0563957943457402e-11
181 440 7 9.425579048786468e-10
181 444 7 9.425579048786468e-10
181 1088 13 2.0518002232717846e-20
181 1089 12 1.554353330846221e-18
181 1090 8 2.0563957943457402e-11
181 1093 7 9.425579048786468e-10
181 1096 7 9.425579048786468e-10
181 1097 9 3.9753963025355365e-13
181 1099 10 6.893786710159934e-15
181 1120 9 3.9753963025355365e-13
181 1127 8 2.0563957943457402e-11
181 3087 65 1.0200996779030443e-143
182 3087 7 9.425579048786468e-10
196 4191 8 2.0563957943457402e-11
197 4869 8 2.0563957943457402e-11
198 2758 9 3.9753963025355365e-13
208 1497 9 3.9753963025355365e-13
222 1932 9 3.9753963025355365e-13
223 1932 35 6.854235762520628e-68
226 2439 11 1.083072482379027e-16
234 4300 13 2.0518002232717846e-20
251 1113 12 1.554353330846221e-18
256 1751 18 2.8114468230943272e-30
259 4147 7 9.425579048786468e-10
261 1216 13 2.0518002232717846e-20
271 3073 16 3.0194214032647447e-26
274 2401 25 4.020809733329372e-45
278 662 8 2.0563957943457402e-11
278 3566 18 2.8114468230943272e-30
288 2833 10 6.893786710159934e-15
295 915 10 6.893786710159934e-15
305 3918 10 6.893786710159934e-15
309 2615 16 3.0194214032647447e-26
311 4526 7 9.425579048786468e-10
319 1976 12 1.554353330846221e-18
319 3222 14 2.5059378129097543e-22
323 3877 7 9.425579048786468e-10
327 1423 8 2.0563957943457402e-11
329 3143 9 3.9753963025355365e-13
338 1128 8 2.0563957943457402e-11
344 4122 15 2.8461634542133778e-24
348 3073 13 2.0518002232717846e-20
348 4348 9 3.9753963025355365e-13
360 2380 12 1.554353330846221e-18
366 1067 11 1.083072482379027e-16
366 4892 8 2.0563957943457402e-11
402 3087 14 2.5059378129097543e-22
403 3087 38 5.177853361027849e-75
403 4621 12 1.554353330846221e-18
404 3087 20 2.0765827742314087e-34
405 3087 25 4.020809733329372e-45
406 3087 17 3.0036482594420114e-28
407 3087 14 2.5059378129097543e-22
408 2499 11 1.083072482379027e-16
408 3087 15 2.8461634542133778e-24
409 3087 19 2.483694891743863e-32
410 3087 30 2.6334209142004418e-56
411 3087 21 1.647255225761979e-36
412 3087 17 3.0036482594420114e-28
413 3087 20 2.0765827742314087e-34
414 3087 23 8.930746630241244e-41
415 3087 16 3.0194214032647447e-26
416 3087 20 2.0765827742314087e-34
417 3087 33 3.2684827368026286e-63
418 3087 25 4.020809733329372e-45
419 3087 31 1.3609664586630938e-58
420 3087 24 6.127827768398865e-43
421 3087 25 4.020809733329372e-45
422 3087 18 2.8114468230943272e-30
423 3087 23 8.930746630241244e-41
424 2612 9 3.9753963025355365e-13
424 3087 24 6.127827768398865e-43
425 3087 17 3.0036482594420114e-28
426 3087 28 8.820314042977641e-52
427 3087 10 6.893786710159934e-15
428 3087 20 2.0765827742314087e-34
429 3087 13 2.0518002232717846e-20
430 3087 17 3.0036482594420114e-28
431 3087 14 2.5059378129097543e-22
432 3087 17 3.0036482594420114e-28
433 3087 14 2.5059378129097543e-22
434 3087 16 3.0194214032647447e-26
435 3087 18 2.8114468230943272e-30
436 3087 11 1.083072482379027e-16
437 3087 7 9.425579048786468e-10
438 3087 19 2.483694891743863e-32
439 3087 11 1.083072482379027e-16
440 3087 9 3.9753963025355365e-13
441 3087 11 1.083072482379027e-16
442 3087 14 2.5059378129097543e-22
443 3087 14 2.5059378129097543e-22
444 2672 7 9.425579048786468e-10
444 3087 16 3.0194214032647447e-26
445 3087 9 3.9753963025355365e-13
446 3087 18 2.8114468230943272e-30
446 3270 8 2.0563957943457402e-11
447 3087 11 1.083072482379027e-16
448 3087 9 3.9753963025355365e-13
449 3087 7 9.425579048786468e-10
449 3203 7 9.425579048786468e-10
450 3087 9 3.9753963025355365e-13
451 3087 7 9.425579048786468e-10
453 3087 7 9.425579048786468e-10
454 3087 8 2.0563957943457402e-11
455 3087 9 3.9753963025355365e-13
457 1626 7 9.425579048786468e-10
457 3087 9 3.9753963025355365e-13
458 3087 8 2.0563957943457402e-11
459 1381 7 9.425579048786468e-10
459 3087 9 3.9753963025355365e-13
459 3877 7 9.425579048786468e-10
461 1946 9 3.9753963025355365e-13
462 3087 8 2.0563957943457402e-11
463 3087 9 3.9753963025355365e-13
464 3087 10 6.893786710159934e-15
465 3087 8 2.0563957943457402e-11
467 3087 12 1.554353330846221e-18
468 3087 14 2.5059378129097543e-22
469 3087 14 2.5059378129097543e-22
470 3087 8 2.0563957943457402e-11
471 3087 8 2.0563957943457402e-11
478 3087 8 2.0563957943457402e-11
481 1116 12 1.554353330846221e-18
483 3087 7 9.425579048786468e-10
485 1890 11 1.083072482379027e-16
487 3087 8 2.0563957943457402e-11
487 3179 9 3.9753963025355365e-13
489 4026 16 3.0194214032647447e-26
491 1853 9 3.9753963025355365e-13
492 1071 8 2.0563957943457402e-11
494 2864 7 9.425579048786468e-10
501 3747 7 9.425579048786468e-10
509 2722 9 3.9753963025355365e-13
510 2722 26 2.5269483158928086e-47
511 2722 7 9.425579048786468e-10
517 2441 7 9.425579048786468e-10
522 1123 16 3.0194214032647447e-26
535 1669 10 6.893786710159934e-15
535 1670 20 2.0765827742314087e-34
535 3383 10 6.893786710159934e-15
544 1293 21 1.647255225761979e-36
563 2163 10 6.893786710159934e-15
565 2131 14 2.5059378129097543e-22
595 5156 8 2.0563957943457402e-11
596 2967 15 2.8461634542133778e-24
598 1055 11 1.083072482379027e-16
604 2850 7 9.425579048786468e-10
622 2145 10 6.893786710159934e-15
624 923 15 2.8461634542133778e-24
625 5178 11 1.083072482379027e-16
631 2274 7 9.425579048786468e-10
633 4857 14 2.5059378129097543e-22
639 3774 10 6.893786710159934e-15
640 2329 21 1.647255225761979e-36
640 3313 12 1.554353330846221e-18
652 1272 17 3.0036482594420114e-28
653 1272 10 6.893786710159934e-15
659 4008 11 1.083072482379027e-16
668 1482 8 2.0563957943457402e-11
669 1482 8 2.0563957943457402e-11
676 4020 18 2.8114468230943272e-30
678 2180 8 2.0563957943457402e-11
684 960 8 2.0563957943457402e-11
689 4646 8 2.0563957943457402e-11
697 1206 7 9.425579048786468e-10
701 4267 8 2.0563957943457402e-11
704 3916 18 2.8114468230943272e-30
706 2564 22 1.2425401660256637e-38
709 1376 8 2.0563957943457402e-11
711 2996 12 1.554353330846221e-18
712 2996 8 2.0563957943457402e-11
717 4995 9 3.9753963025355365e-13
722 1205 18 2.8114468230943272e-30
725 1666 7 9.425579048786468e-10
730 1363 7 9.425579048786468e-10
731 1823 8 2.0563957943457402e-11
756 3836 10 6.893786710159934e-15
757 2217 7 9.425579048786468e-10
760 4550 15 2.8461634542133778e-24
768 3087 16 3.0194214032647447e-26
769 3087 22 1.2425401660256637e-38
770 3087 19 2.483694891743863e-32
771 3087 12 1.554353330846221e-18
772 3087 21 1.647255225761979e-36
773 3087 18 2.8114468230943272e-30
774 3087 16 3.0194214032647447e-26
775 3087 15 2.8461634542133778e-24
776 1246 7 9.425579048786468e-10
776 3087 17 3.0036482594420114e-28
777 3087 14 2.5059378129097543e-22
778 1945 7 9.425579048786468e-10
778 3087 14 2.5059378129097543e-22
779 3087 13 2.0518002232717846e-20
780 3087 14 2.5059378129097543e-22
781 3087 27 1.5233171775195445e-49
782 3087 10 6.893786710159934e-15
783 3087 7 9.425579048786468e-10
784 3087 12 1.554353330846221e-18
785 3087 15 2.8461634542133778e-24
786 3087 15 2.8461634542133778e-24
787 3087 13 2.0518002232717846e-20
788 3087 9 3.9753963025355365e-13
789 3087 21 1.647255225761979e-36
790 2962 8 2.0563957943457402e-11
790 3087 18 2.8114468230943272e-30
791 3087 12 1.554353330846221e-18
792 3087 8 2.0563957943457402e-11
794 3087 10 6.893786710159934e-15
795 3087 9 3.9753963025355365e-13
796 3087 11 1.083072482379027e-16
797 3087 8 2.0563957943457402e-11
798 3087 9 3.9753963025355365e-13
800 1391 18 2.8114468230943272e-30
800 3087 14 2.5059378129097543e-22
801 3087 14 2.5059378129097543e-22
802 3087 8 2.0563957943457402e-11
803 3087 9 3.9753963025355365e-13
804 3087 7 9.425579048786468e-10
807 3087 8 2.0563957943457402e-11
808 3087 11 1.083072482379027e-16
809 5108 19 2.483694891743863e-32
811 3087 12 1.554353330846221e-18
814 3087 9 3.9753963025355365e-13
815 3087 8 2.0563957943457402e-11
816 3087 10 6.893786710159934e-15
817 3087 8 2.0563957943457402e-11
818 3087 7 9.425579048786468e-10
820 3087 7 9.425579048786468e-10
822 3087 7 9.425579048786468e-10
825 3087 8 2.0563957943457402e-11
826 1423 9 3.9753963025355365e-13
826 3087 7 9.425579048786468e-10
827 3087 8 2.0563957943457402e-11
828 3087 7 9.425579048786468e-10
833 3837 17 3.0036482594420114e-28
834 3087 7 9.425579048786468e-10
835 3778 12 1.554353330846221e-18
841 4656 10 6.893786710159934e-15
842 3087 10 6.893786710159934e-15
852 4008 13 2.0518002232717846e-20
863 3878 7 9.425579048786468e-10
877 1403 7 9.425579048786468e-10
878 3951 7 9.425579048786468e-10
879 2874 9 3.9753963025355365e-13
898 3087 8 2.0563957943457402e-11
899 3087 11 1.083072482379027e-16
911 1458 13 2.0518002232717846e-20
913 3852 19 2.483694891743863e-32
920 3719 10 6.893786710159934e-15
925 1852 16 3.0194214032647447e-26
930 2030 15 2.8461634542133778e-24
934 4440 8 2.0563957943457402e-11
937 2415 12 1.554353330846221e-18
938 2478 8 2.0563957943457402e-11
950 2201 7 9.425579048786468e-10
951 3335 9 3.9753963025355365e-13
959 4132 27 1.5233171775195445e-49
964 4542 8 2.0563957943457402e-11
985 2197 7 9.425579048786468e-10
993 3972 8 2.0563957943457402e-11
1012 4683 9 3.9753963025355365e-13
1026 2459 8 2.0563957943457402e-11
1035 3886 18 2.8114468230943272e-30
1036 1153 7 9.425579048786468e-10
1037 3163 7 9.425579048786468e-10
1038 1143 28 8.820314042977641e-52
1042 1882 10 6.893786710159934e-15
1044 4020 10 6.893786710159934e-15
1052 2683 13 2.0518002232717846e-20
1052 3443 9 3.9753963025355365e-13
1063 2656 9 3.9753963025355365e-13
1068 1969 7 9.425579048786468e-10
1072 3430 11 1.083072482379027e-16
1073 3620 15 2.8461634542133778e-24
1087 1707 8 2.0563957943457402e-11
1087 3087 7 9.425579048786468e-10
1088 1707 16 3.0194214032647447e-26
1088 2007 11 1.083072482379027e-16
1088 2313 26 2.5269483158928086e-47
1088 3087 17 3.0036482594420114e-28
1088 4668 7 9.425579048786468e-10
1089 3087 14 2.5059378129097543e-22
1090 3087 13 2.0518002232717846e-20
1091 3087 18 2.8114468230943272e-30
1092 3087 17 3.0036482594420114e-28
1093 3087 11 1.083072482379027e-16
1094 3087 22 1.2425401660256637e-38
1095 3087 19 2.483694891743863e-32
1096 3087 19 2.483694891743863e-32
1097 3087 17 3.0036482594420114e-28
1098 3087 16 3.0194214032647447e-26
1099 3087 24 6.127827768398865e-43
1100 3087 16 3.0194214032647447e-26
1101 3087 18 2.8114468230943272e-30
1102 3087 22 1.2425401660256637e-38
1103 3087 17 3.0036482594420114e-28
1104 3087 14 2.5059378129097543e-22
1105 3087 20 2.0765827742314087e-34
1106 3087 11 1.083072482379027e-16
1107 3087 16 3.0194214032647447e-26
1108 3087 14 2.5059378129097543e-22
1109 3087 16 3.0194214032647447e-26
1110 3087 15 2.8461634542133778e-24
1111 3087 19 2.483694891743863e-32
1112 3087 13 2.0518002232717846e-20
1113 3087 21 1.647255225761979e-36
1114 3087 14 2.5059378129097543e-22
1115 3087 14 2.5059378129097543e-22
1116 3087 12 1.554353330846221e-18
1117 3087 21 1.647255225761979e-36
1118 3087 15 2.8461634542133778e-24
1119 3087 12 1.554353330846221e-18
1120 3087 13 2.0518002232717846e-20
1120 4110 7 9.425579048786468e-10
1121 3087 19 2.483694891743863e-32
1122 3087 13 2.0518002232717846e-20
1123 3087 13 2.0518002232717846e-20
1124 3087 7 9.425579048786468e-10
1125 3087 17 3.0036482594420114e-28
1126 3087 14 2.5059378129097543e-22
1127 3087 11 1.083072482379027e-16
1128 3087 10 6.893786710159934e-15
1129 3087 10 6.893786710159934e-15
1130 3087 8 2.0563957943457402e-11
1132 3087 9 3.9753963025355365e-13
1133 3087 7 9.425579048786468e-10
1134 3087 10 6.893786710159934e-15
1135 3087 10 6.893786710159934e-15
1136 3087 11 1.083072482379027e-16
1137 3087 10 6.893786710159934e-15
1138 3087 8 2.0563957943457402e-11
1139 3087 15 2.8461634542133778e-24
1140 3087 11 1.083072482379027e-16
1141 3087 13 2.0518002232717846e-20
1143 3087 7 9.425579048786468e-10
1143 4682 7 9.425579048786468e-10
1145 3087 9 3.9753963025355365e-13
1146 3087 8 2.0563957943457402e-11
1148 1656 7 9.425579048786468e-10
1148 3087 12 1.554353330846221e-18
1149 3087 13 2.0518002232717846e-20
1150 3087 11 1.083072482379027e-16
1153 3087 9 3.9753963025355365e-13
1155 3087 9 3.9753963025355365e-13
1160 1724 8 2.0563957943457402e-11
1160 3087 7 9.425579048786468e-10
1164 3087 7 9.425579048786468e-10
1164 4614 13 2.0518002232717846e-20
1169 3087 11 1.083072482379027e-16
1171 3087 8 2.0563957943457402e-11
1183 3087 7 9.425579048786468e-10
1188 3087 9 3.9753963025355365e-13
1198 3087 7 9.425579048786468e-10
1221 3279 9 3.9753963025355365e-13
1224 4864 8 2.0563957943457402e-11
1224 4865 7 9.425579048786468e-10
1293 3475 8 2.0563957943457402e-11
1311 2702 9 3.9753963025355365e-13
1320 3201 13 2.0518002232717846e-20
1322 4949 7 9.425579048786468e-10
1337 2201 10 6.893786710159934e-15
1344 3929 7 9.425579048786468e-10
1346 4308 7 9.425579048786468e-10
1354 3318 7 9.425579048786468e-10
1356 1479 28 8.820314042977641e-52
1370 4316 15 2.8461634542133778e-24
1375 4548 9 3.9753963025355365e-13
1377 3318 7 9.425579048786468e-10
1381 3254 7 9.425579048786468e-10
1382 1632 8 2.0563957943457402e-11
1383 1632 8 2.0563957943457402e-11
1384 1631 9 3.9753963025355365e-13
1384 1632 9 3.9753963025355365e-13
1385 1631 9 3.9753963025355365e-13
1389 3317 8 2.0563957943457402e-11
1389 3319 7 9.425579048786468e-10
1389 4697 13 2.0518002232717846e-20
1391 4017 15 2.8461634542133778e-24
1392 4734 34 1.5216902794995634e-65
1401 3087 17 3.0036482594420114e-28
1402 2458 19 2.483694891743863e-32
1402 3087 12 1.554353330846221e-18
1404 3087 12 1.554353330846221e-18
1405 2435 8 2.0563957943457402e-11
1405 3087 17 3.0036482594420114e-28
1406 3087 10 6.893786710159934e-15
1407 3087 10 6.893786710159934e-15
1408 3087 7 9.425579048786468e-10
1410 3087 8 2.0563957943457402e-11
1411 3087 8 2.0563957943457402e-11
1412 3087 14 2.5059378129097543e-22
1413 3087 15 2.8461634542133778e-24
1414 3087 13 2.0518002232717846e-20
1415 3087 11 1.083072482379027e-16
1419 3087 8 2.0563957943457402e-11
1420 3087 10 6.893786710159934e-15
1421 3087 10 6.893786710159934e-15
1422 3087 9 3.9753963025355365e-13
1423 3087 10 6.893786710159934e-15
1425 3087 8 2.0563957943457402e-11
1426 3087 9 3.9753963025355365e-13
1427 3087 7 9.425579048786468e-10
1430 2438 8 2.0563957943457402e-11
1430 3087 7 9.425579048786468e-10
1431 3087 7 9.425579048786468e-10
1433 2647 7 9.425579048786468e-10
1433 4891 10 6.893786710159934e-15
1435 3087 10 6.893786710159934e-15
1436 3087 9 3.9753963025355365e-13
1437 3087 7 9.425579048786468e-10
1437 4052 7 9.425579048786468e-10
1438 3087 7 9.425579048786468e-10
1439 3087 15 2.8461634542133778e-24
1440 3087 9 3.9753963025355365e-13
1441 3087 13 2.0518002232717846e-20
1442 3087 9 3.9753963025355365e-13
1443 3087 7 9.425579048786468e-10
1449 3087 9 3.9753963025355365e-13
1454 3087 9 3.9753963025355365e-13
1454 3317 7 9.425579048786468e-10
1456 3087 7 9.425579048786468e-10
1459 3087 13 2.0518002232717846e-20
1460 3087 73 2.1450092202880483e-165
1461 3087 16 3.0194214032647447e-26
1462 3087 11 1.083072482379027e-16
1463 3087 9 3.9753963025355365e-13
1469 3087 9 3.9753963025355365e-13
1471 2987 9 3.9753963025355365e-13
1471 3087 8 2.0563957943457402e-11
1476 3087 7 9.425579048786468e-10
1478 5130 9 3.9753963025355365e-13
1482 2443 8 2.0563957943457402e-11
1493 3087 7 9.425579048786468e-10
1496 1864 10 6.893786710159934e-15
1506 4734 10 6.893786710159934e-15
1507 3087 7 9.425579048786468e-10
1534 3038 10 6.893786710159934e-15
1544 3053 30 2.6334209142004418e-56
1545 3053 19 2.483694891743863e-32
1545 3197 7 9.425579048786468e-10
1554 4279 7 9.425579048786468e-10
1557 4884 7 9.425579048786468e-10
1558 2460 9 3.9753963025355365e-13
1571 3533 11 1.083072482379027e-16
1575 4288 7 9.425579048786468e-10
1576 2736 29 4.9116145905032273e-54
1580 4282 11 1.083072482379027e-16
1581 3087 9 3.9753963025355365e-13
1624 3227 8 2.0563957943457402e-11
1625 2143 8 2.0563957943457402e-11
1639 3498 7 9.425579048786468e-10
1650 4193 8 2.0563957943457402e-11
1655 3377 7 9.425579048786468e-10
1655 3882 32 6.7865715083354e-61
1656 4519 27 1.5233171775195445e-49
1667 1708 8 2.0563957943457402e-11
1669 2787 7 9.425579048786468e-10
1686 2660 7 9.425579048786468e-10
1686 5106 8 2.0563957943457402e-11
1688 2843 20 2.0765827742314087e-34
1688 3299 10 6.893786710159934e-15
1688 4550 47 4.677785664042285e-97
1694 2452 10 6.893786710159934e-15
1706 3087 17 3.0036482594420114e-28
1707 2313 8 2.0563957943457402e-11
1707 3087 30 2.6334209142004418e-56
1707 3299 7 9.425579048786468e-10
1707 4279 9 3.9753963025355365e-13
1707 4550 105 0.0
1708 2713 7 9.425579048786468e-10
1708 3087 41 2.9828080074402416e-82
1709 3087 30 2.6334209142004418e-56
1710 3087 24 6.127827768398865e-43
1711 3087 28 8.820314042977641e-52
1712 3087 23 8.930746630241244e-41
1713 3087 25 4.020809733329372e-45
1714 3087 20 2.0765827742314087e-34
1715 3087 11 1.083072482379027e-16
1715 4588 8 2.0563957943457402e-11
1716 3087 20 2.0765827742314087e-34
1717 3087 28 8.820314042977641e-52
1718 3087 16 3.0194214032647447e-26
1718 4310 10 6.893786710159934e-15
1719 3087 7 9.425579048786468e-10
1720 3087 12 1.554353330846221e-18
1721 3087 15 2.8461634542133778e-24
1722 3087 16 3.0194214032647447e-26
1723 3087 10 6.893786710159934e-15
1724 2417 7 9.425579048786468e-10
1724 3087 19 2.483694891743863e-32
1725 3087 20 2.0765827742314087e-34
1726 3087 17 3.0036482594420114e-28
1727 3087 17 3.0036482594420114e-28
1728 3087 15 2.8461634542133778e-24
1729 3087 22 1.2425401660256637e-38
1730 3087 20 2.0765827742314087e-34
1731 3087 17 3.0036482594420114e-28
1732 3087 15 2.8461634542133778e-24
1733 3087 20 2.0765827742314087e-34
1734 3087 12 1.554353330846221e-18
1735 2376 10 6.893786710159934e-15
1735 3087 15 2.8461634542133778e-24
1736 3087 20 2.0765827742314087e-34
1737 3087 16 3.0194214032647447e-26
1738 3087 15 2.8461634542133778e-24
1739 3087 14 2.5059378129097543e-22
1740 3087 16 3.0194214032647447e-26
1741 3087 14 2.5059378129097543e-22
1742 3087 12 1.554353330846221e-18
1743 3087 12 1.554353330846221e-18
1744 3087 25 4.020809733329372e-45
1745 3087 21 1.647255225761979e-36
1746 3087 12 1.554353330846221e-18
1747 3087 11 1.083072482379027e-16
1748 3087 13 2.0518002232717846e-20
1749 3087 13 2.0518002232717846e-20
1750 3087 10 6.893786710159934e-15
1751 3087 10 6.893786710159934e-15
1752 3087 9 3.9753963025355365e-13
1753 2368 15 2.8461634542133778e-24
1753 3087 14 2.5059378129097543e-22
1754 2368 7 9.425579048786468e-10
1754 3087 23 8.930746630241244e-41
1755 3087 11 1.083072482379027e-16
1756 3087 11 1.083072482379027e-16
1757 3087 14 2.5059378129097543e-22
1759 3087 10 6.893786710159934e-15
1760 3087 12 1.554353330846221e-18
1761 3087 11 1.083072482379027e-16
1762 3087 11 1.083072482379027e-16
1763 3087 13 2.0518002232717846e-20
1764 3087 11 1.083072482379027e-16
1765 3087 7 9.425579048786468e-10
1767 3087 9 3.9753963025355365e-13
1768 3087 11 1.083072482379027e-16
1769 3087 8 2.0563957943457402e-11
1770 3087 7 9.425579048786468e-10
1771 3087 7 9.425579048786468e-10
1773 3087 7 9.425579048786468e-10
1775 3087 11 1.083072482379027e-16
1775 3381 9 3.9753963025355365e-13
1775 3382 36 2.989452849450289e-70
1776 3087 10 6.893786710159934e-15
1777 3087 7 9.425579048786468e-10
1784 3087 9 3.9753963025355365e-13
1785 3087 8 2.0563957943457402e-11
1791 3087 7 9.425579048786468e-10
1793 3087 9 3.9753963025355365e-13
1802 3087 7 9.425579048786468e-10
1804 3087 8 2.0563957943457402e-11
1807 3087 8 2.0563957943457402e-11
1808 4962 10 6.893786710159934e-15
1814 3668 11 1.083072482379027e-16
1814 4336 7 9.425579048786468e-10
1833 3174 28 8.820314042977641e-52
1835 4844 21 1.647255225761979e-36
1841 4900 7 9.425579048786468e-10
1841 4901 28 8.820314042977641e-52
1849 4088 10 6.893786710159934e-15
1853 4369 18 2.8114468230943272e-30
1854 2646 9 3.9753963025355365e-13
1862 2817 11 1.083072482379027e-16
1883 2210 11 1.083072482379027e-16
1884 4904 11 1.083072482379027e-16
1918 4380 11 1.083072482379027e-16
1922 2391 7 9.425579048786468e-10
1930 3712 7 9.425579048786468e-10
1931 5149 14 2.5059378129097543e-22
1950 2748 8 2.0563957943457402e-11
1966 2382 11 1.083072482379027e-16
1969 4828 8 2.0563957943457402e-11
1982 3888 12 1.554353330846221e-18
1995 2995 22 1.2425401660256637e-38
2007 3087 70 3.330232614938098e-157
2007 4263 17 3.0036482594420114e-28
2008 3087 15 2.8461634542133778e-24
2009 3087 29 4.9116145905032273e-54
2009 4263 9 3.9753963025355365e-13
2010 3087 31 1.3609664586630938e-58
2010 4263 12 1.554353330846221e-18
2011 3087 21 1.647255225761979e-36
2012 3087 16 3.0194214032647447e-26
2013 3087 28 8.820314042977641e-52
2014 3087 26 2.5269483158928086e-47
2014 4263 7 9.425579048786468e-10
2015 2819 17 3.0036482594420114e-28
2015 3087 9 3.9753963025355365e-13
2015 5302 10 6.893786710159934e-15
2022 3087 19 2.483694891743863e-32
2025 3087 25 4.020809733329372e-45
2026 3087 13 2.0518002232717846e-20
2027 3087 24 6.127827768398865e-43
2028 3087 19 2.483694891743863e-32
2029 3087 12 1.554353330846221e-18
2030 3087 22 1.2425401660256637e-38
2031 3087 10 6.893786710159934e-15
2033 3087 16 3.0194214032647447e-26
2034 3087 22 1.2425401660256637e-38
2035 3087 21 1.647255225761979e-36
2035 3883 8 2.0563957943457402e-11
2036 3087 7 9.425579048786468e-10
2037 3087 10 6.893786710159934e-15
2038 3087 15 2.8461634542133778e-24
2039 3087 12 1.554353330846221e-18
2040 3087 16 3.0194214032647447e-26
2041 3087 28 8.820314042977641e-52
2041 4263 7 9.425579048786468e-10
2049 3087 12 1.554353330846221e-18
2050 2396 11 1.083072482379027e-16
2050 3087 12 1.554353330846221e-18
2051 3087 17 3.0036482594420114e-28
2052 3087 13 2.0518002232717846e-20
2053 3087 19 2.483694891743863e-32
2055 3087 9 3.9753963025355365e-13
2056 3087 15 2.8461634542133778e-24
2057 3087 10 6.893786710159934e-15
2058 3087 14 2.5059378129097543e-22
2058 4263 9 3.9753963025355365e-13
2059 2632 10 6.893786710159934e-15
2059 3087 13 2.0518002232717846e-20
2060 3087 7 9.425579048786468e-10
2061 3087 18 2.8114468230943272e-30
2062 3087 13 2.0518002232717846e-20
2063 3087 13 2.0518002232717846e-20
2064 3087 7 9.425579048786468e-10
2065 3486 7 9.425579048786468e-10
2070 3087 9 3.9753963025355365e-13
2070 4786 7 9.425579048786468e-10
2071 3087 11 1.083072482379027e-16
2072 3087 8 2.0563957943457402e-11
2075 3087 11 1.083072482379027e-16
2076 3087 11 1.083072482379027e-16
2077 3087 10 6.893786710159934e-15
2078 3087 8 2.0563957943457402e-11
2094 3087 13 2.0518002232717846e-20
2095 3087 8 2.0563957943457402e-11
2095 5001 8 2.0563957943457402e-11
2102 3087 9 3.9753963025355365e-13
2105 3087 7 9.425579048786468e-10
2105 4856 8 2.0563957943457402e-11
2140 3087 7 9.425579048786468e-10
2167 4028 9 3.9753963025355365e-13
2174 4224 8 2.0563957943457402e-11
2179 3087 7 9.425579048786468e-10
2187 4082 7 9.425579048786468e-10
2188 3960 8 2.0563957943457402e-11
2193 2326 12 1.554353330846221e-18
2193 4659 19 2.483694891743863e-32
2204 2430 9 3.9753963025355365e-13
2208 4411 22 1.2425401660256637e-38
2219 2666 21 1.647255225761979e-36
2224 3109 8 2.0563957943457402e-11
2224 3567 25 4.020809733329372e-45
2243 2927 11 1.083072482379027e-16
2259 2974 11 1.083072482379027e-16
2268 3686 12 1.554353330846221e-18
2272 4936 23 8.930746630241244e-41
2273 3284 8 2.0563957943457402e-11
2275 4306 8 2.0563957943457402e-11
2313 3087 72 1.1745598513250252e-162
2313 4263 18 2.8114468230943272e-30
2314 3087 39 2.0591037258874434e-77
2314 4263 8 2.0563957943457402e-11
2314 4550 87 1.5195794932139277e-204
2315 2657 12 1.554353330846221e-18
2315 3087 49 4.4160870045521e-102
2315 4263 9 3.9753963025355365e-13
2316 3087 30 2.6334209142004418e-56
2316 3577 9 3.9753963025355365e-13
2317 3087 28 8.820314042977641e-52
2318 3087 37 1.263432386425173e-72
2318 3851 7 9.425579048786468e-10
2319 3087 28 8.820314042977641e-52
2320 3021 7 9.425579048786468e-10
2320 3087 24 6.127827768398865e-43
2321 3087 25 4.020809733329372e-45
2322 3087 26 2.5269483158928086e-47
2323 3087 26 2.5269483158928086e-47
2324 3087 28 8.820314042977641e-52
2325 3087 38 5.177853361027849e-75
2326 3087 30 2.6334209142004418e-56
2326 3627 8 2.0563957943457402e-11
2327 3087 28 8.820314042977641e-52
2327 4263 7 9.425579048786468e-10
2328 3087 23 8.930746630241244e-41
2329 3087 22 1.2425401660256637e-38
2330 3087 25 4.020809733329372e-45
2331 3087 21 1.647255225761979e-36
2331 4263 7 9.425579048786468e-10
2332 3087 15 2.8461634542133778e-24
2333 3087 26 2.5269483158928086e-47
2334 3087 24 6.127827768398865e-43
2335 3087 19 2.483694891743863e-32
2335 4263 7 9.425579048786468e-10
2336 3087 26 2.5269483158928086e-47
2337 3087 19 2.483694891743863e-32
2337 4263 7 9.425579048786468e-10
2338 3087 15 2.8461634542133778e-24
2339 3087 14 2.5059378129097543e-22
2340 3087 17 3.0036482594420114e-28
2341 3087 24 6.127827768398865e-43
2342 3087 13 2.0518002232717846e-20
2343 3087 23 8.930746630241244e-41
2344 3087 23 8.930746630241244e-41
2345 3087 13 2.0518002232717846e-20
2353 3087 20 2.0765827742314087e-34
2354 3087 21 1.647255225761979e-36
2355 3087 9 3.9753963025355365e-13
2356 3087 21 1.647255225761979e-36
2357 3087 19 2.483694891743863e-32
2358 3087 26 2.5269483158928086e-47
2359 3087 12 1.554353330846221e-18
2360 3087 20 2.0765827742314087e-34
2361 3087 11 1.083072482379027e-16
2362 3087 15 2.8461634542133778e-24
2363 3087 20 2.0765827742314087e-34
2364 3087 12 1.554353330846221e-18
2365 2725 9 3.9753963025355365e-13
2365 2897 8 2.0563957943457402e-11
2365 3087 7 9.425579048786468e-10
2366 3087 13 2.0518002232717846e-20
2367 3087 14 2.5059378129097543e-22
2368 3087 11 1.083072482379027e-16
2369 3074 7 9.425579048786468e-10
2369 3087 13 2.0518002232717846e-20
2370 3087 10 6.893786710159934e-15
2371 3087 9 3.9753963025355365e-13
2372 3087 11 1.083072482379027e-16
2373 3087 10 6.893786710159934e-15
2374 3087 7 9.425579048786468e-10
2375 3087 12 1.554353330846221e-18
2375 4200 7 9.425579048786468e-10
2376 3087 13 2.0518002232717846e-20
2376 5267 7 9.425579048786468e-10
2377 3087 10 6.893786710159934e-15
2378 3087 16 3.0194214032647447e-26
2379 3087 8 2.0563957943457402e-11
2380 3087 8 2.0563957943457402e-11
2381 3087 10 6.893786710159934e-15
2382 3087 11 1.083072482379027e-16
2386 3087 8 2.0563957943457402e-11
2387 3087 9 3.9753963025355365e-13
2388 3087 7 9.425579048786468e-10
2390 3087 9 3.9753963025355365e-13
2395 3087 8 2.0563957943457402e-11
2397 3087 9 3.9753963025355365e-13
2398 3087 10 6.893786710159934e-15
2399 3087 7 9.425579048786468e-10
2401 3087 12 1.554353330846221e-18
2402 3087 15 2.8461634542133778e-24
2403 3087 11 1.083072482379027e-16
2404 3579 11 1.083072482379027e-16
2408 3087 8 2.0563957943457402e-11
2409 3087 8 2.0563957943457402e-11
2412 4685 7 9.425579048786468e-10
2427 3087 8 2.0563957943457402e-11
2438 4511 10 6.893786710159934e-15
2439 4151 7 9.425579048786468e-10
2441 4985 8 2.0563957943457402e-11
2443 3087 7 9.425579048786468e-10
2445 2849 9 3.9753963025355365e-13
2452 4224 7 9.425579048786468e-10
2457 3087 7 9.425579048786468e-10
2461 3916 9 3.9753963025355365e-13
2482 2681 13 2.0518002232717846e-20
2498 3220 15 2.8461634542133778e-24
2514 3431 30 2.6334209142004418e-56
2522 3397 8 2.0563957943457402e-11
2523 4217 7 9.425579048786468e-10
2524 2681 8 2.0563957943457402e-11
2524 2934 9 3.9753963025355365e-13
2524 2935 30 2.6334209142004418e-56
2524 2936 80 8.749637017411456e-185
2525 5080 7 9.425579048786468e-10
2558 3336 28 8.820314042977641e-52
2560 3552 7 9.425579048786468e-10
2569 4661 16 3.0194214032647447e-26
2570 4661 12 1.554353330846221e-18
2577 3087 8 2.0563957943457402e-11
2578 3087 32 6.7865715083354e-61
2579 3087 25 4.020809733329372e-45
2580 3087 32 6.7865715083354e-61
2581 3087 21 1.647255225761979e-36
2582 3087 24 6.127827768398865e-43
2583 2935 10 6.893786710159934e-15
2583 3087 19 2.483694891743863e-32
2583 3503 7 9.425579048786468e-10
2583 3505 10 6.893786710159934e-15
2584 3087 20 2.0765827742314087e-34
2585 3087 12 1.554353330846221e-18
2586 3087 28 8.820314042977641e-52
2587 3087 23 8.930746630241244e-41
2588 3087 19 2.483694891743863e-32
2589 3087 16 3.0194214032647447e-26
2590 3087 23 8.930746630241244e-41
2591 3087 12 1.554353330846221e-18
2592 3087 15 2.8461634542133778e-24
2593 3087 15 2.8461634542133778e-24
2594 3087 24 6.127827768398865e-43
2595 3087 23 8.930746630241244e-41
2596 3087 15 2.8461634542133778e-24
2597 3087 25 4.020809733329372e-45
2598 3087 20 2.0765827742314087e-34
2599 3087 15 2.8461634542133778e-24
2600 3087 19 2.483694891743863e-32
2601 3087 11 1.083072482379027e-16
2602 3087 8 2.0563957943457402e-11
2603 3087 13 2.0518002232717846e-20
2604 3087 10 6.893786710159934e-15
2605 3087 14 2.5059378129097543e-22
2606 3087 14 2.5059378129097543e-22
2607 3087 15 2.8461634542133778e-24
2608 3087 21 1.647255225761979e-36
2609 3087 9 3.9753963025355365e-13
2609 4257 8 2.0563957943457402e-11
2610 3087 8 2.0563957943457402e-11
2610 5132 9 3.9753963025355365e-13
2611 3087 10 6.893786710159934e-15
2612 3087 13 2.0518002232717846e-20
2613 3087 10 6.893786710159934e-15
2613 4732 7 9.425579048786468e-10
2614 3087 12 1.554353330846221e-18
2615 3087 9 3.9753963025355365e-13
2616 3087 15 2.8461634542133778e-24
2617 3087 20 2.0765827742314087e-34
2618 3087 10 6.893786710159934e-15
2619 3087 8 2.0563957943457402e-11
2621 3087 10 6.893786710159934e-15
2624 3087 7 9.425579048786468e-10
2625 3087 14 2.5059378129097543e-22
2627 3087 7 9.425579048786468e-10
2628 3087 9 3.9753963025355365e-13
2629 3087 7 9.425579048786468e-10
2630 3087 10 6.893786710159934e-15
2631 3087 7 9.425579048786468e-10
2632 3087 12 1.554353330846221e-18
2633 2832 9 3.9753963025355365e-13
2633 3087 13 2.0518002232717846e-20
2634 3087 12 1.554353330846221e-18
2635 3087 9 3.9753963025355365e-13
2636 3087 11 1.083072482379027e-16
2637 3087 11 1.083072482379027e-16
2639 3087 8 2.0563957943457402e-11
2640 3087 9 3.9753963025355365e-13
2641 3087 8 2.0563957943457402e-11
2642 3087 10 6.893786710159934e-15
2645 3087 8 2.0563957943457402e-11
2646 3087 9 3.9753963025355365e-13
2647 3087 11 1.083072482379027e-16
2649 3087 7 9.425579048786468e-10
2650 3163 8 2.0563957943457402e-11
2651 3087 9 3.9753963025355365e-13
2651 4166 7 9.425579048786468e-10
2654 3087 8 2.0563957943457402e-11
2655 3087 7 9.425579048786468e-10
2656 3087 7 9.425579048786468e-10
2658 3087 7 9.425579048786468e-10
2659 3087 7 9.425579048786468e-10
2661 3087 7 9.425579048786468e-10
2662 3087 7 9.425579048786468e-10
2665 3087 8 2.0563957943457402e-11
2666 3087 8 2.0563957943457402e-11
2667 4690 7 9.425579048786468e-10
2672 3087 8 2.0563957943457402e-11
2682 3087 9 3.9753963025355365e-13
2683 3087 8 2.0563957943457402e-11
2685 3087 10 6.893786710159934e-15
2701 3087 8 2.0563957943457402e-11
2701 5235 11 1.083072482379027e-16
2706 4640 16 3.0194214032647447e-26
2716 3087 8 2.0563957943457402e-11
2718 5164 9 3.9753963025355365e-13
2729 3124 12 1.554353330846221e-18
2737 3649 18 2.8114468230943272e-30
2747 4399 9 3.9753963025355365e-13
2785 4364 11 1.083072482379027e-16
2800 3079 7 9.425579048786468e-10
2808 4372 32 6.7865715083354e-61
2813 3735 7 9.425579048786468e-10
2819 5302 8 2.0563957943457402e-11
2826 3087 7 9.425579048786468e-10
2827 3087 12 1.554353330846221e-18
2828 3087 14 2.5059378129097543e-22
2829 3087 16 3.0194214032647447e-26
2830 3087 15 2.8461634542133778e-24
2831 3087 17 3.0036482594420114e-28
2832 3087 17 3.0036482594420114e-28
2833 3087 22 1.2425401660256637e-38
2834 3087 23 8.930746630241244e-41
2835 3087 19 2.483694891743863e-32
2836 3087 14 2.5059378129097543e-22
2837 3087 10 6.893786710159934e-15
2838 3087 20 2.0765827742314087e-34
2839 3087 16 3.0194214032647447e-26
2840 3087 11 1.083072482379027e-16
2842 3087 13 2.0518002232717846e-20
2843 3087 17 3.0036482594420114e-28
2843 4550 8 2.0563957943457402e-11
2844 3087 9 3.9753963025355365e-13
2845 3087 19 2.483694891743863e-32
2846 3087 19 2.483694891743863e-32
2847 3087 13 2.0518002232717846e-20
2848 3087 16 3.0194214032647447e-26
2849 3087 11 1.083072482379027e-16
2850 3087 12 1.554353330846221e-18
2851 3087 13 2.0518002232717846e-20
2852 3087 10 6.893786710159934e-15
2852 3116 10 6.893786710159934e-15
2853 3087 12 1.554353330846221e-18
2854 3087 15 2.8461634542133778e-24
2855 3087 12 1.554353330846221e-18
2855 4919 12 1.554353330846221e-18
2856 3087 14 2.5059378129097543e-22
2857 3087 11 1.083072482379027e-16
2858 3087 11 1.083072482379027e-16
2859 3087 14 2.5059378129097543e-22
2860 3087 14 2.5059378129097543e-22
2861 3087 9 3.9753963025355365e-13
2862 3087 7 9.425579048786468e-10
2864 3087 11 1.083072482379027e-16
2864 3577 7 9.425579048786468e-10
2865 3087 10 6.893786710159934e-15
2866 3087 16 3.0194214032647447e-26
2867 3087 12 1.554353330846221e-18
2868 3087 8 2.0563957943457402e-11
2869 3087 15 2.8461634542133778e-24
2870 3087 9 3.9753963025355365e-13
2871 3087 14 2.5059378129097543e-22
2872 3087 9 3.9753963025355365e-13
2873 3087 12 1.554353330846221e-18
2876 3087 12 1.554353330846221e-18
2880 3087 7 9.425579048786468e-10
2881 3087 10 6.893786710159934e-15
2881 4820 11 1.083072482379027e-16
2882 3087 9 3.9753963025355365e-13
2883 3087 9 3.9753963025355365e-13
2884 3087 7 9.425579048786468e-10
2889 3087 7 9.425579048786468e-10
2890 3087 7 9.425579048786468e-10
2897 3087 8 2.0563957943457402e-11
2901 3087 7 9.425579048786468e-10
2903 3087 7 9.425579048786468e-10
2904 3087 8 2.0563957943457402e-11
2906 3087 7 9.425579048786468e-10
2910 3087 8 2.0563957943457402e-11
2923 3087 7 9.425579048786468e-10
2925 3613 7 9.425579048786468e-10
2944 3087 7 9.425579048786468e-10
2945 3516 7 9.425579048786468e-10
2953 3582 22 1.2425401660256637e-38
2997 4088 8 2.0563957943457402e-11
3008 4348 9 3.9753963025355365e-13
3035 4617 13 2.0518002232717846e-20
3050 4105 7 9.425579048786468e-10
3080 4968 8 2.0563957943457402e-11
3087 3333 11 1.083072482379027e-16
3087 3334 8 2.0563957943457402e-11
3087 3336 10 6.893786710159934e-15
3087 3337 8 2.0563957943457402e-11
3087 3339 15 2.8461634542133778e-24
3087 3340 10 6.893786710159934e-15
3087 3341 12 1.554353330846221e-18
3087 3342 12 1.554353330846221e-18
3087 3343 14 2.5059378129097543e-22
3087 3344 9 3.9753963025355365e-13
3087 3345 7 9.425579048786468e-10
3087 3346 12 1.554353330846221e-18
3087 3347 7 9.425579048786468e-10
3087 3349 10 6.893786710159934e-15
3087 3350 15 2.8461634542133778e-24
3087 3352 12 1.554353330846221e-18
3087 3353 9 3.9753963025355365e-13
3087 3354 8 2.0563957943457402e-11
3087 3358 7 9.425579048786468e-10
3087 3360 7 9.425579048786468e-10
3087 3389 8 2.0563957943457402e-11
3087 3398 7 9.425579048786468e-10
3087 3577 25 4.020809733329372e-45
3087 3578 30 2.6334209142004418e-56
3087 3579 19 2.483694891743863e-32
3087 3580 20 2.0765827742314087e-34
3087 3581 22 1.2425401660256637e-38
3087 3582 27 1.5233171775195445e-49
3087 3583 17 3.0036482594420114e-28
3087 3584 18 2.8114468230943272e-30
3087 3585 21 1.647255225761979e-36
3087 3586 20 2.0765827742314087e-34
3087 3587 14 2.5059378129097543e-22
3087 3588 31 1.3609664586630938e-58
3087 3589 19 2.483694891743863e-32
3087 3590 21 1.647255225761979e-36
3087 3591 18 2.8114468230943272e-30
3087 3592 16 3.0194214032647447e-26
3087 3593 17 3.0036482594420114e-28
3087 3594 29 4.9116145905032273e-54
3087 3595 22 1.2425401660256637e-38
3087 3596 7 9.425579048786468e-10
3087 3597 8 2.0563957943457402e-11
3087 3598 14 2.5059378129097543e-22
3087 3599 16 3.0194214032647447e-26
3087 3600 11 1.083072482379027e-16
3087 3601 12 1.554353330846221e-18
3087 3602 14 2.5059378129097543e-22
3087 3603 16 3.0194214032647447e-26
3087 3604 16 3.0194214032647447e-26
3087 3605 11 1.083072482379027e-16
3087 3606 17 3.0036482594420114e-28
3087 3607 14 2.5059378129097543e-22
3087 3608 13 2.0518002232717846e-20
3087 3610 12 1.554353330846221e-18
3087 3611 15 2.8461634542133778e-24
3087 3612 9 3.9753963025355365e-13
3087 3613 17 3.0036482594420114e-28
3087 3614 9 3.9753963025355365e-13
3087 3615 9 3.9753963025355365e-13
3087 3617 16 3.0194214032647447e-26
3087 3618 16 3.0194214032647447e-26
3087 3619 16 3.0194214032647447e-26
3087 3620 12 1.554353330846221e-18
3087 3621 8 2.0563957943457402e-11
3087 3622 8 2.0563957943457402e-11
3087 3623 9 3.9753963025355365e-13
3087 3628 10 6.893786710159934e-15
3087 3629 7 9.425579048786468e-10
3087 3630 9 3.9753963025355365e-13
3087 3631 7 9.425579048786468e-10
3087 3632 9 3.9753963025355365e-13
3087 3633 7 9.425579048786468e-10
3087 3634 10 6.893786710159934e-15
3087 3638 8 2.0563957943457402e-11
3087 3640 7 9.425579048786468e-10
3087 3643 7 9.425579048786468e-10
3087 3646 9 3.9753963025355365e-13
3087 3647 9 3.9753963025355365e-13
3087 3655 8 2.0563957943457402e-11
3087 3656 8 2.0563957943457402e-11
3087 3657 7 9.425579048786468e-10
3087 3663 7 9.425579048786468e-10
3087 3666 9 3.9753963025355365e-13
3087 3667 7 9.425579048786468e-10
3087 3687 28 8.820314042977641e-52
3087 3830 10 6.893786710159934e-15
3087 3831 14 2.5059378129097543e-22
3087 3832 18 2.8114468230943272e-30
3087 3833 22 1.2425401660256637e-38
3087 3834 10 6.893786710159934e-15
3087 3835 14 2.5059378129097543e-22
3087 3836 16 3.0194214032647447e-26
3087 3837 17 3.0036482594420114e-28
3087 3838 16 3.0194214032647447e-26
3087 3839 15 2.8461634542133778e-24
3087 3840 15 2.8461634542133778e-24
3087 3841 15 2.8461634542133778e-24
3087 3842 12 1.554353330846221e-18
3087 3843 19 2.483694891743863e-32
3087 3844 20 2.0765827742314087e-34
3087 3845 12 1.554353330846221e-18
3087 3846 15 2.8461634542133778e-24
3087 3847 24 6.127827768398865e-43
3087 3848 17 3.0036482594420114e-28
3087 3849 19 2.483694891743863e-32
3087 3850 18 2.8114468230943272e-30
3087 3851 31 1.3609664586630938e-58
3087 3852 24 6.127827768398865e-43
3087 3853 17 3.0036482594420114e-28
3087 3854 8 2.0563957943457402e-11
3087 3855 13 2.0518002232717846e-20
3087 3856 10 6.893786710159934e-15
3087 3857 13 2.0518002232717846e-20
3087 3858 12 1.554353330846221e-18
3087 3859 9 3.9753963025355365e-13
3087 3861 7 9.425579048786468e-10
3087 3862 7 9.425579048786468e-10
3087 3865 8 2.0563957943457402e-11
3087 3867 8 2.0563957943457402e-11
3087 3868 7 9.425579048786468e-10
3087 3869 15 2.8461634542133778e-24
3087 3871 10 6.893786710159934e-15
3087 3873 14 2.5059378129097543e-22
3087 3874 7 9.425579048786468e-10
3087 3875 10 6.893786710159934e-15
3087 3878 8 2.0563957943457402e-11
3087 3880 10 6.893786710159934e-15
3087 3881 7 9.425579048786468e-10
3087 3882 9 3.9753963025355365e-13
3087 3884 8 2.0563957943457402e-11
3087 3885 8 2.0563957943457402e-11
3087 3886 8 2.0563957943457402e-11
3087 3894 7 9.425579048786468e-10
3087 3905 7 9.425579048786468e-10
3087 3916 7 9.425579048786468e-10
3087 3960 7 9.425579048786468e-10
3087 4071 36 2.989452849450289e-70
3087 4072 18 2.8114468230943272e-30
3087 4073 18 2.8114468230943272e-30
3087 4074 22 1.2425401660256637e-38
3087 4075 16 3.0194214032647447e-26
3087 4076 14 2.5059378129097543e-22
3087 4077 25 4.020809733329372e-45
3087 4078 26 2.5269483158928086e-47
3087 4079 16 3.0194214032647447e-26
3087 4080 26 2.5269483158928086e-47
3087 4081 17 3.0036482594420114e-28
3087 4082 23 8.930746630241244e-41
3087 4083 22 1.2425401660256637e-38
3087 4084 21 1.647255225761979e-36
3087 4085 26 2.5269483158928086e-47
3087 4086 9 3.9753963025355365e-13
3087 4087 16 3.0194214032647447e-26
3087 4088 26 2.5269483158928086e-47
3087 4089 18 2.8114468230943272e-30
3087 4090 24 6.127827768398865e-43
3087 4091 18 2.8114468230943272e-30
3087 4092 14 2.5059378129097543e-22
3087 4093 15 2.8461634542133778e-24
3087 4094 19 2.483694891743863e-32
3087 4095 15 2.8461634542133778e-24
3087 4096 17 3.0036482594420114e-28
3087 4097 24 6.127827768398865e-43
3087 4098 12 1.554353330846221e-18
3087 4099 9 3.9753963025355365e-13
3087 4100 23 8.930746630241244e-41
3087 4101 16 3.0194214032647447e-26
3087 4102 19 2.483694891743863e-32
3087 4103 14 2.5059378129097543e-22
3087 4104 15 2.8461634542133778e-24
3087 4105 10 6.893786710159934e-15
3087 4106 15 2.8461634542133778e-24
3087 4107 12 1.554353330846221e-18
3087 4108 17 3.0036482594420114e-28
3087 4109 14 2.5059378129097543e-22
3087 4110 15 2.8461634542133778e-24
3087 4111 8 2.0563957943457402e-11
3087 4112 18 2.8114468230943272e-30
3087 4114 12 1.554353330846221e-18
3087 4115 10 6.893786710159934e-15
3087 4117 7 9.425579048786468e-10
3087 4118 14 2.5059378129097543e-22
3087 4119 7 9.425579048786468e-10
3087 4120 11 1.083072482379027e-16
3087 4121 11 1.083072482379027e-16
3087 4122 7 9.425579048786468e-10
3087 4123 8 2.0563957943457402e-11
3087 4124 9 3.9753963025355365e-13
3087 4125 13 2.0518002232717846e-20
3087 4126 10 6.893786710159934e-15
3087 4127 7 9.425579048786468e-10
3087 4129 12 1.554353330846221e-18
3087 4130 9 3.9753963025355365e-13
3087 4131 8 2.0563957943457402e-11
3087 4132 10 6.893786710159934e-15
3087 4133 8 2.0563957943457402e-11
3087 4134 8 2.0563957943457402e-11
3087 4135 8 2.0563957943457402e-11
3087 4136 13 2.0518002232717846e-20
3087 4137 12 1.554353330846221e-18
3087 4138 10 6.893786710159934e-15
3087 4139 9 3.9753963025355365e-13
3087 4140 11 1.083072482379027e-16
3087 4141 10 6.893786710159934e-15
3087 4142 8 2.0563957943457402e-11
3087 4143 8 2.0563957943457402e-11
3087 4146 7 9.425579048786468e-10
3087 4147 12 1.554353330846221e-18
3087 4151 7 9.425579048786468e-10
3087 4162 8 2.0563957943457402e-11
3087 4165 9 3.9753963025355365e-13
3087 4230 7 9.425579048786468e-10
3087 4263 254 0.0
3087 4279 24 6.127827768398865e-43
3087 4280 18 2.8114468230943272e-30
3087 4281 20 2.0765827742314087e-34
3087 4282 21 1.647255225761979e-36
3087 4283 18 2.8114468230943272e-30
3087 4284 13 2.0518002232717846e-20
3087 4285 21 1.647255225761979e-36
3087 4286 15 2.8461634542133778e-24
3087 4287 12 1.554353330846221e-18
3087 4288 20 2.0765827742314087e-34
3087 4289 16 3.0194214032647447e-26
3087 4290 13 2.0518002232717846e-20
3087 4291 11 1.083072482379027e-16
3087 4292 12 1.554353330846221e-18
3087 4293 15 2.8461634542133778e-24
3087 4294 9 3.9753963025355365e-13
3087 4295 9 3.9753963025355365e-13
3087 4296 7 9.425579048786468e-10
3087 4297 17 3.0036482594420114e-28
3087 4298 17 3.0036482594420114e-28
3087 4299 12 1.554353330846221e-18
3087 4300 12 1.554353330846221e-18
3087 4301 13 2.0518002232717846e-20
3087 4302 16 3.0194214032647447e-26
3087 4303 8 2.0563957943457402e-11
3087 4304 15 2.8461634542133778e-24
3087 4305 14 2.5059378129097543e-22
3087 4306 13 2.0518002232717846e-20
3087 4307 13 2.0518002232717846e-20
3087 4308 10 6.893786710159934e-15
3087 4309 9 3.9753963025355365e-13
3087 4310 11 1.083072482379027e-16
3087 4311 8 2.0563957943457402e-11
3087 4312 10 6.893786710159934e-15
3087 4313 8 2.0563957943457402e-11
3087 4314 11 1.083072482379027e-16
3087 4315 12 1.554353330846221e-18
3087 4316 10 6.893786710159934e-15
3087 4317 8 2.0563957943457402e-11
3087 4318 9 3.9753963025355365e-13
3087 4320 8 2.0563957943457402e-11
3087 4321 7 9.425579048786468e-10
3087 4323 8 2.0563957943457402e-11
3087 4326 9 3.9753963025355365e-13
3087 4328 7 9.425579048786468e-10
3087 4329 9 3.9753963025355365e-13
3087 4330 12 1.554353330846221e-18
3087 4334 10 6.893786710159934e-15
3087 4337 8 2.0563957943457402e-11
3087 4338 7 9.425579048786468e-10
3087 4343 8 2.0563957943457402e-11
3087 4345 10 6.893786710159934e-15
3087 4346 7 9.425579048786468e-10
3087 4352 7 9.425579048786468e-10
3087 4357 8 2.0563957943457402e-11
3087 4360 7 9.425579048786468e-10
3087 4465 7 9.425579048786468e-10
3087 4476 29 4.9116145905032273e-54
3087 4477 31 1.3609664586630938e-58
3087 4478 30 2.6334209142004418e-56
3087 4479 33 3.2684827368026286e-63
3087 4480 24 6.127827768398865e-43
3087 4481 18 2.8114468230943272e-30
3087 4482 15 2.8461634542133778e-24
3087 4483 10 6.893786710159934e-15
3087 4486 10 6.893786710159934e-15
3087 4488 16 3.0194214032647447e-26
3087 4489 21 1.647255225761979e-36
3087 4490 15 2.8461634542133778e-24
3087 4491 20 2.0765827742314087e-34
3087 4492 15 2.8461634542133778e-24
3087 4493 20 2.0765827742314087e-34
3087 4494 20 2.0765827742314087e-34
3087 4495 14 2.5059378129097543e-22
3087 4496 14 2.5059378129097543e-22
3087 4498 12 1.554353330846221e-18
3087 4499 11 1.083072482379027e-16
3087 4500 17 3.0036482594420114e-28
3087 4501 11 1.083072482379027e-16
3087 4502 14 2.5059378129097543e-22
3087 4503 12 1.554353330846221e-18
3087 4504 14 2.5059378129097543e-22
3087 4505 11 1.083072482379027e-16
3087 4506 16 3.0194214032647447e-26
3087 4507 16 3.0194214032647447e-26
3087 4509 16 3.0194214032647447e-26
3087 4510 9 3.9753963025355365e-13
3087 4511 14 2.5059378129097543e-22
3087 4512 8 2.0563957943457402e-11
3087 4514 13 2.0518002232717846e-20
3087 4517 8 2.0563957943457402e-11
3087 4518 7 9.425579048786468e-10
3087 4519 12 1.554353330846221e-18
3087 4520 8 2.0563957943457402e-11
3087 4522 8 2.0563957943457402e-11
3087 4523 8 2.0563957943457402e-11
3087 4525 11 1.083072482379027e-16
3087 4528 8 2.0563957943457402e-11
3087 4531 8 2.0563957943457402e-11
3087 4536 7 9.425579048786468e-10
3087 4542 8 2.0563957943457402e-11
3087 4547 8 2.0563957943457402e-11
3087 4556 7 9.425579048786468e-10
3087 4668 34 1.5216902794995634e-65
3087 4669 14 2.5059378129097543e-22
3087 4670 7 9.425579048786468e-10
3087 4671 7 9.425579048786468e-10
3087 4672 9 3.9753963025355365e-13
3087 4677 10 6.893786710159934e-15
3087 4691 9 3.9753963025355365e-13
3087 4696 8 2.0563957943457402e-11
3087 4704 7 9.425579048786468e-10
3087 4852 14 2.5059378129097543e-22
3087 4853 8 2.0563957943457402e-11
3087 4855 10 6.893786710159934e-15
3087 4858 10 6.893786710159934e-15
3087 4860 7 9.425579048786468e-10
3087 4866 7 9.425579048786468e-10
3087 4870 10 6.893786710159934e-15
3087 4871 12 1.554353330846221e-18
3087 4872 10 6.893786710159934e-15
3087 4873 12 1.554353330846221e-18
3087 4876 7 9.425579048786468e-10
3087 4878 9 3.9753963025355365e-13
3087 4884 8 2.0563957943457402e-11
3087 4885 11 1.083072482379027e-16
3087 4892 7 9.425579048786468e-10
3087 4914 7 9.425579048786468e-10
3087 4916 8 2.0563957943457402e-11
3087 4928 7 9.425579048786468e-10
3087 4966 8 2.0563957943457402e-11
3087 4980 9 3.9753963025355365e-13
3087 4981 11 1.083072482379027e-16
3087 4982 7 9.425579048786468e-10
3087 4983 14 2.5059378129097543e-22
3087 4987 13 2.0518002232717846e-20
3087 4988 7 9.425579048786468e-10
3087 4989 11 1.083072482379027e-16
3087 4990 9 3.9753963025355365e-13
3087 4991 12 1.554353330846221e-18
3087 4992 10 6.893786710159934e-15
3087 4993 14 2.5059378129097543e-22
3087 4996 11 1.083072482379027e-16
3087 4997 7 9.425579048786468e-10
3087 4999 7 9.425579048786468e-10
3087 5001 7 9.425579048786468e-10
3087 5002 8 2.0563957943457402e-11
3087 5003 8 2.0563957943457402e-11
3087 5006 7 9.425579048786468e-10
3087 5011 9 3.9753963025355365e-13
3087 5015 9 3.9753963025355365e-13
3087 5059 7 9.425579048786468e-10
3087 5060 8 2.0563957943457402e-11
3091 4337 9 3.9753963025355365e-13
3091 4860 7 9.425579048786468e-10
3114 3622 11 1.083072482379027e-16
3124 4578 11 1.083072482379027e-16
3125 5296 7 9.425579048786468e-10
3140 4339 20 2.0765827742314087e-34
3146 4119 11 1.083072482379027e-16
3147 4895 21 1.647255225761979e-36
3147 4896 8 2.0563957943457402e-11
3157 4406 16 3.0194214032647447e-26
3159 3465 7 9.425579048786468e-10
3165 3713 7 9.425579048786468e-10
3168 3943 7 9.425579048786468e-10
3206 3710 9 3.9753963025355365e-13
3207 4228 8 2.0563957943457402e-11
3236 4116 25 4.020809733329372e-45
3248 3625 8 2.0563957943457402e-11
3248 3681 21 1.647255225761979e-36
3248 4136 11 1.083072482379027e-16
3269 5101 13 2.0518002232717846e-20
3272 4651 8 2.0563957943457402e-11
3273 3595 8 2.0563957943457402e-11
3290 3468 11 1.083072482379027e-16
3299 4550 66 2.1298423225791264e-146
3310 4916 18 2.8114468230943272e-30
3322 4938 7 9.425579048786468e-10
3325 4967 18 2.8114468230943272e-30
3325 4968 24 6.127827768398865e-43
3333 4477 7 9.425579048786468e-10
3343 4572 14 2.5059378129097543e-22
3350 4550 7 9.425579048786468e-10
3384 3723 21 1.647255225761979e-36
3401 4358 8 2.0563957943457402e-11
3406 5137 24 6.127827768398865e-43
3422 4311 9 3.9753963025355365e-13
3422 4757 7 9.425579048786468e-10
3422 5185 11 1.083072482379027e-16
3470 3811 8 2.0563957943457402e-11
3547 3782 21 1.647255225761979e-36
3551 5263 10 6.893786710159934e-15
3562 4097 7 9.425579048786468e-10
3565 4179 9 3.9753963025355365e-13
3605 3887 9 3.9753963025355365e-13
3650 4680 14 2.5059378129097543e-22
3652 4618 9 3.9753963025355365e-13
3687 4263 254 0.0
3705 5002 9 3.9753963025355365e-13
3722 4683 11 1.083072482379027e-16
3768 4390 19 2.483694891743863e-32
3914 4983 10 6.893786710159934e-15
3926 4477 8 2.0563957943457402e-11
3939 5115 7 9.425579048786468e-10
3945 4334 8 2.0563957943457402e-11
3952 4945 8 2.0563957943457402e-11
3960 4268 7 9.425579048786468e-10
3965 5110 8 2.0563957943457402e-11
4039 4954 9 3.9753963025355365e-13
4073 4840 8 2.0563957943457402e-11
4137 4522 8 2.0563957943457402e-11
4175 4735 7 9.425579048786468e-10
4228 4633 9 3.9753963025355365e-13
4228 4857 7 9.425579048786468e-10
4256 4751 10 6.893786710159934e-15
4263 4282 9 3.9753963025355365e-13
4263 4283 11 1.083072482379027e-16
4263 4285 8 2.0563957943457402e-11
4263 4289 7 9.425579048786468e-10
4263 4291 9 3.9753963025355365e-13
4263 4292 7 9.425579048786468e-10
4263 4293 8 2.0563957943457402e-11
4263 4296 7 9.425579048786468e-10
4263 4298 7 9.425579048786468e-10
4263 4299 7 9.425579048786468e-10
4263 4301 8 2.0563957943457402e-11
4263 4304 8 2.0563957943457402e-11
4263 4305 7 9.425579048786468e-10
4263 4306 9 3.9753963025355365e-13
4263 4307 9 3.9753963025355365e-13
4263 4308 10 6.893786710159934e-15
4263 4311 7 9.425579048786468e-10
4263 4315 9 3.9753963025355365e-13
4263 4334 8 2.0563957943457402e-11
4263 4489 7 9.425579048786468e-10
4263 4668 9 3.9753963025355365e-13
4268 4392 7 9.425579048786468e-10
4279 4669 9 3.9753963025355365e-13
4279 4852 10 6.893786710159934e-15
4279 4868 9 3.9753963025355365e-13
4279 4873 8 2.0563957943457402e-11
4279 4874 9 3.9753963025355365e-13
4303 4717 7 9.425579048786468e-10
4303 4718 8 2.0563957943457402e-11
4307 4560 11 1.083072482379027e-16
4317 4564 10 6.893786710159934e-15
4357 4632 8 2.0563957943457402e-11
4387 4479 8 2.0563957943457402e-11
4387 5012 10 6.893786710159934e-15
4494 4964 9 3.9753963025355365e-13
4520 4857 9 3.9753963025355365e-13
4539 4914 13 2.0518002232717846e-20
4550 4810 11 1.083072482379027e-16
4562 5267 9 3.9753963025355365e-13
4652 4701 9 3.9753963025355365e-13
4922 5223 10 6.893786710159934e-15
4938 4988 8 2.0563957943457402e-11
