0 1 0 99999
1 1 100000 599999
2 1 600000 1099999
3 1 1100000 1599999
4 1 1600000 2099999
5 1 2100000 2599999
172 1 85600000 86099999
173 1 86100000 86599999
174 1 86600000 87099999
396 2 0 99999
397 2 100000 599999
398 2 600000 1099999
399 2 1100000 1599999
400 2 1600000 2099999
401 2 2100000 2599999
747 2 175100000 175599999
761 3 0 99999
762 3 100000 599999
763 3 600000 1099999
764 3 1100000 1599999
765 3 1600000 2099999
766 3 2100000 2599999
1081 4 0 99999
1082 4 100000 599999
1083 4 600000 1099999
1084 4 1100000 1599999
1085 4 1600000 2099999
1086 4 2100000 2599999
1394 5 0 99999
1395 5 100000 599999
1396 5 600000 1099999
1397 5 1100000 1599999
1398 5 1600000 2099999
1399 5 2100000 2599999
1446 5 25600000 26099999
1700 6 0 99999
1701 6 100000 599999
1702 6 600000 1099999
1703 6 1100000 1599999
1704 6 1600000 2099999
1705 6 2100000 2599999
2000 7 0 99999
2001 7 100000 599999
2002 7 600000 1099999
2003 7 1100000 1599999
2004 7 1600000 2099999
2005 7 2100000 2599999
2017 7 8100000 8599999
2019 7 9100000 9599999
2043 7 21100000 21599999
2046 7 22600000 23099999
2080 7 39600000 40099999
2081 7 40100000 40599999
2082 7 40600000 41099999
2083 7 41100000 41599999
2084 7 41600000 42099999
2085 7 42100000 42599999
2086 7 42600000 43099999
2087 7 43100000 43599999
2088 7 43600000 44099999
2089 7 44100000 44599999
2090 7 44600000 45099999
2091 7 45100000 45599999
2092 7 45600000 46099999
2306 8 0 99999
2307 8 100000 599999
2308 8 600000 1099999
2309 8 1100000 1599999
2310 8 1600000 2099999
2311 8 2100000 2599999
2347 8 20100000 20599999
2348 8 20600000 21099999
2349 8 21100000 21599999
2420 8 56600000 57099999
2421 8 57100000 57599999
2571 9 0 99999
2572 9 100000 599999
2573 9 600000 1099999
2574 9 1100000 1599999
2575 9 1600000 2099999
2576 9 2100000 2599999
2820 10 0 99999
2821 10 100000 599999
2822 10 600000 1099999
2823 10 1100000 1599999
2824 10 1600000 2099999
2825 10 2100000 2599999
3081 11 0 99999
3082 11 100000 599999
3083 11 600000 1099999
3084 11 1100000 1599999
3085 11 1600000 2099999
3086 11 2100000 2599999
3326 12 0 99999
3327 12 100000 599999
3328 12 600000 1099999
3329 12 1100000 1599999
3330 12 1600000 2099999
3331 12 2100000 2599999
3374 12 23600000 24099999
3570 13 0 99999
3571 13 100000 599999
3572 13 600000 1099999
3573 13 1100000 1599999
3574 13 1600000 2099999
3575 13 2100000 2599999
3812 14 0 99999
3813 14 100000 599999
3814 14 600000 1099999
3815 14 1100000 1599999
3816 14 1600000 2099999
3817 14 2100000 2599999
3819 14 3100000 3599999
3826 14 6600000 7099999
4064 15 0 99999
4065 15 100000 599999
4066 15 600000 1099999
4067 15 1100000 1599999
4068 15 1600000 2099999
4069 15 2100000 2599999
4272 16 0 99999
4273 16 100000 599999
4274 16 600000 1099999
4275 16 1100000 1599999
4276 16 1600000 2099999
4277 16 2100000 2599999
4278 16 2600000 3099999
4470 17 0 99999
4471 17 100000 599999
4472 17 600000 1099999
4473 17 1100000 1599999
4474 17 1600000 2099999
4475 17 2100000 2599999
4662 18 0 99999
4663 18 100000 599999
4664 18 600000 1099999
4665 18 1100000 1599999
4666 18 1600000 2099999
4667 18 2100000 2599999
4845 19 0 99999
4846 19 100000 599999
4847 19 600000 1099999
4848 19 1100000 1599999
4849 19 1600000 2099999
4850 19 2100000 2599999
4969 X 0 99999
4970 X 100000 599999
4971 X 600000 1099999
4972 X 1100000 1599999
4973 X 1600000 2099999
4974 X 2100000 2599999
4976 X 3100000 3599999
5023 X 26600000 27099999
5025 X 27600000 28099999
5026 X 28100000 28599999
5027 X 28600000 29099999
5028 X 29100000 29599999
5029 X 29600000 30099999
5213 X 121600000 122099999
5303 X 166600000 166650295
5304 Y 0 99999
5305 Y 100000 599999
5306 Y 600000 1099999
5307 Y 1100000 1599999
5308 Y 1600000 2099999
5309 Y 2100000 2599999
5310 Y 2600000 3099999
5311 Y 3100000 3599999
5312 Y 3600000 4099999
5313 Y 4100000 4599999
5314 Y 4600000 5099999
5315 Y 5100000 5599999
5316 Y 5600000 6099999
5317 Y 6100000 6599999
5318 Y 6600000 7099999
5319 Y 7100000 7599999
5320 Y 7600000 8099999
5321 Y 8100000 8599999
5322 Y 8600000 9099999
5323 Y 9100000 9599999
5324 Y 9600000 10099999
5325 Y 10100000 10599999
5326 Y 10600000 11099999
5327 Y 11100000 11599999
5328 Y 11600000 12099999
5329 Y 12100000 12599999
5330 Y 12600000 13099999
5331 Y 13100000 13599999
5332 Y 13600000 14099999
5333 Y 14100000 14599999
5334 Y 14600000 15099999
5335 Y 15100000 15599999
5336 Y 15600000 15902554
