2552 2
671 -1.243555 -0.848066 
508 -1.210872 -0.430908 
2554 -1.129072 -0.009010 
2549 -1.115093 -0.021223 
1057 -0.986555 -0.500810 
2477 -1.261532 -0.580700 
1609 -1.336105 -0.506428 
1608 -1.545172 0.209791 
2376 -1.219451 -0.468140 
2378 -1.101416 -0.305944 
2504 -1.072553 -0.052511 
2505 -0.942207 -0.372450 
820 -1.323407 -0.368204 
841 -1.288656 -0.491861 
2398 -1.199440 -0.493959 
281 -1.252715 -0.096107 
1503 -1.211854 -0.541616 
1504 -1.285671 -0.308740 
110 -1.180946 -0.330618 
2429 -1.119829 -0.305173 
222 -1.503198 0.064403 
1883 -1.237154 -0.600382 
2570 -1.039351 -0.248205 
2568 -1.050400 -0.408520 
2637 -1.106159 -0.263957 
2636 -1.085008 -0.300468 
333 -1.275268 -0.287729 
330 -1.201105 -0.653336 
466 -1.321408 -0.312591 
2629 -1.232692 -0.524289 
1965 -1.348649 -0.234078 
688 -1.223918 -0.562982 
1551 -1.324853 -0.154606 
1547 -1.303480 -0.258008 
2026 -1.212190 -0.539965 
942 -1.572942 0.487770 
1702 -1.158278 -0.529970 
1453 -1.278317 -0.168415 
1658 -1.128578 -1.525055 
1497 -1.194466 -0.712300 
1107 -1.281168 -0.492308 
1109 -0.847454 -0.201234 
1648 -1.199285 -0.563011 
1649 -1.167857 -0.439824 
1932 -1.273273 -0.273969 
1934 -1.373554 -0.076664 
2395 -1.470822 0.186564 
2063 -1.074886 -0.135351 
1331 -1.196409 -0.594827 
1329 -1.293305 -0.532243 
1390 -1.298399 -0.566709 
842 -1.102201 -0.428874 
388 -1.443894 0.364110 
386 -1.046272 -0.365501 
1131 -1.464757 0.005367 
1132 -1.309858 -0.538218 
514 -1.136353 -0.038716 
2468 -1.253055 -0.268913 
1083 -0.942569 -0.613854 
1085 -1.265728 -0.614368 
57 -1.366531 0.140824 
1419 -1.184756 -0.046967 
1069 -1.181635 -0.574463 
1026 -1.169801 -0.227007 
2434 -1.060397 -0.328232 
412 -1.174109 -0.688109 
2489 -1.162205 -0.542472 
1759 -1.149572 -0.424066 
1536 -1.210641 -0.590108 
1657 -1.102903 -1.636839 
353 -1.206112 -0.923726 
496 -1.313748 -0.334053 
151 -1.029401 -0.292354 
189 -1.227914 -0.047060 
1441 -1.116903 -0.058225 
1743 -1.213281 -0.566468 
1845 -0.714672 -0.482626 
2377 -1.181411 -0.054921 
605 -1.083376 -0.192786 
546 -1.035083 -0.480969 
930 -0.969029 -0.385349 
844 -1.339863 -0.352532 
2129 -1.296868 -0.553578 
173 -1.132433 -0.819171 
2008 -1.024223 -0.481541 
2005 -0.924524 -0.215508 
500 -1.344794 0.041592 
796 -1.302848 -0.233016 
805 -1.085755 -0.643521 
2389 -1.111996 -0.480333 
1519 -1.322959 -0.215385 
1646 -1.192438 -0.778983 
2335 -1.110694 -0.483652 
1353 -1.353214 -0.350952 
1325 -1.177440 -1.028116 
2035 -1.210527 -0.350971 
720 -1.406094 -0.048004 
1642 -1.141013 -1.123202 
83 -1.198740 -0.322013 
54 -1.187004 -0.383105 
1263 -1.330614 -0.431320 
145 -1.191713 -0.393457 
123 -1.326433 0.025175 
1163 -1.473145 0.159112 
1175 -1.466879 0.116424 
361 -1.246246 -0.451884 
575 -1.183608 -0.302974 
70 -1.167017 -0.422314 
81 -1.023106 -0.391810 
2185 -1.012019 -0.053089 
2201 -1.087265 -0.480880 
435 -1.057271 -0.496777 
2184 -1.198920 -0.664777 
825 -1.229892 -0.777151 
1119 -1.400076 -0.007461 
1525 -1.189055 -0.690851 
2617 -1.233819 -0.363067 
2598 -1.168327 -0.143051 
1886 -1.155822 -0.420603 
1576 -1.010340 -0.262318 
1831 -1.399935 -0.164943 
1836 -1.404018 -0.211317 
779 -0.933778 -0.171630 
1985 -0.984223 -0.460477 
896 -1.254583 -0.411209 
1714 -1.287341 -0.349838 
1769 -1.086090 -0.327848 
316 -1.337620 -0.213571 
288 -1.211319 -0.562417 
23 -1.115160 -0.009553 
1096 -1.067969 -0.642525 
1104 -1.352778 -0.082362 
1763 -1.387856 -0.239763 
1764 -1.472920 0.200500 
468 -1.218325 -0.955104 
475 -1.307216 -0.362434 
1087 -1.217903 -0.758430 
1062 -1.389723 -0.131805 
2374 -1.169315 -0.492679 
2401 -1.104889 -0.413402 
2320 -1.241289 -0.639255 
2475 -1.100288 -1.243862 
1900 -1.215614 -0.321461 
1811 -1.245033 -0.335547 
2596 -0.936291 -0.388718 
2583 -1.324608 -0.039296 
1858 -1.226420 -0.112253 
1859 -1.211729 -0.081359 
1267 -1.331967 0.121200 
1206 -1.041379 0.011218 
684 -1.178400 -0.545384 
650 -1.105992 -0.087818 
187 -1.309567 -0.224734 
162 -1.360106 -0.046502 
2643 -1.113585 -0.452274 
2644 -1.119874 -0.466401 
262 -1.087974 -0.126414 
304 -1.092558 -0.544890 
120 -1.465096 0.177903 
127 -1.214432 -0.132883 
2460 -1.318745 -0.161667 
1842 -1.524972 0.173208 
383 -1.177904 -0.304055 
1266 -1.439948 0.027913 
995 -1.300138 -0.687435 
2036 -1.259393 -0.142028 
1017 -0.727730 0.064109 
704 -1.268211 -0.295110 
2369 -1.302700 0.015892 
36 -1.428350 0.024245 
2284 -1.428827 0.228376 
2437 -1.220429 -0.237740 
2601 -1.163085 -0.064125 
2525 -1.002258 -0.164968 
1977 -1.285117 -0.347328 
800 -1.167183 -0.517660 
2172 -1.246086 -0.495377 
2171 -1.317825 -0.061972 
824 -1.378864 -0.251136 
748 -1.213297 -0.561859 
1981 -1.271998 -0.383057 
708 -0.967245 -0.453312 
58 -1.304383 -0.189557 
44 -1.188082 -0.167361 
1436 -1.327632 0.141205 
1459 -1.071990 -0.217805 
993 -1.331670 -0.178992 
991 -1.329828 -0.239490 
2175 -1.092084 -0.482018 
2173 -0.968255 -0.539553 
317 -1.239795 -0.641201 
1053 -1.272832 -0.348261 
1356 -1.264302 -0.664037 
1402 -1.269714 -0.227406 
181 -1.288002 -0.288110 
474 -1.292932 -0.531845 
476 -1.227822 -0.566361 
1047 -1.028628 -0.483422 
308 -1.111770 -0.512271 
278 -1.284009 -0.194521 
775 -0.930392 -0.347665 
2532 -1.141873 -0.446926 
423 -0.956112 -0.168641 
421 -1.128773 -0.627177 
2351 -1.021295 -0.288744 
2350 -1.167993 -0.416375 
1374 -1.270033 -0.350735 
1106 -1.217053 -0.736600 
1958 -1.316310 -0.184298 
1359 -1.246292 -0.663043 
1137 -1.263765 -0.453756 
1105 -1.245462 -0.730274 
1986 -0.946970 -0.276980 
880 -1.390556 -0.158185 
789 -1.098596 -0.516419 
788 -1.261038 -0.529611 
840 -1.293019 -0.469585 
1545 -1.344629 -0.145770 
1349 -1.180219 -1.109195 
1968 -1.411431 -0.087154 
320 -1.332094 0.001789 
889 -1.227551 -0.488983 
1303 -1.056287 -0.112728 
1304 -1.369650 0.071875 
428 -1.250354 -0.090380 
396 -1.145373 -0.300381 
2411 -1.212601 -0.615680 
92 -1.216671 -0.577287 
1852 -1.193628 -0.163652 
1442 -1.102978 -0.434225 
2088 -1.505140 0.289530 
137 -1.315215 -0.263234 
143 -1.053100 -0.167716 
139 -1.338754 0.056898 
938 -1.307510 0.005135 
2069 -1.402159 0.195792 
1548 -1.182149 0.033008 
2244 -1.084274 -0.540393 
749 -1.230487 -0.561566 
2024 -1.206891 -0.559705 
1382 -1.239754 -0.656012 
1590 -1.224764 -0.774560 
1589 -1.301500 -0.339008 
967 -1.217841 -0.617992 
974 -1.185315 -0.891685 
1461 -1.171608 -0.518191 
1615 -1.330361 -0.327905 
1747 -1.186476 -0.891991 
1734 -1.188354 -0.848729 
695 -1.135360 -0.542444 
177 -1.139791 -0.472238 
134 -1.261248 -0.580652 
469 -1.187167 -0.833581 
1542 -1.363522 -0.191223 
2531 -1.379203 -0.019573 
2375 -1.267406 -0.325457 
604 -1.141767 -0.280423 
571 -0.932613 -0.301616 
1192 -1.248343 -0.022782 
1190 -0.833056 -0.055833 
113 -0.956474 -0.335493 
112 -0.941502 -0.461296 
1989 -1.008658 -0.026100 
2018 -0.885291 -0.414787 
1472 -1.195930 -0.275163 
1495 -1.285870 -0.193677 
1928 -1.285092 -0.295768 
1929 -1.297024 -0.352169 
669 -1.260182 -0.659279 
968 -1.224337 -0.893386 
898 -1.318230 -0.172217 
1301 -0.773845 -0.072246 
1127 -1.214901 -0.703352 
2093 -1.167704 -0.199936 
59 -1.242889 -0.229072 
153 -1.140019 -0.836301 
2180 -1.134130 -0.583668 
2154 -1.298667 -0.325372 
941 -1.493254 0.310318 
1277 -1.218040 -0.800783 
75 -1.298790 -0.447213 
13 -1.214002 -0.521134 
1882 -1.277944 -0.695827 
1880 -1.291336 -0.516049 
1471 -1.326610 -0.178360 
1853 -1.032804 -0.230125 
1398 -1.233891 -0.499180 
1399 -1.167900 -0.540881 
845 -1.321496 -0.260258 
2638 -1.264472 0.008913 
2116 -1.061554 -0.355446 
169 -1.160677 -0.814547 
168 -1.212045 -0.575827 
623 -1.275045 -0.432690 
1212 -1.426745 0.231362 
1167 -1.070981 -0.324805 
1351 -1.254299 -0.751684 
1916 -1.335451 -0.171718 
2287 -0.938015 -0.503358 
1045 -0.865788 -0.422870 
1037 -1.194543 -0.516531 
1804 -1.211884 -0.508642 
895 -1.122654 -0.459257 
892 -0.786087 -0.489386 
2519 -1.185716 -0.045713 
1939 -1.345913 -0.143004 
1052 -1.182721 -1.211541 
2367 -1.317105 -0.168847 
2295 -0.926239 -0.290676 
1502 -1.273908 -0.447234 
1600 -1.310701 -0.255659 
1644 -1.276268 -0.630194 
1645 -1.179195 -1.026221 
580 -1.209775 -0.535934 
964 -1.292282 -0.524954 
2464 -1.228991 -1.006511 
1618 -1.330858 -0.394849 
1432 -1.343216 0.077164 
34 -1.335132 -0.224462 
2319 -1.144917 -1.026263 
1512 -0.943663 -0.672457 
1713 -1.340551 -0.196892 
1452 -1.240917 -0.388498 
1607 -1.331877 -0.685134 
2268 -1.362007 -0.206651 
192 -1.362623 0.102407 
188 -1.312571 -0.025051 
1348 -1.200877 -1.029042 
2431 -1.183677 -0.714327 
1469 -1.439547 0.082854 
2443 -1.301110 -0.227755 
2436 -1.215367 -0.531408 
2535 -1.087290 -0.438345 
2586 -0.964122 -0.074280 
539 -1.032690 -0.365993 
2231 -1.304992 -0.389054 
2364 -1.445861 0.033908 
1386 -1.359949 -0.314701 
1240 -1.415487 -0.176037 
1829 -1.270257 -0.646472 
365 -1.233700 -0.755835 
364 -1.181086 -0.935241 
1623 -1.511712 0.408163 
1634 -1.206536 -0.966334 
585 -1.291282 -0.233612 
355 -1.315713 -0.397075 
687 -1.292529 -0.603157 
676 -1.178018 -0.867148 
340 -1.067925 -0.210712 
339 -1.093758 -0.272247 
568 -1.161634 -0.535947 
566 -0.856079 -0.379745 
1659 -1.124051 -1.436902 
1470 -1.193696 -0.618409 
1732 -1.259203 -0.252581 
1450 -1.205682 -0.460382 
2503 -1.022455 -0.525282 
2522 -1.134705 -0.307363 
2582 -1.125441 -0.498119 
1115 -1.242472 -0.523044 
2162 -1.100008 -0.217245 
1197 -1.219016 -0.184102 
390 -1.438809 0.287360 
2349 -1.208272 -0.360951 
1180 -1.134486 -0.405046 
1200 -1.296191 -0.223899 
1178 -1.345192 -0.110393 
94 -1.305501 -0.277977 
420 -1.253662 -0.397999 
1821 -1.187430 -0.823618 
183 -1.351597 -0.316380 
133 -1.320001 -0.224387 
2428 -1.037468 -0.566489 
1770 -1.367669 -0.185877 
2321 -1.195342 -0.734186 
2272 -0.830506 -0.236356 
230 -1.450968 -0.107069 
224 -1.545737 0.103137 
766 -1.049859 0.011613 
487 -1.127387 -0.850423 
531 -1.057983 -0.692997 
607 -1.058777 -0.248062 
1142 -1.216694 -0.433581 
1969 -1.483146 0.256349 
2147 -1.590279 0.536864 
76 -1.272958 -0.143875 
2282 -1.411658 0.196836 
812 -1.464165 0.008120 
202 -1.387007 -0.161910 
443 -1.119465 -0.504873 
425 -1.149711 -0.451256 
1571 -1.373420 -0.254477 
1389 -1.339764 -0.243613 
1004 -1.108513 -0.449725 
1171 -1.039202 -0.406659 
1225 -1.297729 -0.462120 
362 -1.264627 -0.561304 
843 -1.353370 -0.263875 
1966 -1.287033 -0.368919 
1972 -1.441889 -0.077884 
1987 -1.126027 -0.002286 
1963 -1.306755 -0.191298 
1094 -1.041808 -0.397692 
1136 -1.222500 -0.698643 
2502 -1.266066 -0.292918 
2499 -1.144295 -0.251913 
633 -0.999171 -0.503786 
626 -1.271325 -0.566701 
1719 -1.147489 -0.473758 
2169 -1.369480 -0.110330 
915 -1.337113 -0.245015 
928 -1.130921 -0.276137 
1427 -1.387982 0.051297 
2090 -0.973198 -0.440051 
2089 -1.524122 0.296094 
2457 -1.299173 -0.359410 
1834 -1.261342 -0.460516 
251 -1.279558 -0.116989 
2084 -1.292272 0.109843 
2087 -1.468201 0.143167 
856 -1.323601 -0.096348 
854 -1.235416 -0.346909 
2597 -1.096606 -0.496487 
1288 -1.156038 -0.353762 
2222 -1.003417 -0.341235 
2221 -1.324054 -0.230317 
1899 -1.173531 -0.071029 
1271 -1.252129 -0.463330 
1262 -1.130252 -0.492169 
1235 -1.290721 0.064657 
485 -1.165125 -0.876097 
2004 -1.122453 -0.529672 
2412 -1.333383 -0.059583 
970 -1.135830 -0.241111 
1279 -1.261049 -0.455185 
1522 -1.254298 -0.171100 
315 -1.095620 -0.345729 
814 -1.433268 -0.144972 
464 -1.216330 -0.834636 
1980 -1.329524 -0.248982 
1961 -1.353438 -0.120730 
1866 -1.148524 -0.136467 
2393 -1.345131 0.057172 
15 -1.057450 -0.501262 
33 -1.253720 -0.545494 
1703 -0.999555 -0.055470 
1701 -1.138971 -0.431781 
2501 -1.217522 -0.428652 
2492 -1.101188 -0.498658 
164 -1.155243 -0.511989 
502 -1.233049 -0.731720 
1317 -1.040955 -0.449192 
681 -1.131327 -0.966115 
2345 -1.188491 -0.149934 
2344 -1.091047 -0.437455 
977 -1.219483 -0.680002 
1003 -1.174946 -0.536987 
2580 -1.208696 -0.486123 
2067 -1.384685 0.067453 
1211 -1.334559 0.013103 
1210 -1.111887 0.024566 
2430 -1.187052 -0.642131 
2219 -1.285115 -0.223613 
803 -1.203093 -0.684218 
2305 -1.219460 -0.177789 
733 -1.296390 -0.268846 
1070 -1.277405 -0.346067 
258 -1.238517 -0.526042 
319 -1.261350 -0.609716 
1870 -0.992867 -0.479131 
2599 -0.991774 0.015508 
264 -0.888386 -0.481341 
249 -1.213530 -0.480080 
467 -1.239581 -0.598030 
2127 -1.305854 -0.416140 
1588 -1.349679 -0.097575 
1485 -1.112239 -1.578972 
1635 -1.243216 -0.533737 
916 -1.157918 -0.694783 
1937 -1.263029 -0.325203 
773 -1.369615 -0.104333 
245 -0.960460 -0.288331 
237 -1.200807 -0.735884 
1081 -1.198286 -0.472304 
2587 -0.866921 -0.262606 
1465 -1.259830 -0.095486 
1460 -1.148287 -0.323299 
1144 -1.291238 -0.288495 
1141 -1.356272 -0.106923 
2476 -1.225831 -0.607235 
2467 -1.302374 -0.278770 
1655 -1.202678 -0.601747 
2104 -1.408028 0.086655 
122 -1.470410 0.294394 
119 -0.973907 0.002067 
1219 -1.500551 0.246820 
194 -1.314905 -0.125610 
2516 -1.231732 -0.484717 
2042 -1.309037 -0.201633 
2112 -1.385003 -0.069333 
2114 -1.452750 0.198488 
1051 -1.194632 -0.946937 
368 -1.211802 -0.782670 
2515 -1.135590 -0.237427 
343 -1.265057 -0.349202 
2365 -1.264934 -0.445659 
2037 -1.327500 0.099764 
2033 -1.172607 -0.404178 
482 -1.116353 -0.481387 
2139 -1.354760 -0.212001 
2301 -1.333600 0.158065 
2299 -1.213880 -0.440042 
1143 -1.201606 -0.647916 
1651 -1.153027 -0.832555 
934 -1.334586 0.037966 
935 -1.414196 -0.019503 
1731 -1.251960 -0.342149 
2487 -0.864323 -0.351571 
2521 -1.313482 -0.219639 
2520 -1.329262 -0.096018 
338 -1.074946 -0.539332 
334 -1.161331 -0.260126 
2279 -1.213431 -0.766190 
1528 -1.177099 -1.067953 
287 -1.139581 -0.122646 
283 -0.875758 -0.308837 
158 -1.269293 -0.295958 
1128 -1.280822 -0.641708 
126 -1.150098 -0.216374 
128 -1.190060 -0.088453 
1073 -1.313397 -0.428292 
2407 -1.315566 -0.378509 
584 -1.198262 -0.711757 
2228 -1.287880 -0.292081 
597 -1.264271 -0.442354 
1028 -1.255810 -0.734267 
2396 -1.358619 -0.152622 
2019 -1.090407 -0.564202 
1780 -1.245986 -0.252390 
1653 -1.294099 -0.449618 
1299 -1.221152 -0.261959 
1741 -1.204339 -0.956594 
608 -1.087500 -0.169774 
332 -1.195385 -0.095676 
662 -1.384526 -0.148807 
1788 -1.171117 -0.066507 
1791 -1.177480 -0.375448 
689 -1.364424 -0.378945 
1516 -1.190177 -0.558323 
1524 -1.408164 0.109025 
1898 -1.281232 -0.169719 
2334 -1.090961 -0.515948 
1631 -1.261506 -0.288484 
1481 -1.084707 -0.689833 
1451 -1.214249 -0.331250 
142 -1.118676 -0.141884 
1071 -1.228150 -0.697175 
294 -1.094071 -0.642387 
2166 -1.439482 0.202253 
1767 -1.349685 -0.189317 
459 -1.259963 -0.431583 
821 -1.387491 -0.003623 
513 -1.107234 -0.466722 
350 -1.273214 -0.492178 
399 -1.194566 -0.600565 
433 -1.270639 -0.212227 
1970 -1.431075 0.058150 
2041 -1.336031 -0.101569 
1605 -1.391407 -0.320724 
1611 -1.451763 -0.065699 
713 -1.051442 -0.411596 
311 -1.148461 -0.408146 
1344 -1.412021 -0.222661 
1323 -0.826974 -0.169783 
510 -1.375905 -0.168915 
511 -1.254918 -0.355134 
1035 -1.368269 -0.296416 
1332 -1.341732 -0.148791 
887 -1.199804 -1.051297 
89 -1.476276 0.211781 
1738 -1.333022 -0.282389 
657 -1.220374 -0.773975 
1832 -1.263745 -0.596289 
1464 -1.232590 -0.112134 
2120 -1.005434 -0.380324 
660 -1.280556 -0.472515 
567 -0.490464 -0.040727 
572 -1.188851 -0.645080 
2192 -1.027267 -0.433517 
2613 -1.092478 -0.259173 
1637 -1.267360 -0.792859 
1884 -1.206566 -0.939819 
1511 -1.221924 -0.590409 
88 -1.386052 -0.142464 
236 -1.199246 -0.675263 
1337 -1.344163 -0.236316 
178 -1.195783 -0.157127 
479 -1.167627 -0.064737 
561 -1.162949 -0.365668 
1029 -1.223361 -0.689524 
1486 -1.237822 -0.889968 
807 -1.186951 -1.040599 
129 -1.378335 -0.125067 
1534 -1.137847 -0.090590 
2247 -1.249219 -0.567116 
1660 -1.138400 -0.869976 
2631 -1.237803 -0.312746 
481 -1.258058 -0.498273 
2245 -1.307927 -0.184922 
38 -1.296355 -0.469172 
1387 -1.272528 -0.671058 
624 -1.092692 -0.365139 
573 -1.178703 -0.663144 
1517 -1.212280 -0.237229 
2065 -1.327462 0.177597 
2061 -1.078962 -0.339417 
2394 -1.405831 -0.030426 
2288 -1.081233 -0.497620 
32 -0.919561 -0.487633 
1941 -1.261308 -0.044465 
1687 -0.936424 -0.452060 
883 -1.233579 -0.385352 
734 -1.312169 -0.276251 
705 -1.358622 -0.145714 
1430 -1.280381 0.087933 
1345 -1.277993 -0.878183 
298 -1.058236 -0.400121 
301 -1.227955 -0.723249 
780 -1.005087 -0.512769 
1945 -1.005244 -0.259017 
947 -1.197835 -0.554616 
952 -1.274633 -0.062040 
986 -1.271632 -0.296337 
990 -1.181970 -0.516002 
436 -0.935100 -0.375651 
2052 -0.945036 -0.163499 
2040 -1.345608 -0.033279 
2059 -0.990632 -0.415912 
12 -1.109106 -0.212597 
2098 -1.222176 -0.252575 
445 -1.250965 -0.168492 
1330 -1.269316 -0.267883 
1476 -1.425787 -0.017927 
2441 -1.140999 -0.424330 
2016 -0.979481 -0.578204 
1978 -1.123330 -0.364572 
2424 -1.164321 -1.212530 
1339 -1.246052 -0.862014 
1231 -1.308610 -0.321877 
1278 -1.197356 -0.920941 
1276 -1.245005 -0.711706 
299 -1.176657 -0.765260 
794 -1.256306 -0.356644 
1428 -1.385364 0.120862 
1203 -1.166598 -0.143797 
2242 -1.152503 -0.163814 
1751 -1.167139 -0.572166 
1779 -1.275601 0.094052 
1338 -1.271350 -0.780547 
1334 -1.198924 -0.382524 
2099 -1.271708 -0.174832 
1245 -1.389757 -0.103026 
505 -1.057899 -0.392682 
498 -1.237989 0.008219 
2124 -1.277174 -0.198210 
326 -1.297366 -0.298684 
417 -1.156126 -0.697228 
478 -1.088014 -0.015573 
351 -1.326256 -0.488215 
599 -1.170316 -0.638240 
2060 -0.967048 -0.433851 
1259 -1.268025 -0.391797 
1426 -1.209363 -0.438416 
2353 -1.305565 -0.184347 
2382 -1.343297 -0.096406 
2333 -1.307195 -0.081977 
2372 -1.229451 -0.133820 
2179 -1.127445 -0.689306 
1058 -1.107464 -0.444515 
774 -1.073596 -0.168234 
1697 -1.045366 -0.710260 
1708 -0.902071 -0.530021 
2092 -1.284441 -0.089587 
132 -1.356174 -0.178791 
1598 -1.480446 0.206252 
1544 -1.336836 -0.208316 
1851 -0.915184 -0.081452 
1447 -1.331908 0.075238 
1594 -1.272378 -0.743249 
484 -1.226736 -0.837990 
831 -1.345576 -0.279437 
835 -1.350573 -0.160442 
2518 -1.056400 -0.374373 
1310 -1.186858 -0.136824 
1312 -0.792944 0.022278 
141 -1.327353 -0.118277 
35 -1.286931 -0.142710 
1505 -1.194261 -0.585556 
957 -1.354834 -0.177174 
2238 -1.387290 -0.005965 
9 -1.160335 -0.125570 
808 -1.197159 -0.867113 
2144 -1.352140 -0.224443 
1186 -1.388547 0.061863 
100 -0.858311 -0.283368 
270 -1.287776 -0.352753 
832 -1.365708 -0.139611 
706 -0.770909 -0.303352 
1016 -1.344483 -0.129354 
182 -1.406156 -0.152599 
156 -1.361087 0.095218 
2011 -0.924457 -0.332215 
154 -1.280473 -0.336968 
1018 -1.395054 0.007931 
1048 -1.063699 -0.513938 
209 -1.203481 -0.629566 
2085 -1.354006 0.111991 
1803 -1.156741 -0.230755 
1079 -1.282591 -0.449845 
1643 -1.227242 -0.848315 
2456 -1.298462 -0.188143 
877 -1.281775 -0.266328 
876 -1.159730 -0.156878 
1538 -1.088922 -0.271374 
172 -1.235259 -0.433796 
1720 -0.963669 -0.526901 
985 -1.339824 -0.267860 
834 -1.402254 -0.094196 
73 -1.154149 -0.684564 
2545 -0.884816 -0.397571 
2547 -1.155887 -0.201198 
1169 -1.224035 -0.172974 
690 -1.318940 -0.561776 
965 -1.262673 -0.588301 
1135 -1.247664 -0.232715 
725 -1.332921 -0.512783 
1617 -1.442691 -0.019547 
984 -1.295838 -0.575504 
2297 -1.162980 -0.627489 
2131 -1.226408 -0.769468 
675 -1.178113 -0.794419 
495 -1.248516 -0.457922 
274 -1.265163 -0.271845 
95 -1.270192 -0.455427 
268 -1.253977 -0.714248 
565 -1.143327 -0.278554 
792 -1.030680 -0.040162 
768 -1.129391 -0.557988 
53 -1.027931 -0.219417 
52 -1.044402 -0.307557 
1753 -1.307996 -0.253559 
1354 -1.321098 -0.459060 
1196 -1.171705 -0.517323 
1766 -1.114478 -0.597045 
679 -1.130510 -1.417121 
1406 -1.145172 -0.682644 
1246 -1.367695 -0.156137 
1244 -1.317008 -0.162063 
871 -1.307067 0.082028 
1942 -0.982378 -0.432402 
903 -1.317533 -0.225713 
588 -1.197947 -0.786787 
494 -1.071698 -0.369034 
329 -1.294658 -0.537253 
1622 -1.458765 0.290589 
1151 -1.279856 0.043250 
600 -0.415671 0.083133 
2121 -1.268385 -0.032703 
328 -1.184743 -1.120622 
1639 -1.184349 -1.122492 
1298 -1.143581 -0.548680 
865 -1.010693 -0.486877 
1674 -1.228251 -0.325840 
526 -1.172533 -0.651055 
1640 -1.097525 -1.881034 
2426 -1.218010 -0.896851 
2544 -1.094426 -0.118365 
2530 -1.244470 -0.030010 
944 -1.304151 -0.346868 
2495 -1.282890 -0.005251 
1742 -1.394523 -0.161977 
694 -1.530115 0.249748 
1341 -1.402392 -0.140200 
1724 -1.150634 -0.139145 
1722 -1.171112 -0.157225 
1397 -1.214788 -0.555337 
1394 -1.165496 -0.836328 
1291 -1.221927 -0.537477 
2126 -1.366677 -0.090092 
1191 -1.042116 -0.365450 
1220 -1.395407 0.186452 
631 -1.237559 -0.302210 
190 -1.343818 0.215009 
1824 -1.295596 -0.242218 
1280 -1.146837 -0.911060 
2290 -1.177417 -0.581442 
135 -1.347016 -0.191670 
136 -1.259416 -0.665174 
2226 -1.337943 -0.195650 
731 -1.582110 0.320045 
716 -1.302179 -0.258518 
1795 -1.330195 -0.166161 
2020 -0.886076 -0.524119 
80 -1.213825 -0.588943 
882 -1.251631 -0.279149 
148 -0.966358 -0.404557 
402 -1.175374 -0.499620 
1579 -0.952627 -0.316625 
1580 -1.143268 -0.109018 
2304 -1.189020 -0.348469 
2302 -1.170419 -0.606811 
933 -1.447221 0.232717 
983 -1.251797 -0.743104 
2149 -1.411062 0.208043 
2148 -1.485663 0.308332 
2368 -1.312612 -0.139174 
1236 -1.184400 -0.224369 
1250 -1.460718 0.268456 
1868 -1.009188 -0.508333 
243 -1.199602 -0.111133 
359 -1.245250 -0.270103 
313 -1.360595 0.041302 
1234 -1.340959 -0.139150 
1638 -1.247782 -0.725074 
349 -1.294648 -0.522465 
345 -1.322437 -0.028161 
817 -1.427195 -0.245014 
2458 -1.283531 -0.486843 
742 -1.033339 -0.572280 
2289 -1.286679 -0.564329 
2160 -1.051248 -0.489052 
1134 -1.257972 -0.455263 
2128 -1.317702 -0.419329 
922 -0.729827 -0.169566 
2397 -1.319160 -0.157296 
2399 -1.205362 -0.191458 
948 -1.341059 -0.345814 
1363 -1.224257 -0.336380 
1358 -1.343629 -0.052315 
1005 -1.282402 -0.261176 
62 -1.214303 -0.360374 
1194 -1.311303 -0.010683 
680 -1.120934 -1.517237 
594 -1.207247 -0.305656 
596 -1.197866 -0.403251 
1074 -1.368314 -0.194354 
1762 -1.292194 -0.514240 
2259 -1.132216 -1.149405 
1223 -1.433284 0.150200 
943 -1.472836 0.252962 
490 -1.175681 -0.480586 
493 -0.968848 -0.394004 
598 -1.395059 -0.031448 
1027 -1.210683 -0.867603 
2450 -1.313003 -0.156271 
2303 -1.108704 -0.245504 
465 -1.307093 -0.369776 
415 -1.174897 -0.737086 
1458 -1.104516 -0.317471 
2363 -1.501959 0.188381 
1214 -1.232601 0.032354 
932 -1.205358 -0.430614 
603 -1.197954 -0.125888 
593 -1.356476 0.018323 
480 -1.264387 -0.252257 
1418 -1.304366 -0.081992 
793 -1.159717 -0.224707 
2592 -1.045613 -0.389558 
2444 -1.374363 -0.044248 
1628 -1.279397 -0.353185 
987 -0.947970 -0.085204 
2102 -1.563268 0.400782 
879 -1.532012 0.249977 
728 -1.488209 0.280816 
901 -1.400850 -0.079206 
902 -1.298191 -0.047800 
559 -1.255662 -0.164867 
554 -1.232674 -0.131726 
989 -1.335511 -0.244620 
2101 -1.176301 -0.008260 
2416 -0.891251 -0.444428 
1814 -1.258900 -0.259070 
727 -1.358517 -0.185753 
2074 -1.232227 -0.114835 
157 -1.188537 -0.558081 
2593 -0.979946 -0.273101 
2182 -1.314371 -0.365213 
1610 -1.398134 -0.200918 
2577 -1.023521 -0.599381 
1971 -1.420537 0.132870 
2523 -0.807746 -0.366745 
2550 -1.279885 -0.148998 
1562 -1.381973 -0.179584 
337 -1.168264 -0.587426 
931 -1.348033 0.093292 
2641 -1.086648 -0.404401 
2198 -1.226142 -0.220485 
138 -1.300133 -0.343326 
167 -1.282681 -0.387649 
1716 -1.252565 -0.376377 
1808 -1.346889 0.074561 
1818 -1.290864 -0.348220 
2078 -1.244681 -0.438466 
1202 -1.179708 -0.098022 
886 -1.324049 -0.276380 
1289 -1.014394 -0.026743 
1417 -1.145359 -0.269679 
1439 -1.220151 -0.353846 
1846 -1.286814 -0.367527 
2298 -1.105206 -0.538666 
503 -1.227351 -0.491239 
1926 -1.348652 -0.231110 
769 -1.198346 -0.615799 
760 -1.184919 -0.644631 
1912 -1.153174 -0.169686 
1931 -1.404760 0.137427 
1412 -1.152506 -0.063521 
1414 -1.155556 -0.318027 
1677 -1.193386 -0.148401 
1678 -1.192718 -0.585765 
366 -1.246044 -0.630423 
874 -1.088183 -0.283249 
868 -1.078633 -0.235408 
121 -1.552973 0.534221 
1523 -1.291313 0.039444 
2542 -0.970346 -0.364118 
1982 -1.360070 -0.163413 
2559 -1.015838 -0.082473 
638 -1.194191 -0.551713 
636 -1.108592 -0.304933 
2517 -1.222791 -0.273917 
2555 -1.027041 -0.327467 
1265 -1.423637 -0.022785 
2270 -1.199159 -0.578998 
2276 -1.306349 -0.369854 
501 -1.318297 -0.353376 
504 -1.028684 -0.266248 
1591 -1.260733 -0.580454 
377 -1.245163 -0.870548 
724 -1.331858 -0.327101 
1165 -1.404221 -0.173269 
1654 -1.197869 -0.756642 
668 -1.147321 -1.275949 
1462 -1.187439 -0.389829 
860 -1.008751 -0.451996 
861 -1.204161 -0.408383 
497 -1.196706 -0.440720 
1841 -1.510813 0.199835 
2494 -1.342216 -0.175768 
1381 -1.311216 -0.252560 
997 -1.320154 -0.209864 
1620 -1.190999 -0.261108 
1138 -1.340047 -0.161924 
2406 -1.350223 -0.252671 
976 -1.159835 -1.037652 
956 -0.956096 -0.369145 
1797 -1.218893 -0.465731 
1827 -1.235018 -0.484892 
884 -1.272596 -0.078430 
341 -1.226977 -0.414342 
2068 -1.497310 0.272743 
2083 -1.410263 0.182652 
1806 -1.147232 -0.415898 
2086 -1.089440 -0.106352 
357 -1.166448 -0.497655 
646 -1.205351 -0.705129 
1251 -1.087231 -0.077459 
2536 -1.267300 -0.110018 
2619 -1.273392 -0.156206 
1501 -1.276811 -0.223963 
1498 -1.082716 -0.653974 
2066 -1.359845 -0.024154 
22 -1.185982 -0.061354 
2051 -1.039028 -0.135390 
2145 -1.418849 0.033367 
1781 -0.956382 -0.413126 
518 -1.192795 -0.461275 
936 -1.343194 -0.068124 
2057 -1.383876 0.068269 
1839 -1.639642 0.466355 
1935 -1.238872 -0.589734 
899 -1.331152 -0.186828 
1315 -1.376000 -0.233211 
1290 -1.189284 -0.382659 
1665 -1.331129 -0.056670 
1723 -0.996619 -0.370112 
2225 -1.277033 -0.358223 
1761 -1.252303 -0.630422 
1614 -1.382891 -0.243149 
1606 -1.431294 -0.183545 
1705 -0.908522 -0.347712 
1706 -1.124346 -0.396858 
2574 -1.061894 -0.376026 
2575 -1.229880 -0.343718 
2324 -1.101558 -0.218134 
2323 -1.028912 -0.540850 
1895 -1.221528 -0.554835 
745 -1.186551 -0.233126 
787 -1.094739 -0.223502 
1327 -1.213672 -0.967249 
2560 -1.128687 -0.175065 
2561 -1.004668 -0.451659 
234 -1.284433 -0.461346 
552 -1.166451 -0.031800 
2246 -1.167606 -0.214004 
1241 -1.338565 -0.434184 
625 -1.044844 -0.496153 
570 -0.995433 -0.079689 
827 -1.240280 -0.468231 
405 -1.143746 -0.300837 
408 -1.114293 -0.704114 
1800 -1.136514 -0.249373 
1543 -1.558983 0.219024 
2581 -1.201085 -0.172624 
528 -1.156523 -0.207170 
2080 -1.267931 -0.355629 
1261 -1.375274 -0.230582 
67 -1.055846 -0.083042 
71 -1.191654 -0.494893 
1727 -1.117104 -0.438623 
1865 -1.240248 -0.111343 
1864 -1.242857 -0.041451 
2081 -1.221921 -0.554262 
1313 -1.164290 -0.299491 
1101 -1.185498 -0.455437 
39 -1.294473 -0.402219 
589 -1.125233 -0.177464 
550 -1.256355 -0.099796 
606 -0.727367 -0.290352 
152 -1.237794 -0.481368 
872 -1.152493 -0.554237 
819 -1.345284 -0.519831 
2610 -1.186939 -0.269979 
261 -1.200507 -0.100444 
426 -1.233642 -0.136759 
429 -1.165097 -0.456168 
1975 -1.235744 -0.321740 
1921 -1.256949 -0.201740 
691 -1.352551 -0.298553 
1737 -1.305309 -0.264501 
276 -0.776745 -0.159861 
252 -1.102659 -0.307607 
1857 -1.206586 -0.270796 
1357 -1.208379 -0.315197 
1260 -1.203270 -0.478584 
1019 -1.324093 -0.240133 
1599 -1.476794 0.221048 
379 -1.340488 -0.410744 
372 -1.367268 0.012308 
161 -1.267057 -0.258679 
185 -1.161700 -0.332472 
253 -0.995361 -0.378447 
275 -1.247314 -0.238866 
1155 -1.285672 -0.380011 
1156 -1.315015 -0.079624 
2163 -1.408099 0.101734 
686 -0.971583 -0.532233 
673 -1.216735 -0.847960 
247 -1.107067 -0.206061 
309 -0.736043 -0.170744 
1520 -1.278602 0.001444 
413 -1.234862 -0.499039 
451 -0.924623 -0.104716 
1936 -1.404646 -0.083346 
229 -1.307383 -0.453163 
231 -1.646915 0.467148 
1264 -1.351491 -0.279288 
1224 -1.514738 0.133671 
1820 -1.333545 -0.111431 
1730 -1.123720 -0.102127 
1729 -1.053282 -0.005580 
797 -1.270306 -0.280985 
2278 -1.363799 -0.077021 
2260 -1.177204 -0.903708 
1881 -1.438048 0.076178 
710 -1.247346 -0.079900 
1632 -1.206386 -0.633860 
427 -1.164627 -0.461352 
440 -1.182445 -0.092065 
63 -1.251518 -0.310251 
2054 -1.151079 -0.277403 
2096 -1.296372 -0.002493 
978 -1.145972 -0.176026 
1974 -1.455468 0.053374 
1778 -1.024940 -0.098640 
2200 -1.193478 -0.249689 
701 -1.045683 -0.247989 
2071 -1.200264 -0.379407 
2578 -1.226392 -0.282791 
1773 -1.447019 0.080345 
1771 -1.437721 0.068619 
227 -1.275507 -0.681148 
322 -1.173105 -0.487147 
336 -1.170625 -0.061324 
1725 -1.170287 -0.047888 
2634 -1.054861 -0.535468 
2558 -0.954048 -0.338591 
881 -1.515693 0.278956 
1812 -1.295523 -0.426630 
1897 -1.355906 -0.041394 
2130 -1.333994 -0.127058 
1282 -1.144489 -0.194848 
1283 -0.872842 -0.366779 
627 -1.116889 -0.555735 
1673 -1.333855 0.076253 
1670 -1.076186 -0.394958 
517 -1.257536 -0.599026 
1891 -1.310729 -0.409088 
2119 -1.392694 0.032869 
1433 -1.069701 -0.418217 
2034 -1.293506 -0.006948 
839 -1.283898 -0.433847 
360 -1.235942 -0.520828 
40 -1.251792 -0.230329 
78 -1.173364 -0.678451 
2427 -1.299228 -0.389030 
1532 -1.197203 -0.206530 
2017 -1.058326 -0.535079 
1535 -1.191870 -0.680930 
1624 -1.711498 0.817700 
1633 -1.181378 -0.869656 
830 -1.231737 -0.635887 
740 -1.322037 -0.128320 
2384 -1.225147 -0.275472 
583 -1.273191 -0.549563 
1688 -1.181757 0.038157 
1122 -1.257438 -0.640103 
1874 -1.165377 -0.502531 
2072 -1.039435 -0.334941 
37 -1.330654 -0.075429 
2337 -1.084570 -0.284211 
732 -1.287274 -0.686866 
84 -1.176728 -0.589735 
2110 -1.372590 0.018411 
1488 -1.230182 -0.452807 
1487 -1.024814 -0.758263 
1529 -1.363518 -0.176294 
1509 -1.163967 -0.588575 
1513 -0.892007 -0.263700 
2543 -1.095890 -0.077455 
1586 -0.959507 -0.498716 
163 -1.285079 -0.418479 
1443 -1.174500 0.011843 
2500 -1.095832 -0.503404 
1749 -1.329984 -0.133071 
2312 -1.138626 -0.828781 
2315 -1.135095 -0.749845 
640 -1.225616 -0.565529 
906 -0.948960 -0.266422 
2541 -1.059741 -0.461348 
2600 -0.930381 -0.241920 
1546 -1.137460 -0.341533 
848 -0.600283 -0.260669 
1999 -1.019444 -0.445041 
2001 -0.958242 -0.488667 
2111 -1.254941 -0.411677 
2647 -1.201849 -0.268083 
2230 -1.320217 -0.348717 
940 -1.279719 -0.169413 
2262 -1.216529 -0.571206 
1126 -1.210402 -0.475637 
1089 -1.169004 -0.400138 
2150 -1.260467 -0.339404 
2153 -0.993089 -0.250840 
2210 -1.111253 -0.380257 
829 -1.302995 -0.175596 
111 -1.192927 -0.017640 
1378 -1.259953 -0.137848 
581 -1.242578 -0.514863 
664 -1.156569 -1.080383 
1815 -1.103410 -0.442930 
1833 -0.609836 0.011477 
2257 -1.125773 -1.185848 
717 -1.325922 -0.178283 
72 -1.250139 -0.671553 
1489 -1.251660 -0.179255 
1847 -1.235989 -0.533316 
1557 -1.206660 -0.169920 
1188 -1.379380 0.239319 
1475 -1.326022 -0.292028 
1760 -1.264877 -0.255088 
2281 -1.327554 -0.169876 
678 -1.116868 -1.611364 
1819 -1.241449 -0.449063 
1421 -1.477754 0.251948 
1371 -1.174442 -0.211407 
2497 -1.156428 -0.472674 
955 -1.166597 0.013155 
1273 -1.194260 -0.445272 
1275 -1.177521 -0.873163 
1034 -1.271586 -0.499936 
1592 -1.352003 -0.241370 
109 -1.181656 -0.277650 
2189 -1.145081 -0.434058 
2186 -1.042606 -0.040991 
2165 -1.519197 0.447373 
1902 -1.093813 -0.294199 
846 -1.201479 -0.732848 
1924 -1.166131 -0.285921 
1979 -1.368452 -0.251640 
2155 -1.361981 -0.057108 
2557 -1.228899 -0.038552 
909 -0.851205 -0.028638 
1030 -1.314853 -0.386730 
290 -1.322226 -0.350184 
630 -1.188478 -0.301349 
629 -0.927811 -0.320056 
2459 -0.864772 -0.134887 
1221 -1.017985 -0.161037 
486 -1.150489 -0.727679 
1118 -1.302595 -0.203346 
1574 -1.306394 -0.318217 
2630 -1.261755 -0.285291 
1383 -1.423634 -0.082461 
920 -1.166355 -0.489560 
1392 -1.260018 -0.469536 
648 -1.162103 -0.554539 
621 -1.252326 -0.157892 
852 -0.856422 -0.391166 
875 -0.927277 -0.404492 
1816 -1.184989 -0.256176 
784 -1.047764 -0.338499 
763 -1.221112 -0.325920 
2178 -1.170169 -0.764934 
1302 -1.094962 -0.457686 
2318 -1.132267 -1.376551 
1314 -1.332997 -0.184914 
1063 -1.161033 -0.431135 
2488 -1.137228 -0.429843 
2109 -1.214481 -0.484516 
1573 -1.197961 -0.692191 
1340 -1.253612 -0.789779 
2022 -1.109006 -0.152918 
289 -1.365147 -0.036652 
2317 -1.139318 -1.116706 
193 -1.233588 -0.416944 
982 -1.211066 -0.131001 
988 -1.275017 -0.211101 
1033 -1.005266 -0.387483 
130 -1.299165 -0.117525 
1403 -1.294288 -0.372370 
2122 -1.165137 -0.533214 
1248 -1.421915 0.267215 
2151 -1.489767 0.183801 
1796 -1.008021 -0.312344 
1158 -1.165652 -0.022844 
1182 -1.176204 -0.383551 
201 -1.122454 -0.341037 
1324 -1.257918 -0.770365 
2256 -1.263271 -0.351071 
2286 -1.344206 0.013425 
1686 -1.314533 -0.140284 
654 -1.189388 -0.265404 
652 -0.440003 0.116413 
2137 -0.957678 -0.473757 
534 -0.940189 -0.589483 
1463 -0.961463 -0.175259 
206 -0.770784 -0.530870 
204 -1.218014 -0.428615 
1059 -0.865132 -0.156043 
682 -1.260121 -0.406424 
1388 -1.229840 -0.691780 
43 -1.184350 -0.436626 
2082 -1.234713 -0.130393 
77 -1.276610 -0.394519 
367 -1.184270 -1.075204 
2208 -1.022539 -0.178941 
2207 -1.031731 -0.545237 
674 -1.173422 -1.124250 
1817 -1.316262 -0.173854 
1601 -1.490654 0.126769 
2463 -1.250074 -0.555835 
1823 -1.289709 -0.364776 
220 -1.152277 -0.780678 
910 -1.158162 -0.167773 
1316 -1.203006 -0.111278 
1025 -1.207684 -0.547689 
2392 -1.256802 -0.061088 
1748 -1.316361 -0.451089 
1656 -1.201474 -0.630472 
114 -1.050594 -0.492941 
176 -1.223105 -0.285630 
1365 -1.116880 -0.049485 
1375 -1.141335 -0.271343 
786 -1.227371 -0.079726 
1636 -1.169199 -1.298437 
2328 -0.896557 -0.415012 
1056 -1.108788 -0.471442 
771 -1.198428 -0.779049 
346 -1.004029 -0.440182 
6 -0.982000 -0.263744 
1166 -1.373741 0.039540 
1238 -1.344356 -0.188166 
658 -1.229442 -0.660029 
2440 -1.203178 -0.106353 
1925 -1.339449 -0.306727 
1560 -1.358063 -0.303667 
1565 -1.106412 -0.236696 
1108 -1.243300 -0.541018 
1377 -1.055793 -0.165640 
2435 -0.952084 -0.307324 
1484 -1.155479 -1.290964 
602 -1.338985 -0.104227 
1889 -1.217101 -0.170908 
670 -1.229063 -0.845731 
1129 -1.541463 0.252519 
1998 -1.018863 -0.175813 
2021 -0.782443 -0.156939 
2371 -1.315992 -0.222809 
1306 -1.221520 -0.373351 
1733 -1.114413 -0.929786 
866 -1.250439 -0.216005 
1718 -1.011867 -0.655415 
1596 -1.222646 -0.889565 
51 -1.053732 -0.418516 
1913 -1.197223 -0.364895 
1964 -1.299644 -0.398286 
672 -1.201113 -0.911438 
1116 -1.283642 -0.527782 
61 -1.182730 -0.465581 
87 -1.238900 -0.063623 
777 -1.183249 -0.552663 
2255 -1.179772 -0.411372 
1355 -1.203219 -0.949868 
2007 -1.086552 -0.433120 
223 -1.479722 -0.077980 
2496 -1.049865 -0.193415 
524 -1.197211 -0.516324 
522 -1.241534 -0.412399 
1346 -1.206926 -1.003644 
945 -1.211689 -0.502080 
1627 -1.450362 0.297160 
1754 -1.198289 -0.571365 
1103 -1.209324 -0.815872 
228 -1.469477 0.011983 
1840 -1.224764 -0.617429 
927 -0.983937 -0.374475 
430 -1.269253 -0.363991 
226 -1.507610 0.094985 
216 -1.302054 -0.272131 
1526 -1.190119 -0.937657 
74 -1.209598 -0.797645 
352 -1.292748 -0.396265 
2452 -1.325552 -0.184228 
2176 -1.203290 -0.345717 
410 -1.200305 -0.601956 
1582 -1.166066 -0.635481 
2493 -1.426424 0.087145 
579 -1.068445 -0.305186 
642 -1.152545 -0.494545 
1625 -1.565817 0.552170 
1385 -1.364220 -0.368808 
19 -1.040659 -0.137828 
1583 -1.193210 -0.423768 
1124 -1.243833 -0.640706 
384 -1.132090 -0.203006 
560 -0.990844 -0.412736 
555 -1.045638 -0.346440 
577 -1.068156 -0.148881 
1960 -1.312780 -0.333869 
1728 -0.889734 -0.031684 
770 -1.393566 -0.077949 
2646 -1.168582 -0.082414 
1813 -1.286504 -0.240590 
2379 -1.303506 -0.147235 
411 -1.161530 -0.329299 
1318 -1.264821 -0.511576 
1031 -0.586069 -0.342838 
1879 -1.250162 -0.690160 
961 -1.222896 -0.834248 
1477 -1.232599 -0.714706 
1597 -1.512516 0.183583 
2615 -1.166393 -0.120071 
1215 -1.388088 -0.188790 
2461 -1.279573 -0.472150 
2311 -1.162957 -0.499603 
1370 -1.214981 -0.319646 
1237 -1.419735 0.245645 
1239 -1.355298 -0.113015 
1164 -1.410073 0.024289 
2322 -1.263831 -0.165471 
1467 -1.402936 0.009865 
1514 -0.968387 -0.481301 
398 -1.179324 -0.312701 
2062 -0.846694 -0.075047 
949 -1.451804 0.163390 
1413 -1.330226 -0.041298 
914 -1.121513 -0.462594 
1393 -1.277862 -0.322822 
1752 -1.243589 -0.012851 
2404 -1.401742 -0.008500 
2373 -1.115253 -0.490915 
1976 -1.075935 -0.459921 
1201 -1.413807 0.027658 
1189 -1.356381 -0.048228 
1098 -1.387818 -0.053255 
962 -1.112471 -1.302471 
1395 -1.241922 -0.369036 
802 -1.250808 -0.375757 
256 -1.169209 -0.576037 
535 -1.098330 -0.581482 
1496 -1.210998 -0.410822 
303 -1.219873 -0.511836 
305 -1.214462 -0.292972 
855 -1.283129 -0.262103 
996 -1.265571 -0.452250 
1226 -1.416280 -0.025252 
2562 -1.210430 -0.227839 
2240 -1.084175 -0.298556 
1694 -1.230794 -0.316022 
1690 -1.249715 -0.414439 
921 -1.221325 -0.361955 
1830 -1.160670 -0.880118 
815 -1.274132 -0.968913 
344 -1.382426 -0.049664 
2616 -1.141145 -0.071820 
2609 -1.041403 -0.273312 
826 -1.480772 0.085903 
828 -1.351360 0.016733 
801 -1.222221 -0.108089 
752 -1.025207 -0.246604 
248 -1.311258 0.111487 
1335 -1.230702 -0.438267 
292 -1.158597 -0.544514 
363 -1.269861 -0.376608 
1647 -1.220493 -0.559050 
1991 -1.218904 -0.112685 
406 -1.282038 -0.183131 
1810 -1.060583 -0.439529 
1872 -1.179070 -0.623270 
804 -1.170728 -0.829549 
1049 -1.212719 -0.729956 
1086 -1.252594 -0.663372 
1530 -1.343002 -0.096592 
1508 -1.048915 -0.769159 
1114 -1.101029 -0.257330 
2341 -1.205373 -0.551415 
2360 -1.193062 -0.028255 
2133 -1.266844 -0.054480 
2118 -1.417334 0.075666 
2023 -1.192228 -0.467583 
939 -1.438130 0.131784 
637 -1.167553 -0.487870 
614 -1.183804 0.053186 
2156 -1.382213 0.117237 
1499 -1.234452 -0.423571 
463 -1.333010 -0.288274 
1887 -1.290119 -0.380733 
634 -1.231936 -0.463638 
1232 -1.306660 -0.203745 
1293 -1.046475 -0.444393 
1533 -1.117881 -0.401115 
2474 -1.164531 -0.917742 
1120 -1.253552 -0.510501 
1641 -1.118467 -1.900895 
564 -1.029471 -0.462131 
68 -1.058483 -0.368036 
1558 -1.193620 -0.602265 
806 -1.186954 -0.868085 
1794 -1.233250 -0.331002 
1407 -1.230184 -0.245002 
666 -1.162035 -1.304229 
2473 -1.241323 -0.433980 
60 -1.270067 -0.335009 
378 -1.582966 0.448734 
437 -1.075865 -0.355510 
1746 -1.205248 -0.760746 
700 -1.036516 -0.446319 
1704 -1.045099 -0.324085 
1695 -1.155286 -0.470117 
2354 -1.160311 -0.538445 
225 -1.387194 -0.434653 
2002 -1.068165 -0.390776 
1552 -1.058306 -0.252233 
2307 -1.129611 -0.657723 
2491 -1.096813 -0.544387 
1072 -1.258363 -0.467561 
1347 -1.322812 -0.416017 
2106 -1.321964 -0.332029 
1940 -1.182184 -0.100189 
195 -1.127558 -0.369440 
477 -1.279052 -0.342675 
1885 -1.129641 -0.232106 
1890 -1.305247 -0.438864 
1479 -1.247356 -0.788102 
255 -1.026117 -0.576479 
1146 -1.216118 -0.543483 
2339 -1.102179 -0.762407 
2336 -1.227433 -0.276035 
1493 -1.187732 -0.904208 
776 -1.214702 -0.254325 
186 -1.210561 -0.571517 
969 -1.276609 -0.490702 
1492 -1.227437 -0.600044 
1491 -1.134028 -0.607032 
460 -1.084088 -0.538418 
400 -1.223577 -0.156896 
959 -1.150045 -0.306167 
958 -0.997079 -0.591882 
491 -0.931895 -0.638431 
735 -1.273265 -0.181859 
2539 -1.225653 -0.179229 
2533 -0.599856 -0.139505 
1604 -1.489081 0.027435 
659 -1.223458 -0.895388 
472 -1.210910 -0.179895 
1111 -1.264931 -0.408303 
1099 -1.209021 -0.124962 
2009 -1.047128 -0.490756 
2229 -1.324341 -0.336768 
611 -1.005585 -0.025987 
90 -1.420590 0.035559 
203 -1.309312 -0.254927 
2048 -0.946987 -0.157610 
2366 -1.288069 -0.337556 
1878 -1.322176 -0.470374 
2261 -1.157372 -1.197515 
2343 -1.188535 -0.592735 
2415 -0.872924 -0.281622 
2417 -0.900526 -0.031861 
2125 -1.290469 -0.415281 
2097 -1.403030 0.187542 
2403 -1.256825 -0.309948 
2418 -0.846746 -0.173074 
1113 -1.337598 -0.098834 
2537 -1.176073 -0.586266 
718 -1.242620 -0.220256 
147 -0.989574 -0.479629 
1013 -0.993575 -0.009398 
1682 -1.214053 -0.094448 
1835 -1.397456 -0.127201 
2267 -1.279093 -0.425691 
1888 -1.311859 -0.142727 
1962 -1.245501 -0.720817 
1148 -1.366443 -0.158193 
1473 -1.169233 -0.410033 
1569 -1.265611 -0.473466 
2540 -1.130061 -0.282137 
1790 -1.095203 -0.212139 
1825 -1.307474 -0.158086 
1809 -1.018621 -0.168062 
2269 -1.343236 -0.077814 
2309 -1.016163 -0.407305 
174 -1.113235 -0.799829 
159 -1.222649 -0.411873 
1065 -1.100654 -0.433933 
1161 -1.175808 -0.304411 
2470 -1.099428 -0.191885 
2237 -1.268575 0.054801 
2438 -1.274562 -0.106390 
1133 -1.217986 -0.911548 
1036 -1.131560 -0.610178 
509 -1.197174 -0.896886 
683 -0.758168 -0.232803 
2361 -1.357608 0.162100 
2588 -1.012088 -0.461015 
291 -1.320879 -0.306503 
259 -1.246548 -0.136015 
358 -1.277173 -0.520177 
458 -1.019070 -0.467430 
870 -1.239989 -0.182568 
232 -1.364208 -0.376363 
1556 -1.118415 -0.315494 
1076 -1.185591 -0.267238 
1568 -1.179879 -0.563779 
1861 -0.948336 -0.403658 
1466 -1.253736 -0.300229 
2236 -0.828073 -0.009952 
1372 -1.155127 -0.295142 
1892 -1.261661 -0.157110 
2346 -0.709397 -0.419545 
1616 -1.374753 -0.295300 
1227 -1.328815 -0.251863 
1218 -1.405599 0.089241 
1553 -0.975920 -0.216763 
1837 -1.488644 0.230481 
595 -1.327582 -0.139741 
356 -1.251140 -0.476030 
2263 -1.294775 -0.466693 
836 -1.207912 -0.992085 
2579 -1.138578 -0.643052 
1150 -1.447167 0.072860 
1988 -0.878374 -0.214857 
610 -0.865423 -0.207542 
656 -1.216222 -0.517670 
2454 -1.198686 -0.251282 
2466 -1.214822 -1.017749 
160 -0.975792 -0.374923 
105 -1.256267 0.073493 
1391 -1.220979 -0.610685 
2108 -1.285943 -0.530017 
1750 -1.004647 -0.406845 
2206 -0.785073 -0.462993 
1629 -1.127447 -0.485742 
1055 -1.178097 -0.352785 
10 -1.152906 -0.200163 
2168 -1.430365 0.187605 
799 -1.269569 -0.141398 
798 -1.245453 -0.334400 
489 -1.144811 -0.336889 
17 -0.947136 -0.150817 
82 -1.075385 -0.427002 
2569 -1.014082 -0.404942 
1768 -1.239819 -0.441776 
2628 -0.984322 -0.384623 
302 -1.238483 -0.444767 
107 -1.341921 -0.144968 
1092 -1.057832 -0.295148 
2608 -1.226848 -0.377416 
1078 -1.189523 -0.090851 
1077 -1.279329 -0.177477 
645 -1.261400 -0.540390 
2602 -0.366076 -0.152672 
1258 -1.282172 -0.230942 
1205 -0.979809 -0.405211 
2465 -1.228392 -0.920423 
2314 -1.135089 -1.052256 
2296 -1.143252 -0.055073 
897 -1.333868 -0.300267 
1222 -1.166796 -0.187630 
1698 -1.115492 -0.662903 
1423 -1.244337 -0.082047 
1176 -1.193473 -0.417631 
265 -0.876035 -0.249073 
2585 -1.200034 -0.388212 
2425 -1.148498 -1.441719 
2448 -1.403124 0.237465 
1789 -1.349147 -0.082867 
1449 -1.249026 -0.300066 
2478 -1.172621 -0.346843 
1110 -1.030167 -0.391225 
286 -0.854749 -0.415586 
453 -1.058190 -0.087494 
1307 -1.091680 -0.194571 
677 -1.229769 -0.839890 
335 -1.224745 -0.038396 
1230 -1.042800 -0.275201 
1336 -1.138542 -0.469547 
1297 -1.007289 -0.307545 
1247 -1.334892 -0.104404 
215 -1.403623 -0.200665 
2462 -1.231116 -0.572683 
864 -1.078577 -0.456227 
212 -1.174564 -0.584719 
149 -0.923577 -0.364415 
2566 -1.055467 -0.096720 
146 -1.248367 -0.064741 
1319 -1.316187 0.106300 
409 -1.047777 -0.343743 
1075 -1.211994 -0.180805 
1080 -1.234362 -0.446191 
544 -1.110482 -0.047633 
50 -1.106320 -0.144382 
1350 -1.243977 -0.744868 
1309 -1.017385 -0.000651 
2254 -1.178311 -0.595436 
1379 -1.354256 -0.266871 
389 -1.191319 -0.510523 
1919 -1.188429 -0.101672 
2014 -0.748165 -0.430931 
2013 -0.898044 -0.551968 
446 -1.332079 0.060843 
1193 -1.324367 -0.056409 
530 -1.177001 -0.167216 
2340 -1.042289 -0.648419 
2326 -1.261219 -0.345102 
1494 -1.244668 -0.463494 
963 -1.125364 -1.010514 
422 -0.975747 -0.466517 
2199 -1.257527 -0.136482 
2548 -1.122487 -0.429111 
1296 -1.115108 -0.360880 
1012 -1.239935 -0.723027 
293 -0.992069 -0.510252 
574 -1.201299 -0.430574 
1850 -1.295836 -0.030351 
155 -1.434043 0.046141 
208 -1.279121 -0.273261 
179 -1.074231 -0.616485 
1233 -1.463563 0.205687 
904 -1.332571 -0.082730 
1515 -1.170312 -0.286572 
1807 -1.243048 -0.205497 
2388 -1.240940 -0.013396 
1139 -1.317111 -0.257924 
1140 -1.366880 -0.042888 
117 -0.999261 -0.541609 
118 -1.044432 -0.239104 
641 -1.257129 -0.211959 
1483 -1.113875 -1.560376 
2095 -1.019108 -0.427187 
1213 -0.976100 -0.212668 
1255 -1.217365 -0.237420 
2073 -1.285615 -0.094412 
719 -1.294440 -0.171159 
45 -1.034995 -0.350278 
2451 -1.230930 -0.116579 
1198 -1.179065 -0.505821 
2079 -1.097209 -0.489462 
900 -1.386640 -0.035936 
1380 -1.261283 -0.594131 
1097 -1.115343 -0.092455 
1162 -1.271003 -0.323321 
1563 -1.232932 -0.473962 
1067 -1.045432 -0.370522 
1612 -1.248778 -0.484445 
2316 -1.116265 -1.179264 
2064 -1.436274 0.190716 
1149 -1.262374 -0.440039 
578 -0.998854 -0.416895 
1090 -1.205482 -0.601885 
1554 -1.177978 -0.304397 
1368 -1.117278 -0.443361 
1856 -1.241273 -0.419728 
2006 -0.877009 -0.196541 
2152 -1.382747 -0.089784 
1249 -1.510211 0.337469 
1676 -1.156935 -0.243856 
1828 -1.166447 -0.727383 
1920 -1.067387 -0.371813 
2359 -1.201143 -0.096512 
125 -1.019952 -0.119788 
533 -1.149151 -0.447396 
1585 -1.304727 -0.227189 
1873 -1.053111 -0.691034 
714 -0.860134 -0.243846 
2115 -1.131280 -0.680870 
18 -1.030672 -0.465146 
296 -1.083941 -0.599402 
370 -1.300521 -0.495082 
1938 -1.254724 -0.415120 
2205 -1.238336 -0.148024 
1064 -1.122495 -0.103429 
1015 -1.220888 -0.372038 
661 -0.500683 -0.246555 
1826 -1.365409 -0.180226 
473 -1.163626 -0.170277 
2386 -1.095038 -0.674949 
2573 -1.278141 -0.326224 
235 -1.351920 -0.164376 
1967 -1.372849 -0.233106 
2258 -1.126021 -0.619282 
726 -1.492247 0.066996 
1243 -1.266951 -0.397917 
1561 -1.403681 -0.156969 
1434 -1.275176 -0.073754 
2527 -1.116541 -0.512222 
448 -1.334344 -0.203689 
1429 -1.258899 -0.117765 
2220 -0.902852 -0.329514 
551 -1.233631 -0.493368 
1366 -1.214828 -0.524846 
1369 -1.125750 -0.508885 
1726 -1.170038 -0.132422 
971 -1.228029 -0.302450 
966 -1.233621 -0.594605 
2218 -1.173814 -0.309474 
2142 -1.340895 -0.145614 
2358 -1.099081 -0.078029 
1575 -1.182770 -0.447419 
2216 -1.006175 -0.196593 
553 -0.942344 -0.492708 
1721 -1.101923 -0.467233 
1717 -1.214592 -0.516397 
1454 -1.364749 0.062774 
1435 -1.252920 -0.103239 
2385 -1.088874 -0.681713 
2308 -1.179465 -0.317330 
538 -0.960026 -0.584984 
2012 -0.932833 -0.424793 
1445 -1.294798 0.034895 
323 -1.226587 -0.172655 
2194 -0.779510 -0.229561 
1587 -1.259523 0.002323 
1061 -1.004603 -0.580792 
348 -1.133925 -0.019174 
2094 -1.126571 -0.441197 
1404 -1.290087 -0.288472 
1326 -1.120804 -1.425190 
1669 -1.297695 -0.173537 
144 -1.003243 -0.360578 
2635 -0.970932 -0.627494 
663 -1.230379 -0.592706 
1863 -1.078625 -0.407527 
2620 -1.046454 -0.318430 
2567 -0.971305 -0.100045 
2576 -1.019640 -0.540413 
321 -1.162616 -0.257403 
165 -1.395913 0.134882 
1281 -1.301542 -0.299965 
1613 -1.356040 -0.530646 
532 -1.148939 -0.517571 
816 -1.352387 -0.428758 
1956 -1.148872 -0.337896 
108 -1.284886 -0.300930 
1160 -1.050212 -0.267754 
1776 -0.958330 -0.253957 
2049 -0.968310 -0.283432 
285 -1.111041 -0.590636 
1860 -1.135193 -0.475604 
1537 -1.170863 -0.429808 
1959 -1.519303 0.392765 
1179 -1.296690 -0.355737 
1917 -1.285450 -0.000778 
613 -1.070079 -0.569919 
171 -1.169490 -0.444043 
31 -1.079891 -0.409319 
2217 -1.108684 -0.127202 
795 -1.213597 -0.014327 
457 -1.052541 -0.376381 
462 -1.252729 -0.271579 
1361 -1.209505 -0.510151 
2294 -0.994378 -0.347381 
1352 -1.140382 -0.745716 
1295 -0.887245 -0.406435 
1292 -1.263698 -0.173653 
2622 -1.258407 -0.125852 
2439 -1.061802 -0.434976 
1570 -1.332940 -0.346705 
1984 -1.207988 -0.546124 
507 -1.274514 -0.456525 
2132 -1.447889 0.147394 
975 -1.160918 -0.761989 
946 -1.194261 -0.755993 
272 -1.173899 -0.582728 
1652 -1.175303 -0.790939 
284 -0.935235 -0.324985 
782 -1.186926 -0.496018 
2266 -1.206243 -0.698155 
1692 -1.321941 -0.025588 
2177 -1.164178 -0.335006 
2611 -0.914080 -0.150697 
1199 -1.419454 0.137129 
1997 -0.938667 -0.147878 
1566 -1.019613 -0.200513 
980 -1.096616 -0.397137 
1121 -1.141468 -0.374599 
1500 -1.082649 -0.333278 
1440 -1.068203 -0.215751 
1559 -1.313651 -0.218642 
2055 -1.411788 0.084856 
758 -1.106181 -0.211780 
1877 -1.258141 -0.460865 
2355 -0.994404 -0.376785 
2058 -1.166769 -0.271851 
1300 -1.139998 -0.328337 
2414 -1.156788 -0.376591 
857 -1.043502 -0.515884 
3 -0.767023 -0.298301 
271 -1.266034 -0.447620 
1848 -0.886744 -0.511730 
2498 -1.001475 -0.525279 
1602 -1.330993 -0.431250 
267 -1.283495 -0.470152 
324 -1.287737 -0.475382 
810 -1.181224 -0.935225 
2623 -1.172563 -0.504494 
197 -0.489363 0.097933 
150 -0.974911 -0.219605 
307 -1.100311 -0.698602 
397 -1.185359 -0.304009 
1438 -1.206356 -0.017976 
2639 -1.295591 -0.053266 
21 -1.130004 -0.438356 
2077 -1.067087 -0.402301 
310 -1.226179 -0.421407 
2091 -1.105143 -0.504715 
747 -1.126513 -0.316327 
91 -1.257606 -0.389244 
20 -1.252316 -0.293572 
2563 -1.207634 -0.018011 
447 -1.361141 -0.051914 
279 -1.077899 -0.446715 
953 -1.147336 -0.184499 
196 -1.199594 -0.124339 
1801 -1.130000 -0.283984 
635 -1.179101 -0.119796 
266 -1.105453 -0.526524 
347 -0.998712 -0.356543 
2190 -1.065535 -0.197044 
218 -1.213197 -0.829952 
1744 -1.178260 -0.851252 
102 -0.925508 -0.202796 
2432 -1.275260 -0.072790 
5 -1.207238 -0.155218 
1709 -1.139369 -0.111746 
1424 -0.780216 -0.289587 
393 -1.053024 -0.251052 
391 -1.007212 -0.057327 
506 -1.203849 -0.604912 
858 -0.934538 -0.020800 
2528 -1.339560 0.120578 
2181 -1.085431 -0.600626 
217 -1.341531 -0.202940 
470 -1.268725 -0.528852 
2292 -1.090661 -0.432331 
1772 -1.477548 0.140823 
737 -1.068282 0.010086 
1095 -1.245095 -0.332488 
994 -1.247829 -0.749846 
1521 -1.008565 -0.172415 
2446 -1.127884 -0.237291 
1431 -0.930523 -0.442198 
1177 -1.377451 -0.017253 
1992 -0.891614 -0.248496 
2347 -1.001114 -0.321371 
937 -1.304805 -0.137738 
2471 -1.046140 -0.368247 
2472 -1.119986 -0.239977 
1577 -1.126370 -0.223572 
2356 -1.015005 -0.242575 
2607 -1.138094 -0.295058 
926 -0.874874 -0.113343 
166 -1.411649 -0.022197 
1145 -1.320747 -0.366864 
878 -1.437123 -0.086603 
1416 -1.258425 -0.045884 
2170 -1.200504 -0.569211 
537 -1.324526 -0.077536 
785 -1.067335 -0.323132 
1130 -1.323126 -0.114819 
2605 -0.889736 -0.071508 
1287 -1.041843 -0.237157 
1320 -1.386862 -0.147437 
1311 -1.294685 -0.072282 
1478 -1.228296 -0.760729 
96 -1.107749 -0.068698 
354 -1.181998 -0.985195 
2423 -1.325018 -0.485400 
1123 -0.990019 -0.249529 
2056 -1.249527 -0.256669 
1595 -1.399128 0.038855 
2589 -1.063780 -0.148232 
2043 -1.040029 -0.233372 
1950 -1.202101 -0.624907 
2223 -1.202221 -0.350759 
2227 -1.167454 -0.864574 
620 -1.177218 -0.495860 
1943 -1.004684 -0.342308 
647 -1.175368 -0.675325 
973 -1.193033 -0.609482 
2277 -1.361140 -0.089316 
1918 -1.220085 -0.301340 
1838 -1.307072 -0.484788 
1626 -1.721265 0.835184 
250 -1.202628 -0.500011 
2209 -1.046046 -0.227395 
263 -1.219073 -0.368430 
649 -1.257741 -0.322195 
180 -1.351830 0.004909 
1405 -1.181221 -0.634733 
1229 -1.227621 -0.556735 
2529 -1.119568 -0.024273 
644 -1.222693 -0.395042 
1024 -1.198741 -0.570392 
1321 -1.423771 0.217586 
1901 -0.901686 -0.469063 
1446 -1.272816 0.000331 
1054 -0.846772 -0.425633 
1184 -1.259853 -0.286894 
1091 -1.002388 -0.432473 
2232 -0.967666 -0.399400 
2633 -1.186765 -0.279373 
431 -1.349529 0.004932 
2327 -1.037104 -0.564481 
233 -1.591975 0.351757 
257 -1.312681 -0.191695 
651 -0.910596 -0.519596 
862 -1.266169 -0.253141 
888 -1.211492 -0.800276 
1876 -1.332412 -0.152554 
2253 -0.897359 -0.339634 
2338 -1.122656 -0.410925 
520 -1.090744 -0.058988 
385 -0.913913 -0.257103 
376 -1.285281 -0.500013 
1933 -1.113655 -0.210344 
2618 -1.371914 0.105846 
1384 -1.287604 -0.430558 
2285 -1.250925 -0.047644 
655 -1.157230 -0.885505 
2174 -1.165329 -0.094088 
1333 -1.247957 -0.536709 
1983 -1.188713 -0.793532 
30 -1.116704 -0.312096 
2039 -1.170928 -0.132364 
1593 -1.408858 -0.126348 
2380 -0.891764 -0.122946 
297 -1.005601 -0.492542 
2640 -1.159982 -0.253246 
2275 -1.353926 -0.009121 
2249 -1.090045 -0.510045 
2300 -1.178740 -0.536854 
591 -0.968236 -0.117301 
1308 -1.349077 -0.010362 
908 -1.090703 -0.393806 
2455 -1.133189 -0.180181 
1272 -1.289453 -0.355124 
2100 -1.316106 0.039504 
924 -1.005041 -0.380962 
2479 -1.309009 -0.135041 
894 -1.239808 0.103593 
492 -1.057219 -0.241432 
1693 -1.268059 -0.213345 
1112 -0.812938 -0.433587 
536 -1.161150 -0.219574 
2070 -1.041761 -0.346924 
461 -1.057147 -0.707453 
1572 -1.246356 -0.518904 
1758 -0.966384 -0.179830 
2556 -1.194916 -0.207222 
950 -1.222665 -0.321671 
809 -1.167987 -0.991473 
42 -1.223260 -0.195461 
2409 -1.302985 -0.235741 
325 -1.289300 -0.384132 
442 -0.999283 -0.255003 
2050 -0.932249 -0.337210 
1822 -1.130643 -0.428519 
2248 -1.256727 -0.283700 
1995 -1.016196 -0.519051 
2419 -0.895654 -0.249590 
2029 -0.667534 -0.129420 
2025 -1.193675 -0.557866 
2187 -0.887994 -0.537478 
419 -1.076416 -0.191321 
2105 -1.308106 -0.071676 
277 -1.249111 -0.269990 
692 -1.231653 -0.469171 
441 -0.895666 -0.455900 
434 -1.287427 -0.152647 
2283 -1.405987 0.131303 
1953 -1.143228 -0.560842 
1798 -0.962533 -0.271579 
586 -1.204726 -0.638748 
2614 -1.129943 -0.418820 
444 -1.054883 -0.040474 
2348 -0.855869 -0.061029 
1456 -1.089077 -0.470620 
767 -0.954966 -0.321415 
2449 -1.262878 -0.467447 
867 -1.035544 -0.327816 
2044 -0.892353 -0.438246 
104 -0.879035 -0.189329 
205 -0.967191 -0.574508 
833 -1.284049 -0.426380 
521 -1.149641 -0.481375 
1952 -1.283279 -0.194763 
2193 -0.847057 -0.410413 
757 -1.019108 -0.090415 
847 -1.259263 -0.253191 
375 -0.787468 -0.189867 
1046 -1.000330 -0.335095 
715 -1.220916 -0.309876 
703 -1.110208 -0.420770 
1699 -0.908293 -0.640145 
1444 -1.214821 -0.112703 
2015 -1.042109 -0.348577 
1621 -1.192222 -0.033020 
1619 -1.429102 0.232091 
818 -1.360376 -0.258891 
2332 -1.234652 0.015145 
515 -1.306600 0.080519 
282 -1.263966 -0.254155 
47 -0.899411 -0.183872 
1362 -1.098411 -0.640372 
2413 -1.296968 -0.107322 
1168 -1.004484 -0.417889 
753 -0.811203 -0.399411 
140 -1.173430 -0.270963 
254 -0.809008 -0.229054 
1666 -1.305976 -0.150519 
1922 -1.100804 -0.475989 
16 -1.207610 -0.544898 
1270 -1.115537 -0.368233 
1328 -1.338736 -0.399543 
979 -0.609456 -0.246593 
2213 -0.947192 -0.356848 
1700 -1.041065 -0.297172 
1696 -1.167202 -0.164973 
1735 -1.208007 -0.438350 
730 -1.254654 -0.841613 
11 -1.089172 -0.328281 
2591 -1.202643 -0.187526 
1088 -1.299516 -0.080411 
1739 -1.165571 -0.658766 
1506 -1.066347 -0.136965 
244 -0.943317 -0.542291 
1400 -1.180863 -0.610112 
300 -1.111126 -0.598065 
131 -1.097840 -0.263537 
1955 -1.301502 -0.186384 
2648 -1.084629 -0.447582 
2053 -1.240506 -0.095025 
499 -1.214879 -0.239053 
1875 -0.761032 -0.364539 
2264 -1.169333 -0.895369 
2274 -1.234180 -0.075851 
1050 -1.209962 -0.629263 
1373 -1.233184 -0.595249 
416 -1.316754 -0.169758 
2138 -1.360966 0.005701 
1342 -1.332983 -0.438647 
101 -0.961799 -0.205916 
2107 -1.254855 -0.453212 
2159 -1.193966 -0.425208 
2158 -1.127445 -0.445754 
2595 -1.126696 -0.031080 
2003 -1.239351 -0.354252 
1951 -1.259493 -0.214530 
210 -1.212589 -0.524136 
1274 -1.198466 -0.761777 
615 -1.040669 0.019435 
616 -1.194958 0.012341 
246 -1.059012 -0.520552 
1425 -1.030602 -0.293222 
628 -1.216594 -0.184891 
1854 -0.986302 -0.684843 
306 -1.129703 -0.225834 
280 -1.242679 -0.297743 
1415 -1.214311 -0.085289 
519 -1.215658 -0.118573 
516 -1.155143 -0.073236 
295 -1.079094 -0.448779 
2391 -1.090888 -0.374512 
811 -1.131580 -1.032068 
432 -1.423859 0.135118 
93 -1.261371 -0.219663 
2212 -1.164316 -0.583149 
1185 -1.204168 -0.393047 
1367 -1.158552 -0.297029 
2381 -1.075389 -0.264359 
1305 -1.288283 -0.355694 
1002 -1.231151 -0.143260 
1448 -1.288211 -0.126663 
1102 -1.279703 -0.306516 
2584 -1.139334 -0.407323 
859 -1.050635 -0.208053 
1564 -1.058066 -0.523463 
2325 -0.982562 -0.603835 
1364 -1.073394 -0.541211 
702 -1.118125 -0.115610 
2362 -1.241222 0.089462 
260 -1.113969 -0.073151 
2486 -0.251412 -0.163745 
2551 -1.174185 -0.011907 
2612 -1.240205 -0.025866 
342 -1.304364 -0.269332 
414 -1.244589 -0.820899 
2241 -1.144179 -0.280163 
2642 -1.322522 -0.200888 
1862 -1.053465 -0.373144 
665 -1.129654 -1.178629 
455 -1.151621 -0.076135 
764 -1.223842 -0.234476 
765 -0.991760 -0.516513 
1792 -1.297740 -0.454177 
529 -0.927237 -0.353115 
525 -1.244087 -0.382846 
1256 -0.987955 0.062806 
1996 -0.989629 -0.360989 
1170 -1.404858 0.004859 
729 -1.417796 0.063860 
2271 -0.886164 -0.218184 
211 -1.137251 -0.778569 
452 -1.203729 -0.422258 
456 -0.939710 -0.463654 
853 -1.220189 0.022509 
823 -1.327527 -0.315275 
2538 -0.849453 -0.102037 
1531 -1.358471 -0.038852 
1490 -1.203722 -0.161144 
2625 -0.957527 -0.154487 
1740 -1.309032 -0.241838 
1805 -1.197592 0.064052 
1420 -1.346215 0.110375 
184 -1.331177 -0.327017 
2027 -1.305604 -0.239454 
66 -1.047541 -0.008572 
175 -1.038433 -0.233724 
2280 -1.326596 -0.249967 
2250 -1.008835 -0.287730 
1710 -1.133060 -0.402370 
1468 -1.067208 -1.044530 
29 -1.110972 -0.262911 
562 -1.053225 -0.563523 
371 -1.410348 -0.141141 
998 -0.959962 -0.431318 
1204 -1.218280 -0.081939 
1793 -0.978815 -0.302409 
2481 -1.056520 -0.247646 
590 -0.962297 -0.430941 
960 -1.235339 -0.158529 
2553 -1.379939 -0.003627 
2117 -1.340513 -0.014973 
1422 -1.431708 0.281690 
756 -0.795527 -0.278737 
822 -1.355744 -0.267114 
1843 -1.418656 -0.048281 
639 -1.248507 -0.275399 
331 -1.237332 0.047254 
191 -1.175048 -0.162470 
582 -0.774338 -0.003930 
929 -0.824716 -0.523498 
2370 -1.103056 -0.136516 
387 -0.945527 -0.388410 
837 -1.260261 -0.516597 
2480 -1.247819 -0.467801 
893 -1.013956 -0.087239 
4 -1.174238 -0.064525 
1268 -1.231467 -0.167097 
2046 -0.936410 -0.023439 
1269 -1.269078 -0.120008 
1242 -1.417875 -0.120480 
556 -0.987415 -0.319568 
2433 -1.051398 -0.114256 
548 -1.193640 -0.121718 
1157 -0.786411 -0.248907 
106 -1.054746 -0.034197 
2410 -1.280624 -0.285247 
2211 -1.013341 -0.311097 
1360 -1.105715 -0.536030 
743 -1.044457 -0.466533 
48 -0.954858 -0.267663 
1093 -1.281269 -0.401395 
2167 -1.533449 0.434614 
2313 -1.172586 -0.619629 
2146 -1.479368 0.303112 
2113 -1.363707 -0.100516 
318 -1.251793 -0.717622 
592 -1.084654 -0.244055 
2383 -1.223526 -0.300853 
1867 -1.001610 -0.484994 
2183 -1.191472 -0.185224 
1117 -1.301157 -0.256469 
601 -0.958278 -0.251277 
2606 -1.164248 -0.588132 
1216 -1.295860 -0.178731 
1147 -1.373172 -0.179795 
99 -1.148247 -0.212934 
2243 -1.313805 -0.073653 
1664 -1.178940 -0.306798 
2621 -1.082709 -0.451819 
2594 -0.832245 -0.378678 
2571 -0.748697 -0.048108 
1671 -1.012743 -0.060082 
885 -1.193556 -0.254894 
2507 -0.288589 0.092156 
1023 -0.893758 -0.357076 
418 -1.286609 -0.421840 
1567 -1.143742 -0.593304 
617 -1.017376 -0.097986 
750 -1.210916 -0.170668 
609 -1.000323 -0.052186 
2624 -0.933816 -0.348390 
1990 -0.926337 -0.375812 
1457 -0.977586 -0.080199 
761 -1.296079 -0.303034 
2405 -1.487606 0.270146 
2252 -0.826994 -0.120533 
27 -1.074407 -0.088026 
783 -0.834218 -0.375061 
2552 -1.274181 -0.264669 
1068 -0.943267 -0.122050 
1855 -1.104116 -0.489380 
1527 -1.138508 -0.688903 
1736 -1.066063 -0.507325 
1914 -1.165032 -0.056342 
115 -1.046754 -0.120267 
1125 -1.354217 -0.125285 
1518 -1.185534 -0.352973 
622 -1.328438 0.023033 
1581 -0.914980 -0.269665 
1584 -1.133574 -0.678359 
954 -1.178283 -0.147850 
2045 -0.825856 -0.379235 
2447 -1.202061 -0.295293 
755 -1.246982 -0.277621 
403 -0.985324 -0.160061 
1401 -1.277408 0.073531 
813 -1.430443 -0.082542 
1549 -0.617686 -0.280555 
891 -1.007304 -0.059550 
488 -1.194140 -0.679818 
1896 -1.179764 -0.517184 
2306 -1.147457 -0.655314 
2103 -1.498241 0.238975 
913 -1.342956 0.004962 
1774 -1.481264 0.279822 
781 -1.039056 -0.195948 
2291 -1.055151 -0.367619 
2310 -1.028620 -0.361115 
395 -0.848736 -0.077732 
439 -0.715425 -0.490769 
772 -1.233285 -0.735839 
103 -1.141953 -0.125665 
712 -0.678194 -0.371483 
912 -1.176774 -0.242757 
527 -1.148896 -0.286914 
269 -1.198616 -0.716050 
762 -1.205565 -0.856620 
1707 -0.973794 -0.408960 
618 -0.921122 -0.494717 
116 -1.065567 -0.261029 
1603 -1.434202 -0.088780 
314 -1.181340 -0.146229 
2402 -1.130103 -0.464146 
2400 -1.226834 -0.010790 
1343 -1.478506 0.080495 
221 -1.259381 0.025110 
587 -1.150182 -0.497552 
744 -1.041045 -0.256967 
214 -0.979174 -0.541592 
242 -1.072073 -0.460626 
738 -1.120157 -0.238619 
2565 -1.253031 -0.399786 
1578 -1.231235 -0.250926 
2632 -1.102857 -0.262502 
2387 -1.260642 -0.026309 
1060 -1.234312 -0.212215 
911 -0.874041 -0.326754 
2564 -1.199080 -0.263315 
2293 -1.131911 -0.195163 
711 -0.624433 -0.116414 
1927 -1.140480 -0.295525 
2038 -1.309440 0.001563 
838 -1.268760 -0.360740 
1930 -1.181017 -0.537812 
2197 -1.189332 -0.216293 
2202 -1.028601 -0.408091 
693 -1.517786 0.209277 
1082 -1.094786 -0.532126 
721 -1.100077 -0.204864 
667 -1.140937 -1.659332 
547 -1.117228 -0.295323 
2469 -1.144457 0.009382 
207 -1.307607 -0.551006 
28 -1.114073 -0.375010 
392 -1.100786 -0.148111 
699 -1.226475 -0.361510 
2273 -0.804617 -0.460350 
1550 -1.253317 -0.423537 
449 -1.293396 -0.251815 
2572 -1.087007 -0.383927 
1893 -1.247276 -0.295297 
1396 -1.058754 -0.357136 
2047 -0.780819 0.101093 
1455 -1.264297 -0.055604 
1923 -0.996229 -0.563468 
723 -1.310878 -0.221800 
1006 -0.093480 -0.075797 
1555 -1.233457 0.000005 
2141 -1.121505 -0.408031 
2453 -1.188744 0.004799 
576 -0.947529 -0.430400 
1894 -1.222902 -0.280443 
2352 -1.088028 -0.442672 
2123 -1.313383 -0.199964 
483 -1.177914 -0.839446 
2342 -1.212488 -0.460519 
2214 -0.988035 -0.490482 
1084 -1.230537 -0.437498 
273 -1.295063 -0.149137 
2204 -0.945488 -0.426964 
2203 -1.083929 -0.537448 
238 -1.240062 -0.167817 
1954 -1.094307 -0.042884 
1507 -1.152177 -0.350582 
1903 -0.695680 -0.087708 
1252 -1.029138 -0.340292 
1254 -1.260513 0.119107 
545 -1.195912 -0.091733 
1253 -1.289828 0.147501 
1183 -1.090312 -0.446921 
2157 -1.193364 -0.309775 
327 -1.213858 -0.658622 
1775 -1.143429 -0.025432 
312 -1.073105 -0.362443 
404 -1.098813 -0.377304 
2251 -0.666767 0.094066 
2442 -1.184686 -0.205699 
1011 -0.460921 -0.274559 
26 -1.159217 -0.386321 
1787 -1.273744 -0.192100 
873 -1.144955 -0.111898 
2357 -1.096703 -0.248228 
124 -1.140556 -0.157609 
1844 -0.580432 -0.205519 
2526 -0.908739 -0.255506 
2524 -1.122673 -0.510706 
2239 -0.770702 -0.402034 
685 -0.852763 -0.018190 
2604 -0.404962 0.115667 
2188 -0.984873 -0.072042 
1181 -1.148899 -0.255341 
239 -1.035238 -0.480080 
890 -0.806323 -0.462901 
905 -1.208234 -0.516931 
1187 -1.280976 -0.154277 
754 -1.155228 -0.076979 
739 -1.026335 -0.455705 
369 -1.394279 -0.121377 
2028 -0.945772 -0.069219 
951 -1.344195 0.034340 
1257 -1.222406 -0.253418 
1228 -1.067968 -0.168798 
438 -1.347624 -0.067592 
407 -1.262249 -0.404517 
869 -1.113426 -0.000628 
1480 -1.166065 -0.564632 
1915 -0.994159 -0.446474 
2508 -0.243254 -0.053786 
512 -1.270110 -0.197824 
1994 -0.993892 -0.345588 
2224 -1.232713 -0.399379 
394 -1.117401 -0.354456 
1689 -1.043813 -0.306980 
558 -1.227685 -0.110515 
2490 -0.950725 -0.232854 
2164 -1.781328 0.894001 
69 -0.954803 -0.222459 
219 -1.190976 -0.077948 
523 -1.125408 -0.572466 
2161 -1.042101 -0.561354 
213 -1.165124 -0.519885 
2645 -1.362448 -0.015788 
1786 -1.102613 -0.496846 
8 -0.860217 -0.282258 
1757 -1.081324 -0.114684 
2215 -1.119944 -0.099619 
2191 -1.103470 -0.605738 
1322 -1.009725 -0.254913 
992 -1.267391 -0.314632 
612 -1.024769 0.088613 
98 -1.276891 -0.136597 
450 -1.224758 -0.383270 
2626 -0.370690 -0.121434 
2390 -1.204229 -0.425428 
241 -1.120223 -0.374095 
549 -1.201769 -0.128519 
1376 -1.108302 -0.095730 
741 -1.159999 -0.306966 
759 -1.093949 -0.373146 
1711 -0.953415 -0.339529 
2076 -1.046198 -0.205408 
746 -1.055073 -0.343063 
1482 -1.096632 -0.445952 
1294 -1.144835 -0.219309 
1869 -0.924384 -0.626156 
1022 -0.653596 0.044964 
563 -0.871940 -0.184381 
1993 -1.125387 -0.435888 
1765 -1.604885 0.441759 
907 -0.682273 -0.293831 
1691 -1.121163 -0.383600 
919 -1.060284 -0.479055 
918 -0.210424 -0.168900 
1668 -1.030635 -0.372665 
2265 -1.278646 -0.429743 
1675 -1.071372 -0.255320 
1756 -0.991914 -0.130106 
240 -1.058403 -0.124391 
65 -1.191095 -0.618452 
471 -0.989553 -0.272163 
1650 -1.086290 -0.531255 
1871 -1.020988 -0.384872 
923 -0.773539 -0.026419 
1949 -0.871992 -0.074831 
863 -1.141548 -0.341912 
1755 -1.097244 -0.606288 
14 -1.147511 -0.329650 
7 -0.646013 -0.097055 
569 -1.197908 -0.162855 
1630 -1.028510 -0.336830 
1174 -0.558248 -0.270972 
981 -0.814176 -0.081889 
1745 -1.171735 -0.499396 
643 -1.280195 -0.151936 
1944 -1.119066 -0.560652 
1100 -1.034047 -0.401003 
972 -0.813636 -0.387055 
2140 -0.968015 -0.368104 
1712 -1.054663 -0.156489 
2590 -1.110335 -0.342785 
2143 -1.226203 -0.276221 
1217 -0.952990 -0.191965 
2445 -1.389255 -0.023579 
64 -1.326592 0.029411 
1679 -0.135374 0.118396 
1957 -0.950193 -0.267153 
401 -1.211330 -0.497012 
1782 -0.467334 -0.359598 
1802 -1.133145 -0.580632 
79 -0.984318 -0.459796 
736 -1.098906 -0.303037 
46 -0.969544 -0.021855 
543 -1.056195 -0.624948 
1667 -0.857407 -0.001345 
557 -0.785451 -0.065195 
1207 -1.108027 -0.012873 
97 -0.904603 -0.506447 
778 -1.067434 -0.459547 
49 -0.992764 -0.251834 
424 -1.009294 -0.568623 
454 -0.916094 -0.240784 
1715 -1.184080 -0.439420 
2195 -1.035407 0.013651 
917 -0.825760 -0.371809 
2010 -1.072832 -0.056452 
2546 -0.843691 -0.369832 
24 -1.196377 -0.386710 
2196 -1.228304 -0.185934 
1510 -0.975132 -0.329061 
1474 -1.084941 -0.555476 
56 -0.932565 -0.044250 
41 -0.834915 -0.363500 
25 -0.861394 0.021903 
1973 -1.083428 -0.072697 
1009 -0.347262 0.016007 
55 -1.213159 -0.395482 
1066 -0.511168 -0.135403 
632 -1.224929 -0.118923 
1777 -0.798338 -0.143697 
2075 -0.950944 -0.038563 
709 -0.912854 -0.497496 
1437 -1.330012 0.027486 
1195 -0.916532 -0.324230 
1680 -0.184316 -0.112659 
2408 -1.149399 -0.394241 
170 -0.938692 -0.524327 
2000 -1.011409 -0.031255 
619 -0.868526 -0.032007 
1910 -0.080901 -0.100356 
751 -0.929167 -0.274589 
722 -0.901094 -0.232931 
1159 -0.959353 -0.229951 
1208 0.029277 -0.033524 
1408 -0.311198 0.024760 
707 -0.161690 -0.193873 
1672 -0.998920 -0.180824 
1849 -0.330752 -0.192128 
1799 -0.908214 -0.311858 
1681 -0.311339 -0.122514 
1038 -0.596028 -0.408268 
1685 -0.126489 -0.011618 
925 -0.721935 -0.085603 
2627 -0.269738 -0.041396 
1014 -0.117912 0.040023 
1172 0.169833 -0.143025 
653 -0.141307 -0.174367 
1010 0.041232 -0.061176 
1209 -0.182963 -0.213778 
