2408 2
505 1.364338 -1.105989 
509 0.038780 -1.240904 
1266 1.324167 -0.839743 
694 0.420869 -1.207123 
1482 1.395495 -0.954005 
1483 0.731539 -1.091882 
2148 -0.574620 -1.879327 
463 -0.813144 -2.024147 
1796 1.682069 -1.012654 
1798 0.712631 -1.091939 
1958 0.349903 -1.147058 
1037 0.242640 -1.306803 
1252 0.529593 -1.022864 
1250 -0.008714 -1.328482 
642 0.064733 -1.038627 
645 0.841202 -1.119854 
551 0.190586 -1.463007 
1917 -0.404690 -1.464513 
735 -0.338786 -1.755837 
736 -0.538290 -1.498243 
1626 0.107712 -1.502408 
1625 0.382330 -1.179513 
797 0.145833 -1.319213 
39 0.387153 -1.398900 
36 0.615772 -1.240526 
1051 0.382935 -1.309670 
713 0.209199 -1.322171 
712 0.332966 -1.133694 
909 0.238808 -1.211816 
916 0.681199 -0.896579 
674 -0.022140 -1.370157 
1275 0.930083 -1.114321 
2051 0.253787 -1.201827 
2050 0.081323 -1.395061 
615 0.871405 -1.076310 
617 -0.010255 -0.658496 
320 0.198372 -1.454239 
1651 1.714798 -0.975126 
2311 2.925770 -1.351430 
2309 2.299551 -1.222820 
1398 0.062272 -1.253322 
1387 1.375828 -0.977794 
728 1.066562 -0.991292 
729 0.837809 -1.078114 
1717 0.474652 -1.329754 
1718 0.396247 -1.129046 
1877 1.111170 -0.945651 
1875 1.126125 -1.044774 
719 -0.318114 -1.604840 
720 0.202935 -1.065138 
2395 -0.281951 -1.459504 
2394 0.562394 -1.109277 
438 0.080729 -1.298912 
474 -0.066559 -1.373157 
2306 -1.137508 -2.573267 
2305 -1.108976 -2.528060 
2124 1.453277 -0.990358 
1694 0.893219 -1.136066 
515 2.024606 -1.112712 
516 -0.443666 -1.575318 
1206 1.059714 -1.243379 
2433 0.208099 -1.012483 
844 0.588928 -1.094560 
846 0.164590 -1.329366 
2525 0.855600 -1.165626 
269 0.359575 -1.342172 
967 0.914054 -1.047757 
2403 -0.116472 -0.881207 
2363 1.143593 -0.868335 
1545 -0.038155 -1.442404 
2439 1.969089 -1.059641 
2440 1.294299 -1.023188 
91 -0.156865 -1.624301 
2002 1.015408 -1.092363 
1867 0.403509 -1.219652 
1888 0.341991 -1.271593 
1132 1.277032 -0.994376 
1951 0.052863 -1.192871 
1156 0.386165 -0.817098 
1155 1.048013 -1.018770 
2003 1.260187 -1.044482 
2139 0.116916 -0.806322 
2177 -0.315399 -1.648563 
1514 0.289993 -1.115024 
1521 1.408575 -1.014723 
1597 0.886218 -1.194604 
1598 0.424870 -1.267193 
1167 1.131447 -0.926658 
1165 2.601545 -1.103317 
1822 0.847866 -1.163472 
1823 0.800708 -0.886932 
1811 0.674095 -1.205939 
1814 0.397048 -1.261214 
1535 0.503410 -1.324538 
1536 0.880891 -1.188907 
1407 0.776033 -1.066052 
1406 0.148091 -1.263207 
934 0.933182 -1.130221 
905 0.040218 -1.486254 
1237 0.250004 -1.048438 
1210 0.347578 -1.275232 
1931 0.115925 -1.376593 
1925 -0.535088 -1.886202 
121 -0.227267 -1.559453 
120 -0.278658 -1.547234 
1889 0.161432 -1.466867 
1871 0.837358 -0.991782 
2549 0.331382 -1.175367 
2564 1.607770 -1.183614 
1288 0.551350 -1.160933 
559 0.519691 -0.604134 
1612 0.910897 -1.172210 
490 0.400777 -1.029592 
478 0.420954 -0.852060 
1891 0.132957 -1.415625 
154 0.355052 -0.776957 
137 0.296186 -1.135906 
829 0.977619 -1.024063 
827 0.615165 -1.096853 
2156 -0.305759 -1.677601 
2155 -0.013246 -1.424485 
280 -0.015262 -1.243261 
1281 -0.153163 -1.482938 
2393 -0.595843 -1.802893 
1203 0.415079 -1.180774 
1193 0.677286 -1.047022 
1579 0.939206 -1.184185 
1448 0.313644 -1.277986 
1493 -0.024726 -1.469714 
1494 0.561163 -1.042559 
2011 0.508055 -1.034444 
2027 0.456721 -1.245851 
1348 -0.099009 -1.443573 
1347 0.599202 -1.167586 
2580 0.553498 -1.068877 
71 0.309615 -1.275971 
72 0.158511 -1.309001 
2452 0.563166 -1.304679 
1340 0.594916 -0.840558 
2239 1.171700 -0.915948 
2565 1.149600 -0.862732 
2566 1.434915 -0.932517 
688 0.334534 -1.224462 
105 0.057262 -1.120635 
104 -0.090917 -1.444451 
196 -0.094369 -1.472058 
177 -0.435936 -1.694792 
447 0.343466 -1.180741 
448 -0.017649 -1.398355 
1501 -0.153513 -1.689198 
1499 0.158665 -1.178191 
1356 0.761846 -1.015190 
1637 0.063935 -1.243959 
1384 0.080751 -1.302968 
1382 -0.633043 -1.911843 
1076 1.424410 -1.003556 
1050 -0.094399 -1.466905 
1349 0.392991 -1.268773 
1713 0.555383 -1.213170 
1703 0.968368 -1.007813 
2492 0.193350 -1.260873 
2493 0.288819 -0.943569 
825 0.503111 -1.264243 
1880 0.745896 -1.012452 
279 -0.234521 -1.525376 
323 0.484621 -0.986762 
1765 -0.383589 -1.734771 
1757 -0.382790 -1.633838 
2352 1.076356 -1.045247 
1329 0.619108 -1.203131 
368 0.410814 -1.182529 
372 0.453466 -1.234912 
221 -0.135773 -1.298979 
2428 -0.987026 -2.345588 
2552 -0.084423 -0.803444 
1471 0.312413 -1.381501 
1495 0.904534 -0.911766 
2075 -0.082653 -1.301383 
2073 0.635805 -1.168066 
2554 0.627662 -1.088911 
2427 -0.729771 -2.179499 
1764 -0.469823 -1.620385 
1660 0.328054 -1.009337 
1292 0.711692 -1.040542 
1291 0.434849 -0.945718 
189 -0.060908 -1.664657 
190 0.093044 -1.564747 
487 1.633644 -0.940235 
531 1.081055 -0.985748 
914 1.507946 -1.091197 
915 0.532012 -1.246178 
1933 0.309893 -1.069559 
1950 0.266577 -1.280122 
2159 -0.052004 -1.751969 
2161 -0.079884 -1.464223 
2581 0.915213 -1.070765 
857 2.533630 -1.047443 
819 1.509824 -0.966907 
818 0.503342 -1.179247 
2535 0.545288 -1.019353 
2517 1.008191 -1.027753 
34 0.658685 -1.205561 
800 0.804797 -1.059869 
1416 1.290754 -1.000113 
2442 1.205097 -1.064258 
1415 0.575517 -1.240119 
1420 0.243849 -1.234824 
1851 0.347124 -0.967295 
1854 1.619047 -1.018378 
1179 0.764305 -0.951395 
1188 0.393760 -1.353650 
33 1.410167 -1.106346 
155 0.020956 -1.307608 
129 0.881643 -1.082002 
2121 1.027614 -1.201654 
2110 2.256156 -0.940439 
1744 0.574701 -1.204410 
1743 1.946456 -0.995322 
1742 2.159525 -0.986960 
2411 0.004844 -1.506003 
2412 0.876876 -1.018232 
2572 0.375076 -0.900170 
1111 0.371909 -1.108914 
2571 -0.101072 -1.531254 
2534 0.408143 -0.865607 
2200 0.181025 -1.536154 
2205 -0.231849 -1.595369 
188 -0.366955 -1.824261 
2356 0.520922 -1.069559 
2335 2.021844 -1.058037 
76 1.253413 -1.079983 
17 0.936510 -1.114343 
2145 0.504842 -1.205222 
2144 0.040817 -1.146535 
337 0.037562 -1.313054 
335 0.379646 -1.104186 
2323 -1.589181 -3.513350 
2322 -1.199103 -2.607182 
2548 0.825473 -0.995486 
93 -0.225015 -1.549878 
94 0.750746 -1.139313 
234 0.867668 -0.956705 
1498 0.328532 -1.332020 
2257 1.572358 -1.023277 
2299 0.991062 -0.995274 
2531 0.971850 -0.993375 
2532 1.890235 -0.987381 
1949 0.392463 -1.271147 
1116 0.274298 -0.698133 
118 0.156615 -1.348884 
2536 0.610442 -1.098812 
2582 -0.011078 -1.427494 
457 0.782267 -1.163556 
458 0.438501 -0.568156 
2325 -1.567672 -3.431282 
2282 -0.834492 -2.200727 
663 0.163716 -1.299515 
676 0.440772 -1.252493 
1641 0.187706 -1.375056 
2431 0.051358 -1.347160 
2430 0.070125 -1.458211 
2545 2.013838 -0.957851 
2542 0.210413 -1.302276 
2064 0.039160 -1.429224 
1475 0.452147 -1.300854 
2191 0.401192 -1.251823 
1542 -0.155726 -1.518345 
330 -0.576231 -1.787881 
314 0.084290 -0.942787 
2491 0.168859 -1.059630 
1980 1.032724 -1.037700 
1983 0.937973 -1.017309 
2337 0.365270 -0.822160 
2338 1.226336 -1.019597 
126 -0.392434 -1.777975 
128 -0.701818 -1.869891 
2441 2.196869 -1.108795 
2043 1.297396 -0.908146 
2035 0.332121 -1.354070 
334 0.045169 -1.406389 
333 -0.136133 -1.296766 
2018 -0.014049 -1.317815 
2019 0.311686 -0.958836 
1552 0.775285 -0.913205 
1553 0.914129 -0.948893 
977 0.869074 -1.154522 
997 -0.440528 -1.650933 
2539 1.486210 -0.997575 
2538 1.476040 -0.925840 
1131 -0.201453 -1.477338 
772 1.067721 -0.947679 
102 -0.021062 -1.383124 
897 1.410256 -1.060580 
910 0.052628 -1.108355 
921 -1.818695 -4.113950 
922 -1.588066 -3.466376 
262 0.431012 -1.220412 
248 1.698547 -0.976194 
212 1.024754 -1.141573 
1459 0.789290 -1.301122 
998 0.306256 -0.682383 
908 0.755496 -1.162373 
1525 0.575787 -0.990836 
1523 0.743712 -1.060030 
2374 0.248743 -0.753589 
1755 -0.136852 -1.317681 
1138 -0.105115 -1.611321 
2217 0.756831 -1.034599 
48 0.616160 -1.295222 
1175 0.330186 -1.175240 
1327 1.361737 -1.039802 
558 0.639162 -1.134519 
579 0.540748 -1.110083 
103 0.282352 -0.745988 
1941 -0.109186 -1.643918 
2194 -0.386977 -1.759450 
122 -0.879251 -2.197531 
459 0.530972 -1.144162 
456 0.372995 -1.134296 
1245 0.707813 -1.257213 
1240 -0.052541 -1.314797 
133 1.871431 -1.109174 
241 2.500889 -1.182150 
272 0.834855 -0.913598 
4 0.083280 -1.124069 
756 0.393103 -1.510195 
2152 -0.389328 -1.734559 
2151 0.646465 -1.219003 
2523 0.736090 -1.102002 
2522 0.755133 -1.050255 
502 0.271388 -1.065683 
503 0.343807 -0.750076 
114 -0.017918 -1.136400 
113 -0.537986 -1.816322 
2465 0.423962 -1.205505 
2464 0.252885 -1.099905 
1964 0.156808 -1.347451 
1928 0.533028 -1.191040 
1902 0.228977 -0.715240 
1886 0.190082 -1.386755 
585 0.751323 -0.697235 
1801 2.290498 -1.169088 
2000 1.657883 -1.168619 
2125 1.258224 -1.051556 
2066 1.458219 -0.979178 
2297 1.461370 -0.930132 
2300 2.245271 -1.048790 
2189 0.436309 -1.380695 
2187 0.047375 -0.856664 
1813 1.875261 -1.105172 
1815 0.976299 -1.130529 
1892 -0.675614 -1.861269 
1865 0.158659 -1.116133 
1430 0.482537 -1.369793 
1432 0.806287 -0.972626 
1331 -0.203702 -1.540020 
2371 0.588960 -0.884704 
2367 0.017894 -1.393441 
1086 0.246240 -1.257852 
1087 0.961350 -1.123759 
1585 0.742357 -1.130147 
1479 -0.181973 -1.500531 
2009 0.316445 -1.153326 
2195 0.530015 -1.166744 
1255 0.395727 -0.681303 
1671 0.539518 -0.770425 
2101 2.659242 -1.229410 
2078 1.322211 -0.986847 
2407 0.421045 -1.226277 
2273 0.495427 -1.072535 
2099 1.694980 -1.150377 
1454 0.118534 -1.372877 
1981 0.761528 -0.921263 
2460 -0.076279 -1.380772 
2461 0.189989 -1.089746 
1079 1.110135 -1.010654 
1078 0.313629 -0.771713 
40 0.093388 -1.365300 
41 1.172759 -1.012030 
2143 0.990979 -1.068164 
2166 1.758274 -0.929508 
1570 0.555932 -1.109673 
1571 0.518853 -1.053498 
1760 -0.050980 -1.394309 
1759 -0.730826 -2.014004 
30 0.028626 -1.403590 
1893 -0.517875 -1.920452 
991 -0.709243 -1.772610 
774 0.322664 -1.051672 
775 1.084012 -1.191555 
2092 0.651798 -1.153921 
2093 0.656990 -1.142627 
748 0.396373 -1.094054 
742 0.271460 -1.246985 
1435 0.090043 -1.538043 
328 -0.768083 -2.174829 
1520 -0.939377 -2.160886 
1766 1.034302 -1.083359 
201 -0.036751 -1.417390 
1426 0.086397 -1.375006 
1443 0.561410 -1.194560 
1166 1.177858 -0.888252 
412 1.015087 -1.102461 
404 0.464497 -1.087809 
306 0.411759 -1.301627 
305 -0.279138 -1.469038 
2040 0.637583 -1.049714 
2038 0.549026 -1.285834 
2487 0.381505 -0.962052 
2488 0.235830 -1.362291 
2457 -0.191753 -1.298429 
2456 0.277140 -1.223342 
421 0.375770 -1.139761 
420 0.535836 -1.141475 
2198 -0.920367 -2.307720 
2199 0.132370 -1.173952 
2158 -0.462865 -1.871835 
2163 -0.631216 -2.032876 
1026 0.677661 -0.998123 
1025 -0.024325 -1.350249 
1729 0.336932 -1.213956 
1704 0.344398 -1.198876 
2042 0.981015 -1.128410 
1543 0.714127 -1.046238 
1647 -1.053624 -2.485600 
1646 -0.732007 -1.934486 
1803 1.906977 -1.065031 
1802 3.157607 -1.520653 
533 2.456903 -1.107369 
506 0.469953 -1.137285 
833 0.353010 -1.291431 
2316 0.213197 -1.428871 
439 -0.138477 -1.407028 
433 0.549603 -0.674172 
29 1.362658 -0.969936 
43 -0.483910 -1.705955 
870 0.550014 -1.138216 
1315 -0.337710 -1.521988 
1985 0.718322 -1.072469 
1971 -0.350356 -1.667516 
2636 0.633018 -1.041472 
2635 0.512030 -1.211051 
2128 0.811388 -0.977814 
814 -0.708054 -2.075390 
359 0.483884 -1.052441 
361 -0.658347 -1.881774 
1388 0.987670 -0.978437 
1397 0.086909 -1.253460 
324 0.752393 -1.059205 
157 0.348206 -0.906581 
1393 0.324399 -1.367881 
252 0.764186 -0.818420 
267 1.763448 -1.114648 
2036 0.971191 -0.991178 
1192 0.234418 -1.310645 
1191 1.231802 -0.914774 
1932 0.808654 -1.085775 
1935 0.146652 -1.473103 
1242 -0.032266 -1.480886 
1243 0.677197 -1.242357 
853 0.783626 -1.053696 
854 1.956999 -1.005212 
1678 0.471567 -1.299719 
1306 1.319496 -1.017957 
1314 0.103312 -1.348355 
1840 0.107049 -1.351062 
822 -0.616548 -1.836598 
2342 0.852552 -1.093094 
2361 -0.382559 -1.685993 
886 -0.329739 -1.539908 
872 0.080052 -1.180352 
388 0.401834 -0.767663 
387 0.032742 -0.983958 
1133 0.575055 -0.864085 
1107 0.189370 -1.263101 
69 0.272990 -1.296633 
67 0.063616 -0.870686 
1665 0.569486 -1.012724 
2113 0.790759 -0.938478 
61 1.346047 -1.065352 
62 -0.097860 -1.518553 
1423 -0.310707 -1.548726 
84 0.097326 -1.274675 
2111 0.339067 -1.408107 
639 0.599990 -0.582415 
2386 0.429752 -1.161518 
2387 0.782622 -0.855931 
275 -0.190398 -1.322723 
278 0.803510 -0.985406 
1100 1.088960 -1.013547 
1089 0.183913 -1.261317 
1695 0.895625 -1.026926 
2285 2.694038 -1.277363 
2293 1.730774 -0.936026 
1139 0.890539 -1.100051 
2587 0.208575 -1.153426 
2585 -0.565341 -2.015971 
939 -1.155899 -2.564191 
671 0.806990 -1.127614 
316 0.066038 -1.315906 
716 0.622405 -1.078152 
714 0.339750 -1.343807 
594 -0.492967 -1.682152 
596 0.129689 -1.152860 
616 0.253435 -0.987685 
1405 -0.031719 -1.537287 
1404 0.142669 -1.217117 
413 0.257866 -0.664976 
414 -0.057591 -1.542639 
363 0.646424 -0.918567 
354 0.380315 -1.245700 
132 2.179878 -1.192820 
238 1.930738 -1.010821 
237 2.439288 -1.171636 
2308 0.401429 -1.045438 
528 0.009818 -1.551319 
2089 0.483002 -1.150839 
2090 0.817618 -1.265493 
2227 0.280664 -1.158443 
2228 0.194025 -1.226439 
274 0.567230 -0.992710 
82 0.434122 -1.007319 
53 0.965186 -1.076906 
938 -0.164229 -1.523371 
1645 0.097524 -1.281068 
2443 0.697060 -1.169949 
1216 0.580955 -1.129154 
145 0.339624 -1.227557 
108 -0.169608 -1.469861 
2593 0.242726 -1.118454 
2592 -0.066783 -1.287449 
976 -0.263549 -1.372591 
984 -0.461183 -1.826471 
519 0.732640 -1.226100 
1282 1.282894 -1.029228 
109 1.055685 -1.027421 
37 0.034143 -0.854518 
2314 -0.562553 -1.954004 
1213 0.007861 -1.260302 
2560 -0.398003 -1.792789 
985 -0.476321 -1.588894 
975 -0.597506 -1.906102 
92 0.929502 -0.991310 
229 -0.139574 -1.591740 
230 0.672224 -1.069481 
1529 0.366612 -1.414150 
2185 1.006750 -1.082186 
2186 0.741404 -1.108026 
1734 0.379243 -1.263814 
1182 0.866603 -0.866337 
1181 1.462490 -1.094342 
2644 -0.319377 -1.780994 
2643 -0.314308 -1.616842 
268 1.646763 -0.952745 
1338 0.202166 -1.282120 
1337 0.028026 -1.359890 
405 1.343897 -1.063290 
406 0.307297 -1.147644 
685 0.258805 -1.230451 
1360 0.283440 -1.043169 
1364 0.055703 -1.212775 
2270 0.858094 -1.165874 
2276 0.500373 -1.019359 
130 -0.644956 -2.037389 
2298 2.014647 -0.972495 
1226 1.126380 -1.026631 
1227 1.001410 -1.014474 
183 -0.881518 -2.260824 
182 -0.121460 -1.700251 
510 1.782101 -0.981884 
512 1.652623 -0.898552 
2626 0.461531 -0.824351 
2625 -0.233003 -1.659716 
1352 -0.197639 -1.416101 
1353 0.241883 -1.152455 
2142 0.650134 -1.083153 
1725 0.232782 -1.054115 
1688 0.939668 -1.053231 
881 1.065020 -1.098518 
877 0.662944 -0.962482 
1108 0.179687 -1.226360 
1114 0.249856 -0.944359 
1434 -0.546427 -1.785265 
1973 0.355858 -1.085010 
390 0.602446 -1.110352 
391 -0.733984 -1.898716 
2229 0.481923 -1.023233 
443 0.398084 -1.309675 
338 -0.124302 -1.378682 
340 0.422783 -1.061363 
1439 0.067231 -1.298375 
1559 0.059183 -1.440106 
292 -0.038794 -1.419725 
764 0.165060 -1.327691 
1180 1.039512 -1.233485 
1195 1.056885 -0.941368 
1162 0.154762 -1.124112 
2026 0.363162 -1.267316 
1350 0.511777 -1.114428 
1355 0.384389 -1.309529 
889 -0.437635 -1.769828 
987 -0.260741 -1.630872 
973 -0.522031 -1.873099 
2574 0.700332 -1.089133 
2575 0.254868 -1.071917 
2107 0.234488 -0.827041 
1835 0.808624 -1.096244 
2324 -1.164880 -2.490407 
920 -1.337335 -2.811187 
940 -1.493217 -3.115013 
1847 0.467688 -0.753930 
1848 0.344786 -0.674000 
2561 0.093549 -1.393836 
1207 -0.148982 -1.303921 
1189 0.713728 -1.133413 
1478 0.446898 -1.335779 
1470 0.495143 -1.218950 
341 0.200778 -1.224385 
343 -0.358621 -1.616191 
2196 -0.143591 -1.529028 
2221 0.357722 -1.271158 
226 0.641844 -1.246688 
227 -0.574783 -1.826357 
2223 0.000541 -0.711513 
507 0.448614 -1.138987 
2226 0.159142 -1.131704 
2201 -0.610591 -2.008751 
1769 0.403851 -1.160880 
1768 0.189914 -0.809472 
1779 0.213089 -0.912261 
691 1.072500 -0.997292 
1325 0.546225 -1.096734 
2129 1.228918 -1.040582 
1841 0.296926 -1.159892 
2126 2.457856 -1.064899 
1821 1.885545 -1.126788 
1574 1.121411 -1.191411 
497 2.074183 -0.947815 
534 2.343966 -1.056470 
1231 -0.071116 -1.391629 
2238 1.092564 -1.110185 
871 0.144326 -1.308308 
2084 1.246234 -1.031030 
2085 1.504698 -1.009390 
339 0.473503 -1.144610 
2612 0.945285 -1.052771 
2614 -0.316821 -1.462371 
1561 0.672913 -1.231859 
1562 0.276650 -1.134866 
1995 0.509620 -1.299224 
1993 0.801730 -0.933718 
87 -0.103949 -1.419825 
78 0.151303 -1.361852 
2192 -0.100817 -1.475830 
2383 0.625187 -1.114873 
517 0.120760 -1.140179 
1751 0.278556 -1.412761 
1752 -0.144554 -1.301990 
641 0.436756 -0.969563 
875 1.282384 -0.864309 
1573 0.189577 -1.246655 
711 0.327112 -1.060445 
1746 0.854387 -1.118835 
1827 0.348816 -0.977027 
63 -0.223694 -1.699173 
2515 0.536033 -1.078548 
2425 0.832823 -1.004490 
134 -0.788720 -2.070187 
788 0.684527 -0.846502 
783 0.193223 -1.373505 
223 1.124627 -1.069138 
1629 -0.047999 -1.315267 
1631 0.203802 -1.171699 
2243 1.276921 -1.089443 
2240 -0.002497 -0.687322 
1310 0.246212 -1.204421 
943 0.263586 -0.752296 
942 0.716906 -1.092476 
2290 0.398202 -1.245796 
1568 0.042286 -1.408508 
1569 0.310986 -0.826145 
1238 1.883634 -1.048314 
1261 0.867879 -1.178252 
888 1.565093 -1.001210 
2039 0.343167 -1.145701 
2037 0.272800 -1.254790 
260 1.320219 -0.990851 
255 0.268473 -1.121358 
1846 0.451351 -0.742567 
1845 0.345585 -0.766271 
1761 -0.453011 -2.012246 
1762 -0.689234 -2.081254 
2061 1.053357 -1.059604 
2365 0.671836 -0.954381 
1265 0.547455 -1.206325 
1239 1.933696 -0.974557 
1655 0.605482 -1.166303 
1656 0.834759 -1.095877 
256 -0.764739 -1.990102 
282 0.031590 -1.518235 
1332 0.142072 -1.472768 
1335 -0.208858 -1.457728 
1318 0.398189 -1.201334 
2080 0.767887 -1.052714 
2347 0.066313 -1.069034 
739 1.727798 -0.961646 
738 0.213455 -1.445230 
537 0.139518 -1.355544 
539 1.260391 -0.928513 
191 -0.980397 -2.366689 
192 0.435031 -1.291089 
621 0.419139 -0.980037 
651 0.009048 -1.246406 
1342 -0.188553 -1.366682 
1819 1.079529 -1.252707 
1806 0.839846 -0.901726 
1164 1.946924 -0.937861 
763 0.426964 -1.172996 
1241 1.039878 -0.948206 
1412 1.021755 -1.095684 
1413 1.378873 -1.058213 
1727 0.738677 -1.110525 
1716 0.283333 -1.195143 
1926 0.333497 -1.360056 
1809 1.860766 -1.047988 
880 1.660119 -0.933184 
879 1.121122 -0.975658 
2500 0.268232 -1.291154 
2501 0.085089 -1.424226 
1197 0.605744 -0.946637 
1982 0.857959 -1.130914 
1986 0.437636 -0.641736 
1623 -0.667860 -2.403391 
725 -0.030527 -0.882602 
744 0.545915 -1.237102 
2004 0.932993 -1.183581 
2218 0.624838 -1.075496 
2213 -0.338113 -1.949226 
2074 0.443022 -1.120351 
525 1.896254 -0.892142 
526 2.235753 -1.006625 
2232 0.851813 -0.757728 
1489 0.766236 -0.908174 
1187 0.536301 -0.990357 
1200 0.075406 -1.516145 
2171 -0.739771 -1.858448 
2172 -0.278427 -1.758144 
158 0.990862 -1.138008 
88 0.009881 -0.901775 
1380 0.486125 -0.907703 
1381 -0.341166 -1.600412 
2120 1.527570 -0.929522 
194 0.117864 -1.276617 
1504 0.123726 -1.498708 
1503 -0.711899 -1.952493 
79 1.030540 -1.156672 
2624 0.187835 -1.226734 
2601 0.075270 -1.310131 
1101 0.280465 -0.938290 
957 0.375408 -1.157643 
1035 0.644562 -1.091010 
1046 -0.054595 -0.799520 
160 0.715217 -1.298122 
162 0.152120 -0.979887 
2333 0.841767 -1.099641 
607 0.497988 -1.012449 
2634 -0.084264 -1.422212 
2615 0.514729 -0.889468 
2130 0.870751 -1.128502 
2088 0.031982 -1.458520 
1820 0.854760 -1.036627 
1533 0.568546 -1.483679 
1532 1.073003 -1.154512 
1244 -1.062644 -2.351270 
598 -0.216912 -1.605439 
1163 2.162603 -0.924867 
1582 0.510138 -0.808815 
1581 0.173445 -1.365673 
2065 1.035288 -1.034962 
21 0.605644 -1.117101 
15 0.279342 -1.226732 
1134 0.323920 -1.316098 
1366 -0.296457 -1.403097 
1418 0.286216 -1.162063 
1417 1.088624 -1.116794 
1456 0.193842 -0.701814 
1455 0.777994 -1.191872 
1970 0.272712 -1.458754 
1295 0.227273 -1.213665 
1296 0.807985 -1.038222 
360 -0.417484 -1.692697 
356 -0.368231 -1.479006 
859 1.377633 -0.767874 
858 1.770840 -0.871104 
1588 0.840495 -1.074035 
2547 1.977119 -1.008394 
2466 1.329252 -1.042008 
2474 0.001854 -1.298426 
2115 0.091060 -1.396589 
1873 -0.396631 -1.528675 
211 0.875480 -1.140187 
210 0.713292 -0.999107 
935 0.630880 -1.197515 
284 0.938979 -0.798293 
283 1.229822 -1.101058 
1246 -0.041708 -1.283976 
1235 0.370897 -1.231907 
1457 0.880448 -0.881947 
1458 0.675279 -1.125776 
644 0.398158 -0.989503 
766 0.367866 -1.102573 
768 0.623300 -1.097421 
1956 0.794214 -0.985617 
1960 1.423218 -1.231622 
2079 0.418063 -1.150975 
1989 -0.434499 -1.816671 
202 0.757916 -1.247980 
1074 0.468927 -1.186772 
1075 0.910234 -0.913612 
672 1.279569 -0.923015 
1225 3.083576 -1.393198 
2211 1.135328 -1.302616 
2215 -0.040968 -1.550717 
2630 -0.985684 -2.238374 
2629 -0.453589 -1.636454 
626 0.056116 -1.219261 
101 0.118704 -0.836837 
1341 0.444548 -1.037855 
8 0.095431 -1.382985 
65 0.291471 -0.980894 
1016 2.099963 -1.022730 
1033 0.291502 -0.672502 
2262 0.532754 -1.092493 
2263 -0.068718 -1.506918 
1800 0.843281 -1.055450 
1969 -0.098841 -1.708307 
670 0.116519 -0.733844 
2208 0.051790 -1.075077 
2207 -0.128424 -1.495716 
2256 0.812201 -1.110900 
863 0.262843 -1.062809 
864 -0.568723 -1.726053 
276 0.122784 -1.300664 
2546 1.439250 -0.960634 
2160 0.520531 -1.275139 
127 -1.418883 -3.148330 
143 -0.289252 -1.113193 
5 0.514236 -1.115572 
355 1.042599 -1.094005 
678 1.157717 -1.021577 
1617 1.366097 -0.991151 
1614 0.551630 -1.194810 
571 0.904433 -1.021328 
576 0.383840 -0.989799 
2591 -0.033462 -1.344177 
2589 -0.366921 -1.483877 
2280 0.348400 -1.201696 
1837 1.480191 -0.989925 
544 0.424386 -1.025175 
530 1.562948 -0.947053 
529 1.857246 -0.917088 
2537 2.002881 -1.011570 
1696 0.271197 -0.950628 
1698 0.104814 -0.928992 
1799 0.657558 -1.243989 
258 -0.677157 -1.795474 
1460 2.906640 -1.299862 
765 0.782850 -1.086657 
970 -0.593127 -1.839856 
575 1.037845 -1.189897 
1724 1.267976 -0.895148 
1723 0.636932 -1.098361 
318 0.135901 -1.467280 
2023 -0.810099 -2.060496 
1640 0.242244 -0.806246 
1920 0.137279 -1.204027 
1919 0.404789 -1.196255 
1518 0.834949 -1.026192 
1524 0.207142 -1.142059 
605 0.164303 -0.846658 
1975 0.499278 -1.091511 
988 -0.155983 -1.563372 
979 -0.066130 -1.597754 
165 -0.125377 -0.825755 
1422 0.428703 -1.356562 
1720 1.582888 -1.018964 
1215 0.521603 -1.145943 
548 -0.041042 -1.442101 
24 0.573879 -1.195876 
23 0.641529 -0.923755 
1481 1.263899 -0.996881 
2454 -0.187909 -1.646014 
449 0.076042 -0.755012 
401 0.529445 -1.288024 
1770 0.745696 -0.893220 
2041 0.830361 -0.811263 
1812 0.730330 -1.139345 
597 0.074335 -1.370266 
828 0.497490 -1.202374 
1528 0.716437 -1.155972 
193 -0.087560 -0.957341 
1441 0.439825 -1.346532 
2406 0.272961 -1.347064 
1578 0.080310 -1.425915 
673 -0.120730 -1.451363 
407 -0.017328 -1.454743 
2381 0.871396 -1.077187 
2123 0.439513 -1.297408 
2610 -0.105473 -1.399797 
2609 -0.288266 -1.549953 
1148 -0.122768 -1.419434 
1136 0.662897 -0.779702 
1589 -0.311931 -1.675479 
124 0.357787 -1.115558 
1205 -0.150937 -1.155483 
2137 -0.188748 -1.369398 
1208 0.182352 -0.856167 
1283 0.708732 -1.201307 
2577 -0.040883 -1.178011 
2578 0.807063 -1.183994 
225 -0.550897 -1.740233 
974 -0.545957 -1.648708 
484 0.215196 -1.221261 
1884 -0.586969 -1.797141 
856 1.723513 -0.880611 
861 0.985534 -0.904748 
1653 0.168331 -1.374631 
1654 0.686348 -1.127808 
2475 0.770788 -0.958268 
2467 0.117837 -1.031439 
1968 0.195648 -1.381012 
1991 0.246566 -1.407598 
492 0.688900 -1.124804 
488 1.540854 -0.994322 
1474 1.208422 -1.000260 
2502 0.206101 -1.325210 
2583 -0.047234 -1.228191 
2103 0.855813 -1.191208 
638 0.104027 -1.125940 
637 0.470337 -1.035095 
455 0.192210 -0.987010 
966 0.455849 -1.399387 
1036 0.462660 -1.144566 
1269 0.485365 -1.215315 
2617 0.195908 -1.364968 
1777 -0.238520 -1.283894 
640 0.121425 -0.924062 
618 0.307593 -1.140101 
400 0.775202 -0.975309 
399 0.360847 -1.223786 
152 0.147814 -0.703525 
138 0.452599 -1.092771 
1531 0.880058 -0.832125 
1530 1.072515 -1.078180 
2586 0.176476 -1.116544 
1992 -0.054904 -1.248560 
285 1.322354 -1.075878 
895 0.361433 -1.088446 
894 1.055024 -0.923756 
471 0.563266 -1.034022 
472 -0.646136 -1.907975 
2091 0.165959 -1.259137 
454 1.014347 -0.999178 
1957 0.872956 -0.906032 
860 1.174242 -0.888657 
878 2.238945 -1.040941 
874 1.976826 -0.958469 
683 0.160363 -1.094019 
996 0.818210 -1.047937 
631 -0.347028 -1.641108 
630 1.026062 -0.934152 
1804 2.225701 -1.170977 
869 0.183806 -1.314866 
1003 0.823210 -1.083405 
1002 0.654130 -1.053202 
1858 1.448309 -0.962235 
1842 1.450847 -1.017125 
862 0.440469 -1.048928 
2424 0.455197 -1.333249 
2638 1.188643 -0.827664 
2637 0.043787 -1.302335 
247 0.673919 -1.207982 
245 1.441569 -0.912332 
239 1.751276 -1.020756 
250 2.622028 -1.184346 
1572 1.440468 -0.882098 
18 0.859028 -1.138803 
521 0.700497 -0.806694 
263 1.103355 -0.935393 
1859 1.168106 -0.976826 
146 -0.432526 -1.538555 
1605 0.564233 -1.150948 
1621 0.896372 -0.830466 
174 0.792166 -0.594541 
2301 2.383478 -1.105731 
346 0.177218 -1.326594 
2292 3.637905 -1.616601 
2296 1.954796 -1.032284 
1711 0.760474 -1.148975 
1712 0.369844 -1.131453 
2321 1.728189 -1.066357 
2304 0.295832 -1.319109 
1895 -1.575320 -3.404615 
1174 0.102555 -0.769444 
1223 0.652968 -1.181381 
2399 0.637731 -1.207783 
2083 0.498856 -1.123717 
1424 0.618624 -1.127979 
986 2.470158 -1.176625 
2550 2.284431 -1.037070 
2024 0.851577 -1.024321 
805 0.557100 -0.913450 
807 0.601182 -1.204111 
1057 0.789702 -1.078084 
1059 0.906967 -0.873947 
1097 -0.136619 -1.407000 
1874 0.468550 -1.046407 
1862 2.355010 -1.062184 
2622 0.029311 -0.679840 
2623 -0.612597 -1.796169 
1118 0.403915 -0.959681 
1117 0.402559 -0.942755 
11 0.044335 -1.378407 
12 1.121094 -1.097219 
159 -0.126725 -1.249796 
156 0.797165 -1.108413 
1817 0.849168 -1.062123 
1029 -0.083517 -1.013275 
228 0.928689 -1.225306 
1767 -0.940431 -2.091143 
149 0.329790 -1.140072 
150 0.084023 -1.215831 
19 0.581918 -1.162774 
2423 0.342718 -0.894097 
254 0.750252 -0.871161 
2302 2.356988 -1.112054 
2281 -0.049983 -1.232886 
553 0.535886 -0.991269 
2415 0.892002 -0.929659 
2417 0.266915 -1.310899 
352 0.843328 -1.088897 
353 0.561368 -1.123535 
2087 1.548788 -0.935947 
2598 0.049268 -1.187537 
2600 0.457758 -1.165388 
213 0.599238 -1.038256 
240 3.202201 -1.386309 
1810 0.920469 -1.001491 
1049 1.050571 -0.978547 
1491 0.741269 -0.926069 
2438 -0.547169 -1.730486 
1229 1.604955 -1.095397 
675 0.943653 -0.938250 
2377 0.051217 -1.289820 
2376 0.054088 -1.175311 
1084 2.024801 -1.075798 
1081 0.605320 -1.231618 
1937 1.215684 -1.161224 
1643 -1.141161 -2.451311 
2503 0.459949 -1.096844 
1618 0.309346 -1.181197 
1961 -0.011673 -1.540113 
1962 0.606611 -1.214970 
2378 0.118925 -1.418186 
1125 0.417174 -1.156742 
1927 -0.178429 -1.498355 
2219 0.666976 -1.017215 
903 0.558338 -1.027832 
349 0.938953 -1.039836 
1583 0.374105 -1.195822 
686 0.266531 -1.156338 
1899 0.130436 -1.334938 
847 0.018209 -1.449422 
365 0.523229 -0.937683 
366 0.039216 -1.359238 
1115 -0.113973 -1.472407 
1936 0.061491 -1.498390 
2312 1.743895 -0.967089 
1085 -0.322735 -1.660073 
622 0.796032 -0.803575 
606 -0.107171 -1.351583 
1999 -0.817117 -2.114803 
1386 -0.166363 -1.534950 
2117 -0.042368 -1.432544 
2118 0.674073 -1.315288 
2178 1.055287 -1.213483 
2350 0.821661 -1.103039 
1128 0.320158 -1.243316 
1096 -0.171860 -1.383799 
2369 0.154396 -1.088586 
2370 0.083790 -0.710299 
402 0.235487 -1.112251 
2016 0.269429 -1.179649 
1556 0.261270 -0.956305 
1557 0.744072 -1.161144 
89 0.204936 -1.436414 
2317 0.024170 -1.345542 
2320 -0.636567 -1.615483 
941 0.726086 -1.032990 
754 0.491172 -1.065922 
723 1.242514 -1.153689 
2477 0.523591 -0.726842 
1160 0.795597 -0.920501 
501 0.831807 -1.070321 
752 0.437924 -1.049160 
1548 0.102471 -1.257744 
296 0.150719 -0.819431 
295 0.266040 -1.181901 
1062 0.527051 -1.208402 
1065 0.566484 -0.753695 
468 0.521947 -1.263088 
307 -0.159134 -1.210927 
1977 0.391033 -0.943966 
650 0.246435 -1.177319 
623 -0.058203 -1.459257 
1484 0.770698 -1.141028 
1485 0.616367 -0.889663 
2138 0.904956 -0.948281 
747 0.019861 -1.460680 
125 -0.156499 -1.437298 
313 0.359072 -1.177709 
312 0.645917 -0.864796 
477 0.777799 -1.070891 
476 0.387357 -1.108345 
2526 0.218108 -1.063439 
13 0.139780 -1.272078 
51 0.418747 -1.317312 
357 -0.195379 -1.501465 
486 1.538529 -0.983113 
485 1.153790 -0.920547 
249 1.113521 -0.981182 
823 0.187894 -1.203525 
830 0.512209 -1.240752 
919 -0.522564 -1.463358 
301 -0.914609 -2.286421 
299 1.734980 -0.848919 
1738 0.458989 -1.365273 
1897 -0.675521 -1.518396 
483 0.383787 -1.357289 
1675 0.086901 -1.198306 
1428 1.633489 -0.986197 
1427 1.095724 -1.065218 
580 0.226875 -1.078342 
2562 -0.427349 -1.474942 
55 0.355143 -1.001689 
1419 0.269075 -1.393445 
2268 0.149763 -1.378109 
1659 0.837291 -0.781008 
2620 -0.048261 -1.382466 
2633 -0.101933 -1.446939 
1184 0.419378 -1.039996 
1220 0.941811 -0.839505 
1260 0.339585 -1.315954 
38 0.637221 -1.150307 
1365 0.385047 -1.180428 
1692 1.709582 -0.955283 
1721 -0.075071 -1.455142 
2516 0.438777 -1.206659 
2505 0.472186 -1.117708 
1444 0.151314 -1.116348 
1627 0.064298 -1.526352 
1628 0.593602 -1.092711 
647 0.636170 -1.232300 
1268 0.681886 -1.158403 
1370 0.814869 -1.071858 
1374 0.944746 -0.996240 
1538 0.483958 -0.982559 
1122 0.506828 -1.207264 
50 0.341537 -1.165990 
781 0.061321 -1.192915 
782 0.522263 -1.094046 
1788 0.902479 -0.967722 
1787 -0.098904 -1.475704 
2446 0.314951 -1.364842 
2447 -0.687919 -1.941830 
2116 0.586849 -1.232693 
2310 3.252634 -1.447597 
2313 -0.029722 -1.516206 
310 0.386596 -0.786487 
311 0.114609 -1.159033 
701 0.356291 -1.402001 
702 0.064740 -0.714904 
928 0.363036 -1.190984 
929 0.085014 -1.204398 
1330 0.196018 -0.758166 
1071 0.741793 -1.243405 
608 -0.051220 -1.237292 
1263 0.116049 -0.783018 
906 0.808734 -1.083707 
60 0.135388 -1.452649 
1183 0.705966 -1.088652 
1112 0.413975 -1.004328 
498 -0.062296 -1.468681 
499 1.551057 -1.102303 
1259 -0.326069 -1.641121 
2072 0.022958 -1.353138 
1320 0.446264 -1.108958 
2489 0.448048 -0.892847 
2494 0.305366 -0.997361 
2436 -0.076361 -0.720109 
2351 0.549726 -1.127773 
682 0.527609 -0.949080 
2098 1.699693 -1.057781 
215 0.535684 -1.112389 
784 0.518154 -1.150479 
2590 0.517305 -1.102251 
1595 0.284112 -0.963342 
2496 0.202022 -1.211753 
2498 1.517144 -1.015131 
2366 0.608809 -0.882587 
1739 -0.893091 -2.249701 
1496 -0.020210 -1.024306 
1490 0.368113 -1.071567 
303 0.824243 -0.775619 
290 1.006962 -0.990763 
2063 1.156097 -1.138065 
2339 0.349916 -0.570378 
2573 0.226415 -1.257451 
2576 0.677566 -1.074888 
28 0.472695 -1.254844 
27 0.642166 -1.028323 
1452 -0.360861 -1.831083 
16 0.023552 -1.394155 
2165 0.556907 -1.280917 
1161 0.575383 -0.843653 
1159 1.304636 -0.944968 
901 -0.457215 -1.653412 
900 0.509170 -0.894532 
1987 0.354042 -0.987977 
2520 0.755875 -1.052947 
2519 0.931520 -1.051340 
2020 0.579765 -0.976077 
2007 0.104752 -1.223058 
1624 0.273316 -1.421046 
1622 2.273342 -1.255115 
1611 0.549209 -1.274272 
77 0.161922 -1.448421 
1965 0.241096 -1.013995 
873 1.159580 -0.897581 
2141 0.521197 -1.191204 
2140 0.418834 -0.725144 
1202 0.534330 -0.987884 
1201 0.117024 -1.225037 
926 0.046888 -1.170391 
927 0.041974 -1.213637 
1451 -0.136951 -1.518459 
415 0.516131 -1.163692 
1473 0.605375 -1.285051 
1472 2.130930 -0.973933 
602 0.478607 -0.726244 
2170 0.226947 -1.088324 
2216 -0.487423 -1.942034 
2551 1.612120 -0.937442 
1027 -0.524756 -1.759143 
1038 0.529275 -0.619254 
2102 3.240365 -1.433980 
1186 0.880195 -1.017548 
1185 0.611402 -0.880226 
35 0.773669 -1.063418 
799 0.897196 -1.060320 
741 0.416570 -0.735550 
759 0.300167 -0.918598 
99 0.199438 -1.252420 
884 0.306078 -1.257449 
1477 0.624259 -1.198399 
2056 0.338659 -1.195744 
1508 0.814078 -0.829551 
195 0.038955 -1.340215 
785 1.012359 -0.896306 
794 1.122619 -1.007015 
2495 0.400811 -1.208956 
409 0.687103 -1.119750 
246 0.588085 -0.818618 
2391 0.648644 -0.931350 
2390 0.529660 -0.657487 
106 -0.657150 -1.864137 
1959 0.319725 -1.195537 
2275 -0.649696 -1.884951 
1147 0.159520 -1.034086 
1606 0.554110 -1.043596 
1607 0.955390 -1.032765 
1706 -0.063718 -1.319345 
2265 0.098032 -1.370644 
2266 0.386532 -1.023328 
197 0.204170 -1.007417 
467 -0.502001 -1.774424 
466 0.876553 -1.160157 
180 0.001622 -1.511758 
179 0.236817 -0.532651 
184 -0.215718 -1.784548 
1599 0.359797 -1.335695 
2328 -0.822668 -2.223855 
1756 0.251535 -0.987613 
2326 -2.089537 -4.767707 
2540 0.461199 -0.915096 
633 0.547022 -1.124184 
634 0.387960 -1.177677 
2162 0.289618 -1.375071 
1258 -0.503522 -1.799319 
1690 0.324988 -1.013317 
1668 0.674279 -1.003162 
703 -0.040749 -0.720292 
572 0.771746 -1.139635 
564 0.608839 -1.141437 
2543 1.256212 -0.980201 
2012 0.385645 -1.336534 
2010 -0.163574 -1.585022 
726 0.265785 -1.033114 
209 0.421781 -1.278731 
203 1.129504 -0.789167 
73 0.588892 -1.014665 
1853 1.693493 -1.020037 
1852 1.067582 -0.937475 
2448 -0.125198 -1.490073 
1940 -0.162133 -1.773256 
1674 0.664856 -1.206895 
1677 0.441832 -1.279031 
2122 0.582446 -1.181004 
762 1.257822 -1.085668 
2450 0.421033 -1.220609 
2372 0.543901 -1.149632 
2230 0.419550 -1.071243 
445 0.561800 -0.978752 
1178 1.224956 -0.982221 
2109 1.437569 -1.073195 
1828 0.893317 -0.744132 
56 0.404902 -1.109203 
587 0.117844 -1.331769 
586 0.058697 -1.058231 
1876 0.544868 -0.474296 
852 0.522126 -1.161125 
1145 0.363212 -0.825986 
1146 0.070303 -1.216511 
20 0.376418 -1.253538 
2260 0.367994 -1.126077 
116 -0.934879 -2.204123 
2416 0.574952 -0.991393 
444 0.174477 -1.283674 
362 -0.710178 -1.919512 
327 0.361422 -0.978173 
1728 0.429830 -0.913994 
74 0.321252 -1.242135 
90 0.093873 -1.326365 
1635 -0.207787 -1.591859 
1254 0.260901 -1.259789 
962 0.397860 -1.118655 
969 2.454203 -1.157198 
300 1.762654 -0.895985 
1060 -0.003721 -1.052278 
950 0.040588 -0.660392 
951 0.383262 -0.956993 
479 1.236835 -0.962021 
2524 0.421507 -1.169698 
1247 0.092836 -1.435593 
1270 0.449448 -1.231893 
257 0.508199 -1.232446 
1737 -0.564825 -1.899394 
536 1.643319 -0.767588 
721 0.240498 -0.826473 
1298 0.268696 -0.865867 
2605 -0.163000 -1.304742 
2613 -0.330545 -1.458929 
1632 0.497913 -1.364278 
662 -0.631683 -1.748866 
1024 -0.173662 -1.455486 
1019 0.111671 -1.329747 
2169 0.787717 -1.216653 
2168 -0.030509 -1.500452 
2174 0.254420 -1.401705 
1177 0.587798 -1.127005 
1212 0.866368 -1.037228 
428 0.153818 -1.126313 
925 0.242199 -1.321518 
1864 0.182691 -1.329367 
1934 0.764878 -0.842994 
329 -0.510252 -1.760269 
557 0.547004 -0.923477 
1102 0.187756 -1.211789 
1120 0.541173 -1.150922 
1575 -0.170556 -0.992756 
2209 0.500434 -1.120572 
826 1.442117 -1.145783 
1222 0.206342 -0.991167 
660 0.576104 -0.722679 
601 0.282568 -1.251172 
983 -0.337953 -1.596175 
841 0.138223 -1.316510 
2264 0.731053 -1.184198 
959 -0.061517 -0.889066 
960 1.173604 -1.057175 
812 0.259581 -1.002481 
817 1.894105 -1.128472 
2212 -0.553990 -1.999510 
52 0.179233 -1.252601 
358 -0.827403 -2.017855 
2628 -0.169468 -1.361276 
837 0.691666 -0.945888 
2242 0.595002 -1.077261 
2164 0.122079 -1.273584 
2149 -0.106335 -1.430898 
236 1.369365 -1.039208 
2067 -0.049990 -1.215776 
2068 0.406152 -0.950337 
2202 0.267902 -1.267974 
2203 0.264423 -0.990844 
2621 -0.135401 -1.465721 
1639 0.664787 -1.145937 
1642 0.967226 -1.041152 
1030 0.236067 -1.082460 
2334 1.115832 -1.037949 
2046 0.557570 -1.231327 
2048 0.500224 -0.914160 
2599 0.413103 -1.125908 
695 0.889508 -0.951158 
1073 1.194041 -0.949125 
588 0.553663 -1.173892 
2360 0.477147 -0.632594 
955 -0.760421 -1.818194 
293 -0.150971 -1.371742 
2595 -0.999433 -2.363976 
2588 0.669713 -1.154209 
1596 -0.173226 -1.483061 
2193 -0.308575 -1.706193 
1328 0.562608 -1.132066 
1644 -0.297919 -1.509007 
22 0.452219 -1.178650 
169 0.446429 -1.141468 
2180 0.034683 -1.417381 
1476 0.425037 -1.303983 
2028 -0.082634 -1.528312 
49 0.668529 -0.967264 
1748 0.212284 -1.399989 
1771 -0.430303 -1.541905 
2059 0.561970 -1.135868 
2058 0.403189 -1.185221 
2284 0.941164 -1.084370 
743 0.042019 -1.293163 
1135 0.342141 -0.944794 
1551 -0.092400 -1.289862 
599 -0.355308 -1.306784 
393 0.286975 -1.064551 
913 0.193620 -1.004349 
1064 0.259176 -1.142477 
1063 0.267929 -0.948854 
1234 0.559070 -1.080611 
981 -0.082266 -1.359977 
2184 -0.335373 -1.629762 
1199 0.001874 -1.308465 
1735 0.828179 -1.170002 
1830 1.115642 -0.864654 
1702 0.600379 -1.169902 
2396 1.948613 -1.020001 
550 -0.134214 -0.871960 
661 -0.206202 -1.297510 
792 0.503516 -1.081392 
793 0.749802 -1.107269 
496 0.785958 -1.180012 
2397 0.269064 -1.337819 
1952 0.440717 -1.060255 
2405 0.188639 -0.859487 
1196 0.488518 -0.861254 
2618 -0.827897 -2.035008 
1018 0.317652 -1.242681 
1028 -0.040662 -1.021104 
1127 0.570701 -1.124720 
2398 3.054716 -1.376788 
2632 -0.179982 -0.987216 
1953 0.125271 -0.827052 
1954 0.400134 -1.130630 
1480 1.663046 -0.849024 
1506 1.923887 -1.012482 
1436 -0.999281 -2.507674 
2181 0.151265 -1.389619 
2182 0.513815 -1.297167 
1856 1.448241 -0.985658 
1855 2.253064 -1.040037 
135 0.297317 -1.226582 
243 1.128120 -0.965778 
266 1.988722 -1.028545 
2294 0.046915 -1.237665 
1438 -0.120447 -1.149473 
297 -0.136649 -1.152942 
345 -0.196100 -1.420175 
2025 -0.103011 -1.276409 
843 -0.100742 -1.394327 
493 0.901472 -1.024398 
1492 1.492943 -1.029643 
1299 0.694624 -1.110070 
1300 0.292218 -0.886979 
2096 0.512712 -1.257242 
2097 0.366161 -1.038061 
206 0.718962 -0.812585 
208 0.545541 -1.278140 
1657 -0.180475 -1.612493 
522 2.178243 -0.968886 
1280 0.650363 -1.059952 
883 -0.491784 -1.718410 
779 0.127743 -1.145143 
796 0.454110 -1.003905 
750 0.505335 -0.683484 
751 0.161814 -1.260749 
181 -0.164146 -1.571259 
176 0.259464 -1.047067 
1466 0.322892 -1.473288 
1052 0.007833 -1.197358 
2647 0.022449 -0.800344 
244 1.026768 -1.061913 
1972 1.172818 -1.037703 
1004 0.313027 -0.751474 
2190 -0.480776 -1.688134 
1344 0.567493 -1.243025 
10 -0.667710 -1.928089 
9 0.365439 -1.177953 
795 0.375001 -1.223809 
45 -0.043791 -1.349325 
1095 0.489036 -1.177309 
136 0.410315 -1.108233 
1144 0.125816 -1.170357 
1994 0.460417 -0.958681 
1469 0.061359 -1.362591 
168 1.375151 -0.917025 
167 0.045346 -1.447955 
1123 0.391014 -1.229767 
769 0.664724 -0.870371 
2541 0.619914 -1.069656 
2343 -0.028753 -1.263017 
963 1.067547 -0.987460 
577 0.094465 -0.615613 
1610 0.015583 -1.564336 
2596 2.561124 -1.251697 
2597 -0.573844 -1.627913 
42 -0.768231 -2.165334 
982 -0.397737 -1.499452 
2022 0.270353 -1.141524 
1898 0.019047 -1.214562 
2426 -0.399735 -1.746614 
47 0.385760 -1.354027 
1015 2.247859 -1.102175 
732 2.416997 -1.119133 
760 1.548681 -0.930993 
2570 0.718496 -0.997916 
1140 0.326350 -0.749502 
1843 0.908086 -0.896385 
1857 1.808610 -0.967213 
890 0.394953 -1.021091 
2237 0.699912 -0.940576 
2594 -0.681412 -1.891781 
1825 1.068991 -0.980233 
1979 0.305820 -0.986163 
500 0.179869 -1.203130 
1372 0.634688 -1.065100 
1402 0.678901 -1.270145 
1998 1.512783 -1.115405 
2119 0.556897 -1.001066 
1929 0.314512 -1.330142 
2261 0.978125 -1.026902 
624 0.123863 -0.757902 
658 0.207667 -1.642938 
898 0.219699 -0.713527 
1863 1.624727 -0.912236 
2017 0.176878 -0.980625 
1719 1.162401 -0.998865 
1686 0.551099 -1.046881 
562 0.430011 -0.697110 
555 0.664443 -1.279840 
568 1.254155 -0.988088 
2518 0.866383 -1.097818 
2455 0.235557 -1.266700 
2277 -0.604501 -1.687202 
2278 -0.494558 -1.762499 
1593 0.336184 -1.116037 
2414 0.522927 -1.118615 
81 1.024041 -1.226168 
643 -0.028246 -1.297262 
141 0.380192 -1.145146 
142 0.305833 -1.110404 
2358 0.797025 -0.945357 
2231 0.421899 -1.189022 
2619 -1.068818 -2.318310 
367 0.426797 -1.027337 
2288 1.349250 -1.138171 
2253 0.342673 -0.996640 
1990 -0.056804 -1.402425 
1616 0.796438 -1.054312 
684 0.631660 -1.084868 
1273 0.836004 -1.141610 
1272 -0.235870 -1.041144 
504 0.498630 -0.892152 
1351 0.135837 -1.208683 
452 0.982099 -0.770788 
904 -1.150962 -2.484355 
2062 0.283245 -1.094240 
1150 0.650741 -1.141843 
1119 1.193118 -0.978332 
1447 0.814197 -1.174853 
1445 0.413050 -1.262357 
1346 0.760518 -1.201529 
364 0.188045 -1.184965 
1379 0.651273 -1.173626 
1378 -0.008727 -1.134897 
1113 0.576995 -1.112389 
1808 0.886306 -0.994241 
1988 0.286601 -1.229639 
949 0.305412 -1.241604 
1615 0.175766 -1.272454 
2529 0.831190 -0.901344 
1440 0.636383 -1.212850 
1429 0.730056 -1.238163 
1650 0.066504 -1.404928 
115 -0.005699 -1.232195 
761 0.809432 -1.027796 
2429 -0.082533 -0.991317 
2291 2.511679 -1.217300 
931 1.354858 -0.962547 
1219 0.193195 -0.765765 
2001 0.051789 -1.227146 
2567 1.403525 -0.889925 
545 0.670828 -0.974345 
1537 -0.132847 -1.505880 
1732 -0.168255 -1.499736 
25 0.274050 -1.293930 
508 0.268055 -0.549428 
511 1.034805 -0.891145 
2286 1.512298 -0.875636 
286 1.049449 -0.902325 
287 0.887246 -0.892824 
1715 -0.111494 -1.354228 
657 0.149384 -0.758370 
441 0.005928 -0.932678 
813 1.266082 -0.900541 
394 -0.014261 -0.852456 
2127 1.206639 -1.090495 
667 0.500797 -1.007643 
233 1.619729 -0.962306 
2245 0.219097 -0.769439 
1826 0.140133 -1.249525 
2385 0.688709 -0.856979 
595 0.384619 -1.175706 
112 0.466224 -0.658673 
917 0.790550 -1.190235 
64 0.307094 -1.113105 
270 0.470042 -1.370361 
978 -0.546020 -1.699372 
1068 -0.039568 -1.436389 
1067 0.031387 -1.279711 
718 1.426595 -1.018672 
2359 0.217914 -1.074293 
2303 2.240858 -1.098095 
2272 1.572145 -0.978335 
1565 -0.584936 -1.666790 
733 1.176823 -0.945031 
1758 -0.757681 -1.908832 
7 0.364916 -1.236572 
758 -0.142247 -1.436142 
151 0.305666 -0.738958 
1109 0.292269 -1.015055 
1976 0.261269 -1.190125 
1978 0.969078 -1.014359 
609 0.646745 -1.027926 
271 0.902599 -1.018652 
2188 0.099016 -1.302437 
464 -0.152291 -1.391385 
1592 0.297144 -1.030853 
836 0.362035 -1.160819 
840 0.379079 -1.068773 
58 0.330475 -1.178732 
1316 0.043913 -1.341158 
2154 -0.052455 -1.361928 
1563 -0.626743 -1.529617 
2259 -0.832333 -2.136772 
2258 0.353947 -1.013056 
321 0.303336 -1.060833 
59 0.405306 -0.992412 
1169 0.708221 -0.981128 
1294 0.293704 -1.220349 
2175 0.531467 -1.107612 
2014 0.303535 -1.085810 
273 0.276660 -1.054964 
222 0.533142 -1.077151 
627 0.406827 -0.690766 
2105 -1.077715 -2.449933 
2104 2.062835 -1.033757 
1831 1.094562 -1.128916 
1312 0.024155 -1.290452 
989 -0.015449 -1.069111 
1497 -0.149626 -1.581751 
727 1.576060 -0.906757 
2409 0.410745 -1.250826 
1944 0.017501 -1.543218 
426 0.197316 -1.280655 
425 0.333948 -0.770745 
635 1.088181 -0.964809 
2611 -0.129134 -1.444994 
952 -0.302430 -1.267965 
923 -1.466122 -3.243030 
2375 -0.620574 -1.537752 
2373 -0.067458 -1.443658 
1137 0.598431 -1.058118 
2081 0.847831 -0.816931 
231 -0.049919 -1.228891 
437 0.139512 -1.157428 
2244 0.288501 -0.957447 
1509 0.029545 -1.260383 
1277 -0.494391 -1.859025 
2225 -0.079139 -0.913613 
100 0.021722 -0.970178 
573 0.474462 -0.528597 
95 0.141586 -1.218970 
2353 0.971131 -1.094405 
205 0.440240 -0.816692 
207 0.500125 -0.505225 
831 0.026704 -0.831236 
1395 0.067111 -1.326946 
804 0.481083 -0.639889 
964 -0.448083 -1.571920 
1726 0.763664 -1.226444 
1736 0.116928 -1.212242 
876 0.673517 -1.148908 
1816 2.778191 -1.292329 
1630 -0.553293 -1.652607 
1955 0.119343 -1.224553 
834 0.557193 -1.175745 
1791 1.417809 -0.946295 
1789 0.192628 -1.164782 
1850 0.456092 -1.119140 
495 1.766587 -1.116351 
2364 0.171338 -1.114791 
111 0.485304 -0.765269 
453 0.431364 -1.025348 
2555 -0.001938 -0.832249 
2553 0.193790 -1.247763 
1276 -0.490084 -1.763789 
2071 0.515138 -1.176731 
1731 0.647598 -0.902827 
845 0.337987 -1.133085 
848 0.173626 -1.080828 
2533 0.411042 -0.888489 
1942 0.596856 -1.216495 
1943 -0.595302 -1.632217 
2307 -0.287212 -1.565830 
2315 0.311692 -1.152014 
2008 0.140044 -1.363965 
1013 0.925613 -0.994985 
1012 0.240157 -1.257970 
749 1.357139 -0.951464 
218 -0.125985 -1.445936 
2179 1.010222 -1.173138 
204 1.105456 -0.840353 
494 0.593286 -1.238966 
1868 0.429940 -1.200474 
2616 0.183968 -1.044938 
1357 0.013678 -1.304052 
1358 0.063678 -1.097376 
838 0.010697 -0.832835 
2327 -0.862444 -2.109075 
2382 0.620249 -1.187367 
535 2.326946 -1.062267 
1361 0.075861 -1.281746 
1367 0.027843 -1.145953 
687 0.199778 -1.233648 
669 0.498802 -1.094680 
1636 0.476525 -1.103140 
1634 0.224337 -0.799697 
532 2.449079 -1.083387 
2069 0.282243 -1.253424 
2157 0.710531 -0.961143 
2147 0.285935 -1.288575 
1547 0.949035 -0.980428 
965 -0.120223 -1.367646 
648 1.546902 -1.065319 
1442 0.628081 -1.061774 
344 0.516545 -0.839198 
432 0.957868 -1.088955 
2481 0.212865 -0.876122 
1534 0.867004 -1.065721 
1463 -0.080088 -1.099757 
1176 1.331135 -0.942076 
1526 0.661058 -0.970012 
1527 0.575151 -0.993466 
1279 0.572876 -1.073013 
2197 0.673524 -1.123410 
44 0.830035 -1.115122 
798 0.725608 -0.996593 
2220 -0.552191 -2.022603 
954 0.058936 -1.179382 
574 -0.143017 -1.209828 
770 0.850095 -1.132463 
803 0.245348 -1.099430 
185 0.200620 -0.903553 
699 0.983128 -0.863281 
1894 -0.566785 -1.674457 
1832 0.725545 -0.866988 
2449 0.025741 -1.499238 
1984 1.237355 -0.934574 
2497 0.544584 -0.552579 
1058 0.352308 -1.379914 
1017 1.522928 -0.924055 
1450 -0.371577 -1.748529 
2095 0.874737 -0.473351 
336 -0.083474 -0.920972 
1872 1.037338 -0.955046 
469 -0.206600 -1.068225 
2528 0.211203 -1.288451 
1317 -0.072292 -1.360919 
1142 1.542998 -1.162934 
1773 0.206747 -1.194334 
1519 0.705235 -0.690450 
1034 0.276129 -1.119677 
1362 0.328136 -1.326209 
470 0.610892 -0.694090 
1302 0.307120 -0.831600 
1303 0.309694 -1.044687 
1431 1.062683 -1.136390 
1056 0.411490 -1.080248 
1781 0.618590 -1.173787 
1780 0.123277 -0.894381 
1467 0.916987 -1.240582 
370 0.517177 -1.042671 
1866 0.762527 -1.083117 
1670 0.373429 -1.096392 
578 0.199015 -0.826186 
2444 -0.169903 -1.618810 
70 0.347471 -0.846826 
46 0.671987 -0.872527 
1620 1.181088 -0.833118 
547 0.832760 -1.150755 
546 0.566222 -1.036437 
1082 0.093107 -1.383111 
961 -0.669220 -1.878528 
2206 0.716868 -0.815061 
887 -0.864363 -2.136844 
1829 0.617381 -0.915826 
1818 1.080281 -1.097761 
3 0.214167 -1.382180 
1069 0.356140 -1.141544 
291 0.357087 -0.801546 
1733 0.269069 -1.333290 
612 0.281457 -0.861147 
1055 0.900612 -0.935124 
1053 0.266056 -1.372021 
2013 0.418108 -1.177281 
1262 0.285266 -1.263982 
808 -0.042822 -1.214752 
1522 0.180114 -1.008362 
1090 0.792600 -1.064551 
2077 0.150887 -0.835031 
2251 0.415080 -1.263642 
1669 0.496457 -1.102044 
1879 0.546523 -1.165997 
1878 0.607372 -0.882321 
842 0.158695 -0.903682 
80 1.095454 -0.908713 
1860 1.846289 -0.916319 
242 1.246623 -0.979666 
1619 0.125216 -0.993779 
1722 0.394539 -0.653708 
882 -0.353161 -1.732722 
1584 0.387431 -0.963497 
2131 0.131982 -1.188462 
376 1.254836 -0.842898 
153 0.151735 -1.234913 
325 0.611702 -0.622949 
319 0.720697 -1.082188 
809 0.380219 -1.043835 
1047 0.231314 -1.151697 
2631 0.801339 -0.942932 
2642 1.028948 -1.034922 
2476 0.184248 -1.198926 
442 0.076008 -1.245895 
832 0.189084 -1.243371 
1594 -0.413403 -1.859931 
1580 0.268665 -0.997684 
968 -1.248213 -2.771627 
1648 -1.303467 -2.772123 
936 0.018119 -1.421694 
481 0.770788 -1.074075 
480 1.742380 -0.925177 
2604 0.388603 -0.630421 
1126 0.930463 -0.978453 
1230 0.251945 -1.101139 
1400 0.275956 -1.277182 
1560 0.650142 -1.129006 
217 0.279523 -1.157655 
2479 0.408784 -0.809962 
2530 0.537678 -0.656183 
2357 0.776867 -1.034258 
693 0.898669 -0.838495 
235 0.553048 -0.788974 
2434 0.320401 -0.666421 
1900 -0.043241 -0.772763 
1511 0.086225 -1.471594 
1591 0.334985 -1.077314 
1363 0.349947 -0.784330 
1072 0.773486 -1.175175 
289 -0.069224 -1.517595 
2176 0.334301 -1.090165 
1896 0.127913 -1.609883 
2480 0.462014 -1.150813 
2607 -0.294478 -1.483585 
31 0.764863 -1.202048 
75 0.371054 -1.349170 
1861 1.301024 -0.786157 
1308 0.393379 -1.130638 
1313 0.277467 -1.228791 
1211 0.510263 -0.697732 
771 -0.025092 -1.330851 
419 0.214472 -1.106400 
418 0.590734 -1.154351 
140 0.457766 -0.751398 
1805 1.428613 -1.072528 
1105 0.304386 -1.167285 
1421 0.669726 -0.940849 
1214 0.202052 -1.071400 
679 0.547499 -1.183557 
680 0.147614 -1.121681 
893 0.911983 -0.863591 
294 0.297717 -0.801867 
304 0.246188 -0.991900 
2640 0.295579 -0.826530 
1232 0.263429 -1.053644 
326 0.821672 -1.128085 
1793 1.735188 -0.901650 
1794 -0.375363 -1.847119 
1676 0.579554 -1.008679 
2462 -0.007369 -1.520929 
1502 0.980284 -0.893922 
2269 0.263964 -0.963542 
2047 0.740922 -1.088479 
855 0.185574 -1.324094 
1088 0.425259 -1.104245 
2279 -0.053339 -0.968153 
1464 0.157511 -1.109171 
1549 0.265846 -0.966024 
1550 0.517993 -1.111336 
2362 -0.196222 -1.162127 
1945 -1.173553 -2.662803 
32 0.321967 -1.311662 
54 0.638738 -0.942411 
139 -0.206902 -1.284266 
97 0.374944 -0.696287 
802 0.681457 -1.073506 
1566 0.175141 -0.735213 
1587 0.370083 -1.484167 
2470 0.135372 -1.528330 
2469 0.133963 -0.747633 
1257 0.329086 -0.730617 
1613 0.889897 -1.181606 
1939 0.453793 -0.957968 
178 -0.319845 -1.587562 
2404 0.262370 -1.123242 
2146 0.449018 -0.995278 
2521 0.753304 -0.989507 
801 0.721625 -0.963520 
1691 0.769694 -0.957269 
1795 2.378424 -1.098202 
1883 0.553845 -0.767545 
1882 0.407898 -1.404834 
2267 0.479901 -1.003686 
2558 0.093088 -0.825928 
417 0.479998 -0.963259 
416 0.249634 -0.644986 
1321 0.510551 -0.881886 
740 1.828901 -1.018427 
1391 -0.192010 -1.528219 
1392 -0.201723 -1.420743 
1221 0.317315 -0.983999 
1505 0.797506 -0.889434 
745 0.350730 -1.184314 
1772 -0.094480 -1.500867 
2250 0.301861 -1.272798 
1507 0.248220 -0.735641 
2057 -0.503699 -1.753418 
924 -0.296828 -1.368695 
2082 0.273055 -0.744808 
810 0.862063 -0.672193 
821 0.271876 -1.185394 
1326 0.907024 -1.004189 
902 0.159108 -1.138513 
347 0.625843 -0.764030 
2214 0.182934 -1.613709 
1307 0.581124 -1.017738 
1305 0.342583 -0.989608 
1304 -0.024567 -1.305255 
552 0.862902 -0.979024 
450 0.248560 -0.755343 
592 0.555106 -0.997927 
2445 0.582086 -1.064435 
1070 0.331066 -0.963115 
1708 0.330581 -0.777436 
1707 0.446861 -1.149661 
1449 0.104746 -1.016221 
1446 0.601810 -1.157709 
2295 1.932434 -0.970258 
1425 0.304310 -1.154362 
1997 0.000716 -1.292767 
1996 -0.276499 -1.561750 
972 -0.111313 -1.239925 
1930 0.229390 -0.828670 
2345 0.106163 -1.012747 
2132 1.003042 -0.773416 
1797 1.173551 -1.132555 
1249 -0.138050 -1.546213 
1385 0.205862 -0.605461 
1336 -0.048390 -1.523291 
1750 0.117680 -0.880226 
259 0.404409 -0.995774 
2246 0.312670 -0.882827 
815 2.684964 -1.283961 
776 0.434850 -1.242909 
1763 0.313565 -1.040581 
912 0.133648 -0.861775 
911 0.220070 -1.198992 
1673 0.818065 -1.008258 
2241 0.501309 -0.907289 
1918 0.432828 -0.957820 
1486 1.196857 -1.039672 
1343 0.988364 -0.975674 
1564 1.181244 -1.090812 
656 0.771439 -1.014409 
1218 -0.097242 -1.494858 
1217 0.268934 -0.897665 
1824 0.307115 -1.273502 
1271 0.474642 -1.029298 
2210 0.522979 -0.945198 
1887 0.341202 -1.343775 
1577 0.630883 -1.150075 
2499 1.195919 -0.929067 
2473 0.107353 -0.759169 
865 0.864407 -0.780630 
824 0.648186 -1.148750 
2319 -0.986254 -2.144243 
2060 1.009612 -0.925242 
730 0.485916 -1.077016 
668 0.233025 -0.969882 
2153 0.383234 -0.730860 
1517 0.466018 -0.920812 
1516 0.233123 -1.086625 
1121 1.145962 -0.963291 
1915 0.429814 -1.062041 
1916 0.226874 -1.192002 
611 0.298160 -0.995714 
937 0.189505 -1.242846 
2015 1.199739 -1.083455 
554 0.682622 -0.927005 
2005 0.519100 -0.604411 
944 0.473172 -1.074023 
1515 0.240105 -1.149491 
331 -0.457240 -1.582112 
1093 1.011847 -0.985512 
2408 -0.821054 -2.058988 
489 1.049772 -1.040399 
2544 0.591059 -1.147868 
1204 0.047582 -0.986037 
163 0.838154 -0.910824 
570 0.554048 -0.937315 
1512 0.452537 -0.981955 
584 0.352955 -0.952321 
171 -0.121589 -1.324680 
170 0.582225 -1.125122 
767 0.482755 -0.692805 
1371 0.719614 -0.883895 
1710 0.153958 -0.906815 
83 0.421094 -0.631820 
523 -0.586292 -1.829890 
1885 0.334693 -1.192720 
1149 0.498364 -0.899636 
1714 0.388276 -0.747711 
308 -0.389822 -1.474486 
2224 0.526047 -1.118383 
1924 0.235179 -1.419289 
491 0.736948 -1.158880 
1130 -0.050938 -1.293590 
524 1.003929 -0.881982 
1333 -0.740076 -1.921625 
1334 -0.118542 -1.545503 
1143 1.670456 -0.930074 
734 -1.048349 -2.175324 
1546 0.539804 -0.987613 
1700 -0.174178 -1.421324 
1699 0.705862 -0.987461 
187 -0.361160 -1.745933 
186 0.201337 -1.528615 
123 0.266520 -1.149458 
1638 -0.119789 -1.660779 
2453 0.620617 -0.893289 
1453 0.519947 -0.840370 
932 0.716183 -0.973614 
933 0.493750 -1.052546 
1224 1.540409 -0.869325 
1709 0.409113 -0.788306 
1586 0.651780 -0.861342 
1576 -0.347852 -1.562946 
261 1.771597 -0.910309 
173 0.311997 -1.064336 
298 0.290607 -0.845460 
232 0.154885 -1.283210 
1462 0.489790 -1.090797 
1461 0.163088 -0.730361 
96 0.403602 -0.744694 
1359 0.545374 -0.954691 
2568 0.269867 -1.255154 
2569 0.038589 -1.231628 
2400 0.103002 -0.717195 
995 0.264398 -0.760762 
1740 1.495723 -1.185361 
1753 -0.586791 -1.749805 
709 0.134740 -0.609582 
14 0.633173 -0.906065 
172 -0.111933 -1.400376 
2392 0.532831 -1.189345 
513 0.319156 -1.022802 
1741 0.503552 -1.363385 
375 -0.290595 -1.137066 
1233 0.106960 -1.436754 
655 0.782417 -0.939543 
980 -0.290051 -1.253803 
556 0.933326 -0.913625 
1658 0.602330 -0.545391 
632 1.281393 -0.978108 
1488 -0.026451 -0.907574 
755 0.714665 -0.971158 
780 0.300653 -0.672159 
2167 0.249799 -1.171483 
2348 0.104995 -1.019998 
2349 0.722574 -1.072063 
281 0.373850 -0.791825 
2557 -0.004264 -1.602540 
2556 0.482696 -0.939363 
1129 0.522297 -1.030640 
107 0.337894 -1.087141 
1094 0.346874 -0.761321 
1103 0.845945 -1.023034 
1014 0.071825 -1.017297 
1005 -0.216336 -1.626641 
677 0.903210 -1.024598 
224 0.055823 -1.430222 
2384 0.374533 -1.067243 
2478 0.948546 -0.820020 
2402 0.433208 -0.638480 
581 0.117737 -1.165579 
1774 0.868907 -1.140300 
342 0.032966 -0.801046 
1251 0.365181 -0.743001 
1274 -0.190029 -1.631369 
514 0.289458 -1.139961 
1390 0.416002 -0.926661 
948 0.714891 -1.016827 
1967 0.391712 -1.058630 
1836 -0.190185 -1.376853 
2432 0.954457 -1.029053 
26 0.409551 -1.289003 
690 0.970728 -1.163686 
1433 0.082845 -0.884560 
148 0.427990 -1.150496 
431 0.220294 -0.838969 
566 0.386356 -0.761676 
565 0.400037 -1.275182 
971 0.326923 -0.942531 
147 0.563470 -0.681857 
816 -0.663274 -1.895076 
475 0.609302 -0.939753 
753 0.444980 -1.271451 
1792 0.599604 -1.171299 
1786 0.446028 -0.693605 
2222 0.339747 -0.861621 
1912 0.262804 -0.963773 
350 0.344354 -0.681465 
351 0.310776 -1.188535 
2645 0.000379 -1.296387 
1297 0.936860 -1.009760 
1345 0.094475 -1.361758 
2248 0.034727 -0.973829 
2204 0.417493 -1.204171 
1747 0.096118 -1.481876 
689 0.222568 -0.714399 
6 -0.196082 -1.440041 
993 -1.032886 -2.242610 
992 -1.271051 -2.780502 
110 0.772478 -0.629266 
2100 0.455861 -1.342920 
2641 0.457898 -1.095988 
2249 0.289372 -0.671440 
549 -0.662886 -1.833137 
1602 0.681535 -0.977831 
1652 0.343272 -0.815050 
1267 0.346973 -0.912052 
2341 0.160697 -1.074689 
527 1.295078 -0.981535 
835 0.040022 -0.965815 
1890 0.397991 -1.222354 
2437 0.407685 -1.002676 
2006 0.380070 -0.818921 
2021 0.179111 -0.851610 
2380 0.333797 -1.004911 
1754 0.541020 -0.693096 
1775 0.384664 -0.770120 
746 0.266415 -1.087576 
1601 0.154304 -0.783832 
757 0.357605 -0.712611 
410 0.390261 -1.272025 
2379 0.812572 -1.010779 
430 0.663879 -0.891940 
398 0.414857 -0.832421 
1510 0.768881 -0.934121 
1403 0.163289 -0.828314 
2346 0.849965 -0.912412 
1544 0.370139 -0.991301 
1106 0.357307 -1.128668 
1790 1.104892 -0.917012 
2559 0.184984 -1.091886 
1555 0.601400 -1.140976 
2435 0.066739 -0.867072 
462 -0.605737 -1.720166 
646 0.117468 -0.806701 
389 -0.057912 -0.876266 
2318 -0.093704 -1.479425 
1389 0.196665 -1.343336 
604 0.638111 -1.036566 
603 0.630175 -1.041366 
1083 0.293454 -1.087573 
1913 -0.034115 -1.230600 
1914 -0.172260 -1.765732 
332 -0.263619 -1.063636 
930 1.112200 -0.952621 
1253 0.160479 -0.791566 
2108 0.605670 -0.668323 
1151 0.168494 -0.794806 
322 0.422074 -0.651546 
2451 0.048733 -0.585979 
2458 0.265216 -1.379614 
264 0.287821 -0.622631 
265 0.236681 -1.011782 
956 0.299815 -1.137491 
1339 0.133295 -1.237304 
947 0.408259 -0.658204 
1465 0.403474 -1.047518 
1194 0.891193 -0.847982 
2471 0.275237 -0.682339 
2584 0.284681 -0.699031 
789 0.462737 -0.991163 
2410 0.309816 -0.718526 
2463 0.359475 -0.667033 
2419 0.642226 -0.889931 
2418 0.165094 -1.239511 
1701 0.526680 -0.676360 
460 0.222485 -1.208417 
2112 0.126319 -1.469377 
867 0.014826 -1.292437 
2336 0.578974 -0.768911 
664 0.022432 -0.945757 
665 0.278827 -1.405457 
1401 0.749348 -1.048839 
1104 0.386287 -1.148638 
787 0.828525 -1.162246 
2274 0.132569 -0.900440 
2563 -0.497018 -1.556466 
2271 0.139139 -0.585408 
2106 2.523916 -1.094484 
1323 0.275574 -0.813751 
1322 0.501943 -1.055136 
628 0.433542 -0.560655 
2255 0.257535 -0.817748 
1396 0.345359 -0.980455 
892 -0.024335 -0.907469 
2579 0.121568 -0.728914 
2287 0.517287 -0.853930 
1468 0.235628 -1.184475 
1590 0.259717 -1.281871 
1077 0.264879 -0.746714 
777 0.122192 -0.773342 
946 0.578613 -0.874153 
945 0.885239 -0.866394 
1009 1.098289 -0.723811 
1839 0.441306 -1.103433 
253 0.132523 -0.847783 
378 0.168173 -0.831935 
625 0.050410 -0.816176 
1487 0.181174 -1.100542 
1603 0.635870 -1.017309 
896 0.241678 -1.031127 
369 0.269137 -1.210366 
429 0.388407 -0.755835 
1080 0.234553 -1.190196 
57 0.382523 -0.875392 
2504 0.234061 -1.094890 
214 0.326969 -0.741493 
1376 0.518419 -0.520241 
1301 0.227364 -1.151948 
654 0.276641 -0.893939 
1098 0.316380 -1.062675 
436 0.425222 -0.488414 
465 0.333850 -0.732612 
811 0.949545 -1.097958 
2283 -0.181643 -1.372895 
724 0.636457 -1.059183 
1705 0.361912 -0.931427 
1745 0.266172 -0.748936 
1293 0.347411 -0.662438 
786 2.149124 -1.049644 
424 0.783925 -0.971434 
1023 0.131803 -0.839260 
600 0.459637 -0.736976 
610 0.864547 -0.955059 
315 0.168834 -0.772622 
620 -0.169553 -0.808805 
374 0.584070 -0.597565 
866 0.967811 -0.834027 
614 -0.036475 -1.056785 
773 0.078018 -1.274057 
2173 -0.491293 -1.626472 
806 0.639541 -0.895980 
1667 0.503747 -0.746644 
371 0.846045 -0.713822 
868 0.268522 -1.064949 
277 0.782552 -0.802086 
704 0.349148 -1.215149 
839 0.171642 -0.617719 
1248 -0.042654 -1.043096 
569 0.364464 -0.928845 
411 0.440259 -1.159341 
1834 0.292791 -0.689320 
1414 0.529280 -1.041433 
567 -0.031711 -1.153324 
666 0.382344 -0.716744 
731 2.125290 -0.953496 
2070 0.554369 -0.682406 
1609 0.483223 -0.969951 
692 0.435439 -0.679339 
994 0.105284 -0.950471 
1437 -1.049215 -2.270834 
1171 0.465325 -0.785954 
1633 0.161514 -1.414386 
1158 0.599502 -0.825257 
119 0.301355 -0.916124 
737 0.421594 -0.766258 
593 1.047155 -1.003232 
2527 0.503567 -0.939318 
1974 0.081561 -1.093410 
482 -0.707215 -1.657628 
518 0.557298 -0.777834 
1749 0.470874 -0.659295 
1776 0.259119 -0.804041 
117 0.061868 -1.212528 
2044 0.423466 -0.686925 
543 0.651623 -0.767439 
1061 0.581489 -0.666416 
591 0.101913 -0.695574 
2606 0.002242 -0.938172 
1278 0.860999 -0.569972 
2252 0.342245 -1.175658 
1377 0.462387 -0.676776 
2401 0.029936 -0.879988 
2354 0.872403 -1.076843 
629 0.764972 -0.987457 
1048 0.370856 -0.803365 
396 -0.036657 -0.731877 
891 0.337785 -0.435117 
1309 0.221156 -0.981057 
899 0.403645 -0.753385 
2368 0.400754 -1.007154 
1558 0.410198 -0.580032 
2646 0.518658 -0.926626 
348 0.348626 -0.848316 
715 0.375753 -0.883915 
1289 0.282713 -0.757043 
1870 0.137346 -0.912151 
1287 0.267046 -0.748783 
1966 -0.011940 -0.846206 
386 0.601412 -1.018573 
385 0.379467 -0.745500 
144 -0.150862 -1.253241 
1170 0.119877 -0.759575 
1383 0.207442 -0.710187 
1938 0.697365 -1.073500 
1324 0.542177 -0.766376 
1368 0.557515 -0.744703 
2608 0.104181 -1.241798 
2086 0.620868 -1.141810 
161 0.024172 -0.780322 
1264 0.150710 -0.800250 
681 0.308209 -1.070764 
1198 0.376873 -0.696984 
1807 0.419605 -0.673148 
2049 0.563017 -0.872199 
2247 0.460452 -0.525268 
1319 0.472433 -0.707598 
166 0.816013 -0.888298 
397 0.848156 -1.093997 
461 0.417143 -0.737723 
2236 0.440653 -0.903063 
2388 0.145288 -0.772156 
1604 0.389439 -0.783311 
2413 0.598109 -0.693498 
659 0.006569 -0.848516 
953 0.159268 -0.893832 
408 0.323494 -0.793927 
1054 0.445588 -0.734878 
1963 0.365909 -0.802837 
2150 0.193149 -0.668295 
446 -0.002235 -0.896652 
2627 0.177048 -0.889492 
302 0.670281 -0.537003 
520 0.500209 -0.680056 
722 0.037404 -0.676885 
1689 0.183280 -0.765214 
1190 0.084993 -0.898260 
2052 0.389119 -0.730002 
636 0.491690 -0.894982 
