2556 2
1542 -1.481281 0.182632 
1545 -1.386714 0.178897 
1482 -1.132098 0.233133 
1483 -1.114411 0.665256 
1344 -1.087677 0.571600 
1236 -1.033789 0.585544 
366 -1.108373 0.893334 
36 -1.109133 0.622275 
2504 -1.035339 0.520321 
2505 -0.944646 0.436319 
2551 -1.117795 0.395607 
2496 -0.921586 0.868863 
1976 -0.873610 0.613013 
1999 -1.203546 0.578864 
2385 -1.085704 0.850640 
2362 -0.981034 0.729307 
1964 -1.060948 0.907347 
2018 -1.146943 0.506319 
1503 -1.311700 0.318767 
1504 -1.341588 0.231629 
1112 -0.693897 0.450590 
1099 -1.055530 0.555542 
2437 -1.195113 0.458491 
1347 -1.067321 0.498071 
1366 -0.890490 0.914566 
1267 -1.117851 0.638011 
725 -1.134938 0.721596 
724 -1.122228 0.657798 
84 -0.982474 0.710242 
1740 -1.125420 0.866719 
822 -1.121068 0.500090 
1398 -0.826177 0.960462 
2005 -1.309636 0.211021 
2002 -1.013011 0.564514 
782 -1.086910 0.594538 
1753 -1.556028 0.172314 
2059 -0.873815 0.458455 
2070 -0.967847 0.851883 
811 -0.980509 0.752409 
407 -0.983913 0.739955 
1829 -1.113148 0.558551 
1877 -0.860692 0.934189 
449 -1.100954 0.624297 
74 -1.050040 0.807461 
1873 -1.170348 0.588388 
1901 -1.231978 0.413260 
2061 -0.995653 0.701286 
2068 -0.892344 0.629078 
1197 -1.014208 0.828375 
1195 -1.188632 0.499831 
368 -0.940384 0.896329 
358 -1.038251 0.548599 
2111 -1.074570 0.864748 
678 -1.197338 0.698098 
1836 -1.210225 0.493778 
203 -1.211971 0.484908 
498 -0.831201 1.096302 
537 -0.873910 1.122666 
1331 -1.119442 0.564392 
1329 -1.097926 0.710808 
1204 -0.955598 0.549598 
1207 -1.148049 0.303683 
2572 -1.130256 0.402676 
2527 -1.246361 0.334537 
455 -1.110157 0.708406 
453 -1.090618 0.361687 
1505 -1.315148 0.152501 
1510 -1.011882 1.021368 
1880 -0.897382 0.750408 
962 -1.287443 0.627290 
1527 -0.830842 1.078760 
97 -1.169196 0.628544 
1475 -1.403271 0.116553 
1460 -1.047073 0.675318 
2222 -1.110522 0.742986 
372 -1.079394 0.423588 
448 -1.079154 0.691487 
445 -1.272711 0.505999 
495 -1.113750 0.607811 
501 -1.095067 0.607729 
1522 -0.885177 0.933533 
803 -1.286486 0.514600 
191 -1.000135 1.237763 
155 -0.979143 0.978158 
1717 -1.217249 0.374767 
1718 -1.439285 0.305093 
1130 -0.978122 0.884966 
1136 -1.009816 0.758819 
2395 -1.042642 0.782373 
2349 -0.850329 0.977695 
302 -1.298766 0.406334 
315 -1.251447 0.421548 
237 -1.191973 0.310646 
238 -1.039847 0.325469 
1665 -1.201173 0.724579 
2291 -1.072252 0.475041 
1797 -1.241213 0.434602 
58 -1.165010 0.537937 
17 -1.142993 0.689329 
57 -0.972571 0.980869 
1246 -0.998103 0.681716 
1247 -1.021090 0.663375 
2008 -1.126562 0.550556 
1325 -1.235379 0.540524 
1878 -1.006843 0.582178 
747 -0.979046 0.888345 
1413 -1.034290 0.459850 
1575 -1.252884 0.368407 
1566 -1.079016 0.335098 
104 -1.106977 0.444090 
88 -0.942332 0.914930 
1743 -1.235679 0.380029 
1764 -1.277794 0.686653 
2462 -1.018155 0.709310 
2436 -1.014882 0.600263 
2148 -1.032920 0.755241 
2177 -1.004523 0.862311 
645 -1.179806 0.431385 
617 -1.044256 0.547579 
1484 -1.403082 0.148119 
1468 -1.378488 0.300881 
1363 -1.126219 0.664981 
1340 -1.210598 0.729353 
2103 -1.091809 0.851470 
343 -1.392705 0.292817 
616 -1.095196 0.716169 
1497 -1.205200 0.409945 
1536 -1.079889 0.763607 
970 -1.287876 0.296419 
978 -0.972220 0.608819 
1818 -0.932957 0.592797 
1288 -0.974800 0.924391 
2096 -1.350090 0.384499 
751 -1.009161 0.971913 
1592 -1.343248 0.237955 
353 -1.061977 0.475890 
1763 -1.185699 0.716265 
2537 -1.257978 0.297730 
2407 -1.125521 0.547813 
1068 -1.138908 0.575232 
1070 -1.187846 0.534944 
2546 -0.962597 0.664341 
2543 -1.142735 0.635884 
1819 -1.011674 0.823147 
265 -0.927853 0.722499 
1667 -1.298757 0.495316 
192 -1.203439 0.577950 
493 -0.806979 0.684355 
1858 -1.117517 0.502598 
1859 -1.012901 0.764787 
276 -1.350086 0.167783 
261 -1.181627 0.361067 
1844 -0.750269 0.402478 
1810 -1.047091 0.349873 
187 -0.913887 0.844659 
162 -1.024420 0.726484 
2643 -1.016818 0.693716 
2644 -0.886098 0.871314 
1513 -1.231016 0.348684 
1440 -0.966527 0.710349 
2607 -1.102459 0.297879 
2629 -0.951167 0.539956 
1135 -0.936751 1.017713 
1143 -1.090207 0.738470 
148 -0.921441 0.690433 
2019 -0.948613 0.728019 
2170 -0.989084 0.917874 
2173 -1.199391 0.600216 
2564 -0.971385 0.756594 
2585 -1.106191 0.503626 
556 -1.165972 0.493732 
1656 -1.195574 0.430752 
1223 -1.136734 0.301779 
1220 -0.982842 0.596698 
837 -1.285458 0.483803 
1019 -1.136574 0.466164 
1002 -1.146026 0.385430 
2172 -1.242193 0.516705 
2171 -1.011047 0.973182 
72 -1.112766 0.763685 
113 -1.041215 0.740886 
1916 -1.207774 0.528458 
2175 -0.930452 0.944188 
2122 -0.852715 0.974835 
2123 -1.100297 0.375163 
543 -0.971436 0.189123 
546 -0.953024 0.555643 
1306 -0.885397 0.923393 
383 -1.137573 0.339800 
1625 -1.028620 0.793584 
1627 -1.154527 0.655233 
2402 -1.208674 0.465824 
2403 -1.035499 0.537075 
1741 -1.218183 0.468098 
2365 -1.125671 0.607617 
1811 -0.901108 0.746829 
1814 -0.955487 0.741802 
2351 -0.929107 0.267220 
2350 -0.954108 0.786647 
1815 -1.091619 0.564546 
1145 -0.946485 0.711905 
446 -1.045887 0.549524 
2271 -0.921230 0.657136 
2055 -1.014767 0.626639 
2075 -1.086359 0.471046 
711 -1.081897 0.280079 
669 -1.117188 0.795276 
318 -0.947243 0.945961 
2207 -1.194402 0.600517 
1779 -1.349844 0.612173 
1119 -1.029185 0.587261 
2574 -1.075077 0.532437 
1445 -1.135046 0.397754 
1421 -1.196772 0.519228 
2359 -0.938192 0.783457 
468 -1.016497 0.560386 
53 -0.696704 0.874531 
9 -0.836296 0.522716 
1334 -0.821277 0.911566 
1324 -1.080734 0.826657 
347 -0.772998 0.800444 
356 -1.159851 0.691081 
957 -0.942593 0.314868 
1052 -1.241112 0.470192 
1037 -1.112009 0.715454 
764 -1.220118 0.361746 
211 -0.945457 0.815784 
838 -0.921350 0.892930 
814 -1.168332 0.585160 
734 -0.910210 0.829943 
90 -0.942801 0.908546 
1640 -0.959838 0.941726 
1634 -0.933535 1.111362 
1747 -1.319833 0.427605 
1734 -1.509653 0.301121 
313 -1.106730 0.484799 
293 -1.270862 0.306418 
1643 -1.168353 0.485936 
1641 -1.279872 0.377778 
1345 -0.999929 0.717307 
1752 -1.409971 0.393217 
299 -1.247142 0.304365 
278 -1.181602 0.268803 
1949 -0.858738 0.348329 
2517 -1.045364 0.335371 
1773 -1.296660 0.678554 
1940 -1.084080 0.403492 
1939 -1.294404 0.359520 
2310 -1.136771 0.340730 
2294 -1.054691 0.550560 
112 -1.105565 0.516611 
76 -1.141173 0.558078 
124 -0.949088 0.918256 
879 -1.058616 0.780402 
2127 -1.150893 0.503114 
786 -1.053610 0.657553 
756 -0.883529 0.579984 
2340 -1.092706 0.419608 
773 -1.160877 0.715140 
1174 -0.543444 0.220334 
1176 -1.044739 0.643923 
378 -0.921519 0.966756 
1580 -1.111575 0.603627 
886 -1.193209 0.436927 
964 -1.082111 0.704302 
1062 -1.087836 0.410307 
527 -0.932003 0.758996 
478 -0.966573 0.769557 
240 -1.198242 0.157139 
204 -1.254307 0.478182 
1399 -0.730279 1.202864 
2648 -0.893424 0.350222 
2590 -1.113150 0.589834 
598 -1.104413 0.585267 
2463 -0.977405 0.997908 
2458 -1.167590 0.373087 
2131 -0.952806 0.448165 
2006 -1.066922 0.439211 
620 -1.273514 0.465259 
2186 -1.107291 0.529686 
2581 -0.978453 0.589009 
2540 -1.423237 0.492846 
1045 -0.521520 0.170529 
1953 -0.718978 0.419649 
153 -1.047484 0.749147 
1644 -0.823706 0.864209 
1645 -1.188118 0.526423 
1222 -1.085287 0.495177 
415 -1.129787 0.542234 
2503 -1.004668 0.384718 
1830 -0.915572 1.133781 
2434 -1.223532 0.339963 
2416 -0.981887 0.568437 
1425 -1.172227 0.608037 
1420 -1.304740 0.344524 
1187 -1.446039 0.242974 
1989 -1.054834 0.387372 
1349 -1.238675 0.483148 
1348 -1.022127 0.776696 
1688 -1.252811 0.509811 
1650 -0.782465 1.111250 
953 -0.923528 0.805058 
959 -1.124319 0.560313 
420 -1.117380 0.573366 
388 -1.232538 0.343857 
1754 -1.526362 0.251233 
1699 -1.411292 0.296963 
1451 -1.166597 0.691690 
2464 -1.101097 0.369687 
896 -1.165788 0.431473 
681 -1.132581 0.709490 
827 -1.175375 0.436512 
2583 -1.084298 0.331110 
1538 -0.695082 0.650611 
1518 -0.961802 0.913171 
1492 -1.058922 0.585207 
1261 -1.298790 0.367058 
1051 -1.101590 0.783775 
1642 -1.142698 0.453961 
2113 -1.159553 0.428273 
2084 -1.022257 0.857211 
1998 -1.014397 0.895949 
1992 -0.870391 0.648714 
1696 -1.720977 0.085170 
889 -1.305096 0.281906 
227 -1.046224 0.824333 
880 -1.233068 0.567941 
1058 -1.267320 0.189317 
1048 -0.968121 0.346703 
672 -0.927250 0.750512 
963 -1.204179 0.495301 
1585 -1.175689 0.517523 
1573 -1.011937 0.638373 
183 -1.019102 0.717736 
133 -1.045413 0.955293 
1184 -1.213819 0.213815 
1178 -1.217512 0.269523 
477 -1.294689 0.421781 
488 -1.013356 0.706212 
635 -1.183199 0.542188 
1428 -1.080232 0.698790 
1838 -0.991482 0.901075 
224 -0.958704 0.663454 
475 -0.944102 0.683923 
2176 -1.007598 0.737947 
1064 -0.816893 0.794736 
1102 -1.308354 0.290524 
1633 -1.085931 0.743250 
1654 -1.096375 0.487679 
1966 -1.110801 0.550813 
1968 -0.923170 0.881516 
1181 -1.022476 0.416345 
2440 -1.370639 0.092839 
295 -1.092750 0.550197 
301 -0.941143 0.406958 
145 -1.074410 0.571417 
152 -1.064162 0.755043 
508 -1.193056 0.514588 
1089 -1.046006 0.673620 
1085 -1.173611 0.586961 
20 -0.824593 0.470893 
4 -1.087196 0.638757 
2090 -1.194245 0.565394 
2089 -1.104365 0.697603 
208 -1.185073 0.461056 
236 -1.060910 0.689669 
472 -0.926769 0.584234 
1141 -0.788488 1.005694 
1646 -1.448584 0.237857 
1494 -1.180809 0.534213 
1496 -1.100710 0.406957 
2214 -1.075439 0.706933 
2174 -0.906288 0.829992 
2380 -1.233796 0.549721 
2386 -0.948625 1.161210 
1715 -1.505192 0.181621 
1698 -1.463730 0.176713 
689 -1.102289 0.580567 
1446 -1.111162 0.352240 
2326 -0.893705 0.814279 
1889 -0.868413 0.988975 
1899 -0.914525 0.673629 
2411 -1.089733 0.723924 
2412 -1.039428 0.816820 
1359 -1.249798 0.565887 
1327 -1.248636 0.307843 
2187 -0.992729 0.545718 
2183 -1.004182 0.799099 
1864 -0.945675 0.719067 
601 -0.644222 0.322006 
613 -0.926058 0.303251 
1479 -1.213620 0.202294 
1458 -1.224599 0.316073 
675 -1.305758 0.632905 
1567 -1.077580 0.438556 
1885 -0.986139 0.728119 
1892 -0.978573 0.848733 
2230 -0.878295 0.905605 
2154 -1.072559 0.689619 
1657 -1.499327 0.100724 
768 -1.029885 0.784903 
2117 -1.134208 0.661169 
2116 -0.948081 0.321979 
2158 -1.040570 0.736489 
2189 -1.023732 0.577549 
1604 -0.896822 1.089160 
1571 -0.920587 0.974340 
1272 -1.033031 0.531370 
1228 -0.993825 0.553458 
1234 -1.201087 0.492025 
1273 -1.203039 0.655131 
913 -1.198583 0.569064 
284 -0.940787 0.341443 
1619 -1.075199 0.869185 
762 -1.049152 0.772185 
1694 -1.620394 0.164504 
232 -1.160661 0.643279 
2277 -1.087206 0.330615 
2278 -1.081658 0.448883 
1024 -1.250795 0.535140 
736 -1.201193 0.424056 
776 -1.115479 0.615116 
2003 -1.025275 0.871182 
1972 -1.036505 0.577123 
717 -1.005286 0.388809 
715 -1.054364 0.720698 
973 -1.307117 0.496221 
830 -1.071003 0.576297 
826 -1.026639 0.697399 
941 -1.104874 0.993232 
430 -1.121337 0.706899 
2105 -1.130527 0.493744 
275 -1.306049 0.305463 
2238 -0.971622 0.594655 
1960 -1.264664 0.346817 
184 -0.955032 0.524950 
526 -0.869219 1.121900 
944 -1.114603 0.692088 
980 -0.881587 0.757306 
876 -1.111012 0.583993 
2455 -1.119321 0.432929 
2301 -1.057168 0.634006 
2299 -1.132770 0.497774 
737 -1.181615 0.502032 
771 -1.201145 0.274066 
1570 -1.280583 0.224094 
1574 -1.013762 0.548609 
1243 -1.268366 0.395626 
1049 -1.136640 0.348359 
167 -0.895013 1.039089 
196 -0.937660 1.059473 
212 -1.205371 0.299783 
982 -0.935568 0.319488 
947 -1.089341 0.595704 
178 -1.043720 0.710059 
179 -0.859488 1.016696 
2438 -0.852664 0.955220 
1841 -1.175380 0.591492 
2292 -1.314517 0.457930 
2321 -1.272693 0.304581 
1183 -0.721774 0.663212 
1185 -1.004240 0.755281 
304 -1.139110 0.650584 
337 -1.145084 0.647620 
126 -1.140205 0.527153 
128 -1.165534 0.521829 
2076 -1.053507 0.739866 
2077 -1.198009 0.431740 
1164 -1.381402 0.223213 
2106 -1.182279 0.728360 
2043 -1.105510 0.430178 
2035 -0.913314 0.569786 
1714 -1.540417 0.108324 
1713 -1.556501 0.220560 
1733 -1.419774 0.316308 
2078 -1.105393 0.689184 
2079 -1.069063 0.530049 
2630 -1.068726 0.758335 
1583 -1.339026 0.233333 
1587 -1.029866 0.336027 
1148 -1.066207 0.752853 
1144 -0.748096 1.112482 
2539 -1.414052 0.367026 
2538 -1.297997 0.488306 
1807 -1.007386 0.761984 
621 -0.910853 0.805071 
2285 -0.918877 0.798267 
2306 -1.262565 0.286837 
1900 -1.114174 0.678070 
1883 -0.884008 1.114706 
1748 -0.963604 1.015130 
11 -0.901273 0.645917 
2039 -0.947122 0.671905 
872 -1.139720 0.589762 
562 -0.861652 0.682105 
1276 -1.024358 0.509132 
1248 -1.119190 0.695863 
2323 -1.446996 0.126855 
2124 -1.138593 0.468132 
68 -1.123960 0.601038 
63 -1.039153 0.619777 
572 -1.098941 0.507074 
1427 -1.087543 0.735754 
1547 -1.328941 0.169775 
1549 -1.068858 0.420044 
1258 -0.987671 0.919216 
1594 -0.875907 0.858274 
1632 -1.261709 0.406063 
2142 -1.420064 0.372838 
1975 -1.051172 0.523232 
2000 -1.030517 0.759504 
173 -0.825907 0.854446 
510 -1.023616 0.614659 
511 -1.003086 0.722050 
1868 -1.066491 0.706001 
1866 -1.095141 0.639810 
298 -1.102812 0.321755 
335 -1.001478 0.890793 
459 -1.246727 0.321804 
456 -1.120366 0.431135 
704 -1.101770 0.692372 
1648 -1.068524 0.678138 
1564 -1.108909 0.706347 
530 -1.251417 0.524586 
1693 -1.332898 0.475298 
1678 -0.978722 0.802700 
2642 -1.043660 0.566722 
43 -1.215814 0.429637 
38 -1.215839 0.431254 
2529 -0.769238 0.649781 
464 -0.971735 1.066299 
497 -1.288925 0.378126 
2598 -0.927758 0.644381 
2596 -0.884667 0.648133 
571 -0.776640 0.729724 
569 -0.938151 0.959901 
1404 -1.011427 0.856985 
1489 -1.344278 0.309973 
323 -0.999363 0.758543 
310 -1.071871 0.624925 
2445 -0.977277 0.778682 
2478 -1.207130 0.692837 
1802 -1.093354 0.363194 
1798 -1.115883 0.527832 
114 -1.053717 0.375099 
647 -0.964526 1.049708 
190 -0.888111 1.119645 
170 -0.924702 0.987381 
1601 -0.901544 1.024811 
1572 -0.947724 0.783820 
1189 -1.127569 0.744570 
1212 -0.939390 0.666197 
512 -1.102179 0.515586 
2336 -1.048716 0.508209 
2413 -1.060954 0.695199 
2424 -1.279165 0.475232 
2435 -1.038155 0.518252 
1881 -0.848239 0.830393 
2317 -1.278119 0.382988 
2023 -1.150390 0.633803 
1962 -1.217870 0.558186 
581 -0.947787 0.469364 
281 -1.189276 0.477557 
1128 -1.098823 0.803395 
1481 -1.312853 0.173416 
935 -1.076521 0.559988 
1774 -1.254833 0.425332 
904 -1.077082 0.744550 
965 -1.049999 0.940423 
789 -0.844230 0.636366 
2637 -0.836757 1.027163 
443 -0.989677 0.836298 
2396 -1.104743 0.778459 
1599 -0.911863 0.790041 
2016 -1.112976 0.361389 
1978 -1.104075 0.747841 
845 -1.123103 0.418877 
1339 -0.740131 0.813563 
1231 -1.219481 0.417320 
1673 -1.653211 0.205345 
2335 -1.210072 0.298956 
760 -1.097558 0.566167 
948 -1.168107 0.734973 
1122 -1.123476 0.789437 
2363 -1.097727 0.525089 
2404 -1.153606 0.552865 
833 -0.979281 0.856289 
1488 -1.168520 0.384854 
2502 -1.356220 0.398489 
2092 -1.037857 0.537500 
2319 -1.296136 0.278558 
1078 -0.988642 0.968938 
1079 -1.052299 0.898254 
545 -1.008326 0.525274 
567 -0.902724 0.728044 
1636 -0.979561 0.704489 
1637 -1.016934 0.370303 
931 -1.108301 0.385233 
884 -0.939838 0.819860 
563 -0.932361 1.002531 
2399 -1.283337 0.312758 
1626 -1.187160 0.616643 
1799 -1.199753 0.363105 
1817 -1.079968 0.665516 
40 -1.270157 0.507827 
41 -1.218188 0.240778 
922 -0.939149 0.516671 
907 -1.093291 0.585955 
1495 -1.353227 0.097525 
1498 -1.177426 0.467343 
881 -0.888374 0.893874 
625 -1.150263 0.489251 
626 -1.113589 0.690862 
334 -1.142537 0.335045 
277 -1.195191 0.311181 
309 -0.846054 0.632039 
2093 -1.173398 0.377370 
1672 -1.746691 0.001124 
1674 -1.800671 -0.029458 
1029 -1.152082 0.612448 
559 -0.911577 1.083059 
1891 -1.002311 0.757646 
165 -0.999146 0.739784 
1792 -1.030874 0.487315 
1847 -1.054743 0.600158 
427 -1.252951 0.280594 
144 -0.997602 0.511678 
1768 -1.068023 1.011858 
1624 -0.989323 0.694557 
1623 -1.221031 0.330852 
1932 -1.219376 0.448972 
2523 -1.051191 0.639504 
1606 -0.829455 1.263869 
1266 -1.111205 0.658393 
1105 -0.944746 0.853529 
1115 -1.098070 0.476067 
1970 -0.889017 0.977540 
33 -1.017937 0.920903 
1711 -1.293699 0.659050 
138 -1.174898 0.591832 
1371 -0.929105 0.517544 
1336 -0.933756 0.591657 
409 -1.116511 0.528759 
2454 -1.039719 0.601776 
2457 -1.025496 0.676145 
2456 -0.998622 0.665574 
877 -0.982675 1.101002 
2565 -1.303391 0.337568 
2218 -1.241748 0.528317 
2200 -0.907191 1.150061 
823 -0.937010 0.638849 
818 -1.231891 0.548234 
2165 -1.375885 0.339984 
1159 -0.875857 0.697715 
2545 -1.268999 0.212420 
2547 -1.143199 0.365553 
1822 -0.967962 0.662064 
1824 -1.082358 0.812063 
2196 -0.913113 0.700251 
1022 -0.752883 0.744039 
1073 -1.150038 0.569257 
847 -0.987410 0.877657 
932 -1.215928 0.488685 
1950 -0.848665 1.019366 
720 -1.107419 0.706895 
428 -1.280613 0.232188 
425 -1.180745 0.431821 
52 -1.105879 0.392110 
2296 -1.399995 0.092849 
1055 -1.285002 0.551692 
1789 -0.963741 0.904983 
201 -1.066140 0.563723 
2354 -0.937278 0.578395 
209 -1.131677 0.401698 
339 -1.116891 0.737106 
331 -1.205850 0.484349 
1795 -0.894878 0.417073 
1598 -1.043745 0.485544 
1106 -0.966677 0.886357 
351 -1.107952 0.689078 
131 -0.901995 0.921963 
1015 -0.886231 0.450079 
1017 -0.540092 0.562214 
2258 -0.880641 0.698625 
2264 -1.169420 0.463583 
1274 -0.979490 0.727860 
1707 -1.435530 0.232044 
1192 -0.897586 0.723589 
1191 -0.903527 0.583982 
2155 -0.970500 0.684568 
2232 -0.547547 0.618734 
688 -1.150209 0.724409 
2156 -0.836792 1.262382 
2199 -1.056233 0.721844 
316 -1.128089 0.877025 
2227 -0.975530 1.042782 
2051 -0.902888 0.845318 
2053 -1.021427 0.777130 
860 -1.160562 0.511802 
657 -1.065588 0.861379 
28 -1.104416 0.538812 
1280 -0.928075 0.769394 
2311 -1.031904 0.550988 
2308 -0.888615 0.358476 
882 -0.872235 0.817487 
2600 -0.957967 0.791554 
2577 -1.191222 0.615416 
619 -1.035371 0.496576 
623 -0.971094 0.674582 
491 -1.085821 0.653478 
496 -1.243367 0.351764 
121 -1.119908 0.419856 
1233 -1.041498 0.630836 
403 -1.378203 0.455878 
517 -1.026411 0.455098 
490 -1.255102 0.351488 
55 -0.867500 0.748495 
288 -1.156997 0.515666 
2257 -1.094408 0.599506 
2243 -1.061159 0.582309 
1839 -0.978130 0.824669 
2619 -1.175982 0.539797 
2273 -0.672140 0.428553 
2272 -1.111821 0.534132 
2095 -1.258371 0.504848 
1630 -1.023821 0.447691 
1613 -1.086255 0.765563 
1511 -1.104170 0.469486 
2289 -1.085474 0.476956 
2290 -1.100748 0.475059 
2569 -1.039300 0.742887 
3 -1.033163 0.410498 
10 -0.995429 0.811765 
2073 -1.280216 0.380370 
1453 -1.297103 0.230183 
1456 -1.046428 0.354202 
2195 -0.941462 0.706569 
2146 -1.152118 0.635391 
1973 -1.027007 0.844712 
1742 -1.322779 0.563963 
1486 -1.132364 0.596189 
1196 -0.915527 0.556702 
1194 -0.960851 0.880274 
1251 -1.020290 0.480528 
465 -1.088294 0.689675 
679 -1.213093 0.467778 
680 -1.369824 0.406797 
1749 -1.057303 0.749188 
1776 -1.107296 0.289126 
2281 -1.184333 0.374350 
602 -1.341882 0.316039 
2530 -0.965514 0.509950 
2526 -1.503183 0.152248 
2132 -0.943799 0.792002 
949 -1.049118 0.829609 
1054 -0.642340 0.260728 
1963 -1.010139 0.666257 
2049 -1.048254 0.243582 
2608 -1.104217 0.783032 
2013 -1.068299 0.668192 
1466 -1.062349 0.666414 
1158 -0.952061 0.648703 
1157 -0.879447 0.762988 
45 -1.098619 0.642918 
46 -0.991989 0.349150 
587 -1.005032 0.784857 
2288 -1.125234 0.295225 
2275 -1.102399 0.312063 
652 -0.499676 0.184649 
1305 -1.118588 0.406539 
1856 -1.259712 0.457604 
643 -1.035028 0.533351 
1897 -0.837026 0.633175 
761 -1.043652 0.809711 
1588 -1.275274 0.292993 
462 -0.849658 0.984512 
438 -1.041244 0.812991 
174 -0.969216 1.129585 
2161 -1.141880 0.815827 
738 -0.913848 0.761834 
2100 -1.270066 0.596805 
2531 -1.168125 0.302800 
1930 -1.164079 0.281047 
888 -1.163193 0.503971 
1719 -1.552954 0.248980 
1730 -1.283441 0.243292 
360 -0.754358 1.356467 
710 -1.048783 0.503912 
706 -0.938511 0.693108 
2605 -0.909517 0.798313 
2544 -1.300943 0.255588 
346 -1.109865 0.967339 
369 -0.971791 1.026670 
2366 -1.090138 0.596841 
1125 -0.847731 1.158792 
2593 -0.789438 0.914008 
2592 -1.103234 0.621744 
1608 -1.001561 0.781611 
1605 -0.959601 0.786319 
1987 -1.281149 0.317177 
1018 -1.108791 0.635954 
1087 -1.135744 0.417215 
971 -1.091119 0.481915 
936 -1.153020 0.608181 
986 -0.945581 0.963437 
91 -0.931734 0.691365 
92 -1.142415 0.274081 
829 -0.967231 0.859642 
1981 -1.065496 0.396233 
2417 -0.852340 0.741744 
229 -1.004061 0.929721 
230 -1.159870 0.847102 
1218 -1.055741 0.677149 
638 -0.923521 0.957562 
642 -1.309029 0.365222 
990 -0.974636 0.688618 
1515 -1.027995 0.831146 
1202 -0.960158 0.961908 
1203 -0.948462 0.421160 
401 -1.304253 0.405672 
588 -1.085465 0.430720 
2500 -0.887219 0.994627 
321 -1.084254 0.789513 
320 -1.246458 0.503152 
820 -1.371131 0.285539 
413 -1.117061 0.486244 
400 -1.208645 0.303623 
2552 -0.952512 0.676997 
846 -0.900206 0.644399 
1677 -1.231966 0.796795 
1394 -0.799781 0.879137 
2501 -0.838560 0.681877 
1478 -1.268458 0.296778 
123 -0.954469 0.948657 
77 -0.828978 1.197468 
636 -1.052100 0.800643 
1692 -1.527204 0.207255 
673 -1.092709 0.778297 
1023 -0.937936 0.120109 
504 -1.001159 0.604487 
1737 -1.796430 -0.038466 
1777 -0.884898 0.493905 
691 -1.335997 0.346834 
1801 -1.296594 0.302877 
714 -0.844957 0.655991 
2052 -1.061573 0.729613 
1983 -0.980876 0.529061 
1974 -0.929088 0.750637 
565 -0.880455 0.681077 
1292 -0.930509 0.462085 
731 -0.913523 0.827381 
2491 -1.037443 0.488918 
2007 -1.126865 0.570930 
2215 -1.033719 0.401113 
2212 -1.168584 0.430364 
341 -1.191451 0.717054 
2159 -0.900767 1.195800 
585 -1.063697 0.527689 
719 -1.097130 0.733146 
231 -1.014254 0.791076 
1335 -0.974650 0.811962 
1373 -0.768085 0.879628 
1361 -1.074932 0.744321 
1310 -1.173324 0.414166 
1935 -1.197144 0.679965 
2145 -1.306088 0.523153 
2152 -0.871720 0.780498 
528 -0.988523 1.033369 
765 -1.065214 0.721455 
314 -0.955328 0.899861 
1063 -0.916799 0.814494 
911 -1.143449 0.777719 
1705 -1.339671 0.661410 
1706 -1.295627 0.705964 
2083 -1.320414 0.471747 
308 -0.796181 0.687896 
988 -1.137596 0.422164 
2575 -1.156232 0.539968 
1384 -0.961471 0.814796 
1383 -0.941509 1.026469 
1848 -0.795587 0.248205 
1726 -1.165538 0.622942 
1723 -1.326170 0.451506 
2282 -1.133382 0.728610 
235 -1.237509 0.255950 
241 -1.055861 0.675834 
364 -1.152763 0.696431 
2633 -0.978538 0.708415 
2398 -0.946392 0.992128 
2617 -1.032054 0.487945 
2625 -0.924185 0.881142 
1896 -1.191348 0.640653 
1823 -0.985471 0.483210 
405 -1.035595 0.663980 
408 -1.111010 0.627497 
2384 -1.051334 0.754669 
2348 -0.809331 0.853117 
929 -0.990692 0.627214 
2498 -1.059583 0.523793 
905 -1.169869 0.719379 
864 -0.941103 0.803653 
1780 -1.218869 0.748382 
1244 -0.981618 0.627109 
1124 -1.133287 0.692297 
1103 -1.259730 0.474906 
1602 -0.996631 0.560329 
110 -1.069948 0.492886 
1069 -1.127264 0.674697 
1716 -1.733527 -0.035759 
525 -1.114763 0.602504 
402 -1.331157 0.395555 
1281 -0.974379 0.938892 
1346 -1.040323 0.774410 
2280 -1.023434 0.546968 
1443 -1.108572 0.561180 
1476 -1.398167 0.225614 
2429 -0.896872 0.325306 
874 -0.944312 0.639856 
914 -1.399956 0.479485 
912 -0.905035 0.644979 
2646 -1.060686 0.781644 
2409 -1.199633 0.419809 
2027 -1.177911 0.622089 
1879 -1.001078 0.976549 
370 -1.037806 0.605750 
1979 -1.101956 0.614009 
376 -1.095690 0.718799 
2121 -1.021163 0.555584 
419 -1.143292 0.500792 
387 -1.130418 0.370806 
770 -1.252116 0.486041 
1584 -1.038257 0.733387 
2022 -1.057132 0.651412 
1537 -1.050526 0.589352 
2302 -1.119014 0.201050 
1872 -1.252620 0.481343 
966 -1.191493 0.533322 
983 -1.142483 0.789840 
181 -1.103794 0.459786 
552 -1.146680 0.584531 
551 -1.187813 0.482026 
2094 -1.167971 0.535915 
2062 -0.943800 0.495156 
466 -0.964591 0.861555 
1607 -0.809892 1.202814 
2208 -1.105439 0.651546 
1744 -1.423787 0.346951 
1520 -1.004140 0.808374 
1519 -0.823905 1.078133 
1816 -0.877897 0.317349 
1804 -1.327599 0.357717 
437 -1.156215 0.513607 
461 -1.163270 0.307249 
2001 -1.022672 0.679425 
1038 -0.420556 0.405442 
1061 -1.222283 0.385162 
628 -0.961239 0.767714 
1690 -1.052698 1.048036 
1709 -1.010569 0.585544 
894 -0.734995 0.689143 
919 -1.148196 0.347102 
404 -1.249737 0.155698 
1639 -1.091953 0.701454 
705 -0.779180 0.642244 
1595 -0.910080 0.812545 
62 -0.980207 0.912543 
26 -0.946271 0.451572 
2624 -1.124301 0.536665 
2618 -0.866905 0.874432 
1772 -1.283871 0.633620 
1988 -0.918247 0.762145 
1434 -1.015022 0.438746 
1435 -1.024090 0.453478 
1616 -1.064564 0.723179 
887 -1.059379 0.591759 
1921 -0.817104 0.837814 
1543 -1.200948 0.254335 
222 -1.107892 0.741365 
1269 -0.912137 0.829040 
1407 -0.974444 0.754044 
291 -1.029890 0.867879 
1126 -1.037282 0.625844 
1127 -0.913270 0.835443 
1137 -0.932497 1.009541 
1997 -0.867898 0.966100 
1846 -1.107035 0.774446 
1845 -0.412701 0.296407 
2064 -0.944963 0.466458 
2058 -0.906753 0.558910 
2098 -1.396841 0.378623 
2080 -1.136654 0.731676 
1725 -1.228683 0.551704 
1724 -1.221861 0.460189 
166 -0.970582 0.864752 
665 -0.961443 0.986435 
655 -1.196957 0.602198 
1524 -0.823405 1.155958 
2631 -1.080556 0.578321 
267 -1.262054 0.377688 
2535 -0.811140 0.593738 
1670 -1.061322 0.672532 
1756 -1.401055 0.431391 
1490 -1.126798 0.234533 
2382 -1.045458 0.865545 
2379 -1.091529 0.596262 
245 -1.138657 0.560383 
249 -1.174389 0.293334 
2231 -1.085963 0.850073 
342 -0.963979 0.766658 
2188 -0.558814 0.517576 
2266 -0.799699 0.731624 
71 -1.185247 0.464507 
482 -1.186427 0.524059 
582 -0.588494 0.580531 
614 -1.028735 0.518507 
584 -1.290629 0.392261 
641 -1.113198 0.757264 
1090 -1.046062 0.934277 
788 -1.331116 0.269550 
797 -1.211635 0.513492 
429 -1.254326 0.394505 
749 -1.205059 0.553224 
1535 -1.055922 0.851246 
158 -0.796462 0.973144 
1101 -1.386429 0.258930 
1067 -1.207057 0.420518 
1945 -1.347040 0.312644 
701 -1.296114 0.345136 
220 -1.014795 0.518450 
644 -1.035793 0.902932 
1241 -1.035779 0.741876 
917 -0.660285 0.052254 
1113 -1.324646 0.347186 
1111 -1.006822 0.617084 
426 -0.981064 0.630104 
732 -0.972168 0.714247 
1702 -1.363251 0.543808 
130 -0.922969 0.998275 
2594 -0.844677 0.771241 
798 -1.232956 0.663749 
1862 -0.855796 0.614115 
984 -1.073369 0.762836 
906 -0.866604 0.737887 
484 -1.050286 0.528393 
441 -0.930848 0.906614 
134 -1.016039 0.795452 
469 -1.024238 0.622423 
2578 -1.177634 0.435322 
2610 -0.859934 0.939086 
2190 -1.166090 0.553627 
149 -0.947084 0.745114 
436 -0.884651 0.653661 
1669 -1.253395 0.484663 
694 -1.203382 0.798301 
143 -1.074644 0.663886 
1767 -0.988966 0.687394 
1402 -0.919358 0.912573 
1239 -1.136905 0.547061 
2178 -0.926102 1.020652 
471 -0.870260 0.815625 
499 -1.115258 0.478449 
25 -1.021855 0.812264 
668 -1.032768 0.649774 
19 -1.108122 0.601463 
2120 -1.008212 0.879411 
1390 -0.860611 0.710899 
2194 -0.877319 0.705735 
2318 -1.256487 0.407388 
2074 -0.984647 0.824125 
1059 -1.202507 0.458347 
2224 -1.045908 0.861679 
2163 -1.011095 0.979444 
1393 -0.930984 0.869587 
329 -1.015138 0.548447 
2261 -1.041340 0.709866 
2260 -1.285879 0.432578 
1671 -1.403404 0.253913 
218 -1.084296 0.671510 
172 -0.967640 0.993430 
557 -0.813359 0.948374 
560 -1.101450 0.549092 
661 -0.731701 0.386728 
2223 -1.095022 0.519641 
1781 -1.434931 0.317945 
1850 -0.761689 0.650488 
1895 -0.967695 0.745768 
695 -0.861998 0.460582 
1820 -1.105998 0.537512 
1890 -1.088450 0.543710 
317 -1.070011 0.781419 
1985 -1.015058 0.706622 
1902 -1.265157 0.461306 
1887 -1.037870 0.579822 
2169 -0.949953 1.074924 
389 -1.121036 0.567164 
2443 -0.919322 0.845874 
1775 -1.099803 0.883252 
1770 -1.079376 1.014550 
1260 -1.198777 0.531811 
1216 -1.067890 0.581323 
1121 -0.891833 0.825352 
1275 -0.928460 0.319203 
667 -1.235988 0.487187 
393 -1.263977 0.380682 
180 -1.024482 0.920747 
2573 -1.080720 0.268664 
1952 -0.969462 0.995190 
677 -1.160160 0.654058 
377 -0.834222 0.943683 
371 -0.962006 0.851227 
506 -1.370961 0.206470 
73 -1.134719 0.666152 
531 -1.007588 0.585985 
2128 -1.053505 0.611476 
916 -1.300015 0.369761 
902 -1.003416 0.752017 
1455 -1.342432 0.147045 
2060 -0.941244 0.421485 
2056 -1.069133 0.699753 
662 -1.071055 0.648621 
739 -1.211077 0.528178 
394 -0.896693 0.696094 
98 -1.282160 0.351169 
30 -1.287065 0.512443 
784 -1.188058 0.451036 
763 -1.030447 0.651070 
1229 -1.120975 0.600063 
1319 -0.905729 0.665441 
839 -0.891455 0.430703 
2011 -1.019677 0.778193 
754 -1.079585 0.750366 
2337 -1.126311 0.308030 
2042 -0.946490 0.841481 
2034 -1.042272 0.383626 
2591 -1.111289 0.538072 
1147 -0.877091 0.985557 
1568 -1.202535 0.398913 
1367 -1.161513 0.495337 
2276 -0.925886 0.711087 
2313 -1.348199 0.150326 
870 -0.976661 0.815152 
861 -1.039167 0.392820 
859 -1.172258 0.269485 
806 -1.062947 0.561098 
444 -1.031314 0.525667 
442 -1.130113 0.489538 
340 -1.237074 0.548319 
604 -1.009924 0.624013 
344 -1.071461 0.638620 
1534 -1.230826 0.332986 
1531 -1.145358 0.493603 
1471 -1.103546 0.700428 
122 -0.864675 0.891979 
154 -1.175425 0.670807 
1516 -1.062610 0.595398 
577 -0.906416 0.838100 
2040 -1.167631 0.473972 
564 -1.024617 0.548421 
2390 -1.281904 0.305954 
989 -1.061503 0.839384 
78 -0.883410 0.868480 
1603 -0.908599 0.809212 
1967 -1.022357 0.791756 
992 -0.721229 1.230133 
1793 -1.026843 0.661143 
87 -0.981548 0.391067 
292 -1.332315 0.247664 
1732 -1.292088 0.614020 
1590 -1.449399 0.169650 
766 -0.822690 0.637994 
777 -1.200290 0.484797 
1803 -0.896762 0.793474 
1805 -1.140855 0.331339 
1027 -1.115064 0.705082 
1254 -0.976145 0.748989 
1294 -1.030064 0.497874 
80 -0.918761 0.926108 
127 -1.070134 0.863764 
1628 -1.226325 0.316586 
2138 -1.159236 0.395644 
743 -1.032995 0.665283 
753 -0.974053 0.806363 
2181 -0.827229 0.145001 
2521 -1.141960 0.714391 
2389 -0.992706 1.050379 
920 -1.069559 0.516589 
865 -1.161025 0.516962 
6 -1.092695 0.772616 
2444 -1.073601 0.646391 
35 -0.998854 0.600371 
2476 -1.157613 0.804111 
14 -1.058923 0.760019 
658 -1.188765 0.711284 
787 -1.206310 0.403399 
1731 -1.532103 0.175803 
699 -0.974964 0.362384 
1255 -0.936630 0.893617 
2225 -0.885573 0.901754 
384 -1.128241 0.582727 
1761 -1.321400 0.679917 
1301 -0.916481 0.567239 
1290 -0.863281 0.393819 
2021 -1.052952 0.781815 
151 -1.078052 0.833663 
2267 -1.184408 0.563857 
1876 -1.042652 0.552349 
1835 -0.943255 0.765191 
223 -1.136371 0.545429 
1315 -0.894422 0.895084 
975 -1.038533 0.995307 
1156 -0.955615 0.680429 
1920 -1.010767 0.624464 
1919 -0.906731 0.236912 
140 -0.918209 0.940011 
2612 -0.906136 0.666238 
633 -1.050210 0.567483 
574 -0.952955 0.846155 
885 -1.112924 0.463811 
1888 -0.954946 0.801286 
1206 -1.190235 0.428508 
1211 -1.168942 0.348396 
835 -1.186249 0.578541 
2558 -1.058763 0.519295 
258 -1.252135 0.282515 
1936 -1.224080 0.329405 
1201 -1.009612 0.692980 
1419 -1.227175 0.260822 
1454 -1.160112 0.520719 
500 -1.082099 0.861304 
169 -0.858223 1.295949 
1092 -0.904249 0.754045 
1093 -1.080080 0.566407 
1450 -1.157946 0.517703 
1163 -1.201140 0.406350 
1161 -1.047411 0.598588 
1235 -0.921147 0.805509 
663 -1.123305 0.721171 
1984 -1.429718 0.185820 
193 -0.888663 1.157989 
2012 -1.184257 0.454228 
2028 -1.058866 0.536328 
2406 -1.002203 0.830076 
533 -1.217495 0.504209 
534 -1.257722 0.372354 
592 -1.074472 0.580552 
1086 -1.166534 0.387868 
1860 -0.804946 0.876367 
1253 -1.023446 0.713092 
355 -1.081282 0.714031 
2057 -0.844101 0.791839 
392 -1.156496 0.183392 
386 -1.369817 0.203715 
684 -1.085014 0.602446 
2588 -1.241377 0.263348 
579 -0.955847 0.628861 
712 -0.879094 0.916895 
758 -0.902894 0.873304 
1117 -1.009836 0.741809 
1116 -0.974804 0.653298 
1857 -0.931346 0.806080 
1133 -0.823360 0.867145 
580 -1.220088 0.482738 
2528 -1.060272 0.577665 
1094 -1.087181 0.513418 
606 -1.093219 0.627974 
609 -1.046112 0.744988 
1330 -1.093945 0.825583 
1452 -1.241499 0.468558 
1342 -0.932332 0.952625 
1374 -1.107492 0.506443 
2081 -1.138828 0.704168 
1449 -1.087234 0.504263 
246 -1.207903 0.483783 
1332 -0.867822 0.982300 
1358 -0.948711 0.612729 
1991 -1.276564 0.427240 
2025 -1.085516 0.406502 
878 -1.058701 0.614755 
1786 -0.898214 0.697883 
79 -1.034600 0.645777 
1821 -0.853059 0.977662 
1647 -1.256176 0.393065 
868 -1.146148 0.442809 
349 -0.994293 0.506462 
2587 -0.936615 0.340964 
2582 -1.089955 0.340914 
1380 -0.955589 0.977212 
1341 -0.856244 1.204681 
2247 -1.116053 0.408507 
1199 -0.874327 0.780509 
2108 -0.955694 0.842166 
2466 -1.128689 0.634689 
1317 -0.932167 0.592862 
8 -1.052609 0.516926 
2185 -1.047562 0.479647 
118 -0.997552 0.552738 
2164 -1.047790 0.535294 
2209 -1.213491 0.427477 
817 -1.123969 0.645419 
804 -1.244790 0.493099 
48 -0.932291 0.607657 
18 -0.982848 0.746476 
195 -0.910963 1.130902 
2198 -1.015114 1.027373 
137 -0.924909 0.842361 
2255 -1.030062 0.437949 
2240 -0.448148 0.041551 
996 -0.756546 0.663928 
1397 -1.215979 0.426492 
2447 -1.223628 0.445792 
1778 -1.135212 0.604489 
311 -1.197346 0.632275 
926 -1.028392 0.694870 
2201 -1.195443 0.599897 
2221 -1.129975 0.675511 
589 -1.145986 0.492993 
1682 -0.745203 0.676152 
1436 -0.935597 0.318668 
1954 -1.069985 0.544539 
987 -1.329665 0.518780 
972 -0.730868 0.401338 
514 -1.126441 0.549473 
2373 -1.015853 0.787059 
2360 -1.107998 0.399249 
993 -0.855679 0.925612 
2191 -1.036594 0.573033 
1249 -1.030797 0.699364 
2133 -0.951563 0.741184 
844 -1.395211 0.159251 
474 -1.053048 0.600457 
1140 -0.923422 0.877262 
2144 -1.150485 0.527756 
2197 -0.955483 1.044051 
649 -1.127832 0.535651 
648 -1.050294 0.787116 
330 -0.922508 0.949077 
332 -1.025424 0.709264 
942 -1.090488 0.853204 
1721 -1.391497 0.458940 
2143 -0.897583 0.651359 
664 -0.997269 0.967112 
434 -1.211292 0.449218 
808 -1.041193 0.528542 
671 -0.925858 1.239957 
244 -0.977424 0.456444 
2428 -0.879053 0.359821 
869 -0.852750 0.613307 
921 -1.047589 0.802606 
2293 -1.013526 0.503832 
1629 -1.308959 0.419523 
1512 -1.058296 0.449809 
1514 -1.130716 0.552407 
1459 -1.364321 0.180942 
2125 -1.306503 0.288248 
2328 -0.602017 0.561000 
854 -1.205609 0.302440 
856 -0.877300 0.679328 
1388 -0.832445 0.952610 
2220 -0.936028 0.917118 
214 -1.004395 0.566542 
105 -1.009524 0.617122 
161 -1.081438 0.861223 
1081 -1.124639 0.586066 
1097 -1.275548 0.413309 
2393 -1.204812 0.533829 
2566 -1.294650 0.353271 
2284 -1.012254 0.473831 
1287 -0.735701 0.785993 
1338 -0.882847 0.677146 
1893 -1.090939 0.708938 
111 -0.901185 0.712232 
1771 -1.426877 0.448964 
367 -1.069919 0.912637 
750 -1.186540 0.706328 
1313 -0.783907 0.985275 
1311 -0.910739 0.822390 
2597 -0.726584 1.225488 
1283 -0.904205 0.627750 
1746 -1.360876 0.477395 
2358 -1.155729 0.599571 
2355 -0.962393 0.824810 
2048 -0.885309 0.777849 
1418 -1.116198 0.494080 
1321 -0.912350 0.664314 
1837 -0.878783 1.021725 
494 -0.778211 0.627450 
940 -1.160575 0.586282 
1150 -0.908747 0.826874 
925 -1.229007 0.323601 
1316 -0.946888 0.757061 
1296 -0.999482 0.642603 
294 -0.892407 0.847513 
262 -1.368260 0.192360 
934 -1.253891 0.408285 
1928 -1.361941 0.510139 
1913 -1.101326 0.178053 
2345 -0.789643 0.469618 
1470 -1.125384 0.620173 
1739 -1.340896 0.436930 
1765 -1.262058 0.732311 
2427 -0.954313 0.534347 
1170 -0.943750 0.718677 
1833 -0.543100 0.572534 
2490 -0.831580 0.272203 
2532 -1.213344 0.522668 
958 -1.150438 0.525867 
1762 -1.140207 0.647242 
1050 -1.100215 0.679540 
1013 -0.777434 0.200846 
1200 -1.075796 0.610924 
1215 -0.706153 0.705725 
1142 -0.854628 1.038846 
670 -0.925138 0.770555 
1465 -1.022870 0.674580 
928 -0.993127 0.758226 
327 -1.119418 0.692516 
1722 -1.277380 0.466029 
2101 -0.939253 0.883470 
2104 -1.363954 0.352757 
1843 -1.276616 0.519936 
1812 -1.012619 0.821317 
2149 -1.132825 0.409940 
952 -1.080044 0.756196 
226 -0.990726 0.987598 
1611 -1.180873 0.516474 
1422 -1.169252 0.435129 
2286 -1.164854 0.271366 
2287 -1.065882 0.415941 
363 -1.092174 0.791341 
1760 -1.223759 0.684916 
273 -1.007520 0.487125 
2130 -1.003687 0.705472 
903 -1.191328 0.705808 
270 -1.046157 0.651976 
1582 -1.043304 0.773777 
1855 -0.894472 0.999045 
1502 -1.017284 0.484798 
2377 -1.178645 0.680258 
2376 -1.187658 0.372734 
640 -1.061139 0.703561 
1969 -1.154102 0.683547 
2026 -1.243392 0.480393 
899 -1.125581 0.824909 
1961 -1.243951 0.412172 
1033 -0.540909 0.361715 
755 -1.058061 0.572548 
707 -0.376536 0.027840 
900 -1.058865 0.294844 
898 -1.139353 0.614915 
2322 -1.219690 0.315998 
2314 -1.166004 0.221442 
1809 -1.018548 0.711704 
1439 -1.184729 0.353632 
2344 -1.027371 0.354749 
1861 -0.969035 0.519759 
1364 -1.011777 0.537453 
286 -0.886458 0.754618 
411 -1.148570 0.486051 
1232 -1.099475 0.639366 
824 -1.299934 0.315265 
2474 -1.068962 0.672790 
1550 -1.101813 0.413360 
322 -1.258002 0.442057 
2475 -1.281536 0.341645 
1131 -0.967254 0.786142 
457 -0.962011 0.533410 
2342 -1.295224 0.176116 
2256 -0.990776 0.224131 
1712 -1.408768 0.305971 
1708 -1.123368 0.690959 
1729 -1.275175 0.464001 
458 -1.113673 0.292250 
2394 -0.933384 0.861184 
1556 -0.937994 0.663253 
1557 -1.066855 0.430805 
135 -0.740590 0.620657 
2151 -1.091242 0.442964 
1299 -1.064044 0.573050 
56 -1.005353 0.757423 
1457 -1.362588 0.216041 
1108 -1.268374 0.275257 
24 -1.160433 0.490882 
1977 -1.121897 0.509320 
946 -1.260953 0.402658 
939 -1.228008 0.552871 
312 -1.287420 0.433972 
951 -1.072504 0.577922 
1271 -1.084762 0.616468 
561 -0.932929 0.725320 
2425 -1.112621 0.448963 
841 -1.190339 0.501068 
1480 -1.349289 0.125514 
423 -1.120619 0.563169 
1738 -1.367377 0.428180 
819 -1.104836 0.367647 
1118 -1.138894 0.457918 
1123 -1.131012 0.685087 
306 -1.203317 0.624713 
1355 -1.174770 0.602832 
2262 -0.799972 0.867815 
809 -1.095487 0.329768 
2102 -1.041658 0.697573 
417 -1.193622 0.453083 
2473 -1.027568 0.783561 
1030 -1.218457 0.366037 
812 -1.233267 0.357787 
70 -1.020378 0.760205 
666 -1.013296 0.915965 
857 -1.083173 0.509274 
1659 -1.118691 0.556731 
2115 -0.989985 0.512842 
1205 -1.109190 0.377895 
674 -1.149459 0.457897 
2033 -0.948087 0.358622 
1100 -1.295638 0.354957 
702 -0.897447 0.486297 
1198 -1.132404 0.568958 
27 -0.904358 0.713892 
2480 -1.292275 0.405825 
2460 -1.090450 0.721011 
503 -1.036616 0.836702 
532 -1.290283 0.223876 
1074 -1.182022 0.700301 
1309 -1.011399 0.602403 
1681 -0.267401 0.307129 
955 -1.143765 0.914916 
1328 -0.982509 0.841867 
1840 -1.250304 0.468247 
1077 -1.165139 0.697911 
810 -1.190458 0.540804 
815 -0.931061 0.771276 
813 -1.132718 0.448665 
735 -1.357496 0.315151 
2601 -1.060220 0.524675 
2602 -0.285961 0.234581 
31 -1.162933 0.626353 
2107 -1.100420 0.658882 
730 -0.989592 0.882587 
2295 -0.830467 0.531755 
2045 -1.071463 0.543590 
774 -1.054547 0.373931 
1697 -1.843794 -0.163631 
2586 -0.972058 0.566227 
2408 -0.983442 0.770876 
834 -0.838524 0.834707 
2536 -1.013278 0.703120 
117 -1.190352 0.290041 
2072 -1.031249 0.576854 
272 -1.205983 0.254224 
1990 -1.152920 0.563536 
1104 -0.994422 0.676830 
1053 -1.057948 0.407143 
1265 -0.894663 0.979154 
1577 -0.911791 0.714255 
1555 -1.190250 0.423913 
476 -1.007644 0.771039 
2524 -1.015564 0.544160 
2515 -1.126457 0.172805 
659 -1.227881 0.516503 
1350 -0.946570 0.687099 
287 -0.993094 0.273851 
781 -0.843373 0.516887 
16 -0.904118 0.923068 
324 -1.141455 0.794976 
1375 -0.921828 0.750602 
1379 -0.810863 1.108206 
2364 -1.093910 0.739614 
2579 -0.859660 0.776034 
700 -1.187454 0.481168 
1165 -1.158491 0.590625 
2636 -0.850858 0.820772 
795 -1.018958 0.852863 
954 -0.917339 0.817617 
956 -1.109075 0.553881 
120 -1.052361 0.828235 
399 -1.159195 0.269422 
2268 -1.006040 0.538584 
1562 -1.221670 0.457467 
1501 -1.158340 0.492181 
759 -1.079515 0.726119 
1687 -1.004994 0.952271 
1755 -1.386966 0.424242 
2088 -1.312172 0.354887 
2315 -1.052119 0.451003 
1686 -0.908465 1.110968 
1828 -0.946011 0.721922 
1808 -1.094605 0.616008 
422 -1.205904 0.464441 
260 -1.250670 0.139013 
259 -1.115960 0.476738 
1387 -1.003805 0.847386 
1356 -0.951659 0.846652 
2481 -0.450352 0.410859 
520 -0.814835 0.990533 
2263 -1.000587 0.739588 
1655 -1.104481 0.588451 
800 -0.946231 0.778358 
89 -1.076572 0.543122 
2640 -1.006741 0.645875 
2641 -1.185829 0.581117 
359 -1.199451 0.436241 
597 -0.902635 1.010993 
2182 -1.092965 0.792386 
2150 -1.099446 0.583309 
1533 -1.142451 0.384832 
1834 -0.958246 0.861029 
825 -1.124514 0.639758 
502 -1.218822 0.364028 
406 -1.095962 0.568912 
2069 -0.886351 0.333372 
2009 -1.101752 0.320784 
256 -1.186178 0.501113 
257 -1.149018 0.337220 
1759 -1.131457 0.850334 
1831 -0.930043 1.016399 
102 -1.030725 0.605511 
1806 -1.038756 0.346074 
583 -1.025770 0.786595 
995 -1.318140 0.406531 
2371 -0.997154 0.872525 
2325 -1.130184 0.434765 
65 -1.167994 0.397399 
1791 -0.860421 1.049345 
1951 -0.958072 0.947973 
745 -1.087422 0.647855 
1441 -1.067093 0.535177 
2334 -1.108362 0.516242 
908 -1.078568 0.479899 
683 -0.790542 0.604184 
410 -0.987007 0.790164 
1832 -1.058942 0.819168 
509 -0.885646 0.863140 
1871 -1.106668 0.695239 
103 -0.995062 0.537385 
101 -1.005965 0.496274 
2246 -0.951340 0.438174 
59 -0.856031 0.538338 
44 -0.868799 0.774940 
1082 -1.165758 0.265909 
513 -1.082610 0.482146 
2414 -1.215323 0.265678 
2168 -0.639340 0.698272 
1620 -1.139829 0.740529 
1080 -0.930524 1.032902 
769 -1.218119 0.555489 
1621 -0.932838 0.676409 
1491 -1.253886 0.380718 
549 -0.930860 0.673611 
1938 -0.922703 0.812797 
1362 -1.279323 0.322259 
1242 -1.084703 0.756224 
328 -1.342492 0.339351 
2226 -1.014617 1.071870 
2492 -1.212001 0.408448 
185 -0.794352 0.793240 
164 -1.121770 0.560505 
2461 -1.237669 0.338868 
2024 -1.032953 0.900530 
1993 -0.985479 0.748522 
1368 -0.845758 0.929128 
228 -1.089061 0.565840 
2097 -1.305140 0.626241 
29 -1.163241 0.638766 
13 -1.097533 0.331453 
269 -1.267035 0.327605 
1676 -1.266703 0.679675 
558 -0.825255 0.268711 
855 -1.149401 0.432886 
547 -1.189346 0.246731 
109 -1.039790 0.204049 
1912 -0.914683 0.330972 
1915 -0.771813 0.677410 
1918 -1.163730 0.472762 
1769 -1.191429 0.852084 
1016 -1.095028 0.253159 
863 -0.960369 0.814533 
867 -0.896149 0.842782 
2562 -1.213832 0.466183 
2534 -0.279858 0.057001 
1937 -1.001601 0.712208 
1120 -1.161797 0.662857 
1110 -0.905659 0.756211 
1071 -1.330385 0.307842 
1072 -1.143479 0.544761 
2453 -1.003853 0.796519 
1351 -1.157892 0.467837 
421 -1.077945 0.412402 
933 -0.946199 0.599655 
1429 -1.216738 0.500069 
1415 -1.008891 0.786424 
473 -0.839607 0.598448 
215 -0.701571 0.250106 
297 -1.085256 0.567504 
2375 -0.974993 0.508297 
2391 -1.105963 0.404551 
2419 -0.896561 0.548312 
653 -0.549214 0.088804 
1751 -1.354122 0.572842 
741 -0.905737 0.414417 
805 -1.137637 0.360460 
599 -1.120433 0.497003 
1758 -1.373888 0.475323 
785 -1.248904 0.304405 
807 -0.998593 0.736256 
1096 -1.316626 0.332292 
690 -1.165942 0.468571 
1788 -0.843779 0.614900 
248 -1.150566 0.337152 
253 -1.001617 0.557452 
146 -0.991959 0.776318 
168 -0.828404 1.200842 
1727 -1.355155 0.502579 
338 -1.064556 0.930738 
895 -1.046859 0.740810 
910 -1.108515 0.473711 
1842 -1.131029 0.537107 
2533 -0.375470 0.344172 
2550 -1.005590 0.825499 
937 -1.120586 0.803119 
2304 -1.083748 0.576484 
49 -1.229340 0.230115 
1065 -0.769849 0.574038 
470 -1.160097 0.519603 
163 -1.057766 0.661637 
2202 -0.971372 0.675703 
2229 -1.055033 0.586370 
1703 -1.343935 0.459751 
1442 -0.978449 0.840064 
2604 -0.202627 0.261045 
194 -1.069030 0.862160 
2477 -1.086074 0.538944 
1525 -1.073483 0.942763 
2180 -0.988253 0.879873 
1026 -0.746226 0.264173 
1700 -1.258186 0.619032 
2065 -1.076419 0.699849 
1565 -0.965812 0.591947 
1386 -0.908557 0.958243 
2004 -1.100395 0.568762 
2611 -1.103623 0.382429 
2609 -0.859281 0.913217 
431 -0.988845 0.731608 
83 -1.086408 0.494552 
156 -1.064316 0.802544 
1521 -0.917330 1.088044 
794 -1.565776 -0.095071 
610 -1.235170 0.266754 
603 -1.143717 0.436632 
1825 -0.957917 0.587089 
1826 -1.015779 1.048827 
433 -1.060361 0.748874 
2470 -1.161837 0.528192 
1047 -0.850364 0.397929 
274 -1.292010 0.477397 
479 -0.971908 0.689289 
767 -1.004683 0.511408 
1149 -0.742662 1.263248 
596 -1.243766 0.340501 
47 -1.096574 0.376322 
64 -1.344613 0.294598 
1617 -0.983890 0.872936 
2129 -1.254119 0.539242 
1668 -1.734174 -0.082755 
108 -0.915421 0.918158 
1941 -1.255392 0.330946 
268 -1.333182 0.341828 
1499 -0.916659 1.051256 
336 -0.788074 0.902328 
463 -0.904616 0.738916 
1370 -0.952125 0.897217 
1385 -0.916842 0.509532 
586 -0.868412 0.801623 
362 -1.050754 0.610885 
2549 -0.945696 0.586895 
2114 -1.176298 0.504745 
1934 -1.184816 0.647277 
1926 -1.365408 0.269698 
1395 -1.122971 0.480809 
1400 -0.842636 0.991559 
2241 -0.786994 0.283499 
2248 -1.110320 0.556512 
82 -0.828640 0.905928 
1416 -1.065869 0.339952 
219 -1.101185 0.606026 
233 -1.004168 0.684525 
676 -1.093881 0.755838 
2561 -0.950381 0.664793 
1357 -1.068955 0.622045 
1304 -1.078403 0.452547 
1302 -1.034745 0.528947 
1034 -1.135551 0.370583 
1175 -1.139940 0.647325 
2439 -1.167253 0.435260 
1297 -1.040754 0.654453 
2071 -1.072683 0.436667 
821 -1.045831 0.408580 
832 -0.976769 0.787610 
1005 -0.901390 0.558048 
733 -1.052805 0.632309 
39 -0.924999 0.599364 
94 -1.134426 0.304307 
2320 -1.249964 0.228643 
1942 -1.197966 0.360371 
593 -1.092905 0.643314 
591 -0.826287 0.966246 
2520 -1.217965 0.526520 
2160 -0.904983 1.050008 
976 -1.353793 0.371530 
2467 -1.081899 0.449595 
2450 -1.163390 0.423517 
2468 -1.283199 0.445321 
624 -0.942929 0.719454 
1259 -0.883782 0.975354 
1257 -0.918886 0.884736 
1401 -0.894578 0.749973 
186 -1.154524 0.624079 
1217 -0.970573 0.668123 
2338 -0.866489 0.873178 
2493 -1.268495 0.396616 
1551 -1.231868 0.242230 
792 -1.396639 0.172802 
280 -1.216975 0.307932 
1227 -1.027725 0.679507 
391 -0.979203 0.396571 
1438 -0.936864 0.476024 
1437 -0.907660 0.904829 
99 -0.900574 0.832144 
2067 -1.145860 0.611122 
2017 -0.823876 0.616031 
2203 -0.980349 0.843337 
1036 -0.944727 0.575808 
554 -0.966019 0.502502 
573 -1.017957 0.678335 
2381 -1.151335 0.644778 
969 -1.120137 0.747894 
150 -1.026654 0.826239 
147 -0.920809 0.976613 
1750 -0.812867 0.575429 
2206 -1.034583 0.782763 
1614 -1.173235 0.638558 
1529 -0.871166 0.869557 
2217 -1.202535 0.351996 
998 -1.231841 0.211917 
516 -1.014427 0.567295 
1532 -0.942340 0.775042 
1337 -1.057505 0.650488 
2041 -1.136443 0.383985 
726 -1.048092 0.477857 
2038 -1.193827 0.309921 
1660 -0.787822 0.988417 
2635 -1.062591 0.770566 
54 -0.985016 0.742361 
348 -0.869936 0.462097 
1193 -0.943439 0.693671 
435 -1.145037 0.562333 
352 -1.133548 0.486861 
300 -1.248593 0.411203 
2448 -0.962417 0.581414 
1190 -1.053348 0.625238 
1581 -0.991585 0.547604 
2343 -1.291498 0.235697 
1314 -0.915759 0.908689 
95 -1.202103 0.386359 
656 -1.085077 0.689262 
1986 -1.033329 0.859253 
703 -1.080943 0.527298 
2525 -0.882829 0.707976 
42 -1.113523 0.733723 
960 -1.181831 0.411771 
1813 -1.119972 0.696934 
1186 -1.214550 0.521093 
2433 -0.796754 0.392996 
1426 -1.184841 0.675667 
1424 -1.000282 0.319220 
618 -1.153194 0.470798 
2109 -0.949848 1.077198 
1056 -1.110821 0.332581 
480 -1.089628 0.574585 
481 -1.015025 0.718583 
909 -0.877314 0.710020 
1544 -0.967932 0.678676 
1597 -1.017031 0.805929 
740 -1.168860 0.508383 
1615 -1.013636 0.844643 
875 -0.848617 0.707511 
576 -1.135743 0.489528 
2639 -0.739300 1.134483 
1469 -0.888549 0.895736 
2312 -1.173038 0.435256 
2279 -1.263241 0.536493 
718 -0.920195 0.502324 
1800 -1.336422 0.202988 
1506 -1.193688 0.452247 
2392 -1.073593 0.779698 
575 -1.047125 0.543074 
129 -1.285339 0.406559 
1591 -0.882932 0.443620 
1392 -1.037060 0.723956 
1782 -1.026891 0.213583 
2442 -1.134191 0.402731 
1262 -0.967219 0.984354 
1245 -1.086438 0.491409 
239 -0.850625 0.377644 
2356 -1.139191 0.485655 
2265 -0.892766 0.754689 
1666 -1.398344 0.409773 
1432 -1.128267 0.542028 
1378 -0.933517 1.112150 
1369 -0.851950 0.860563 
1787 -0.920779 0.665313 
1308 -0.926266 0.779908 
1323 -0.778217 0.680919 
432 -0.995073 0.754276 
1609 -1.082552 0.384363 
492 -0.909631 0.644038 
2647 -0.973080 0.506092 
2638 -0.763337 1.262325 
1853 -1.014759 0.831110 
2228 -0.813854 0.454712 
1084 -1.463588 0.178321 
1139 -0.779659 1.251033 
843 -1.028442 0.449040 
1957 -0.688882 0.467609 
116 -1.219088 0.424768 
1312 -0.802593 1.024046 
1377 -1.004731 0.737638 
1012 -1.189633 0.282048 
1552 -0.977084 0.673671 
1610 -1.074472 0.635786 
303 -1.211682 0.621102 
1924 -0.962319 0.205231 
1917 -1.398230 0.384679 
1618 -1.156034 0.523425 
32 -1.233176 0.367776 
1225 -1.136001 0.383883 
605 -1.281024 0.355092 
2556 -1.011747 0.444832 
858 -0.865492 0.695489 
2568 -1.033593 0.453591 
7 -0.837241 0.225840 
221 -0.914697 0.547744 
250 -1.290501 0.364594 
251 -0.939059 0.707454 
440 -1.168161 0.509960 
2368 -1.185190 0.737154 
693 -1.048634 0.812895 
897 -1.020477 0.737915 
568 -1.106252 0.536776 
570 -1.056574 0.883624 
595 -0.966286 0.829048 
1852 -0.987787 0.682763 
1146 -0.848683 0.893729 
1182 -1.064835 0.401526 
390 -0.958019 0.719707 
927 -1.022474 0.656619 
1546 -0.864379 0.529354 
2298 -1.148285 0.271767 
685 -0.377781 0.218289 
75 -0.985372 0.930965 
37 -0.972900 0.884069 
416 -1.237913 0.236633 
398 -0.975961 0.814552 
2091 -1.017932 0.821072 
775 -1.309297 0.264361 
650 -0.990259 0.604505 
2542 -1.166102 0.418334 
379 -0.874267 0.973518 
1188 -1.236083 0.331161 
486 -1.107255 0.691600 
2471 -0.966927 0.928476 
485 -0.992454 0.682136 
779 -1.276749 0.341821 
51 -1.059185 0.700370 
1903 -0.595448 0.556981 
713 -0.824230 0.496768 
1179 -1.201289 0.574786 
1863 -0.947728 0.578757 
2554 -0.774478 0.511864 
2555 -0.932887 0.444354 
612 -1.314680 0.271365 
289 -1.243623 0.548585 
2339 -1.124094 0.659335 
1046 -1.002369 0.507602 
2599 -0.797068 1.088095 
1959 -1.216985 0.272989 
918 -0.504801 0.319985 
1736 -1.326786 0.574108 
206 -1.228088 0.397342 
1464 -1.265400 0.340716 
634 -1.087934 0.657105 
424 -1.017528 0.578185 
2372 -1.178399 0.540805 
2245 -0.999300 0.681897 
5 -1.080706 0.742530 
883 -1.114151 0.600853 
2571 -1.169586 0.442129 
454 -0.885802 0.761167 
1528 -0.959655 1.038826 
1593 -1.242593 0.434454 
1944 -1.183514 0.581043 
607 -1.184164 0.401024 
2205 -1.015756 0.812033 
1530 -1.139786 0.434460 
515 -1.150497 0.472713 
615 -1.190605 0.475764 
2063 -1.107008 0.656271 
1971 -1.111692 0.687324 
2307 -1.086169 0.459532 
1333 -1.165497 0.486860 
2140 -1.181913 0.534757 
2141 -0.902756 0.771153 
1933 -1.292486 0.539054 
182 -1.056953 0.771054 
2616 -0.874862 0.317631 
205 -0.904792 0.498833 
2015 -0.965370 0.699332 
60 -1.025579 0.434463 
447 -1.118966 0.586286 
439 -0.911641 0.784388 
1695 -2.271017 -0.622435 
2010 -1.352035 0.235407 
961 -1.131567 0.842720 
630 -0.948393 0.853677 
1508 -1.073997 0.558928 
361 -0.818543 0.744791 
793 -1.129408 0.479061 
96 -1.107557 0.645327 
1735 -1.388987 0.434661 
2047 -1.046734 0.595401 
139 -0.935832 0.881532 
412 -1.439938 0.334680 
1927 -1.344905 0.294849 
2054 -0.917682 0.763763 
1237 -0.990697 0.892414 
1553 -1.193387 0.264629 
524 -0.984480 0.582249 
132 -1.123421 0.652243 
871 -0.968229 0.496433 
1461 -1.447816 0.095428 
2469 -1.185865 0.518893 
1381 -1.045940 0.720522 
1095 -1.235905 0.271637 
799 -1.137159 0.552318 
544 -0.635250 0.567903 
2432 -0.976551 0.370436 
357 -0.938789 0.904292 
326 -1.009967 0.649333 
271 -1.271648 0.321683 
1463 -1.323575 0.229620 
1943 -1.213127 0.540662 
522 -0.989301 0.630459 
1352 -1.267395 0.231679 
365 -1.169869 0.760434 
518 -0.968281 0.833182 
1230 -1.003549 0.489184 
744 -0.931916 0.801787 
2184 -1.079805 0.717174 
2167 -1.006982 0.894295 
1523 -0.781592 1.454429 
1226 -0.919161 0.681198 
2465 -1.144292 0.598154 
686 -0.250134 -0.108976 
981 -0.785988 0.691869 
1277 -1.350337 0.196738 
1177 -1.237897 0.460849 
1414 -1.001026 0.617515 
968 -1.203767 0.647902 
2415 -1.131400 0.617740 
974 -1.287231 0.587820 
1132 -1.171816 0.485709 
1675 -1.474973 0.409046 
852 -0.996792 0.373356 
2441 -1.137218 0.339468 
507 -1.141260 0.402682 
901 -1.241376 0.625390 
1098 -1.023090 0.841719 
1298 -1.002264 0.716372 
2479 -1.152216 0.379706 
1088 -1.265962 0.516640 
1704 -1.149588 0.960345 
1956 -0.681260 0.684078 
2553 -1.157473 0.382240 
2332 -0.801360 0.746101 
2400 -1.149758 0.292730 
2369 -1.031644 0.840628 
2341 -0.969980 0.341542 
523 -0.912831 0.806142 
716 -1.015541 0.755172 
991 -0.898320 0.717784 
1025 -0.998699 0.577193 
2557 -0.768337 0.651612 
2576 -1.291662 0.348124 
2036 -0.931315 0.524264 
631 -1.038118 0.841365 
2210 -0.870768 0.718153 
1444 -0.990814 0.266191 
487 -0.782862 0.972675 
1066 -0.553422 0.395527 
1238 -1.187460 0.417756 
1467 -1.095222 0.430287 
1447 -1.260195 0.358008 
210 -1.267295 0.236626 
1766 -1.374160 0.403452 
2595 -0.767005 1.107517 
590 -0.899689 0.835412 
252 -0.951695 0.747383 
828 -1.149857 0.502570 
2370 -1.015330 0.777908 
171 -0.975441 1.241400 
2211 -0.904919 0.855940 
967 -1.217258 0.422521 
1473 -1.008030 0.518221 
1303 -0.619239 0.599105 
1250 -1.239899 0.418807 
660 -0.787830 0.814764 
1035 -1.218565 0.427999 
1994 -0.885037 0.891610 
1894 -0.796603 0.839937 
873 -0.972775 0.830713 
1240 -1.269283 0.300264 
397 -0.883149 0.636725 
1031 -0.470691 0.020377 
1612 -0.839315 0.773570 
2452 -1.148014 0.720345 
836 -1.021942 0.476835 
2353 -1.075910 0.680084 
796 -1.329252 0.335233 
831 -1.040730 0.673379 
2119 -1.132678 0.593116 
1279 -1.167049 0.480816 
247 -1.028093 0.662372 
2374 -0.985380 0.641840 
2426 -1.233218 0.421357 
2297 -1.169886 0.526522 
629 -1.071868 0.489890 
1171 -0.817106 0.250862 
1168 -1.048210 0.466910 
555 -0.942371 0.824557 
100 -0.905139 0.893034 
692 -0.841996 0.779008 
639 -1.094654 0.530195 
1854 -1.057333 0.852475 
757 -0.949192 1.074489 
632 -0.916634 0.662717 
2236 -1.138874 0.241878 
2431 -1.094551 0.530567 
1958 -0.813585 0.550402 
1307 -0.823339 0.797174 
2488 -1.313018 0.268613 
1219 -0.891503 0.812618 
1263 -1.036142 0.825369 
1221 -0.979624 0.384220 
1057 -1.214880 0.336404 
1691 -1.203533 0.700730 
1224 -1.072073 0.677804 
1689 -0.887636 1.160368 
722 -1.012007 0.500152 
1509 -0.954345 0.836564 
2139 -0.978838 0.921284 
2166 -1.147940 0.516663 
2506 0.181051 -0.164368 
81 -1.094649 0.730898 
842 -0.582417 0.180420 
1155 -1.006668 0.662656 
1653 -1.013140 0.917195 
1417 -1.102700 0.691624 
1382 -0.829333 1.172205 
345 -1.097812 0.816990 
1268 -0.932626 0.901607 
1728 -1.208557 0.599360 
1869 -1.027621 0.760788 
142 -1.096402 0.671598 
266 -1.197317 0.513301 
2430 -0.920601 0.451780 
1391 -1.066258 0.747669 
1638 -1.127317 0.540097 
891 -0.996938 0.957661 
2516 -1.200837 0.441427 
2522 -1.123551 0.377341 
1589 -1.362478 0.139013 
2046 -0.988181 0.569702 
2269 -1.245492 0.433057 
1270 -1.211881 0.699021 
1300 -0.918207 0.472124 
22 -1.050373 0.650060 
160 -0.956012 1.065434 
2259 -1.163138 0.468343 
723 -0.967183 0.590479 
319 -1.181844 0.782605 
2361 -1.026282 0.733011 
622 -1.064077 0.608505 
69 -0.947749 0.889161 
2423 -1.232435 0.440081 
1658 -1.126280 0.543671 
1487 -0.978228 0.550695 
2559 -0.956031 0.535450 
521 -0.913002 0.913682 
1664 -1.399607 0.499382 
1596 -1.061710 0.925613 
1955 -0.983788 0.385960 
61 -0.978478 0.783562 
2563 -1.019672 0.583470 
1376 -0.880982 0.526232 
2495 -0.827576 0.262532 
1134 -1.058441 0.737302 
2388 -0.853736 1.216495 
2567 -1.318663 0.330684 
2541 -0.931236 0.573236 
1586 -1.001229 0.711832 
2418 -1.205394 0.482981 
2405 -1.072869 0.544908 
1652 -0.925788 0.941387 
893 -0.946836 0.739186 
67 -0.940248 0.560503 
1874 -1.039171 0.665487 
538 -1.014632 0.669819 
2327 -1.198490 0.453411 
350 -1.132007 0.647975 
2333 -1.020728 0.445130 
1291 -1.236945 0.425419 
1353 -1.186149 0.529622 
333 -0.996279 0.761305 
890 -1.081503 0.663687 
729 -0.961808 0.839898 
1166 -1.105723 0.568927 
1649 -1.111619 0.878242 
1563 -0.965226 0.531788 
553 -1.064767 0.615181 
1929 -1.258495 0.237326 
535 -1.046522 0.702727 
375 -0.763598 0.557510 
1622 -1.080273 0.539681 
1493 -1.270876 0.253095 
938 -1.113360 0.629892 
2347 -0.693426 0.839517 
1757 -1.195928 0.933195 
1405 -0.878603 0.897341 
1343 -0.921830 1.026955 
1295 -0.870466 0.611252 
853 -1.139201 0.378019 
2162 -0.934279 0.997381 
1129 -0.975209 0.852602 
467 -0.893769 0.779691 
682 -1.134931 0.662670 
1282 -1.136595 0.608434 
2352 -1.230432 0.344665 
2242 -1.341126 0.293536 
866 -1.072404 0.643116 
2459 -0.506512 0.497620 
2346 -0.879472 0.674690 
2472 -1.057378 0.556348 
2303 -1.164331 0.353545 
207 -1.084375 0.515932 
654 -0.880638 0.433934 
1745 -0.973613 0.836327 
93 -1.027244 0.617405 
1635 -1.053319 0.850563 
2613 -1.056237 0.542543 
1431 -1.057838 0.439685 
1091 -0.861411 0.586831 
1996 -1.035913 0.539043 
687 -1.107683 0.699168 
1925 -1.420076 0.320653 
802 -1.079148 0.834140 
136 -0.989163 0.829369 
451 -0.718965 0.843273 
1320 -1.041786 0.545333 
1318 -0.927206 0.932178 
646 -0.918928 0.763843 
2153 -1.230141 0.327468 
1326 -1.078428 0.723950 
2300 -1.205679 0.266466 
1790 -0.820543 0.532265 
1213 -0.900174 0.587948 
50 -0.976472 0.668052 
709 -0.839198 0.693630 
1867 -1.006256 0.726728 
1559 -1.291080 0.372210 
1138 -0.832197 1.232276 
742 -1.149765 0.375310 
840 -1.139116 0.562810 
748 -1.206872 0.456693 
2620 -0.969179 0.547795 
550 -0.889180 0.870705 
1360 -0.925739 0.760914 
418 -1.218504 0.489845 
727 -1.053543 0.654834 
1472 -1.159437 0.311364 
2270 -0.927529 0.781837 
2216 -1.339474 0.244089 
1210 -1.087677 0.377200 
2192 -0.977868 0.819998 
1995 -1.090085 0.488895 
188 -0.861480 1.290666 
177 -0.912400 1.431921 
816 -1.421218 0.204146 
519 -1.063165 0.552910 
1517 -1.072806 0.528835 
2066 -1.027826 0.418030 
1423 -1.073925 0.532246 
1365 -1.069429 0.570525 
157 -0.881719 1.130495 
1278 -0.922495 0.447993 
1485 -1.058016 0.673629 
2451 -0.989179 0.793864 
2489 -0.844812 0.813120 
189 -0.942811 1.078072 
1560 -1.167800 0.533022 
1579 -1.317230 0.214704 
2446 -1.261258 0.244214 
1160 -0.899761 0.645641 
1462 -1.350724 0.141288 
12 -0.994131 0.702773 
536 -1.172128 0.532649 
578 -0.907693 0.797150 
2050 -0.877966 0.651599 
2499 -1.068282 0.421292 
772 -1.106180 0.607077 
611 -1.154439 0.530279 
2179 -1.106286 0.696058 
1548 -1.019748 0.616708 
2367 -0.869969 1.152558 
721 -0.974891 0.474222 
2401 -1.051190 0.446865 
2137 -0.732581 0.694644 
125 -1.032644 0.563463 
930 -0.918542 0.751477 
915 -1.019110 0.565557 
1010 -0.648076 0.373261 
783 -1.077191 0.160375 
728 -0.923639 0.516932 
2584 -0.949771 0.580266 
2253 -1.036779 0.369761 
21 -1.220648 0.420005 
529 -0.948896 0.765198 
2560 -1.128578 0.408375 
1433 -1.294498 0.353438 
2570 -1.057831 0.486186 
1477 -1.444589 0.173491 
2020 -1.121584 0.600237 
1923 -0.862174 0.746630 
1109 -0.986186 0.565522 
2244 -0.995014 0.760649 
242 -1.215971 0.401935 
106 -1.037833 0.430263 
994 -0.885413 0.999939 
1569 -1.122872 0.404063 
279 -1.267417 0.365324 
943 -1.098596 0.733678 
2387 -0.889458 1.312855 
2213 -0.956679 0.635912 
460 -1.248914 0.499180 
608 -1.079194 0.392677 
1169 -1.223242 0.539572 
1914 -1.230672 0.256468 
2309 -1.085444 0.320604 
396 -1.167565 0.334205 
892 -1.049446 0.533846 
255 -0.963993 0.889315 
325 -1.195800 0.399956 
217 -0.937321 0.332268 
2548 -1.019584 0.736097 
2580 -0.987385 0.897567 
176 -0.955156 0.975496 
2112 -0.949017 0.777832 
2378 -1.281516 0.476246 
1526 -0.811235 0.839544 
2251 -0.806869 0.457025 
2518 -0.648296 0.599842 
1980 -0.969787 0.446978 
2397 -0.985129 0.649284 
2621 -1.198964 0.235047 
1870 -1.024516 0.655502 
2324 -1.154517 0.436736 
1875 -0.918281 0.483654 
1167 -0.898454 0.901392 
1898 -1.132252 0.741298 
2615 -0.805214 0.485658 
2014 -1.017373 0.334527 
175 -0.853798 0.748339 
1403 -1.044375 0.751467 
1965 -1.024511 0.788145 
2589 -1.181018 0.406368 
801 -0.959386 0.440792 
1289 -0.844251 0.583001 
2219 -0.989370 0.565160 
1252 -1.048439 0.409166 
566 -0.822504 0.741632 
2383 -0.893020 1.082708 
1948 -0.330518 0.398937 
1083 -1.239118 0.479903 
997 -1.068181 0.434484 
1701 -1.408697 0.292468 
1107 -1.083772 0.406840 
2606 -1.144982 0.450122 
1006 -0.184526 0.213728 
539 -0.800253 0.377923 
263 -0.883846 0.548838 
285 -0.927970 0.802159 
1448 -1.229496 0.504546 
1651 -1.020271 0.872150 
848 -0.759213 0.423359 
395 -0.793900 0.487571 
2118 -1.315393 0.620665 
234 -0.928068 0.645618 
2157 -1.312649 0.533169 
1004 -0.837514 0.171178 
305 -1.086072 0.661163 
354 -1.164823 0.726985 
1028 -1.213332 0.449563 
15 -1.044349 0.690092 
505 -1.147342 0.496917 
2249 -0.872082 0.297850 
2449 -1.027683 0.841705 
283 -1.026403 0.579467 
1931 -0.917694 0.653164 
254 -1.029108 0.617179 
1558 -0.979146 0.695668 
1576 -1.058616 0.404925 
780 -1.148924 0.415320 
1389 -1.022552 0.564390 
1322 -0.717835 0.684328 
1554 -1.062809 0.266471 
2623 -0.956104 0.536009 
1256 -0.973851 0.818266 
264 -1.339735 0.409253 
2626 -0.312914 0.008242 
1982 -1.046446 0.497203 
1180 -1.197313 0.239481 
1884 -0.947788 1.087244 
1009 -0.548949 0.362821 
2254 -1.051678 0.346346 
1683 -0.321777 0.079164 
307 -1.162851 0.442096 
2126 -1.345013 0.244672 
945 -0.884233 0.546558 
1827 -0.799093 1.069421 
637 -0.999701 0.664314 
1014 -0.534254 0.192574 
862 -1.109721 0.531044 
2497 -1.008448 0.479595 
107 -1.188219 0.513351 
651 -0.929973 0.475274 
1500 -0.886112 0.751097 
1293 -1.223393 0.324829 
1922 -0.766056 0.789809 
2283 -1.164340 0.448170 
202 -1.350828 0.260930 
1406 -0.750801 1.061654 
2085 -1.215483 0.499643 
1412 -1.051154 0.560289 
483 -1.154717 0.458564 
1561 -1.126683 0.255344 
2029 -0.337230 0.167218 
1474 -1.010387 0.578907 
1060 -1.275165 0.396628 
1075 -1.011457 0.900627 
1578 -0.733775 0.794073 
2622 -1.017002 0.541454 
2494 -0.883386 0.586494 
216 -1.246630 0.414183 
2099 -1.235378 0.373758 
2204 -0.850823 1.055565 
1600 -0.962919 1.149117 
594 -0.806037 0.447119 
34 -1.342322 0.276431 
1076 -1.044808 0.872448 
2357 -0.830693 0.901770 
1372 -0.815090 0.497105 
282 -1.095783 0.636362 
1011 -0.681902 0.217942 
115 -0.868772 0.846108 
746 -1.155559 0.578209 
2628 -0.527835 0.529292 
450 -1.181029 0.313171 
225 -1.019429 0.487250 
2410 -1.190922 0.531286 
489 -1.447375 0.261741 
1631 -0.992824 0.825503 
141 -1.041624 0.459033 
2193 -0.934405 0.554289 
159 -0.972467 1.030432 
2044 -0.891025 0.621200 
985 -0.954782 0.939260 
1003 -0.866201 0.769102 
1151 -0.712110 0.682563 
1882 -1.086883 0.463665 
1214 -0.861168 0.336461 
2082 -1.179760 0.413181 
2519 -1.041354 0.372659 
1209 -0.402623 0.099937 
1710 -0.986458 1.017633 
1430 -0.849142 0.251311 
2087 -0.967513 0.738861 
2037 -0.926844 0.671878 
1264 -0.977364 0.796959 
977 -1.049848 0.589271 
119 -0.856954 0.357895 
296 -1.024031 0.589294 
1679 -0.264977 -0.123452 
979 -0.453916 0.442318 
414 -1.194716 0.325465 
1396 -0.712748 1.065049 
1507 -1.309222 0.258316 
197 -0.145134 0.416593 
385 -0.970410 0.193846 
243 -1.362703 0.270987 
1886 -1.134968 0.904126 
548 -0.972841 0.639361 
2250 -0.700065 0.226677 
923 -1.048349 0.598743 
924 -0.937936 0.432951 
2632 -0.758131 0.792727 
2614 -0.881347 0.526742 
1794 -0.900864 0.796349 
1162 -1.144897 0.472145 
2305 -1.013462 0.527274 
2237 -0.870110 0.862679 
1851 -0.724895 0.565403 
2252 -0.815078 0.612216 
2086 -0.957103 0.387673 
1865 -1.092620 0.665304 
950 -1.237301 0.422923 
2487 -1.123115 0.364802 
708 -0.731588 0.423828 
1354 -1.204932 0.335437 
778 -0.918216 0.775927 
290 -1.116975 0.875435 
2147 -1.151280 0.553850 
1408 0.023251 0.140344 
1114 -0.881959 0.382928 
627 -1.146641 0.471981 
23 -0.990116 0.666113 
2110 -0.922920 0.802877 
1796 -1.111894 0.375097 
452 -0.939003 0.680645 
213 -0.908037 0.336597 
85 -0.233069 0.149427 
2239 -0.188996 0.024878 
752 -1.144370 0.267821 
66 -1.108832 0.515237 
2274 -0.752418 0.605203 
1720 -1.310733 0.312824 
2634 -0.846178 0.721860 
2650 0.020916 -0.106945 
2645 -1.454117 0.306392 
2316 -1.044117 0.354908 
1208 -0.326170 0.090854 
1032 0.193123 0.233482 
2486 -0.173602 -0.019118 
2603 0.115588 0.183683 
1849 -0.121610 -0.164567 
2507 -0.355397 0.068473 
1680 -0.286127 0.054403 
2508 0.237480 -0.043457 
2627 0.191614 0.000782 
