2536 2
1203 -1.515352 -0.555665 
1704 -1.190920 -0.763783 
2499 -0.563949 -1.268269 
1144 -0.447436 -1.472081 
782 -1.446364 -0.491926 
785 -2.074095 -0.131215 
1482 -1.244064 -0.699205 
1483 -0.741967 -1.050262 
2404 -0.650357 -1.205554 
2405 -0.205029 -1.834237 
649 -1.063032 -0.732783 
636 -1.452614 -0.495937 
2066 -0.958737 -0.868835 
2202 -1.111453 -0.736995 
1576 -1.666612 -0.229010 
1577 -1.231737 -0.610013 
2078 -0.685236 -1.152527 
1084 -1.057132 -0.818748 
29 -1.125520 -0.640738 
44 -1.143367 -0.720313 
896 -0.989892 -0.860644 
1605 -1.018863 -0.802554 
1369 -0.282217 -1.648559 
1357 -0.803510 -1.000558 
1479 -0.356118 -1.365899 
1514 -0.817210 -1.016576 
97 -0.936363 -0.955087 
2400 -0.555399 -1.386709 
1800 -0.496595 -1.340657 
1797 -0.993176 -0.713242 
974 -0.602551 -1.331773 
936 -0.618423 -0.944862 
1037 -0.956528 -0.870889 
1056 -0.810104 -0.991550 
1623 -1.030032 -0.806727 
1593 -0.785146 -0.700215 
885 -0.815131 -0.937262 
953 -0.547273 -1.195476 
299 -0.392684 -1.318793 
298 -1.015363 -0.817920 
1998 -0.913959 -0.861639 
1516 -0.596576 -1.173187 
654 -0.744287 -1.131670 
638 -0.811359 -1.023067 
468 -0.743024 -1.068971 
469 -0.690199 -1.145040 
759 -1.100958 -0.693777 
760 -0.799772 -1.042576 
2292 -1.039212 -0.907151 
1025 -0.829203 -1.015298 
1085 -0.642469 -1.076701 
1024 -1.041499 -0.917818 
221 -0.842560 -0.962951 
235 -1.000261 -0.841927 
57 -0.799519 -0.884288 
50 -0.757113 -0.864497 
1472 -0.760220 -0.946410 
1097 -0.910311 -0.954825 
1892 -0.695046 -0.947962 
486 -1.164299 -0.625747 
1967 -0.185908 -1.826662 
1197 -0.943640 -0.752909 
1195 -0.947551 -0.980915 
1920 -0.774023 -0.577708 
1921 -0.672469 -0.912968 
2051 -0.591105 -1.319409 
2050 -0.877519 -0.937881 
1360 -0.975017 -0.861103 
847 -0.976396 -0.771617 
1994 -0.959904 -0.891541 
2023 -0.889256 -0.898892 
591 -1.408695 -0.519463 
605 -1.511331 -0.450410 
563 -0.411940 -1.451572 
561 -0.554776 -1.093556 
414 -0.585289 -0.809521 
413 -0.674811 -1.089955 
254 -0.822638 -0.660777 
220 -0.356480 -1.549935 
1894 -0.884476 -0.915984 
994 -0.725944 -0.999212 
2095 -1.004603 -0.860405 
2088 -1.045293 -0.727896 
166 -0.649201 -1.255045 
184 -0.623419 -1.277392 
1882 -0.760645 -0.985584 
1002 -0.571795 -1.088799 
315 -0.610751 -1.139696 
328 -0.059307 -1.871544 
1660 -0.903432 -0.930606 
1658 -0.894928 -0.813817 
2157 -1.026596 -0.839407 
2139 -0.929991 -1.008478 
319 -0.952381 -0.789345 
256 -1.184995 -0.643469 
304 -0.706144 -1.093910 
39 -0.999614 -0.848505 
255 -0.574383 -0.898442 
320 -0.889450 -0.930733 
529 -0.803079 -1.039608 
530 -0.585414 -1.326396 
1260 -1.566900 -0.492914 
2466 -1.263140 -0.682619 
1449 -1.439385 -0.491206 
383 -0.688905 -1.136215 
447 -0.763637 -1.148386 
1769 -0.839214 -1.017633 
596 -1.115245 -0.789071 
658 -0.956005 -0.719326 
657 -1.057023 -0.720400 
1167 -0.615213 -1.253121 
1343 -0.009126 -2.012701 
693 -0.820331 -0.937167 
2280 -0.406342 -1.216974 
835 -1.326488 -0.471909 
712 -0.850696 -0.831355 
2549 -0.843855 -0.812062 
2550 -0.735204 -0.884494 
1447 -1.015313 -0.844604 
1434 -1.290117 -0.616418 
347 -0.928481 -0.793941 
1246 -1.424420 -0.608672 
802 -1.221068 -0.489995 
803 -0.973761 -0.870640 
771 -1.188622 -0.740472 
762 -1.095274 -0.758623 
1659 -0.531058 -1.163626 
2397 -0.823660 -1.069465 
24 -1.245015 -0.604754 
21 -1.133977 -0.682110 
189 -0.661724 -1.073586 
161 -0.445239 -1.359966 
140 -1.192725 -0.654146 
634 -1.030934 -0.804617 
632 -1.004232 -0.705702 
2118 -1.170918 -0.716948 
2635 -0.886436 -0.668264 
1259 -0.819798 -1.130280 
1258 -0.873543 -1.023615 
311 -0.539525 -1.266965 
296 -0.508706 -0.889078 
353 -0.305050 -1.563529 
210 -0.752343 -1.074614 
391 -0.755165 -0.910946 
400 -0.330753 -1.388201 
973 -0.964116 -0.723684 
899 -1.018645 -0.966768 
2436 -0.859541 -0.831606 
2441 -0.726650 -1.036709 
598 -2.010817 -0.159829 
603 -0.998406 -1.024405 
267 -0.952341 -0.815017 
287 -0.993696 -0.908262 
1958 -1.031914 -0.722486 
1087 -0.865988 -1.031432 
1277 -0.645676 -1.272506 
492 -0.915327 -0.792211 
1837 -0.572279 -1.100954 
944 -0.623848 -1.218418 
722 -0.397258 -0.639663 
723 -0.890887 -0.858302 
1179 -1.694228 -0.379086 
1168 -1.635716 -0.411917 
420 -0.886600 -0.798677 
503 -1.024118 -0.789171 
1735 -0.659832 -0.972804 
1765 -0.582803 -1.240124 
2501 -1.143684 -0.589996 
2518 -0.493654 -1.194173 
2010 -1.262837 -0.639702 
2027 -1.121621 -0.806220 
103 -0.343117 -1.025147 
104 -1.288556 -0.624778 
2347 -0.875574 -1.024079 
2360 -1.658333 -0.396172 
1579 -1.190687 -0.574980 
1581 -1.419654 -0.443127 
2385 -1.095148 -0.728366 
2373 -0.649789 -1.096687 
1836 -0.967335 -0.847026 
1838 -0.851136 -1.021167 
1572 -0.969900 -0.894650 
1556 -0.732080 -0.820428 
418 -0.354409 -1.355207 
412 -0.759230 -0.978738 
1977 -0.956423 -0.906047 
2008 -1.000289 -0.863168 
45 -0.568274 -0.955360 
47 -1.286228 -0.514272 
1885 -0.205075 -1.783442 
1852 -0.444115 -1.344179 
1873 -0.651468 -1.229060 
1887 -0.487832 -1.248468 
730 -0.984600 -0.905661 
651 -0.642989 -0.705911 
2610 -0.360874 -1.590358 
2611 -0.189511 -1.523665 
1655 -0.611124 -1.292567 
719 -0.809239 -0.995563 
865 -0.966854 -0.835698 
860 -1.073903 -0.907271 
491 -0.925537 -0.889109 
2191 -0.835612 -0.827447 
764 -0.850260 -0.997189 
700 -0.444149 -1.336985 
1327 -0.559838 -1.332613 
720 -1.148106 -0.765697 
2033 -0.798134 -0.525809 
2065 -1.672673 -0.447847 
2103 -1.772484 -0.335658 
2063 -0.987720 -0.835427 
682 -0.600836 -1.008941 
678 -0.736155 -0.936740 
243 -0.482559 -1.332579 
248 -0.432077 -1.257575 
2182 -0.975609 -0.788752 
2141 -0.765105 -1.040118 
217 -0.342824 -1.475718 
2110 -0.856287 -0.871556 
1415 -1.208667 -0.666536 
1162 -0.632001 -1.287026 
1177 -0.644951 -1.341659 
1580 -1.013408 -0.718048 
1569 -0.982937 -0.852366 
731 -0.813485 -0.958335 
1230 -0.915051 -1.036905 
1240 -0.625520 -1.308327 
2112 -1.000355 -0.853633 
1047 -1.030059 -0.684748 
1739 -0.558272 -1.075107 
1774 -0.511568 -1.277419 
2419 -0.702385 -0.781429 
2408 -0.344760 -1.579239 
1257 -1.237175 -0.724366 
2175 -1.157689 -0.629081 
2173 -0.821326 -0.896726 
2122 -1.754350 -0.314744 
2123 -1.385653 -0.599003 
1234 -1.446514 -0.609319 
1243 -1.172794 -0.823718 
1231 -0.223684 -1.682413 
1930 -0.766054 -0.982752 
385 -0.353498 -1.545417 
421 -0.524093 -1.121335 
2624 -1.019688 -0.843716 
2539 -0.832378 -0.974903 
1822 -0.419936 -1.225388 
1823 -1.876842 -0.142543 
1497 -0.656252 -1.103106 
162 -1.392269 -0.561595 
834 -0.888533 -0.316563 
826 -2.200836 -0.133708 
175 -0.822717 -0.621537 
174 -0.353984 -1.504170 
753 -0.852926 -0.962880 
754 -0.722786 -1.074817 
1362 -0.747802 -0.998757 
800 -1.007899 -0.730050 
1523 -1.221608 -0.783734 
1522 -0.616821 -1.108189 
313 -0.574306 -1.021593 
75 -0.414775 -1.488019 
2498 -0.870210 -1.012399 
1498 -0.897018 -0.970546 
1504 -0.635914 -1.065190 
211 -0.538592 -1.287176 
250 -0.758986 -1.021468 
1718 -1.000391 -0.914710 
838 -1.139066 -0.789391 
437 -0.660283 -1.235108 
450 -0.520121 -1.291852 
1169 -0.709066 -1.115192 
1184 -1.378695 -0.623496 
1265 -1.333674 -0.699259 
80 -0.654433 -1.046296 
2357 -0.751370 -0.830514 
2390 -0.137180 -1.923846 
2391 -0.485542 -0.935088 
171 -1.133429 -0.747425 
178 -1.280528 -0.712474 
1083 -1.242903 -0.644084 
1847 -1.219782 -0.656129 
1880 -0.801878 -0.962817 
2231 -0.691842 -1.146040 
2162 -1.010927 -0.812314 
2153 -0.831013 -0.988935 
2151 -1.478146 -0.407030 
1980 -0.777472 -1.129039 
1925 -0.734890 -1.003584 
831 -1.455138 -0.408077 
2319 -0.961297 -0.844195 
2039 -1.251880 -0.774756 
1776 -0.588982 -0.724915 
1528 -0.966015 -0.961525 
2258 -1.468511 -0.490563 
1747 -0.976797 -0.894783 
1734 -1.001553 -0.862592 
644 0.134198 -2.446384 
645 -0.318397 -1.556095 
1584 -0.944839 -0.866970 
1586 -1.168882 -0.708577 
568 -1.044477 -0.752222 
2476 -0.965881 -0.915433 
2435 -0.545953 -1.260191 
2434 -1.157686 -0.609936 
1057 -1.215700 -0.461946 
1048 -0.621312 -0.619069 
1166 -1.305344 -0.701542 
1196 -0.382721 -1.544440 
639 -0.967095 -1.114030 
1940 -0.743495 -0.936475 
1939 -0.954163 -0.954267 
151 -0.724747 -1.090000 
48 -1.340055 -0.611694 
113 -0.756011 -1.095203 
112 -0.499101 -1.111019 
1053 -0.746698 -0.888359 
1018 -0.671928 -1.097185 
2005 -0.617085 -1.118005 
269 -0.556800 -1.274016 
975 -0.832687 -0.976771 
968 -0.645390 -1.220017 
2560 -0.433071 -1.019247 
1109 -0.915918 -0.895193 
1138 -0.987101 -0.913406 
1132 -0.592282 -1.206748 
2206 -1.722903 -0.342202 
2197 -1.193810 -0.702844 
1392 -0.543770 -1.417472 
1386 -0.908284 -0.989720 
2342 -0.884601 -0.999184 
2517 -0.780580 -0.985905 
1146 -0.685781 -0.874366 
1141 -0.852734 -0.815182 
836 -1.598164 -0.486176 
2106 -0.883100 -1.014914 
1104 -0.970369 -0.880485 
71 -1.300290 -0.554791 
72 -0.781023 -1.015591 
583 -1.115778 -0.844963 
646 -1.168191 -0.694436 
1796 -0.863766 -0.893646 
1807 -0.883483 -0.881945 
1304 -0.440137 -1.388189 
1321 -0.099514 -1.758102 
1861 -0.643559 -0.991040 
775 -0.702382 -1.139203 
992 -0.504282 -1.220897 
2158 -0.866837 -0.978943 
2565 -0.947900 -0.866694 
2566 -0.676940 -1.210437 
2209 -0.799814 -1.016033 
2222 -0.657893 -1.052529 
105 -0.603804 -1.186918 
2077 -0.604524 -0.999507 
405 -0.958445 -0.853028 
402 -0.414188 -1.240301 
937 -0.748493 -1.104816 
957 -0.364438 -1.515646 
830 -1.473557 -0.485608 
612 -0.752143 -0.933037 
633 -1.519933 -0.400981 
153 -1.214565 -0.767687 
628 -0.838255 -0.863060 
2212 -0.877236 -0.872555 
1477 -0.479564 -1.396617 
1473 -1.034601 -0.892059 
2111 -0.614908 -1.078428 
1841 -0.730869 -0.991081 
985 -0.292565 -1.547887 
176 -0.854863 -0.683500 
7 -0.905141 -0.883191 
5 -0.671943 -0.960039 
297 -1.147226 -0.655717 
1455 -1.041410 -0.906856 
927 -0.641634 -1.168120 
928 -0.517862 -1.265959 
1120 -0.973086 -0.834410 
2503 -0.826030 -0.892140 
268 -0.706519 -1.165928 
2006 -0.817375 -1.031478 
1136 -0.524368 -1.177226 
694 -0.763878 -1.012631 
1689 -1.209947 -0.724800 
814 -1.451651 -0.599662 
164 -0.905781 -1.042381 
163 -1.186302 -0.646635 
388 -0.825257 -0.900318 
389 -0.580857 -1.319811 
1371 -0.569032 -1.154402 
1361 -0.755899 -1.050519 
567 -0.730506 -0.711711 
182 -0.771523 -0.974242 
180 -1.174500 -0.715875 
606 -1.535082 -0.323966 
608 -1.445200 -0.544222 
2218 -0.814964 -0.961422 
1872 -0.785274 -0.911940 
1858 -1.057939 -0.697372 
2313 -1.472765 -0.517371 
1110 -1.172327 -0.628147 
1877 -0.306974 -1.718958 
1886 -0.865532 -1.038620 
357 -0.719026 -1.075886 
32 -1.566245 -0.436396 
1697 -0.876755 -0.998435 
1235 -0.551030 -1.287413 
135 -0.776421 -0.600572 
2353 -1.124422 -0.758853 
1080 -0.894475 -0.945205 
2647 -0.999787 -0.948632 
2648 -0.623428 -1.319041 
197 -0.339772 -0.462580 
154 -0.607718 -1.235514 
155 -0.755545 -1.169648 
905 -1.661958 -0.445939 
786 -1.761426 -0.238241 
428 -0.878696 -0.894796 
427 -0.376505 -0.659475 
935 -0.786355 -1.076261 
2425 -1.139747 -0.789924 
2426 -1.431773 -0.502604 
2532 -0.812201 -0.974813 
2618 -0.622625 -1.364689 
471 -0.737446 -0.999351 
2414 -0.959089 -0.612271 
2615 -0.764026 -0.823724 
2582 -0.796971 -1.021433 
2055 -0.677738 -1.177625 
2047 -0.272001 -1.572329 
887 -0.638881 -1.190072 
780 -1.376465 -0.646530 
2075 -1.198611 -0.672513 
2073 -0.951236 -0.788377 
2196 -1.073394 -0.752073 
1686 -1.234752 -0.656054 
1694 -0.683263 -0.830632 
431 -0.884835 -1.087853 
496 -0.336018 -1.543813 
1244 -1.279945 -0.788101 
1779 -0.772419 -1.113100 
1604 -1.034812 -0.729189 
1597 -0.868731 -0.892105 
2367 -0.465481 -1.502885 
2406 -0.908004 -1.014270 
984 -0.945439 -0.817566 
1012 -0.695910 -1.134518 
1017 -0.805037 -0.912669 
1656 -1.097121 -0.621388 
303 -0.975171 -0.890952 
1225 -0.956152 -0.922691 
1224 -1.127098 -0.766314 
322 -0.220195 -1.568270 
321 -0.295801 -1.408717 
824 -1.284824 -0.523257 
793 -1.088445 -0.724399 
2457 -0.553406 -1.270241 
2464 -1.280694 -0.684894 
914 -1.195347 -0.564259 
915 -0.700809 -0.951912 
1982 -0.704778 -1.148812 
1968 -0.458145 -1.384618 
629 -1.170460 -0.705815 
1145 -0.423204 -1.384488 
1147 -0.472570 -1.341527 
1028 -0.824538 -1.110830 
462 -0.328097 -1.632521 
940 -0.399844 -1.116796 
943 -0.416837 -1.499313 
430 -2.610250 0.056046 
1335 -1.056992 -0.828198 
1542 -0.445704 -1.420157 
2398 -0.970948 -0.982515 
770 -0.996351 -0.906701 
1384 -0.803531 -1.027733 
888 -1.006060 -0.742760 
933 -1.196976 -0.684480 
1128 -0.522863 -1.256767 
1130 -0.732911 -0.959758 
934 -0.527726 -1.344161 
2543 -0.985135 -0.674157 
2542 -0.460479 -0.808080 
1646 -1.290380 -0.611404 
1737 -0.770170 -0.938921 
2590 -0.603889 -1.095583 
84 -0.485406 -1.306673 
83 -0.745160 -0.669495 
498 -0.882364 -0.948963 
1204 -0.880035 -1.011618 
480 -0.755627 -1.068685 
513 -1.049748 -0.841083 
2081 -1.202474 -0.675419 
2082 -0.796770 -0.988456 
2597 -0.247125 -1.459893 
2598 -0.115102 -1.869668 
1342 -0.937014 -0.970420 
1100 -1.707415 -0.277558 
1095 -1.049392 -0.524934 
1526 -0.361182 -1.734778 
1529 -1.388278 -0.645705 
2221 -0.392692 -1.345338 
607 -1.498665 -0.533687 
777 -0.905915 -0.917004 
784 -1.038711 -0.614496 
2446 -0.384772 -1.293942 
2447 -2.119243 -0.106680 
2155 -1.106005 -0.709805 
662 -0.682950 -0.694468 
2574 -1.089347 -0.694630 
2586 -1.173227 -0.625973 
1743 -1.789948 -0.278061 
1742 -0.539967 -1.067655 
565 -0.648560 -0.382948 
2448 -0.127631 -1.775435 
2198 -0.893657 -0.926847 
2199 -1.170659 -0.677293 
1344 -0.750282 -1.186217 
2307 -0.665713 -1.209768 
963 -1.425475 -0.490007 
906 -0.832898 -1.077164 
2015 -0.980820 -0.896397 
1788 -0.627192 -1.044156 
996 -1.040638 -0.757228 
511 -0.718140 -1.137987 
1772 -0.674222 -1.117829 
1730 -0.641008 -0.952400 
1728 -0.858811 -0.709673 
2060 -1.706153 -0.357617 
2130 -0.775801 -1.022672 
2131 -0.722291 -1.107270 
1657 -1.677961 -0.319849 
2504 -0.975655 -0.658659 
96 -0.978352 -0.724547 
2412 -0.516774 -1.345561 
948 -0.122072 -1.797729 
1961 -1.028040 -0.799747 
1952 -0.868803 -1.030584 
2174 -0.858564 -0.575032 
1558 -0.750483 -1.176503 
1401 -0.938363 -0.823861 
1427 -1.149496 -0.670069 
1630 -1.130559 -0.697590 
673 -0.890108 -0.891816 
1941 -0.681921 -0.804703 
1919 -0.890799 -0.723017 
146 -1.239157 -0.671165 
114 -0.512561 -1.156130 
1695 -0.620508 -1.089139 
1696 -0.374019 -1.462423 
1589 -1.139610 -0.648889 
1613 -1.319295 -0.613357 
1202 -0.622486 -1.290062 
1291 -0.729235 -1.075782 
993 -0.357166 -1.404795 
28 -1.054010 -0.727696 
724 -1.134256 -0.646927 
2132 -1.038471 -0.845834 
2133 -0.660485 -0.813477 
1159 -0.986642 -0.767189 
1211 -1.659966 -0.420022 
660 -1.541020 -0.427680 
1768 -0.885692 -0.959186 
192 -0.804651 -1.061051 
812 -1.126071 -0.778979 
813 -1.199394 -0.711774 
1112 -1.022977 -0.609942 
854 -0.919417 -0.929213 
967 -0.465204 -1.343821 
1192 -0.873072 -0.977592 
1407 -0.494913 -1.152627 
1444 -1.011874 -0.810948 
1439 -0.766476 -0.988763 
623 -0.834495 -0.992603 
624 -1.048695 -0.817174 
2186 -0.968493 -0.625374 
2185 -1.150005 -0.785423 
257 -1.058713 -0.641090 
489 -0.892943 -0.853531 
562 -0.753798 -0.969984 
1070 -0.962086 -0.979687 
1073 -0.806257 -1.010104 
1493 -0.745978 -0.992478 
90 -1.191875 -0.631686 
1205 -1.386313 -0.540481 
1568 -0.566792 -1.290474 
2641 -1.109319 -0.807749 
2619 -0.422887 -1.430697 
1620 -0.791641 -0.952132 
2278 -1.106419 -0.450204 
2324 -0.946246 -0.818389 
1932 -1.173658 -0.526576 
1035 -1.489854 -0.614103 
1175 -1.822962 -0.313121 
1433 -0.809376 -0.801101 
1665 -0.379872 -1.452783 
1664 -0.499114 -1.376601 
711 -0.803678 -0.924054 
991 -1.006245 -0.692634 
990 -0.648205 -1.183693 
832 -1.306415 -0.691357 
2343 -1.060754 -0.793042 
2138 -1.706114 -0.310161 
1383 -0.706244 -0.458550 
1338 -0.851203 -0.960547 
2525 -0.836453 -0.821288 
2547 -0.928716 -0.952130 
333 -0.447268 -1.396714 
334 -0.689652 -1.112641 
280 -0.932066 -0.875479 
358 -1.064956 -0.811671 
2521 -0.580490 -1.328568 
2520 -0.991416 -0.818470 
1245 -1.363625 -0.716828 
2463 -1.237166 -0.731875 
1820 -0.486931 -1.264547 
1825 -0.853610 -0.842236 
1199 -0.481980 -1.528334 
1188 -0.880653 -0.919655 
1404 -0.876530 -0.950378 
2145 -0.812521 -0.860479 
2491 -0.574395 -1.148314 
2492 -0.554632 -0.986620 
1387 -0.851718 -0.884561 
141 -1.329562 -0.631884 
118 -0.748109 -0.895963 
2274 -0.766619 -1.123710 
1673 -0.711804 -1.096677 
181 -0.807335 -1.048957 
185 -0.673883 -1.087627 
1339 -0.948423 -0.826002 
1391 -0.908911 -0.732439 
560 -0.654551 -0.781425 
610 -0.937141 -1.000293 
2589 -0.570216 -1.071330 
2588 -0.449171 -1.223248 
1512 -0.531828 -1.210579 
692 -0.487043 -1.253119 
2237 -0.877577 -0.818684 
127 -1.054095 -0.932307 
148 -0.659780 -0.351285 
1178 -0.665560 -1.221112 
215 -0.565271 -1.118202 
1376 -0.734664 -1.063407 
272 -0.112135 -1.676803 
270 -0.167292 -1.667137 
2607 -0.260182 -1.556942 
2606 -0.402986 -1.352074 
1897 -1.018674 -0.725377 
1895 -0.689128 -1.048565 
1936 -0.218928 -1.663054 
1970 -0.796099 -0.997816 
1552 -1.274940 -0.555041 
1553 -1.632597 -0.321138 
409 -0.859450 -0.780421 
410 -1.060997 -0.771321 
1557 -1.032092 -0.941169 
20 -1.776710 -0.275570 
36 -1.549299 -0.398764 
2271 -0.420365 -0.325372 
2335 -0.529884 -1.353917 
1046 -0.752310 -1.270151 
1051 -0.478754 -1.388084 
1280 -0.828878 -1.106057 
1262 -0.924770 -0.995287 
2409 -1.412904 -0.534071 
894 -0.859166 -0.782965 
866 -1.287495 -0.743751 
2403 -0.337212 -1.659387 
2379 -1.089235 -0.742517 
191 -1.609124 -0.415835 
2216 -0.616806 -1.123049 
1832 -1.088391 -0.756170 
2166 -0.732073 -0.935681 
467 -1.155562 -0.700228 
2253 -0.942423 -1.076187 
2236 -0.909648 -0.555380 
196 -0.717900 -1.139434 
2614 -0.719470 -0.738120 
979 -0.640211 -1.034649 
886 -0.965499 -0.806125 
1863 -0.955811 -0.925497 
1884 -0.730871 -1.074243 
1156 -0.286337 -1.678576 
1632 -1.253478 -0.598558 
1503 -0.694220 -0.898943 
1502 -0.040786 -1.896803 
2366 -0.510399 -1.050908 
2374 -0.728022 -1.031290 
2115 -0.673767 -1.130468 
2114 -1.698868 -0.386924 
1842 -0.679376 -1.132885 
874 -0.981943 -0.768189 
877 -0.588531 -1.266088 
1853 0.090446 -2.187114 
1781 -0.618691 -1.239383 
1106 -0.806427 -0.987061 
1072 -0.658152 -1.157801 
507 -0.694364 -1.111882 
1212 -1.375816 -0.591796 
1185 -1.017047 -0.872231 
2325 -0.322578 -0.312829 
1061 -0.784840 -0.987070 
502 -0.844475 -0.779512 
1625 -1.084516 -0.751974 
1634 -0.768700 -1.096730 
411 -0.726600 -0.983772 
10 -0.959013 -0.937169 
67 -1.459512 -0.471230 
122 -0.958122 -0.962819 
121 -1.161981 -0.717169 
1962 -0.950803 -1.082656 
1951 -0.989327 -0.797831 
736 -0.598341 -0.562212 
757 -0.997925 -0.828407 
369 -0.909476 -1.039594 
330 -0.847963 -0.953284 
1448 -1.515419 -0.466355 
2402 -1.005071 -0.860482 
1273 -0.712108 -1.214867 
1520 -1.020978 -0.823669 
1467 -0.644795 -1.316760 
641 -1.127945 -0.796098 
647 -1.182554 -0.711784 
2013 -0.783332 -1.054363 
2217 -0.897457 -0.859655 
1271 -0.644127 -1.288118 
1266 -1.060786 -0.945700 
376 -0.535736 -1.286074 
371 -0.219782 -1.842557 
1119 -1.003279 -0.798117 
2536 -0.678879 -1.089838 
2102 -0.977300 -0.974318 
2098 -1.407161 -0.523343 
550 -1.218760 -0.590918 
1292 -0.563289 -0.828754 
1115 -0.538701 -1.128065 
2043 -0.732731 -1.147889 
671 -0.962901 -0.882181 
663 -0.837290 -1.023516 
1466 -1.052231 -0.788765 
2567 -0.196913 -1.618917 
752 -0.587938 -1.271267 
755 -0.897894 -0.806267 
898 -0.978381 -0.918683 
903 -0.853985 -1.034798 
1414 -0.711549 -1.109269 
2040 -1.132186 -0.702465 
2120 -1.115363 -0.833043 
8 -1.281100 -0.653342 
1871 -0.534059 -1.156916 
1239 -1.666677 -0.340969 
1180 -0.811337 -1.114219 
929 -0.863807 -0.943145 
955 0.050859 -2.060623 
1267 -0.516518 -1.480564 
1757 -0.349756 -1.459419 
1713 -0.840306 -0.906525 
2167 -1.294675 -0.631065 
2535 -0.759082 -0.479864 
27 -0.432153 -1.026881 
89 -0.931557 -0.850505 
91 -0.925184 -0.827586 
106 -0.895158 -0.938270 
2533 -0.596783 -0.539954 
763 -0.941381 -0.911511 
1091 -0.962138 -0.838976 
1014 -0.418789 -0.485766 
477 -0.859819 -0.964668 
478 -0.653750 -0.978423 
907 -0.652479 -1.062530 
908 -0.862521 -0.788415 
776 -1.035407 -0.819147 
779 -0.989697 -0.910118 
1590 -1.138673 -0.622607 
1606 -1.228059 -0.597935 
579 -0.638525 -1.101418 
1098 -0.624862 -1.133388 
2364 -0.460245 -1.471321 
2585 -0.755802 -0.586132 
1548 -1.209756 -0.629093 
1086 -1.175126 -0.612596 
1536 -0.955301 -0.701897 
1535 -1.377782 -0.625804 
1533 -1.898068 -0.267185 
904 -0.768141 -1.143733 
965 -0.856560 -0.751229 
445 -0.125849 -1.916458 
443 -0.463618 -1.405027 
617 -0.944807 -0.857304 
615 -1.022833 -0.847900 
354 -0.486497 -1.380448 
1270 -0.991674 -1.054370 
986 -0.594494 -1.095513 
274 -0.030835 -1.865706 
325 -0.409785 -1.267880 
1346 -0.782025 -1.027966 
1355 -0.536300 -1.179961 
2303 -1.412764 -0.585376 
1867 -0.638023 -1.176370 
1865 -1.215240 -0.712739 
548 -0.634636 -1.250586 
2488 -0.707420 -0.979091 
2321 -0.309925 -1.515498 
1794 -0.900421 -0.885668 
2473 -0.833073 -0.962283 
2443 -0.800400 -1.123065 
519 -1.084247 -0.864844 
435 -0.790937 -1.037585 
2638 -0.908902 -0.906284 
512 -1.087906 -0.682603 
152 -0.658686 -1.146046 
1637 -1.278539 -0.733801 
2242 -0.546778 -1.217928 
2244 -0.239425 -1.610462 
2052 -1.079830 -0.680712 
2045 -1.203026 -0.744310 
2042 -0.374997 -1.423931 
2037 -0.739563 -0.936969 
1004 -0.570153 -1.069287 
1494 -0.968031 -0.899814 
1636 -0.870796 -0.709701 
2394 -0.483805 -1.362089 
1219 -0.798746 -1.115566 
1079 -1.023668 -0.818323 
1078 -1.352879 -0.513893 
879 -0.744824 -1.134144 
768 -0.729184 -1.137818 
2204 -0.809428 -0.968455 
2636 -0.925244 -0.975567 
40 -0.697167 -0.963102 
41 -0.516480 -0.477623 
956 -0.252623 -1.617039 
1843 -0.869740 -0.918316 
1881 -0.755954 -0.803983 
479 -0.498155 -1.205004 
1487 -0.709858 -1.008679 
2439 -0.998011 -0.650101 
1331 -1.453869 -0.559313 
1150 -0.677051 -1.242929 
820 -1.054663 -0.650518 
1629 -1.012718 -0.789367 
2298 -1.055635 -0.793675 
2411 -1.067156 -0.781805 
853 -0.934442 -0.818918 
1990 -0.711487 -1.002005 
1068 -0.942341 -0.866653 
2277 -0.734328 -1.000608 
947 -0.650038 -1.095252 
2326 -0.752450 -0.808974 
2316 -0.979959 -0.695783 
2099 -1.163500 -0.695098 
2100 -1.346061 -0.545011 
504 -0.323693 -1.606044 
1123 -0.501114 -1.137254 
487 -1.242971 -0.687320 
484 -0.959287 -0.883644 
2213 -0.988655 -0.850768 
201 -0.790754 -1.084785 
203 -0.420029 -1.296435 
536 -0.505082 -1.408629 
2019 -0.765397 -1.065139 
239 -0.550235 -0.811820 
1793 -0.641101 -1.142353 
1374 -0.676559 -1.053841 
2054 -0.961158 -0.610872 
54 -1.351416 -0.478570 
3 -0.894297 -0.920366 
2142 -0.701402 -1.028296 
2150 -1.418216 -0.506400 
1947 -0.316718 -0.620365 
213 -0.844295 -0.870685 
1193 -1.341359 -0.574238 
1206 -0.561560 -1.404464 
482 -0.869687 -0.915024 
481 -0.675715 -1.219735 
1426 -1.097304 -0.646073 
964 -0.803694 -0.947673 
1635 -0.677890 -1.049826 
2034 -1.075639 -0.721519 
2259 -1.297526 -0.605337 
1675 -0.959707 -0.726037 
1492 -1.656407 -0.418114 
1531 -1.247775 -0.663724 
1165 -0.624424 -1.241527 
1446 -1.275363 -0.625747 
1470 -0.734012 -1.122393 
2002 -0.603172 -0.469607 
2025 -1.132069 -0.790319 
1171 -0.814541 -1.018293 
880 -0.648016 -1.073040 
765 -0.904899 -0.841592 
2407 -0.988101 -0.887866 
2359 -1.170380 -0.825523 
2107 -0.876849 -0.878510 
1720 -0.710084 -0.977054 
1719 -1.035381 -0.770564 
1945 -0.696916 -0.940229 
1922 -0.572921 -0.792945 
94 -0.380562 -1.518652 
95 -0.889982 -0.945469 
2265 -1.181417 -0.663218 
585 -1.092734 -0.691526 
130 -1.033261 -0.889423 
1521 -1.110693 -0.653489 
351 -0.467627 -1.381429 
2401 -0.674058 -1.276468 
1627 -0.459584 -1.389424 
1626 -0.968374 -0.651641 
1770 -0.962870 -0.821676 
1771 -0.324626 -1.519187 
2469 -1.155228 -0.560178 
2471 -0.611613 -1.064585 
819 -1.513286 -0.469026 
1170 -0.741830 -1.062929 
921 -1.051169 -0.878074 
961 -0.733579 -1.073883 
2381 -0.987021 -0.844808 
2346 -0.648757 -1.014654 
665 -0.973212 -0.817295 
2169 -1.269081 -0.673189 
2176 -1.499590 -0.378104 
60 -1.569947 -0.375179 
538 -0.803128 -0.895964 
395 -0.949618 -0.869665 
2576 -0.471145 -1.282435 
1754 -0.385630 -1.480726 
599 -1.255233 -0.655466 
76 -0.785081 -0.959905 
78 -0.700546 -1.050341 
53 -0.664851 -1.005538 
52 -1.034870 -0.745751 
1562 -1.355006 -0.519716 
1563 -1.070851 -0.663595 
1693 -0.618257 -0.888128 
1791 -0.796665 -0.995528 
1809 -1.761145 -0.284984 
2523 -0.704204 -0.808103 
549 -1.232847 -0.608893 
1332 -2.372821 -0.043637 
131 -1.338615 -0.550711 
2355 -1.333127 -0.614399 
727 -0.502804 -0.796400 
729 -0.821597 -0.963338 
2128 -1.080657 -0.476029 
2637 -0.331986 -1.531304 
277 -0.842954 -0.984153 
2382 -0.778141 -1.180940 
912 -0.778013 -1.042906 
976 -0.422850 -1.465220 
2304 -0.403206 -1.445075 
1653 -0.777104 -1.067674 
1264 -1.475523 -0.530243 
1282 -0.909671 -0.954598 
2460 -0.596554 -1.154501 
2332 -0.653782 -1.025265 
446 -0.690623 -1.084806 
204 -0.426015 -1.388036 
2140 -0.536859 -1.309730 
1328 -0.555988 -1.428708 
2020 -0.629200 -1.081257 
1191 -0.885937 -1.063779 
1190 -0.959589 -0.969493 
326 -0.731980 -1.136072 
691 -0.449978 -0.770008 
2338 -0.896332 -0.799354 
2224 -0.744973 -1.072189 
1760 -0.677948 -0.997166 
2311 -1.228271 -0.549108 
2308 -0.869783 -0.808939 
537 -0.732182 -1.104157 
397 -0.212960 -1.662616 
1232 -1.267431 -0.688875 
186 -0.593823 -1.077028 
871 -0.560610 -1.056927 
2149 -1.026821 -0.691662 
2148 -0.605744 -1.223947 
438 -0.803133 -1.049732 
439 -0.633013 -1.205366 
522 -0.596621 -1.229771 
426 -1.135139 -0.789970 
1308 -0.866493 -0.958479 
1309 -0.486582 -1.200830 
1114 -0.774971 -0.883040 
1116 -1.704230 -0.354043 
919 -0.634640 -0.896448 
2378 -1.107138 -0.663624 
2044 -0.462278 -1.455744 
1329 -1.854091 -0.311758 
1325 -0.875363 -0.853900 
1643 -1.114192 -0.763892 
1787 -0.703697 -0.666807 
1795 -0.392737 -1.366134 
930 -0.633757 -1.197748 
2291 -0.840894 -0.833418 
2305 -0.583811 -1.298297 
324 -0.886592 -0.891044 
329 -0.463782 -1.268364 
1729 -0.623138 -1.033589 
1722 -0.777921 -1.061005 
595 -2.247627 -0.037966 
2011 -0.822059 -1.047082 
336 -0.661580 -1.318339 
1157 -1.031254 -0.845007 
1158 -1.019693 -0.665405 
1201 -0.806633 -1.073325 
716 -1.056218 -0.691973 
714 -1.439535 -0.589677 
393 -0.237078 -1.662274 
679 -0.664809 -1.116708 
680 -0.653069 -0.886655 
169 -0.787709 -1.005530 
168 -0.633822 -1.282553 
2621 -0.831956 -1.109218 
13 -1.001405 -0.838945 
924 -0.652255 -0.753321 
1050 -0.569863 -1.420920 
2275 -1.167125 -0.624250 
2057 -0.640486 -1.164345 
1893 -0.912127 -0.899801 
1901 -1.079546 -0.808657 
772 -0.926038 -0.878633 
592 -1.173091 -0.692018 
2440 -0.662753 -0.962425 
1237 -0.684052 -1.205986 
1236 -0.790570 -1.062641 
35 -1.393374 -0.510132 
1571 -0.663887 -1.165499 
1706 -0.997147 -0.783971 
508 -0.963048 -0.900284 
510 -0.953122 -0.803268 
677 -0.788381 -0.943148 
79 -0.791382 -1.089198 
1879 -0.911315 -0.953553 
1805 -0.798209 -0.951856 
1268 -0.521555 -1.458289 
2257 -0.599786 -1.277550 
2358 -1.303777 -0.631317 
1513 -0.783755 -1.030067 
1416 -0.639119 -1.159795 
1452 -0.693094 -0.868277 
2018 -0.473336 -1.245260 
247 -0.523910 -1.282537 
2172 -0.899055 -0.908322 
2643 -1.247766 -0.611631 
2494 -0.565532 -1.158816 
2601 -0.565415 -1.363120 
2599 -0.127581 -1.770672 
969 -0.536432 -1.381873 
1543 -0.559667 -1.315861 
485 -1.232533 -0.621172 
2349 -1.297963 -0.627898 
218 -0.383241 -1.394118 
2164 -0.435817 -0.807377 
1359 -1.185725 -0.666500 
128 -1.406258 -0.463108 
1476 -0.385042 -1.360221 
1241 -1.297584 -0.634874 
1918 -0.437786 -1.451887 
1900 -0.822915 -1.041643 
1222 -0.898030 -1.092324 
2129 -1.059670 -0.845399 
2314 -1.253904 -0.614883 
1654 -0.907003 -0.887855 
1089 -0.658095 -1.101853 
2557 -0.932636 -0.725346 
2562 -0.779810 -0.905522 
1628 -0.780091 -1.104853 
689 -0.870765 -0.938474 
2279 -0.712328 -0.873716 
440 -0.541350 -1.297254 
2451 -1.116957 -0.770521 
2431 -0.713064 -1.021230 
758 -1.119912 -0.803357 
229 -0.235054 -1.584876 
230 -1.236731 -0.605148 
1475 -0.897590 -0.973798 
2581 -1.093583 -0.726353 
407 -0.414157 -1.315394 
70 -1.544479 -0.340219 
64 -1.372602 -0.514153 
1274 -0.991104 -1.011563 
1276 -1.884216 -0.269002 
22 -1.286268 -0.625255 
23 -0.949106 -0.916570 
2297 -0.760634 -1.098476 
846 -1.201826 -0.648145 
1310 -0.624802 -1.181846 
2644 -0.865161 -0.865701 
316 -1.144237 -0.658957 
816 -1.412110 -0.685353 
2365 -0.966977 -0.979180 
2190 -1.363530 -0.423206 
2187 -1.023510 -0.787636 
1641 -0.569047 -1.219911 
811 -1.450210 -0.554290 
1279 -0.324852 -1.665017 
2595 -0.353335 -1.546935 
858 -1.216869 -0.691719 
1721 -0.788815 -0.796011 
588 -1.084139 -0.589778 
713 -1.163450 -0.597906 
1176 -0.802232 -1.101398 
918 -0.423019 -0.622483 
926 -0.744007 -1.018660 
1915 -0.863134 -0.921839 
1916 -0.469077 -0.429959 
1217 -0.953661 -0.928675 
1250 -1.440373 -0.637471 
1864 -0.204001 -1.644034 
627 -0.815426 -0.946986 
715 -1.382434 -0.376105 
2493 -0.748238 -1.163108 
2189 -1.123413 -0.708703 
2072 -1.273104 -0.587101 
206 -0.828689 -0.876870 
205 -0.736168 -0.731778 
1611 -2.161997 -0.048046 
377 -0.782285 -1.126984 
1485 -1.183957 -0.707134 
1954 -0.941147 -0.810657 
1955 -1.156485 -0.698680 
1340 -0.359265 -1.541710 
1347 -0.539281 -1.311100 
604 -1.415803 -0.507714 
1544 -1.009029 -0.819666 
977 -0.417441 -1.389671 
2548 -0.926536 -0.617332 
2564 -0.542782 -1.306215 
2215 -0.569693 -1.066905 
635 -0.868441 -0.830782 
1950 -0.669526 -0.890525 
1948 -0.438684 -0.175052 
1708 -0.712550 -0.999985 
1709 -1.091339 -0.794931 
1462 -0.956890 -0.919374 
2001 -0.744456 -0.867894 
683 -0.447429 -1.016203 
2009 -0.879688 -0.765460 
1518 -0.553667 -0.465936 
1676 -1.051001 -0.846860 
1055 -0.461318 -1.068402 
2327 -0.752417 -0.586477 
959 -0.552762 -1.281867 
193 -0.918813 -0.895075 
473 -0.863044 -0.811240 
2612 -0.619186 -1.075573 
2519 -1.306687 -0.599411 
2201 -0.319779 -1.515757 
2143 -0.543138 -1.230376 
1227 -1.185123 -0.721709 
2306 -0.844845 -1.020740 
726 -0.340137 -1.131828 
1283 -0.819910 -0.923988 
2067 -1.282885 -0.662819 
1249 -1.330449 -0.588830 
1471 -0.942284 -0.850238 
1437 -0.785086 -0.889173 
808 -1.302014 -0.649603 
2323 -1.221695 -0.483444 
207 -0.410797 -1.331897 
2036 -0.673517 -0.798608 
1741 -0.589907 -1.241603 
1854 -0.135643 -1.910267 
954 -0.303949 -1.522057 
664 -1.397316 -0.593957 
314 -0.609681 -1.112805 
941 -0.304235 -1.621071 
194 -0.948688 -0.942671 
1944 -0.863965 -0.892760 
457 -0.382906 -1.007433 
455 -0.573938 -0.931395 
1736 -0.509609 -1.297117 
1151 -0.927853 -0.831839 
1131 -0.638873 -1.192941 
618 -1.085216 -0.797339 
619 -0.755779 -0.662169 
363 -0.381572 -1.447779 
783 -1.347541 -0.558300 
289 -0.566534 -1.258395 
301 -0.839830 -0.588268 
553 -0.816822 -0.620330 
552 -1.060515 -0.671446 
684 -1.090243 -0.575640 
283 -1.053841 -0.678664 
1198 -1.232032 -0.728086 
483 -0.674245 -1.057128 
2467 -1.121837 -0.898663 
177 -0.970961 -0.690407 
2165 -0.212301 -1.642200 
1773 -0.978931 -0.875294 
901 -0.962184 -0.967653 
2193 -1.215667 -0.606814 
1585 -1.032744 -0.799349 
25 -0.725075 -1.001837 
30 -1.117487 -0.556044 
600 -0.469640 -0.433977 
614 -0.785174 -0.902721 
1186 -0.979231 -0.914609 
833 -1.272338 -0.567758 
2410 -0.785499 -1.046089 
1122 -0.639635 -0.867596 
1692 -1.012111 -0.801239 
223 -0.193526 -1.540005 
2159 -1.594738 -0.358422 
2160 -1.074950 -0.675547 
2146 -0.773542 -1.041772 
1875 -0.635514 -0.803608 
1896 -1.019227 -0.829535 
2362 -0.499913 -1.338753 
674 -0.676191 -1.065951 
1811 -0.970900 -0.575232 
2415 -1.007043 -0.884436 
1666 -0.881479 -0.795433 
2071 -0.527500 -1.258709 
2427 -0.860734 -0.949365 
586 -1.043534 -0.685018 
2392 -0.674465 -1.119463 
1724 -1.049411 -0.714084 
401 -0.819343 -0.967253 
459 -0.800742 -1.091295 
524 -0.896262 -1.082381 
2578 -0.769124 -1.100324 
144 -0.979961 -0.841514 
159 -0.855568 -0.722674 
2094 -1.059309 -0.685368 
2226 -0.246257 -1.578840 
281 -1.070978 -0.666041 
1575 -1.395402 -0.515428 
308 -0.864671 -0.935634 
1474 -0.544322 -1.034660 
1789 -0.815431 -0.976397 
258 -1.091211 -0.629764 
1935 -0.797872 -0.984715 
2000 -0.864757 -0.817930 
470 -0.708461 -1.066421 
399 -0.470689 -1.259655 
1547 -1.086689 -0.724486 
1341 -1.020354 -0.811682 
1816 -0.781314 -0.961831 
1402 -0.607811 -1.260248 
156 -0.776851 -1.125583 
2310 -0.703640 -1.132550 
202 -0.654504 -1.083778 
2017 -0.790139 -1.075424 
2456 -0.758595 -1.055005 
488 -0.680444 -1.119019 
1379 -0.874604 -0.986203 
2240 -0.657203 -1.058613 
1829 -1.212878 -0.649008 
1767 -0.546903 -1.359151 
949 -1.066611 -0.710533 
2413 -0.517062 -1.388121 
881 -0.941020 -0.559523 
1817 -0.837035 -0.997799 
1874 -0.553710 -1.216613 
2345 -0.675268 -0.985019 
332 -0.394217 -1.496272 
305 -0.537942 -1.124278 
1352 -1.067393 -0.695242 
1381 -0.678478 -0.911408 
2250 -0.832058 -0.906063 
2249 -1.196670 -0.536107 
2634 -0.581378 -1.293749 
2559 -0.195596 -0.519093 
2333 -0.717007 -1.046023 
1454 -0.776657 -0.999819 
1461 -1.931586 -0.096023 
165 -1.387902 -0.595134 
1373 -0.766954 -1.046460 
2399 -1.013059 -0.878261 
2416 -0.613143 -1.268818 
1524 -0.731237 -1.191636 
1527 -1.519881 -0.507348 
2245 -0.344925 -1.360189 
1501 -0.500142 -1.184647 
1421 -0.961513 -0.768422 
1652 -1.046071 -0.755045 
1651 -0.741221 -1.007823 
2283 -0.638672 -1.086868 
318 -0.876343 -0.905665 
631 -1.283643 -0.557780 
626 -1.352433 -0.616057 
2299 -1.010466 -0.792461 
149 -0.857111 -0.884621 
150 -0.820413 -0.817443 
1181 -1.149856 -0.730085 
597 -1.038868 -0.895478 
1315 -0.860770 -0.844011 
1318 -0.684329 -1.092611 
1943 -0.802843 -1.051717 
749 -0.459964 -0.244674 
1220 -0.866871 -1.069487 
1367 -0.632009 -0.997875 
1366 -1.167502 -0.653811 
2076 -1.105791 -0.679631 
495 -0.780034 -1.110227 
1183 -1.036535 -0.875802 
1229 -0.621469 -1.364107 
147 -0.998964 -0.769320 
2108 -1.071982 -0.784218 
1164 -1.274300 -0.679695 
12 -1.238734 -0.654730 
1645 -0.769169 -1.088383 
1242 -0.945736 -1.003627 
1618 -0.356538 -1.514397 
1616 -0.860137 -1.004417 
998 -0.967038 -0.826182 
1143 -0.590434 -0.942720 
1238 -0.979788 -0.908196 
2454 -0.662070 -0.941763 
2453 -1.073086 -0.778110 
1248 -0.706240 -1.336136 
1228 -0.499244 -1.406617 
424 -0.842397 -1.008438 
419 -0.642232 -1.118131 
2354 -0.910956 -1.031359 
442 -0.521386 -1.396772 
1160 -0.461655 -1.504340 
997 -0.874702 -0.973806 
1323 -0.869544 -0.775300 
454 -0.760625 -0.833622 
576 -0.885760 -0.572350 
577 -0.775978 -1.070153 
2470 -0.722829 -0.755339 
1927 0.062012 -1.952369 
1926 -0.709528 -1.006398 
525 -0.587216 -1.279819 
526 -1.130747 -0.782719 
396 -0.662890 -1.261064 
962 -0.133204 -1.919422 
2170 -0.973607 -0.918730 
2450 -0.453572 -1.387415 
2177 -1.242090 -0.607079 
1413 -0.478367 -1.107262 
1412 -0.983154 -0.817123 
2171 -0.481060 -1.391850 
1207 -1.237220 -0.718964 
1855 -0.282550 -1.714167 
1731 -0.940316 -0.856953 
870 -0.460490 -1.278364 
827 -0.874748 -0.729407 
514 -1.145774 -0.643126 
429 0.025332 -1.974994 
2007 -0.934896 -0.896297 
290 -0.925389 -0.848591 
291 -0.573714 -1.324459 
2268 -0.697338 -1.032254 
2393 -1.250707 -0.642057 
134 -1.077556 -0.952459 
1671 -1.657966 -0.390939 
2646 -0.838161 -0.848052 
672 -0.848106 -0.905653 
266 -1.308694 -0.597476 
264 -1.251508 -0.629045 
2261 -1.030843 -0.761585 
2260 -1.391445 -0.527634 
1052 -0.550615 -1.354254 
1850 -0.737089 -0.963163 
1780 -0.870866 -0.984312 
2571 -0.550249 -0.496802 
889 -0.765453 -1.087965 
58 -1.004857 -0.711289 
533 -0.414492 -1.492073 
590 -1.423508 -0.471312 
261 -1.333981 -0.516058 
259 -1.007951 -0.767266 
133 -0.935197 -0.935172 
73 -1.149309 -0.705332 
317 -0.660695 -1.004030 
1798 -0.810307 -0.913087 
344 -0.130457 -1.692191 
343 -1.110415 -0.784203 
2223 -0.843614 -0.934143 
1582 -1.129176 -0.604406 
2417 -0.856455 -0.866637 
1060 -0.653548 -1.223535 
1515 -0.837967 -0.921087 
897 -1.390531 -0.510315 
637 -1.112904 -0.547762 
2530 -1.383576 -0.549118 
892 -0.900327 -0.753887 
655 -1.009890 -0.927931 
855 -0.743351 -1.000137 
1251 -0.595785 -1.321208 
81 -0.628827 -0.903973 
970 -0.594316 -1.205752 
1638 -0.794245 -1.038457 
1725 -0.834187 -0.873937 
817 -1.395857 -0.518661 
158 -0.774625 -1.025587 
160 -0.842104 -0.847465 
370 -0.045665 -1.907180 
1295 -1.170524 -0.637905 
1296 -1.230526 -0.545566 
2117 -1.332396 -0.549410 
2121 -1.257588 -0.676081 
1370 -0.532723 -1.163901 
1096 -0.911033 -0.824060 
1644 -0.324719 -1.487438 
1622 -1.564791 -0.381302 
856 -0.457513 -0.684794 
208 -0.489982 -1.329337 
1624 -0.843421 -0.986878 
1669 -0.792457 -0.932200 
1701 -0.806732 -0.666532 
1687 -1.006840 -0.793656 
1559 -0.632213 -1.225953 
1269 -0.401406 -1.607046 
2205 -0.633298 -1.037618 
273 -0.606997 -1.155934 
2294 -0.755933 -1.109829 
789 -0.992555 -0.537569 
2341 -0.262315 -0.651815 
2214 -0.783813 -0.850011 
238 -0.961067 -0.691237 
214 -0.951406 -0.959449 
594 -0.705784 -1.283893 
260 -0.991519 -0.808285 
284 -0.883582 -0.724909 
2105 -1.041051 -0.508243 
531 -0.868060 -0.949004 
2356 -0.962852 -0.881105 
15 -1.479460 -0.468320 
1272 -1.147760 -0.850228 
458 -0.536570 -1.200308 
1077 -0.802587 -1.143825 
1126 -0.733385 -1.041272 
1878 -0.681626 -0.750591 
1278 -0.990294 -0.946165 
339 -1.074686 -0.886630 
340 -0.946957 -0.879605 
882 -0.948294 -0.750574 
1465 -0.807746 -0.808903 
1488 -1.206176 -0.701707 
1451 -0.640012 -0.899121 
1732 -0.686023 -0.815644 
1425 -0.573259 -1.059773 
1438 -1.564579 -0.356527 
2462 -1.063925 -0.765099 
1337 -0.972483 -0.820582 
1972 -1.177234 -0.704948 
1973 -0.893841 -0.854344 
1075 -1.096850 -0.725821 
2188 -1.246338 -0.548177 
361 -0.477763 -1.149450 
1142 -0.764070 -1.042574 
1549 -0.486249 -0.506286 
1445 -1.050972 -0.722702 
695 -0.692366 -0.973107 
971 -0.798954 -1.002324 
2301 -0.394630 -1.518097 
288 -0.765408 -0.900347 
302 -0.918096 -0.965055 
2208 -0.806315 -0.610777 
2207 -0.681324 -0.732042 
1442 -0.881185 -0.884824 
1375 -0.585515 -1.199877 
1818 -0.776970 -0.772686 
2545 -0.688641 -0.872783 
2546 -0.762972 -0.729805 
821 -1.731288 -0.340827 
2552 -0.912443 -1.003170 
2513 -0.421432 -0.344560 
659 -0.939766 -0.976037 
1011 -0.738269 -1.050172 
517 -0.529114 -1.280037 
932 -1.001283 -0.952152 
352 -0.542852 -1.311238 
2479 -0.615479 -1.327102 
2480 -0.570505 -0.957429 
1281 -0.196165 -1.791022 
6 -1.106533 -0.815318 
1233 -0.579998 -1.075801 
756 -0.517461 -1.299817 
2616 -0.685941 -1.188140 
1307 -0.400948 -1.290445 
2537 -0.844277 -0.966672 
2538 -0.943844 -0.883957 
1748 -0.917185 -0.734361 
840 -1.384004 -0.670142 
2266 -1.309053 -0.460917 
2267 -0.772139 -1.004415 
1899 -0.908103 -0.949466 
2086 -1.001330 -0.768986 
51 -1.065442 -0.808648 
1831 -0.373429 -1.543486 
516 -0.359440 -1.578303 
1953 -0.509152 -1.416692 
792 -1.195019 -0.563229 
2302 -1.140950 -0.695402 
497 -0.737413 -1.112506 
2372 -0.365004 -1.661412 
2371 -0.430795 -1.375598 
702 -1.035843 -0.646795 
767 -0.461323 -1.393286 
1609 -1.522530 -0.453692 
2026 -1.087896 -0.744969 
2004 -0.728701 -1.130702 
1478 -0.730345 -1.108079 
1210 -0.655648 -1.232273 
1187 -1.055185 -0.994736 
573 -0.883675 -1.057216 
1859 -0.939415 -1.006042 
1801 -0.966192 -0.727899 
448 -0.650379 -1.074173 
1567 -1.011589 -0.724276 
2144 -0.913460 -0.875006 
129 -0.541030 -1.108845 
1810 -1.238510 -0.638038 
117 -0.943628 -0.983178 
1486 -0.983271 -0.874210 
2495 -0.847180 -0.995794 
668 -0.766140 -0.993239 
2629 -0.436585 -1.333540 
1436 -0.875595 -1.008418 
1326 -1.024464 -0.855322 
500 -0.764220 -0.975762 
1511 -0.762236 -1.110694 
2085 -0.887464 -0.984752 
2575 -1.059292 -0.760934 
2554 -0.437867 -1.133581 
1358 -1.381273 -0.515419 
249 -0.615949 -0.565130 
1560 -0.697248 -0.969020 
1397 -0.741303 -1.085620 
2478 -0.987697 -0.870529 
2477 -0.648132 -0.703750 
4 -2.002571 -0.171535 
534 -1.033779 -0.883042 
805 -0.744918 -0.543885 
717 -0.827242 -0.998473 
38 -0.968506 -0.821939 
810 -1.132729 -0.795154 
687 -0.721294 -1.186239 
1102 -1.030624 -0.862015 
1029 -0.869526 -0.583957 
1868 -0.891641 -1.020615 
981 -0.819932 -0.487851 
2568 -0.346463 -1.557351 
1506 -0.682600 -1.158718 
387 -1.030074 -0.739860 
1312 -0.316320 -1.694144 
1396 -0.726852 -1.011647 
1700 -0.556347 -1.279075 
1500 -0.699633 -1.048552 
1302 -0.584546 -0.477824 
1299 -1.123432 -0.705256 
1036 -0.552677 -0.851266 
2522 -0.731080 -0.974250 
2640 -0.274319 -1.557386 
1161 -1.284014 -0.669893 
2312 -1.021081 -0.854185 
539 -0.483531 -1.205652 
398 -0.604688 -1.135983 
1588 -0.897858 -0.889086 
669 -0.728157 -0.625057 
891 -1.076772 -0.811184 
569 -1.233501 -0.697031 
557 -1.044011 -0.634058 
1828 -0.422814 -1.454692 
1834 -0.676097 -1.171455 
1812 -0.764875 -1.080115 
1214 -0.810414 -1.056591 
367 -0.807366 -0.892876 
31 -1.194852 -0.526781 
883 -0.760363 -0.967559 
1749 -0.896878 -0.865724 
1382 -0.511685 -1.141687 
1354 -0.886915 -0.984497 
2625 -0.818913 -0.825758 
2628 -0.597286 -0.694187 
942 -0.119767 -1.831870 
952 -0.471492 -1.347926 
564 -1.132352 -0.604514 
2350 -0.928486 -0.884889 
2195 -1.088735 -0.790060 
226 -0.323379 -1.544554 
1856 -0.732851 -1.111278 
1016 -0.932269 -0.943542 
520 -0.822706 -1.031212 
2609 -0.161337 -1.695144 
2631 -0.230682 -1.618059 
1761 -0.911223 -0.889569 
425 -0.791316 -0.934566 
465 -0.034412 -1.965858 
2104 -0.980980 -0.659928 
1607 -0.943674 -0.902146 
499 -0.820125 -1.042687 
1846 -1.216472 -0.679701 
107 -0.453704 -0.744374 
1139 -0.883911 -0.848947 
1365 -0.853414 -0.647190 
1902 -0.694287 -1.085009 
1815 -0.738608 -1.071591 
1496 -0.540614 -0.893414 
1813 -0.613978 -1.166084 
1978 -0.261101 -1.616660 
2248 -1.431411 -0.646049 
861 -0.408038 -0.776038 
862 -0.898478 -0.971033 
1125 -0.677889 -0.876284 
93 -0.574915 -1.155311 
1432 -0.824309 -0.917670 
1610 -1.385168 -0.493681 
474 -1.344436 -0.541806 
2219 -0.165907 -1.697934 
1574 -1.040826 -0.682769 
1814 -0.526480 -1.153526 
2468 -0.926371 -0.995691 
231 -0.888216 -0.984783 
404 -0.690395 -0.967358 
1984 -1.040583 -0.888741 
1417 -0.864827 -0.826760 
1418 -0.782957 -0.548609 
744 -1.088184 -0.789352 
1931 -0.648890 -1.048269 
1985 -0.744990 -0.725404 
1991 -0.781279 -1.034868 
980 -0.977008 -0.899765 
945 -0.435141 -1.381042 
157 -0.739649 -1.112425 
1108 -1.498041 -0.444664 
2531 -0.463090 -1.046829 
77 -0.697869 -1.004940 
1755 -0.537379 -1.232187 
1330 -1.404251 -0.515802 
1313 -1.101528 -0.685444 
1917 -0.617181 -0.948999 
837 -0.880943 -0.794496 
778 -0.593012 -1.261993 
2179 -0.692742 -0.798347 
864 -0.794082 -0.873494 
19 -0.893275 -0.991938 
2622 -1.090244 -0.793605 
2569 -0.912100 -0.840445 
1727 -0.778236 -1.075635 
1252 -0.626013 -1.379152 
355 -0.668725 -0.969432 
2438 -0.489227 -1.100236 
1090 -0.521725 -0.981731 
1674 -1.218921 -0.719615 
1431 -0.650233 -0.945903 
1480 -1.094599 -0.640535 
616 -1.189792 -0.607618 
1094 -1.186202 -0.626314 
506 -0.694138 -1.014972 
1135 -0.790102 -0.991983 
2452 -0.652863 -1.152592 
173 -1.210234 -0.744441 
1348 -1.480659 -0.475679 
1608 -0.994563 -0.850669 
11 -1.263675 -0.474684 
245 -0.718110 -1.005974 
246 -0.778384 -1.147346 
1468 -0.970354 -0.976435 
1294 -1.021132 -0.809427 
1287 -0.885384 -0.781111 
895 -1.049267 -0.852356 
876 -0.579692 -1.003260 
1027 -0.351571 -1.442616 
1082 -0.646258 -1.139800 
1031 -0.961499 -0.472323 
432 -0.944757 -0.993076 
228 -0.894457 -0.854283 
225 -0.364172 -1.521126 
747 -0.863163 -0.865028 
312 -0.684181 -0.980104 
1746 -1.006827 -0.688341 
666 -1.162414 -0.676135 
1699 -0.849532 -0.999797 
815 -1.804163 -0.344415 
1538 -0.994609 -0.897191 
33 -1.447767 -0.408887 
102 -0.842197 -0.739628 
98 -0.748571 -0.304481 
99 -0.565512 -1.315973 
2475 -0.497484 -1.363834 
1806 -1.419813 -0.414902 
1508 -0.621319 -0.832906 
794 -1.493323 -0.403238 
2645 -1.326320 -0.695535 
1441 -0.768149 -0.748696 
725 -1.094607 -0.638124 
1099 -0.867181 -1.071618 
1550 -1.221552 -0.677424 
2489 -1.035000 -0.737096 
1113 -0.472563 -1.143754 
1124 -0.425066 -0.856540 
451 -0.596967 -1.244849 
423 -0.755316 -1.044149 
1490 -0.535197 -0.642941 
2192 -0.909289 -0.758021 
2089 -1.426053 -0.534434 
875 -0.685452 -0.746701 
873 -0.567195 -0.958814 
2059 -1.164723 -0.593011 
2119 -1.262949 -0.635263 
2300 -0.780492 -1.009745 
2623 -0.686908 -0.991617 
65 -1.395839 -0.491693 
337 -0.923778 -0.844898 
1182 -2.005216 -0.214224 
1762 -0.450073 -1.368832 
841 -1.065003 -0.683472 
845 -0.965557 -0.545592 
648 -1.754537 -0.332058 
2348 -0.169733 -0.508961 
2369 -0.892550 -1.055670 
406 -0.259397 -1.428578 
1499 -0.908352 -0.698969 
466 -0.307109 -1.620379 
1979 -1.239135 -0.681707 
911 -1.321167 -0.584730 
2583 -0.516194 -1.372641 
2053 -0.713794 -1.126454 
1218 -1.069914 -0.761768 
1389 -0.864211 -1.050400 
1826 -1.022925 -0.838122 
1603 -0.732838 -1.154057 
1570 -0.912672 -0.946648 
1194 -1.097176 -0.843238 
1942 -0.607116 -0.929020 
2080 -0.525467 -1.277723 
2079 -1.198265 -0.644799 
1349 -0.658320 -1.028326 
958 -0.739515 -1.135889 
1619 -0.574137 -1.219574 
920 -0.737507 -0.934563 
575 -0.925031 -0.809343 
327 -0.657437 -1.139022 
1996 -0.744992 -0.995274 
1981 -1.330521 -0.612037 
2555 -0.990456 -0.551399 
1565 -0.929389 -0.800601 
1833 -0.301035 -0.569315 
989 -0.731670 -1.065273 
946 -0.903448 -0.928602 
2639 -0.856151 -0.865836 
2642 -0.675271 -1.175151 
1422 -1.351774 -0.598320 
1617 -0.248086 -1.647125 
1698 -0.579539 -0.913062 
1726 -0.622091 -1.115102 
449 -0.790013 -0.983969 
349 -0.685090 -0.837098 
366 -0.771039 -0.751426 
532 -0.601788 -1.197334 
1840 -0.843658 -0.732299 
798 -1.121040 -0.751360 
2091 -1.670584 -0.318363 
2083 -1.508665 -0.487951 
2527 -1.085157 -0.685728 
1189 -1.662466 -0.368009 
2124 -1.094444 -0.760173 
14 -0.969016 -0.852326 
59 -0.936180 -0.796350 
294 -0.653945 -1.060589 
170 -1.436521 -0.588874 
878 -0.880223 -0.800190 
1561 -0.905098 -0.906991 
1026 -0.757753 -0.794513 
2592 -0.683609 -0.888179 
1763 -0.584585 -1.160470 
1712 -0.508447 -1.259794 
392 -0.882896 -0.792706 
2632 -0.487069 -1.445329 
2296 -0.291669 -1.568825 
670 -0.481977 -1.329781 
582 -0.144324 -0.630919 
265 -1.112511 -0.671778 
167 -0.640271 -1.232968 
1615 -0.804647 -0.883074 
681 -0.605468 -1.154526 
1399 -1.350552 -0.582040 
1320 -0.704000 -0.936242 
374 -0.404238 -0.623652 
1866 -0.761118 -0.999769 
2229 -0.589976 -1.187497 
306 -0.649394 -1.221955 
307 -0.663647 -0.753839 
807 -0.870749 -0.642867 
2376 -0.406586 -0.744274 
1372 -0.581651 -1.028818 
1640 -1.065912 -0.795733 
2352 -0.680899 -1.247307 
2528 -0.836637 -0.726222 
120 -0.987251 -0.833832 
761 -1.289612 -0.532743 
676 -0.743720 -0.932494 
1226 -1.154148 -0.734119 
1261 -1.178117 -0.782163 
1934 -1.109569 -0.788288 
740 -0.730062 -1.120362 
365 -0.695510 -1.017082 
143 -0.740507 -1.049338 
476 -0.747318 -0.787040 
2295 -0.654550 -1.220139 
988 -0.326377 -1.506654 
1986 -0.681596 -1.078263 
88 -0.980037 -0.969869 
738 -0.660115 -1.213144 
739 -0.849817 -0.435795 
528 -0.847357 -1.106034 
453 -1.041342 -0.756530 
1311 -0.351306 -1.205150 
2203 -1.024638 -0.829696 
742 -0.214743 -0.434300 
42 -1.081387 -0.673359 
2336 -0.983383 -0.970552 
1678 -0.758231 -0.830955 
1862 -0.983049 -0.849398 
1481 -0.762750 -1.058414 
859 -0.605167 -0.933090 
625 -0.510478 -1.304446 
601 -0.277997 -0.893119 
593 -0.820295 -1.100215 
2428 -1.015268 -0.822283 
2474 -0.902567 -0.847057 
1117 -0.902764 -0.913432 
1598 -0.983894 -0.658159 
2090 -1.479794 -0.432516 
580 -0.791028 -0.942119 
1759 -0.583542 -1.098189 
2429 -0.532495 -1.278272 
1509 -0.734272 -0.868218 
372 -0.030863 -1.940216 
2465 -0.912080 -0.842457 
1969 -0.800361 -0.834720 
2252 -0.652149 -0.655960 
2251 -0.763891 -0.880193 
1038 -0.529046 -0.655655 
300 -0.651409 -0.727392 
456 -0.599705 -0.722456 
37 -0.997195 -0.789054 
1682 -0.644058 -0.731789 
1714 -0.817817 -1.047296 
2062 -1.176804 -0.605069 
1959 -0.595862 -1.271205 
1857 -0.169230 -0.506991 
781 -0.986979 -0.834874 
364 -0.682792 -1.087200 
1532 -1.011952 -0.970759 
902 -0.839004 -1.061142 
1993 -0.492865 -1.019012 
463 -0.184890 -1.786134 
1914 -1.023453 -0.536268 
570 -1.012135 -0.617747 
2056 -0.819948 -1.027283 
2061 -1.215317 -0.626284 
116 -0.612267 -1.144472 
2285 -0.803690 -1.045714 
734 -0.467218 -1.029539 
2220 -0.461090 -1.050280 
2340 -0.959935 -0.752193 
323 -0.914832 -0.764528 
309 -0.708663 -0.858732 
2309 -1.331854 -0.472770 
2620 -1.355716 -0.643139 
1987 -0.793001 -0.657886 
2228 -0.555167 -1.137803 
2156 -1.290405 -0.555428 
310 -0.635977 -1.121232 
2608 0.114364 -2.157525 
2613 -0.409803 -1.323399 
748 -0.842237 -1.063862 
621 -0.867306 -0.874131 
939 -0.282538 -1.668883 
1691 -0.905889 -0.995514 
1216 -0.968385 -0.824242 
2384 -0.986137 -0.866234 
745 -1.145863 -0.670609 
839 -1.219631 -0.675989 
521 -0.718895 -1.161705 
2351 -1.153051 -0.803859 
2125 -0.941349 -0.922872 
494 -0.217733 -0.861760 
1071 -0.768497 -0.978627 
1065 -0.480640 -0.910013 
1587 -0.731974 -0.580621 
43 -0.886853 -0.991921 
2284 -0.573395 -1.214437 
501 -0.664089 -1.066379 
1890 -0.694508 -1.069910 
1519 -0.786738 -0.981581 
222 -0.814782 -0.928628 
667 -1.143397 -0.775604 
900 -0.834840 -0.937652 
650 -0.352156 -0.582124 
390 -0.249112 -1.519850 
1647 -1.272704 -0.639978 
1140 -0.745483 -0.934507 
917 -1.001590 -0.773915 
1992 -0.774549 -0.899788 
1974 -0.488452 -1.342022 
1612 -1.110355 -0.546351 
16 -1.160028 -0.766298 
1351 -0.689098 -0.818454 
433 -0.584530 -1.342724 
1668 -0.941619 -0.720402 
1703 -0.795534 -0.582489 
2181 -1.254826 -0.646624 
2183 -0.526765 -0.855935 
2041 -0.720579 -1.130117 
1107 -1.093418 -0.742065 
1390 -0.726423 -1.170717 
1738 -0.635971 -1.128577 
1670 -1.444785 -0.505859 
1672 -1.441194 -0.521623 
2396 -0.526499 -0.918053 
983 -0.804202 -0.763543 
1583 -0.937720 -0.838288 
9 -0.538205 -1.327667 
415 -0.928867 -0.884264 
1808 -1.575294 -0.348269 
1642 -1.318348 -0.617997 
2241 -0.563208 -1.057834 
547 -0.805565 -1.022799 
828 -1.322003 -0.523365 
2551 -0.698384 -0.823532 
187 -0.857879 -0.744985 
1938 -0.751409 -0.928368 
2028 -0.802448 -0.946861 
2449 -1.035688 -0.674768 
378 -0.614159 -1.274446 
1406 -0.817470 -0.885699 
1405 -1.062438 -0.775737 
1015 -1.260509 -0.614746 
523 -0.696242 -1.230006 
551 -1.575568 -0.479695 
704 -0.742159 -0.720722 
733 -0.738273 -0.905385 
295 -1.084054 -0.774756 
1711 -1.177649 -0.750432 
746 -0.571263 -0.873884 
741 -1.199159 -0.494415 
179 -1.198538 -0.550357 
1517 -1.120065 -0.628944 
1103 -0.859815 -0.603315 
1752 -0.644073 -1.112876 
1200 -0.718749 -1.237448 
801 -0.794828 -0.723386 
737 -0.746634 -0.777580 
1275 -1.071925 -0.649724 
1121 -0.807589 -1.133896 
732 -1.149780 -0.714040 
2430 -0.693278 -1.012022 
115 -0.328069 -1.392171 
345 -0.612531 -1.143226 
346 -0.940119 -0.839813 
195 -0.831720 -0.922885 
244 -0.480088 -1.163346 
242 -0.729511 -0.753119 
1835 -0.566433 -0.995772 
1997 -0.730452 -0.903335 
2387 -0.597380 -0.770733 
1306 -0.425919 -1.487368 
278 -0.823525 -0.993587 
417 -0.917734 -0.603299 
1599 -0.984933 -0.732537 
338 -0.868511 -0.955730 
2092 -1.300410 -0.442253 
2395 -0.068423 -1.858993 
55 -0.637666 -0.982363 
572 -1.322708 -0.596316 
581 -1.015923 -0.858663 
518 -1.166973 -0.776234 
1118 -0.700100 -1.049464 
2383 -0.364891 -1.496626 
2113 -1.102460 -0.780737 
1827 -0.401861 -0.592514 
2238 -0.679633 -1.107242 
688 -1.418539 -0.416698 
460 -0.462907 -1.359490 
1799 -1.140062 -0.577959 
1394 -0.008610 -2.035613 
124 -0.796159 -0.841147 
818 -1.076589 -0.859574 
2287 -0.734644 -0.420248 
1484 -0.689972 -1.116682 
1247 -1.758711 -0.407078 
87 -0.448513 -1.284993 
1255 -1.716094 -0.381342 
2152 -1.008133 -0.582308 
1403 -0.604090 -1.099548 
139 -1.258790 -0.642202 
82 -0.600691 -0.920280 
1356 -0.624528 -1.172574 
2572 -0.661186 -1.105173 
2137 -1.397913 -0.431212 
1956 -0.998593 -0.780519 
825 -2.307038 -0.041793 
271 -0.373248 -1.314976 
1688 -0.872668 -0.880952 
1288 -1.187973 -0.557524 
2184 -0.815264 -0.695648 
241 -0.878382 -0.848151 
493 -0.625922 -1.061984 
556 -0.736008 -0.703685 
350 -0.676897 -1.120296 
797 -1.354366 -0.577444 
1297 -0.880318 -0.915273 
132 -0.944819 -0.835246 
1134 -0.731145 -1.037049 
183 -0.596555 -1.219602 
1621 -0.614758 -1.178659 
1716 -0.955304 -0.837486 
236 -0.805566 -0.998939 
574 -0.535612 -1.353107 
1253 -1.051353 -0.920965 
2442 -0.709413 -1.023758 
1889 -1.084633 -0.768336 
913 -0.559054 -1.210585 
1707 -1.106818 -0.711808 
1710 -0.756218 -1.044975 
386 -0.700719 -1.046482 
1033 -0.607659 -1.098756 
1614 -0.846174 -0.879640 
1631 -1.095576 -0.629927 
1648 -0.643902 -1.198284 
546 -1.429256 -0.476944 
1316 -0.858115 -0.992580 
774 -1.211215 -0.603252 
699 -0.602859 -0.657955 
773 -0.346925 -1.478378 
535 -0.486213 -1.406835 
2563 -0.752336 -0.601239 
2377 -0.486729 -0.518959 
2630 -0.588377 -1.303418 
2633 0.020956 -1.935457 
190 -0.313517 -1.372044 
2069 -0.972054 -0.488939 
2293 -0.776999 -1.009482 
1845 -0.292109 -0.471594 
910 -0.180158 -1.726138 
1573 -1.161161 -0.855422 
63 -1.153783 -0.512370 
18 -0.557058 -0.741079 
2038 -0.825080 -0.917056 
2058 -0.691123 -1.158008 
2317 -0.710241 -0.961401 
1756 -0.618870 -1.030738 
925 -1.267138 -0.539739 
212 -0.671445 -0.899533 
2227 -0.775330 -1.023786 
788 -0.931258 -0.666570 
844 -0.750644 -0.806328 
2048 -0.786459 -1.082669 
1148 -0.784014 -0.935173 
1870 -0.429613 -1.490921 
972 -0.914903 -0.592055 
138 -0.665589 -1.040732 
1495 -0.677626 -0.818887 
1491 -0.815224 -0.586020 
119 -0.463380 -1.154289 
1459 -0.479212 -1.314144 
1127 -0.494971 -1.288799 
2109 -0.980483 -0.844370 
1223 -1.106615 -0.787268 
2281 -0.376943 -1.398619 
34 -0.548065 -0.630220 
1378 -0.570491 -1.167757 
2334 -0.607850 -0.926458 
2180 -0.559205 -0.913865 
804 -1.281095 -0.454369 
2418 -0.790366 -1.009193 
1744 -1.004975 -0.638632 
1745 -0.744396 -0.581931 
1420 -0.750053 -0.885475 
1322 -0.565347 -1.246395 
1530 -1.039663 -0.754910 
656 -0.892426 -1.021941 
1545 -0.575443 -1.374695 
1469 -0.673303 -1.185948 
1883 -0.859932 -0.976630 
909 -1.142977 -0.699106 
1600 -0.975969 -0.762210 
1596 -1.277498 -0.580706 
172 -1.072270 -0.511680 
2147 -1.449394 -0.446759 
1804 -0.556805 -1.207552 
571 -0.596282 -0.742389 
559 -0.774776 -1.097986 
1064 -0.985210 -0.805843 
1063 -0.264634 -1.455852 
1690 -0.600797 -0.628335 
331 -0.793642 -0.889226 
1129 -0.432245 -1.420362 
2386 -0.707384 -1.040764 
1715 -0.039898 -1.983660 
209 -0.194492 -1.690344 
252 -0.596292 -1.047078 
1839 -1.150859 -0.745317 
1792 -0.768848 -1.047987 
2337 -0.699553 -1.155581 
922 -0.696524 -0.973460 
1088 -0.743008 -0.803799 
279 -0.488589 -0.737525 
240 -0.595816 -0.965533 
951 -0.391331 -1.445669 
69 -1.593272 -0.311996 
1298 -1.216335 -0.599495 
769 -0.643424 -1.131655 
1030 -0.997894 -0.391897 
1111 -0.912650 -0.871930 
379 -0.509059 -0.965369 
464 -0.656522 -1.220954 
1782 -0.331620 -0.512844 
710 -0.796756 -0.838963 
705 -0.566156 -0.702183 
234 -0.667551 -1.067752 
262 -1.409840 -0.482002 
2363 -0.412417 -1.506551 
1400 -0.882529 -1.050041 
2093 -1.668482 -0.295064 
1851 -0.430360 -0.767550 
2315 -0.858599 -0.941087 
1093 -0.715828 -0.936344 
1537 -1.018004 -0.912820 
1976 -0.430986 -1.346310 
2247 -1.326749 -0.561741 
1507 -0.528342 -1.235348 
2116 -1.328991 -0.603885 
799 -0.430167 -0.702540 
822 -1.014784 -0.545811 
2014 -0.696491 -0.948007 
960 -0.784647 -0.826673 
1300 -1.048216 -0.724984 
1460 -0.810690 -1.031563 
544 -0.820422 -0.983947 
2481 -0.906795 -0.526616 
642 -0.308796 -1.558384 
690 -0.791550 -0.798114 
142 -0.891104 -0.467535 
145 -0.778878 -1.022807 
613 -0.959645 -0.731689 
2502 -0.729384 -0.962630 
1263 -0.549989 -1.387449 
2046 -0.636427 -0.916344 
515 -0.934970 -0.811933 
1334 -0.820521 -1.004812 
1293 -0.803169 -1.007012 
111 -0.822982 -1.001765 
2516 -0.397259 -0.359976 
2389 -1.168373 -0.729054 
475 -0.924200 -0.906928 
1388 -0.826728 -0.850541 
1803 -0.823014 -0.820570 
1463 -0.594242 -0.967408 
1464 -1.066068 -0.747643 
56 -0.942624 -0.743336 
1424 -0.882836 -0.715074 
1705 -0.626059 -1.143607 
2096 -1.070617 -0.600762 
1860 -1.081796 -0.784909 
1898 -0.647624 -1.078692 
1345 -0.323262 -1.473003 
1891 -0.957811 -0.824205 
2424 -0.651660 -1.044042 
1824 -0.758635 -0.908168 
2084 -1.489487 -0.416345 
721 -0.481345 -0.900279 
527 -0.771967 -1.022823 
2544 -0.817971 -0.713061 
1377 -0.937567 -0.857823 
966 -0.431919 -1.031460 
282 -0.943923 -0.912949 
2579 -0.846146 -0.790611 
2246 -0.567621 -0.358727 
232 -0.224014 -1.593341 
1989 -0.897742 -0.791313 
2163 -1.226534 -0.623309 
384 -0.860331 -1.073148 
1074 -0.593483 -1.089138 
2101 -1.005100 -0.739063 
436 -1.062456 -0.852971 
1766 -0.775707 -0.906963 
1999 -0.806368 -1.031068 
751 -0.898726 -0.819830 
867 -0.868310 -1.166098 
630 -0.600016 -0.492099 
995 -0.750059 -0.843766 
1430 -0.439160 -0.438703 
1105 -1.157888 -0.800634 
554 -0.610253 -1.033406 
1821 -1.254425 -0.473786 
276 -0.524020 -1.092696 
1928 -1.811777 -0.375131 
356 -0.823988 -0.898382 
126 -1.667421 -0.228041 
1639 -0.610979 -1.268716 
219 -0.879139 -0.882848 
74 -0.836035 -0.813300 
1505 -0.571954 -0.934858 
1256 -1.243322 -0.687972 
101 -0.782119 -0.657615 
62 -1.220188 -0.467148 
2087 -1.176417 -0.596085 
2097 -1.206079 -0.696729 
743 -0.801209 -0.838744 
2445 -0.548436 -0.692354 
1213 -0.703911 -1.206161 
2455 -0.392951 -0.797617 
931 -0.626836 -1.360680 
1964 -0.442850 -1.371842 
584 -1.395173 -0.515318 
2487 -0.560434 -0.629742 
2584 -1.017421 -0.890633 
809 -1.201449 -0.646546 
1317 -1.036523 -0.699654 
2012 -0.983327 -0.757845 
868 -0.653012 -0.477776 
1419 -0.738507 -0.870287 
360 -0.852822 -0.795584 
359 -0.864275 -0.978411 
2282 -0.902880 -0.964242 
1209 -0.661392 -0.421194 
1155 -1.028722 -0.889747 
2370 -0.649356 -0.953127 
1081 -1.155339 -0.687717 
61 -0.906956 -0.920232 
2286 -0.470305 -0.260528 
1458 -1.079788 -0.814371 
2570 -0.615626 -1.172347 
441 -0.376653 -1.141106 
1758 -0.886526 -0.538693 
422 -1.269130 -0.593775 
1058 -0.842310 -0.995238 
609 -1.441036 -0.338148 
2161 -1.029766 -0.671521 
872 -0.807052 -0.933150 
1398 -0.755571 -1.203048 
1333 -0.909781 -0.876169 
701 -0.734686 -0.687777 
1221 -0.856269 -0.851987 
2021 -0.449021 -0.520290 
1601 -1.142739 -0.560004 
884 -0.580466 -0.937967 
2243 -0.698818 -1.109370 
2320 -0.675988 -0.957779 
2604 -0.299911 -0.867945 
490 -0.596668 -0.786255 
275 -0.236588 -1.384443 
1254 -1.125156 -0.771744 
1303 -0.429516 -0.269634 
1971 -0.768922 -0.986007 
2049 -0.696989 -1.002692 
1564 -1.128202 -0.615302 
2194 -1.123065 -0.785506 
766 -0.433233 -1.402549 
125 -0.984799 -0.623732 
2593 -0.890650 -0.748254 
2596 -0.342203 -0.478600 
2200 -0.492768 -1.378071 
2003 -0.849110 -0.858595 
123 -0.495726 -1.267802 
1988 -0.690085 -0.838205 
1305 -1.053354 -0.685602 
2368 -0.429125 -1.385714 
1385 -0.719720 -0.864808 
2154 -0.872323 -0.953468 
1790 -0.805197 -0.807277 
1554 -0.759255 -0.439974 
136 -1.327409 -0.641155 
1049 -0.491867 -0.313599 
368 -0.649527 -0.862522 
2290 -0.417079 -1.190285 
857 -0.974258 -0.994055 
2255 -0.784574 -0.504970 
1336 -1.333491 -0.600091 
2388 -1.067466 -0.623278 
2068 -0.513910 -0.874909 
394 -0.598674 -1.228408 
1933 -0.564124 -1.072931 
1957 -0.756792 -0.750421 
2580 -0.991647 -0.803259 
416 -0.588860 -0.693207 
1450 -0.905061 -0.763193 
2433 -0.879522 -0.809339 
452 -0.722945 -1.088856 
843 -1.149828 -0.674104 
2318 -0.833580 -0.860201 
2344 -0.835529 -0.986258 
2540 -0.899821 -0.940308 
1069 -0.871849 -0.790078 
2269 -0.760406 -0.777276 
829 -1.261156 -0.567893 
1929 -0.564579 -1.232739 
1456 -0.758928 -0.179002 
566 -0.878993 -0.841083 
1723 -0.659479 -1.056517 
1137 -0.923176 -0.903992 
92 -0.805777 -1.097976 
1290 -0.619754 -1.004503 
2322 -0.586213 -1.160025 
1172 -0.390936 -0.237826 
2496 -0.909412 -0.435729 
1149 -0.762252 -1.021426 
1428 -0.653355 -0.873496 
706 -0.753777 -0.540185 
708 -0.844565 -0.986266 
1022 -0.643920 -1.080687 
1966 -0.672882 -1.142308 
2605 -0.506968 -1.237166 
795 -1.433459 -0.476600 
2263 -1.422907 -0.536266 
1440 -0.735488 -0.968457 
2561 -0.508836 -1.281620 
1633 -1.097731 -0.711131 
1650 -1.231733 -0.553873 
1975 -1.013049 -0.860539 
787 -0.443770 -0.934740 
620 -0.715828 -0.717416 
251 -0.549052 -1.097223 
335 -0.792201 -1.065998 
2230 -1.069163 -0.699459 
1034 -0.798679 -1.155056 
2541 -0.748501 -1.016677 
1215 -1.005311 -0.898024 
1591 -0.891517 -0.747223 
1592 -0.992439 -0.562922 
348 -0.639886 -0.665505 
1937 -0.711911 -1.080006 
1830 -0.953972 -0.864907 
643 -0.720185 -1.083840 
26 -0.833809 -0.660580 
2262 -1.346770 -0.542833 
982 -0.685697 -0.917174 
362 -0.627844 -0.869008 
2591 -0.534778 -0.916870 
2127 -0.953236 -0.982808 
2423 -1.205315 -0.636905 
1013 -0.456155 -0.770232 
1525 -1.007996 -0.597936 
1802 -0.882585 -0.657208 
403 -0.651556 -0.694138 
1869 -0.545864 -0.598060 
938 -0.840205 -0.995298 
2556 -1.303725 -0.434490 
2074 -1.641584 -0.393295 
2380 -0.627782 -1.107477 
2288 -0.414186 -0.571197 
253 -0.597859 -0.884184 
842 -0.626800 -0.462348 
823 -0.881524 -0.840139 
1092 -0.474723 -1.006202 
2225 -0.401996 -1.175997 
2339 -1.012529 -0.457380 
2361 -0.781086 -0.957471 
2070 -0.551506 -1.170515 
890 -0.407344 -0.570139 
1395 -0.444730 -0.673472 
1350 -1.440863 -0.518522 
1751 -0.737369 -0.928080 
2444 -0.487024 -0.619440 
2461 -0.953748 -0.811516 
1429 -0.810508 -0.966665 
341 -0.934738 -1.002305 
2016 -0.700706 -0.889925 
543 -0.945891 -0.763758 
1353 -0.819592 -1.048327 
2626 -0.468202 -0.542397 
735 -0.710083 -0.850039 
2064 -0.846599 -0.642075 
1750 -0.194306 -0.297689 
1913 -0.497291 -1.144839 
2276 -0.745214 -0.753540 
2505 -0.784185 -0.613587 
653 -0.691761 -0.372728 
622 -0.776581 -0.927662 
109 -0.354721 -0.345856 
293 -0.462008 -1.308121 
1380 -0.981735 -0.709800 
1740 -0.837832 -1.026938 
558 -0.633431 -0.784654 
1066 -0.221858 -0.572758 
1324 -0.464749 -0.895267 
408 -0.712220 -1.022298 
1301 -0.682874 -0.889667 
2558 -0.718287 -0.365696 
852 -0.489383 -0.687649 
750 -0.334108 -0.513542 
2437 -0.689516 -0.717329 
2024 -1.162081 -0.619945 
227 -0.748278 -0.914614 
1777 -0.550894 -0.633755 
2126 -0.513257 -0.998565 
2254 -0.713493 -0.644630 
2515 -0.735539 -0.878243 
589 -0.728171 -0.796263 
1594 -0.543555 -1.248374 
1534 -1.034909 -0.935742 
1667 -0.643061 -0.724800 
2600 -0.557539 -0.633996 
1368 -0.971827 -0.822299 
587 -1.010620 -0.711523 
2232 -0.880531 -0.542255 
342 -0.554294 -1.143135 
1551 -0.901632 -0.649556 
2029 -0.333590 -0.555141 
1888 -0.405553 -0.274053 
987 -0.513359 -1.038865 
1912 -0.748196 -0.834842 
1163 -0.872630 -0.913373 
1995 -0.901517 -0.814893 
2375 -0.942350 -0.818049 
505 -0.939806 -0.799256 
68 -1.168247 -0.573173 
2617 -0.697314 -0.810342 
1045 -0.400319 -0.127059 
110 -0.804179 -0.622357 
1101 -0.613062 -1.159112 
1717 -0.826610 -0.756461 
728 -0.718359 -0.723173 
434 -0.673171 -0.996806 
1555 -0.755385 -0.599024 
1423 -0.960556 -0.567018 
1844 -0.315863 -0.713523 
1775 -0.933951 -0.675390 
1960 -0.729931 -0.950061 
2289 -1.050570 -0.782931 
2587 -0.331393 -0.711086 
108 -0.433841 -0.546122 
675 -0.843737 -0.891952 
1489 -0.938300 -0.795053 
1067 -0.920826 -0.505563 
137 -0.781086 -1.143954 
2529 -0.500753 -1.107553 
1786 -0.635160 -0.586214 
2472 -0.830914 -0.569180 
1059 -0.655751 -0.728965 
2239 -0.729299 -0.780203 
237 -0.767345 -0.687798 
2553 -0.885944 -0.797217 
1963 -1.176001 -0.495390 
950 -0.749695 -0.953467 
796 -1.625224 -0.343575 
1946 -0.283773 -0.301215 
1289 -0.737116 -0.858950 
224 -0.490786 -0.738124 
869 -0.511292 -0.866112 
285 -0.397837 -0.650562 
1510 -0.933984 -0.699023 
1208 -0.398433 -1.220396 
2577 -0.609707 -1.077217 
472 -0.549087 -0.175051 
978 -0.646136 -0.638666 
2272 -0.706285 -0.835922 
578 -0.988626 -0.677077 
509 -0.774275 -1.038702 
1753 -0.682151 -0.593463 
703 -0.807847 -1.043063 
2514 -0.455920 -0.400906 
1457 -1.263669 -0.597396 
686 -0.223397 -0.520637 
2432 -0.625049 -1.052657 
1903 -0.613614 -0.166176 
1764 -1.029832 -0.667061 
2500 -0.371756 -0.784625 
1364 -0.433098 -0.935160 
1949 -0.371225 -0.672770 
292 -0.569998 -0.572538 
1453 -0.827675 -0.784138 
375 -0.556415 -0.789966 
640 -1.132929 -0.724664 
216 -0.304657 -1.233410 
1819 -0.730271 -0.789773 
49 -1.351102 -0.619591 
2256 0.013867 -0.446925 
602 -1.314853 -0.319203 
718 -0.684003 -0.912158 
2526 -0.260072 -0.562325 
66 -0.191022 -0.507254 
1054 -0.617199 -0.648303 
1965 -0.841558 -0.915854 
1677 -0.936830 -0.583443 
2168 -1.034470 -0.835994 
916 -0.829244 -0.766377 
1062 -1.176448 -0.619969 
1649 -0.708324 -1.154328 
1393 -0.758160 -0.821657 
461 -0.830955 -0.841650 
611 -0.788145 -0.890174 
1010 -0.584818 -0.561201 
1009 -0.346425 -0.262225 
100 -0.524859 -0.902841 
1319 -0.329460 -1.089944 
2022 -0.757286 -0.510201 
1702 -0.568187 -0.667244 
2035 -0.831478 -0.683871 
1003 -0.631735 -0.584151 
1314 -0.800068 -1.079571 
46 -0.583372 -0.717158 
1546 -0.613158 -0.811329 
1602 -0.789537 -0.631423 
848 -0.639053 -0.630716 
1924 -0.454384 -0.507748 
188 -0.006132 -0.559221 
2328 -0.131503 -0.542533 
2211 -0.619430 -0.633695 
1733 -0.899932 -0.807089 
545 -0.719829 -0.936615 
1876 -0.630369 -0.439415 
286 -0.608639 -0.805649 
2458 -0.805542 -0.544792 
1133 -0.681488 -0.712497 
1435 -0.889163 -0.757127 
2573 -0.986634 -0.742609 
2270 -0.705966 -1.110489 
1443 -0.579409 -0.991550 
1566 -0.573516 -0.990538 
1983 -0.931186 -0.739019 
1005 -0.723986 -0.812185 
1019 -0.510048 -0.943031 
1578 -1.367941 -0.490842 
2178 -0.424396 -0.230730 
1778 -0.677983 -0.532955 
233 -0.542604 -0.879833 
2627 -0.061710 -0.562880 
1911 -0.296791 -0.488890 
863 -0.648513 -0.970060 
1076 -0.680350 -0.639977 
923 -1.097096 -0.851413 
2508 -0.559228 -0.269603 
555 -0.343981 -0.476272 
263 -0.662066 -0.589613 
2273 -0.734796 -0.805766 
1363 -0.447262 -0.442110 
893 -0.914287 -0.523518 
444 -0.539425 -0.632422 
2264 -0.175797 -0.495519 
2490 -0.387802 -0.333410 
1595 -0.452819 -0.343623 
2594 -0.302666 -0.184223 
2210 -0.301713 -0.334306 
17 -0.491162 -0.122064 
709 -0.558879 -0.744126 
