2553 2
1827 -1.139506 0.779338 
1880 -0.799763 1.068659 
732 -0.546990 1.215529 
2002 -0.942487 0.911336 
512 -0.920466 0.938623 
418 -0.966299 0.856093 
2614 -0.829647 0.874447 
2615 -0.983414 0.931893 
1107 -0.779816 0.949621 
1670 -0.496787 1.102715 
1899 -0.727727 0.749592 
662 -0.701102 0.893854 
1760 -0.646995 1.098325 
1772 -1.110105 0.743196 
2504 -0.704430 0.964513 
2505 -0.623893 0.772174 
2103 -0.507076 1.096319 
2083 -1.212373 0.813552 
2462 -0.750220 1.070526 
2458 -0.720713 1.068684 
530 -0.771293 1.043504 
531 -0.633641 1.114450 
747 -0.805386 0.974625 
795 -0.571310 1.116161 
1099 -0.616708 1.170474 
1102 -0.872576 0.992471 
191 -0.757564 0.531229 
166 -0.570437 0.978558 
772 -0.801469 0.891053 
724 -0.356250 1.372517 
422 -0.501938 1.109271 
421 -0.601065 1.168614 
260 -0.835585 1.023525 
256 -0.966637 0.860836 
551 -0.589641 1.013961 
299 -1.033642 0.861648 
298 -0.517149 1.053463 
502 -0.564377 0.981955 
543 -0.377092 0.706782 
583 -0.825894 0.865912 
2597 -0.633067 1.051000 
2595 -0.402417 1.153677 
43 -0.540001 1.280700 
44 -0.658396 0.969540 
1451 -0.635021 1.128079 
1655 -0.827362 1.070893 
1945 -0.640392 1.191300 
1664 -0.636416 0.851316 
1141 -1.431733 0.619867 
1384 -0.841896 0.986526 
1125 -0.950019 1.021619 
83 -0.629747 1.151811 
1164 -0.820750 0.761140 
1189 -0.730909 0.992629 
2404 -1.000381 0.891331 
2405 -0.908866 1.009055 
1472 -0.739874 0.935306 
1483 -0.946486 0.859740 
1994 -0.704033 1.020980 
1940 -0.991907 1.012785 
1192 -0.407620 1.313128 
1190 -0.706387 0.753661 
37 -0.703276 1.219318 
420 -0.805019 0.978685 
248 -0.560465 1.246465 
308 -0.916514 0.936399 
1397 -1.074394 0.747674 
1395 -1.283742 0.820287 
2051 -0.750273 0.933229 
2050 -1.217725 0.588487 
1932 -0.774346 1.156880 
1934 -0.938062 0.989533 
1829 -0.861996 1.034285 
1830 -0.463819 1.096812 
2528 -0.627439 0.722038 
2555 -0.856672 0.791613 
357 -0.261685 1.366814 
324 -0.828583 0.982560 
614 -0.587981 0.996939 
608 -0.502986 1.134478 
950 -0.563966 1.067628 
873 -0.865590 0.971570 
455 -1.041109 0.862842 
453 -0.716192 1.011819 
882 -0.607592 1.130595 
883 -0.561022 1.234907 
95 -0.692374 1.178622 
98 -0.687059 1.103586 
2150 -0.531095 1.047311 
2188 -0.251696 1.476819 
1591 -1.358033 0.727224 
1592 -0.956966 0.872908 
1937 -0.554736 1.271035 
1969 -0.784508 0.978602 
1167 -0.636189 1.130545 
1660 -0.497115 1.228723 
1979 -0.887415 0.888739 
730 -0.502726 1.333625 
2007 -1.198440 0.738867 
2022 -1.031292 0.878084 
1913 -0.888236 0.801252 
1918 -0.785335 1.066059 
2363 -0.731742 1.147440 
302 -0.711929 1.176964 
1360 -1.121365 0.859966 
2494 -0.696315 1.055702 
1383 -0.937203 0.939062 
870 -1.036947 0.851296 
2440 -0.751659 1.201380 
1077 -1.095816 0.665781 
355 -0.441129 1.101762 
350 -0.592919 1.122428 
891 -0.882230 0.888219 
880 -0.406108 1.406492 
2093 -0.920237 0.699634 
2094 -1.000172 0.883293 
2433 -0.740761 1.056032 
2438 -1.129188 0.749396 
2117 -1.012826 0.950414 
2095 -1.156947 0.841126 
2182 -0.827045 0.695476 
2189 -0.754071 1.058193 
112 -0.892955 0.676563 
121 -0.824092 0.878452 
485 -1.180470 0.820793 
442 -0.695415 1.128575 
1183 -0.275390 1.322537 
1182 -0.729563 0.972574 
171 -0.676671 0.974099 
173 -0.806287 0.731212 
792 -0.451624 0.900136 
789 -0.751516 0.927796 
226 -0.782243 1.081091 
209 -0.664126 1.014283 
1995 -0.746900 1.000981 
1933 -0.992882 0.880870 
1076 -1.048635 0.871020 
1005 -1.178531 0.730211 
1938 -0.872221 0.992355 
1920 -0.510674 0.925677 
2395 -0.777974 0.727508 
2394 -0.758069 1.061385 
1981 -0.730636 0.949064 
1983 -0.924118 0.824708 
587 -0.309733 1.360376 
590 -0.583382 1.106708 
2412 -0.682918 1.358077 
878 -0.470266 1.317789 
985 -0.706870 1.082371 
2402 -0.939949 0.798651 
798 -0.687171 1.112759 
2306 -0.355038 1.271868 
2305 -0.653298 1.280092 
1197 -0.911110 0.834595 
1223 -0.813674 0.841692 
2594 -0.562897 1.232937 
2592 -0.867072 0.714755 
1791 -0.613230 1.001783 
1853 -0.546239 1.220022 
211 -0.469941 1.267167 
236 -0.661496 1.147444 
767 -0.697257 1.001070 
2231 -0.682689 1.122573 
2636 -0.895924 0.694914 
801 -0.811183 0.804952 
842 -0.232542 0.833661 
1959 -0.844196 0.965869 
2027 -0.814761 1.112107 
1631 -0.603102 1.158497 
1630 -0.810606 1.046690 
333 -1.135628 0.716816 
679 -0.440140 1.267313 
681 -0.950958 0.842595 
1834 -1.009438 0.861593 
1858 -0.795507 0.526691 
478 -0.935453 0.878557 
1939 -0.674027 1.201261 
1971 -0.886674 0.991930 
1576 -0.632177 1.137911 
1559 -0.849148 1.019010 
150 -0.857278 0.751858 
152 -0.763002 0.893168 
490 -0.490988 1.267081 
492 -0.403718 1.127230 
1471 -0.821682 0.972523 
1469 -0.853686 1.015412 
1565 -0.584059 1.229977 
1428 -0.508699 1.095629 
2423 -0.932041 0.728371 
2446 -0.647564 1.178505 
916 -0.636584 1.150088 
1302 -0.857604 0.945087 
1376 -0.862644 1.052193 
2044 -0.585696 1.103342 
2053 -0.765687 0.879095 
1961 -0.963105 0.865428 
2345 -0.560704 1.017951 
2408 -0.844092 0.916231 
2373 -0.673395 1.165870 
1579 -0.609012 0.975894 
1581 -0.936515 0.971447 
2312 -0.487689 1.262028 
2275 -0.434364 1.200708 
2582 -0.554163 1.186409 
2060 -0.507871 0.848929 
349 -0.747670 1.015550 
296 -0.725118 1.032902 
900 -0.941965 0.960424 
968 -1.346032 0.646908 
577 -0.652506 1.018165 
589 -0.436869 1.292081 
1103 -0.836671 1.029030 
1129 -1.144325 0.821735 
45 -0.730136 1.060925 
47 -0.587964 0.941055 
1610 -0.742602 0.962845 
1593 -0.529712 0.956103 
2297 -0.707438 0.973069 
655 -0.645288 0.947928 
1214 -0.735657 1.143927 
1215 -0.414801 1.348222 
1506 -0.682640 1.082831 
962 -0.650308 1.195397 
684 -0.730756 1.037276 
650 -0.656168 1.019645 
2246 -0.693552 0.705454 
2247 -0.808914 0.901301 
946 -0.503133 1.289308 
1441 -1.055000 0.768520 
620 -0.374137 1.354143 
564 -0.528041 1.245227 
2589 -0.600313 1.002135 
2635 -0.598806 1.034997 
1143 -1.104145 0.942666 
1148 -0.676598 1.220421 
322 -0.450405 1.198183 
225 -1.183825 0.808364 
1586 -0.768027 0.974129 
367 -0.868058 0.929842 
437 -0.721308 0.973843 
1879 -0.709416 0.973692 
1832 -0.935697 0.935561 
940 -0.784873 1.100307 
947 -0.681749 1.093635 
1768 -1.175504 0.681752 
2612 -1.125647 0.693617 
431 -0.642777 1.013148 
1977 -1.328992 0.691269 
1067 -0.580433 0.890069 
2544 -0.793387 1.012999 
2441 -1.848249 0.423498 
2444 -1.329341 0.717919 
1156 -0.485532 1.203242 
1155 -0.526747 1.062319 
992 -0.887429 0.930776 
995 -0.663455 1.005072 
2449 -0.616204 1.176243 
1801 -0.733019 1.051731 
2503 -0.740305 1.019144 
2527 -0.755249 0.951131 
387 -0.824430 0.904427 
834 -0.362633 1.330079 
1567 -0.931464 0.739191 
1974 -0.931273 0.868849 
1975 -0.530172 1.307935 
2229 -0.497088 1.239999 
2153 -0.805107 0.739879 
2171 -0.917030 0.910355 
1419 -1.194499 0.767070 
1532 -0.562487 0.906226 
58 -0.427836 1.228794 
110 -0.591487 0.974286 
1763 -0.804589 1.034375 
1740 -0.751611 1.088884 
771 -0.689401 1.058110 
744 -0.858772 1.014338 
963 -0.628308 1.037032 
1497 -0.668813 1.199916 
1822 -0.949441 0.917202 
1823 -0.877307 0.848791 
1260 -1.077887 0.812699 
1246 -1.007145 0.861983 
2244 -0.712022 1.147984 
2242 -0.357682 1.419250 
1078 -1.201347 0.738337 
1003 -0.657133 0.966632 
924 -1.056614 0.867335 
881 -0.724388 0.925931 
927 -0.555617 1.188964 
981 -0.700039 0.653439 
1535 -0.893957 0.973416 
1536 -0.906041 0.800414 
476 -0.552951 1.146722 
404 -0.960958 0.929133 
690 -0.802576 1.069446 
788 -1.085089 0.790974 
2451 -0.653691 1.123848 
2428 -0.785476 0.940405 
243 -0.820178 0.935790 
262 -0.601826 1.076560 
2546 -0.737105 0.911009 
2562 -0.596708 0.863659 
2268 -0.883458 0.835963 
2263 -0.469585 1.013441 
1810 -0.769673 0.775781 
1870 -0.748463 0.880877 
33 -0.772716 0.878484 
68 -1.044045 0.902357 
1378 -0.878521 1.047347 
2517 -0.886727 0.858663 
2487 -0.632165 1.117604 
2644 -0.831345 0.973893 
2642 -0.795775 0.984136 
2204 -0.730538 0.948823 
2479 -0.825952 1.062753 
2107 -0.889571 0.933044 
1923 -0.738061 0.948276 
1922 -0.695215 0.901326 
678 -0.497077 1.217206 
647 -0.570340 0.952673 
1640 -0.766764 1.118187 
1634 -0.787832 0.999137 
955 -0.669914 0.886063 
864 -0.680440 1.157083 
1412 -0.834177 1.069042 
1413 -0.692606 1.018328 
2168 -1.017926 0.842395 
806 -0.923606 0.825813 
643 -0.589590 1.167071 
651 -0.504369 0.571209 
638 -0.914949 0.783915 
639 -0.830549 0.965998 
1797 -0.687514 1.038455 
1377 -0.867954 0.953587 
1163 -0.655170 1.037000 
898 -0.819571 0.935509 
910 -0.780345 0.971231 
392 -0.688256 0.860634 
1915 -0.997191 0.871417 
1917 -0.968571 0.790669 
778 -0.720157 1.043648 
712 -0.540132 1.159685 
1612 -0.769025 0.993040 
1615 -0.744003 1.130951 
1222 -0.453373 1.348279 
1159 -0.434445 1.105402 
1798 -0.683964 1.018901 
1800 -0.636268 1.110468 
821 -0.772480 1.078043 
822 -1.001529 0.851533 
180 -0.699963 0.841923 
162 -0.752767 0.882557 
2210 -0.763903 0.828892 
2212 -0.595768 1.046259 
982 -0.552332 1.094087 
2176 -1.088113 0.792590 
2149 -0.704359 0.980712 
1325 -1.194832 0.754981 
2144 -0.775959 0.962595 
2558 -0.678814 0.907792 
2533 -0.180748 0.422922 
216 -1.179326 0.865702 
246 -0.807388 0.897570 
1731 -0.612139 1.089782 
1732 -0.582475 1.136863 
1968 -0.436024 1.308658 
1714 -0.617885 1.097105 
1929 -0.472492 1.312531 
2379 -1.194847 0.779825 
2347 -0.323535 0.777794 
1134 -1.054132 0.913849 
539 -0.636872 0.645385 
410 -0.558186 1.239838 
886 -1.084865 0.828335 
887 -1.137634 0.883008 
189 -0.652954 1.054942 
29 -0.694141 0.943149 
762 -0.532490 1.183639 
833 -0.465257 1.284764 
1480 -0.852788 0.906297 
1516 -0.951850 0.831466 
1203 -0.668103 1.121607 
1863 -0.639096 1.002517 
1335 -0.853617 0.995077 
1346 -1.153163 0.792626 
229 -1.018468 0.982567 
278 -0.848628 0.984310 
2277 -0.755442 1.115965 
2260 -0.846412 0.913090 
1790 -0.492186 0.888391 
1786 -0.392205 0.891288 
1970 -0.335870 1.452323 
755 -0.900440 0.849938 
794 -1.141434 0.674220 
1604 -1.015100 0.950331 
1439 -0.778553 1.041777 
1440 -0.858239 0.855004 
816 -0.787295 1.064669 
1715 -0.675798 1.019575 
1501 -0.711047 1.127128 
1499 -0.714168 1.126728 
895 -0.872116 0.998547 
892 -1.002294 0.926085 
1216 -0.373684 1.346694 
597 -0.500981 1.211093 
2332 -0.868224 0.783703 
2334 -0.833275 0.892618 
1644 -0.660870 1.206595 
1645 -0.359319 1.346885 
297 -0.695385 1.082902 
309 -0.796275 0.747608 
2113 -1.072506 0.783057 
1104 -0.933509 0.921843 
636 -0.501701 1.227640 
2548 -0.839133 0.891580 
711 -0.877445 0.758047 
1950 -0.857992 1.032666 
1281 -0.812579 1.084168 
2057 -0.763312 0.931300 
2065 -0.765170 0.833313 
187 -0.789660 0.456631 
2324 -0.892490 0.932201 
2322 -0.781192 0.901321 
1752 -0.728363 0.917140 
1738 -0.657992 1.102415 
1595 -1.027287 0.907806 
960 -0.743735 1.044127 
1955 -0.661571 0.970735 
1967 -0.691139 1.170471 
1349 -0.789352 0.945918 
1348 -0.805355 1.027905 
1351 -0.828123 1.019346 
2554 -0.672896 0.771936 
953 -0.447975 1.261061 
959 -0.626081 0.953415 
2223 -1.027929 0.855443 
2304 -0.492262 1.221564 
388 -1.206995 0.658127 
2314 -0.829841 1.021313 
1555 -0.630606 1.220026 
274 -0.654136 1.166363 
649 -0.388116 0.943022 
2003 -0.916993 0.859530 
385 -0.795077 0.868968 
1818 -1.005224 0.896312 
1140 -1.268003 0.769101 
2380 -0.233676 1.429626 
1888 -1.079829 0.765903 
1836 -0.917006 0.761704 
827 -0.753008 0.937267 
835 -0.847982 0.849658 
644 -0.978669 0.847847 
1735 -0.217028 1.600884 
1737 -0.218491 1.606027 
1804 -0.903648 0.939528 
1807 -0.668734 1.089831 
2448 -0.427291 1.186932 
2480 -0.726468 1.138205 
854 -0.838345 0.997825 
1144 -0.777469 1.176640 
2096 -0.885392 0.971971 
2078 -0.826566 1.035685 
2575 -0.901269 0.831921 
1170 -0.272459 1.468268 
2139 -0.041458 1.729419 
1161 -0.471488 1.223506 
1168 -0.634008 1.089674 
2368 -0.694234 0.925435 
2407 -0.970895 0.805438 
2359 -0.768788 1.166144 
626 -1.187830 0.733133 
1191 -0.596644 0.770487 
1931 -0.805061 0.863299 
432 -1.166531 0.742518 
429 -0.649725 1.028558 
500 -0.884412 0.940051 
693 -0.821730 0.897391 
1247 -0.795560 0.962378 
1280 -0.786112 1.038873 
1135 -0.858651 0.989113 
1050 -0.975734 0.841093 
948 -0.503730 1.155661 
944 -0.916697 0.800704 
2403 -0.966222 0.843770 
2351 -0.600818 1.189824 
599 -0.526927 0.985678 
573 -0.469604 1.288531 
1721 -0.644287 1.096570 
1887 -0.793101 1.043380 
957 -0.414745 1.370978 
958 -0.648315 0.788973 
1239 -0.489909 1.266290 
2145 -0.349041 1.294146 
1607 -0.699844 1.191766 
2572 -0.682517 1.090933 
2591 -0.856609 0.824860 
606 -0.952276 0.737953 
607 -0.926622 0.804093 
1602 -0.927094 1.030521 
595 -0.540452 1.203893 
1196 -0.658647 0.839237 
1654 -0.706213 1.171551 
1652 -0.886322 0.887454 
566 -0.841595 0.855079 
2041 -0.733367 1.062693 
1461 -0.624227 1.213171 
1519 -1.008795 0.847436 
937 -0.908489 0.868066 
943 -0.806292 0.990861 
2132 -0.504867 1.270120 
2133 -0.748318 0.738207 
1131 -1.081600 0.805113 
1132 -1.199142 0.747453 
370 -0.537217 1.126286 
366 -0.207763 1.488760 
1128 -1.459827 0.649013 
1130 -1.163900 0.815526 
2009 -0.738121 1.072870 
1811 -0.695919 1.065761 
766 -0.859530 0.718225 
1262 -0.644787 1.218439 
1269 -0.680882 1.181549 
936 -0.643447 1.115935 
1105 -1.138621 0.941035 
1089 -0.896996 0.884686 
1085 -0.690823 1.065089 
1400 -0.947915 0.926573 
1847 -0.881778 1.071667 
1892 -0.661393 1.130750 
6 -0.593909 1.015356 
2319 -0.912833 0.814487 
2090 -1.421391 0.550794 
2089 -0.915426 0.942387 
1824 -0.646106 1.086004 
1820 -0.663505 1.041008 
704 -1.107280 0.751743 
737 -1.278648 0.635123 
228 -1.055286 0.979207 
231 -0.641654 1.191257 
146 -0.792303 0.840325 
151 -0.637603 0.588584 
1300 -1.096769 0.880300 
2265 -0.277063 1.430412 
1494 -0.730637 1.136141 
1496 -0.523371 1.399927 
2230 -0.868140 1.003435 
749 -0.391754 1.363444 
1465 -0.558505 1.127773 
1754 -0.368189 1.391613 
1765 -0.533102 1.189342 
1317 -0.829586 1.056967 
1393 -0.598968 0.998014 
417 -0.795655 0.959973 
16 -0.480388 1.047749 
619 -0.634805 1.121991 
579 -0.662025 0.974508 
2217 -0.688085 0.957004 
2218 -0.825807 1.049365 
701 -0.893261 0.746385 
1036 -0.934395 0.730158 
871 -0.881595 0.945227 
726 -0.775346 0.970519 
394 -0.642596 0.963647 
1520 -1.295312 0.637861 
1518 -1.290876 0.652662 
379 -0.770601 0.960178 
2411 -0.407400 1.409696 
2067 -0.745997 0.804861 
2576 -0.647813 1.038066 
2086 -1.032634 0.791491 
935 -0.770641 1.045154 
2430 -0.529595 1.310647 
2435 -0.715475 1.149283 
2140 -0.157357 1.538696 
2541 -0.922411 1.003614 
2525 -0.676133 1.042889 
1245 -0.789117 0.963608 
1561 -0.772916 0.888159 
1568 -0.623846 0.854144 
1850 -0.793421 0.602332 
675 -0.636412 1.084344 
1825 -0.900263 0.891577 
2152 -0.583997 1.151322 
74 -0.883538 0.937980 
1179 -0.355894 1.347096 
2114 -0.976226 0.943928 
1566 -0.513713 0.918289 
9 -0.643966 0.895458 
88 -0.898426 0.925388 
399 -0.698449 0.921421 
804 -1.036446 0.785240 
797 -0.987830 0.869173 
2085 -1.069590 0.770657 
1054 -0.933405 0.773017 
1987 -0.454918 1.182496 
1985 -0.449221 1.015204 
271 -0.522165 1.333210 
2622 -0.869180 1.097300 
1728 -0.721289 1.056564 
1854 -0.843270 0.929035 
1813 -1.007488 0.855000 
2187 -0.801834 0.965349 
2344 -0.872673 1.049117 
1713 -0.679960 0.992133 
2123 -1.429794 0.692090 
743 -0.816089 0.988797 
2102 -0.489499 1.247900 
2128 -1.034790 0.817508 
2429 -0.927435 0.711082 
817 -0.911562 0.814756 
584 -0.449844 1.288897 
912 -0.598442 0.921503 
1114 -0.669697 0.724318 
346 -0.679951 1.140242 
336 -0.773853 1.026009 
2040 -0.901739 0.886613 
938 -0.980292 0.761833 
993 -0.851351 0.845153 
65 -0.694864 1.213903 
66 -0.786652 0.973143 
1773 -0.678278 0.955946 
1070 -0.996917 0.837167 
1058 -0.811473 0.876611 
780 -0.759383 1.046934 
745 -0.912135 0.924694 
326 -0.902743 0.908492 
363 -0.577258 1.243641 
830 -0.834842 0.883408 
775 -0.628871 1.024899 
1856 -1.022944 0.863869 
1240 -0.792820 1.098497 
2070 -0.902765 0.769060 
144 -0.863546 0.812509 
829 -0.849059 0.791012 
2631 -0.424538 1.078695 
2524 -0.419009 1.286997 
2300 -0.536620 1.171738 
108 -0.438920 1.299248 
55 -0.827671 0.911125 
1111 -0.769436 0.927590 
312 -0.457559 1.191985 
2186 -0.459547 1.181164 
2185 -0.703792 0.970890 
1673 -0.447219 1.111528 
1671 -0.416268 1.168942 
1627 -0.469555 1.150417 
1632 -0.635965 1.184277 
1753 -0.509945 0.973228 
1757 -0.817590 0.886138 
230 -0.315665 1.479832 
951 -0.727741 0.986959 
986 -0.926448 0.841208 
249 -0.761226 1.128559 
255 -0.759750 1.105308 
1877 -1.062607 0.922041 
1136 -1.481412 0.603403 
1259 -0.607090 1.178605 
2001 -1.148976 0.735001 
991 -0.642933 0.923883 
457 -0.649304 1.105690 
458 -0.643918 1.124025 
575 -0.559288 1.215153 
578 -0.430887 1.221812 
1224 -0.545339 1.113986 
1180 -0.566449 1.261043 
616 -0.842161 0.960462 
625 -0.604630 1.112199 
939 -0.822614 1.048301 
1613 -1.101426 0.765222 
857 -0.992151 0.771074 
750 -0.573028 1.207114 
752 -0.687077 0.542644 
1274 -0.712967 1.172287 
2318 -0.744248 1.039890 
311 -0.919511 1.049602 
272 -0.833747 1.038648 
2337 -0.697597 0.947180 
2348 -0.573579 1.076334 
1575 -0.782426 1.075578 
1574 -1.553709 0.570453 
1305 -0.971328 0.867534 
1407 -0.599004 1.128217 
376 -0.373465 1.295628 
287 -0.526483 1.249191 
283 -0.712667 1.049672 
1656 -0.362182 1.301335 
1799 -0.411466 1.193855 
1866 -0.770950 0.797517 
2211 -0.605456 0.940969 
828 -0.853421 0.934181 
719 -0.691924 1.109486 
174 -0.769468 0.751266 
839 -0.304717 1.355895 
2393 -0.425255 1.400256 
396 -0.724803 1.025401 
69 -0.795090 1.101382 
1233 -0.727359 1.109217 
1276 -0.528989 1.292794 
2076 -0.965262 0.869794 
2077 -0.739923 0.935807 
666 -0.551530 1.112610 
263 -0.609192 0.972826 
334 -0.669363 1.078509 
1843 -0.772297 0.814432 
495 -0.714799 1.095757 
479 -0.798525 0.959299 
1314 -1.691170 0.515886 
1367 -0.828398 1.085361 
1805 -0.474947 0.974897 
2390 -0.818674 1.214726 
1470 -1.025212 0.854327 
2333 -0.852624 0.960272 
2173 -0.846057 0.971545 
2179 -1.201400 0.685351 
270 -1.018390 0.910524 
1580 -0.919302 0.897686 
1792 -0.728409 0.986506 
1828 -0.727687 1.004290 
811 -0.791729 1.012610 
691 -0.563437 1.196706 
1238 -0.541101 1.134484 
1278 -0.447947 1.275660 
480 -0.717336 1.026437 
481 -0.879419 1.047939 
1242 -0.605413 1.203324 
102 -0.454679 1.317682 
104 -0.757737 0.990717 
233 -0.730274 1.094590 
239 -1.235074 0.614023 
646 -0.531230 1.098091 
518 -0.899076 0.951197 
1749 -0.937296 0.910363 
1762 -0.683497 1.138698 
2493 -0.708997 0.957653 
237 -0.524503 0.815966 
1083 -0.808686 1.022636 
1110 -0.712793 0.793997 
1060 -1.102877 0.707629 
964 -0.859599 1.019438 
1181 -0.525535 0.996891 
1186 -0.550730 1.091464 
1290 -0.495340 1.103438 
814 -0.854488 0.980786 
905 -0.614992 1.139273 
1151 -0.778052 1.002548 
612 -0.728983 1.092105 
1336 -1.222353 0.781258 
1333 -0.658598 1.033161 
72 -0.811017 0.965349 
1160 -0.598939 1.162968 
307 -1.159091 0.852142 
482 -0.750319 0.874853 
1292 -0.986058 0.809388 
1344 -0.821181 1.081250 
2299 -1.074385 0.877970 
2302 -0.501466 1.239161 
2561 -0.628860 0.830529 
1356 -0.778890 1.115059 
1331 -1.019638 0.925236 
1309 -0.868040 0.904890 
1365 -1.093056 0.791644 
723 -0.765993 1.013431 
510 -0.690537 1.162091 
511 -0.704875 1.091600 
1455 -0.614184 1.082312 
1452 -0.837272 0.995768 
456 -0.744925 0.912025 
1075 -1.268117 0.674306 
1029 -0.827233 0.805389 
1688 -0.985130 0.781300 
1770 -1.192130 0.737928 
1028 -0.792614 0.800918 
1053 -0.884306 0.756440 
2633 -0.847619 0.643792 
1996 -1.049179 0.786706 
1999 -0.567353 1.142058 
1776 -0.439751 0.857370 
1406 -0.768402 0.857549 
1690 -0.599505 1.231350 
2515 -0.489616 0.916945 
232 -0.848499 1.128101 
222 -0.905186 1.050245 
1865 -0.894698 0.897280 
2288 -0.675823 0.692393 
784 -0.763506 0.967798 
1717 -1.007672 0.781990 
452 -0.690575 0.962849 
451 -0.780387 0.864598 
2092 -1.371195 0.666579 
2307 -0.520247 1.242039 
2308 -0.721905 0.880671 
2490 -0.583838 0.688625 
2063 -0.583457 1.037218 
2638 -0.639548 1.146713 
2641 -0.364614 1.338187 
1935 -0.614341 1.180548 
330 -0.767650 1.006724 
214 -0.793820 1.127649 
205 -0.498417 1.271466 
1524 -1.334542 0.629667 
1474 -0.870212 0.879248 
327 -0.877463 0.854125 
358 -0.747987 1.076818 
557 -0.707616 0.826677 
561 -0.634484 1.077392 
204 -0.901723 0.875477 
201 -0.848935 1.027710 
469 -0.438617 1.339105 
1387 -0.811683 1.079708 
1390 -0.761215 1.034426 
765 -0.432661 1.370211 
718 -0.609386 1.046646 
2336 -0.589427 1.158180 
2465 -0.492691 1.300908 
2464 -0.749974 1.115600 
2532 -0.824830 0.801876 
2539 -0.605193 1.209020 
475 -0.746575 0.918577 
1255 -0.412940 1.373565 
1219 -0.802919 1.011872 
2434 -0.412884 1.275901 
2432 -0.615135 1.148904 
1142 -0.855728 1.102903 
1618 -1.306072 0.783396 
1605 -1.082423 0.945535 
549 -0.862931 0.991686 
1517 -1.401601 0.575832 
1998 -0.962781 0.838186 
301 -0.625151 1.193197 
109 -0.588209 1.131756 
59 -0.473702 1.285917 
2000 -0.770723 0.961604 
1831 -0.554707 1.309320 
1916 -0.771648 1.081125 
1653 -0.614893 1.141446 
1601 -1.090137 0.860412 
1352 -1.064056 0.897120 
1329 -0.904267 1.017915 
2388 -0.902670 0.899501 
1531 -0.877082 0.953387 
1596 -0.991755 0.933341 
758 -1.123932 0.753419 
1046 -1.203364 0.853067 
1045 -0.490981 0.552362 
969 -0.766773 1.106458 
967 -1.159178 0.794531 
894 -0.957709 0.906982 
876 -0.453893 1.245806 
2445 -0.508230 1.246034 
2447 -0.588986 1.189599 
809 -0.562408 1.166719 
1599 -0.593719 1.247311 
1456 -0.498783 0.899564 
1503 -0.727184 1.114334 
2526 -0.727217 0.990323 
2516 -1.057164 0.822293 
118 -0.703779 0.722699 
186 -0.680481 0.768572 
2252 -0.617909 1.016484 
2279 -0.624367 1.116463 
1986 -0.686677 0.919594 
250 -0.480670 1.221345 
764 -0.700034 1.116131 
2523 -0.800656 0.867734 
1055 -1.336678 0.741947 
1118 -1.189694 0.879459 
1895 -0.515340 1.162400 
1405 -1.034016 1.010385 
640 -0.694811 1.029357 
1012 -0.538723 1.089024 
7 -0.510228 1.181333 
1492 -0.801488 0.943585 
341 -0.536553 1.314718 
1742 -0.670294 1.186792 
1744 -0.651866 1.208177 
1864 -0.721861 1.030448 
1886 -0.744136 1.026389 
631 -0.668819 0.907928 
629 -0.773532 1.099363 
1035 -1.243209 0.741884 
1057 -1.032164 0.859651 
2343 -0.770428 1.028344 
1623 -0.422744 1.449274 
1562 -0.820348 0.756630 
2016 -0.682376 1.081237 
46 -0.403161 0.880261 
2281 -0.638821 1.127767 
1650 -0.902610 0.934165 
403 -0.672553 1.052543 
433 -0.579294 1.084824 
1417 -0.578508 1.148128 
2025 -0.870457 1.032682 
1997 -1.081188 0.686518 
1079 -0.970833 0.898769 
84 -0.697009 1.027025 
67 -0.698483 1.048509 
2355 -0.517814 1.277947 
567 -0.656929 1.103917 
2320 -0.820616 0.916994 
2238 -0.734433 1.051440 
411 -0.663626 1.043987 
1139 -1.005798 0.939381 
40 -0.560082 1.210205 
41 -0.671839 1.181461 
2042 -0.724079 1.037816 
1570 -0.908811 0.944873 
1571 -1.017085 0.893814 
1942 -0.949634 0.951678 
1258 -1.018484 0.834017 
1207 -0.670740 1.084360 
1972 -0.773795 1.140236 
2243 -0.441445 1.195107 
2266 -0.710623 0.907650 
628 -0.691677 1.149706 
695 -0.605227 0.905157 
1980 -0.811896 0.964223 
1964 -0.872017 1.005799 
318 -0.558791 1.113053 
1573 -1.488655 0.622964 
977 -0.976635 0.957074 
463 -1.254611 0.748360 
663 -0.497030 0.990490 
824 -0.635414 1.127306 
832 -0.496571 1.276537 
554 -0.636517 1.022205 
203 -0.669302 1.126168 
815 -0.882059 1.008863 
2157 -0.606164 1.178792 
5 -0.574482 0.747401 
53 -0.705965 0.894630 
2018 -0.842074 0.864134 
1927 -0.838120 1.019834 
593 -0.746502 1.003734 
1617 -0.905683 1.009090 
897 -0.577352 1.070167 
889 -0.910504 1.006935 
2335 -0.791525 0.995743 
2313 -0.759138 1.037951 
1289 -1.024918 0.785924 
716 -0.873690 0.827893 
477 -0.933212 0.927606 
447 -0.723373 1.025141 
972 -0.492708 0.797880 
975 -1.096792 0.833892 
82 -0.594731 0.995613 
81 -0.841623 0.866550 
20 -0.753238 0.898229 
1106 -0.866357 0.991843 
893 -0.596880 1.063914 
1266 -0.669077 1.161922 
1267 -0.761980 0.959636 
2038 -0.575824 1.242585 
720 -0.679655 1.026311 
2121 -0.767943 0.985153 
2039 -0.924039 0.828863 
2028 -0.883368 0.558727 
1073 -1.165869 0.722821 
337 -0.524778 1.231766 
464 -0.566391 1.105477 
1588 -0.627472 1.182106 
1616 -1.052073 0.966112 
1720 -1.029203 0.877188 
673 -0.520642 0.964074 
11 -0.718288 0.852040 
705 -0.820504 0.919183 
802 -0.606546 1.190908 
1462 -0.321430 1.316206 
877 -1.086739 0.882904 
1869 -0.411123 1.053261 
1808 -1.051497 0.804601 
129 -0.550450 0.988968 
130 -0.575217 1.104397 
867 -0.754203 0.918038 
928 -0.733936 1.121391 
195 -0.697264 0.742948 
1958 -0.722460 1.055184 
1712 -0.541666 1.172451 
2262 -0.693353 1.047533 
2156 -0.459128 1.276121 
2165 -0.806594 0.944817 
1842 -0.932154 0.990764 
1840 -0.974762 0.975861 
637 -0.545631 0.997624 
1095 -1.051179 0.926327 
1082 -0.940412 0.890773 
449 -0.676620 0.941396 
398 -0.552145 1.121479 
2326 -0.799545 1.052774 
2310 -0.418904 1.238963 
1598 -1.233420 0.836536 
38 -0.879676 0.802070 
1065 -0.469199 0.771193 
919 -0.386599 0.845575 
1698 -0.424351 1.111602 
1689 -0.612067 1.050601 
1944 -0.739828 0.653850 
1647 -0.220702 1.502894 
1646 -0.353275 1.329728 
178 -0.672359 0.730970 
428 -0.862540 1.027911 
425 -0.633293 1.076083 
1448 -0.838602 0.951811 
1639 -0.790382 1.000810 
1529 -0.727338 0.855307 
1442 -0.722119 0.965522 
1803 -1.216303 0.684760 
1802 -0.941063 0.881730 
1157 -0.613777 1.057600 
1232 -0.613456 1.154728 
1178 -0.632925 1.022671 
2598 -0.449887 1.193646 
2624 -0.490209 1.283948 
2151 -0.524494 1.283679 
1815 -0.397130 1.333323 
441 -0.690546 0.813135 
434 -1.062212 0.812905 
460 -0.972623 0.882730 
858 -0.756971 1.021407 
2081 -0.955674 0.934713 
725 -0.583171 1.111787 
2362 -0.548687 1.188111 
1739 -0.970489 0.935179 
2239 -0.593640 0.787617 
872 -0.760307 1.032491 
875 -0.756287 0.657527 
627 -0.460705 1.083063 
763 -0.431818 1.348756 
1166 -1.025631 0.793522 
837 -0.267338 1.433969 
805 -0.850182 0.757407 
1724 -0.790352 1.040855 
1093 -0.886925 0.733298 
2192 -1.012449 0.853878 
468 -0.461148 1.227841 
1649 -0.428522 1.236667 
1624 -0.647475 1.082611 
545 -0.933584 0.873053 
1226 -0.610034 1.159418 
1473 -0.948136 0.895979 
2454 -0.609994 1.127760 
513 -0.530144 1.121106 
1606 -0.981407 0.955682 
1392 -0.688605 1.020226 
2172 -1.043553 0.847608 
2023 -0.857285 1.041225 
8 -0.708281 0.863837 
782 -0.623720 1.061082 
506 -0.676508 1.081925 
509 -0.496084 1.320101 
1500 -0.819987 0.987349 
1306 -1.271254 0.740747 
1328 -0.490252 1.111539 
1147 -0.801013 0.894294 
2115 -0.919984 0.855125 
320 -0.942969 0.890579 
329 -0.806984 0.992880 
504 -0.796991 1.046454 
932 -0.483095 1.262309 
2647 -0.615317 1.212850 
1638 -0.648130 1.155031 
61 -1.072634 0.841946 
62 -0.839930 1.133013 
1236 -0.433510 1.230161 
1250 -0.798131 1.046868 
869 -0.653817 1.164676 
688 -0.677805 1.049024 
1261 -0.646557 1.061273 
1621 -0.489942 1.235667 
1354 -0.504866 1.263593 
1234 -0.502641 1.166198 
1235 -0.749263 0.982437 
586 -0.467947 1.400455 
268 -0.927722 0.948052 
1695 -0.120747 1.553863 
1694 -0.926552 0.994009 
633 -0.761631 0.912666 
1512 -0.708114 0.888953 
1637 -0.516819 1.300776 
818 -0.920388 0.994672 
810 -0.727338 1.060559 
907 -0.784907 0.751170 
1074 -1.361037 0.692102 
393 -0.729758 1.081549 
362 -0.605551 1.196669 
1138 -0.777331 1.036670 
987 -0.650761 0.926828 
1117 -0.992017 0.765850 
134 -0.729383 0.966099 
856 -0.778694 0.782598 
2489 -1.189718 0.836587 
2488 -0.958311 0.882127 
2254 -0.749557 0.713346 
2296 -0.851129 1.013111 
273 -0.539205 1.184000 
2414 -0.889141 0.924809 
785 -0.514925 1.027758 
2452 -0.555573 1.228827 
2046 -0.973880 0.849904 
1324 -0.830126 1.044298 
1399 -0.695341 1.215681 
2466 -0.378233 1.370484 
338 -0.605187 1.115381 
680 -0.566566 1.109263 
1385 -0.744179 1.090658 
2126 -0.866839 0.656393 
443 -1.063412 0.844181 
444 -0.737683 0.783156 
383 -0.777957 0.932888 
2358 -0.767016 1.048387 
1743 -0.491368 1.173555 
1684 -0.277830 0.207820 
533 -0.823442 1.024090 
535 -0.687149 1.208856 
786 -0.665093 0.833390 
99 -0.636575 0.995289 
202 -0.818330 0.878265 
316 -1.091464 0.907725 
289 -0.546503 1.158453 
1422 -0.917270 1.021506 
1421 -1.021199 0.817789 
22 -0.940795 0.833206 
1973 -0.461063 1.124439 
1963 -0.948071 0.902793 
605 -0.956861 0.952984 
1614 -0.917414 1.152519 
1914 -0.954702 0.857550 
685 -0.491200 0.474783 
295 -0.435123 1.162011 
1345 -0.770109 1.122644 
1795 -0.513711 0.813920 
728 -0.681622 0.948577 
2285 -1.016388 0.900862 
101 -0.368905 1.337089 
2496 -0.686356 0.728420 
537 -1.164869 0.766945 
494 -0.397976 1.256613 
79 -0.678626 0.994189 
1751 -1.009088 0.832636 
770 -0.584377 1.274624 
1270 -0.986871 0.908385 
2551 -0.541183 1.119046 
266 -0.486624 1.277221 
1341 -1.405787 0.704227 
1319 -0.888676 1.010217 
2166 -1.065954 0.850279 
2167 -1.031076 0.804677 
901 -1.081362 0.825132 
902 -0.424303 1.034926 
2055 -0.942421 0.920270 
2066 -0.852928 0.963694 
2473 -0.616662 1.157911 
2472 -0.610667 1.163130 
1881 -0.844186 0.942707 
550 -1.018742 0.684248 
2399 -0.817126 0.992832 
54 -0.502172 1.245220 
107 -0.748583 1.015683 
1641 -0.654721 1.194393 
710 -0.630949 0.713281 
706 -0.761810 0.802186 
1218 -0.424102 1.017566 
1889 -0.656721 0.899655 
2365 -0.622696 1.156270 
257 -0.477129 1.275891 
436 -0.568082 1.056857 
466 -0.544345 1.157905 
2593 -0.486915 0.918954 
1294 -0.975819 0.889651 
264 -0.745586 0.864032 
2264 -0.586756 1.173389 
1901 -0.571903 1.070190 
1900 -0.676959 0.825541 
2088 -1.236000 0.763781 
2104 -0.826852 0.983435 
1403 -0.620589 1.196505 
559 -0.762124 0.945985 
555 -0.527761 1.127695 
1165 -0.676500 1.114251 
1764 -0.795013 0.958721 
2360 -0.813243 0.998759 
2271 -0.677932 1.104526 
2289 -1.027053 0.863414 
21 -0.852850 0.831056 
2196 -0.947329 0.865486 
2630 -0.604578 0.907873 
2178 -0.863411 0.870406 
2137 -0.550307 1.066051 
2047 -0.811685 1.021866 
91 -1.100245 0.872912 
92 -1.245726 0.802032 
689 -0.825839 1.079899 
2608 -0.727024 0.851274 
841 -0.999969 0.866408 
2376 -0.495735 1.140404 
2370 -0.902262 0.881405 
2249 -0.803952 0.844206 
548 -0.661411 1.057878 
622 -0.604471 0.938828 
2162 -1.195229 0.803962 
2148 -0.882542 0.885462 
846 -0.345929 1.397877 
847 -0.692345 1.191171 
467 -0.446795 1.181987 
426 -0.912521 0.954648 
2643 -0.741298 0.933755 
2006 -0.674931 0.898270 
2159 -0.590707 1.190500 
1542 -1.376578 0.712587 
2129 -0.644648 1.096954 
1755 -0.404627 1.073231 
820 -0.694643 1.038133 
2292 -1.108863 0.793169 
2237 -0.824633 1.059008 
2476 -0.408571 1.309180 
1488 -0.312675 1.332029 
50 -0.678412 0.946729 
2146 -0.463075 1.326461 
2143 -0.850648 0.810933 
1669 -0.649837 0.894676 
2258 -0.708864 1.080129 
2236 -0.955762 0.800951 
1747 -0.812916 0.947604 
1718 -1.041762 0.720711 
2059 -0.885613 0.887921 
2101 -0.635698 1.139165 
265 -0.375704 1.027912 
241 -1.325849 0.626855 
2415 -0.682727 0.913111 
2387 -0.908477 0.955788 
594 -0.521922 1.055202 
617 -0.467760 1.206144 
247 -0.651882 1.233349 
2396 -0.550836 1.176590 
2386 -0.525521 1.277283 
145 -0.583661 0.816112 
670 -0.536533 1.183277 
860 -0.834503 0.818081 
861 -0.922768 0.792553 
1389 -0.593549 1.242426 
1381 -1.040967 0.943227 
1380 -0.861118 0.931656 
1841 -0.680589 1.259279 
751 -0.831290 0.919272 
2248 -0.945354 0.838012 
988 -0.621436 1.043826 
1954 -0.880643 0.968114 
1819 -0.702437 0.963952 
1382 -1.031161 0.840511 
984 -0.681128 1.103530 
1633 -0.314980 1.445182 
2122 -1.062704 0.809835 
974 -0.932835 1.038302 
884 -0.915472 1.018786 
2074 -0.988774 0.866453 
305 -0.658280 1.084444 
519 -0.377658 1.288329 
1692 -0.715046 0.880808 
2250 -0.424235 0.892658 
2064 -0.638441 1.033042 
2616 -0.508633 1.245351 
2437 -0.620745 1.193108 
2450 -0.637307 1.138350 
259 -0.485478 1.119824 
956 -0.540666 1.115314 
866 -0.679512 1.091562 
1310 -0.855474 0.963540 
1361 -0.989287 0.603992 
483 -0.848506 0.868003 
1375 -0.233310 1.367350 
840 -0.526325 1.212609 
736 -1.041241 0.885845 
759 -0.635812 0.908660 
658 -0.897971 0.932630 
2068 -0.520703 1.179505 
1145 -0.648916 1.097589 
596 -0.794820 1.009775 
2037 -0.486718 1.331821 
1779 -0.391962 1.292437 
803 -0.849567 0.942480 
1705 -0.734702 0.878228 
1706 -0.420562 1.118581 
2079 -1.002253 0.824693 
976 -1.041202 0.915374 
2574 -0.577816 0.780603 
1949 -0.562663 0.726865 
739 -0.979892 0.757777 
2338 -0.649080 1.197890 
1072 -1.323527 0.651858 
1848 -0.605583 0.633518 
183 -0.439711 0.724901 
2560 -0.737459 1.048499 
2443 -1.109760 0.836252 
2439 -0.734065 1.006680 
294 -0.784858 0.993474 
415 -0.729193 1.064419 
1374 -1.138079 0.860065 
267 -0.859250 0.968341 
517 -0.810486 1.033531 
487 -0.648062 1.070851 
568 -0.892120 0.913872 
1736 -0.411501 1.180208 
2367 -0.809957 1.066448 
868 -0.653344 0.857274 
1253 -0.781906 0.858958 
368 -0.420594 1.270270 
1443 -0.923808 0.952174 
1504 -1.003591 0.900634 
516 -0.599735 1.111896 
980 -0.781742 0.955402 
1553 -0.826835 0.981273 
1620 0.000960 1.760548 
353 -0.597368 1.091724 
277 -0.651901 1.129801 
2209 -1.184485 0.757751 
2208 -0.873116 0.878345 
1978 -0.812287 0.839347 
990 -0.638398 1.055916 
377 -0.658411 1.096263 
371 -0.774227 0.851131 
97 -0.672097 1.118440 
210 -0.806403 0.979109 
2054 -0.919957 0.867619 
926 -0.654031 1.201045 
2084 -0.914239 0.903942 
1298 -0.593505 1.067995 
1619 -0.236984 1.600397 
1625 -0.581468 1.130497 
2588 -0.882055 0.883602 
2587 -0.830203 0.664627 
538 -0.863008 0.971474 
1667 -0.645325 0.987646 
1767 -1.014992 0.723887 
1594 -0.957164 0.941354 
93 -0.990081 0.857405 
1090 -1.271175 0.657712 
753 -0.474229 1.002857 
754 -0.743577 0.932925 
2175 -0.916399 1.008129 
2222 -0.787251 0.812232 
2193 -0.867354 0.909163 
1991 -0.670329 1.109055 
1727 -0.667289 1.122187 
2026 -0.723757 0.921996 
572 -0.690919 0.982661 
570 -0.751331 0.995610 
2346 -0.646757 0.896779 
703 -0.405181 1.125442 
768 -0.551585 1.139068 
1350 -1.051870 0.827451 
683 -0.708510 0.754214 
300 -0.633088 1.216874 
252 -0.790180 1.018622 
254 -1.135641 0.777209 
1379 -1.243034 0.728461 
823 -0.648450 1.009292 
2056 -1.120681 0.756775 
2124 -1.065665 0.850139 
756 -0.550109 1.255176 
1071 -1.324084 0.656775 
63 -0.712824 1.258938 
2269 -0.760945 1.063993 
526 -0.734300 1.235698 
1891 -0.771320 0.969912 
1885 -0.935132 0.825861 
1860 -0.857759 0.955045 
1037 -0.862794 0.683604 
1982 -0.803024 1.069585 
731 -0.821287 1.021145 
677 -0.454149 1.244266 
2475 -0.576756 1.130589 
1282 -0.349913 1.356414 
1432 -0.822702 0.911518 
218 -1.162867 0.801701 
220 -1.079541 0.840574 
1730 -0.371030 1.216441 
1729 -0.654266 1.122529 
1453 -0.477214 1.006875 
1534 -0.796901 1.055647 
2147 -0.789561 1.000933 
2130 -0.943270 0.970757 
942 -0.707234 1.107646 
356 -0.728234 1.008826 
354 -0.685231 1.145805 
1547 -0.385159 1.382032 
138 -0.299107 0.972876 
293 -0.664209 1.067260 
2259 -0.982218 0.868436 
2290 -0.625003 1.147744 
90 -1.024459 0.960097 
2287 -0.416172 0.722753 
2198 -0.938952 0.801361 
1115 -0.608075 0.966260 
2531 -0.937559 0.953985 
2569 -1.009319 0.846876 
2381 -0.937657 0.955674 
2600 -0.907685 0.664991 
1026 -0.486246 0.901417 
2353 -0.481247 1.312430 
2599 -0.588383 0.785487 
1846 -1.057917 0.741356 
1845 -0.067951 0.513684 
1771 -0.747571 0.981237 
1725 -0.383452 1.377296 
158 -0.798871 0.825507 
238 -0.803200 0.932829 
1926 -0.656783 1.172037 
1241 -0.424415 1.300843 
193 -0.711767 0.732652 
903 -1.122682 0.842316 
1283 -0.432251 0.881266 
674 -0.362617 1.398458 
1651 -0.651955 1.061991 
1893 -0.686418 0.912685 
1897 -0.644000 1.089563 
17 -0.747846 0.890834 
2012 -0.821540 0.847865 
1064 -0.558602 1.118530 
221 -0.451589 1.082065 
505 -0.774659 0.995072 
1943 -1.090247 0.701213 
1814 -0.690474 1.021945 
488 -0.850136 0.992327 
734 -1.505233 0.557814 
2474 -0.417223 1.307397 
941 -0.759184 0.988882 
933 -0.555973 1.198975 
1734 -0.380877 1.445106 
1271 -0.880764 0.880625 
1489 -1.122305 0.811545 
1486 -1.131539 0.751864 
1184 -0.478176 1.199403 
1589 -0.945272 0.881264 
1248 -0.765399 1.059746 
111 -0.740481 0.919172 
2459 -0.265196 0.863758 
2460 -0.479078 1.224192 
2461 -0.396472 1.212866 
136 -0.663558 0.863202 
1124 -1.227046 0.807847 
1123 -1.173199 0.722433 
2283 -0.847785 0.911144 
1431 -0.888496 0.773274 
611 -0.607386 0.983651 
473 -0.523144 0.877930 
105 -0.493241 1.117406 
1809 -0.762231 1.002698 
106 -0.959671 0.811824 
100 -0.882690 0.890253 
2500 -0.491422 1.136467 
2501 -0.528508 0.987363 
2045 -0.757907 1.027787 
2639 -0.858639 0.953929 
2634 -0.904815 0.839887 
2552 -1.115994 0.763356 
1176 -0.359759 1.402786 
1420 -0.437189 0.882556 
1249 -0.749091 1.114966 
1401 -1.038257 0.790381 
1523 -1.167001 0.770168 
1709 -0.506720 1.159841 
1675 -0.701062 0.874691 
727 -0.778649 1.063287 
1080 -1.211498 0.709623 
2131 -0.879811 0.981213 
1491 -0.692749 1.020753 
285 -0.593480 1.157375 
1228 -0.928846 0.740576 
2417 -0.869888 0.788228 
1626 -0.978299 0.929804 
508 -0.425107 1.220085 
423 -0.741150 1.063124 
1796 -0.761499 0.796264 
2416 -0.517831 1.165986 
412 -0.664962 1.112787 
621 -0.697051 0.912045 
1558 -0.578299 1.252660 
261 -0.665534 1.131196 
2120 -0.830264 0.807380 
223 -0.617463 1.035003 
147 -0.835579 0.572403 
2052 -1.159014 0.723691 
521 -0.226057 1.510171 
489 -0.755513 1.044845 
194 -0.898584 0.549008 
2315 -1.008694 0.811449 
2261 -0.725966 0.969191 
2142 -0.561760 1.185313 
1862 -0.749529 1.093301 
1806 -0.808334 0.978334 
1052 -1.107496 0.838930 
461 -1.056406 0.777009 
565 -0.532228 1.099476 
2073 -0.934076 0.834684 
1902 -1.003229 0.921194 
2024 -0.722200 0.881915 
2409 -0.555364 1.326221 
874 -0.823803 0.809230 
242 -1.069446 0.783174 
2563 -0.730079 0.783041 
2648 -0.408639 1.039228 
2019 -1.016378 0.939042 
137 -0.716442 0.947269 
142 -0.611255 0.909339 
2106 -1.004525 0.846258 
1884 -0.813664 1.021711 
52 -1.029670 0.881554 
498 -0.693207 1.205962 
2530 -0.700964 0.943199 
1122 -0.964813 0.882002 
1121 -1.146617 0.863162 
2109 -0.757704 1.184797 
853 -1.227613 0.820478 
32 -0.619349 1.098544 
35 -0.798020 1.032474 
2071 -0.762812 0.678638 
1522 -1.288987 0.616407 
2350 -0.922266 0.948912 
365 -0.603407 1.118330 
1533 -0.802391 0.995014 
2043 -1.335709 0.693868 
546 -0.548836 1.168476 
547 -0.974483 0.799281 
372 -0.794191 0.970569 
445 -0.497404 1.166676 
1211 -0.838089 0.890651 
885 -1.020354 0.846506 
321 -0.484240 1.085894 
156 -0.757164 0.949723 
1146 -0.805534 1.171265 
717 -0.362718 1.283839 
2419 -0.616052 1.005123 
1277 -0.849648 0.998331 
391 -0.952765 0.826601 
2005 -0.805752 0.981156 
1213 -0.637454 1.180284 
1279 -0.825684 0.934186 
310 -0.835931 1.009308 
2245 -0.531758 1.186552 
1543 -0.366291 1.233750 
911 -0.414734 1.134364 
188 -0.515354 1.086956 
115 -0.704256 0.807129 
609 -0.531050 1.212666 
1493 -0.582439 1.149811 
1311 -0.720989 1.038064 
2099 -0.523609 1.283552 
1636 -0.701268 1.221480 
141 -0.203460 0.889086 
131 -0.663917 0.749157 
2471 -0.875887 0.628747 
496 -0.964167 0.956281 
585 -0.640764 1.022882 
1434 -0.541136 1.117183 
1416 -0.439682 1.124247 
1666 -1.018985 0.749498 
292 -0.454906 1.202770 
1426 -0.486887 1.236542 
1859 -0.965970 0.834134 
879 -1.045200 0.851036 
2410 -0.338055 1.277626 
1185 -0.640366 1.119973 
645 -0.406309 1.162247 
574 -0.385367 1.272698 
1672 -0.611340 1.101815 
36 -0.907092 0.964878 
2611 -0.474779 1.121043 
168 -0.550248 1.084843 
2213 -0.709761 1.138750 
339 -0.677717 1.068048 
340 -0.814134 1.005213 
2629 -0.408526 1.075785 
1002 -0.639029 1.009326 
314 -0.565839 1.229065 
2382 -0.858468 0.966002 
401 -0.630091 0.992222 
484 -0.822888 1.054274 
1086 -0.569010 1.162019 
1127 -0.906778 0.822513 
2112 -1.128695 0.748534 
1549 -0.675193 0.852931 
439 -0.586963 1.122033 
1337 -1.049807 0.878278 
1338 -0.952686 0.840667 
741 -0.587101 1.036169 
687 -0.500395 1.171973 
1415 -0.794465 1.010852 
920 -1.087222 0.842501 
2618 -0.479691 1.313701 
1867 -1.100401 0.839909 
945 -0.493727 1.198703 
1193 -0.883239 0.918158 
87 -0.599106 0.631296 
406 -0.805805 1.034206 
1716 -0.574081 1.163345 
348 -0.441071 0.902417 
1347 -0.705525 1.211396 
2564 -0.386301 1.274437 
459 -0.950671 0.940348 
582 -0.146808 0.508810 
1398 -0.779265 0.845516 
863 -0.851786 0.956687 
1817 -0.705196 1.070972 
2545 -0.613018 0.870806 
1925 -0.904868 0.951872 
659 -0.684430 1.165982 
660 -0.459551 1.110390 
1094 -0.992159 0.837685 
1116 -1.021837 0.897588 
562 -0.663304 1.020738 
2613 -0.875361 0.905259 
1482 -0.921810 0.792739 
1481 -1.271630 0.652919 
240 -0.887577 0.877753 
1391 -0.862977 0.822853 
288 -0.625833 1.105994 
80 -0.904288 1.021813 
127 -0.428049 0.848332 
973 -0.593304 1.026262 
781 -0.894594 0.942265 
783 -0.674971 0.897844 
529 -0.699744 1.009435 
1062 -1.002852 0.863929 
1108 -0.605914 1.018167 
1956 -0.462335 0.743018 
642 -0.649489 0.944297 
2607 -0.618434 1.085631 
258 -0.595044 1.263343 
1514 -0.917007 0.898809 
1459 -0.850429 0.893339 
1460 -0.562924 1.043120 
1113 -0.936952 0.806173 
1251 -0.435973 1.202523 
1230 -0.647192 1.093686 
400 -0.710349 0.811169 
1254 -0.570355 0.870502 
676 -0.491106 1.197708 
2537 -0.772518 0.977955 
1700 -0.134656 1.489099 
342 -0.292812 1.380203 
291 -0.490300 1.194137 
522 -1.049031 0.910550 
601 -0.447104 0.686564 
2158 -1.103371 0.832058 
2467 -0.819557 0.772020 
213 -0.816730 1.141018 
1733 -0.235331 1.495545 
1587 -0.923463 1.040189 
2391 -0.421542 1.499555 
2328 -0.451749 0.846554 
2015 -0.941209 0.674940 
2014 -0.513847 0.860224 
2463 -0.880401 1.168197 
1454 -0.767339 0.796128 
1343 -1.067693 0.955784 
544 -0.723100 0.743559 
2257 -0.845934 1.070349 
682 -0.815043 0.922863 
94 -0.688107 1.188378 
2008 -0.563251 0.783284 
779 -0.825056 0.918331 
796 -0.628426 1.221261 
807 -1.092920 0.820597 
1511 -0.761328 1.066425 
2372 -0.854465 0.784782 
1291 -0.750837 1.112281 
3 -0.585136 1.152432 
13 -1.115555 0.785666 
671 -0.789666 1.067747 
1960 -1.100446 0.773237 
30 -0.804189 0.667121 
1273 -0.781341 1.128219 
1993 -0.763348 0.913862 
598 -0.914330 0.931382 
1332 -1.127775 0.892788 
1339 -0.686881 1.056076 
486 -0.613835 1.067500 
2061 -0.683655 0.871251 
408 -1.098746 0.737538 
409 -0.570643 1.193321 
2413 -0.682372 1.243292 
2418 -1.021245 0.908352 
1362 -0.937490 0.953085 
1087 -1.009404 0.840013 
1056 -1.151935 0.872535 
844 -0.365050 1.278778 
1668 -1.104856 0.724415 
1358 -0.616658 1.086320 
1402 -0.581426 1.177730 
2584 -0.859995 0.895885 
2577 -0.966185 0.848917 
1702 -0.321332 1.347855 
1371 -0.686596 0.884146 
1312 -0.903443 1.056577 
604 -0.596978 1.074792 
2610 -0.686603 0.581481 
2609 -0.811839 0.842986 
269 -0.748110 0.977184 
462 -0.885941 0.892643 
499 -0.443049 1.303938 
925 -0.965781 0.743775 
1450 -0.866645 0.959263 
1682 -0.610502 0.441981 
729 -0.745004 0.850034 
2342 -0.735590 0.917141 
961 -0.901934 0.830183 
1707 -0.814220 0.945517 
1657 -0.258726 1.301434 
1023 -0.580563 0.366773 
120 -0.551455 0.999188 
351 -0.487957 1.170272 
176 -0.586810 0.979658 
2518 -0.928398 0.786922 
2520 -0.875820 0.894738 
361 -0.613581 1.133958 
1120 -1.020202 0.856783 
2401 -0.576646 1.048413 
1774 -0.882311 0.907989 
923 -0.905336 0.807968 
983 -0.652687 0.910699 
503 -0.677146 0.980538 
1704 -0.709350 1.025081 
1699 -0.277935 1.213439 
1722 -0.461145 1.238633 
700 -0.821637 0.833094 
2398 -0.555056 1.269549 
360 -0.849140 0.780338 
169 -0.636968 0.852245 
1976 -0.821229 0.978108 
1479 -0.820215 0.768920 
2534 -0.270372 -0.117251 
2456 -0.531935 1.364499 
952 -0.749836 0.996783 
2628 -0.530817 0.852550 
2374 -0.570619 1.018396 
1081 -0.668421 0.992974 
1326 -0.852774 1.087755 
1903 -0.549153 0.564401 
2177 -0.729494 1.025384 
172 -0.580540 0.745645 
1838 -1.024790 0.839763 
2364 -0.587538 1.212675 
1952 -0.472050 1.296032 
2116 -1.377989 0.667982 
1658 -0.495942 1.095311 
1126 -0.647535 0.885941 
1370 -1.038341 0.667306 
2557 -0.522208 0.871627 
2048 -0.707247 0.995752 
1435 -0.835480 0.890137 
1761 -1.021486 0.874101 
2565 -1.002380 0.867291 
1708 -0.977715 0.819384 
1710 -0.702610 0.881172 
1883 -0.980951 0.945202 
1677 -0.213819 1.516348 
245 -0.519020 1.007276 
27 -0.507358 1.254939 
2105 -0.839883 0.813618 
2049 -1.135591 0.661031 
1101 -0.720701 1.147754 
1133 -1.146148 0.757986 
2625 -0.739393 0.972065 
2646 -0.775637 0.920969 
1457 -0.359468 0.920944 
2477 -0.628617 1.133012 
1766 -0.817498 0.940999 
1265 -0.347004 1.395321 
1498 -0.604274 0.934161 
1726 -0.470637 1.200868 
2207 -0.669392 1.097023 
2010 -0.525646 1.133202 
2021 -0.729086 1.007304 
2020 -0.701753 1.158855 
2502 -0.730683 1.086954 
996 -0.467480 1.305096 
997 -0.882700 0.825269 
740 -0.689309 1.064511 
896 -1.022183 0.825017 
2431 -0.512809 1.260963 
777 -0.716418 0.898089 
1030 -0.797116 0.866363 
96 -0.425179 1.053998 
2352 -0.879284 0.884961 
154 -0.693137 0.672583 
153 -0.714344 1.074159 
2228 -0.850701 0.880079 
1449 -0.414376 1.260713 
19 -0.688834 0.966118 
1691 -0.771526 0.887900 
668 -0.590968 1.231590 
282 -0.998972 0.892641 
325 -0.597261 1.094183 
1149 -0.970099 0.856440 
2272 -0.575520 1.017744 
2568 -0.731872 1.092937 
1928 -0.647668 1.107212 
1051 -0.787122 0.903742 
979 -0.217010 0.169637 
2199 -0.817543 0.917994 
470 -0.692845 0.991752 
2585 -0.627728 1.001757 
1323 -0.962211 0.718457 
2201 -0.864719 0.904495 
149 -0.822569 0.547733 
132 -0.574970 0.899617 
244 -1.073300 0.874815 
1268 -0.431786 1.381832 
2349 -0.749969 0.990280 
364 -0.799559 1.030953 
1965 -0.588187 1.149610 
603 -0.862134 0.919256 
1485 -0.723930 1.075819 
760 -0.644617 1.048633 
843 -0.614703 1.131510 
563 -0.520838 1.168587 
1313 -1.175292 0.876752 
641 -0.622102 1.052737 
667 -0.603096 1.169888 
2492 -0.977831 0.909175 
1158 -0.583483 0.951602 
2216 -0.681942 0.995272 
2481 -0.404515 0.435120 
845 -0.449971 1.291282 
1861 -0.536055 0.914739 
913 -0.503822 1.009400 
914 -0.488161 1.124321 
664 -0.366959 1.345543 
1308 -1.194104 0.745293 
1177 -0.536302 1.301189 
1882 -0.761987 1.126449 
2214 -0.642308 1.176282 
2316 -0.502948 1.208995 
1429 -0.444856 1.267479 
1989 -0.657488 1.139109 
1988 -0.822148 0.863477 
524 -0.584914 1.056689 
501 -0.712719 1.094497 
2270 -0.494767 0.930750 
347 -0.450909 0.921303 
2469 -0.709202 1.104969 
64 -0.583918 1.231159 
757 -1.250247 0.666567 
2323 -0.867771 0.875577 
1723 -0.625090 1.127356 
1372 -0.562937 0.963014 
1515 -1.564756 0.505614 
1024 -1.037847 0.872288 
1466 -0.579813 1.097849 
2436 -0.637636 1.188659 
838 -0.235654 1.417747 
2637 -0.847373 0.974229 
774 -0.331164 0.619764 
580 -0.450559 1.217753 
2406 -0.758303 0.941152 
1556 -0.886619 0.974663 
1769 -0.832198 0.731227 
2118 -1.343529 0.747852 
12 -1.062542 0.916026 
1642 -0.976243 0.921928 
435 -0.501285 1.176752 
1560 -0.821301 1.142168 
212 -0.521233 1.168085 
1049 -0.544809 0.973391 
122 -0.629788 0.891707 
1315 -0.935382 0.917211 
1557 -0.819668 0.959087 
1446 -0.441602 1.202725 
2498 -0.652028 0.951357 
2542 -0.772619 0.892232 
1018 -0.643978 0.975009 
2291 -0.922515 1.039520 
1525 -1.279289 0.741782 
1438 -0.878556 0.832543 
2220 -1.002385 0.868789 
1205 -0.706149 0.977752 
1962 -0.454397 1.339940 
1758 -0.589418 0.986053 
345 -0.353622 1.334316 
855 -0.588252 1.159873 
2540 -0.968608 0.708050 
836 -0.445763 1.227147 
2491 -0.548692 1.120804 
113 -0.496564 0.741588 
581 -0.573555 1.183026 
1577 -0.804475 1.159880 
1600 -0.770799 1.095200 
1622 -0.353061 1.421463 
2160 -0.411033 1.333194 
414 -0.897562 0.954984 
1297 -1.032475 0.950619 
733 -0.528901 1.286403 
2091 -1.436287 0.588229 
2267 -0.528014 1.109494 
315 -0.769413 0.973368 
2567 -0.758296 0.781221 
2225 -0.761912 0.987480 
1355 -0.747673 1.172815 
1404 -0.628182 1.117546 
2013 -0.748666 0.597947 
2495 -0.845907 0.875295 
2573 -0.718174 0.973831 
1678 -0.689008 0.805329 
1204 -0.466800 1.234104 
71 -0.948424 0.908749 
1544 -0.756293 0.851656 
2442 -1.104537 0.834302 
994 -0.704931 0.789280 
170 -0.422144 0.862916 
1414 -0.565946 1.181915 
808 -0.417327 1.275213 
2278 -0.552571 1.152447 
160 -0.470767 0.924366 
179 -0.557358 0.478071 
1648 -0.609482 1.143103 
1227 -0.907270 0.964677 
1741 -0.536652 1.138130 
1550 -0.881869 0.911847 
1750 -0.632320 0.860587 
1468 -0.905901 0.973543 
1696 -0.676078 1.157013 
2499 -0.408773 0.954091 
359 -0.598188 0.952367 
2361 -0.835053 1.015493 
978 -0.490731 0.866453 
227 -0.717547 1.088570 
654 -0.515412 1.214176 
2632 -0.986503 0.649077 
386 -0.611737 1.077886 
1826 -0.959644 0.803092 
702 -0.701443 0.739523 
1272 -0.687982 1.166240 
1590 -1.172653 0.908021 
413 -0.707157 0.958854 
930 -0.909188 0.926524 
60 -0.969033 0.885483 
1569 -1.071287 0.745911 
746 -1.004061 0.845142 
192 -0.658369 0.970864 
1150 -1.025253 1.048763 
2366 -0.666003 1.019490 
1427 -0.323843 1.413670 
1299 -1.294572 0.747208 
826 -0.763632 1.023750 
164 -0.725657 0.753045 
116 -0.743832 0.486948 
890 -0.619202 0.980065 
523 -0.588841 0.951147 
190 -0.665493 0.711152 
1019 -0.610918 0.867576 
1244 -0.495712 1.157399 
1676 -0.668088 0.998436 
970 -0.802986 0.944307 
793 -0.625024 1.101228 
1418 -0.698273 1.047368 
275 -0.362440 1.387831 
2578 -0.711755 0.924475 
474 -0.573065 1.179480 
465 -0.967054 0.815773 
1475 -0.807124 0.879833 
1171 -0.611523 0.639418 
2294 -0.858028 0.931215 
2253 -0.497452 1.206933 
148 -0.410919 1.049115 
1984 -0.979696 0.818839 
2163 -0.955235 0.969791 
157 -0.682853 0.985277 
181 -0.544414 0.740935 
610 -0.406655 1.155928 
954 -0.647897 0.853562 
77 -0.441978 1.395819 
1941 -0.826563 0.854057 
1256 -0.893746 0.826536 
2553 -0.591616 1.215837 
2321 -0.703675 0.962129 
2400 -0.503783 1.118904 
2425 -0.750129 1.029143 
2183 -0.451242 0.933996 
2180 -1.254439 0.725312 
536 -0.470009 1.056862 
934 -0.793977 0.913321 
1119 -1.018554 0.966970 
630 -1.115584 0.812863 
1048 -0.848439 0.533775 
1444 -0.513232 1.069735 
2221 -1.086768 0.904311 
454 -0.547096 0.910400 
2529 -0.451448 1.207264 
1857 -0.591547 0.941829 
1225 -0.581810 1.158291 
1200 -0.806561 1.041938 
1936 -0.911344 0.922099 
1231 -0.695159 0.929599 
1210 -0.847014 1.014658 
2519 -0.841394 0.959890 
2075 -1.230988 0.667642 
1837 -0.915914 1.038111 
2108 -0.703655 1.142408 
800 -0.865579 0.928876 
1505 -1.225143 0.662288 
1340 -1.428314 0.674543 
742 -0.599054 1.198096 
1748 -0.957478 0.907203 
909 -0.697606 0.759729 
2125 -1.005036 0.813550 
1502 -0.700479 1.050945 
217 -0.992522 0.798120 
692 -0.807736 0.956481 
2138 -0.299553 1.317354 
769 -0.666064 1.030562 
2119 -1.046407 0.947331 
407 -0.926970 0.860048 
1342 -1.307884 0.642963 
2202 -0.554913 0.725009 
1257 -0.623022 1.134525 
1629 -0.580479 1.207697 
159 -0.517288 0.784143 
2276 -0.514513 1.159033 
493 -0.770779 1.001682 
1388 -0.712333 1.152980 
1320 -1.303274 0.626544 
1092 -0.797943 0.768999 
450 -0.891045 0.879677 
1495 -0.890858 0.882098 
2383 -0.617427 1.121160 
1425 -0.452178 1.268970 
2295 -0.787510 0.934661 
1034 -0.966371 0.968683 
1237 -0.651910 1.098250 
328 -0.568918 1.085898 
1100 -0.593436 1.202732 
402 -1.037471 0.847374 
2127 -1.043096 0.740441 
1467 -0.718558 1.068021 
2623 -0.551424 0.695599 
2087 -1.165307 0.741993 
1202 -0.633302 1.124974 
1201 -0.788766 1.090247 
1789 -0.635213 0.851975 
915 -0.627315 1.122849 
576 -0.718145 1.046143 
2457 -0.779531 0.990932 
1643 -0.968261 0.737476 
922 -0.552463 1.255623 
2282 -0.789989 0.960383 
534 -0.867823 0.921365 
1890 -0.811861 0.920111 
2468 -0.522549 1.223803 
813 -1.091562 0.785860 
966 -0.687542 1.046579 
1572 -1.219763 0.705764 
515 -0.742453 1.008317 
1953 -0.958040 0.886001 
899 -0.974152 0.938213 
998 -0.407435 0.754290 
1437 -0.707845 0.975348 
331 -0.809027 0.962130 
1659 -0.699188 0.994404 
2377 -0.798234 0.891489 
25 -0.537600 1.154301 
1321 -0.445897 1.172438 
2645 -0.565180 1.129553 
2286 -0.626637 1.065376 
2256 -0.709511 0.848773 
2605 -0.848561 0.826800 
672 -0.868345 0.842039 
352 -0.505447 1.270617 
2174 -0.987119 0.715070 
1445 -1.188708 0.775994 
224 -0.634552 1.195233 
1322 -0.525358 0.726207 
306 -0.590768 1.204353 
175 -0.572716 0.471119 
921 -0.767492 0.929401 
852 -0.867610 0.820362 
28 -0.903886 0.881821 
317 -0.466194 1.212577 
1476 -1.217012 0.729926 
1611 -0.778772 0.970258 
1896 -0.949936 1.053675 
1746 -0.614510 0.936719 
1004 -0.333170 0.296103 
427 -0.671027 1.040713 
2317 -0.654358 0.947556 
471 -0.391128 1.294016 
552 -0.853417 0.787385 
553 -0.405391 1.016961 
2583 -0.682036 0.971966 
1628 -0.726017 1.118918 
2566 -0.613634 0.911727 
694 -0.862495 0.992617 
2154 -0.545867 0.948473 
1686 -0.856479 0.801105 
1874 -0.781584 1.044221 
2339 -0.716081 1.070699 
1509 -0.536635 1.059925 
1507 -0.663779 1.147996 
344 -0.173790 1.470946 
748 -0.741518 0.966773 
397 -0.660927 0.940486 
384 -0.688062 0.927240 
2579 -0.687442 1.084350 
1252 -0.884934 0.804910 
592 -0.723315 0.979830 
1872 -0.755083 0.925681 
2273 -0.414848 0.942491 
49 -0.880283 0.901334 
430 -0.609830 1.121388 
1564 -0.642949 1.087857 
2327 -0.712914 0.944582 
2311 -0.735602 1.066664 
532 -0.773986 1.065760 
602 -0.469398 1.067846 
1966 -0.755686 0.987418 
1011 -1.073663 0.596974 
831 -0.576880 1.154848 
1096 -1.019313 0.953673 
1844 -0.338272 0.503564 
1264 -0.516329 1.284825 
1334 -0.767632 1.071411 
558 -0.862640 0.905561 
34 -0.461964 1.224691 
472 -0.716679 1.069216 
182 -0.613001 0.799165 
1304 -1.005383 0.836998 
1878 -0.753775 0.877422 
319 -0.580861 1.200429 
2169 -1.045850 0.848018 
1013 -0.477422 0.548849 
1852 -0.699436 1.017797 
117 -0.883584 0.741336 
1921 -0.661365 0.824318 
290 -0.693822 0.993791 
15 -1.024710 0.873567 
378 -0.653825 1.079444 
971 -0.613700 0.768642 
1609 -0.909528 0.970067 
665 -0.401735 1.311672 
2570 -0.730186 0.894692 
1868 -0.767633 0.967416 
133 -0.387041 0.537946 
2110 -0.519546 1.050169 
56 -0.742249 1.039370 
2184 -0.529889 1.247254 
2219 -0.955127 0.862061 
1894 -0.881146 0.903943 
14 -0.846627 0.960823 
1839 -0.698839 1.233848 
279 -0.633684 0.888014 
280 -0.562829 0.691639 
369 -0.658950 1.156066 
1635 -0.738128 1.113920 
1477 -0.875407 0.914804 
2535 -0.792450 0.892521 
2536 -0.919356 0.836484 
623 -0.870816 0.869197 
908 -0.528151 0.828551 
1423 -0.836856 0.977711 
2036 -0.514411 1.306612 
2017 -0.601925 1.138956 
1162 -0.888361 0.868376 
1693 -0.223098 1.449165 
1530 -0.628417 0.915110 
2190 -0.381542 1.230496 
2191 -1.069618 0.824710 
2453 -0.622988 1.046505 
1287 -0.984071 0.539028 
819 -0.662194 1.098513 
1821 -0.703185 0.951558 
1015 -0.422170 0.818154 
1373 -0.545554 1.029704 
2284 -0.793761 1.010862 
2303 -0.847095 1.048111 
888 -0.567231 1.020351 
1578 -0.742392 0.891634 
1548 -1.177734 0.824251 
1780 -0.866220 0.998847 
78 -0.577943 1.132736 
1091 -0.942223 0.870403 
448 -0.809574 1.061295 
618 -0.543194 0.926355 
949 -0.809125 0.967276 
438 -0.907908 0.982192 
440 -1.152050 0.739802 
2004 -0.599742 1.057796 
1088 -1.009715 0.708608 
1369 -0.769313 1.010212 
2200 -1.447888 0.643792 
1855 -0.540389 1.142774 
1876 -0.964968 0.791938 
1359 -0.968323 0.921837 
1458 -0.872249 0.941029 
1243 -0.425222 1.195081 
713 -0.686161 0.831492 
1208 -0.382030 0.373496 
931 -0.489799 1.266250 
126 -0.771172 0.865973 
1447 -0.663513 0.992776 
1551 -1.196757 0.757121 
75 -0.594553 1.130649 
1424 -0.537977 1.213551 
1697 -0.500874 1.204171 
155 -0.307267 1.171853 
165 -0.859483 0.862777 
323 -0.287738 1.421667 
2538 -0.795934 0.788909 
1063 -0.631465 0.967641 
2058 -1.143997 0.659263 
2080 -1.173689 0.840820 
2170 -0.765056 0.990553 
2241 -0.761315 1.042679 
2397 -0.497083 1.327706 
1484 -0.726193 1.125038 
42 -0.945255 0.995793 
491 -0.744498 0.927414 
1951 -0.749291 1.099559 
1745 -0.788850 0.984592 
304 -0.622313 1.235099 
284 -0.237606 1.486230 
2478 -0.595900 1.187322 
235 -0.736170 0.972531 
276 -0.998217 0.933937 
569 -0.825431 0.937033 
1711 -0.858081 0.892135 
1759 -0.623401 1.086152 
507 -0.958642 1.023470 
787 -0.987077 0.871974 
656 -0.667958 1.137014 
31 -0.851625 0.929781 
1597 -0.765455 1.010912 
2385 -0.619065 1.137799 
1788 -0.739296 0.946569 
588 -0.801081 0.781793 
635 -0.274549 1.456749 
2325 -0.736107 0.924254 
776 -0.536814 1.061812 
1364 -0.853342 0.692260 
1301 -0.706023 0.943572 
2522 -0.607649 1.115691 
2392 -0.337799 1.497832 
615 -0.274622 1.403356 
2543 -0.660853 0.908584 
1206 -0.664781 1.059877 
1033 -0.168095 0.213280 
1198 -0.542952 1.244500 
2082 -0.842460 1.066876 
1187 -0.764457 0.995127 
2371 -0.994657 0.838888 
735 -1.570360 0.539983 
825 -0.759666 0.993593 
1275 -0.960923 0.905127 
799 -1.009959 0.910518 
2161 -0.668306 1.123624 
1665 -0.736202 1.067065 
571 -0.672388 1.000404 
528 -0.468201 1.239166 
2621 -0.587335 1.041968 
2571 -1.066099 0.719897 
2581 -0.409009 1.231683 
10 -0.692878 1.037979 
163 -0.424046 0.847202 
812 -0.874250 0.896184 
76 -0.829723 0.924466 
419 -0.713419 1.019095 
424 -0.971096 0.887091 
1084 -0.898460 0.975381 
1816 -0.558358 0.877272 
2062 -0.890240 0.947759 
714 -0.651729 1.012116 
1353 -0.562358 1.171379 
1221 -0.826718 0.826663 
965 -0.598718 1.137474 
1175 -0.503256 1.239909 
1919 -0.710282 0.841434 
2280 -0.555340 1.117755 
1098 -1.091102 0.821844 
2205 -0.901580 0.887512 
2034 -0.608795 1.068581 
989 -0.724109 0.872140 
1528 -0.513464 1.313370 
23 -0.933558 0.894519 
48 -0.712572 0.896083 
1513 -0.439197 0.991360 
390 -0.843682 0.758012 
1583 -0.791982 1.010641 
1436 -0.843746 0.960537 
2427 -0.741376 1.058542 
722 -0.253856 1.016302 
1396 -1.003520 0.906665 
2164 -0.651365 1.130517 
1263 -0.740493 1.133141 
2033 -0.731777 0.772834 
1582 -0.590259 1.138652 
286 -0.426248 1.086988 
2141 -0.463888 1.048533 
2550 -0.711022 1.097074 
2521 -0.946771 0.776218 
2556 -0.521339 0.899241 
1508 -0.523072 1.116366 
2375 -0.687487 0.854512 
196 -0.770353 0.686695 
1097 -1.149979 0.704886 
624 -0.721538 0.850619 
2227 -0.312725 1.265068 
2356 -0.742608 0.888613 
859 -0.806718 0.984257 
1059 -0.928625 0.799667 
2240 -0.334212 0.962013 
1875 -0.447380 0.483422 
123 -0.803407 0.942493 
343 -0.787140 1.018994 
2426 -0.538879 1.160244 
1169 -0.581658 1.088244 
1812 -0.717811 0.902268 
1327 -1.151562 0.879932 
738 -1.084081 0.794003 
1295 -0.832773 0.636081 
1990 -0.978419 0.915034 
234 -0.667278 1.034704 
1386 -0.801380 1.116786 
1293 -1.130201 0.797229 
591 -0.588598 1.137159 
1924 -0.602374 1.036924 
497 -0.823105 0.969433 
1873 -0.751251 1.101623 
848 -0.320862 0.923049 
1756 -0.466477 1.086426 
648 -0.733407 0.936187 
699 -0.389948 0.958870 
2011 -0.723813 0.710614 
514 -0.729730 0.896861 
140 -0.828475 0.824450 
24 -0.683593 0.904635 
26 -0.990423 0.761106 
2203 -1.185276 0.787468 
2378 -0.541959 1.011999 
2340 -0.444014 1.180465 
389 -0.935057 0.719083 
1194 -0.731720 0.932798 
1137 -1.171963 0.728246 
2617 -0.831945 0.773697 
904 -0.689177 1.106780 
1608 -0.777279 1.145430 
51 -0.838975 1.016234 
865 -0.715130 1.117189 
669 -0.475810 0.976873 
1674 -0.156520 1.500271 
1316 -1.127072 0.757740 
2293 -0.898129 0.642625 
1307 -0.712996 0.970522 
2309 -0.644975 1.054024 
1066 -0.294509 0.723334 
1930 -0.902469 0.713009 
2111 -0.548026 1.204237 
2197 -1.106844 0.706984 
1229 -0.721738 1.036291 
1195 -0.820411 0.920760 
2069 -0.778495 0.827911 
2255 -0.644699 0.503616 
2586 -0.670049 0.991245 
89 -1.027288 0.882284 
2510 0.004597 0.113067 
124 -0.685416 0.900404 
2424 -0.798790 1.027834 
1433 -0.658713 0.768443 
1585 -0.492343 1.309497 
143 -0.749877 0.895159 
1526 -0.828074 0.742579 
1521 -1.107624 0.794124 
525 -0.773427 0.912495 
708 -0.459992 0.882853 
1394 -0.685941 0.939878 
1047 -0.675995 0.792835 
128 -0.854138 0.664114 
1552 -0.980540 0.940095 
1464 -0.552017 1.041358 
135 -0.398483 1.100343 
1490 -0.884168 0.859888 
2098 -0.449813 1.130557 
206 -0.702613 1.088219 
1027 -0.862638 0.882037 
1478 -0.893550 0.894544 
2357 -0.751861 1.012560 
2341 -0.886552 0.819463 
917 -0.463694 0.731720 
177 -0.658746 0.976679 
1603 -0.868251 1.048525 
2195 -0.546000 0.761375 
721 -0.547024 1.009420 
405 -0.753756 0.930168 
2369 -0.696265 0.783139 
1212 -0.553828 1.271939 
862 -0.643762 1.165755 
1025 -0.778516 0.934293 
2470 -0.821909 0.973604 
709 -0.871874 0.911136 
1563 -0.990953 0.952447 
219 -0.873375 0.821609 
657 -0.614926 0.987868 
1537 -0.569030 0.953361 
1835 -1.116793 0.804320 
634 -0.547759 1.173178 
2298 -0.766649 1.010051 
1330 -1.080149 0.905666 
773 -0.975019 0.829174 
918 -0.632502 0.611602 
1794 -0.845401 0.914304 
1584 -0.855210 0.863310 
1781 -0.192959 1.434466 
1288 -1.074654 0.835531 
1775 -1.063947 0.759565 
1703 -0.100384 1.551179 
1687 -0.836397 0.975352 
375 -0.660506 0.549503 
686 -0.355831 0.355971 
70 -0.877380 0.905393 
2606 -0.993114 0.880904 
1871 -0.680011 0.969224 
2072 -0.894845 0.908543 
207 -0.641736 1.047603 
2559 -0.924651 0.927926 
2301 -0.528925 1.356335 
1069 -0.660351 0.887875 
1016 -0.560992 0.705964 
39 -0.660431 0.808744 
1719 -0.573719 1.225696 
1527 -0.912295 0.614454 
57 -0.721736 1.032285 
715 -0.811198 0.995913 
1366 -0.712428 0.856421 
2497 -0.354386 0.370059 
167 -0.759653 0.702365 
2100 -0.839202 0.905996 
2549 -0.754727 0.921572 
2547 -0.756529 0.904932 
1833 -0.363986 0.175831 
416 -0.840490 1.029322 
2232 -0.303044 0.441781 
2601 -0.362797 0.542659 
2215 -0.615426 0.869196 
1199 -0.618329 1.109270 
2389 -0.991760 0.855935 
2384 -0.888847 0.898964 
1430 -0.592504 0.999061 
1220 -0.545516 1.242546 
446 -0.920925 0.768768 
2590 -0.621015 0.916076 
1538 -0.754087 0.882439 
2226 -1.218836 0.728875 
2224 -0.463654 1.243078 
2455 -0.775812 0.988783 
335 -0.519184 0.717179 
161 -0.690981 0.955985 
114 -0.774568 0.680941 
2596 -0.396439 0.940861 
556 -0.668575 0.848272 
560 -0.906991 0.866161 
600 -0.114354 0.062149 
103 -0.320415 1.041524 
1038 0.000182 0.408343 
2626 -0.056249 0.529149 
1296 -0.638363 0.785442 
4 -1.040438 0.841366 
1487 -0.490377 0.792219 
2619 -0.776393 1.029397 
1778 -0.561875 1.005041 
332 -0.765274 1.055995 
215 -0.626540 1.248057 
1898 -0.547601 0.973501 
1209 -0.595741 0.332100 
1851 -0.456251 0.752028 
632 -0.536733 1.123221 
1368 -0.540278 0.987871 
2580 -1.000944 0.825615 
281 -0.631803 0.890363 
313 -0.629940 0.924679 
2620 -0.720419 0.983529 
1363 -0.870526 0.984689 
1318 -1.160826 0.621188 
1793 -0.790608 0.920246 
73 -0.849080 0.742603 
613 -0.991920 0.723994 
18 -0.353708 0.507411 
251 -0.584598 1.022602 
929 -0.688874 1.071037 
125 -0.469181 0.847417 
1554 -0.585989 1.024210 
395 -0.550765 0.723224 
2206 -0.436629 1.082008 
1303 -0.643488 0.819137 
1188 -0.853637 0.974926 
1545 -0.880883 0.824751 
1787 -0.605720 0.721287 
1463 -0.727133 0.972077 
2181 -0.835718 0.790835 
1217 -0.581820 1.338575 
1112 -0.667434 0.634477 
303 -0.311656 1.242156 
2155 -0.546301 1.052593 
253 -0.476175 1.246565 
2354 -0.930409 0.839794 
527 -0.778861 1.022076 
1546 -0.961491 0.800127 
2251 -0.222281 0.171251 
1068 -0.606007 0.861523 
2507 0.107924 0.026952 
2602 -0.185870 0.310459 
2604 -0.427836 0.109608 
2603 -0.272637 0.324581 
1109 -0.497814 0.479974 
1061 -0.857410 0.887064 
85 -0.330516 0.269040 
2194 -0.703844 1.000170 
184 -0.195681 0.115058 
761 -0.804245 0.968475 
2097 -0.725867 0.906720 
906 -0.490427 1.049992 
2035 -0.409675 1.118660 
1912 -0.316919 0.857504 
1701 -0.390774 1.137541 
2640 -0.625808 1.081307 
1009 -0.065364 0.384931 
520 -1.094087 0.850634 
1006 -0.233523 0.340358 
661 -0.464143 0.399823 
119 0.018548 0.352193 
1992 -0.812748 0.766600 
2029 -0.339151 0.118684 
1777 -0.221870 0.044342 
653 -0.413759 0.237976 
1782 -0.104827 0.741867 
1008 -0.041815 0.249977 
1510 -0.827118 0.814048 
1910 -0.056948 0.175701 
1946 0.122762 -0.015795 
1017 -0.706185 0.590805 
2274 -0.576438 0.941118 
197 0.092980 0.197644 
1408 -0.181434 0.006006 
652 -0.209224 0.318723 
1357 -1.022228 0.845133 
1957 -0.603155 0.677643 
1174 0.039205 0.145132 
208 -0.804192 0.751797 
1014 -0.236496 0.347037 
1031 -0.097074 0.271494 
707 -0.212730 0.046412 
1010 -0.214325 0.244599 
1947 -0.080545 0.259133 
2486 0.076505 0.110481 
139 -0.522203 0.708892 
1022 0.110221 -0.075790 
185 -0.213258 0.473456 
1948 -0.363708 0.068707 
